	1	2	3	4	5	6	7	8	9	10	11
GSM4138110_HNSCC_1_PBMC_AAACCTGAGGAGCGTT	124.67983408406808	0.0	0.0	0.0	0.0	101.51119811807949	0.0	0.0	0.0	0.0	0.0
GSM4138110_HNSCC_1_PBMC_AAACCTGCAGATGAGC	104.38254562786271	0.0	0.0	0.0	0.0	0.0	102.49922437701133	0.0	0.0	0.0	0.0
GSM4138110_HNSCC_1_PBMC_AACGTTGAGACTGGGT	67.62562428965724	0.0	0.0	0.0	0.0	45.51635430957108	0.0	0.0	0.0	0.0	0.0
GSM4138110_HNSCC_1_PBMC_AACGTTGGTTACGACT	159.90966301697614	0.0	0.0	0.0	0.0	17.941479540813148	0.0	0.0	0.0	0.0	0.0
GSM4138110_HNSCC_1_PBMC_AACGTTGTCTAAGCCA	81.76708836823626	0.0	0.0	1.5822175352438386	0.0	0.0	0.0	65.45478582213048	0.0	0.0	0.0
GSM4138110_HNSCC_1_PBMC_AACTCCCCATTTCAGG	65.30079450949206	0.0	0.0	0.0	0.0	0.0	0.0	105.88472762157032	0.0	0.0	0.0
GSM4138110_HNSCC_1_PBMC_AAGCCGCCACTTCTGC	91.30821120427667	0.0	0.0	77.6532289007584	0.0	0.0	0.0	0.0	0.0	0.0	0.0
GSM4138110_HNSCC_1_PBMC_AAGGTTCGTCTCTTAT	77.23659640695531	71.81758523748366	0.0	0.0	0.0	0.0	0.0	0.0	0.0	0.0	0.0
GSM4138110_HNSCC_1_PBMC_AAGTCTGAGTACCGGA	68.1538251425172	0.0	0.0	24.20357903196306	0.0	34.56611744747137	0.0	0.0	0.0	0.0	0.0
GSM4138110_HNSCC_1_PBMC_AAGTCTGGTTGCCTCT	101.87100686339797	0.0	0.0	0.0	59.22694395640832	0.0	0.0	0.0	0.0	0.0	0.0
GSM4138110_HNSCC_1_PBMC_AAGTCTGTCCAAACTG	121.50090665203075	19.15457223042459	0.0	0.0	19.300147629399493	40.48269679811676	0.0	0.0	0.0	0.0	0.0
GSM4138110_HNSCC_1_PBMC_ACATGGTCACATGGGA	91.09727589261941	0.0	58.36359378776019	0.0	0.0	0.0	0.0	0.0	0.0	0.0	0.0
GSM4138110_HNSCC_1_PBMC_ACGAGCCAGTATCTCG	94.5105349362498	0.0	0.0	0.0	0.0	0.0	140.53679292251357	0.0	0.0	0.0	0.0
GSM4138110_HNSCC_1_PBMC_ACGAGCCCACTTAACG	175.12143828994635	0.0	183.26035193296173	0.0	0.0	0.0	0.0	0.0	0.0	0.0	0.0
GSM4138110_HNSCC_1_PBMC_ACTATCTTCTTCCTTC	122.27779953671367	133.76439896747422	0.0	0.0	0.0	0.0	0.0	0.0	0.0	0.0	0.0
GSM4138110_HNSCC_1_PBMC_AGAGCTTAGAGCTGGT	86.12958983380985	106.91970477388985	0.0	0.0	0.0	0.0	0.0	0.0	0.0	0.0	0.0
GSM4138110_HNSCC_1_PBMC_AGATTGCGTCGCCATG	69.70569951010714	70.63172490262757	26.239940342709243	0.0	0.0	0.0	0.0	0.0	0.0	0.0	0.0
GSM4138110_HNSCC_1_PBMC_AGCGTATGTTATCCGA	67.25605582707978	92.66592160046928	0.0	0.0	0.0	0.0	0.0	0.0	0.0	0.0	0.0
GSM4138110_HNSCC_1_PBMC_AGGCCACAGTACTTGC	58.156830219759044	79.09743832593813	0.0	0.0	0.0	0.0	28.940122227349143	0.0	0.0	0.0	0.0
GSM4138110_HNSCC_1_PBMC_AGGCCACCACTAAGTC	191.48425478718457	0.0	0.0	0.0	0.0	0.0	0.0	0.0	0.0	149.6777087574187	0.0
GSM4138110_HNSCC_1_PBMC_AGTAGTCTCTTAGCCC	76.8390397516682	0.0	0.0	0.0	0.0	75.94840327229558	0.0	0.0	0.0	0.0	0.0
GSM4138110_HNSCC_1_PBMC_AGTGAGGGTGGCCCTA	125.00407563307799	81.53238078076797	45.152201433913525	0.0	0.0	0.0	0.0	0.0	0.0	0.0	0.0
GSM4138110_HNSCC_1_PBMC_AGTGTCATCTCGCATC	82.72904446035614	0.0	64.84171180416371	0.0	0.0	0.0	0.0	0.0	0.0	0.0	0.0
GSM4138110_HNSCC_1_PBMC_AGTTGGTCATGGTTGT	143.50789747814423	110.1304990554193	0.0	0.0	0.0	0.0	0.0	0.0	0.0	0.0	0.0
GSM4138110_HNSCC_1_PBMC_AGTTGGTTCTTGGGTA	93.80563698948075	0.0	0.0	0.0	0.0	0.0	0.0	0.0	61.30622543476154	0.0	0.0
GSM4138110_HNSCC_1_PBMC_ATCTACTAGGGTGTGT	360.3485457305936	0.0	228.45263520728565	0.0	0.0	0.0	0.0	0.0	0.0	0.0	0.0
GSM4138110_HNSCC_1_PBMC_ATCTACTAGTACGTTC	81.81423106392992	0.0	0.0	86.25077733544846	0.0	0.0	0.0	0.0	0.0	0.0	0.0
GSM4138110_HNSCC_1_PBMC_ATGAGGGCAAGCGATG	81.31125443335159	0.0	72.31301409079138	0.0	0.0	0.0	0.0	0.0	0.0	0.0	0.0
GSM4138110_HNSCC_1_PBMC_ATGAGGGCACACAGAG	56.91677017943399	0.0	0.0	0.0	0.0	0.0	70.54754757680526	0.0	0.0	0.0	0.0
GSM4138110_HNSCC_1_PBMC_ATGCGATGTTTGACAC	109.02735160099803	0.0	14.089906124123162	0.0	0.0	0.0	37.26493203135281	0.0	0.0	0.0	0.0
GSM4138110_HNSCC_1_PBMC_ATGTGTGCATGCGCAC	83.15171859676694	0.0	0.0	0.0	0.0	0.0	37.84141001889641	0.0	20.292196210985686	0.0	0.0
GSM4138110_HNSCC_1_PBMC_ATTACTCTCATGCTCC	85.79212741854953	0.0	0.0	0.0	0.0	0.0	0.0	0.0	0.0	120.62525357817374	0.0
GSM4138110_HNSCC_1_PBMC_ATTATCCGTCACACGC	120.5137986503038	12.801186797732926	0.0	0.0	0.0	83.5758814796934	0.0	0.0	0.0	0.0	0.0
GSM4138110_HNSCC_1_PBMC_ATTGGACAGAGATGAG	54.11150708495149	0.0	0.0	0.0	0.0	105.99996955782947	0.0	0.0	0.0	0.0	0.0
GSM4138110_HNSCC_1_PBMC_ATTGGTGCAGTGAGTG	70.73515686330704	0.0	0.0	0.0	69.34724070844405	0.0	0.0	0.0	0.0	0.0	0.0
GSM4138110_HNSCC_1_PBMC_CAACCAAGTTATCGGT	57.504591502676796	26.943444430512034	42.63960372133644	0.0	15.452462046367941	0.0	0.0	0.0	0.0	0.0	0.0
GSM4138110_HNSCC_1_PBMC_CAACCAATCCTTGACC	71.27440422284765	0.0	0.0	0.0	0.0	50.068263804804765	0.0	0.0	0.0	0.0	0.0
GSM4138110_HNSCC_1_PBMC_CACAGTAGTCTCCATC	62.49317039788508	63.139459041790275	45.88477537144399	0.0	0.0	0.0	0.0	0.0	0.0	0.0	0.0
GSM4138110_HNSCC_1_PBMC_CACATAGCAAAGCGGT	63.79529869958819	0.0	0.0	0.0	0.0	0.0	0.0	85.15430887753325	0.0	0.0	0.0
GSM4138110_HNSCC_1_PBMC_CACATAGCACCTCGTT	110.26136075150937	73.76836806702633	0.0	0.0	0.0	0.0	0.0	0.0	0.0	0.0	0.0
GSM4138110_HNSCC_1_PBMC_CACATTTGTGCACTTA	74.46317751887176	83.98996438391019	0.0	0.0	0.0	0.0	0.0	0.0	0.0	0.0	0.0
GSM4138110_HNSCC_1_PBMC_CACATTTTCCCATTAT	109.87251733374234	0.0	56.85097709507155	0.0	0.0	0.0	0.0	0.0	0.0	0.0	0.0
GSM4138110_HNSCC_1_PBMC_CACATTTTCTGGTTCC	84.4673528243042	0.0	0.0	66.3319087925198	0.0	0.0	0.0	0.0	0.0	0.0	0.0
GSM4138110_HNSCC_1_PBMC_CACCAGGTCGTGGGAA	113.70904948810974	0.0	6.697048931188899	0.0	0.0	0.0	63.071472045671804	0.0	0.0	0.0	0.0
GSM4138110_HNSCC_1_PBMC_CAGCAGCCAATGGTCT	33.26114222722667	84.51082476261863	0.0	0.0	0.0	0.0	0.0	0.0	0.0	0.0	0.0
GSM4138110_HNSCC_1_PBMC_CAGCATAGTCCGAGTC	63.661761929953826	0.0	47.88330437299257	0.0	0.0	0.0	0.0	0.0	0.0	0.0	0.0
GSM4138110_HNSCC_1_PBMC_CAGCCGAAGCCCAACC	106.72921278743448	54.93934634050436	0.0	0.0	0.0	0.0	0.0	0.0	0.0	0.0	0.0
GSM4138110_HNSCC_1_PBMC_CAGCCGACATCGACGC	58.34789629588223	0.0	0.0	73.8888381803803	0.0	0.0	0.0	0.0	0.0	0.0	0.0
GSM4138110_HNSCC_1_PBMC_CATATTCTCCGCGTTT	95.4188013963214	0.0	57.77980828592076	0.0	0.0	0.0	0.0	0.0	0.0	0.0	0.0
GSM4138110_HNSCC_1_PBMC_CCAATCCCATTAGCCA	101.06946214981437	81.03091670454243	17.884571437252777	0.0	0.0	0.0	0.0	0.0	0.0	0.0	0.0
GSM4138110_HNSCC_1_PBMC_CCACGGAAGATCGGGT	76.5493555595132	0.0	0.0	134.38692042321716	5.087502074569847	0.0	0.0	0.0	0.0	0.0	0.0
GSM4138110_HNSCC_1_PBMC_CCATGTCAGAGGTAGA	76.3223306140712	0.0	0.0	45.908802429916726	0.0	10.707235523945094	0.0	57.41271690166404	0.0	0.0	0.0
GSM4138110_HNSCC_1_PBMC_CCATGTCCATGCCCGA	89.23794038849324	0.0	0.0	80.69971789061424	40.97464705733284	0.0	0.0	0.0	0.0	0.0	0.0
GSM4138110_HNSCC_1_PBMC_CCGGTAGAGCTCCTCT	91.83026496811141	60.38361655880936	0.0	0.0	0.0	0.0	0.0	0.0	0.0	0.0	0.0
GSM4138110_HNSCC_1_PBMC_CCTCTGAAGGGATCTG	69.15747902916083	75.31525784950385	0.0	0.0	0.0	0.0	0.0	0.0	0.0	0.0	0.0
GSM4138110_HNSCC_1_PBMC_CGAACATGTTCGTTGA	82.17376823089339	0.0	47.37134375281149	0.0	0.0	0.0	0.0	0.0	0.0	0.0	0.0
GSM4138110_HNSCC_1_PBMC_CGAACATTCTGTCCGT	91.00643848424411	59.58651254248596	8.784081923315625	0.0	0.0	0.0	0.0	0.0	0.0	0.0	0.0
GSM4138110_HNSCC_1_PBMC_CGAATGTAGCGTCTAT	101.28287680149492	0.0	48.374464895757164	0.0	0.0	0.0	0.0	0.0	0.0	0.0	0.0
GSM4138110_HNSCC_1_PBMC_CGGGTCAAGTCTCGGC	80.51043248910995	0.0	0.0	0.0	0.0	0.0	0.0	0.0	67.26087971262832	0.0	0.0
GSM4138110_HNSCC_1_PBMC_CGTCTACCAAGCGTAG	69.39439041130866	0.0	0.0	0.0	38.8085495062001	96.96177678078324	0.0	0.0	0.0	0.0	0.0
GSM4138110_HNSCC_1_PBMC_CGTGTCTAGGTCGGAT	128.5679176577665	83.43822340019248	0.0	0.0	0.0	0.0	0.0	0.0	0.0	0.0	0.0
GSM4138110_HNSCC_1_PBMC_CGTTAGACATCCAACA	57.55291667454062	0.0	45.68746427925377	0.0	0.0	0.0	0.0	0.0	0.0	0.0	0.0
GSM4138110_HNSCC_1_PBMC_CGTTGGGCATATGCTG	59.25498465647033	0.0	77.43502747997529	0.0	0.0	0.0	0.0	0.0	0.0	0.0	0.0
GSM4138110_HNSCC_1_PBMC_CTAATGGTCTCGCTTG	74.57559736109847	52.0850163267308	0.0	0.0	0.0	0.0	0.0	0.0	0.0	0.0	0.0
GSM4138110_HNSCC_1_PBMC_CTACATTTCACCAGGC	87.97317703625036	0.0	0.0	0.0	0.0	71.63516332807583	0.0	0.0	0.0	0.0	0.0
GSM4138110_HNSCC_1_PBMC_CTACGTCTCGAACGGA	89.1529162018857	31.486082805949554	0.0	0.0	0.0	0.0	0.0	0.0	0.0	0.0	0.0
GSM4138110_HNSCC_1_PBMC_CTAGAGTCACTTACGA	77.14977345941597	109.84661337038192	0.0	0.0	0.0	0.0	0.0	0.0	0.0	0.0	0.0
GSM4138110_HNSCC_1_PBMC_CTCAGAATCCGGGTGT	83.04787769835836	0.0	0.0	0.0	0.0	0.0	0.0	0.0	0.0	88.95369613786977	0.0
GSM4138110_HNSCC_1_PBMC_CTCGGGATCAATACCG	56.90440469378883	0.0	0.0	23.399150896785358	159.5762856864163	0.0	0.0	0.0	0.0	0.0	0.0
GSM4138110_HNSCC_1_PBMC_CTCGTACAGATCGGGT	223.1446381760628	0.0	0.0	144.82054673772407	0.0	0.0	0.0	0.0	0.0	93.26195646284127	0.0
GSM4138110_HNSCC_1_PBMC_CTCGTACTCTGTCCGT	102.96004403871737	53.27439415817045	43.20832723793433	0.0	0.0	0.0	0.0	0.0	0.0	0.0	0.0
GSM4138110_HNSCC_1_PBMC_CTCTGGTAGGCGTACA	59.54468144769099	49.65636540888999	0.0	0.0	0.0	0.0	0.0	0.0	0.0	0.0	0.0
GSM4138110_HNSCC_1_PBMC_CTGAAACTCCGAGCCA	43.46150737057611	0.0	0.0	0.0	0.0	93.05121341977143	0.0	0.0	0.0	0.0	0.0
GSM4138110_HNSCC_1_PBMC_CTGAAGTAGCGATCCC	85.36421372579962	12.524154139870003	53.96868984222822	0.0	0.0	0.0	0.0	0.0	0.0	0.0	0.0
GSM4138110_HNSCC_1_PBMC_CTGATAGAGATCTGCT	73.26554102113474	69.90762947347366	0.0	0.0	0.0	0.0	0.0	0.0	0.0	0.0	0.0
GSM4138110_HNSCC_1_PBMC_CTGATAGAGCCTTGAT	98.81109151149478	0.0	0.0	0.0	79.54359181776549	0.0	0.0	2.65951767809416	0.0	0.0	0.0
GSM4138110_HNSCC_1_PBMC_CTGCCTAAGGTGCTTT	144.19896795397162	5.112092559587332	0.0	0.0	0.0	37.66972165878417	0.0	0.0	0.0	0.0	0.0
GSM4138110_HNSCC_1_PBMC_CTGCCTATCACGACTA	66.92141480882846	0.0	0.0	96.2097019907744	0.0	0.0	0.0	0.0	0.0	0.0	0.0
GSM4138110_HNSCC_1_PBMC_CTGGTCTTCGAGAACG	53.88060592910782	0.0	0.0	0.0	0.0	0.0	0.0	0.0	0.0	9.54926442984254	42.164018308671665
GSM4138110_HNSCC_1_PBMC_CTGTTTAAGTGGAGTC	72.05034366151787	0.0	42.12774233849669	0.0	0.0	0.0	0.0	0.0	0.0	0.0	0.0
GSM4138110_HNSCC_1_PBMC_GAACATCTCCCTAATT	149.52420813324457	105.39454921247092	0.0	0.0	0.0	0.0	0.0	0.0	0.0	0.0	0.0
GSM4138110_HNSCC_1_PBMC_GAACCTATCTGAGGGA	56.174706980301146	0.0	0.0	0.0	0.0	76.51768921914002	0.0	0.0	0.0	0.0	0.0
GSM4138110_HNSCC_1_PBMC_GAATGAATCAGTTAGC	81.00785611743657	65.42261404419315	0.0	0.0	0.0	0.0	0.0	0.0	0.0	0.0	0.0
GSM4138110_HNSCC_1_PBMC_GATCGATAGTACACCT	76.40016120667138	0.0	65.4319904966383	0.0	0.0	0.0	0.0	0.0	0.0	0.0	0.0
GSM4138110_HNSCC_1_PBMC_GATCGATTCAGCATGT	101.98474908103908	104.67602425977341	0.0	0.0	0.0	0.0	0.0	0.0	0.0	0.0	0.0
GSM4138110_HNSCC_1_PBMC_GATGAAATCCAAGCCG	109.81114310442248	0.0	0.0	0.0	0.0	81.62433143505208	0.0	0.0	0.0	0.0	0.0
GSM4138110_HNSCC_1_PBMC_GCACATAAGGTGTGGT	84.61916805703646	0.0	0.0	0.0	65.44614018401596	0.0	0.0	0.0	0.0	0.0	0.0
GSM4138110_HNSCC_1_PBMC_GCACTCTGTACAGTGG	54.309253465670935	0.0	0.0	0.0	0.0	0.0	71.05518588321098	82.10552354238538	0.0	27.4654964666953	0.0
GSM4138110_HNSCC_1_PBMC_GCCTCTAAGTTAAGTG	52.76682123533935	0.0	0.0	0.0	18.78598510215114	41.83205444806895	0.0	0.0	0.0	0.0	0.0
GSM4138110_HNSCC_1_PBMC_GCCTCTAGTTGAACTC	67.45767276448565	24.62881941565711	0.0	0.0	0.0	0.0	0.0	0.0	39.775070976413495	0.0	0.0
GSM4138110_HNSCC_1_PBMC_GCGAGAAAGTGACATA	84.9003068038248	102.57911064325664	0.0	0.0	0.0	0.0	0.0	0.0	0.0	0.0	0.0
GSM4138110_HNSCC_1_PBMC_GCTGCAGGTCCTCTTG	82.63874845440243	0.0	85.85623822897637	0.0	0.0	0.0	0.0	0.0	0.0	0.0	0.0
GSM4138110_HNSCC_1_PBMC_GGAAAGCAGTCAATAG	80.58412483472975	0.0	0.0	0.0	79.84536916053021	0.0	0.0	0.0	0.0	0.0	22.39215701907529
GSM4138110_HNSCC_1_PBMC_GGAACTTGTTTACTCT	54.3728888985889	0.0	0.0	0.0	0.0	0.0	54.82164393058499	0.0	0.0	0.0	0.0
GSM4138110_HNSCC_1_PBMC_GGCAATTGTCCTCTTG	113.1874657564971	0.0	0.0	0.0	56.98256397574198	0.0	0.0	0.0	0.0	0.0	0.0
GSM4138110_HNSCC_1_PBMC_GGGACCTAGGCCCTTG	86.01477430751102	0.0	57.84852692203378	0.0	0.0	0.0	0.0	0.0	0.0	0.0	0.0
GSM4138110_HNSCC_1_PBMC_GGGACCTTCGTCCAGG	53.47169812074433	85.77507798806367	0.0	0.0	0.0	0.0	0.0	0.0	0.0	0.0	0.0
GSM4138110_HNSCC_1_PBMC_GGGATGACAATGGTCT	49.47330892625968	0.0	80.49255429969206	0.0	0.0	0.0	0.0	0.0	0.0	0.0	0.0
GSM4138110_HNSCC_1_PBMC_GGGCACTGTCTAGGTT	100.69499206648145	0.0	0.0	0.0	98.95757585235393	0.0	0.0	0.0	0.0	0.0	0.0
GSM4138110_HNSCC_1_PBMC_GGTATTGTCCTTCAAT	78.3515862266134	0.0	58.328179069676594	0.0	0.0	0.0	0.0	0.0	0.0	0.0	0.0
GSM4138110_HNSCC_1_PBMC_GGTGTTACAATCCAAC	83.1283200650503	51.517355663239556	0.0	0.0	0.0	0.0	0.0	0.0	0.0	0.0	0.0
GSM4138110_HNSCC_1_PBMC_GGTGTTACAGCCACCA	62.332989196230585	80.71759327727507	0.0	0.0	0.0	0.0	0.0	0.0	0.0	0.0	0.0
GSM4138110_HNSCC_1_PBMC_GTAACGTTCGTATCAG	122.89636478308839	0.0	151.20279067603008	0.0	0.0	0.0	0.0	0.0	0.0	0.0	0.0
GSM4138110_HNSCC_1_PBMC_GTATTCTTCTTCCTTC	81.69363243389827	78.47264118663233	0.0	0.0	0.0	0.0	0.0	0.0	0.0	0.0	0.0
GSM4138110_HNSCC_1_PBMC_GTCAAGTGTGGGTATG	82.49416520424133	0.0	64.11127697417801	0.0	0.0	0.0	0.0	0.0	0.0	0.0	0.0
GSM4138110_HNSCC_1_PBMC_GTCACGGGTGCAACGA	243.64295029671123	0.0	0.0	0.0	0.0	0.0	246.59086329560085	0.0	0.0	0.0	0.0
GSM4138110_HNSCC_1_PBMC_GTGCGGTCAAGGTGTG	81.04312404157639	93.13427752378293	0.0	0.0	0.0	0.0	0.0	0.0	0.0	0.0	0.0
GSM4138110_HNSCC_1_PBMC_GTGTGCGAGGAGCGAG	40.94896245470781	0.0	0.0	0.0	147.49647914768252	0.0	0.0	0.0	0.0	0.0	0.0
GSM4138110_HNSCC_1_PBMC_GTGTGCGCAAGTCATC	92.92721609919974	0.0	0.0	0.0	0.0	0.0	0.0	71.58947214385603	0.0	0.0	0.0
GSM4138110_HNSCC_1_PBMC_TAAACCGTCATCTGTT	68.51652629118283	0.0	0.0	69.11253404720058	0.0	0.0	0.0	0.0	0.0	0.0	0.0
GSM4138110_HNSCC_1_PBMC_TAAGCGTCAATGGATA	80.30723158242067	0.0	0.0	54.478779458009484	0.0	39.19243676515522	0.0	0.0	0.0	0.0	0.0
GSM4138110_HNSCC_1_PBMC_TACACGATCCTGCCAT	98.14233579474089	12.156433112760388	89.50039957217217	0.0	0.0	0.0	0.0	0.0	0.0	0.0	0.0
GSM4138110_HNSCC_1_PBMC_TACCTTAAGGCTAGAC	96.2799967334164	73.05149733555805	0.0	0.0	0.0	0.0	0.0	0.0	0.0	0.0	0.0
GSM4138110_HNSCC_1_PBMC_TACGGATCAGGGTATG	79.79397806228573	0.0	0.0	0.0	0.0	79.38603302509799	0.0	0.0	0.0	0.0	0.0
GSM4138110_HNSCC_1_PBMC_TAGAGCTCAGATGGCA	69.20990061480995	33.08796751235563	28.383082668256552	0.0	0.0	0.0	0.0	0.0	0.0	0.0	0.0
GSM4138110_HNSCC_1_PBMC_TAGCCGGAGAAGGCCT	64.68996282565777	0.0	0.0	79.65756270575372	0.0	0.0	0.0	0.0	0.0	0.0	0.0
GSM4138110_HNSCC_1_PBMC_TATCTCAAGGTGCACA	86.15649844369064	0.0	39.80492713337254	0.0	0.0	0.0	0.0	0.0	0.0	0.0	0.0
GSM4138110_HNSCC_1_PBMC_TCACAAGGTTCATGGT	44.48892860328376	76.4945656431902	0.0	0.0	0.0	0.0	0.0	0.0	0.0	0.0	0.0
GSM4138110_HNSCC_1_PBMC_TCACAAGTCTTGACGA	618.7571820157217	0.0	0.0	0.0	255.25667873799426	0.0	0.0	0.0	0.0	0.0	0.0
GSM4138110_HNSCC_1_PBMC_TCGAGGCTCGGAAATA	79.8830667674291	0.0	0.0	54.199856558593446	47.184521593258275	0.0	0.0	0.0	0.0	0.0	0.0
GSM4138110_HNSCC_1_PBMC_TCTATTGGTTTAGGAA	84.1035635220027	65.94720962691676	0.0	0.0	0.0	0.0	0.0	0.0	0.0	0.0	0.0
GSM4138110_HNSCC_1_PBMC_TCTATTGTCATCTGCC	56.29077954204207	32.555842360418424	0.0	0.0	0.0	0.0	0.0	0.0	0.0	0.0	0.0
GSM4138110_HNSCC_1_PBMC_TCTTCGGCACCCTATC	93.8063378929975	0.0	3.3976978484686784	0.0	70.31414680699464	0.0	0.0	0.0	0.0	0.0	0.0
GSM4138110_HNSCC_1_PBMC_TGGGCGTTCACAGGCC	373.96356850159054	0.0	0.0	0.0	0.0	0.0	278.59414349333446	0.0	0.0	0.0	0.0
GSM4138110_HNSCC_1_PBMC_TGTGTTTGTTAAAGAC	139.8843098524984	0.0	0.0	136.4215252888429	0.0	0.0	0.0	0.0	0.0	0.0	0.0
GSM4138110_HNSCC_1_PBMC_TGTTCCGCACGGCGTT	366.876771185773	0.0	249.87127498199945	0.0	0.0	0.0	0.0	0.0	0.0	0.0	0.0
GSM4138110_HNSCC_1_PBMC_TTAGGCAAGGCTAGCA	97.62288930300464	0.0	65.78392219575106	0.0	0.0	0.0	0.0	0.0	0.0	0.0	0.0
GSM4138110_HNSCC_1_PBMC_TTCCCAGCACATGGGA	138.00253644618115	0.0	55.60633395907024	0.0	0.0	0.0	0.0	0.0	0.0	0.0	0.0
GSM4138110_HNSCC_1_PBMC_TTCGGTCAGACCCACC	47.772246550901755	0.0	0.0	0.0	72.71765773148533	0.0	0.0	0.0	0.0	0.0	0.0
GSM4138110_HNSCC_1_PBMC_TTCTCCTTCCTCAATT	118.47077729878829	54.098003812259996	0.0	0.0	0.0	0.0	0.0	0.0	0.0	0.0	0.0
GSM4138110_HNSCC_1_PBMC_TTGAACGGTCGAAAGC	63.136813327267845	0.0	0.0	64.01798440054777	0.0	0.0	0.0	0.0	0.0	0.0	0.0
GSM4138110_HNSCC_1_PBMC_TTGCCGTAGTCAAGCG	80.573977577726	0.0	103.76398802152146	0.0	0.0	0.0	0.0	0.0	0.0	0.0	0.0
GSM4138110_HNSCC_1_PBMC_TTGCGTCTCAAGGCTT	107.60977883272265	0.0	0.0	0.0	0.0	0.0	11.831768467015726	0.0	59.62474016558628	0.0	0.0
GSM4138110_HNSCC_1_PBMC_TTTATGCGTGCATCTA	63.540875141050606	0.0	46.087038022336685	0.0	0.0	0.0	0.0	0.0	0.0	0.0	0.0
GSM4138110_HNSCC_1_PBMC_TTTGCGCTCTTGTACT	84.39912967970558	0.0	0.0	0.0	88.77637712696978	0.0	0.0	0.0	0.0	0.0	0.0
GSM4138110_HNSCC_1_PBMC_TTTGGTTCACTTCTGC	129.0649846736305	0.0	99.12144906731668	0.0	0.0	0.0	0.0	0.0	0.0	0.0	0.0
GSM4138110_HNSCC_1_PBMC_CTACACCAGTTGTAGA	142.39033408609993	0.0	0.0	0.0	0.0	169.16890350777877	0.0	0.0	0.0	0.0	0.0
GSM4138110_HNSCC_1_PBMC_AACTGGTGTCAGAATA	47.0606231543986	0.0	0.0	13.58308889384885	0.0	50.480861932032475	0.0	0.0	0.0	0.0	0.0
GSM4138110_HNSCC_1_PBMC_AAACGGGTCCTCAACC	84.04255756464846	0.0	0.0	0.0	0.0	0.0	0.0	0.0	57.8577020687873	0.0	0.0
GSM4138110_HNSCC_1_PBMC_AAGGCAGAGGCGTACA	113.2079208638935	0.0	0.0	16.10624541074158	51.281425861968465	0.0	0.0	0.0	0.0	0.0	0.0
GSM4138110_HNSCC_1_PBMC_ACATGGTCAATGGAGC	81.25312224271093	0.0	0.0	68.49023539180514	0.0	0.0	0.0	0.0	0.0	0.0	0.0
GSM4138110_HNSCC_1_PBMC_ACGATGTGTTATCACG	94.78978324582062	40.35874436912293	0.0	0.0	16.520195212028348	0.0	0.0	0.0	0.0	0.0	0.0
GSM4138110_HNSCC_1_PBMC_ACGGCCATCTCCCTGA	136.73601959391672	0.0	0.0	0.0	113.39874118746565	0.0	0.0	0.0	0.0	0.0	0.0
GSM4138110_HNSCC_1_PBMC_AGCTCTCTCATTGCCC	122.36630302145319	119.40192203159418	0.0	0.0	0.0	0.0	0.0	0.0	0.0	0.0	0.0
GSM4138110_HNSCC_1_PBMC_AGGTCATTCTCTAGGA	80.05670309800881	77.98332256972255	0.0	0.0	0.0	0.0	0.0	0.0	0.0	0.0	0.0
GSM4138110_HNSCC_1_PBMC_ATAGACCTCTGGTGTA	68.70217759199153	38.235568734392245	34.73853507077257	0.0	0.0	10.716485322966909	0.0	45.694397348886746	0.0	0.0	0.0
GSM4138110_HNSCC_1_PBMC_ATAGACCTCTTCCTTC	69.06389747825435	0.0	0.0	0.0	0.0	0.0	42.92305084500016	0.0	0.0	0.0	0.0
GSM4138110_HNSCC_1_PBMC_ATCTACTCACTGTGTA	56.923581702571475	0.0	0.0	0.0	0.0	94.73597459807061	0.0	0.0	0.0	0.0	0.0
GSM4138110_HNSCC_1_PBMC_ATCTGCCAGGAATCGC	65.61455510217613	75.1007901886578	0.0	0.0	0.0	0.0	0.0	0.0	0.0	0.0	0.0
GSM4138110_HNSCC_1_PBMC_ATGGGAGCATGGGAAC	156.88573359598342	0.0	31.001853372479303	0.0	0.0	0.0	152.3462631230472	0.0	0.0	0.0	0.0
GSM4138110_HNSCC_1_PBMC_ATGTGTGGTAGCTGCC	51.277947912662675	0.0	0.0	0.0	130.84379513239185	0.0	0.0	0.0	0.0	0.0	0.0
GSM4138110_HNSCC_1_PBMC_CACAAACCATCCCACT	109.27770293473435	0.0	72.64443336830841	0.0	0.0	0.0	0.0	0.0	0.0	0.0	0.0
GSM4138110_HNSCC_1_PBMC_CACCACTAGTTACCCA	120.51799055069984	0.0	86.29939077890772	0.0	0.0	0.0	0.0	0.0	0.0	0.0	0.0
GSM4138110_HNSCC_1_PBMC_CATGCCTTCAGCTCTC	87.94757406782037	0.0	0.0	94.83464680505577	0.0	0.0	0.0	0.0	0.0	0.0	0.0
GSM4138110_HNSCC_1_PBMC_CATGGCGCATGTTCCC	85.35684383920828	0.0	0.0	0.0	0.0	0.0	125.74665734111086	0.0	0.0	0.0	0.0
GSM4138110_HNSCC_1_PBMC_CCACCTAGTAGTACCT	86.91386511991271	0.0	0.0	0.0	0.0	0.0	0.0	0.0	0.0	0.0	62.347728335842795
GSM4138110_HNSCC_1_PBMC_CCGTTCAGTATATCCG	86.8319530278536	99.0391779012658	0.0	0.0	0.0	0.0	0.0	0.0	0.0	0.0	0.0
GSM4138110_HNSCC_1_PBMC_CCTACACGTCCGAAGA	67.21090053043694	9.517016371841732	0.0	0.0	0.0	0.0	43.64690810743007	0.0	0.0	0.0	0.0
GSM4138110_HNSCC_1_PBMC_CCTCTGAGTCGCGAAA	120.37260672085034	69.9182376466585	24.191879502882898	0.0	0.0	0.0	17.43180246464692	0.0	0.0	0.0	0.0
GSM4138110_HNSCC_1_PBMC_CGCTGGAAGGCATGTG	97.83055049366826	0.0	0.0	63.50635387659726	0.0	28.318847808387464	0.0	0.0	0.0	0.0	0.0
GSM4138110_HNSCC_1_PBMC_CGGAGTCTCACAATGC	27.49131187520589	0.0	0.0	0.0	9.826376738364827	0.0	0.0	74.19111029371749	0.0	0.0	0.0
GSM4138110_HNSCC_1_PBMC_CGGCTAGAGCTACCGC	89.18848422797474	0.0	35.74004652626372	0.0	0.0	0.0	64.50600106483911	0.0	0.0	0.0	0.0
GSM4138110_HNSCC_1_PBMC_CGTTGGGCAAGCCGCT	74.99343036370666	0.0	58.56126174800297	0.0	0.0	0.0	0.0	0.0	0.0	0.0	0.0
GSM4138110_HNSCC_1_PBMC_CTCAGAAGTCCGACGT	62.04415148565018	0.0	81.23483334185063	0.0	0.0	0.0	0.0	0.0	0.0	0.0	0.0
GSM4138110_HNSCC_1_PBMC_CTCGTACCACGCGAAA	97.0894980957699	0.0	0.0	0.0	0.0	57.17642844944318	0.0	0.0	0.0	0.0	0.0
GSM4138110_HNSCC_1_PBMC_GAAATGAAGAGCCTAG	182.16688915200604	0.0	3.3338723022548193	0.0	0.0	0.0	0.0	0.0	93.22059046035916	0.0	0.0
GSM4138110_HNSCC_1_PBMC_GACGTTATCTAACCGA	76.95759689663012	0.0	0.0	27.470641707670616	27.809642255685333	12.58677515711522	0.0	0.0	0.0	0.0	0.0
GSM4138110_HNSCC_1_PBMC_GACTGCGTCGGCATCG	114.73383566262432	0.0	0.0	80.40543556809233	0.0	0.7900164168888212	0.0	0.0	0.0	0.0	0.0
GSM4138110_HNSCC_1_PBMC_GATGAGGAGGCTAGCA	64.83439790440674	0.0	0.0	0.0	88.00207328369025	0.0	0.0	0.0	0.0	0.0	0.0
GSM4138110_HNSCC_1_PBMC_GATTCAGCACCACGTG	92.29200889420503	0.0	17.596169605254293	0.0	35.260131488345074	0.0	0.0	0.0	0.0	0.0	22.292263959215504
GSM4138110_HNSCC_1_PBMC_GCAATCAGTAGCTCCG	41.86792262244966	0.0	0.0	0.0	42.89008323291302	0.0	0.0	0.0	0.0	0.0	20.413038190989255
GSM4138110_HNSCC_1_PBMC_GCGACCAGTAGCCTAT	186.89568901268933	0.0	0.0	0.0	0.0	0.0	64.5821552688216	0.0	0.0	0.0	0.0
GSM4138110_HNSCC_1_PBMC_GCTTCCATCTCATTCA	65.19103749569167	0.0	0.0	9.002122973963548	66.42502110096191	0.0	0.0	0.0	0.0	0.0	0.0
GSM4138110_HNSCC_1_PBMC_GCTTGAAAGACCTTTG	72.57265982560509	0.0	0.0	0.0	41.980579866157655	17.462554647086616	0.0	0.0	0.0	0.0	0.0
GSM4138110_HNSCC_1_PBMC_GGACAAGGTAATTGGA	148.112066007651	0.0	0.0	0.0	0.0	0.0	0.0	0.0	0.0	73.48343479019438	0.0
GSM4138110_HNSCC_1_PBMC_GGCGTGTAGCACGCCT	50.887184593808534	0.0	0.0	51.25694193012886	0.0	0.0	0.0	0.0	0.0	0.0	0.0
GSM4138110_HNSCC_1_PBMC_GGCGTGTAGCGTTTAC	74.78682747849213	41.273198459012086	0.0	0.0	0.0	0.0	0.0	0.0	0.0	0.0	0.0
GSM4138110_HNSCC_1_PBMC_GGCTGGTCAATGGACG	125.42419933358711	134.54429513683795	0.0	0.0	0.0	0.0	0.0	0.0	0.0	0.0	0.0
GSM4138110_HNSCC_1_PBMC_GGGAATGTCAGCTGGC	81.21003823873505	0.0	0.0	0.0	0.0	0.0	0.0	0.0	96.55022545611178	0.0	0.0
GSM4138110_HNSCC_1_PBMC_GGGTTGCAGATCGGGT	51.798270909540776	69.54562326509101	0.0	0.0	0.0	0.0	0.0	0.0	0.0	0.0	0.0
GSM4138110_HNSCC_1_PBMC_GGTATTGCACATTAGC	46.27197873183562	68.49288098223472	0.0	0.0	0.0	0.0	0.0	0.0	0.0	0.0	0.0
GSM4138110_HNSCC_1_PBMC_GGTGTTAGTGTGACCC	59.18231980278699	0.0	0.0	0.0	0.0	83.8797519214082	0.0	0.0	0.0	0.0	0.0
GSM4138110_HNSCC_1_PBMC_GTCACAAGTATCACCA	67.79472389742833	0.0	0.0	66.38803144341371	18.531346202185198	0.0	0.0	0.0	0.0	0.0	0.0
GSM4138110_HNSCC_1_PBMC_GTCACAATCGCAAGCC	49.547031309767625	85.35399617568706	0.0	0.0	0.0	0.0	0.0	0.0	0.0	0.0	0.0
GSM4138110_HNSCC_1_PBMC_GTCACGGCAAGCTGGA	50.03279278282418	0.0	0.0	0.0	0.0	0.0	0.0	134.61842688853903	0.0	21.266811758214004	0.0
GSM4138110_HNSCC_1_PBMC_GTCGTAAAGGCATGTG	184.90989264499436	115.01320540522423	0.0	0.0	1.1239322514379795	0.0	0.0	0.0	0.0	0.0	0.0
GSM4138110_HNSCC_1_PBMC_GTCGTAATCTTGCAAG	52.15369379545985	0.0	0.0	61.45537746669981	0.0	0.0	0.0	0.0	0.0	0.0	0.0
GSM4138110_HNSCC_1_PBMC_GTCTCGTCATGCGCAC	46.98302267910696	13.178042112410441	0.0	0.0	0.0	0.0	77.81927544461716	0.0	0.0	0.0	0.0
GSM4138110_HNSCC_1_PBMC_GTGAAGGCACATTTCT	79.59761033028829	19.682711703693695	15.409619220706125	0.0	48.39218336807305	0.0	0.0	0.0	0.0	0.0	0.0
GSM4138110_HNSCC_1_PBMC_GTGCAGCAGACCGGAT	122.97537437952424	0.0	0.0	17.413903120214904	54.8671725096609	43.08449196103257	0.0	0.0	0.0	0.0	0.0
GSM4138110_HNSCC_1_PBMC_GTTAAGCTCATACGGT	80.8075363226205	72.63986378539327	0.0	0.0	0.0	0.0	0.0	0.0	0.0	0.0	0.0
GSM4138110_HNSCC_1_PBMC_TAAACCGAGGGTCGAT	65.3601488304311	61.1749127175079	14.788291883970832	0.0	0.0	0.0	0.0	0.0	0.0	0.0	0.0
GSM4138110_HNSCC_1_PBMC_TACCTTAAGGCTCTTA	121.77836589423337	0.0	0.0	0.0	0.0	0.0	26.124323441408063	31.516601337811853	0.0	13.11232716630629	0.0
GSM4138110_HNSCC_1_PBMC_TAGAGCTTCGTTGCCT	151.4512814956792	0.0	108.67261665058041	0.0	0.0	0.0	0.0	0.0	0.0	0.0	0.0
GSM4138110_HNSCC_1_PBMC_TAGGCATTCCCAGGTG	58.302970679287036	0.0	0.0	106.35078138951258	0.0	0.0	0.0	0.0	0.0	0.0	0.0
GSM4138110_HNSCC_1_PBMC_TCACAAGCACATCCGG	63.494549253455475	0.0	0.0	0.0	0.0	95.36323924249064	0.0	0.0	0.0	0.0	0.0
GSM4138110_HNSCC_1_PBMC_TCAGCTCCATGACGGA	107.1069377780091	0.0	0.0	0.0	41.89243694343511	0.0	0.0	0.0	0.0	0.0	0.0
GSM4138110_HNSCC_1_PBMC_TCGAGGCTCCAGGGCT	82.05057257344693	0.0	29.668634839578985	0.0	18.831946328392462	0.0	0.0	3.7409980776986935	0.0	0.0	0.0
GSM4138110_HNSCC_1_PBMC_TCTATTGCAGTCAGCC	105.68693643145573	0.0	0.0	55.95721919368139	0.0	0.0	25.716577197565883	0.0	0.0	0.0	0.0
GSM4138110_HNSCC_1_PBMC_TCTCTAAGTGGTAACG	116.38959674535619	0.0	0.0	0.0	156.64480513544783	0.0	0.0	0.0	0.0	0.0	0.0
GSM4138110_HNSCC_1_PBMC_TCTGAGATCTAGCACA	91.83130010350354	0.0	0.0	44.64653658433703	0.0	19.467521057069	0.0	0.0	0.0	0.0	0.0
GSM4138110_HNSCC_1_PBMC_TCTTTCCCACTGAAGG	112.41095195882919	0.0	0.0	124.62824482028724	0.0	0.0	0.0	15.672407236533356	0.0	0.0	0.0
GSM4138110_HNSCC_1_PBMC_TGACAACGTCATCCCT	90.35470720637791	0.0	0.0	92.2936442221399	26.054660826026858	0.0	0.0	0.0	0.0	0.0	0.0
GSM4138110_HNSCC_1_PBMC_TGAGCCGAGATGAGAG	81.61337146262618	0.0	0.0	80.49441749815648	0.0	0.0	0.0	0.0	0.0	0.0	0.0
GSM4138110_HNSCC_1_PBMC_TGCGGGTTCTGATTCT	72.65714060079847	0.0	0.0	43.673225070718246	0.0	0.0	0.0	0.0	0.0	0.0	0.0
GSM4138110_HNSCC_1_PBMC_TGGCTGGGTTCCAACA	86.19582612942212	0.0	0.0	79.2147632014142	0.0	12.347832073846744	0.0	0.0	0.0	0.0	0.0
GSM4138110_HNSCC_1_PBMC_TGTATTCGTGGCTCCA	100.19762339689413	0.0	163.80930984923285	0.0	0.0	0.0	17.718749788526328	0.0	0.0	0.0	0.0
GSM4138110_HNSCC_1_PBMC_TGTGGTAAGTATGACA	76.32473432178362	83.78640218658298	0.0	0.0	0.0	0.0	0.0	0.0	0.0	0.0	0.0
GSM4138110_HNSCC_1_PBMC_TTCCCAGGTCACTGGC	62.21139104858467	10.916514809216448	0.0	0.0	0.0	0.0	57.47965703803718	0.0	0.0	0.0	0.0
GSM4138110_HNSCC_1_PBMC_TTCGGTCCACCTCGGA	77.21196804027004	0.0	56.424008159458225	0.0	0.0	0.0	0.0	0.0	0.0	0.0	0.0
GSM4138110_HNSCC_1_PBMC_TTCTACATCCTTCAAT	62.02743983439127	79.1607384873248	0.0	0.0	0.0	0.0	0.0	0.0	0.0	0.0	0.0
GSM4138110_HNSCC_1_PBMC_AAAGTAGTCGGCATCG	263.6215353196724	280.6436384544534	0.0	0.0	0.0	0.0	0.0	0.0	0.0	0.0	0.0
GSM4138110_HNSCC_1_PBMC_ACACTGATCGTACCGG	191.54473482182436	142.80092203599906	0.0	0.0	0.0	0.0	0.0	0.0	0.0	0.0	0.0
GSM4138110_HNSCC_1_PBMC_ACAGCTATCAGCACAT	215.79248038651792	229.70899963889386	28.96136662059166	0.0	4.490860113505717	0.0	0.0	0.0	0.0	0.0	0.0
GSM4138110_HNSCC_1_PBMC_ACTGAACGTTATTCTC	204.57264150875565	166.27212771632912	0.0	0.0	0.0	77.50637251206068	0.0	0.0	0.0	0.0	0.0
GSM4138110_HNSCC_1_PBMC_ACTGAGTTCAGGTAAA	179.74585729753926	205.61304603355453	0.0	0.0	0.0	0.0	0.0	0.0	0.0	0.0	0.0
GSM4138110_HNSCC_1_PBMC_ACTGCTCCAACCGCCA	186.9368650597664	134.81069942513494	0.0	0.0	0.0	0.0	35.66064115309243	0.0	0.0	0.0	0.0
GSM4138110_HNSCC_1_PBMC_ACTTACTAGTGGAGAA	279.94101348010963	286.21750552018204	0.0	0.0	0.0	0.0	0.0	0.0	0.0	0.0	0.0
GSM4138110_HNSCC_1_PBMC_ACTTGTTCAGTTCATG	391.90075438083176	349.2377083705295	0.0	0.0	0.0	0.0	0.0	0.0	0.0	0.0	0.0
GSM4138110_HNSCC_1_PBMC_AGAGTGGCAGGGATTG	196.349829937041	156.62023210789144	0.0	0.0	0.0	0.0	0.0	0.0	0.0	0.0	0.0
GSM4138110_HNSCC_1_PBMC_AGATCTGGTGATAAGT	173.23214586489965	120.96033505535112	0.0	0.0	0.0	0.0	0.0	0.0	0.0	0.0	0.0
GSM4138110_HNSCC_1_PBMC_AGATTGCGTATAGGGC	291.46418843007837	228.3626392131778	0.0	0.0	0.0	0.0	0.0	0.0	0.0	0.0	0.0
GSM4138110_HNSCC_1_PBMC_AGCGGTCCATGCTGGC	198.88344886959155	57.4290206000559	0.0	0.0	0.0	0.0	0.0	23.68959461301972	69.21249845829526	0.0	0.0
GSM4138110_HNSCC_1_PBMC_AGGCCACTCAGCGATT	166.11455438107657	176.4953342690821	4.22847195347644	0.0	0.0	0.0	0.0	0.0	0.0	0.0	0.0
GSM4138110_HNSCC_1_PBMC_AGTAGTCCACAGTCGC	231.8745884958942	0.0	0.0	352.82003820413007	0.0	0.0	0.0	0.0	0.0	0.0	0.0
GSM4138110_HNSCC_1_PBMC_AGTGTCATCCCTAATT	193.7650358157411	175.5898080370653	0.0	0.0	0.0	0.0	0.0	0.0	0.0	0.0	0.0
GSM4138110_HNSCC_1_PBMC_ATCCACCGTGGTTTCA	367.69679011284853	0.0	78.8991554094698	0.0	0.0	0.0	0.0	388.8173925921849	0.0	0.0	0.0
GSM4138110_HNSCC_1_PBMC_ATCGAGTGTACTTAGC	217.15168267912682	0.0	0.0	286.90987645280234	0.0	0.0	0.0	0.0	0.0	0.0	0.0
GSM4138110_HNSCC_1_PBMC_CAACTAGTCTTGAGAC	165.28360234095143	0.0	0.0	198.60612880300027	0.0	0.0	0.0	0.0	0.0	0.0	0.0
GSM4138110_HNSCC_1_PBMC_CAAGGCCTCTAGCACA	119.31079480488508	0.0	0.0	0.0	14.517440820537175	109.56458228925885	0.0	0.0	0.0	0.0	0.0
GSM4138110_HNSCC_1_PBMC_CACAAACAGGCTACGA	224.78702909843537	233.44687832539526	0.0	0.0	0.0	0.0	0.0	0.0	0.0	0.0	0.0
GSM4138110_HNSCC_1_PBMC_CACATTTTCATTGCGA	155.54969260360866	0.0	0.0	245.0346972884531	0.0	0.0	0.0	0.0	0.0	0.0	0.0
GSM4138110_HNSCC_1_PBMC_CAGAGAGTCAGTTAGC	266.3175168075826	210.5204534799482	0.0	0.0	0.0	0.0	0.0	0.0	0.0	0.0	0.0
GSM4138110_HNSCC_1_PBMC_CAGCTGGGTCTCCACT	218.28959058068736	259.0224424977382	0.0	0.0	0.0	0.0	0.0	0.0	0.0	0.0	0.0
GSM4138110_HNSCC_1_PBMC_CAGCTGGGTGTTTGTG	192.07218496409106	0.0	0.0	68.46698933239384	79.00341777198909	0.0	0.0	0.0	0.0	0.0	0.0
GSM4138110_HNSCC_1_PBMC_CATATGGCAGGACGTA	197.5483880431307	201.71799668495933	0.0	0.0	0.0	0.0	0.0	0.0	0.0	0.0	0.0
GSM4138110_HNSCC_1_PBMC_CATATTCTCCACGTTC	169.60083803998296	167.8468345049161	0.0	0.0	0.0	0.0	0.0	0.0	0.0	0.0	0.0
GSM4138110_HNSCC_1_PBMC_CCAATCCCACGACTCG	139.85230350888398	0.0	0.0	0.0	0.0	0.0	140.1124764145477	0.0	0.0	0.0	0.0
GSM4138110_HNSCC_1_PBMC_CCTACCAGTCGGCTCA	250.88818765216595	0.0	0.0	28.029043600027407	0.0	0.0	0.0	132.33058359355886	0.0	88.72343873382177	0.0
GSM4138110_HNSCC_1_PBMC_CGAACATCAAGTTAAG	242.95313371564265	17.60640649539921	0.0	101.24085764756907	104.44268333088567	0.0	0.0	0.0	0.0	0.0	0.0
GSM4138110_HNSCC_1_PBMC_CGACCTTCATTACGAC	110.94829547994891	0.0	0.0	0.0	108.97343224812852	0.0	0.0	0.0	0.0	0.0	0.0
GSM4138110_HNSCC_1_PBMC_CGAGCACCATATACGC	273.1720574386164	291.13158367484755	0.0	0.0	0.0	0.0	11.890433890250769	0.0	0.0	0.0	0.0
GSM4138110_HNSCC_1_PBMC_CGATCGGCAACGATCT	200.99689069286424	0.0	0.0	0.0	117.28276410806914	103.2717393155828	0.0	0.0	0.0	0.0	0.0
GSM4138110_HNSCC_1_PBMC_CGATCGGGTTTGGGCC	161.704572317189	0.0	0.0	0.0	0.0	0.0	0.0	222.1399213588563	0.0	0.0	13.548487441419784
GSM4138110_HNSCC_1_PBMC_CGCTATCCACCGAATT	290.5080672862074	228.5807357695055	0.0	0.0	0.0	0.0	0.0	0.0	0.0	0.0	0.0
GSM4138110_HNSCC_1_PBMC_CGGAGCTGTCGAACAG	287.7406300277136	266.6589775048064	0.0	0.0	0.0	0.0	0.0	0.0	0.0	0.0	0.0
GSM4138110_HNSCC_1_PBMC_CGTTCTGGTCTAAACC	212.95956280100788	252.77617762820503	0.0	0.0	0.0	0.0	0.0	0.0	0.0	0.0	0.0
GSM4138110_HNSCC_1_PBMC_CGTTGGGGTGTGTGCC	159.09996198084175	129.065848183755	0.0	0.0	0.0	0.0	0.0	0.0	0.0	0.0	0.0
GSM4138110_HNSCC_1_PBMC_CTAATGGCACACATGT	177.8451712024617	208.61412152485545	0.0	0.0	0.0	0.0	0.0	0.0	0.0	0.0	0.0
GSM4138110_HNSCC_1_PBMC_CTACCCAGTTACCGAT	247.17110763960696	0.0	0.0	241.9893358512057	0.0	19.786355877648006	0.0	0.0	0.0	0.0	0.0
GSM4138110_HNSCC_1_PBMC_CTAGAGTCATCGGACC	173.32896240718068	0.0	0.0	0.0	142.3546864883343	114.74689604661198	0.0	0.0	0.0	0.0	0.0
GSM4138110_HNSCC_1_PBMC_CTCTGGTGTGTTCGAT	148.52368715039293	0.0	0.0	175.19251388446875	0.0	0.0	0.0	0.0	0.0	0.0	0.0
GSM4138110_HNSCC_1_PBMC_CTGATAGCATCAGTCA	130.10518865333506	207.62826286641436	0.0	0.0	0.0	0.0	0.0	0.0	0.0	0.0	0.0
GSM4138110_HNSCC_1_PBMC_CTGTTTACAATGTAAG	293.83847608017294	246.26932534017848	0.0	0.0	0.0	0.0	0.0	0.0	0.0	0.0	0.0
GSM4138110_HNSCC_1_PBMC_GAACCTATCTCTGTCG	113.93501481752253	0.0	0.0	0.0	106.56001197764368	0.0	0.0	0.0	0.0	0.0	0.0
GSM4138110_HNSCC_1_PBMC_GATCGCGTCAGGCGAA	128.8348525372777	0.0	0.0	0.0	0.0	156.4859383916249	0.0	0.0	0.0	0.0	0.0
GSM4138110_HNSCC_1_PBMC_GATCTAGCATACAGCT	364.8999266413607	0.0	0.0	206.4036291382004	0.0	0.0	0.0	0.0	0.0	0.0	0.0
GSM4138110_HNSCC_1_PBMC_GATGAAAGTAGAAGGA	119.96840984080576	95.53328544786095	0.0	0.0	0.0	0.0	11.289166306431742	0.0	0.0	0.0	0.0
GSM4138110_HNSCC_1_PBMC_GATGAAAGTCACCCAG	242.62678878056812	125.62525411036161	136.56446655737986	0.0	0.0	0.0	40.47684299028184	0.0	0.0	0.0	0.0
GSM4138110_HNSCC_1_PBMC_GCATACACATCTGGTA	397.71747543053647	320.5158758145535	0.0	0.0	0.0	0.0	0.0	0.0	0.0	0.0	0.0
GSM4138110_HNSCC_1_PBMC_GCGAGAATCGCACTCT	303.03125025349897	140.22350737025778	0.0	162.77858181887242	0.0	0.0	0.0	0.0	0.0	0.0	0.0
GSM4138110_HNSCC_1_PBMC_GCGCGATAGGAGCGTT	84.66610529122516	62.23319041805316	0.0	0.0	0.0	106.77697797174665	0.0	0.0	0.0	0.0	0.0
GSM4138110_HNSCC_1_PBMC_GCTCTGTTCAGTTTGG	134.33761661276696	0.0	156.41792951614048	0.0	0.0	0.0	0.0	0.0	0.0	0.0	0.0
GSM4138110_HNSCC_1_PBMC_GCTGCGAGTCTAGTCA	246.38912923423425	94.88322927799527	100.2798607435707	0.0	0.0	0.0	8.999425388880441	0.0	0.0	0.0	0.0
GSM4138110_HNSCC_1_PBMC_GGCTCGATCAGGCGAA	152.2794846066604	0.0	0.0	173.9656307762421	0.0	0.0	0.0	0.0	0.0	0.0	0.0
GSM4138110_HNSCC_1_PBMC_GGGAATGTCTTCCTTC	0.0	0.0	2654.8055293911502	0.0	0.0	0.0	0.0	634.5059025664771	0.0	169.90776473353458	0.0
GSM4138110_HNSCC_1_PBMC_GGGCACTTCGTAGGTT	173.22065900552207	231.0212910015661	0.0	0.0	0.0	0.0	0.0	0.0	0.0	0.0	0.0
GSM4138110_HNSCC_1_PBMC_GTAGGCCAGTACTTGC	211.77555612908253	0.0	0.0	196.38253265114128	17.300119238182248	0.0	0.0	0.0	0.0	0.0	0.0
GSM4138110_HNSCC_1_PBMC_GTCACAATCTATCGCC	224.25642757575542	139.2134987089207	0.0	0.0	52.86858075274097	37.57130593974906	0.0	0.0	0.0	0.0	0.0
GSM4138110_HNSCC_1_PBMC_GTCTCGTAGTAGCGGT	155.45890501010936	133.3614085150396	0.0	0.0	23.525487227800696	0.0	0.0	0.0	0.0	0.0	0.0
GSM4138110_HNSCC_1_PBMC_GTGCAGCTCTGTCTAT	311.46203644730485	0.0	0.0	0.0	395.7931702458516	0.0	0.0	0.0	0.0	0.0	0.0
GSM4138110_HNSCC_1_PBMC_GTGCATAGTACGCTGC	174.40703236364595	209.90966509539174	0.0	0.0	0.0	0.0	0.0	0.0	0.0	0.0	0.0
GSM4138110_HNSCC_1_PBMC_GTGCTTCAGTACGATA	221.99974549892656	190.9818132396385	0.0	0.0	0.0	0.0	0.0	0.0	0.0	0.0	0.0
GSM4138110_HNSCC_1_PBMC_TACAGTGCAATGACCT	169.31690508044858	0.0	0.0	15.640412182195506	122.66535806269883	12.557486076339698	0.0	0.0	0.0	0.0	0.0
GSM4138110_HNSCC_1_PBMC_TACTCATAGATCACGG	205.43836338377398	0.0	0.0	0.0	0.0	0.0	9.436165441313635	70.57270871567977	0.0	185.9704451973105	0.0
GSM4138110_HNSCC_1_PBMC_TACTCGCGTAAGGATT	272.0068045417199	0.0	0.0	0.0	216.8156277160085	0.0	0.0	0.0	0.0	0.0	0.0
GSM4138110_HNSCC_1_PBMC_TACTTGTCAAGTTAAG	240.97901339906937	0.0	0.0	0.0	273.8496232790896	0.0	0.0	0.0	0.0	0.0	0.0
GSM4138110_HNSCC_1_PBMC_TATCTCAAGGTGTGGT	139.4413316424379	176.71367040864712	0.0	0.0	0.0	0.0	0.0	0.0	0.0	0.0	0.0
GSM4138110_HNSCC_1_PBMC_TCAGCTCCACCCATTC	302.62363010971694	240.8777942156104	0.0	0.0	0.0	0.0	0.0	0.0	0.0	0.0	0.0
GSM4138110_HNSCC_1_PBMC_TCGCGTTCAGCTGCTG	190.09340214723494	169.60268903129958	0.0	0.0	0.0	0.0	0.0	0.0	0.0	0.0	0.0
GSM4138110_HNSCC_1_PBMC_TCGGGACAGCTAGTTC	223.23390204951744	225.02394585825203	0.0	0.0	0.0	0.0	0.0	0.0	0.0	0.0	0.0
GSM4138110_HNSCC_1_PBMC_TCTTCGGAGTCATCCA	211.56767368256027	214.25236159231363	0.0	0.0	0.0	0.0	0.0	0.0	0.0	0.0	0.0
GSM4138110_HNSCC_1_PBMC_TGAGAGGGTCCCTACT	195.9104521879697	0.0	0.0	0.0	0.0	0.0	337.11846065518733	0.0	0.0	0.0	0.0
GSM4138110_HNSCC_1_PBMC_TGATTTCGTTAAAGTG	327.9577265594356	254.8988232493802	0.0	0.0	0.0	0.0	0.0	0.0	0.0	0.0	0.0
GSM4138110_HNSCC_1_PBMC_TGCCAAATCATGTCCC	210.74858238776042	0.0	202.7614022895673	0.0	0.0	0.0	0.0	0.0	0.0	0.0	0.0
GSM4138110_HNSCC_1_PBMC_TGTATTCAGAATGTTG	307.28048980633577	0.0	0.0	25.658695989147528	0.0	0.0	0.0	159.19496251881836	0.0	0.0	0.0
GSM4138110_HNSCC_1_PBMC_TGTCCCAGTTCAGGCC	161.48398934451671	0.0	0.0	0.0	0.0	210.3628477844738	0.0	0.0	0.0	0.0	0.0
GSM4138110_HNSCC_1_PBMC_TTGCCGTCAATAGCGG	210.81143417749752	252.5038620280378	0.0	0.0	0.0	0.0	0.0	0.0	0.0	0.0	0.0
GSM4138110_HNSCC_1_PBMC_TTTATGCAGACTGGGT	167.7281523078197	159.50762652482985	0.0	0.0	0.0	0.0	0.0	0.0	0.0	0.0	0.0
GSM4138110_HNSCC_1_PBMC_AACGTTGAGTTTAGGA	108.42427683699275	0.0	39.935305396997485	0.0	0.0	0.0	64.40269292039139	0.0	32.38018257785349	0.0	0.0
GSM4138110_HNSCC_1_PBMC_AAGGCAGCAATCACAC	197.11855614779176	0.0	0.0	54.52010994690887	0.0	0.0	0.0	45.553915721222864	0.0	0.0	0.0
GSM4138110_HNSCC_1_PBMC_ACTGATGTCAATAAGG	77.31784652978027	67.56135018760195	0.0	0.0	0.0	0.0	0.0	0.0	0.0	0.0	0.0
GSM4138110_HNSCC_1_PBMC_AGCAGCCAGGCCCTCA	92.8586756339708	105.01441326019948	0.0	0.0	5.5036375256097525	0.0	0.0	0.0	0.0	0.0	0.0
GSM4138110_HNSCC_1_PBMC_CATATTCCATATGAGA	136.89253095427853	117.8625828789847	0.0	0.0	0.0	0.0	0.0	0.0	0.0	0.0	0.0
GSM4138110_HNSCC_1_PBMC_CCTCAGTCAACTGCGC	93.12534973315526	58.32473307839973	0.0	0.0	0.0	0.0	0.0	0.0	0.0	0.0	0.0
GSM4138110_HNSCC_1_PBMC_CGGTTAACACCTCGTT	64.77748712649787	79.07236844829761	0.0	0.0	0.0	0.0	0.0	0.0	0.0	0.0	0.0
GSM4138110_HNSCC_1_PBMC_CGTGTAATCTCCAGGG	82.98555156601974	50.89468014115881	0.0	0.0	0.0	0.0	0.0	0.0	0.0	0.0	0.0
GSM4138110_HNSCC_1_PBMC_CGTTGGGTCAGTGCAT	75.19680661081539	54.01530355964406	0.0	0.0	0.0	0.0	53.41133179791495	0.0	0.0	0.0	0.0
GSM4138110_HNSCC_1_PBMC_CTAGAGTAGCTATGCT	138.43291991837384	126.22911610187344	0.0	0.0	0.0	0.0	0.0	0.0	0.0	0.0	0.0
GSM4138110_HNSCC_1_PBMC_GCATACATCGTTACAG	83.05925561542253	24.377836352755477	0.0	27.06503197494316	3.0732613242282194	6.118987292882966	0.0	0.0	0.0	0.0	0.0
GSM4138110_HNSCC_1_PBMC_AAACGGGCAGTATCTG	86.07715834981293	0.0	0.0	0.0	0.0	88.10177485691632	0.0	0.0	0.0	0.0	0.0
GSM4138110_HNSCC_1_PBMC_AAAGATGTCTGATTCT	120.58837563662378	18.920241047245447	44.639968721299454	0.0	0.0	55.33092673557302	0.0	0.0	0.0	0.0	0.0
GSM4138110_HNSCC_1_PBMC_AAAGTAGGTAGCGCTC	68.05939941609671	0.0	114.59472703583023	0.0	0.0	0.0	0.0	0.0	0.0	0.0	0.0
GSM4138110_HNSCC_1_PBMC_AACTCAGGTGGTCTCG	95.50074983608616	25.623955361333753	0.0	15.719492801135724	0.0	23.79470535817905	0.0	0.0	0.0	0.0	0.0
GSM4138110_HNSCC_1_PBMC_AACTCCCTCCAATGGT	107.79217951429956	0.0	0.0	124.68397023700783	0.0	0.0	0.0	0.0	0.0	0.0	0.0
GSM4138110_HNSCC_1_PBMC_AACTCTTAGTGGGTTG	112.37548525482657	0.0	83.15191447726984	15.72641002174715	0.0	0.0	0.0	0.0	0.0	0.0	0.0
GSM4138110_HNSCC_1_PBMC_AACTCTTGTCACACGC	41.6094498538031	0.0	0.0	0.0	80.99902236413365	0.0	0.0	0.0	0.0	0.0	0.0
GSM4138110_HNSCC_1_PBMC_AACTTTCAGAAGGTTT	141.93408888627258	29.156335329527217	58.373889791804864	0.0	0.0	0.0	0.0	0.0	0.0	0.0	0.0
GSM4138110_HNSCC_1_PBMC_AAGGAGCTCCTTTCGG	176.75551181352895	0.0	111.12218374607183	0.0	0.0	0.0	0.0	0.0	0.0	0.0	0.0
GSM4138110_HNSCC_1_PBMC_AATCCAGAGTGCTGCC	146.08979742309592	0.0	40.36406662543098	0.0	0.0	0.0	0.0	0.0	63.3013502309604	0.0	0.0
GSM4138110_HNSCC_1_PBMC_AATCGGTGTCTAGCCG	107.20347039099015	144.92011420304559	0.0	0.0	0.0	0.0	0.0	0.0	0.0	0.0	0.0
GSM4138110_HNSCC_1_PBMC_ACACCCTCATCTACGA	88.48480273295019	3.3864355201336442	73.03048237664342	0.0	0.0	0.0	0.0	0.0	0.0	0.0	0.0
GSM4138110_HNSCC_1_PBMC_ACACCGGCACCATGTA	286.76337121169604	0.0	82.51459260470557	0.0	0.0	0.0	0.0	0.0	126.3609501024784	0.0	0.0
GSM4138110_HNSCC_1_PBMC_ACATCAGAGCGTTCCG	169.35187220049343	0.0	230.81704389349358	0.0	0.0	0.0	0.0	0.0	0.0	0.0	0.0
GSM4138110_HNSCC_1_PBMC_ACCCACTCAATGTAAG	69.98712770645503	0.0	0.0	0.0	0.0	0.0	0.0	0.0	71.85252508271466	0.0	0.0
GSM4138110_HNSCC_1_PBMC_ACCCACTGTAAGTGTA	77.26325542596553	114.69756090743155	0.0	0.0	0.0	0.0	0.0	0.0	0.0	0.0	0.0
GSM4138110_HNSCC_1_PBMC_ACCTTTATCATAACCG	114.17279656139257	0.0	56.09229484231787	0.0	0.0	0.0	0.0	0.0	98.19774951963338	0.0	0.0
GSM4138110_HNSCC_1_PBMC_ACGAGCCAGGTGTGGT	71.1996882881658	0.0	0.0	0.0	54.528778804276996	76.61151936650106	0.0	0.0	0.0	0.0	0.0
GSM4138110_HNSCC_1_PBMC_ACGATACCATATGAGA	59.03352697523105	37.45604673837988	32.62276845299592	0.0	0.0	0.0	1.2239369310505042	0.0	0.0	0.0	0.0
GSM4138110_HNSCC_1_PBMC_ACGATACTCTGATTCT	68.76761413506526	89.93697074183913	0.0	0.0	0.0	0.0	0.0	0.0	0.0	0.0	0.0
GSM4138110_HNSCC_1_PBMC_ACGATGTCAGGCAGTA	73.70346149261951	0.0	87.94894428829346	0.0	0.0	0.0	0.0	0.0	0.0	0.0	0.0
GSM4138110_HNSCC_1_PBMC_ACGCAGCGTAGAGCTG	68.57559727433866	0.0	0.0	0.0	0.0	0.0	0.0	59.08349539206095	0.0	2.940789941211424	0.0
GSM4138110_HNSCC_1_PBMC_ACGCCGAAGGTAGCTG	129.15538286493003	0.0	47.69763729528158	0.0	0.0	0.0	0.0	0.0	0.0	0.0	0.0
GSM4138110_HNSCC_1_PBMC_ACGGGCTGTGATAAAC	78.31320180283913	0.0	139.12141236960736	0.0	0.0	0.0	0.0	0.0	0.0	0.0	0.0
GSM4138110_HNSCC_1_PBMC_ACGTCAACATCACGAT	71.95480181879009	0.0	50.19916864856627	0.0	0.0	0.0	0.0	0.0	0.0	0.0	0.0
GSM4138110_HNSCC_1_PBMC_ACTATCTAGGAATTAC	254.52058861045913	133.30750502485057	0.0	0.0	0.0	0.0	0.0	0.0	0.0	0.0	0.0
GSM4138110_HNSCC_1_PBMC_ACTGATGTCGTTACGA	198.13741814363715	0.0	0.0	0.0	0.0	0.0	97.2096070221869	0.0	14.643391970671827	0.0	0.0
GSM4138110_HNSCC_1_PBMC_ACTTACTAGATAGGAG	144.88139422076	86.95141348688492	0.0	0.0	0.0	0.0	0.0	0.0	0.0	0.0	0.0
GSM4138110_HNSCC_1_PBMC_ACTTGTTTCCACGACG	144.43991448622964	97.50101066769032	0.0	0.0	0.0	0.0	17.760796302358624	0.0	0.0	0.0	0.0
GSM4138110_HNSCC_1_PBMC_ACTTTCATCGTCACGG	103.47301307958666	0.0	0.0	0.0	65.73745621210718	0.0	0.0	0.0	0.0	0.0	0.0
GSM4138110_HNSCC_1_PBMC_AGATTGCTCATGCTCC	120.97280616511095	96.80340718890282	0.0	0.0	0.0	15.692650717116162	0.0	0.0	0.0	0.0	0.0
GSM4138110_HNSCC_1_PBMC_AGATTGCTCCTAGAAC	73.08476543218228	0.0	36.5471938639156	0.0	0.0	0.0	0.0	25.15868432632808	6.4544343241080355	0.0	0.0
GSM4138110_HNSCC_1_PBMC_AGCAGCCTCACTCTTA	87.54301548723325	78.0108761126297	0.0	0.0	0.0	7.360001272241741	0.0	0.0	0.0	0.0	0.0
GSM4138110_HNSCC_1_PBMC_AGCCTAAAGCGTGAAC	161.1071117294231	0.0	147.32537721830343	0.0	0.0	0.0	0.0	0.0	0.0	0.0	0.0
GSM4138110_HNSCC_1_PBMC_AGCCTAAGTCTCATCC	36.781054837653116	0.0	0.0	122.95603530317908	0.0	0.0	0.0	0.0	0.0	0.0	0.0
GSM4138110_HNSCC_1_PBMC_AGCGTATAGCCAGTTT	98.29137061852417	8.752193862809008	92.34366593471732	0.0	0.0	0.0	0.0	0.0	0.0	0.0	0.0
GSM4138110_HNSCC_1_PBMC_AGCGTCGAGCGCTCCA	110.0201735129423	0.0	0.0	63.30998406791216	0.0	0.0	0.0	0.0	0.0	0.0	0.0
GSM4138110_HNSCC_1_PBMC_AGCTCCTGTATCACCA	189.87786580103813	0.0	147.71759036789945	0.0	0.0	0.0	0.0	0.0	9.374250982255438	0.0	0.0
GSM4138110_HNSCC_1_PBMC_AGCTCTCAGTCGTTTG	136.76133582624917	0.0	0.0	63.49885233065946	0.0	85.33865125796581	0.0	0.0	0.0	0.0	0.0
GSM4138110_HNSCC_1_PBMC_AGCTTGAAGACTGGGT	84.28620546976708	0.0	23.290400874465938	13.175573867321678	0.0	70.04884944584316	0.0	0.0	0.0	0.0	0.0
GSM4138110_HNSCC_1_PBMC_AGGCCGTAGACTACAA	120.6260802959927	5.761842405375156	0.0	14.694072843811004	0.0	0.0	112.8834266542081	0.0	0.0	0.0	0.0
GSM4138110_HNSCC_1_PBMC_AGGGATGAGACCCACC	96.53522486156035	85.52651828988971	0.0	0.0	0.0	0.0	0.0	0.0	0.0	0.0	0.0
GSM4138110_HNSCC_1_PBMC_AGGGATGCATGTTCCC	138.85843921704299	0.0	0.0	123.7634078862907	0.0	0.0	0.0	0.0	0.0	0.0	0.0
GSM4138110_HNSCC_1_PBMC_AGTAGTCGTCAATGTC	80.12492185643973	60.395873802846964	19.875718340975435	0.0	0.0	0.0	0.0	0.0	0.0	0.0	0.0
GSM4138110_HNSCC_1_PBMC_AGTAGTCGTCCGAAGA	128.66708276166509	102.7104013401351	0.0	0.0	0.0	0.0	0.0	0.0	0.0	0.0	0.0
GSM4138110_HNSCC_1_PBMC_AGTGGGAAGGAGCGAG	176.20614075730174	0.0	0.0	0.0	169.94486822335656	0.0	0.0	3.8958008480773767	0.0	0.0	0.0
GSM4138110_HNSCC_1_PBMC_AGTGTCAGTACCGGCT	108.98467171119566	161.26659445135118	6.300132729404014	0.0	0.0	0.0	0.0	0.0	0.0	0.0	0.0
GSM4138110_HNSCC_1_PBMC_ATAAGAGAGCTGATAA	63.63783831624834	46.07361980114232	0.0	0.0	0.0	0.0	0.0	0.0	0.0	0.0	0.0
GSM4138110_HNSCC_1_PBMC_ATCACGAGTCAAACTC	109.58223333162375	92.01099830191428	0.0	0.0	0.0	0.0	0.0	0.0	0.0	0.0	0.0
GSM4138110_HNSCC_1_PBMC_ATCATCTTCTGTGCAA	81.65928925786805	75.88096261423725	0.0	0.0	0.0	0.0	0.0	0.0	0.0	0.0	0.0
GSM4138110_HNSCC_1_PBMC_ATCATGGGTCACTGGC	144.40894734850147	0.0	131.52553591177679	0.0	0.0	0.0	0.0	0.0	0.0	0.0	5.411312608227871
GSM4138110_HNSCC_1_PBMC_ATCTGCCCATACGCCG	110.15619621111274	0.0	0.0	34.757824190454464	4.963436693813596	38.06946634870296	0.0	0.0	0.0	0.0	0.0
GSM4138110_HNSCC_1_PBMC_ATGAGGGAGTGTACGG	114.49007077380175	141.8991000605747	0.0	0.0	0.0	0.0	0.0	0.0	0.0	0.0	0.0
GSM4138110_HNSCC_1_PBMC_ATGGGAGAGACCCACC	209.579122803435	0.0	226.7051563766787	0.0	0.0	0.0	0.0	0.0	0.0	0.0	0.0
GSM4138110_HNSCC_1_PBMC_ATGTGTGTCCAGTAGT	76.52447152259145	100.55213042603486	0.0	0.0	0.0	0.0	0.0	0.0	0.0	0.0	0.0
GSM4138110_HNSCC_1_PBMC_ATTATCCAGCGCCTTG	139.9987681029018	0.0	0.0	0.0	121.91897027709827	0.0	0.0	0.0	0.0	0.0	0.0
GSM4138110_HNSCC_1_PBMC_ATTCTACAGATGTCGG	116.63093091066932	0.0	0.0	0.0	0.0	106.3849138998645	0.0	0.0	0.0	0.0	0.0
GSM4138110_HNSCC_1_PBMC_ATTGGACAGAAGGCCT	85.30113405038178	42.07919785152114	0.0	23.581677450193467	0.0	0.0	0.0	0.0	0.0	0.0	0.0
GSM4138110_HNSCC_1_PBMC_ATTGGTGCACAGGAGT	139.7563945493924	0.0	0.0	121.79468279852884	0.0	0.0	0.0	0.0	0.0	0.0	0.0
GSM4138110_HNSCC_1_PBMC_CAACCTCTCTAAGCCA	108.64398460820274	0.0	63.661437937724884	0.0	0.0	0.0	0.0	0.0	0.0	0.0	0.0
GSM4138110_HNSCC_1_PBMC_CAACTAGGTGTCCTCT	112.94875476987126	0.0	97.14311315400643	0.0	0.0	0.0	0.0	0.0	0.0	0.0	0.0
GSM4138110_HNSCC_1_PBMC_CAACTAGTCAAGATCC	42.65446913582194	0.0	0.0	110.95718665034059	0.0	0.0	0.0	0.0	0.0	0.0	0.0
GSM4138110_HNSCC_1_PBMC_CAAGAAATCACAAACC	76.33512083458689	68.83881485023764	0.0	0.0	0.0	0.0	0.0	0.0	0.0	0.0	0.0
GSM4138110_HNSCC_1_PBMC_CAAGTTGCATGTTCCC	184.39315609080313	0.0	0.0	18.783263803050986	47.768156813400545	85.12024706143187	0.0	0.0	0.0	0.0	0.0
GSM4138110_HNSCC_1_PBMC_CACACTCTCAAGATCC	146.55370834407591	133.8443867622714	0.0	0.0	0.0	0.0	0.0	0.0	0.0	0.0	0.0
GSM4138110_HNSCC_1_PBMC_CACAGGCTCCGCGTTT	96.24428036311465	131.8930480038652	0.0	0.0	0.0	0.0	0.0	0.0	0.0	0.0	0.0
GSM4138110_HNSCC_1_PBMC_CACAGTAAGTTACCCA	85.77498515642687	44.91436027884218	0.0	0.0	96.61612573272215	0.0	0.0	0.0	0.0	0.0	0.0
GSM4138110_HNSCC_1_PBMC_CACATTTAGTAGCGGT	78.10366579525375	0.0	93.21894708543846	0.0	0.0	0.0	0.0	0.0	0.0	0.0	0.0
GSM4138110_HNSCC_1_PBMC_CACCACTTCCGCGGTA	148.05663932601936	0.0	0.0	59.199633579771096	0.0	0.0	0.0	0.0	0.0	0.0	0.0
GSM4138110_HNSCC_1_PBMC_CAGAGAGAGCCACTAT	69.08350210402348	19.95182802940046	0.0	0.0	0.0	78.01155322768307	0.0	0.0	0.0	0.0	0.0
GSM4138110_HNSCC_1_PBMC_CAGCAGCGTGCAGTAG	88.84810299348774	0.0	0.0	0.0	46.50161551836115	0.0	0.0	0.0	0.0	0.0	0.0
GSM4138110_HNSCC_1_PBMC_CAGCATAAGTACTTGC	99.44747803229622	0.0	87.25563629446289	0.0	0.0	0.0	15.702533956958655	0.0	0.0	0.0	0.0
GSM4138110_HNSCC_1_PBMC_CAGCATATCAGAGGTG	192.45807111537204	153.94741621312752	0.0	0.0	0.0	0.0	0.0	0.0	0.0	0.0	0.0
GSM4138110_HNSCC_1_PBMC_CAGCTAAGTTCCACGG	101.5665192969415	117.94262444535131	0.0	0.0	0.0	0.0	0.0	0.0	0.0	0.0	0.0
GSM4138110_HNSCC_1_PBMC_CATCGAAGTACTTCTT	103.2419041957036	0.0	36.612157458748555	0.0	0.0	0.0	0.0	0.0	64.3221592170141	0.0	0.0
GSM4138110_HNSCC_1_PBMC_CATCGGGAGAGCTTCT	52.71937353651099	0.0	0.0	26.693276255918324	0.0	0.0	0.0	14.548441002698667	0.0	0.0	0.0
GSM4138110_HNSCC_1_PBMC_CATTATCTCGATCCCT	168.3640661695563	0.0	0.0	0.0	109.01187092451454	0.0	0.0	0.0	0.0	0.0	0.0
GSM4138110_HNSCC_1_PBMC_CATTCGCAGTGAAGAG	191.04097013397453	157.0293131034567	0.0	0.0	0.0	0.0	0.0	0.0	0.0	0.0	0.0
GSM4138110_HNSCC_1_PBMC_CCACGGACAGATGGGT	188.98813312958077	0.0	0.0	134.68725720386016	15.406921873443048	0.0	0.0	0.0	0.0	0.0	0.0
GSM4138110_HNSCC_1_PBMC_CCACTACAGGTTCCTA	112.04267014002644	94.97092259910923	0.0	0.0	0.0	0.0	0.0	0.0	0.0	0.0	0.0
GSM4138110_HNSCC_1_PBMC_CCCAGTTAGGCACATG	110.94182631633025	79.0466268634064	0.0	0.0	0.0	0.0	0.0	0.0	0.0	0.0	0.0
GSM4138110_HNSCC_1_PBMC_CCCTCCTGTACAGCAG	66.66616677556607	0.0	0.0	0.0	0.0	88.55440787234289	0.0	0.0	0.0	0.0	0.0
GSM4138110_HNSCC_1_PBMC_CCCTCCTTCCATGAAC	76.47263439897372	0.0	4.821716722311016	0.0	79.91559481639054	0.0	0.0	0.0	0.0	0.0	0.0
GSM4138110_HNSCC_1_PBMC_CCGTACTGTTCCAACA	148.875232184234	0.0	0.0	0.0	0.0	0.0	118.13070658107073	0.0	0.0	0.0	0.0
GSM4138110_HNSCC_1_PBMC_CCGTACTTCCGATATG	62.55457768193403	0.0	0.0	0.0	25.09649444206936	38.5759584114114	0.0	0.0	0.0	0.0	0.0
GSM4138110_HNSCC_1_PBMC_CCGTGGAAGGAGTACC	83.97234706510432	87.4701470123671	0.0	0.0	0.0	0.0	0.0	0.0	0.0	0.0	0.0
GSM4138110_HNSCC_1_PBMC_CCTAAAGAGCGCCTCA	247.9805568370095	0.0	0.0	0.0	0.0	171.5762042543858	0.0	0.0	0.0	0.0	0.0
GSM4138110_HNSCC_1_PBMC_CCTACACCACAGGCCT	145.2161669334216	0.0	0.0	0.0	33.660707024617956	70.24714604510368	0.0	0.0	0.0	0.0	0.0
GSM4138110_HNSCC_1_PBMC_CCTATTACACAAGACG	163.75788580205437	186.31390190541745	0.0	0.0	0.0	0.0	0.0	0.0	0.0	0.0	0.0
GSM4138110_HNSCC_1_PBMC_CCTTACGAGAATAGGG	79.73716525618788	0.0	38.293242552216185	0.0	0.0	0.0	0.0	120.19008997090192	0.0	0.0	0.0
GSM4138110_HNSCC_1_PBMC_CGAACATGTCCAGTAT	76.60678120859347	0.0	0.0	0.0	0.0	0.0	0.0	0.0	0.0	0.0	78.01082135765202
GSM4138110_HNSCC_1_PBMC_CGATCGGCAACACCCG	66.34814359271701	0.0	0.0	56.82547066758291	0.0	0.0	0.0	0.0	0.0	0.0	0.0
GSM4138110_HNSCC_1_PBMC_CGATGTATCCTTTCGG	94.41154565847414	24.550553093944377	0.0	57.19516376774741	0.0	0.0	0.0	0.0	0.0	0.0	0.0
GSM4138110_HNSCC_1_PBMC_CGCGGTAAGACACGAC	103.28176134601433	0.0	0.0	0.0	0.0	71.73633042745068	0.0	0.0	0.0	0.0	0.0
GSM4138110_HNSCC_1_PBMC_CGCGGTATCAGTCCCT	72.69014000162987	0.0	0.0	81.76651403638058	0.0	0.0	0.0	0.0	0.0	0.0	0.0
GSM4138110_HNSCC_1_PBMC_CGCTATCAGGTAGCCA	119.55285890249185	177.31291074567505	0.0	0.0	0.0	0.0	0.0	0.0	0.0	0.0	0.0
GSM4138110_HNSCC_1_PBMC_CGCTTCACAGTACACT	112.39394015077247	0.0	103.09332429089882	0.0	0.0	0.0	0.0	0.0	0.0	0.0	0.0
GSM4138110_HNSCC_1_PBMC_CGGAGCTCAGACGCAA	100.64609555023372	0.0	0.0	0.0	68.45839602261024	0.0	0.0	0.0	0.0	0.0	0.0
GSM4138110_HNSCC_1_PBMC_CGGAGCTTCGCCTGAG	144.99150305734085	148.16378849079618	0.0	0.0	0.0	0.0	0.0	0.0	0.0	0.0	0.0
GSM4138110_HNSCC_1_PBMC_CGGCTAGTCACATAGC	201.75369639892682	0.0	0.0	0.0	0.0	0.0	0.0	150.93583455762192	0.0	0.0	0.0
GSM4138110_HNSCC_1_PBMC_CGGCTAGTCAGAGACG	144.7042735463085	0.0	0.0	46.39348409181396	25.39685117410861	0.0	0.0	0.0	0.0	0.0	0.0
GSM4138110_HNSCC_1_PBMC_CGGCTAGTCCTAAGTG	82.79842687297945	0.0	6.895744470278228	0.0	0.0	0.0	139.13747179629317	0.0	0.0	0.0	0.0
GSM4138110_HNSCC_1_PBMC_CGTAGCGAGAAGGGTA	111.79122752847792	119.95198690986975	0.0	44.149424558381476	0.0	0.0	0.0	0.0	0.0	0.0	0.0
GSM4138110_HNSCC_1_PBMC_CGTAGGCGTGGTAACG	74.76937204835122	112.2511662136248	0.0	0.0	0.0	0.0	0.0	0.0	0.0	0.0	0.0
GSM4138110_HNSCC_1_PBMC_CGTCACTTCAAACCGT	99.09550027814018	0.0	0.0	0.0	112.66547432160178	0.0	0.0	0.0	0.0	0.0	0.0
GSM4138110_HNSCC_1_PBMC_CGTCCATAGCAGCGTA	63.58119347495884	0.0	0.0	82.69221999428422	0.0	0.0	0.0	0.0	0.0	0.0	0.0
GSM4138110_HNSCC_1_PBMC_CGTGTAAAGGTGTGGT	121.34163721400255	110.99525487400348	0.0	0.0	0.0	0.0	0.0	0.0	0.0	0.0	0.0
GSM4138110_HNSCC_1_PBMC_CGTTGGGCAGGCGATA	104.91519669323057	0.0	0.0	75.40045624825517	0.0	0.0	0.0	0.0	0.0	0.0	0.0
GSM4138110_HNSCC_1_PBMC_CTACACCGTAGCTTGT	77.93069849769392	2.394174898601514	0.0	92.69380877320354	0.0	16.053497723491578	0.0	0.0	0.0	0.0	0.0
GSM4138110_HNSCC_1_PBMC_CTACGTCAGTGGGATC	142.64877657116614	63.1100238334787	0.0	0.0	0.0	0.0	0.0	0.0	0.0	0.0	0.0
GSM4138110_HNSCC_1_PBMC_CTACGTCTCCACGAAT	67.21131779450653	0.0	0.0	59.55091231968897	0.0	23.03934652591466	0.0	0.0	0.0	0.0	0.0
GSM4138110_HNSCC_1_PBMC_CTAGCCTAGCCAACAG	127.0769979788104	0.0	5.395319089299794	0.0	0.0	0.0	67.10081089403107	0.0	0.0	0.0	0.0
GSM4138110_HNSCC_1_PBMC_CTCAGAATCGAATGGG	119.94904632875883	145.74655385167242	0.0	0.0	0.0	0.0	0.0	0.0	0.0	0.0	0.0
GSM4138110_HNSCC_1_PBMC_CTCCTAGCAAGTCTGT	102.38968832501156	56.92375526494944	0.0	0.0	14.810220369566679	0.0	22.686310829293532	0.0	0.0	0.0	0.0
GSM4138110_HNSCC_1_PBMC_CTCGGAGAGCAGGTCA	140.9956251311461	0.0	27.98020369587264	13.166502367832711	0.0	67.61601776523412	0.0	0.0	0.0	0.0	0.0
GSM4138110_HNSCC_1_PBMC_CTCGTACTCAGCAACT	194.42233722002956	137.69415570295993	0.0	0.0	0.0	0.0	0.0	0.0	0.0	0.0	0.0
GSM4138110_HNSCC_1_PBMC_CTCGTCAAGCTCTCGG	241.12375133158142	0.0	207.23369612976919	0.0	0.0	0.0	0.0	0.0	0.0	0.0	0.0
GSM4138110_HNSCC_1_PBMC_CTCTACGCAGATCGGA	64.31528342002736	0.0	0.0	11.930705859492974	34.818289438366314	0.0	0.0	0.0	0.0	0.0	0.0
GSM4138110_HNSCC_1_PBMC_CTCTGGTAGACAGGCT	55.90717411816115	0.0	0.0	10.265055095540008	94.16588454043439	0.0	0.0	0.0	0.0	0.0	0.0
GSM4138110_HNSCC_1_PBMC_CTCTGGTCACAGCCCA	130.0116246643107	0.0	0.0	0.0	150.9924523842809	0.0	0.0	0.0	0.0	0.0	0.0
GSM4138110_HNSCC_1_PBMC_CTGAAACCAGCCTTGG	107.50447530620804	0.0	0.0	0.0	0.0	0.0	88.33254753109168	0.0	0.0	0.0	0.0
GSM4138110_HNSCC_1_PBMC_CTGAAACCAGTATGCT	75.19877590575815	0.0	0.0	0.0	90.55436488800923	35.794725059185794	0.0	0.0	0.0	0.0	0.0
GSM4138110_HNSCC_1_PBMC_CTGAAGTCAGCTGCTG	78.36797334112785	0.0	102.70481091274706	0.0	0.0	0.0	0.0	0.0	0.0	0.0	0.0
GSM4138110_HNSCC_1_PBMC_CTGAAGTGTTCTCATT	99.5854628081566	0.0	0.0	0.0	0.0	63.15862222485764	0.0	0.0	0.0	0.0	0.0
GSM4138110_HNSCC_1_PBMC_CTGTTTACAAAGGTGC	112.81844004229758	64.49770539326056	0.0	0.0	17.69235056462186	0.0	0.0	0.0	0.0	0.0	0.0
GSM4138110_HNSCC_1_PBMC_CTTAACTGTGACGCCT	85.59244854534822	0.0	0.0	0.0	0.0	0.0	0.0	104.08707130646086	0.0	0.0	0.0
GSM4138110_HNSCC_1_PBMC_CTTAGGAAGGTGATTA	197.66147545258215	78.92054025744501	94.02518150192654	0.0	0.0	0.0	0.0	0.0	46.077855590630655	0.0	0.0
GSM4138110_HNSCC_1_PBMC_CTTAGGACAGAGTGTG	87.66793168090102	0.0	0.0	0.0	0.0	74.11486853771916	0.0	0.0	0.0	0.0	0.0
GSM4138110_HNSCC_1_PBMC_CTTGGCTCAAAGCGGT	124.19019506587924	0.0	0.0	118.74676942299811	22.659945109634645	0.0	0.0	0.0	0.0	0.0	0.0
GSM4138110_HNSCC_1_PBMC_GAAACTCGTCTTCTCG	171.54267899581666	134.3153058432303	0.0	0.0	0.0	0.0	0.0	0.0	0.0	0.0	0.0
GSM4138110_HNSCC_1_PBMC_GAAATGAAGAGCAATT	74.06238397281687	0.0	62.61826046397663	0.0	0.0	0.0	0.0	0.0	0.0	0.0	0.0
GSM4138110_HNSCC_1_PBMC_GAACATCTCGGTTAAC	99.94819004073626	0.0	0.0	0.0	82.67723912644094	0.0	0.0	0.0	0.0	0.0	0.0
GSM4138110_HNSCC_1_PBMC_GAACCTATCGGCCGAT	122.9050402019204	0.0	89.00373420769863	0.0	0.0	0.0	0.0	0.0	0.0	0.0	0.0
GSM4138110_HNSCC_1_PBMC_GAATGAAGTTGGACCC	80.99160463164932	50.06296816469559	0.0	0.0	0.0	0.0	0.0	0.0	0.0	0.0	0.0
GSM4138110_HNSCC_1_PBMC_GACAGAGAGAGCCTAG	64.8710045177692	0.0	64.95283340347792	0.0	0.0	0.0	0.0	0.0	0.0	0.0	0.0
GSM4138110_HNSCC_1_PBMC_GACTAACAGGCAGGTT	141.03448027147965	0.0	154.63556976562407	0.0	0.0	0.0	0.0	0.0	0.0	0.0	0.0
GSM4138110_HNSCC_1_PBMC_GACTGCGGTATCTGCA	71.54501682282608	0.0	72.595944170664	0.0	0.0	0.0	0.0	0.0	0.0	0.0	0.0
GSM4138110_HNSCC_1_PBMC_GACTGCGTCTAAGCCA	136.2820612144349	112.40506360292365	0.0	0.0	0.0	0.0	0.0	0.0	0.0	0.0	0.0
GSM4138110_HNSCC_1_PBMC_GATCGATGTGCTGTAT	164.7969483678456	0.0	22.17005500164576	0.0	0.0	0.0	0.0	80.17597486846276	0.0	0.0	0.0
GSM4138110_HNSCC_1_PBMC_GATCTAGAGGGCTCTC	107.77197830626763	0.0	0.0	0.0	0.0	0.0	3.1818389593817753	59.5880558187155	0.0	15.106194044338508	0.0
GSM4138110_HNSCC_1_PBMC_GATCTAGCAAACCTAC	150.9649435570883	95.37747038649233	0.0	0.24894389675093537	24.47541315779085	0.0	0.0	0.0	0.0	0.0	0.0
GSM4138110_HNSCC_1_PBMC_GATGAAAAGAAGGGTA	62.227878972818765	0.0	0.0	0.0	0.0	0.0	78.27437579160319	0.0	0.0	0.0	0.0
GSM4138110_HNSCC_1_PBMC_GATGCTAGTATGGTTC	107.76063146968845	0.0	0.0	0.0	0.0	127.93160487387829	0.0	0.0	0.0	0.0	0.0
GSM4138110_HNSCC_1_PBMC_GATTCAGAGCTATGCT	132.24760396949517	107.92663314789768	0.0	0.0	6.639643019858702	71.81324877049472	0.0	0.0	0.0	0.0	0.0
GSM4138110_HNSCC_1_PBMC_GCACATACATGAACCT	96.7041205785704	0.0	0.0	0.0	120.87919543377407	0.0	0.0	0.0	0.0	0.0	0.0
GSM4138110_HNSCC_1_PBMC_GCACATAGTCTTCTCG	104.70066311852558	127.17648007399563	0.0	0.0	0.0	0.0	0.0	0.0	0.0	0.0	0.0
GSM4138110_HNSCC_1_PBMC_GCAGTTATCCTACAGA	37.188917393720935	67.05856645472902	0.0	0.0	0.0	0.0	0.0	0.0	0.0	0.0	0.0
GSM4138110_HNSCC_1_PBMC_GCATACAAGACACGAC	173.6548031814194	6.09214547715764	0.0	0.0	0.0	138.28926106258515	0.0	0.0	0.0	0.0	0.0
GSM4138110_HNSCC_1_PBMC_GCATGTATCTCATTCA	68.14413121044092	0.0	0.0	0.0	0.0	0.0	0.0	0.0	73.89510318850076	0.0	0.0
GSM4138110_HNSCC_1_PBMC_GCGAGAATCTATCCTA	106.0940311908149	75.67798974764474	0.0	0.0	0.0	0.0	0.0	0.0	0.0	0.0	0.0
GSM4138110_HNSCC_1_PBMC_GCGCAACCAGTACACT	80.14881354014341	70.40424012788056	0.0	0.0	0.0	0.0	0.0	0.0	0.0	0.0	0.0
GSM4138110_HNSCC_1_PBMC_GCGCAACTCACCGTAA	69.27663162252846	0.0	0.0	95.11623047441307	0.0	0.0	0.0	0.0	0.0	0.0	0.0
GSM4138110_HNSCC_1_PBMC_GCGGGTTTCTGTACGA	104.30695145600214	22.631496494174357	47.61965773585222	0.0	10.017861491903387	41.99158786075805	0.0	0.0	0.0	0.0	0.0
GSM4138110_HNSCC_1_PBMC_GCTGCAGCACAACGCC	87.37799124997792	0.0	0.0	0.0	0.0	0.0	29.497971932282976	62.749752334601524	0.0	0.0	0.0
GSM4138110_HNSCC_1_PBMC_GGAACTTCAACTGGCC	118.56941340054526	0.0	0.0	102.32902168164597	33.746084833745435	0.0	0.0	0.0	0.0	0.0	0.0
GSM4138110_HNSCC_1_PBMC_GGAATAAAGAACAATC	76.58249373628398	95.05958397742008	0.0	0.0	0.0	0.0	0.0	0.0	0.0	0.0	0.0
GSM4138110_HNSCC_1_PBMC_GGACATTCACGGTTTA	97.70508714786408	0.0	0.0	0.0	0.0	39.478555657299495	0.0	76.96426142186343	0.0	0.0	0.0
GSM4138110_HNSCC_1_PBMC_GGCTCGATCCGCGTTT	79.65972414931998	0.0	0.0	0.0	0.0	0.0	72.56157953299996	0.0	0.0	0.0	0.0
GSM4138110_HNSCC_1_PBMC_GGGACCTAGCCAGGAT	104.52111896132688	0.0	94.86234819600074	0.0	0.0	0.0	0.0	0.0	0.0	0.0	0.0
GSM4138110_HNSCC_1_PBMC_GGGACCTCAGTCACTA	147.70268251022108	0.0	0.0	0.0	197.27640576109508	2.8915572583468783	0.0	0.0	0.0	0.0	0.0
GSM4138110_HNSCC_1_PBMC_GGGAGATGTGTGCGTC	68.83295892266736	0.0	54.237380937998715	0.0	0.0	0.0	0.0	50.871121992552524	0.0	0.0	0.0
GSM4138110_HNSCC_1_PBMC_GGGAGATTCACGATGT	109.64234170287172	47.245150499724	0.0	0.0	0.0	0.0	0.0	0.0	0.0	0.0	0.0
GSM4138110_HNSCC_1_PBMC_GGGTTGCGTCCGAAGA	124.843769001507	0.3090313950971778	0.0	101.98047755957808	0.0	0.0	0.0	0.0	0.0	0.0	0.0
GSM4138110_HNSCC_1_PBMC_GGTGAAGTCGCTTGTC	121.13946316663431	14.911361444626102	0.0	0.0	84.3168966179168	3.910352274055612	0.0	0.0	0.0	0.0	0.0
GSM4138110_HNSCC_1_PBMC_GGTGTTACAAACGCGA	104.66505233594445	0.0	0.0	8.169505050803329	0.0	1.271094605158015	1.3064451655811706	82.20010403409461	0.0	0.0	0.0
GSM4138110_HNSCC_1_PBMC_GTAACTGTCTTCGAGA	123.83763639362692	49.30414331317032	0.0	48.78358167451466	0.0	0.0	0.0	0.0	0.0	0.0	0.0
GSM4138110_HNSCC_1_PBMC_GTAGGCCAGGTGTGGT	78.04741660695763	0.0	0.0	77.54241507379098	0.0	0.0	0.0	0.0	0.0	0.0	0.0
GSM4138110_HNSCC_1_PBMC_GTAGTCACAGATCCAT	94.12684703944707	54.06372858705218	55.75731730689357	0.0	0.0	0.0	0.0	0.0	0.0	0.0	0.0
GSM4138110_HNSCC_1_PBMC_GTAGTCAGTGGGTCAA	62.903121208569054	0.0	0.0	0.0	0.0	0.0	72.69804285510526	0.0	0.0	0.0	0.0
GSM4138110_HNSCC_1_PBMC_GTATTCTAGGGTTTCT	129.37579671131357	0.0	0.0	0.0	0.0	0.0	0.0	86.22450921286028	0.0	0.0	0.0
GSM4138110_HNSCC_1_PBMC_GTATTCTTCCAAACTG	120.46773633019642	0.0	0.0	111.94735179911446	0.0	9.752672433116695	0.0	0.0	0.0	0.0	0.0
GSM4138110_HNSCC_1_PBMC_GTCGTAACAGGAACGT	88.54671389996349	0.0	0.0	18.097032695332622	53.993184537961625	0.0	0.0	0.0	0.0	0.0	0.0
GSM4138110_HNSCC_1_PBMC_GTCGTAAGTATGAAAC	67.61907348954112	41.6140069829943	0.0	0.0	0.0	0.0	48.12101577117593	0.0	0.0	0.0	0.0
GSM4138110_HNSCC_1_PBMC_GTCTCGTGTACGCACC	136.04898548878145	0.0	0.0	49.910856076935325	0.0	0.0	0.0	0.0	0.0	0.0	0.0
GSM4138110_HNSCC_1_PBMC_GTGGGTCAGAATGTGT	63.39974768824776	0.0	0.0	0.0	0.0	0.0	52.62234282741754	0.0	10.589768356028909	0.0	0.0
GSM4138110_HNSCC_1_PBMC_GTTCATTGTAGCTGCC	109.03810735652772	157.42612159100423	0.0	0.0	0.0	0.0	0.0	0.0	0.0	0.0	0.0
GSM4138110_HNSCC_1_PBMC_GTTCATTTCCGCGGTA	107.50816013051725	55.010217070124504	21.368298338805168	0.0	0.0	0.0	46.97467228798675	0.0	0.0	0.0	0.0
GSM4138110_HNSCC_1_PBMC_GTTCTCGCACTATCTT	102.86487066074683	73.81908895290127	0.0	0.0	0.0	0.0	0.0	0.0	0.0	0.0	0.0
GSM4138110_HNSCC_1_PBMC_GTTCTCGTCAGAGACG	84.68285220846286	0.0	0.0	14.677711453944738	0.0	70.2405913293246	0.0	0.0	0.0	0.0	0.0
GSM4138110_HNSCC_1_PBMC_TAAGCGTAGGTGCTTT	176.5228634864039	0.0	190.29278870873557	0.0	0.0	0.0	0.0	0.0	0.0	0.0	0.0
GSM4138110_HNSCC_1_PBMC_TACAGTGGTCATCGGC	127.97853394878938	169.67289058736768	0.0	0.0	0.0	0.0	0.0	0.0	0.0	0.0	0.0
GSM4138110_HNSCC_1_PBMC_TACCTTATCACGATGT	158.10229458233715	116.53740040570294	0.0	0.0	0.0	0.0	0.0	0.0	0.0	0.0	0.0
GSM4138110_HNSCC_1_PBMC_TACGGATTCTAACTTC	65.21838592352366	0.0	0.0	61.109446875339415	24.916164892053448	0.0	0.0	0.0	0.0	0.0	0.0
GSM4138110_HNSCC_1_PBMC_TACTTGTAGTCATCCA	74.3340216115363	34.62032551143368	0.0	0.0	0.0	0.0	88.8770223672524	0.0	0.0	0.0	0.0
GSM4138110_HNSCC_1_PBMC_TACTTGTTCAGAGCTT	99.22329089102494	0.0	0.0	0.0	0.0	0.0	139.93487131725362	0.0	0.0	0.0	0.0
GSM4138110_HNSCC_1_PBMC_TAGACCAGTCCGAGTC	109.5158852795655	0.0	0.0	120.49840697462359	0.0	0.0	0.0	0.0	0.0	0.0	0.0
GSM4138110_HNSCC_1_PBMC_TAGAGCTGTTCCCTTG	79.07846952993376	57.90994275266536	0.0	0.0	35.38410722647813	0.0	0.0	0.0	0.0	0.0	0.0
GSM4138110_HNSCC_1_PBMC_TATCTCACACGGCGTT	123.32505577607915	0.0	0.0	0.0	0.0	108.41950393976603	0.0	0.0	0.0	0.0	0.0
GSM4138110_HNSCC_1_PBMC_TATCTCATCAACGGGA	121.48770420173446	142.51215077420085	0.0	0.0	0.0	0.0	0.0	0.0	9.781838391568275	0.0	0.0
GSM4138110_HNSCC_1_PBMC_TCACGAATCTGTCCGT	96.44195943137723	0.0	0.0	0.0	0.0	0.0	0.0	48.953132245797086	0.0	0.0	83.55818299422536
GSM4138110_HNSCC_1_PBMC_TCAGATGTCCGCGTTT	108.1248915537063	0.0	0.0	34.98597928451315	0.0	48.51508688005909	0.0	0.0	0.0	0.0	0.0
GSM4138110_HNSCC_1_PBMC_TCAGCAAAGGCGCTCT	166.68770433263344	0.0	0.0	0.0	0.0	0.0	55.57146363204519	20.16541933540201	0.0	0.0	0.0
GSM4138110_HNSCC_1_PBMC_TCATTACAGCGCTCCA	86.12026850034837	0.0	0.0	60.34112495300943	0.0	0.0	0.0	0.0	0.0	62.59916010513975	0.0
GSM4138110_HNSCC_1_PBMC_TCCCGATAGTGGAGAA	81.21345778472711	0.0	0.0	0.0	0.0	0.0	0.0	74.03906467109296	0.0	0.0	0.0
GSM4138110_HNSCC_1_PBMC_TCGCGAGGTAGCACGA	146.21577068123534	148.36280182990976	0.0	0.0	0.0	0.0	0.0	0.0	0.0	0.0	0.0
GSM4138110_HNSCC_1_PBMC_TCGGGACTCAACGAAA	111.22560926031802	0.0	0.0	0.0	38.25127668039762	59.50155586343998	0.0	0.0	0.0	0.0	0.0
GSM4138110_HNSCC_1_PBMC_TCGGGACTCGAGAGCA	175.49562676733592	0.0	0.0	0.0	135.0362810803461	16.454013140531075	0.0	0.0	0.0	0.0	0.0
GSM4138110_HNSCC_1_PBMC_TCGGTAATCACTCTTA	97.64193961561934	0.0	0.0	0.0	122.74384057350184	0.0	0.0	0.0	0.0	0.0	0.0
GSM4138110_HNSCC_1_PBMC_TCGTACCTCCGCAAGC	323.7857573127896	0.0	0.0	0.0	113.71965701950539	68.49476671155817	0.0	0.0	0.0	0.0	0.0
GSM4138110_HNSCC_1_PBMC_TCGTACCTCTGCCCTA	181.52746909553863	0.0	0.0	0.0	222.9019418615615	0.0	0.0	0.0	0.0	0.0	0.0
GSM4138110_HNSCC_1_PBMC_TCTATTGGTCTAAAGA	84.77286377153241	0.0	0.0	85.26627574783272	0.0	0.0	0.0	23.78455679119496	0.0	0.0	0.0
GSM4138110_HNSCC_1_PBMC_TCTATTGGTTGGTTTG	85.14679651367916	0.0	0.0	0.0	0.0	0.0	102.33078530526741	0.0	0.0	0.0	0.0
GSM4138110_HNSCC_1_PBMC_TCTATTGTCTGCAGTA	70.23661839437017	0.0	56.46190539799438	0.0	0.0	0.0	0.0	0.0	0.0	0.0	0.0
GSM4138110_HNSCC_1_PBMC_TCTGAGACAGATAATG	129.2461602277991	134.69296184060323	0.0	0.0	0.0	0.0	6.569189446479813	0.0	0.0	0.0	0.0
GSM4138110_HNSCC_1_PBMC_TCTGAGAGTAAGAGAG	97.66229782667088	0.0	0.0	51.030830167417136	0.0	34.156097411840385	0.0	7.422194858059275	0.0	0.0	0.0
GSM4138110_HNSCC_1_PBMC_TCTGAGATCCTTTCTC	91.10883736078496	5.799544056470444	0.0	126.52459718007485	0.0	0.0	0.0	0.0	0.0	0.0	0.0
GSM4138110_HNSCC_1_PBMC_TCTGGAATCTCAAACG	86.0158964838577	134.5131991737587	0.0	0.0	0.0	0.0	0.0	0.0	0.0	0.0	0.0
GSM4138110_HNSCC_1_PBMC_TCTTTCCAGTGGGCTA	90.08740404604447	0.0	0.0	0.0	128.76310859879516	0.0	0.0	0.0	0.0	0.0	0.0
GSM4138110_HNSCC_1_PBMC_TGAAAGACACTTCGAA	45.286334628532806	0.0	0.0	0.0	87.43058883906009	0.0	0.0	0.0	0.0	0.0	0.0
GSM4138110_HNSCC_1_PBMC_TGACAACGTTAAGGGC	158.89373928498264	145.33218385542156	0.0	0.0	0.0	0.0	0.0	0.0	0.0	0.0	0.0
GSM4138110_HNSCC_1_PBMC_TGACGGCAGCGCCTTG	74.58986891072716	0.0	0.0	188.1412215952897	0.0	0.0	0.0	0.0	0.0	0.0	0.0
GSM4138110_HNSCC_1_PBMC_TGACGGCGTTACGACT	87.07106215552439	0.0	0.0	0.0	52.56720677006377	41.80610853048837	0.0	0.0	0.0	0.0	0.0
GSM4138110_HNSCC_1_PBMC_TGACGGCTCGGTTCGG	120.12957421171662	96.16559693278435	0.0	0.0	0.0	0.0	0.0	0.0	0.0	0.0	0.0
GSM4138110_HNSCC_1_PBMC_TGACTAGAGAACTGTA	52.514025129371774	70.67394654634033	0.0	13.446555889340651	0.0	3.122942501681281	0.0	0.0	0.0	0.0	0.0
GSM4138110_HNSCC_1_PBMC_TGAGCATGTATTCTCT	311.4601566055975	0.0	0.0	0.0	0.0	222.02367257126352	0.0	0.0	0.0	0.0	0.0
GSM4138110_HNSCC_1_PBMC_TGCACCTTCCAGGGCT	135.3621377169988	165.79110962151964	0.0	0.0	0.0	0.0	0.0	0.0	0.0	0.0	0.0
GSM4138110_HNSCC_1_PBMC_TGCCAAATCGCGGATC	82.03041956937402	127.5032788806987	0.0	0.0	0.0	0.0	0.0	0.0	0.0	0.0	0.0
GSM4138110_HNSCC_1_PBMC_TGCCAAATCTTCCTTC	86.24415575106892	76.55151382002525	0.0	0.0	0.0	0.0	0.0	0.0	0.0	0.0	0.0
GSM4138110_HNSCC_1_PBMC_TGCCCATGTGGTCCGT	96.3168534110988	0.0	0.0	0.0	82.12194350933544	0.0	0.0	0.0	0.0	0.0	0.0
GSM4138110_HNSCC_1_PBMC_TGCCCTACAAAGCAAT	107.92855940041804	123.88441199375255	0.0	0.0	0.0	0.0	0.0	0.0	0.0	0.0	0.0
GSM4138110_HNSCC_1_PBMC_TGCCCTAGTGTCGCTG	105.78178503116882	0.0	0.0	0.0	19.49442619126618	0.0	0.0	134.1970455570306	0.0	0.0	0.0
GSM4138110_HNSCC_1_PBMC_TGCGCAGAGGGCATGT	232.815051952555	0.0	181.37012365173783	0.0	0.0	0.0	0.0	0.0	0.0	0.0	0.0
GSM4138110_HNSCC_1_PBMC_TGCTACCCACTACAGT	151.15118073330225	58.48822337454702	58.90491527076007	0.0	0.0	0.0	0.0	0.0	0.0	0.0	0.0
GSM4138110_HNSCC_1_PBMC_TGCTACCCATTACGAC	90.78152162989	10.667153873347361	66.21310808892292	0.0	0.0	0.0	0.0	0.0	0.0	0.0	0.0
GSM4138110_HNSCC_1_PBMC_TGCTACCTCAACCAAC	150.4988683040418	58.17133366036279	0.0	0.0	2.1996912602385055	0.0	0.0	0.0	0.0	0.0	0.0
GSM4138110_HNSCC_1_PBMC_TGGACGCGTCATACTG	146.8187329358781	0.0	0.0	0.0	127.63332375447607	0.0	0.0	0.0	0.0	0.0	0.0
GSM4138110_HNSCC_1_PBMC_TGGCCAGTCCTTAATC	127.6979322278999	104.38905557273482	0.0	0.0	0.0	0.0	0.0	0.0	0.0	0.0	0.0
GSM4138110_HNSCC_1_PBMC_TGGCTGGCAGTCGATT	255.90778155851734	155.82948925977522	0.0	0.0	0.0	0.0	0.0	0.0	0.0	0.0	0.0
GSM4138110_HNSCC_1_PBMC_TGGGAAGCAATGGAGC	49.63482720895476	71.42168710076376	0.0	0.0	0.0	0.0	2.308553155071398	0.0	0.0	0.0	0.0
GSM4138110_HNSCC_1_PBMC_TGGGCGTAGGGAGTAA	120.14033064692028	80.7606336640151	0.0	0.0	0.0	0.0	0.0	0.0	0.0	0.0	0.0
GSM4138110_HNSCC_1_PBMC_TGGGCGTGTTCGCGAC	109.02330908251966	0.0	0.0	62.4740834541608	0.0	0.0	0.0	0.0	0.0	0.0	0.0
GSM4138110_HNSCC_1_PBMC_TGGGCGTTCAACTCTT	57.926083118760886	0.0	0.0	0.0	0.0	114.24377867371861	0.0	0.0	0.0	0.0	0.0
GSM4138110_HNSCC_1_PBMC_TGGTTAGGTAGAAAGG	72.14407042293735	0.0	0.0	0.0	61.62175853316919	8.994671657403082	0.0	0.0	0.0	0.0	0.0
GSM4138110_HNSCC_1_PBMC_TGGTTAGTCGTCCGTT	149.9871525187456	125.69168939420526	0.0	0.0	0.0	0.0	0.0	0.0	0.0	0.0	0.0
GSM4138110_HNSCC_1_PBMC_TTAACTCGTGTTCTTT	53.768856922083295	109.30208897908611	0.0	0.0	17.270641535116663	0.0	0.0	0.0	0.0	0.0	0.0
GSM4138110_HNSCC_1_PBMC_TTAACTCGTTAGTGGG	131.2194721147746	0.0	0.0	147.14621591177612	0.0	9.331410282175392	0.0	0.0	0.0	0.0	0.0
GSM4138110_HNSCC_1_PBMC_TTAGGCATCATGTCCC	71.9552757761	50.024698748261486	27.204026078847217	0.0	0.0	0.0	0.0	0.0	0.0	0.0	0.0
GSM4138110_HNSCC_1_PBMC_TTCTACAGTTGTGGAG	59.37025393272676	65.36008445640708	0.0	0.0	0.0	0.0	0.0	0.0	0.0	0.0	0.0
GSM4138110_HNSCC_1_PBMC_TTCTCAATCCTCTAGC	110.77139942048632	129.6889731200175	21.354241268563094	0.0	0.0	0.0	0.0	0.0	0.0	0.0	0.0
GSM4138110_HNSCC_1_PBMC_TTCTCCTTCCCGACTT	109.2476856311849	0.0	0.0	0.0	36.97168997740923	13.916805641068235	0.0	0.0	0.0	0.0	0.0
GSM4138110_HNSCC_1_PBMC_TTGACTTCATGGAATA	89.36046750857972	0.0	0.0	105.54441306344638	0.0	0.0	0.0	0.0	0.0	0.0	0.0
GSM4138110_HNSCC_1_PBMC_TTGACTTTCAGGTAAA	123.5284412449671	0.0	98.31057566178384	0.0	0.0	0.0	0.0	0.0	0.0	0.0	0.0
GSM4138110_HNSCC_1_PBMC_TTGTAGGCAGCGTTCG	48.17901619385039	29.47283585864527	20.355205198287106	0.0	0.0	0.0	0.0	0.0	0.0	0.0	0.0
GSM4138110_HNSCC_1_PBMC_TTTACTGGTTCTGGTA	74.40950911794327	0.0	0.0	0.0	0.0	0.0	47.624811127995514	0.0	0.0	0.0	0.0
GSM4138110_HNSCC_1_PBMC_TTTATGCGTTTGTGTG	65.5602881648951	0.0	0.0	0.0	81.5436267524022	0.0	0.0	0.0	0.0	0.0	0.0
GSM4138110_HNSCC_1_PBMC_TTTCCTCCAGATCCAT	96.0927302439701	0.0	0.0	0.0	88.79080581741917	0.0	0.0	0.0	0.0	0.0	0.0
GSM4138110_HNSCC_1_PBMC_TTTCCTCGTTCGCGAC	109.5855181155617	0.0	0.0	0.0	0.0	0.0	0.0	168.28855741081014	0.0	0.0	0.0
GSM4138110_HNSCC_1_PBMC_TTTGCGCCACGAAATA	102.7146223117478	7.88072482039297	0.0	0.0	0.0	0.0	84.22054523180516	0.0	0.0	0.0	0.0
GSM4138110_HNSCC_1_PBMC_TTTGCGCGTTTCCACC	103.16460115024537	0.0	0.0	108.99628350439686	0.0	0.0	0.0	0.0	0.0	0.0	0.0
GSM4138110_HNSCC_1_PBMC_TTTGGTTAGAATTGTG	100.35965136979945	0.0	0.0	0.0	107.81975474571716	0.0	0.0	0.0	0.0	0.0	0.0
GSM4138110_HNSCC_1_PBMC_TTTGGTTAGAGCAATT	134.25226809182917	152.7758500536661	0.0	0.0	0.0	0.0	0.0	0.0	0.0	0.0	0.0
GSM4138110_HNSCC_1_PBMC_TTTGGTTGTCCGTGAC	119.06258196609453	75.7406074317909	0.0	0.0	0.0	0.0	0.0	0.0	0.0	0.0	0.0
GSM4138110_HNSCC_1_PBMC_TTTGTCAAGTACGATA	139.2299420141929	118.47456116715851	0.0	0.0	0.0	0.0	0.0	0.0	0.0	0.0	0.0
GSM4138110_HNSCC_1_PBMC_TTTGTCATCAGGCAAG	116.60129610063186	136.22317367217255	0.0	0.0	0.0	0.0	0.0	0.0	0.0	0.0	0.0
GSM4138110_HNSCC_1_PBMC_TTTGTCATCGCGTAGC	132.62101463382075	35.988113264395594	0.0	0.0	0.0	36.39723625526783	0.0	0.0	0.0	0.0	0.0
GSM4138110_HNSCC_1_PBMC_ACGGAGAAGCAGGCTA	136.57738584813018	0.0	0.0	79.38746368537306	0.0	0.0	0.0	0.0	0.0	0.0	0.0
GSM4138110_HNSCC_1_PBMC_ACTATCTGTCGAGTTT	176.46772977185788	145.00202774256556	0.0	0.0	0.0	0.0	0.0	0.0	0.0	0.0	0.0
GSM4138110_HNSCC_1_PBMC_CAGTCCTGTAGAAGGA	101.00113071305417	0.0	0.0	112.28258524437153	0.0	4.097483052594214	0.0	0.0	0.0	0.0	0.0
GSM4138110_HNSCC_1_PBMC_CGATGTATCGGTCTAA	122.36243013835629	68.4188668470836	0.0	0.0	4.061098580127113	0.0	0.0	0.0	0.0	0.0	0.0
GSM4138110_HNSCC_1_PBMC_GACCTGGTCGCCAAAT	119.64782610074388	0.0	0.0	0.0	121.23621266182535	0.0	0.0	0.0	0.0	0.0	0.0
GSM4138110_HNSCC_1_PBMC_TACGGTACATGGTCAT	200.33402006498753	174.96676307212215	0.0	0.0	0.0	3.7900942503231136	0.0	0.0	0.0	0.0	0.0
GSM4138110_HNSCC_1_PBMC_TTAGTTCTCGCGGATC	90.46197045449911	0.0	0.0	0.0	13.223130544850141	54.396864633379465	0.0	0.0	0.0	0.0	0.0
GSM4138110_HNSCC_1_PBMC_AAAGCAACACGCGAAA	183.4551666951441	0.0	0.0	0.0	208.05387484802765	0.0	0.0	0.0	0.0	0.0	0.0
GSM4138110_HNSCC_1_PBMC_AACTTTCGTGTATGGG	91.40841177259627	0.0	0.0	0.0019017648534369325	0.0	51.85390271087273	0.0	0.0	0.0	0.0	0.0
GSM4138110_HNSCC_1_PBMC_AAGGAGCAGGGAAACA	116.7694970189883	0.0	0.0	89.40898416406922	0.0	0.0	0.0	0.0	0.0	0.0	0.0
GSM4138110_HNSCC_1_PBMC_AATCGGTGTAATCACC	129.3126241505569	157.87634837976398	0.0	0.0	0.0	0.0	0.0	0.0	0.0	0.0	0.0
GSM4138110_HNSCC_1_PBMC_ATAACGCTCACAACGT	269.3817253659092	0.0	272.4444131055735	0.0	0.0	0.0	0.0	0.0	0.0	0.0	0.0
GSM4138110_HNSCC_1_PBMC_ATCATCTTCTGGCGAC	324.67673552757236	188.9837760815597	0.0	0.0	0.0	0.0	0.0	0.0	0.0	0.0	0.0
GSM4138110_HNSCC_1_PBMC_ATCCGAATCGTTTATC	205.60761746997397	117.12578829051925	0.0	0.0	0.0	0.0	0.0	0.0	0.0	0.0	0.0
GSM4138110_HNSCC_1_PBMC_ATGCGATTCGTGGGAA	194.5262695333773	0.0	0.0	81.2405059643385	54.89879315079487	0.0	0.0	0.0	0.0	0.0	0.0
GSM4138110_HNSCC_1_PBMC_CAAGAAATCAGGCAAG	109.90225850870137	0.0	0.0	75.80720549533851	26.876733098882895	0.0	0.0	0.0	0.0	0.0	0.0
GSM4138110_HNSCC_1_PBMC_CACAGGCCACACCGAC	333.19839100362225	216.43818958822095	0.0	0.0	14.849984921254661	0.0	0.0	0.0	0.0	0.0	0.0
GSM4138110_HNSCC_1_PBMC_CACTCCATCTGTACGA	102.89650301812452	0.0	0.0	0.0	73.6212382723826	0.0	0.0	0.0	0.0	0.0	0.0
GSM4138110_HNSCC_1_PBMC_CCTTCCCTCGCCTGTT	76.12511550689014	66.48094038439287	0.0	0.0	0.0	0.0	0.0	0.0	0.0	0.0	0.0
GSM4138110_HNSCC_1_PBMC_CGATTGAAGACTAAGT	170.87556011485762	0.0	0.0	58.74124131300942	56.08899378796887	0.0	0.0	0.0	0.0	0.0	0.0
GSM4138110_HNSCC_1_PBMC_CGGACGTTCTGAGTGT	53.47320394331821	0.0	0.0	0.0	118.9094378031022	0.0	0.0	0.0	0.0	0.0	0.0
GSM4138110_HNSCC_1_PBMC_CGGGTCATCCCAACGG	86.65489528457553	75.95639900867694	0.0	0.0	0.0	0.0	0.0	0.0	0.0	0.0	0.0
GSM4138110_HNSCC_1_PBMC_CTCGAGGCATAGACTC	231.01196236644557	0.0	0.0	0.0	182.80505241499577	0.0	0.0	0.0	0.0	0.0	0.0
GSM4138110_HNSCC_1_PBMC_CTCGTCACAATAAGCA	192.86364399310585	147.7147114681173	0.0	0.0	0.0	0.0	0.0	0.0	0.0	0.0	0.0
GSM4138110_HNSCC_1_PBMC_CTGATCCTCTTTAGGG	143.95308556324613	145.27290323179926	0.0	0.0	0.0	0.0	0.0	0.0	0.0	0.0	0.0
GSM4138110_HNSCC_1_PBMC_CTGTGCTTCTAACGGT	155.89209388707454	131.4911124514807	0.0	0.0	0.0	0.0	0.0	0.0	0.0	0.0	0.0
GSM4138110_HNSCC_1_PBMC_CTGTGCTTCTATCGCC	138.2477459527633	0.0	0.0	0.0	151.37290239714463	0.0	0.0	0.0	0.0	0.0	0.0
GSM4138110_HNSCC_1_PBMC_GACTAACGTCGACTGC	167.84209929914329	0.0	105.89586697952478	0.0	0.0	0.0	0.0	0.0	0.0	0.0	0.0
GSM4138110_HNSCC_1_PBMC_GAGGTGATCGTCCGTT	250.01381345219562	89.40354866245599	57.99293900750733	0.0	0.0	0.0	0.0	0.0	0.0	0.0	0.0
GSM4138110_HNSCC_1_PBMC_GATCAGTAGTGTACTC	136.99739016070018	0.0	0.0	153.10066087052542	0.0	0.0	0.0	0.0	0.0	0.0	0.0
GSM4138110_HNSCC_1_PBMC_GCTCTGTAGTATCTCG	441.74725156359943	141.37329636716098	0.0	0.0	42.55628661003236	0.0	0.0	236.67047203559858	0.0	0.0	0.0
GSM4138110_HNSCC_1_PBMC_GGAACTTTCCGATATG	139.3020205666949	0.0	0.0	3.441146935280636	0.0	0.0	0.0	122.95880739014767	0.0	0.0	0.0
GSM4138110_HNSCC_1_PBMC_GGACAGAAGCCATCGC	150.81325714628517	0.0	130.32592125897673	0.0	0.0	0.0	32.59266491229112	0.0	0.0	0.0	0.0
GSM4138110_HNSCC_1_PBMC_GGATGTTGTGCAGTAG	147.34912067235155	64.07726035820873	47.08618657236935	0.0	0.0	0.0	0.0	0.0	0.0	0.0	0.0
GSM4138110_HNSCC_1_PBMC_GTAACTGCAGCTGTTA	143.95261477847828	0.0	0.0	120.67248481198563	0.0	0.0	0.0	0.0	0.0	0.0	0.0
GSM4138110_HNSCC_1_PBMC_GTATTCTAGTAATCCC	234.5362766019676	68.71058291536866	0.0	0.0	120.01446991674666	0.0	0.0	0.0	0.0	0.0	0.0
GSM4138110_HNSCC_1_PBMC_GTGCAGCAGTCAAGCG	3092.559636500241	0.0	0.0	0.0	0.0	0.0	0.0	0.0	0.0	0.0	0.0
GSM4138110_HNSCC_1_PBMC_GTGCATACACAGGCCT	189.3701619902714	158.93066695539503	0.0	0.0	0.0	0.0	0.0	0.0	0.0	0.0	0.0
GSM4138110_HNSCC_1_PBMC_TACTCGCGTTTAGCTG	117.06631962906219	173.42451730272134	0.0	0.0	0.0	0.0	0.0	0.0	0.0	0.0	0.0
GSM4138110_HNSCC_1_PBMC_TACTTACGTTATGCGT	164.32339534808168	0.0	0.0	143.49871612174675	0.0	0.0	0.0	0.0	0.0	0.0	0.0
GSM4138110_HNSCC_1_PBMC_TAGCCGGGTTCAACCA	156.5846280324151	0.0	0.0	0.0	0.0	94.37505901505045	0.0	0.0	0.0	0.0	0.0
GSM4138110_HNSCC_1_PBMC_TCAGCAATCCCAAGAT	193.43216696051343	0.0	0.0	0.0	220.79981354665526	0.0	0.0	0.0	0.0	0.0	0.0
GSM4138110_HNSCC_1_PBMC_TGACGGCGTTGAGTTC	375.3351882013984	0.0	0.0	0.0	0.0	0.0	384.64677587749014	0.0	0.0	0.0	0.0
GSM4138110_HNSCC_1_PBMC_TTGCGTCGTACTTCTT	160.72838831844055	132.94811389425968	0.0	0.0	0.0	0.0	0.0	0.0	0.0	0.0	0.0
GSM4138110_HNSCC_1_PBMC_TTTGTCAGTTAAGATG	92.94427850992349	111.64359251578652	0.0	0.0	0.0	0.0	0.0	0.0	0.0	0.0	0.0
GSM4138110_HNSCC_1_PBMC_ACGCAGCTCGTCACGG	192.73191128406634	0.0	193.78246535037056	0.0	0.0	0.0	0.0	0.0	0.0	0.0	0.0
GSM4138110_HNSCC_1_PBMC_ATCATCTAGGAATCGC	157.7381996110454	0.0	188.52620967026797	0.0	0.0	0.0	0.0	0.0	0.0	0.0	0.0
GSM4138110_HNSCC_1_PBMC_TCAACGAGTTACGGAG	347.56064120071153	336.98132788244374	0.0	0.0	0.0	0.0	0.0	0.0	0.0	0.0	0.0
GSM4138110_HNSCC_1_PBMC_AAACCTGGTCTCCCTA	280.6741976433655	0.0	0.0	0.0	0.0	0.0	341.8281963492555	0.0	0.0	0.0	0.0
GSM4138110_HNSCC_1_PBMC_ACACCGGAGTACACCT	308.8057141237317	0.0	359.16100821264786	0.0	0.0	0.0	0.0	0.0	0.0	0.0	0.0
GSM4138110_HNSCC_1_PBMC_ACTGCTCGTGGTCCGT	276.26767362383583	0.0	296.6220143629056	0.0	0.0	0.0	0.0	0.0	0.0	0.0	0.0
GSM4138110_HNSCC_1_PBMC_AGCTCTCGTTAGTGGG	363.4310013753679	0.0	0.0	0.0	0.0	280.438784947932	0.0	0.0	0.0	0.0	0.0
GSM4138110_HNSCC_1_PBMC_ATGGGAGAGGATGCGT	375.012993255489	0.0	0.0	0.0	0.0	0.0	0.0	0.0	404.71699920698325	0.0	0.0
GSM4138110_HNSCC_1_PBMC_ATTATCCTCGGAAATA	319.60773952595326	0.0	0.0	0.0	0.0	258.22639421659136	0.0	0.0	0.0	0.0	0.0
GSM4138110_HNSCC_1_PBMC_CATCAGATCGCAAACT	302.52482838363204	0.0	0.0	33.687289189600094	0.0	241.23189329416653	0.0	0.0	0.0	0.0	0.0
GSM4138110_HNSCC_1_PBMC_CGTAGCGCATGCAACT	432.3168499141394	0.0	0.0	0.0	0.0	257.8609919785094	0.0	0.0	0.0	0.0	0.0
GSM4138110_HNSCC_1_PBMC_CGTCACTTCACGAAGG	289.56361868721507	0.0	386.19045035212264	0.0	0.0	0.0	0.0	0.0	0.0	0.0	0.0
GSM4138110_HNSCC_1_PBMC_GCATACACACCAGCAC	317.790801728211	0.0	293.1888621764729	0.0	0.0	0.0	0.0	0.0	0.0	0.0	0.0
GSM4138110_HNSCC_1_PBMC_GCGACCAGTCGATTGT	330.0134232415941	0.0	0.0	0.0	0.0	291.1308300237856	0.0	0.0	0.0	0.0	0.0
GSM4138110_HNSCC_1_PBMC_TACTTACTCGGCGCAT	67.5979495383541	0.0	0.0	0.0	0.0	0.0	0.0	0.0	125.17173845790253	0.0	0.0
GSM4138110_HNSCC_1_PBMC_ACCGTAAGTTACGTCA	177.44063076943897	170.8049638872748	72.389049927642	0.0	0.0	0.0	0.0	0.0	0.0	0.0	0.0
GSM4138110_HNSCC_1_PBMC_ATCCACCAGACAGACC	147.3724249695836	0.0	139.97145870308583	0.0	0.0	0.0	0.0	0.0	0.0	0.0	0.0
GSM4138110_HNSCC_1_PBMC_ATGAGGGGTATATGGA	434.745602618781	297.12038824134345	0.0	16.533413338794933	0.0	0.0	0.0	0.0	0.0	0.0	0.0
GSM4138110_HNSCC_1_PBMC_CACCAGGGTCAGAATA	302.48982478040915	76.0242361893459	0.7023487885946604	0.0	104.57125439017749	0.0	0.0	0.0	0.0	0.0	0.0
GSM4138110_HNSCC_1_PBMC_CAGCAGCTCAAAGTAG	189.38164976446754	151.9727470345514	0.0	0.0	0.0	0.0	0.0	0.0	0.0	0.0	0.0
GSM4138110_HNSCC_1_PBMC_CATCCACCAGTAACGG	229.67754292318986	142.66093450552202	0.0	0.0	93.04052159278284	0.0	0.0	0.0	0.0	0.0	0.0
GSM4138110_HNSCC_1_PBMC_CCTTTCTCATCCTAGA	165.37050498885864	0.0	0.0	0.0	210.88640383356463	0.0	0.0	0.0	0.0	0.0	0.0
GSM4138110_HNSCC_1_PBMC_CGTAGGCTCTACCAGA	196.33833160210378	0.0	216.46073323866722	0.0	0.0	0.0	0.0	0.0	0.0	0.0	0.0
GSM4138110_HNSCC_1_PBMC_CTGCCTAAGGACATTA	173.04138929962033	0.0	0.0	0.0	177.71988711130254	0.0	0.0	0.0	0.0	0.0	0.0
GSM4138110_HNSCC_1_PBMC_CTTTGCGGTGGTCCGT	175.76086378650425	0.0	152.68950185165147	0.0	0.0	0.0	0.0	0.0	0.0	0.0	0.0
GSM4138110_HNSCC_1_PBMC_GAAACTCAGACAAGCC	174.22500548935744	230.79112543038008	0.0	0.0	0.0	0.0	0.0	0.0	0.0	0.0	0.0
GSM4138110_HNSCC_1_PBMC_GACCAATAGCCCGAAA	342.78951345653195	275.73158648890796	0.0	0.0	0.0	0.0	0.0	0.0	0.0	0.0	0.0
GSM4138110_HNSCC_1_PBMC_GACCAATAGGGCTCTC	228.76673172960386	0.0	185.30367905217742	0.0	23.898409797917424	0.0	0.0	0.0	0.0	0.0	0.0
GSM4138110_HNSCC_1_PBMC_GATGCTATCCTCTAGC	289.39728977927393	0.0	212.2992115164308	0.0	0.0	0.0	0.0	0.0	0.0	0.0	0.0
GSM4138110_HNSCC_1_PBMC_GCTGCGATCCCGACTT	113.12870722654047	25.588865697651777	0.0	0.0	107.16514978295757	0.0	0.0	0.0	0.0	0.0	0.0
GSM4138110_HNSCC_1_PBMC_GTTACAGCAAGTTGTC	188.42377632165113	110.60350893464253	0.0	0.0	0.0	0.0	0.0	0.0	0.0	0.0	0.0
GSM4138110_HNSCC_1_PBMC_TAGGCATTCAGCGACC	241.12661049059903	0.0	0.0	0.0	216.29078111624395	0.0	0.0	0.0	0.0	0.0	0.0
GSM4138110_HNSCC_1_PBMC_TCGTACCTCCATGAAC	138.1230624223581	0.0	11.62235332827556	0.0	316.90887734501354	0.0	0.0	0.0	0.0	0.0	0.0
GSM4138110_HNSCC_1_PBMC_TGCGCAGAGAGTCGGT	152.5915579665124	0.0	195.234917236303	0.0	0.0	0.0	0.0	0.0	0.0	0.0	0.0
GSM4138110_HNSCC_1_PBMC_TTGCCGTTCCTATTCA	257.56144611175023	0.0	0.0	0.0	0.0	0.0	0.0	0.0	0.0	45.12043811522401	212.49886707096735
GSM4138110_HNSCC_1_PBMC_TTTACTGAGTCCCACG	247.72701528144333	196.55081067670105	0.0	0.0	0.0	0.0	0.0	0.0	0.0	0.0	0.0
GSM4138110_HNSCC_1_PBMC_ACGGGTCGTCTTGATG	97.03110940952591	0.0	0.0	113.78369335878634	0.0	0.0	0.0	0.0	0.0	0.0	0.0
GSM4138110_HNSCC_1_PBMC_AGTGAGGAGGAATCGC	80.29387406164072	48.109889722277785	0.0	0.0	0.0	0.0	0.0	0.0	103.8169064598393	0.0	0.0
GSM4138110_HNSCC_1_PBMC_ATGTGTGCAAGCTGGA	215.01065222122818	182.91299063348822	0.0	0.0	0.0	0.0	13.337367068019773	0.0	0.0	0.0	0.0
GSM4138110_HNSCC_1_PBMC_CGACCTTAGTTACGGG	194.01449612451356	220.3336529693233	0.0	0.0	0.0	0.0	0.0	0.0	0.0	0.0	0.0
GSM4138110_HNSCC_1_PBMC_GCGACCACATGCATGT	155.9186024436942	161.90710926004826	0.0	0.0	0.0	0.0	0.0	0.0	0.0	0.0	0.0
GSM4138110_HNSCC_1_PBMC_GGATTACGTGCATCTA	163.04839111775243	0.0	0.0	136.21636604597364	20.857925145551064	0.0	0.0	0.0	0.0	0.0	0.0
GSM4138110_HNSCC_1_PBMC_GTGCAGCCACCAGATT	121.78239248312835	106.06985386417769	0.0	0.0	0.0	0.0	0.0	0.0	0.0	0.0	0.0
GSM4138110_HNSCC_1_PBMC_GTGCGGTTCTATGTGG	233.8527589413745	0.0	128.22372405445088	0.0	0.0	0.0	0.0	0.0	0.0	0.0	0.0
GSM4138110_HNSCC_1_PBMC_GTTCATTTCCCTCTTT	151.15369375647026	0.0	0.0	13.17170873597641	94.52192937845942	0.0	0.0	0.0	0.0	0.0	0.0
GSM4138110_HNSCC_1_PBMC_TCATTACGTAATCACC	273.3269495812916	165.56469940946528	0.0	0.0	0.0	0.0	0.0	0.0	0.0	0.0	0.0
GSM4138110_HNSCC_1_PBMC_TTGCCGTTCAGAAATG	119.76129520067322	0.0	0.0	0.0	0.0	152.14171744371677	0.0	0.0	0.0	0.0	0.0
GSM4138110_HNSCC_1_PBMC_TTTGCGCAGTAGCGGT	250.76112426352282	103.31260283699636	0.0	176.05296688157839	0.0	62.03969613762456	0.0	0.0	0.0	0.0	0.0
GSM4138110_HNSCC_1_PBMC_TTTGGTTAGCACAGGT	191.32992013166282	0.0	0.0	0.0	0.0	86.00593848293217	0.0	87.34592138364955	0.0	0.0	0.0
