	1	2	3	4	5	6	7
GSM4138110_HNSCC_1_PBMC_AAACCTGAGGAGCGTT	386.47204683331546	99.46932643665737	0.0	13.43678469124325	43.8418370518055	58.98040982869653	0.0
GSM4138110_HNSCC_1_PBMC_AAACCTGCAGATGAGC	637.468460403927	87.46203047276664	8.905262452680226	43.039893132468094	70.24992749964936	0.0	6.190441188067322
GSM4138110_HNSCC_1_PBMC_AACGTTGAGACTGGGT	262.87889667948895	0.0	156.513320725624	11.530672580600767	46.838913778016206	0.0	0.0
GSM4138110_HNSCC_1_PBMC_AACGTTGGTTACGACT	158.96064803779336	225.83590468998955	59.94794607992227	0.0	43.17043305745858	0.0	0.0
GSM4138110_HNSCC_1_PBMC_AACGTTGTCTAAGCCA	362.85780877063866	0.0	139.88714939018953	41.311812318049014	33.39986909386251	7.02553234523141	0.0
GSM4138110_HNSCC_1_PBMC_AACTCCCCATTTCAGG	501.02892033145747	54.35847801142516	47.648804516624125	0.0	25.559388334321056	0.0	32.131890440125105
GSM4138110_HNSCC_1_PBMC_AAGCCGCCACTTCTGC	651.0758856507283	15.189316837210955	131.395877826642	12.452088186194652	0.0	0.0	0.0
GSM4138110_HNSCC_1_PBMC_AAGGTTCGTCTCTTAT	295.5123891680924	151.93671843294717	0.0	38.29663632596527	88.64148189461245	1.6378889187443153	0.0
GSM4138110_HNSCC_1_PBMC_AAGTCTGAGTACCGGA	297.18353095621984	103.9610099421988	97.17727775774915	0.0	6.632636581695262	0.0	0.8270910115777353
GSM4138110_HNSCC_1_PBMC_AAGTCTGGTTGCCTCT	316.50347154072034	58.75668582257846	78.07822772520946	31.580167480630205	14.371654734738811	15.272928265620534	0.0
GSM4138110_HNSCC_1_PBMC_AAGTCTGTCCAAACTG	449.977483989721	135.30325060398843	33.68211978174412	0.0	79.03967347300355	7.266586383996535	0.0
GSM4138110_HNSCC_1_PBMC_ACATGGTCACATGGGA	16.8395243739267	43.33576859457415	146.52176637416588	60.08621422227307	135.7036223782236	21.104653684237782	0.0
GSM4138110_HNSCC_1_PBMC_ACGAGCCAGTATCTCG	617.2356955820649	0.0	1.1541504341885065	0.0	15.255939837024387	81.61963007048139	0.0
GSM4138110_HNSCC_1_PBMC_ACGAGCCCACTTAACG	899.239035067159	77.71110727797543	125.43897905439624	132.57360408734564	33.923636835691305	0.0	48.432709250710765
GSM4138110_HNSCC_1_PBMC_ACTATCTTCTTCCTTC	694.2193171014993	0.0	0.0	43.451249986897174	6.605074958402852	68.02651187853074	0.0
GSM4138110_HNSCC_1_PBMC_AGAGCTTAGAGCTGGT	572.0659323020346	133.8562851281279	85.68850458096253	50.70734798156308	40.60332609617391	0.0	0.0
GSM4138110_HNSCC_1_PBMC_AGATTGCGTCGCCATG	509.1751238535045	65.97009324505338	23.23396086991745	49.69708462107364	0.0	0.0	21.6668694036663
GSM4138110_HNSCC_1_PBMC_AGCGTATGTTATCCGA	469.7610218110154	107.25827511795185	38.2767724318431	9.569998462812789	77.35940113533727	0.0	4.450338113035765
GSM4138110_HNSCC_1_PBMC_AGGCCACAGTACTTGC	437.43872485236534	25.49894245448161	0.0	16.534666009996638	14.746251468730692	27.731575949102737	26.867387172924165
GSM4138110_HNSCC_1_PBMC_AGGCCACCACTAAGTC	609.61459674373	75.39996260192041	42.23177338486872	116.84031502164399	325.03818577002073	26.229148712304262	0.7120325206604332
GSM4138110_HNSCC_1_PBMC_AGTAGTCTCTTAGCCC	430.9513221868512	14.630236693652027	30.6886744436763	38.23868899612939	18.336922106259525	22.37341776932976	0.0
GSM4138110_HNSCC_1_PBMC_AGTGAGGGTGGCCCTA	589.1320333736544	288.69945032111923	57.88577052092979	12.340177935588796	0.0	0.0	15.006825442709552
GSM4138110_HNSCC_1_PBMC_AGTGTCATCTCGCATC	388.82759114194835	156.38579353921818	45.15823211591168	3.7135591230058655	0.0	0.0	0.0
GSM4138110_HNSCC_1_PBMC_AGTTGGTCATGGTTGT	760.847139692673	28.383317810336525	49.31113964191634	31.414043721311465	53.77706482077209	18.732049354599553	0.0
GSM4138110_HNSCC_1_PBMC_AGTTGGTTCTTGGGTA	354.09572054566996	55.0323619801634	72.98867274127039	30.105500598108645	8.96929147038356	11.761894300909033	0.0
GSM4138110_HNSCC_1_PBMC_ATCTACTAGGGTGTGT	376.10871128189626	284.6520203272493	42.12897744238949	117.07728901420529	269.9556835734138	171.64401193220283	0.0
GSM4138110_HNSCC_1_PBMC_ATCTACTAGTACGTTC	428.9012095121858	129.83605895508163	66.22926450851917	74.83619538407262	52.746321487553814	0.0	0.0
GSM4138110_HNSCC_1_PBMC_ATGAGGGCAAGCGATG	378.6348464238829	147.0148250286319	106.56574570256974	0.0	0.0	0.0	0.0
GSM4138110_HNSCC_1_PBMC_ATGAGGGCACACAGAG	427.37310315912526	112.22087141670934	0.0	0.2733154165645815	10.84565488877703	0.0	4.564129660283574
GSM4138110_HNSCC_1_PBMC_ATGCGATGTTTGACAC	397.53521977526475	69.28493639039486	108.77178546232108	3.866578250366268	10.138805870543557	0.0	0.0
GSM4138110_HNSCC_1_PBMC_ATGTGTGCATGCGCAC	303.1756941092061	106.0686157756732	63.55542067920699	38.298750056706865	1.622254733911008	0.0	4.334617103163131
GSM4138110_HNSCC_1_PBMC_ATTACTCTCATGCTCC	586.9424064857783	54.34553258052104	42.54732948188491	4.30506787010719	1.909816124365502	0.0	46.66812814526919
GSM4138110_HNSCC_1_PBMC_ATTATCCGTCACACGC	437.1248438073516	235.02816318676037	0.0	66.34615687434106	20.938276935639937	12.509586254545152	0.0
GSM4138110_HNSCC_1_PBMC_ATTGGACAGAGATGAG	336.35134250119336	108.16721489733997	51.92822005261025	0.0	41.52727026354202	0.0	38.32163506902697
GSM4138110_HNSCC_1_PBMC_ATTGGTGCAGTGAGTG	639.5838633879799	44.02647985320183	20.41588989876209	5.607987898362018	0.0	0.0	0.0
GSM4138110_HNSCC_1_PBMC_CAACCAAGTTATCGGT	341.24055906507243	7.454714252137981	46.37312131284055	46.963450308338935	3.797129592292899	28.813219024460565	9.954612684729858
GSM4138110_HNSCC_1_PBMC_CAACCAATCCTTGACC	519.2620292941683	33.11374915541089	12.33502511959279	11.295682888325365	4.756255507726664	0.0	0.0
GSM4138110_HNSCC_1_PBMC_CACAGTAGTCTCCATC	441.4621812278015	31.578251487131105	0.0	52.08750252704453	39.47541462700343	46.93533065644387	0.0
GSM4138110_HNSCC_1_PBMC_CACATAGCAAAGCGGT	277.871722594132	110.45634958228118	0.0	58.94623042926071	0.0	0.0	36.59795159642527
GSM4138110_HNSCC_1_PBMC_CACATAGCACCTCGTT	384.8123484370312	117.60554674979346	62.48889813018639	0.0	37.461108130943686	14.002525173457277	0.0
GSM4138110_HNSCC_1_PBMC_CACATTTGTGCACTTA	492.01876239275987	42.862957883937874	20.67664417219789	1.275416416233537	0.0	21.73410134225051	3.8375418193182647
GSM4138110_HNSCC_1_PBMC_CACATTTTCCCATTAT	80.75204580362393	146.85709501176888	52.97606035971824	63.07166845180744	69.62948785329668	23.003457251385164	0.0
GSM4138110_HNSCC_1_PBMC_CACATTTTCTGGTTCC	474.2407541261606	58.58100248507968	0.0	29.41274351210943	20.011820452987507	6.032254576823447	0.0
GSM4138110_HNSCC_1_PBMC_CACCAGGTCGTGGGAA	650.184612800869	24.854283326783833	0.0	11.06937719474681	50.7212948320392	0.0	0.0
GSM4138110_HNSCC_1_PBMC_CAGCAGCCAATGGTCT	382.43867614135723	26.057724183630167	10.420531544544954	0.0	13.663529510797742	0.0	30.915647662461097
GSM4138110_HNSCC_1_PBMC_CAGCATAGTCCGAGTC	404.2940660345933	36.520261442837636	0.0	49.0479528228786	56.21789881560575	0.0	0.0
GSM4138110_HNSCC_1_PBMC_CAGCCGAAGCCCAACC	614.0551652602458	87.37771702080158	0.0	0.0	4.434794610285047	0.0	0.0
GSM4138110_HNSCC_1_PBMC_CAGCCGACATCGACGC	268.5563111198393	122.11021605896198	113.60513192263869	47.86936565055685	23.09005048189866	0.0	0.0
GSM4138110_HNSCC_1_PBMC_CATATTCTCCGCGTTT	422.5321985346024	138.70776668231446	52.13418372489316	0.0	19.9473749590645	0.0	0.0
GSM4138110_HNSCC_1_PBMC_CCAATCCCATTAGCCA	444.52878563539525	239.9927222399379	158.35377722546838	2.970198704218716	2.6736960485067174	0.0	0.0
GSM4138110_HNSCC_1_PBMC_CCACGGAAGATCGGGT	225.20581181090404	31.532450138987713	87.7154208328092	16.042459351522748	60.892496086454074	101.28425608471375	0.0
GSM4138110_HNSCC_1_PBMC_CCATGTCAGAGGTAGA	506.1161000679488	118.77165668211111	52.65005587316654	45.102662331924094	0.0	0.0	28.294577177743708
GSM4138110_HNSCC_1_PBMC_CCATGTCCATGCCCGA	382.4542475748853	226.13991180170723	124.72395575621768	35.01017562093833	0.0	0.0	25.88603979478154
GSM4138110_HNSCC_1_PBMC_CCGGTAGAGCTCCTCT	169.51999947871465	248.72932888800096	0.0	31.94077232426261	77.86070103084131	0.0	0.0
GSM4138110_HNSCC_1_PBMC_CCTCTGAAGGGATCTG	373.48697422762524	58.98078522356523	62.78581991006583	42.881736150496394	0.38437244710375734	15.157530500657659	0.0
GSM4138110_HNSCC_1_PBMC_CGAACATGTTCGTTGA	380.37808986204936	89.56712179372141	0.0	27.599362426742204	24.76849956446699	0.0	0.0
GSM4138110_HNSCC_1_PBMC_CGAACATTCTGTCCGT	553.4816915498062	12.075948947631751	50.817727518328745	0.0	45.09353682831205	0.0	0.0
GSM4138110_HNSCC_1_PBMC_CGAATGTAGCGTCTAT	529.5793005992624	100.70949178515598	0.0	8.892557210906928	0.0	0.0	0.0
GSM4138110_HNSCC_1_PBMC_CGGGTCAAGTCTCGGC	384.72221422522534	27.492544996777923	89.61114728960335	31.848523870209256	39.393058739306355	0.0	6.144578685420367
GSM4138110_HNSCC_1_PBMC_CGTCTACCAAGCGTAG	504.02376576937013	66.1439628905579	31.623351808203832	12.257095448015564	34.71006569153555	0.0	60.35501695862142
GSM4138110_HNSCC_1_PBMC_CGTGTCTAGGTCGGAT	718.9180198962582	109.26321021300473	0.0	11.031470689416553	2.115008627235974	0.0	0.0
GSM4138110_HNSCC_1_PBMC_CGTTAGACATCCAACA	285.01881512336735	129.12882776185458	4.106219718116484	59.906281552463106	46.529992058533345	0.0	0.0
GSM4138110_HNSCC_1_PBMC_CGTTGGGCATATGCTG	325.67481329392257	61.27990831889054	23.290487444833158	61.74437316189815	22.46563857387593	0.0	20.812773029264243
GSM4138110_HNSCC_1_PBMC_CTAATGGTCTCGCTTG	484.8544192304211	42.74572140765076	11.812208974494764	35.26288864881269	0.0	0.0	0.0
GSM4138110_HNSCC_1_PBMC_CTACATTTCACCAGGC	531.9615352568795	118.92137922290252	29.36381765220774	3.3436887997398643	8.218116678688792	0.0	0.0
GSM4138110_HNSCC_1_PBMC_CTACGTCTCGAACGGA	343.19024996232463	72.34754387694659	24.45254617334458	33.46973257161307	18.573217421614466	0.0	0.0
GSM4138110_HNSCC_1_PBMC_CTAGAGTCACTTACGA	631.0271146651323	0.0	0.0	0.0	0.0	14.882822652846475	31.201334230512717
GSM4138110_HNSCC_1_PBMC_CTCAGAATCCGGGTGT	227.31765095295654	145.88949211573748	80.68566203114688	23.74328271170982	10.77172160062842	0.0	36.081272927292275
GSM4138110_HNSCC_1_PBMC_CTCGGGATCAATACCG	383.74388119362226	14.776777458466945	85.28294962933712	37.451259173374815	69.38667369136161	111.42703929044735	0.0
GSM4138110_HNSCC_1_PBMC_CTCGTACAGATCGGGT	781.7519472557	201.263878183591	0.0	201.3224676295671	198.3253477963491	95.11830850789907	0.0
GSM4138110_HNSCC_1_PBMC_CTCGTACTCTGTCCGT	520.9617342260226	130.92161101455125	0.0	0.0	52.11275938041756	10.868831765830086	8.930313660831743
GSM4138110_HNSCC_1_PBMC_CTCTGGTAGGCGTACA	259.93449277167247	86.63134174071942	30.07630852897112	40.766528896831396	3.6365095939244707	2.581963030261735	0.0
GSM4138110_HNSCC_1_PBMC_CTGAAACTCCGAGCCA	465.43389811969826	10.422802673153528	0.0	17.930064342633457	19.447996356849693	0.0	32.34126257083858
GSM4138110_HNSCC_1_PBMC_CTGAAGTAGCGATCCC	516.7267866636741	98.95704028621118	8.549242113630733	0.0	5.184859503476237	0.0	0.0
GSM4138110_HNSCC_1_PBMC_CTGATAGAGATCTGCT	421.89304383291056	45.404092658592475	75.8157151490239	0.0	24.316282497461874	6.7500466867403075	0.0
GSM4138110_HNSCC_1_PBMC_CTGATAGAGCCTTGAT	671.3822319711036	0.0	41.37773218322118	6.468666923886058	23.92959039298959	5.598126505108335	0.0
GSM4138110_HNSCC_1_PBMC_CTGCCTAAGGTGCTTT	406.2011217598513	199.76880647605998	42.882356082045305	22.914570732332177	37.21084103359594	0.0	0.0
GSM4138110_HNSCC_1_PBMC_CTGCCTATCACGACTA	239.0056975382918	77.40156500057786	49.75178028377734	11.916497066596254	23.15663641721359	56.73116995794989	0.0
GSM4138110_HNSCC_1_PBMC_CTGGTCTTCGAGAACG	388.27640035109766	36.02526131689141	0.0	9.23304762461451	24.33812486826437	0.0	0.5258928402997198
GSM4138110_HNSCC_1_PBMC_CTGTTTAAGTGGAGTC	416.89303682719844	0.0	53.19995125167878	11.277764500554676	44.73107149186787	0.0	0.0
GSM4138110_HNSCC_1_PBMC_GAACATCTCCCTAATT	465.4990522843081	338.3593193424249	155.47189678743183	1.4110776104685696	21.820381933393925	0.0	0.0
GSM4138110_HNSCC_1_PBMC_GAACCTATCTGAGGGA	433.669173103685	34.57841598426949	0.0	48.257408429954125	0.0	0.0	18.04555191555138
GSM4138110_HNSCC_1_PBMC_GAATGAATCAGTTAGC	271.73784916001927	90.4101698805793	54.28690375771623	9.608478772984784	2.9390251962257334	24.955647155383446	0.0
GSM4138110_HNSCC_1_PBMC_GATCGATAGTACACCT	551.7040505599458	30.64603932238736	21.038543624709607	28.357603586688356	1.8454924572372107	0.0	0.0
GSM4138110_HNSCC_1_PBMC_GATCGATTCAGCATGT	626.2857679964992	0.0	190.73681210794618	11.185592286589385	37.30850599232604	9.03174625109592	0.0
GSM4138110_HNSCC_1_PBMC_GATGAAATCCAAGCCG	656.5668447858458	16.75687683239928	0.0	36.283240050687525	0.0	14.763573058990032	0.0
GSM4138110_HNSCC_1_PBMC_GCACATAAGGTGTGGT	358.0516019379116	83.87607657185329	17.15162873664471	36.28491691881171	91.90764216358977	0.0	0.0
GSM4138110_HNSCC_1_PBMC_GCACTCTGTACAGTGG	516.4018812925821	0.0	0.0	0.0	26.57219541647385	2.8484320068544147	118.22807573032348
GSM4138110_HNSCC_1_PBMC_GCCTCTAAGTTAAGTG	390.966156101851	29.34038409080922	34.22961639985097	7.3191054521535595	7.570036492950029	2.6275599633666467	4.74157267794101
GSM4138110_HNSCC_1_PBMC_GCCTCTAGTTGAACTC	361.04484061797444	37.59078054743633	67.86503023927273	0.0	23.26775328642708	0.0	11.709715110998776
GSM4138110_HNSCC_1_PBMC_GCGAGAAAGTGACATA	492.3939501404726	42.17420123826084	24.20678420558464	12.30124064824331	97.35206979246693	12.11543563259588	15.57579199493477
GSM4138110_HNSCC_1_PBMC_GCTGCAGGTCCTCTTG	357.67936779323287	42.31011913112291	0.0	36.40506278593256	27.00870819288745	40.23045264707214	2.9493826600061595
GSM4138110_HNSCC_1_PBMC_GGAAAGCAGTCAATAG	420.7585103640056	147.3617162410196	98.4481106653357	0.0	19.70686952916521	0.0	19.96380021185523
GSM4138110_HNSCC_1_PBMC_GGAACTTGTTTACTCT	337.53259285904016	89.78607817073551	16.750546393511502	0.0	23.756977769910872	0.0	0.0
GSM4138110_HNSCC_1_PBMC_GGCAATTGTCCTCTTG	411.74022803245975	13.811466533299832	0.0	21.408171149826373	0.0	30.10136312672874	0.0
GSM4138110_HNSCC_1_PBMC_GGGACCTAGGCCCTTG	292.96620155901894	132.74351728713972	38.292530013403194	0.0	0.0	0.0	11.596873272069429
GSM4138110_HNSCC_1_PBMC_GGGACCTTCGTCCAGG	376.2215415263475	77.37523207112014	0.0	0.0	8.313997626244204	0.0	32.312404014453755
GSM4138110_HNSCC_1_PBMC_GGGATGACAATGGTCT	277.8646880652689	138.83438435012752	104.86526287400534	73.775480638713	4.952281261744684	0.0	1.1236998467257178
GSM4138110_HNSCC_1_PBMC_GGGCACTGTCTAGGTT	674.8779671863358	70.08074600607412	53.47072214386132	0.0	20.166481797951857	0.0	7.648930938590487
GSM4138110_HNSCC_1_PBMC_GGTATTGTCCTTCAAT	358.6599896718645	103.19117652233136	34.57346461865856	15.692354356704723	68.13803754938482	0.0	0.0
GSM4138110_HNSCC_1_PBMC_GGTGTTACAATCCAAC	333.049242912847	112.8712934425719	23.27868447398494	38.54840543940627	18.084641346485647	0.0	0.0
GSM4138110_HNSCC_1_PBMC_GGTGTTACAGCCACCA	415.6513931375701	78.43544262118091	0.0	60.896372315367685	2.963283400446223	16.088631474401147	0.0
GSM4138110_HNSCC_1_PBMC_GTAACGTTCGTATCAG	809.2263852352005	129.2078261091699	69.40093788936186	30.49376489670339	5.529062674385514	0.0	32.51956771661112
GSM4138110_HNSCC_1_PBMC_GTATTCTTCTTCCTTC	642.6878588952526	0.0	86.89312618237486	0.0	0.0	0.0	0.0
GSM4138110_HNSCC_1_PBMC_GTCAAGTGTGGGTATG	300.499143875193	211.92561496729078	15.44377767354683	0.0	55.204913684572695	0.0	0.0
GSM4138110_HNSCC_1_PBMC_GTCACGGGTGCAACGA	0.0	0.0	0.0	0.0	1726.3826982488715	0.0	20.619152772623107
GSM4138110_HNSCC_1_PBMC_GTGCGGTCAAGGTGTG	452.4854343900662	97.14806423674186	0.0	25.20976830600675	66.40276374037965	12.52297635557432	8.762336410514266
GSM4138110_HNSCC_1_PBMC_GTGTGCGAGGAGCGAG	326.948276546487	21.509532282835792	54.36541611659542	15.934721325075003	15.4926562513681	74.51021898519144	21.667671333381566
GSM4138110_HNSCC_1_PBMC_GTGTGCGCAAGTCATC	517.7708466691362	0.0	0.0	16.833737959817938	69.11942466583088	12.980704907583144	0.0
GSM4138110_HNSCC_1_PBMC_TAAACCGTCATCTGTT	298.12274360296516	110.87335790920311	44.39834706091044	13.083989356512333	61.66316896195761	7.3595153373787054	0.0
GSM4138110_HNSCC_1_PBMC_TAAGCGTCAATGGATA	664.414815404317	16.706018162014157	31.443224776040587	0.0	33.81739460364069	0.0	9.66216750521609
GSM4138110_HNSCC_1_PBMC_TACACGATCCTGCCAT	810.0917507440391	27.215878050146053	56.733125136704516	11.692951228022894	25.3811947645474	0.0	0.0
GSM4138110_HNSCC_1_PBMC_TACCTTAAGGCTAGAC	627.0014735061224	15.961185339150113	50.37790274394853	0.0	0.0	0.7826015446948847	0.0
GSM4138110_HNSCC_1_PBMC_TACGGATCAGGGTATG	328.87469001058616	73.08389079020695	49.8545978122066	7.43896503513621	38.52220787270101	28.38072826464772	0.0
GSM4138110_HNSCC_1_PBMC_TAGAGCTCAGATGGCA	392.26242978089107	157.9155965424112	91.83627831813433	10.19922780407784	5.268787225214451	0.0	0.0
GSM4138110_HNSCC_1_PBMC_TAGCCGGAGAAGGCCT	451.1085021921633	110.5604198391309	0.0	33.31986667278843	30.687805626011656	0.0	3.3020908767816826
GSM4138110_HNSCC_1_PBMC_TATCTCAAGGTGCACA	451.91413922361045	60.19705005117493	3.361823086989494	29.842451996322726	0.0	0.0	0.0
GSM4138110_HNSCC_1_PBMC_TCACAAGGTTCATGGT	195.1915609145815	164.40562692937164	51.68406123721021	0.0	3.689736577086405	0.0	22.019798446720703
GSM4138110_HNSCC_1_PBMC_TCACAAGTCTTGACGA	383.67513886015445	735.4892780947778	168.7585551224198	214.92863823912572	302.49787028746283	143.6208734379765	0.0
GSM4138110_HNSCC_1_PBMC_TCGAGGCTCGGAAATA	541.5608459073694	18.306075727972086	103.14163724631862	10.70933391586535	16.62428503206007	17.57677625617762	6.741309497429586
GSM4138110_HNSCC_1_PBMC_TCTATTGGTTTAGGAA	445.35137717944167	106.25749646086285	0.0	6.451118187111622	15.74192640104665	4.294727341931829	0.0
GSM4138110_HNSCC_1_PBMC_TCTATTGTCATCTGCC	230.37929757891212	96.27096532124885	71.0579760917465	19.743114650569865	0.0	0.0	0.0
GSM4138110_HNSCC_1_PBMC_TCTTCGGCACCCTATC	392.9454670425945	139.00698309585184	17.12166458000337	14.827926403102428	45.894871422707936	5.624033637606207	1.7384785408506045
GSM4138110_HNSCC_1_PBMC_TGGGCGTTCACAGGCC	242.72785160394844	0.0	0.0	0.0	2245.925435108674	0.0	0.0
GSM4138110_HNSCC_1_PBMC_TGTGTTTGTTAAAGAC	409.6186483141387	84.05567891373434	91.99656677505834	70.6552576609435	159.32644623551013	53.30579228083641	0.0
GSM4138110_HNSCC_1_PBMC_TGTTCCGCACGGCGTT	457.95904229557556	260.9358975771582	391.96220220730197	220.85985272959513	139.28120684544618	135.83185495394585	0.0
GSM4138110_HNSCC_1_PBMC_TTAGGCAAGGCTAGCA	406.147737604544	126.7464774983168	135.40601497432866	43.64917882621315	0.0	0.0	0.0
GSM4138110_HNSCC_1_PBMC_TTCCCAGCACATGGGA	5.763744820387873	74.81998480289559	103.23732713269133	34.686592061989224	139.0090804557009	40.44194013069529	0.0
GSM4138110_HNSCC_1_PBMC_TTCGGTCAGACCCACC	345.65756176952164	117.60682551745225	13.605382001743841	0.0	0.0	0.0	13.448409764220369
GSM4138110_HNSCC_1_PBMC_TTCTCCTTCCTCAATT	442.0270988600755	122.19912422534331	4.416242601684635	0.0	41.01124866473271	0.0	0.0
GSM4138110_HNSCC_1_PBMC_TTGAACGGTCGAAAGC	277.16979834919533	145.22422418049422	8.194828402763362	23.634003482455864	9.203657604064988	8.902586038100502	0.1630290413753394
GSM4138110_HNSCC_1_PBMC_TTGCCGTAGTCAAGCG	355.37264308148673	123.3849246379699	3.8735728925536663	21.322343744808013	17.880245905970853	48.58157671704518	0.0
GSM4138110_HNSCC_1_PBMC_TTGCGTCTCAAGGCTT	404.48224537787536	40.548732714159435	101.18785926304595	6.166412650151499	45.2252930802099	14.142099542463955	0.0
GSM4138110_HNSCC_1_PBMC_TTTATGCGTGCATCTA	336.94385267905926	97.9365649688611	0.0	34.5973165548992	2.974648506428009	0.0	0.0
GSM4138110_HNSCC_1_PBMC_TTTGCGCTCTTGTACT	532.7272649113614	0.0	36.85376872051243	6.0632265494859805	0.0	33.16725591594348	0.0
GSM4138110_HNSCC_1_PBMC_TTTGGTTCACTTCTGC	754.8785968696308	10.588489402795021	116.90718490277257	13.346631727767518	44.18829050437282	0.6730423871525029	0.0
GSM4138110_HNSCC_1_PBMC_CTACACCAGTTGTAGA	360.75614753017857	94.99500690910509	529.3776787048579	129.29125864998431	0.0	14.949196914304622	24.554611895241816
GSM4138110_HNSCC_1_PBMC_AACTGGTGTCAGAATA	198.09477189331523	208.46723538372657	5.031547533680325	35.66220194594878	29.75647261813825	0.0	0.0
GSM4138110_HNSCC_1_PBMC_AAACGGGTCCTCAACC	543.9919507157541	1.4302294401174587	0.0	0.0	7.086776884015052	4.442470598308115	0.0
GSM4138110_HNSCC_1_PBMC_AAGGCAGAGGCGTACA	569.9728804324151	24.13364164352238	0.0	35.82853450181142	14.737567279845756	8.372429179987485	0.0
GSM4138110_HNSCC_1_PBMC_ACATGGTCAATGGAGC	862.2980375146293	0.0	0.0	7.827601028889381	0.0	0.0	0.0
GSM4138110_HNSCC_1_PBMC_ACGATGTGTTATCACG	523.7969594708034	98.4732892902993	0.0	1.5842399562399294	0.0	0.0	0.0
GSM4138110_HNSCC_1_PBMC_ACGGCCATCTCCCTGA	826.9252054104333	0.0	123.08111942438562	2.171312762232564	0.0	19.06104984101786	0.0
GSM4138110_HNSCC_1_PBMC_AGCTCTCTCATTGCCC	1048.83928803322	0.0	40.53170857159276	29.19969209287978	35.89194567896339	0.0	0.0
GSM4138110_HNSCC_1_PBMC_AGGTCATTCTCTAGGA	561.9671041047469	89.1999231173003	0.0	18.50336059747266	28.141940922563084	0.0	0.0
GSM4138110_HNSCC_1_PBMC_ATAGACCTCTGGTGTA	634.5328982186297	0.0	0.0	21.13893039301708	0.0	0.0	57.89201826598934
GSM4138110_HNSCC_1_PBMC_ATAGACCTCTTCCTTC	362.73474232091877	55.50672105964459	40.06480232946632	31.956237002117398	0.0	0.0	0.0
GSM4138110_HNSCC_1_PBMC_ATCTACTCACTGTGTA	735.9437574422132	0.0	0.0	0.0	11.687934747258362	0.0	5.236070383198268
GSM4138110_HNSCC_1_PBMC_ATCTGCCAGGAATCGC	815.1223527871553	0.0	0.0	0.0	0.0	0.0	0.0
GSM4138110_HNSCC_1_PBMC_ATGGGAGCATGGGAAC	634.3251154283209	0.0	51.10098464207825	43.99554510333003	416.4602517813493	0.0	54.910878726980556
GSM4138110_HNSCC_1_PBMC_ATGTGTGGTAGCTGCC	510.87949006839557	0.0	0.0	27.136340573996552	0.0	37.21949987815353	33.90817273146223
GSM4138110_HNSCC_1_PBMC_CACAAACCATCCCACT	621.5417930248423	36.831504326703744	57.895976277964664	5.105697344056351	21.73448104472764	0.0	0.0
GSM4138110_HNSCC_1_PBMC_CACCACTAGTTACCCA	765.658391157176	6.887672332126148	32.429698274958966	0.0	1.8487857147150277	8.80262578285209	0.0
GSM4138110_HNSCC_1_PBMC_CATGCCTTCAGCTCTC	619.563800720696	31.639501247641515	0.0	24.862510841631362	57.70989341566833	0.0	13.14479749035041
GSM4138110_HNSCC_1_PBMC_CATGGCGCATGTTCCC	727.600342273422	15.451748869987545	0.0	0.0	0.0	0.0	46.27791390265068
GSM4138110_HNSCC_1_PBMC_CCACCTAGTAGTACCT	709.6575343979762	0.0	27.82564238713536	0.0	35.55919132985295	0.0	0.0
GSM4138110_HNSCC_1_PBMC_CCGTTCAGTATATCCG	768.644196318339	20.068063633758953	27.53889585830792	9.533701251850784	0.0	0.0	5.908033464511701
GSM4138110_HNSCC_1_PBMC_CCTACACGTCCGAAGA	412.19649781576135	0.0	15.06254062715548	21.956607612583536	40.279175304745124	0.0	3.2636666671578762
GSM4138110_HNSCC_1_PBMC_CCTCTGAGTCGCGAAA	1014.6520158569195	2.5883910559086196	0.0	27.187458213072432	2.061825314883383	0.0	0.0
GSM4138110_HNSCC_1_PBMC_CGCTGGAAGGCATGTG	703.8989936251877	0.0	0.0	0.0	1.9950945784566319	0.0	20.7070943307432
GSM4138110_HNSCC_1_PBMC_CGGAGTCTCACAATGC	468.98631450054245	0.0	47.849835570003464	0.0	25.231038611068353	0.0	14.32432183655853
GSM4138110_HNSCC_1_PBMC_CGGCTAGAGCTACCGC	742.3308963235941	0.0	0.0	37.258791945252106	0.0	0.0	17.161974747801874
GSM4138110_HNSCC_1_PBMC_CGTTGGGCAAGCCGCT	397.5533708471315	74.06720951582822	0.0	51.466560570576455	31.004266180490312	0.0	0.0
GSM4138110_HNSCC_1_PBMC_CTCAGAAGTCCGACGT	464.49873349716177	0.6045157742855242	7.657943421146989	0.0	42.06994307874019	3.10396587897249	22.852872040480758
GSM4138110_HNSCC_1_PBMC_CTCGTACCACGCGAAA	434.2975405755212	168.34199153412075	0.0	0.0	2.794858013957864	0.0	0.0
GSM4138110_HNSCC_1_PBMC_GAAATGAAGAGCCTAG	803.1713813636578	224.27618985365365	22.161007945817854	36.87973395901355	19.948751318208927	0.0	0.0
GSM4138110_HNSCC_1_PBMC_GACGTTATCTAACCGA	690.0786177389931	0.0	0.0	0.0	12.950606510665132	0.0	0.0
GSM4138110_HNSCC_1_PBMC_GACTGCGTCGGCATCG	628.6185345684792	29.302025138398378	0.0	15.311124466697581	0.0	20.155636826283633	0.0
GSM4138110_HNSCC_1_PBMC_GATGAGGAGGCTAGCA	424.62073842606617	54.254397903702	19.433772369339323	48.44945980509139	0.0	0.0	27.32481526462475
GSM4138110_HNSCC_1_PBMC_GATTCAGCACCACGTG	538.7986754045394	0.0	0.0	44.03522692681553	0.0	22.45447975547934	0.0
GSM4138110_HNSCC_1_PBMC_GCAATCAGTAGCTCCG	549.4553533591295	0.0	0.0	0.0	0.0	0.0	0.0
GSM4138110_HNSCC_1_PBMC_GCGACCAGTAGCCTAT	657.8287565212178	45.25828284364717	54.98101119088859	0.0	38.98543283036721	2.1944828897910784	0.0
GSM4138110_HNSCC_1_PBMC_GCTTCCATCTCATTCA	479.173827976661	71.65663875228303	0.0	0.0	44.60983107143753	0.0	5.756928612035369
GSM4138110_HNSCC_1_PBMC_GCTTGAAAGACCTTTG	233.05112396291497	113.12516401117423	26.821306036357065	22.55052981840615	4.674596162381563	19.481569756372956	0.0
GSM4138110_HNSCC_1_PBMC_GGACAAGGTAATTGGA	507.80342111721035	62.521831321928545	36.612252099024026	0.0	27.203191270434395	27.29856150552356	0.0
GSM4138110_HNSCC_1_PBMC_GGCGTGTAGCACGCCT	421.76635384638354	60.85426024519991	14.767192804215666	28.39117653058328	0.0	0.0	0.0
GSM4138110_HNSCC_1_PBMC_GGCGTGTAGCGTTTAC	424.41459026652916	41.468679845698766	36.38260999599755	0.0	0.0	0.0	0.0
GSM4138110_HNSCC_1_PBMC_GGCTGGTCAATGGACG	797.0427524941683	0.0	37.801331953607665	0.0	0.0	55.3335764410503	0.0
GSM4138110_HNSCC_1_PBMC_GGGAATGTCAGCTGGC	661.6624340384632	103.79074618519643	4.378623609180418	0.0	29.966234337121143	0.0	1.3614088606973174
GSM4138110_HNSCC_1_PBMC_GGGTTGCAGATCGGGT	563.5405740615316	0.4859207841355017	42.86511972489711	0.0	15.723952539486516	0.0	0.0
GSM4138110_HNSCC_1_PBMC_GGTATTGCACATTAGC	434.9373955354	3.682634280721834	29.845911451667103	16.21774738873823	0.0	0.0	13.039723192871975
GSM4138110_HNSCC_1_PBMC_GGTGTTAGTGTGACCC	389.09788602875676	43.76480733360783	27.553640515763405	20.799996990115904	13.39559541816669	28.667798303616962	0.0
GSM4138110_HNSCC_1_PBMC_GTCACAAGTATCACCA	521.32619899836	22.466369204937447	0.0	36.6662182448031	47.39636617777113	13.980037516600639	0.0
GSM4138110_HNSCC_1_PBMC_GTCACAATCGCAAGCC	427.2524817738996	38.78780452450343	71.54812675836158	2.8401900870319987	0.0	0.0	19.73242955215171
GSM4138110_HNSCC_1_PBMC_GTCACGGCAAGCTGGA	535.7707714253104	55.931444939589866	0.0	0.0	0.0	0.0	86.39920265196344
GSM4138110_HNSCC_1_PBMC_GTCGTAAAGGCATGTG	1226.0217116593044	19.3598855590917	0.0	16.66035822985183	76.75334843646387	0.0	0.0
GSM4138110_HNSCC_1_PBMC_GTCGTAATCTTGCAAG	380.59703020388935	61.21376513814273	13.906379449713603	0.0	6.455369278736591	0.0	8.218827255310527
GSM4138110_HNSCC_1_PBMC_GTCTCGTCATGCGCAC	632.5644277742443	0.0	8.267701457544488	7.451306193239076	2.279712723268568	0.0	13.09065784406465
GSM4138110_HNSCC_1_PBMC_GTGAAGGCACATTTCT	757.7252801960518	0.0	30.78509797659767	32.3667374498619	22.402969682955643	0.0	0.0
GSM4138110_HNSCC_1_PBMC_GTGCAGCAGACCGGAT	920.2406638878946	34.89148568312238	56.73787774883269	2.6944063770288462	0.0	5.9398964586538785	0.0
GSM4138110_HNSCC_1_PBMC_GTTAAGCTCATACGGT	374.3444977715861	55.33122331800775	0.0	45.85530359646672	0.05045934498152287	26.923753769360847	0.0
GSM4138110_HNSCC_1_PBMC_TAAACCGAGGGTCGAT	473.0996203064588	40.3204961639014	46.334323361446174	9.901152908810314	25.091396344668436	0.0	7.581975199987372
GSM4138110_HNSCC_1_PBMC_TACCTTAAGGCTCTTA	683.0552358291704	54.33763115057407	0.0	21.46890185532208	21.19979488410443	0.0	0.0
GSM4138110_HNSCC_1_PBMC_TAGAGCTTCGTTGCCT	1093.5536391870571	0.0	0.0	0.0	60.3873502929991	0.0	0.0
GSM4138110_HNSCC_1_PBMC_TAGGCATTCCCAGGTG	360.1336699703329	20.8832833606339	57.79543298908321	0.0	0.0	61.67524895964029	0.0
GSM4138110_HNSCC_1_PBMC_TCACAAGCACATCCGG	470.565703400531	18.168582141315785	79.42135856619936	1.3645511722874941	14.872232237992229	0.0	28.716551783356874
GSM4138110_HNSCC_1_PBMC_TCAGCTCCATGACGGA	403.63338668383955	49.00099479037999	63.36949795768998	0.0	0.0	0.0	0.0
GSM4138110_HNSCC_1_PBMC_TCGAGGCTCCAGGGCT	613.9715296711632	0.0	0.0	0.0	1.7543998859817451	0.0	0.0
GSM4138110_HNSCC_1_PBMC_TCTATTGCAGTCAGCC	662.2660887109937	123.1147320533243	5.206076928201994	0.0	0.0	0.0	0.0
GSM4138110_HNSCC_1_PBMC_TCTCTAAGTGGTAACG	848.1509413384011	32.719884973127996	37.68679456576101	38.21682563652396	6.579010541267838	0.0	53.01513928328403
GSM4138110_HNSCC_1_PBMC_TCTGAGATCTAGCACA	380.17680189534326	86.63115536271427	10.336449254404517	22.382190500897455	8.702504447630064	15.80421912242299	0.0
GSM4138110_HNSCC_1_PBMC_TCTTTCCCACTGAAGG	879.0144225417325	33.04155270644043	10.800002468598468	0.0	55.890679840403344	0.0	31.219067444946145
GSM4138110_HNSCC_1_PBMC_TGACAACGTCATCCCT	711.8336915764862	0.0	21.466436269510357	59.20958940795766	27.214330092286577	0.0	28.067708054063033
GSM4138110_HNSCC_1_PBMC_TGAGCCGAGATGAGAG	582.5523438839095	4.791938983125326	1.6069029890590196	42.45562997619843	0.0	0.0	14.983942635358842
GSM4138110_HNSCC_1_PBMC_TGCGGGTTCTGATTCT	406.01597872662643	66.34437407722038	23.421836660658197	42.91134021202659	0.0	0.0	0.0
GSM4138110_HNSCC_1_PBMC_TGGCTGGGTTCCAACA	704.0460989602078	23.264446052547225	0.0	24.24355769676256	12.18895136090888	6.87590541192176	0.0
GSM4138110_HNSCC_1_PBMC_TGTATTCGTGGCTCCA	970.5637405541055	26.88767397370096	0.0	12.548465578956655	0.0	0.0	66.38227283727953
GSM4138110_HNSCC_1_PBMC_TGTGGTAAGTATGACA	705.976438507245	0.0	5.651822401812404	0.10272022137087868	0.0	0.0	6.274664216423395
GSM4138110_HNSCC_1_PBMC_TTCCCAGGTCACTGGC	495.08210191313697	47.986628556947096	0.0	29.862837263161143	0.0	0.0	2.9105005442799112
GSM4138110_HNSCC_1_PBMC_TTCGGTCCACCTCGGA	410.68710068195736	67.35577999150345	0.0	37.743340597658936	13.17969868406797	0.0	0.33592195054121426
GSM4138110_HNSCC_1_PBMC_TTCTACATCCTTCAAT	519.0649430005819	27.547890971319802	49.48378621910407	0.09697190230648771	0.0	0.0	10.802020945508819
GSM4138110_HNSCC_1_PBMC_AAAGTAGTCGGCATCG	0.0	1671.1899556061305	120.10226722717114	36.921701753763244	9.079916912929612	0.0	11.992864518508634
GSM4138110_HNSCC_1_PBMC_ACACTGATCGTACCGG	90.97505543760604	860.6956998405171	15.666801855042133	33.132325104938616	0.15857828878221883	16.573577254967876	0.0
GSM4138110_HNSCC_1_PBMC_ACAGCTATCAGCACAT	27.26661347624194	1446.313356851968	53.334082510890624	0.0	0.0	0.0	38.26800667210749
GSM4138110_HNSCC_1_PBMC_ACTGAACGTTATTCTC	179.95593745219816	1061.7211186841198	50.48079422622111	0.0	16.97298710367142	0.0	65.35518055837697
GSM4138110_HNSCC_1_PBMC_ACTGAGTTCAGGTAAA	0.05063884979137901	1174.3042133033641	0.0	42.94344242169076	0.0	0.0	26.563450299331336
GSM4138110_HNSCC_1_PBMC_ACTGCTCCAACCGCCA	104.61035130733295	1101.132649223811	42.062016441682246	0.0	0.0	0.0	0.0
GSM4138110_HNSCC_1_PBMC_ACTTACTAGTGGAGAA	0.0	1729.398757663849	141.88917156926547	30.87082055616868	0.0	9.672782397607396	0.0
GSM4138110_HNSCC_1_PBMC_ACTTGTTCAGTTCATG	48.34933312365606	1547.2510581755535	228.7895039891832	0.0	52.250033245528655	122.42507579735563	0.0
GSM4138110_HNSCC_1_PBMC_AGAGTGGCAGGGATTG	162.32616714896372	978.2718876435763	65.95081040385894	0.0	43.8461009204061	0.0	0.0
GSM4138110_HNSCC_1_PBMC_AGATCTGGTGATAAGT	120.63535464795392	866.3403117700066	78.75205086761545	0.0	86.87061210653079	0.0	0.0
GSM4138110_HNSCC_1_PBMC_AGATTGCGTATAGGGC	181.22067216792084	1607.8423343408367	87.79716471434145	42.91891378840142	0.0	0.0	0.0
GSM4138110_HNSCC_1_PBMC_AGCGGTCCATGCTGGC	44.85454670870006	957.7721756569226	174.49406357906273	30.22385399501771	164.6399692090466	0.0	0.0
GSM4138110_HNSCC_1_PBMC_AGGCCACTCAGCGATT	66.60293654295342	847.837982377486	104.83888414985329	0.0	81.16442602756068	0.0	27.767861924286496
GSM4138110_HNSCC_1_PBMC_AGTAGTCCACAGTCGC	215.5085437869536	1539.7893636333192	184.6919988279992	2.76929605940067	0.0	0.0	59.745731320714654
GSM4138110_HNSCC_1_PBMC_AGTGTCATCCCTAATT	82.69092779865505	1109.5584285200816	96.56680410087948	0.0	0.0	0.0	0.0
GSM4138110_HNSCC_1_PBMC_ATCCACCGTGGTTTCA	0.0	3010.3267058516844	0.0	0.0	0.0	0.0	13.275668469352595
GSM4138110_HNSCC_1_PBMC_ATCGAGTGTACTTAGC	0.0	1486.475639341989	106.81539310497243	0.0	54.019342371048516	0.0	39.566157881309884
GSM4138110_HNSCC_1_PBMC_CAACTAGTCTTGAGAC	164.45314670061575	1149.8032102649795	0.0	18.341117452850696	0.0	0.0	2.3015721508165217
GSM4138110_HNSCC_1_PBMC_CAAGGCCTCTAGCACA	107.21118541424148	660.8249996384919	85.24506985422795	34.340289587504046	24.307287391691148	0.0	0.0
GSM4138110_HNSCC_1_PBMC_CACAAACAGGCTACGA	68.54751881416566	1076.918970141387	89.27272113018277	20.858358510063873	0.0	65.95372191069612	2.780162288974706
GSM4138110_HNSCC_1_PBMC_CACATTTTCATTGCGA	105.46120194687165	971.1795974585931	9.382447039135348	0.0	5.614559928174698	0.0	85.56029187629485
GSM4138110_HNSCC_1_PBMC_CAGAGAGTCAGTTAGC	121.90389226828117	1416.933159096461	160.44043713819602	6.96795529757057	0.0	0.0	0.0
GSM4138110_HNSCC_1_PBMC_CAGCTGGGTCTCCACT	372.96461808584286	1178.2058957057077	20.053047805869856	0.0	0.0	0.0	42.51012297553092
GSM4138110_HNSCC_1_PBMC_CAGCTGGGTGTTTGTG	183.3021251060297	799.2912975453822	0.0	55.0452140961629	31.492315859014372	12.322149024364503	0.0
GSM4138110_HNSCC_1_PBMC_CATATGGCAGGACGTA	131.88543901923114	977.2640984075916	164.12464210637745	49.91126194935259	81.10929809712457	0.0	7.005792405213961
GSM4138110_HNSCC_1_PBMC_CATATTCTCCACGTTC	335.3995943324204	787.098294078433	89.48295842840955	37.41116348980252	35.77408947811801	0.0	0.0
GSM4138110_HNSCC_1_PBMC_CCAATCCCACGACTCG	175.47498776815627	574.4917004072169	35.0851513156331	0.0	24.858521509395977	11.509969728932301	26.64951759313772
GSM4138110_HNSCC_1_PBMC_CCTACCAGTCGGCTCA	139.31586202063733	1344.610285941531	0.0	20.73192568253233	30.1157533440284	0.0	39.538003238023585
GSM4138110_HNSCC_1_PBMC_CGAACATCAAGTTAAG	220.25793574084256	1452.8264403269163	181.27858208168192	0.0	2.3288586666080007	0.0	0.0
GSM4138110_HNSCC_1_PBMC_CGACCTTCATTACGAC	39.14672645281487	679.8681326626403	0.0	13.089721910933001	8.518235717905087	0.0	2.109848398286475
GSM4138110_HNSCC_1_PBMC_CGAGCACCATATACGC	324.6297173452789	1409.322553719832	87.9545146278964	42.63971402720236	39.214298082727545	0.0	43.607525377249225
GSM4138110_HNSCC_1_PBMC_CGATCGGCAACGATCT	186.55212160438734	1029.5585980231288	43.50340891840645	20.792237070672535	0.0	46.829282290538046	0.0
GSM4138110_HNSCC_1_PBMC_CGATCGGGTTTGGGCC	181.65303928408363	1011.5603503837679	62.359423454419534	0.0	11.402581477663531	0.0	51.82980978723091
GSM4138110_HNSCC_1_PBMC_CGCTATCCACCGAATT	28.71575991313744	1601.7666463684866	63.049011225513084	44.59059117692019	47.96334920834405	0.0	0.0
GSM4138110_HNSCC_1_PBMC_CGGAGCTGTCGAACAG	0.0	1637.2106396858023	152.2628243954615	0.0	0.0	13.207868108774903	0.0
GSM4138110_HNSCC_1_PBMC_CGTTCTGGTCTAAACC	0.0	1221.7620983947359	235.63011503076504	0.0	7.64658292425511	0.0	44.004890729165574
GSM4138110_HNSCC_1_PBMC_CGTTGGGGTGTGTGCC	161.60672095767976	775.1705557650894	62.45967596546334	23.80996143327158	10.012164818445939	0.0	0.0
GSM4138110_HNSCC_1_PBMC_CTAATGGCACACATGT	204.13058698277013	1040.6745130330319	0.0	0.0	0.0	0.0	32.998241373274354
GSM4138110_HNSCC_1_PBMC_CTACCCAGTTACCGAT	0.0	1465.2323622205497	0.0	0.0	28.17383058167295	49.03524753303798	0.0
GSM4138110_HNSCC_1_PBMC_CTAGAGTCATCGGACC	19.161822299352256	1111.0577427991295	217.14686359958597	0.0	0.0	0.0	57.81589276300212
GSM4138110_HNSCC_1_PBMC_CTCTGGTGTGTTCGAT	197.6302511255713	892.9682172633661	68.38285055978943	6.363752795407978	51.76404873272961	0.0	1.0320583613686853
GSM4138110_HNSCC_1_PBMC_CTGATAGCATCAGTCA	259.7076462602565	768.2302866255568	35.752066544475504	87.4267749227969	0.0	0.0	41.61296604881457
GSM4138110_HNSCC_1_PBMC_CTGTTTACAATGTAAG	0.0	1445.726790072555	109.9645131580514	43.36184969587044	0.0	18.984729076629986	14.325466281694807
GSM4138110_HNSCC_1_PBMC_GAACCTATCTCTGTCG	183.4613558888021	563.546286277411	10.516413801228909	0.0	37.504368203615265	0.0	0.0
GSM4138110_HNSCC_1_PBMC_GATCGCGTCAGGCGAA	134.58530558256203	698.3725433849419	44.750945814451015	0.0	45.29041062914872	0.0	26.186948760206988
GSM4138110_HNSCC_1_PBMC_GATCTAGCATACAGCT	0.0	1442.989041909326	0.0	18.62789680067833	11.796492367466913	35.959938929818854	0.0
GSM4138110_HNSCC_1_PBMC_GATGAAAGTAGAAGGA	61.81019262564822	636.0733796537874	52.19662680136578	33.321449348026874	0.0	0.0	0.0
GSM4138110_HNSCC_1_PBMC_GATGAAAGTCACCCAG	31.780506253974803	1269.8321623168383	238.03497877312873	12.69980262244721	0.0	0.0	86.9507760822643
GSM4138110_HNSCC_1_PBMC_GCATACACATCTGGTA	0.0	2110.347461336536	0.0	32.71384033014957	47.27531327005971	24.47755055821516	0.0
GSM4138110_HNSCC_1_PBMC_GCGAGAATCGCACTCT	0.0	1733.541199213348	0.0	53.68048668272078	0.0	53.85809587632024	0.0
GSM4138110_HNSCC_1_PBMC_GCGCGATAGGAGCGTT	189.40253617459933	481.0017708106713	0.0	0.0	18.027342835967026	0.0	73.17433730758877
GSM4138110_HNSCC_1_PBMC_GCTCTGTTCAGTTTGG	86.70940670515832	779.3293265921468	0.0	47.2588653198154	0.18924499225285735	0.0	27.96499890789468
GSM4138110_HNSCC_1_PBMC_GCTGCGAGTCTAGTCA	105.38338237589994	1031.873543764524	123.29144598193545	0.0	0.0	48.40013855222417	0.0
GSM4138110_HNSCC_1_PBMC_GGCTCGATCAGGCGAA	123.3329180053627	805.1394663674727	0.0	0.0	10.901388979580547	0.0	45.61608939342515
GSM4138110_HNSCC_1_PBMC_GGGAATGTCTTCCTTC	0.0	0.0	0.0	0.0	0.0	2301.447372564405	1282.2817403507422
GSM4138110_HNSCC_1_PBMC_GGGCACTTCGTAGGTT	0.0	1379.6622311156386	12.227620091416139	0.0	0.0	0.0	14.566538787799947
GSM4138110_HNSCC_1_PBMC_GTAGGCCAGTACTTGC	0.0	1218.0713973430509	76.31800509405896	39.71766338807286	0.0	25.805667524417846	0.0
GSM4138110_HNSCC_1_PBMC_GTCACAATCTATCGCC	311.21712896583	1414.9182492706877	40.61872663318893	0.0	0.0	0.0	0.0
GSM4138110_HNSCC_1_PBMC_GTCTCGTAGTAGCGGT	297.07599669853215	799.1773601143032	62.959101480578106	0.0	9.306072368691757	0.0	0.0
GSM4138110_HNSCC_1_PBMC_GTGCAGCTCTGTCTAT	0.0	2104.4023878317357	0.0	14.58737106593368	0.0	79.11681442591602	0.0
GSM4138110_HNSCC_1_PBMC_GTGCATAGTACGCTGC	164.44733087205037	1010.7226097877109	118.86193294460007	0.0	0.0	0.0	26.425359214993748
GSM4138110_HNSCC_1_PBMC_GTGCTTCAGTACGATA	167.15619995626358	907.6493248493109	181.8699410021529	0.0	0.0	30.72257937832422	0.0
GSM4138110_HNSCC_1_PBMC_TACAGTGCAATGACCT	338.4641825346967	753.8023313008367	1.9285109407266934	9.06462996449363	42.93941424085501	0.0	0.1224872886286531
GSM4138110_HNSCC_1_PBMC_TACTCATAGATCACGG	0.0	1466.4125985711769	0.0	4.444377353057229	21.011873333628305	0.0	43.82958200027352
GSM4138110_HNSCC_1_PBMC_TACTCGCGTAAGGATT	233.17984109814319	1102.4680095704514	146.89647690118562	66.64599419761116	0.0	21.88403820380069	0.0
GSM4138110_HNSCC_1_PBMC_TACTTGTCAAGTTAAG	180.35111048159615	1210.9272782496307	129.21282565536418	10.864997453631727	40.02221736669913	39.75868888512132	20.475263119822237
GSM4138110_HNSCC_1_PBMC_TATCTCAAGGTGTGGT	111.39072703893116	740.6248868530657	0.0	0.0	38.85308583293841	0.0	53.11846469018531
GSM4138110_HNSCC_1_PBMC_TCAGCTCCACCCATTC	76.51616483283686	1852.958910554927	0.0	32.720099829146754	34.65077466239406	0.0	0.0
GSM4138110_HNSCC_1_PBMC_TCGCGTTCAGCTGCTG	178.59207359912259	850.8456815461224	50.881014614650944	0.0	0.0	32.52160883382193	0.0
GSM4138110_HNSCC_1_PBMC_TCGGGACAGCTAGTTC	0.0	1450.720642479465	0.0	48.22806018578843	0.0	0.0	5.465808490237881
GSM4138110_HNSCC_1_PBMC_TCTTCGGAGTCATCCA	160.1572496192269	1034.3924238940658	106.134032415394	0.0	8.920315742563675	38.00950255396398	0.0
GSM4138110_HNSCC_1_PBMC_TGAGAGGGTCCCTACT	860.7041197799288	852.0798909510004	0.0	0.0	84.10477156681809	0.0	93.05355956512958
GSM4138110_HNSCC_1_PBMC_TGATTTCGTTAAAGTG	21.620670768840554	1977.6892917743146	0.0	37.26077992452078	0.0	0.0	0.0
GSM4138110_HNSCC_1_PBMC_TGCCAAATCATGTCCC	161.67239149301	1076.0412265755056	231.7643064530418	4.805409257425653	17.719316633067866	0.0	0.0
GSM4138110_HNSCC_1_PBMC_TGTATTCAGAATGTTG	295.54593116312117	1147.528659555097	135.3133700609144	59.5902489521023	15.855616852591996	0.0	0.0
GSM4138110_HNSCC_1_PBMC_TGTCCCAGTTCAGGCC	17.109779729125634	1052.6086377647796	0.0	45.95353452165325	0.0	46.629529598318165	0.0
GSM4138110_HNSCC_1_PBMC_TTGCCGTCAATAGCGG	187.865544883142	1268.5076080421552	10.835906084296695	9.419198190823439	0.0	40.11328184164039	0.0
GSM4138110_HNSCC_1_PBMC_TTTATGCAGACTGGGT	0.0	1057.0545297762699	9.363756084218249	12.555402668738822	6.176753269408951	0.0	1.5322122761468435
GSM4138110_HNSCC_1_PBMC_AACGTTGAGTTTAGGA	1047.7091507143448	0.0	0.5136085833541668	1.1147828058361222	0.0	0.0	21.082551883616766
GSM4138110_HNSCC_1_PBMC_AAGGCAGCAATCACAC	464.5809644097078	91.24078402402255	6.435359974947239	32.43967747270038	37.589513616504874	70.00385998627601	0.0
GSM4138110_HNSCC_1_PBMC_ACTGATGTCAATAAGG	599.9960829135722	0.8892189489773985	100.40841900717936	0.0	0.0	0.0	0.0
GSM4138110_HNSCC_1_PBMC_AGCAGCCAGGCCCTCA	605.472086812724	92.68046526761444	89.03314833910208	45.690478532074685	77.96406944762361	0.0	0.21401850985199702
GSM4138110_HNSCC_1_PBMC_CATATTCCATATGAGA	678.2474880078454	95.1234360252214	164.54945187879682	62.8655956632918	8.266596756878899	7.74383216260182	0.0
GSM4138110_HNSCC_1_PBMC_CCTCAGTCAACTGCGC	556.5079959455601	1.9687747085201546	1.4454081757662107	0.0	84.77838447022066	0.0	0.0
GSM4138110_HNSCC_1_PBMC_CGGTTAACACCTCGTT	408.0659591524325	103.33826238175394	2.1484560879060086	0.7072521985373448	29.400100490528224	15.696085053582447	0.0
GSM4138110_HNSCC_1_PBMC_CGTGTAATCTCCAGGG	387.8638073551088	64.22299005764705	81.45292160077499	2.6026343331112023	5.102547891419125	0.0	0.0
GSM4138110_HNSCC_1_PBMC_CGTTGGGTCAGTGCAT	496.3371491208479	49.324343564715484	24.383037565066715	41.008346846346555	20.576571978077087	3.6724925782094977	32.959139650522204
GSM4138110_HNSCC_1_PBMC_CTAGAGTAGCTATGCT	886.0844323603424	68.34415457705228	148.1949557525217	22.211876550757744	7.172369121782232	0.6011245751936273	0.0
GSM4138110_HNSCC_1_PBMC_GCATACATCGTTACAG	609.1603645718614	9.115657866511583	72.16836661915406	0.0	0.0	0.0	0.0
GSM4138110_HNSCC_1_PBMC_AAACGGGCAGTATCTG	600.247466735963	0.0	34.58438084265034	0.0	67.35243156756015	0.0	11.219098151834064
GSM4138110_HNSCC_1_PBMC_AAAGATGTCTGATTCT	741.062452903227	33.053988970023234	5.034659528087631	37.1740124143982	35.78363429204313	32.66986146715881	0.0
GSM4138110_HNSCC_1_PBMC_AAAGTAGGTAGCGCTC	606.0551788753896	37.22416587548268	0.4937192895840973	0.0	0.0	0.0	41.86665043583885
GSM4138110_HNSCC_1_PBMC_AACTCAGGTGGTCTCG	556.8523473893458	93.28610498606376	0.0	0.8212648435333724	34.61486966710355	0.0	0.0
GSM4138110_HNSCC_1_PBMC_AACTCCCTCCAATGGT	917.1702068885683	63.393656115956716	48.81292264485399	9.341365559009366	30.232186898266658	0.0	0.0
GSM4138110_HNSCC_1_PBMC_AACTCTTAGTGGGTTG	663.3341184496875	28.960732153526063	119.8666025270458	0.0	14.315850899431089	0.0	11.258964301483052
GSM4138110_HNSCC_1_PBMC_AACTCTTGTCACACGC	326.09103003792154	175.16655830358678	1.5207204316599772	9.887213602290823	20.489531243885388	0.0	8.992601144758508
GSM4138110_HNSCC_1_PBMC_AACTTTCAGAAGGTTT	769.7653262770018	83.74690570562643	20.109338974791598	11.186938648364414	5.402493868421107	0.0	0.0
GSM4138110_HNSCC_1_PBMC_AAGGAGCTCCTTTCGG	714.9892127006622	83.01473285790132	172.63078084369218	0.0	41.94103353163065	12.980338476105315	0.0
GSM4138110_HNSCC_1_PBMC_AATCCAGAGTGCTGCC	749.5886119057176	56.32228547122423	115.1454774904517	13.25300383388458	16.268123088778474	0.0	7.334196673249022
GSM4138110_HNSCC_1_PBMC_AATCGGTGTCTAGCCG	761.609801276293	69.26954387700644	118.26263109484267	1.2963054089123918	63.324050574524065	0.0	26.68402755777518
GSM4138110_HNSCC_1_PBMC_ACACCCTCATCTACGA	578.0070257554457	54.10214922363091	15.688762064592161	0.0	11.609686258993207	0.0	6.544655771210171
GSM4138110_HNSCC_1_PBMC_ACACCGGCACCATGTA	1365.910684204061	83.03377939747728	397.2864676111549	0.0	142.57116458757804	0.0	0.0
GSM4138110_HNSCC_1_PBMC_ACATCAGAGCGTTCCG	1030.6094125292504	308.1031800882602	261.43481311690005	16.050922499953785	0.0	0.0	32.776061792809074
GSM4138110_HNSCC_1_PBMC_ACCCACTCAATGTAAG	477.40251379160713	0.0	105.95504642271041	0.0	0.0	0.0	9.035686682279726
GSM4138110_HNSCC_1_PBMC_ACCCACTGTAAGTGTA	650.5798840400877	68.45106024720525	64.53716847577269	12.190092550908469	4.8147033614851065	0.0	19.453504547390406
GSM4138110_HNSCC_1_PBMC_ACCTTTATCATAACCG	976.8473579778594	0.0	92.83537813936549	0.0	6.585275560236876	0.0	35.54944102060832
GSM4138110_HNSCC_1_PBMC_ACGAGCCAGGTGTGGT	564.5905749358375	0.0	87.33733446349271	23.94120321543595	0.0	0.601300170577112	55.04074793199841
GSM4138110_HNSCC_1_PBMC_ACGATACCATATGAGA	564.0618740299375	54.03383099346696	23.061284420178698	0.0	3.191332038749119	0.0	0.0
GSM4138110_HNSCC_1_PBMC_ACGATACTCTGATTCT	525.8082434167859	0.0	0.0	27.685503935844558	52.88225640914958	23.381279214926753	0.0
GSM4138110_HNSCC_1_PBMC_ACGATGTCAGGCAGTA	467.18604780386073	82.77875101867187	69.27926933008463	7.266145720931848	31.30672491925778	0.0	11.509586539559038
GSM4138110_HNSCC_1_PBMC_ACGCAGCGTAGAGCTG	313.50886998199775	91.48779155456498	8.24589719411528	14.636352718221339	60.864268309758955	0.0	7.469363752041536
GSM4138110_HNSCC_1_PBMC_ACGCCGAAGGTAGCTG	403.4213718056888	102.78675890606178	0.0	20.86308832213177	10.226756436342082	6.177587020832379	0.0
GSM4138110_HNSCC_1_PBMC_ACGGGCTGTGATAAAC	734.0526705516031	0.0	11.808936309055845	0.0	20.041981547922695	0.0	55.1346335340638
GSM4138110_HNSCC_1_PBMC_ACGTCAACATCACGAT	565.7484854701682	22.279048177577565	50.442419300831794	0.0	0.6367592596599506	0.0	0.0
GSM4138110_HNSCC_1_PBMC_ACTATCTAGGAATTAC	1008.0456576846259	202.58432879077043	118.64814210632562	28.75868567050206	44.91595176873271	0.0	0.0
GSM4138110_HNSCC_1_PBMC_ACTGATGTCGTTACGA	1007.0801110777779	226.4701855069321	79.87957731374327	0.0	24.956459346272926	0.0	0.0
GSM4138110_HNSCC_1_PBMC_ACTTACTAGATAGGAG	856.4835927037269	0.0	24.710274066533152	0.0	0.0	4.868202201364169	0.0
GSM4138110_HNSCC_1_PBMC_ACTTGTTTCCACGACG	919.2950090835147	0.0	0.0	0.0	0.0	31.002048179740942	0.0
GSM4138110_HNSCC_1_PBMC_ACTTTCATCGTCACGG	563.1931804607043	157.3777448891068	11.489650745984822	0.0	20.017592030250583	0.0	0.0
GSM4138110_HNSCC_1_PBMC_AGATTGCTCATGCTCC	876.8821155227081	71.42734197427741	76.51762506897208	0.0	45.96410513418993	0.0	0.0
GSM4138110_HNSCC_1_PBMC_AGATTGCTCCTAGAAC	482.89010181813796	0.0	0.0	76.33072240261167	79.86236521495684	0.0	0.0
GSM4138110_HNSCC_1_PBMC_AGCAGCCTCACTCTTA	450.04569419845586	101.54842189161455	83.16955296042633	43.54244175947071	0.5903148774840352	8.484741057695965	0.0
GSM4138110_HNSCC_1_PBMC_AGCCTAAAGCGTGAAC	1136.132469991316	94.09475882583475	66.24072594002995	38.286759738433815	0.0	0.0	0.879416192525836
GSM4138110_HNSCC_1_PBMC_AGCCTAAGTCTCATCC	405.87909914347864	0.0	16.180018192854885	29.124966227311436	0.0	0.0	70.92698138702205
GSM4138110_HNSCC_1_PBMC_AGCGTATAGCCAGTTT	930.6880919250735	6.6738730160110755	0.0	0.0	10.372397461404082	0.0	0.0
GSM4138110_HNSCC_1_PBMC_AGCGTCGAGCGCTCCA	647.0177021978183	0.0	137.38484957339878	0.0	0.0	0.0	0.0
GSM4138110_HNSCC_1_PBMC_AGCTCCTGTATCACCA	822.1537379536828	290.9553137971733	129.36948989339913	0.0	73.727258246493	2.9296144099609083	5.61366796748994
GSM4138110_HNSCC_1_PBMC_AGCTCTCAGTCGTTTG	685.9232002461862	326.6272048129442	177.6373764771883	0.0	0.0	0.0	1.1774156152653052
GSM4138110_HNSCC_1_PBMC_AGCTTGAAGACTGGGT	655.5715608860858	123.92928431649987	70.45380930184841	0.0	12.514159811847444	0.0	1.2823778737512928
GSM4138110_HNSCC_1_PBMC_AGGCCGTAGACTACAA	690.1423605589333	204.55076692248264	85.77614326094823	2.0180402261122525	0.0	0.0	19.474219127507737
GSM4138110_HNSCC_1_PBMC_AGGGATGAGACCCACC	807.805029611791	0.0	7.987902982203792	24.427100562881332	10.301180622577332	0.0	0.0
GSM4138110_HNSCC_1_PBMC_AGGGATGCATGTTCCC	673.7083008768699	103.11116286454536	164.9435960556444	32.860192698320425	18.848165933435606	0.0	16.09091634499386
GSM4138110_HNSCC_1_PBMC_AGTAGTCGTCAATGTC	512.5015030770674	59.8072392267718	37.750682235568114	24.042661354141035	44.38264022774223	0.0	2.657668562489171
GSM4138110_HNSCC_1_PBMC_AGTAGTCGTCCGAAGA	656.4353933573512	163.576457286461	0.0	63.000726940134584	0.0	7.75655568341274	0.0
GSM4138110_HNSCC_1_PBMC_AGTGGGAAGGAGCGAG	742.1303056241555	237.2818718401181	255.68470807638639	0.0	68.21918233508657	0.0	23.971620089323807
GSM4138110_HNSCC_1_PBMC_AGTGTCAGTACCGGCT	578.8551329404219	157.6528174809312	0.0	17.72671452968693	75.11753506473488	31.01358832800812	43.24048263784093
GSM4138110_HNSCC_1_PBMC_ATAAGAGAGCTGATAA	395.57938490677935	36.598509841487335	83.73866329552861	0.0	40.60831000923087	0.0	0.0
GSM4138110_HNSCC_1_PBMC_ATCACGAGTCAAACTC	523.1741919789318	99.6977910275085	0.0	3.169737155444465	2.319035444273534	32.83351127408362	0.0
GSM4138110_HNSCC_1_PBMC_ATCATCTTCTGTGCAA	650.7016006571756	64.20174972472049	0.0	0.0	19.41353581052404	0.0	0.0
GSM4138110_HNSCC_1_PBMC_ATCATGGGTCACTGGC	845.7464077579572	60.509355438256335	0.0	30.22687647175512	23.026621834711552	0.0	41.02112060758975
GSM4138110_HNSCC_1_PBMC_ATCTGCCCATACGCCG	696.0527429927837	89.6859918703794	0.0	0.0	24.134210237825517	0.0	0.0
GSM4138110_HNSCC_1_PBMC_ATGAGGGAGTGTACGG	692.441801016291	91.97884386102581	152.6464294563305	14.022893599563755	0.0	34.9229689963075	0.0
GSM4138110_HNSCC_1_PBMC_ATGGGAGAGACCCACC	1215.6621553045447	94.89454151089194	304.2331776842107	81.73399246231637	13.077510335806315	0.0	38.12590659086374
GSM4138110_HNSCC_1_PBMC_ATGTGTGTCCAGTAGT	381.55695050241843	66.98621501850971	24.63911713289134	29.00011853708879	18.358357635898734	47.84138071965406	0.0
GSM4138110_HNSCC_1_PBMC_ATTATCCAGCGCCTTG	893.829966381342	93.56362673898218	53.331132961323654	61.395350751095805	4.5145510674413005	1.9974243649086625	0.0
GSM4138110_HNSCC_1_PBMC_ATTCTACAGATGTCGG	946.8125512434699	0.0	40.66830582092694	0.0	0.0	0.0	0.2275832804930043
GSM4138110_HNSCC_1_PBMC_ATTGGACAGAAGGCCT	540.3679627168784	1.7753562664446434	53.76274751759466	7.225225209206643	6.729761579949084	4.829140992190322	0.0
GSM4138110_HNSCC_1_PBMC_ATTGGTGCACAGGAGT	747.9549806460769	25.329076065261106	44.57407354279497	56.59176309574046	0.0	36.305730329118695	2.38404235182147
GSM4138110_HNSCC_1_PBMC_CAACCTCTCTAAGCCA	574.3890814684597	51.173232598902885	0.0	40.325510013201324	9.603151285229286	0.0	0.0
GSM4138110_HNSCC_1_PBMC_CAACTAGGTGTCCTCT	853.9660012341616	14.703132318142169	0.0	7.240548655868541	0.0	7.209891230613185	0.0
GSM4138110_HNSCC_1_PBMC_CAACTAGTCAAGATCC	619.50572883559	0.0	0.0	60.39763655218312	12.375551378976688	0.0	24.63063935958305
GSM4138110_HNSCC_1_PBMC_CAAGAAATCACAAACC	569.4489665130039	26.598537877719025	18.18155091819066	0.0	21.337404702363717	0.0	0.0
GSM4138110_HNSCC_1_PBMC_CAAGTTGCATGTTCCC	1089.96111855795	93.44022354745516	64.02851671910246	0.0	34.57565711624984	19.305243344946476	0.0
GSM4138110_HNSCC_1_PBMC_CACACTCTCAAGATCC	1066.4840736348942	0.0	0.0	0.0	0.0	28.959051299481363	0.0
GSM4138110_HNSCC_1_PBMC_CACAGGCTCCGCGTTT	426.66985760863656	278.4357000434576	62.68469889609093	5.366910091908343	23.59375847414464	0.0	32.652076837042344
GSM4138110_HNSCC_1_PBMC_CACAGTAAGTTACCCA	512.5266953363135	129.35125649283032	94.46992926431179	0.0	53.42374857340244	0.0	45.50683097112918
GSM4138110_HNSCC_1_PBMC_CACATTTAGTAGCGGT	582.2181478492387	60.37664641247248	63.79949410128648	27.34891837700152	25.372517846768634	0.0	3.071940076662869
GSM4138110_HNSCC_1_PBMC_CACCACTTCCGCGGTA	494.69227223371934	142.8465101525703	0.0	41.68800853970393	0.0	0.1397430164844392	0.0
GSM4138110_HNSCC_1_PBMC_CAGAGAGAGCCACTAT	571.3073540227476	0.0	1.7243253297956755	0.0	52.56716077444188	0.0	28.86384749162951
GSM4138110_HNSCC_1_PBMC_CAGCAGCGTGCAGTAG	461.61853087687496	0.0	31.385806039467802	13.11160936536557	0.0	0.7888912861612134	0.0
GSM4138110_HNSCC_1_PBMC_CAGCATAAGTACTTGC	536.6961270409041	76.87696562667412	57.20623709306883	0.0	2.106330655215027	29.136936050984062	4.65634874808781
GSM4138110_HNSCC_1_PBMC_CAGCATATCAGAGGTG	1137.2263024930692	12.857986739026828	72.18055201676351	59.35524335369333	23.28765431646569	25.85440183073467	0.0
GSM4138110_HNSCC_1_PBMC_CAGCTAAGTTCCACGG	684.3380559306762	28.316551967289538	1.4151011152390518	50.461731716206714	24.93010155192005	0.0	34.49902280964861
GSM4138110_HNSCC_1_PBMC_CATCGAAGTACTTCTT	623.4273145823397	163.68204040462274	100.95724196030756	0.0	57.62572489462125	0.0	0.0
GSM4138110_HNSCC_1_PBMC_CATCGGGAGAGCTTCT	256.0867249964851	127.88191716161663	6.689699278227022	30.981549862933633	0.0	0.0	0.0
GSM4138110_HNSCC_1_PBMC_CATTATCTCGATCCCT	889.4761320830127	124.09356092820664	132.30916025812772	23.256829054695064	22.414284379359238	0.0	0.0
GSM4138110_HNSCC_1_PBMC_CATTCGCAGTGAAGAG	844.620882511443	271.42675230487475	287.29829053032813	65.73512464275552	8.181828711832722	0.0	0.0
GSM4138110_HNSCC_1_PBMC_CCACGGACAGATGGGT	486.7601599467667	497.7871377804449	227.0135996892234	4.729487246749259	41.84406587637764	0.0	0.0
GSM4138110_HNSCC_1_PBMC_CCACTACAGGTTCCTA	856.3889913481646	0.0	0.0	0.37225602819634995	24.070097807233584	4.2422543678557565	0.0
GSM4138110_HNSCC_1_PBMC_CCCAGTTAGGCACATG	481.27697246549053	17.025952750608482	0.0	53.725874621643044	24.316898180589327	30.40359025935452	0.0
GSM4138110_HNSCC_1_PBMC_CCCTCCTGTACAGCAG	451.50258782575156	166.85358417284084	66.7108542564873	39.740667153846	0.0	0.0	0.0
GSM4138110_HNSCC_1_PBMC_CCCTCCTTCCATGAAC	457.2359116894892	47.480194783900174	167.51199607959765	0.0	0.0	3.4235891512220493	3.9517607884112014
GSM4138110_HNSCC_1_PBMC_CCGTACTGTTCCAACA	1017.9734955743405	53.37475441245553	25.882059272139617	18.564674531729153	60.84916617110884	0.0	0.0
GSM4138110_HNSCC_1_PBMC_CCGTACTTCCGATATG	339.09951463060895	95.12194627961938	0.0	49.96966233043223	17.29635395525998	0.0	5.871921611667273
GSM4138110_HNSCC_1_PBMC_CCGTGGAAGGAGTACC	647.5346065623748	82.83750224880971	43.17811570680343	0.0	0.0	0.0	0.0
GSM4138110_HNSCC_1_PBMC_CCTAAAGAGCGCCTCA	945.9969062381198	214.71223002752953	0.0	136.25934110764123	102.65399683055786	34.95531117406083	0.0
GSM4138110_HNSCC_1_PBMC_CCTACACCACAGGCCT	503.3223491751575	182.03899846560734	0.0	26.83248746574878	49.11805841901811	30.47542047754176	0.0
GSM4138110_HNSCC_1_PBMC_CCTATTACACAAGACG	705.1912295546208	209.1417712327333	200.97869795871782	46.36444564049048	41.01842406092996	0.0	49.99824072747745
GSM4138110_HNSCC_1_PBMC_CCTTACGAGAATAGGG	715.3989117912487	0.0	37.83080963714272	0.0	23.915474916985065	0.0	72.4270063141975
GSM4138110_HNSCC_1_PBMC_CGAACATGTCCAGTAT	489.00393438693993	24.963921607586876	118.6959084535794	9.40318214028829	2.886013251957946	0.0	6.8388119752905165
GSM4138110_HNSCC_1_PBMC_CGATCGGCAACACCCG	337.9057563041714	63.149104375522484	23.783403272059235	29.380830616387367	0.0	8.669482430598702	0.0
GSM4138110_HNSCC_1_PBMC_CGATGTATCCTTTCGG	848.1078299712682	0.0	0.0	0.0	0.0	0.0	0.0
GSM4138110_HNSCC_1_PBMC_CGCGGTAAGACACGAC	436.3537505469511	0.0	61.771540765658024	0.0	0.0	34.2009840414908	0.0
GSM4138110_HNSCC_1_PBMC_CGCGGTATCAGTCCCT	771.5258768650381	0.0	6.44926086705722	1.830396306906635	0.0	0.0	0.0
GSM4138110_HNSCC_1_PBMC_CGCTATCAGGTAGCCA	782.8125382535524	172.4484429354606	37.21315581683564	15.524162894991536	59.706967190435904	0.0	50.9503525496739
GSM4138110_HNSCC_1_PBMC_CGCTTCACAGTACACT	758.7633038675563	89.34248335701143	81.2983925942342	12.069083618583065	25.53428694083671	0.0	0.0
GSM4138110_HNSCC_1_PBMC_CGGAGCTCAGACGCAA	419.9022835710153	105.7778067989671	24.478549836433384	46.38702710295467	13.244572046963729	6.380022456525055	0.0
GSM4138110_HNSCC_1_PBMC_CGGAGCTTCGCCTGAG	1042.5889229943252	75.03541703695132	92.38855916613332	0.30638738683115707	0.0	0.0	14.675367904070413
GSM4138110_HNSCC_1_PBMC_CGGCTAGTCACATAGC	1094.804275992648	72.4841038953706	202.41510416988274	9.29920755959176	0.0	8.81304308851978	0.0
GSM4138110_HNSCC_1_PBMC_CGGCTAGTCAGAGACG	517.3598295802454	129.99026687403997	0.0	7.961999205459471	8.438425809833047	15.69384517438705	0.0
GSM4138110_HNSCC_1_PBMC_CGGCTAGTCCTAAGTG	740.1682468925835	103.7222613344598	83.5774477397331	0.0	0.0	0.0	33.14571323811995
GSM4138110_HNSCC_1_PBMC_CGTAGCGAGAAGGGTA	779.0888012762276	96.13830500815446	86.96711039613939	8.701320221362694	0.0	48.98298101728968	4.442210953398234
GSM4138110_HNSCC_1_PBMC_CGTAGGCGTGGTAACG	265.44781962431034	169.3824700413658	53.94036580203366	21.317959474526884	10.56999970651599	52.29352198199389	0.0
GSM4138110_HNSCC_1_PBMC_CGTCACTTCAAACCGT	591.9656509086896	166.85042105137035	104.42419455896282	30.460927438001118	6.367674161109196	0.0	3.3608948185308214
GSM4138110_HNSCC_1_PBMC_CGTCCATAGCAGCGTA	477.32889597069595	22.979297374413495	49.17341273905004	0.0	0.0	0.0	20.965188001105922
GSM4138110_HNSCC_1_PBMC_CGTGTAAAGGTGTGGT	612.2770508363778	129.46270455305	184.25574802397347	0.0	45.93501686230783	0.0	0.0
GSM4138110_HNSCC_1_PBMC_CGTTGGGCAGGCGATA	638.5944354295355	49.42990190040746	12.371029577041218	23.71427713095265	8.999020870122354	0.0	0.0
GSM4138110_HNSCC_1_PBMC_CTACACCGTAGCTTGT	661.6727419861672	11.604973925342543	4.897704235893504	38.05597489543276	0.0	31.2822641141381	0.0
GSM4138110_HNSCC_1_PBMC_CTACGTCAGTGGGATC	841.9884297410993	0.0	0.0	0.0	4.010337866607871	0.0	0.0
GSM4138110_HNSCC_1_PBMC_CTACGTCTCCACGAAT	373.24251403438967	137.47803351175128	19.82356190837326	4.2086713843057755	0.0	18.79591533429528	0.970189760836883
GSM4138110_HNSCC_1_PBMC_CTAGCCTAGCCAACAG	796.048639333567	39.24733987042682	1.4108956298657669	13.101628282447233	2.536351287818797	0.0	0.0
GSM4138110_HNSCC_1_PBMC_CTCAGAATCGAATGGG	621.8617547595152	142.78422536116247	113.98627394335567	8.393979024540027	43.477141922248954	38.6684263329874	0.0
GSM4138110_HNSCC_1_PBMC_CTCCTAGCAAGTCTGT	620.8029451040456	159.91664335989745	66.52787142087483	0.0	39.288690919698226	0.0	0.0
GSM4138110_HNSCC_1_PBMC_CTCGGAGAGCAGGTCA	965.4496093456371	0.0	117.66512553216587	7.563140191434314	0.0	0.0	0.0
GSM4138110_HNSCC_1_PBMC_CTCGTACTCAGCAACT	594.7515815931438	232.6055978244851	246.10462397036005	21.85615764864876	38.097329274989235	18.424363517693227	0.0
GSM4138110_HNSCC_1_PBMC_CTCGTCAAGCTCTCGG	636.2208662592332	305.4252807366531	185.68149582849742	67.54014492871482	0.0	97.28483584540635	0.0
GSM4138110_HNSCC_1_PBMC_CTCTACGCAGATCGGA	429.5036759305446	13.004509776370982	0.0	0.0	35.18172367049155	0.0	0.0
GSM4138110_HNSCC_1_PBMC_CTCTGGTAGACAGGCT	454.3234415087738	21.744165257257094	0.0	10.839216643993646	43.75034924860217	22.469242759613834	21.178212076809277
GSM4138110_HNSCC_1_PBMC_CTCTGGTCACAGCCCA	905.3271462163285	10.237906422481274	98.64336190431037	0.0	0.0	44.01727937878902	0.0
GSM4138110_HNSCC_1_PBMC_CTGAAACCAGCCTTGG	509.85443065397607	133.2489933495479	60.993363375061925	37.924736046969215	5.378027860861934	6.577746749221232	0.0
GSM4138110_HNSCC_1_PBMC_CTGAAACCAGTATGCT	667.9878796885776	67.80801463397935	48.52376341079192	23.496288569130748	23.17327375129892	0.0	25.821052635537065
GSM4138110_HNSCC_1_PBMC_CTGAAGTCAGCTGCTG	816.4375274541275	23.437915645231417	30.89919670984783	10.238949136443251	0.0	0.0	0.0
GSM4138110_HNSCC_1_PBMC_CTGAAGTGTTCTCATT	539.2816602169955	56.261876126445415	1.0287935049571129	41.22802558969576	55.95446592213827	0.0	0.0
GSM4138110_HNSCC_1_PBMC_CTGTTTACAAAGGTGC	828.3266142922604	15.165862635583556	36.10738099493382	9.119503037779916	0.0	0.0	0.0
GSM4138110_HNSCC_1_PBMC_CTTAACTGTGACGCCT	583.386385228557	0.0	4.9939306134063655	25.673624636472983	0.0	40.30609906349062	5.419162674519628
GSM4138110_HNSCC_1_PBMC_CTTAGGAAGGTGATTA	769.4569694234307	188.39503500944068	444.3182271327376	32.48741079353826	125.58821550172098	0.0	36.31058932066138
GSM4138110_HNSCC_1_PBMC_CTTAGGACAGAGTGTG	525.3175252402408	24.524571663018953	125.56366096432947	78.01428989283748	0.0	0.0	0.0
GSM4138110_HNSCC_1_PBMC_CTTGGCTCAAAGCGGT	939.4930818151294	165.7387438752338	0.0	21.404762499366576	0.0	0.0	9.65377472113956
GSM4138110_HNSCC_1_PBMC_GAAACTCGTCTTCTCG	792.2658304016016	180.09022767545468	185.43950212456826	33.528749448894956	52.645354841829054	0.0	0.0
GSM4138110_HNSCC_1_PBMC_GAAATGAAGAGCAATT	408.0101696863256	50.985111901633225	60.21438714718261	0.0	2.716533505250564	6.981652137598131	0.0
GSM4138110_HNSCC_1_PBMC_GAACATCTCGGTTAAC	585.1856551899575	40.052454227046645	26.32395525477648	0.0	28.878180144839032	9.967293906800192	2.853682099281991
GSM4138110_HNSCC_1_PBMC_GAACCTATCGGCCGAT	418.02582781461854	146.61248640878662	9.113572301429327	0.0	49.850022783262546	30.346746087556003	0.0
GSM4138110_HNSCC_1_PBMC_GAATGAAGTTGGACCC	482.8283002536247	17.71173798632715	19.131459987076138	17.81673551565472	8.954889966179367	0.0	0.0
GSM4138110_HNSCC_1_PBMC_GACAGAGAGAGCCTAG	179.929241547642	188.36511709417834	75.69687948606881	32.68163850667593	0.0	0.0	6.2147644510045446
GSM4138110_HNSCC_1_PBMC_GACTAACAGGCAGGTT	853.6606147073753	0.0	31.074510014987222	0.0	109.59559881380953	54.323078549190505	0.0
GSM4138110_HNSCC_1_PBMC_GACTGCGGTATCTGCA	748.8627830140259	0.0	0.0	0.0	2.167113773367941	0.0	0.0
GSM4138110_HNSCC_1_PBMC_GACTGCGTCTAAGCCA	841.8326966561831	0.0	242.43044080235305	0.0	48.315009340954866	0.0	0.0
GSM4138110_HNSCC_1_PBMC_GATCGATGTGCTGTAT	855.9970656804974	117.95234792482812	32.1308970550851	38.40074014710218	0.0	0.0	0.0
GSM4138110_HNSCC_1_PBMC_GATCTAGAGGGCTCTC	447.73058831520046	100.82036589833244	0.0	42.38350192764621	14.615401901747651	19.17399708506603	0.0
GSM4138110_HNSCC_1_PBMC_GATCTAGCAAACCTAC	1077.6214147011904	51.49220630519189	36.86041050398516	20.340505434953737	18.936289417101634	0.0	0.0
GSM4138110_HNSCC_1_PBMC_GATGAAAAGAAGGGTA	409.17087535663387	43.17229849411903	38.04528635315353	35.3558435032382	8.458902992925465	0.0	18.41592819279106
GSM4138110_HNSCC_1_PBMC_GATGCTAGTATGGTTC	663.4006337944331	66.7652914472251	12.118975840739344	0.0	0.1439132422761045	43.90516035293215	8.821645441156212
GSM4138110_HNSCC_1_PBMC_GATTCAGAGCTATGCT	871.5152809945808	0.0	0.0	0.0	9.708735099152024	106.78342851542213	0.0
GSM4138110_HNSCC_1_PBMC_GCACATACATGAACCT	395.52873965145704	213.13593253288727	74.35393596141364	49.635286234802486	36.433491433651554	27.571073486771493	0.6244272242231372
GSM4138110_HNSCC_1_PBMC_GCACATAGTCTTCTCG	866.4827825545116	60.23137667718072	101.63068604559616	0.0	0.0	0.0	7.202559291893808
GSM4138110_HNSCC_1_PBMC_GCAGTTATCCTACAGA	329.1840812732608	46.52825117016609	83.27948479129928	19.89657289650213	16.812960532639803	0.0	4.182063849301465
GSM4138110_HNSCC_1_PBMC_GCATACAAGACACGAC	911.5829891997212	98.46531706305679	230.43439807828625	0.0	40.224936062618774	4.459872204778876	0.0
GSM4138110_HNSCC_1_PBMC_GCATGTATCTCATTCA	377.2894182341485	69.80634890300198	80.29927687626706	0.0	1.0083935878116463	0.0	14.963948636706858
GSM4138110_HNSCC_1_PBMC_GCGAGAATCTATCCTA	746.2442960780547	0.0	0.0	3.398872755751609	2.989825886065433	0.7004441477324492	0.0
GSM4138110_HNSCC_1_PBMC_GCGCAACCAGTACACT	472.85167550080564	158.55364032595017	38.812682381890546	0.0	0.0	0.0	0.0
GSM4138110_HNSCC_1_PBMC_GCGCAACTCACCGTAA	454.99749328052934	89.53569008930415	47.316608800742756	0.0	46.428242024164874	0.0	18.41976969326984
GSM4138110_HNSCC_1_PBMC_GCGGGTTTCTGTACGA	657.816078542656	190.7429933816044	15.728821366058636	58.545391052000504	0.0	0.0	13.038889083208884
GSM4138110_HNSCC_1_PBMC_GCTGCAGCACAACGCC	616.7000448224732	0.0	87.8564885751316	0.0	0.0	0.0	17.911782217945632
GSM4138110_HNSCC_1_PBMC_GGAACTTCAACTGGCC	619.8956315694326	113.22771200116648	23.094302991934207	10.409944836006675	7.287462492712802	57.653922930118	0.0
GSM4138110_HNSCC_1_PBMC_GGAATAAAGAACAATC	556.7577761942658	62.989839761654416	0.0	11.644396106279743	7.481182680603811	0.0	24.44543052998859
GSM4138110_HNSCC_1_PBMC_GGACATTCACGGTTTA	732.481217958787	0.0	47.092118988833455	0.0	0.0	10.334031302231903	25.583854715227144
GSM4138110_HNSCC_1_PBMC_GGCTCGATCCGCGTTT	482.4419877290235	77.64535903347415	25.124271597461874	0.6902568653408863	70.883826814437	0.0	0.0
GSM4138110_HNSCC_1_PBMC_GGGACCTAGCCAGGAT	582.4061623629585	96.7958385234372	20.70468462612266	0.0	7.287312009508505	21.746959767579515	0.0
GSM4138110_HNSCC_1_PBMC_GGGACCTCAGTCACTA	930.2814371104097	112.15210539657208	129.2251619822324	11.234814748357664	83.8801677950925	53.31627161367933	0.0
GSM4138110_HNSCC_1_PBMC_GGGAGATGTGTGCGTC	540.8216622150853	58.59835178374649	48.68222322624564	2.9717115592459318	0.0	0.0	29.807734047892637
GSM4138110_HNSCC_1_PBMC_GGGAGATTCACGATGT	489.4940365499311	9.53958266342722	95.24667653099281	29.207854848244086	0.0	0.0	0.0
GSM4138110_HNSCC_1_PBMC_GGGTTGCGTCCGAAGA	901.1311944496564	50.27175145799039	120.35351549087662	0.0	0.0	0.0	0.0
GSM4138110_HNSCC_1_PBMC_GGTGAAGTCGCTTGTC	709.7737021502641	109.96232082764173	27.068594592367425	0.0	0.0	12.864396044335399	0.0
GSM4138110_HNSCC_1_PBMC_GGTGTTACAAACGCGA	954.6103072882778	0.0	102.58107188116097	0.0	0.0	0.0	0.0
GSM4138110_HNSCC_1_PBMC_GTAACTGTCTTCGAGA	827.0866887454348	37.94521058922222	11.940815224168992	2.2017321091991477	36.62934100415335	1.588146188926237	0.0
GSM4138110_HNSCC_1_PBMC_GTAGGCCAGGTGTGGT	650.2491611524918	37.231072484301805	73.31609970447458	0.0	8.249843128798938	0.0	0.0
GSM4138110_HNSCC_1_PBMC_GTAGTCACAGATCCAT	573.6936759759789	36.948240581141505	35.02713391209152	0.0	38.26858424677188	0.6178707387687313	36.7664761868229
GSM4138110_HNSCC_1_PBMC_GTAGTCAGTGGGTCAA	511.24937440389823	0.0	24.721963234708006	37.99749224085651	4.534022826856169	0.0	9.03119182408318
GSM4138110_HNSCC_1_PBMC_GTATTCTAGGGTTTCT	930.1717924807884	0.0	60.02084522890041	0.0	48.82567286531004	0.0	0.0
GSM4138110_HNSCC_1_PBMC_GTATTCTTCCAAACTG	739.6209799982497	88.76820715833713	16.483494892098754	54.89884698675165	41.47535056591299	0.0	17.95603814988
GSM4138110_HNSCC_1_PBMC_GTCGTAACAGGAACGT	428.36018423265824	79.35720769024276	23.625624356580847	50.3923469211405	61.75713487014466	0.0	0.10562333930674897
GSM4138110_HNSCC_1_PBMC_GTCGTAAGTATGAAAC	517.0800029153924	70.26090372718004	0.0	34.24803051424684	0.0	0.0	17.481377127225908
GSM4138110_HNSCC_1_PBMC_GTCTCGTGTACGCACC	484.1716495920023	147.47432268310035	12.068901348890275	0.0	28.234368507186247	0.0	0.0
GSM4138110_HNSCC_1_PBMC_GTGGGTCAGAATGTGT	479.98376348010703	96.62725672580454	0.0	0.0	24.166340836728885	0.0	0.0
GSM4138110_HNSCC_1_PBMC_GTTCATTGTAGCTGCC	947.944305569936	0.0	0.0	25.589868170480564	35.034456812252266	0.0	46.27524046777049
GSM4138110_HNSCC_1_PBMC_GTTCATTTCCGCGGTA	932.8708164176891	0.0	16.107601648507124	23.00350972348039	0.0	0.0	17.06804539276364
GSM4138110_HNSCC_1_PBMC_GTTCTCGCACTATCTT	625.539130997972	35.336022558212086	99.9824287897871	0.0	7.6574346539358045	0.0	0.0
GSM4138110_HNSCC_1_PBMC_GTTCTCGTCAGAGACG	705.9353639867863	0.0	0.0	0.0	51.98769387306574	0.0	1.4344631680969036
GSM4138110_HNSCC_1_PBMC_TAAGCGTAGGTGCTTT	581.9496841811853	361.65932359353707	290.27404457877384	117.31375063732531	105.30604753327404	0.0	9.919793308141093
GSM4138110_HNSCC_1_PBMC_TACAGTGGTCATCGGC	1125.0558240694734	77.40348268867055	62.0029600535972	0.0	0.0	3.8993026647629336	19.256901588950203
GSM4138110_HNSCC_1_PBMC_TACCTTATCACGATGT	833.7698492715364	77.52899672910283	12.918251849799889	30.51103970756024	42.74416480700018	16.824417380603272	0.0
GSM4138110_HNSCC_1_PBMC_TACGGATTCTAACTTC	561.1713741352356	111.51247727138096	37.364093948560715	9.499952453298512	14.095932775336008	0.0	0.0
GSM4138110_HNSCC_1_PBMC_TACTTGTAGTCATCCA	774.9328533158648	0.0	88.9770642945869	61.80605596315606	23.41453888435901	0.0	8.644614514446657
GSM4138110_HNSCC_1_PBMC_TACTTGTTCAGAGCTT	624.2073895748508	47.863127073679465	99.84828993866753	40.202412050488164	45.12690708413142	0.0	42.509153554211736
GSM4138110_HNSCC_1_PBMC_TAGACCAGTCCGAGTC	651.5733372735816	129.8513767157886	70.15884734197434	0.0	28.81997386062522	6.319229275211609	13.295312742805594
GSM4138110_HNSCC_1_PBMC_TAGAGCTGTTCCCTTG	654.24219371232	50.186216638507084	110.88433206970112	4.794156055249075	0.0	0.0	0.0
GSM4138110_HNSCC_1_PBMC_TATCTCACACGGCGTT	764.9992768798658	65.72076032330665	53.311520810269954	4.371458188241176	9.523291431806719	13.119891026341516	0.0
GSM4138110_HNSCC_1_PBMC_TATCTCATCAACGGGA	972.5604254153245	59.675047492990025	69.54594811491563	0.0	0.0	0.0	28.721552881134972
GSM4138110_HNSCC_1_PBMC_TCACGAATCTGTCCGT	645.7752319580384	80.05924953815082	128.5028603806649	12.675836664557425	0.0	0.0	32.55847130983445
GSM4138110_HNSCC_1_PBMC_TCAGATGTCCGCGTTT	425.63959576702007	147.57721995358813	23.32563319268955	27.792462446753635	45.66885145843364	12.570620827677537	0.0
GSM4138110_HNSCC_1_PBMC_TCAGCAAAGGCGCTCT	504.71076253410615	46.72828198564458	22.50897778048645	0.0	0.0	47.448064940228996	0.0
GSM4138110_HNSCC_1_PBMC_TCATTACAGCGCTCCA	824.1734040687967	53.09778231117554	32.64965833885353	36.12723350604661	0.0	0.0	12.147713633849078
GSM4138110_HNSCC_1_PBMC_TCCCGATAGTGGAGAA	400.44944654832494	26.355736072055244	69.99374898133841	13.366372057698394	0.0	25.35333585837296	0.0
GSM4138110_HNSCC_1_PBMC_TCGCGAGGTAGCACGA	809.1147272328949	131.7144755031751	124.43486387865948	6.583713361787167	33.36647656987886	0.0	25.913863038782875
GSM4138110_HNSCC_1_PBMC_TCGGGACTCAACGAAA	620.0531809185259	51.33330277182525	55.05897286213304	0.0	0.0	25.11341625907865	0.0
GSM4138110_HNSCC_1_PBMC_TCGGGACTCGAGAGCA	848.4861076464048	44.53386226757197	202.05097104886798	9.330758021389126	56.28193830622133	34.22137540885961	0.0
GSM4138110_HNSCC_1_PBMC_TCGGTAATCACTCTTA	610.3829202626988	56.990947962914525	18.026060603718665	0.0	6.56403067509428	52.75131091859482	0.0
GSM4138110_HNSCC_1_PBMC_TCGTACCTCCGCAAGC	600.9908522398497	450.50044850342596	129.41935864236143	235.64081455191007	105.18616054257767	38.08376263975426	0.0
GSM4138110_HNSCC_1_PBMC_TCGTACCTCTGCCCTA	733.0258325652296	298.6345663795761	490.27721111882573	41.37587377261795	24.910127918551733	19.090403253834843	7.31362341022729
GSM4138110_HNSCC_1_PBMC_TCTATTGGTCTAAAGA	680.7463144187514	44.853519100439435	50.430152295675285	7.622110354092091	7.1276652980776065	0.0	18.940932819980738
GSM4138110_HNSCC_1_PBMC_TCTATTGGTTGGTTTG	661.3949690312519	38.93016191951542	75.39494291798417	0.0	7.913723322425824	0.0	13.114475947887465
GSM4138110_HNSCC_1_PBMC_TCTATTGTCTGCAGTA	459.5931933279658	75.67121947806488	5.114067345808449	56.3401724489167	9.979432618856643	0.0	0.0
GSM4138110_HNSCC_1_PBMC_TCTGAGACAGATAATG	779.6077615004755	142.723814953018	75.05581609615281	0.0	44.17794625561186	0.0	22.2482039075851
GSM4138110_HNSCC_1_PBMC_TCTGAGAGTAAGAGAG	763.3409830909602	10.131200719365802	43.76293046838009	25.80512966213439	7.744574985707406	0.0	0.0
GSM4138110_HNSCC_1_PBMC_TCTGAGATCCTTTCTC	599.2928378594621	40.36273711012855	85.61411917419869	16.142500221090856	13.326001574002305	0.0	49.44063840058524
GSM4138110_HNSCC_1_PBMC_TCTGGAATCTCAAACG	592.1043628375406	157.17662792714398	32.29490920067893	0.0	0.0	14.874554966872932	26.03085674876861
GSM4138110_HNSCC_1_PBMC_TCTTTCCAGTGGGCTA	865.0503035545667	0.0	50.10213991113576	33.18595635748979	0.0	0.0	21.421639151462045
GSM4138110_HNSCC_1_PBMC_TGAAAGACACTTCGAA	434.4894599527426	14.201315804064407	0.0	84.09871813917201	0.0	0.0	24.8336061056941
GSM4138110_HNSCC_1_PBMC_TGACAACGTTAAGGGC	1047.7416499114388	80.1842713917705	63.59697162484306	0.0	12.370017894452983	17.315086346111634	0.0
GSM4138110_HNSCC_1_PBMC_TGACGGCAGCGCCTTG	728.0082885542452	31.37091632998878	83.89703377343203	9.207659653940476	0.0	0.0	87.36015486050708
GSM4138110_HNSCC_1_PBMC_TGACGGCGTTACGACT	730.2751501055772	21.095333098188966	1.5326101623998427	2.6927445003435935	11.774170014138491	0.0	9.994703717113456
GSM4138110_HNSCC_1_PBMC_TGACGGCTCGGTTCGG	644.0308545808392	164.51520746736117	33.45733714336763	58.379383678880224	33.41932374170793	0.0	0.0
GSM4138110_HNSCC_1_PBMC_TGACTAGAGAACTGTA	302.08827330598245	73.52512359554406	69.7066879167277	5.863781932491584	0.0	34.822198418711224	0.0
GSM4138110_HNSCC_1_PBMC_TGAGCATGTATTCTCT	751.243345607363	562.2292919749304	319.77931689852994	51.321550212193195	32.790856747456985	39.79887134406132	0.0
GSM4138110_HNSCC_1_PBMC_TGCACCTTCCAGGGCT	935.8888554570045	4.888548854492231	199.4119730520902	16.404753449724563	57.55239510314441	28.733941152309704	0.0
GSM4138110_HNSCC_1_PBMC_TGCCAAATCGCGGATC	528.9315114865493	121.94013272548428	97.38398486908723	35.19280286166789	15.926130297782521	0.0	29.31623522919232
GSM4138110_HNSCC_1_PBMC_TGCCAAATCTTCCTTC	622.9755247439559	0.31988160579926384	106.66978435215762	0.0	31.11492345486613	0.0	0.0
GSM4138110_HNSCC_1_PBMC_TGCCCATGTGGTCCGT	542.2888773693242	41.81254305964048	64.32407230823887	0.0	38.745207640705694	9.700939479080215	0.0
GSM4138110_HNSCC_1_PBMC_TGCCCTACAAAGCAAT	776.16885206133	65.97305544741963	85.31940921594547	27.79396525265695	0.0	0.0	15.469534749655846
GSM4138110_HNSCC_1_PBMC_TGCCCTAGTGTCGCTG	492.7746231256926	90.81119057254955	0.0	0.0	0.0	102.0387268238182	0.0
GSM4138110_HNSCC_1_PBMC_TGCGCAGAGGGCATGT	1110.753732447631	161.70706099072225	277.0251833452164	1.6299023147962564	27.34888822542941	16.60234053475836	0.0
GSM4138110_HNSCC_1_PBMC_TGCTACCCACTACAGT	821.6124360340381	102.38875551195086	34.69195124929806	22.10028566256823	9.795457930561657	17.584320584855252	0.0
GSM4138110_HNSCC_1_PBMC_TGCTACCCATTACGAC	563.7115598596206	40.70610893911315	0.0	14.35709342050407	3.8598109953341075	13.77108954508548	0.0
GSM4138110_HNSCC_1_PBMC_TGCTACCTCAACCAAC	560.7346726193687	53.01354879043699	53.74426935917372	8.145269552561288	16.771577846152937	2.509069303864663	0.0
GSM4138110_HNSCC_1_PBMC_TGGACGCGTCATACTG	902.8562591713805	74.90742153638092	0.0	0.0	25.895986226902117	26.055173385247596	0.0
GSM4138110_HNSCC_1_PBMC_TGGCCAGTCCTTAATC	716.2518249906304	70.69869803179894	31.877309621735264	21.582976843208588	83.12024828228462	0.0	4.60440384919956
GSM4138110_HNSCC_1_PBMC_TGGCTGGCAGTCGATT	997.680658162417	300.53402580941105	154.52516033326594	84.64038002807031	11.637460086591215	0.0	0.0
GSM4138110_HNSCC_1_PBMC_TGGGAAGCAATGGAGC	513.807989318578	0.0	34.14630360009227	6.841009536982716	10.266543841887803	0.0	7.182493855010971
GSM4138110_HNSCC_1_PBMC_TGGGCGTAGGGAGTAA	549.3737887058328	65.26180645086575	52.80558493997158	39.84017863676965	0.0	13.081598899207863	0.0
GSM4138110_HNSCC_1_PBMC_TGGGCGTGTTCGCGAC	624.313611467608	72.78333029001634	50.17948365181605	0.0	0.0	0.0	0.0
GSM4138110_HNSCC_1_PBMC_TGGGCGTTCAACTCTT	403.80186915388833	0.0	0.0	0.0	64.53214237265051	48.47219630075197	17.033652665566393
GSM4138110_HNSCC_1_PBMC_TGGTTAGGTAGAAAGG	411.94440768265844	61.20041710733786	4.717141212505602	71.82398305830078	37.66986559785585	0.0	4.195416453576735
GSM4138110_HNSCC_1_PBMC_TGGTTAGTCGTCCGTT	904.3944089096618	159.32766117481697	111.17966173738012	10.722372591825247	0.0	0.0	0.0
GSM4138110_HNSCC_1_PBMC_TTAACTCGTGTTCTTT	540.3039999059486	81.15131080112909	0.0	0.0	5.5942320399198815	20.06055010464059	29.38965935485103
GSM4138110_HNSCC_1_PBMC_TTAACTCGTTAGTGGG	731.250954396248	56.75050557036508	127.59717548337777	62.901060389756545	27.731745277436314	49.4542196886898	0.0
GSM4138110_HNSCC_1_PBMC_TTAGGCATCATGTCCC	617.3688618187012	34.921367508927936	15.619655983454185	0.0	0.0	0.0	2.439221838883211
GSM4138110_HNSCC_1_PBMC_TTCTACAGTTGTGGAG	364.6055627458834	0.0	0.0	0.0	135.37911152822332	8.412261770884433	0.0
GSM4138110_HNSCC_1_PBMC_TTCTCAATCCTCTAGC	533.6807490967559	163.6231603847689	103.71840005172173	35.57472469351063	14.318352672510779	0.0	52.94256712874782
GSM4138110_HNSCC_1_PBMC_TTCTCCTTCCCGACTT	548.056463000796	0.0	28.608292395654807	48.93017701534926	9.490580120763294	0.0	0.0
GSM4138110_HNSCC_1_PBMC_TTGACTTCATGGAATA	640.3399257472098	80.78059031194111	36.390927318723975	0.1823516953387652	31.976542441960905	0.0	14.305453213541966
GSM4138110_HNSCC_1_PBMC_TTGACTTTCAGGTAAA	420.46660834694615	163.25316532258495	114.27017080001335	54.79245444332255	9.762699105470512	13.185903230369814	5.598506389829722
GSM4138110_HNSCC_1_PBMC_TTGTAGGCAGCGTTCG	316.9777295826384	108.00846445084885	52.66204861276646	31.220552632571124	12.24381333864992	0.0	0.0
GSM4138110_HNSCC_1_PBMC_TTTACTGGTTCTGGTA	500.9365518538474	0.0	41.492826273230676	12.055008354797952	31.503249812117794	0.0	0.0
GSM4138110_HNSCC_1_PBMC_TTTATGCGTTTGTGTG	483.6050117958971	105.30054789139118	35.519994246948485	40.55578334413291	0.0	0.2479549689159564	0.0
GSM4138110_HNSCC_1_PBMC_TTTCCTCCAGATCCAT	671.8584972646343	17.362206131401482	27.019598617155854	58.858149443602514	53.387853387715346	0.0	0.0
GSM4138110_HNSCC_1_PBMC_TTTCCTCGTTCGCGAC	862.3294490634513	38.43838883746921	18.749298473570683	0.0	48.57137754843425	0.0	61.09030125794239
GSM4138110_HNSCC_1_PBMC_TTTGCGCCACGAAATA	710.3804653974	59.90382239481099	63.28936778720753	0.0	18.839411111538723	0.0	0.0
GSM4138110_HNSCC_1_PBMC_TTTGCGCGTTTCCACC	582.6559525712767	0.0	0.0	0.0	51.37540676367566	50.66198028709613	0.0
GSM4138110_HNSCC_1_PBMC_TTTGGTTAGAATTGTG	703.6125933923798	119.00080296923538	32.79394889884967	0.0	0.0	6.141331217535789	3.4320558950426783
GSM4138110_HNSCC_1_PBMC_TTTGGTTAGAGCAATT	649.7537559523805	154.91325945171496	126.85445605309143	30.59513705271676	1.0745404298795347	48.264963320838895	0.0
GSM4138110_HNSCC_1_PBMC_TTTGGTTGTCCGTGAC	665.9213922158084	88.1423779151464	15.803411214954181	40.3243643222632	21.954452009956952	0.0	0.0
GSM4138110_HNSCC_1_PBMC_TTTGTCAAGTACGATA	769.9936712649824	187.04521877739174	84.57688539413921	0.0	6.741242751761008	0.06118651197712846	0.0
GSM4138110_HNSCC_1_PBMC_TTTGTCATCAGGCAAG	614.9261908244692	66.20924636805755	87.68159807039461	20.89281843014726	0.0	56.8893108669582	0.0
GSM4138110_HNSCC_1_PBMC_TTTGTCATCGCGTAGC	539.8627686989159	44.031908364281314	88.05107428579822	0.5424632391028955	8.224490026038055	13.435900219352146	0.0
GSM4138110_HNSCC_1_PBMC_ACGGAGAAGCAGGCTA	324.9118925024942	229.70074965366388	124.72178056194343	5.7852522241400655	34.566837477740314	4.208684127409533	0.0
GSM4138110_HNSCC_1_PBMC_ACTATCTGTCGAGTTT	407.1638968369981	509.4386884124694	171.31186981118472	0.0	29.316606155199693	4.468687513413791	5.186234010733497
GSM4138110_HNSCC_1_PBMC_CAGTCCTGTAGAAGGA	343.29891175407136	354.6839650036376	33.408776138460226	0.0501726729186429	38.92702691397274	0.0	17.095085158324537
GSM4138110_HNSCC_1_PBMC_CGATGTATCGGTCTAA	436.0080828202483	266.7459877758507	36.495465761293524	0.0	15.498762319658688	0.0	0.0
GSM4138110_HNSCC_1_PBMC_GACCTGGTCGCCAAAT	502.64227068822163	293.2311314112799	101.50522947138943	7.056253456493427	0.0	10.867454946447197	1.4501119664096744
GSM4138110_HNSCC_1_PBMC_TACGGTACATGGTCAT	444.51260187793633	720.8892594212912	199.6575667311782	0.0	30.982388103083597	0.0	0.0
GSM4138110_HNSCC_1_PBMC_TTAGTTCTCGCGGATC	301.2679413722172	187.27883380509402	188.24978456149384	0.0	0.8203727991995335	0.0	0.0
GSM4138110_HNSCC_1_PBMC_AAAGCAACACGCGAAA	231.07823775754326	656.4353023018159	262.65924113305493	67.81243287915242	0.0	38.75945804641525	13.3911720623118
GSM4138110_HNSCC_1_PBMC_AACTTTCGTGTATGGG	20.898602510290907	471.9854094133502	25.52471631637892	25.78310887367911	11.263353704883633	0.0	0.0
GSM4138110_HNSCC_1_PBMC_AAGGAGCAGGGAAACA	234.616435237282	472.58725224857335	179.28249260533343	11.508501241130972	0.0	0.0	0.0
GSM4138110_HNSCC_1_PBMC_AATCGGTGTAATCACC	387.14717481611984	546.7597508877527	92.76235557759294	0.0	0.0	0.0	21.401766892259047
GSM4138110_HNSCC_1_PBMC_ATAACGCTCACAACGT	1049.7215334437742	748.8581781736922	194.54172202158978	5.7891397183960684	0.0	0.0	29.15344485870541
GSM4138110_HNSCC_1_PBMC_ATCATCTTCTGGCGAC	83.06400547573803	1357.0392936447656	136.04927530530745	19.031261333253294	20.9101767424233	0.0	0.0
GSM4138110_HNSCC_1_PBMC_ATCCGAATCGTTTATC	344.76771966936917	735.4630739468234	163.67962104903293	0.0	0.0	0.0	0.0
GSM4138110_HNSCC_1_PBMC_ATGCGATTCGTGGGAA	564.2213486712226	516.961580649132	266.1003515590866	0.0	0.0	0.0	0.0
GSM4138110_HNSCC_1_PBMC_CAAGAAATCAGGCAAG	39.28106117396467	420.17100580195046	152.89808478978804	33.049271366980186	13.640359681446217	18.709072917185125	0.0
GSM4138110_HNSCC_1_PBMC_CACAGGCCACACCGAC	173.28779400271313	1492.915650162078	77.59419632729914	58.59350607063253	0.0	0.0	0.0
GSM4138110_HNSCC_1_PBMC_CACTCCATCTGTACGA	183.81596030534243	358.3042182530039	46.45417112331103	0.0	27.830949743106135	0.0	0.0
GSM4138110_HNSCC_1_PBMC_CCTTCCCTCGCCTGTT	280.41898063711903	190.94590423830408	46.238375197368995	40.18127620823971	28.230499249235493	0.0	0.0
GSM4138110_HNSCC_1_PBMC_CGATTGAAGACTAAGT	101.89261497991257	956.2624097985481	100.61924188356097	0.0	0.0	0.0	0.0
GSM4138110_HNSCC_1_PBMC_CGGACGTTCTGAGTGT	161.03634551869516	248.25482546652373	44.21059866971222	0.0	24.008441829925488	0.0	54.01480775648978
GSM4138110_HNSCC_1_PBMC_CGGGTCATCCCAACGG	149.34829701445491	360.0002245296231	25.918082260857	11.472161358453954	0.0	4.954470085200224	0.0
GSM4138110_HNSCC_1_PBMC_CTCGAGGCATAGACTC	452.77015833663637	822.274735786469	253.4466329226585	56.474382784316894	51.777567388579286	0.0	0.0
GSM4138110_HNSCC_1_PBMC_CTCGTCACAATAAGCA	419.90344161585426	750.0254792100135	181.04310586881368	0.0	27.259789129987094	0.0	0.0
GSM4138110_HNSCC_1_PBMC_CTGATCCTCTTTAGGG	380.93960878164864	368.9076395121604	208.4953307860362	0.0	17.30782798514433	21.272623854788296	6.713104497189507
GSM4138110_HNSCC_1_PBMC_CTGTGCTTCTAACGGT	387.28647783816933	643.321315792064	13.756493541841019	57.84133945144203	4.061596000775844	0.0	0.0
GSM4138110_HNSCC_1_PBMC_CTGTGCTTCTATCGCC	160.4834500336752	616.0108272766685	67.13023946201196	0.0	49.866900952008656	0.0	33.477838926114
GSM4138110_HNSCC_1_PBMC_GACTAACGTCGACTGC	146.414558500073	626.2451829709071	121.28136838649013	14.45850473299378	1.5132897403753653	0.0	0.0
GSM4138110_HNSCC_1_PBMC_GAGGTGATCGTCCGTT	161.5508904446689	783.0485855523083	120.79930363207207	17.930521653055077	56.3830876894465	19.188994357813876	0.0
GSM4138110_HNSCC_1_PBMC_GATCAGTAGTGTACTC	255.68838277151883	572.8829165527669	223.50041365740648	0.0	42.415251065316454	0.0	4.909826395636557
GSM4138110_HNSCC_1_PBMC_GCTCTGTAGTATCTCG	0.0	0.0	0.0	0.0	3564.9331889758487	0.0	0.0
GSM4138110_HNSCC_1_PBMC_GGAACTTTCCGATATG	196.5881172785903	509.86565509671567	6.723372308949452	49.34536633496099	9.443126091668926	0.0	34.20396931692223
GSM4138110_HNSCC_1_PBMC_GGACAGAAGCCATCGC	328.60349096671365	649.1293124776595	101.4305980250725	68.56092089232914	15.020207473172425	0.0	8.665430710991457
GSM4138110_HNSCC_1_PBMC_GGATGTTGTGCAGTAG	266.1438678617654	469.41845215155774	150.23390695123686	3.1318589768403626	25.337224870470138	0.0	0.0
GSM4138110_HNSCC_1_PBMC_GTAACTGCAGCTGTTA	355.43142877765746	319.7383514616624	205.0243253810294	69.39895866045168	0.0	8.778465988035668	0.0
GSM4138110_HNSCC_1_PBMC_GTATTCTAGTAATCCC	255.74164177422296	1052.955153480723	117.80960278788977	107.63129118627344	31.4755171181066	0.0	0.0
GSM4138110_HNSCC_1_PBMC_GTGCAGCAGTCAAGCG	0.0	1569.0113850582493	124.43883688329402	100.05246960633686	296.73868106630096	594.517483737207	0.0
GSM4138110_HNSCC_1_PBMC_GTGCATACACAGGCCT	380.0259171632666	528.723184874826	56.67048149126284	0.0	61.86951420687887	43.14120977404203	0.0
GSM4138110_HNSCC_1_PBMC_TACTCGCGTTTAGCTG	228.1331709804915	595.8546290732376	128.39160892312526	3.4341560995466702	0.0	0.0	40.20291613523762
GSM4138110_HNSCC_1_PBMC_TACTTACGTTATGCGT	118.90710148831516	756.86986184497	0.16425496109853358	0.0	9.753708571767849	29.438238270736612	0.0
GSM4138110_HNSCC_1_PBMC_TAGCCGGGTTCAACCA	192.65517409154026	539.1810676717606	124.04849881509014	0.6954109998953493	27.31099800812233	0.0	0.0
GSM4138110_HNSCC_1_PBMC_TCAGCAATCCCAAGAT	320.4014523289689	1012.037161352387	186.73383820559334	40.99585534309268	0.0	0.0	3.396973910289519
GSM4138110_HNSCC_1_PBMC_TGACGGCGTTGAGTTC	0.0	1311.1102484185146	64.26238681676543	7.487742677596461	1224.9951082558368	0.0	21.80372024246075
GSM4138110_HNSCC_1_PBMC_TTGCGTCGTACTTCTT	386.80607160459596	623.1408172163486	240.58426214507884	48.73255542207274	39.392439898022715	0.0	0.0
GSM4138110_HNSCC_1_PBMC_TTTGTCAGTTAAGATG	72.73632579042071	493.78297593792865	73.33001843210859	21.888005132134687	0.0	5.1186857123165295	14.728851489614826
GSM4138110_HNSCC_1_PBMC_ACGCAGCTCGTCACGG	704.6065101774187	2.7385177492733597	913.3217562897646	82.86634224560444	0.0	0.0	0.0
GSM4138110_HNSCC_1_PBMC_ATCATCTAGGAATCGC	686.2127127421626	81.90467004403769	368.81461147590517	12.587216046414765	8.32380165210923	0.0	62.19027143870054
GSM4138110_HNSCC_1_PBMC_TCAACGAGTTACGGAG	702.0523030946798	111.68326200694266	1688.4478493804863	0.0	132.8869587315822	30.72740565923536	0.0
GSM4138110_HNSCC_1_PBMC_AAACCTGGTCTCCCTA	0.0	0.0	2431.636035864819	0.0	0.0	0.0	47.90554349609586
GSM4138110_HNSCC_1_PBMC_ACACCGGAGTACACCT	81.62286340619977	0.0	2525.5740251879115	0.0	156.51272681270655	4.29869105629015	7.394361902253194
GSM4138110_HNSCC_1_PBMC_ACTGCTCGTGGTCCGT	373.6324356359505	91.82488108065405	1707.6059463594947	0.0	0.0	36.21562216821999	0.0
GSM4138110_HNSCC_1_PBMC_AGCTCTCGTTAGTGGG	291.79293396318036	43.949113901117215	2133.570045705857	0.0	75.49448083151388	0.0	0.0
GSM4138110_HNSCC_1_PBMC_ATGGGAGAGGATGCGT	0.0	0.0	2593.1241466430397	45.585415369858254	0.0	0.0	103.77750732874732
GSM4138110_HNSCC_1_PBMC_ATTATCCTCGGAAATA	293.86028210404095	281.660677827402	1911.1639583603376	0.0	0.0	0.0	0.0
GSM4138110_HNSCC_1_PBMC_CATCAGATCGCAAACT	0.0	134.57832752172453	2249.6050433794794	26.171789463525464	0.0	0.0	0.0
GSM4138110_HNSCC_1_PBMC_CGTAGCGCATGCAACT	0.0	0.0	3008.9702693923423	0.0	0.0	0.0	0.0
GSM4138110_HNSCC_1_PBMC_CGTCACTTCACGAAGG	57.06135542663696	34.038854317861194	2357.6622024054627	0.0	0.0	81.68573228362398	0.0
GSM4138110_HNSCC_1_PBMC_GCATACACACCAGCAC	111.54069396335608	0.0	1639.8968459923242	39.683318272792604	78.82301555556056	0.0	98.6426103366759
GSM4138110_HNSCC_1_PBMC_GCGACCAGTCGATTGT	222.3053162016669	0.0	2315.1141752723697	0.0	0.0	0.0	0.0
GSM4138110_HNSCC_1_PBMC_TACTTACTCGGCGCAT	0.0	0.0	649.3349933196672	0.0	74.63153462522898	0.0	28.782498732798796
GSM4138110_HNSCC_1_PBMC_ACCGTAAGTTACGTCA	0.0	0.0	0.0	1930.8091261071363	0.0	0.0	11.531112437668723
GSM4138110_HNSCC_1_PBMC_ATCCACCAGACAGACC	17.676118691694676	0.0	106.54300549143281	981.0788021757801	36.722851245892606	15.257870829197378	0.0
GSM4138110_HNSCC_1_PBMC_ATGAGGGGTATATGGA	0.0	0.0	2179.649903960954	991.4842032523394	0.0	0.0	0.0
GSM4138110_HNSCC_1_PBMC_CACCAGGGTCAGAATA	156.7741483883274	0.0	16.185556178306154	1619.9154957731005	94.43081498376935	0.0	0.0
GSM4138110_HNSCC_1_PBMC_CAGCAGCTCAAAGTAG	49.617014735325874	92.74717162398578	0.0	1437.6266537450313	27.84409002241317	0.0	0.0
GSM4138110_HNSCC_1_PBMC_CATCCACCAGTAACGG	0.0	0.0	0.0	2108.675638332894	0.0	0.0	0.0
GSM4138110_HNSCC_1_PBMC_CCTTTCTCATCCTAGA	112.93741361907458	24.20561079918021	0.0	1402.64643050149	20.233540060917743	29.690681573557537	0.0
GSM4138110_HNSCC_1_PBMC_CGTAGGCTCTACCAGA	0.0	0.0	0.0	1739.1033476315831	0.0	0.0	21.515104122737043
GSM4138110_HNSCC_1_PBMC_CTGCCTAAGGACATTA	11.507186989818898	0.0	25.53132370518199	1359.6436381814408	65.55236018938986	11.485982858699964	0.0
GSM4138110_HNSCC_1_PBMC_CTTTGCGGTGGTCCGT	49.8696556512997	49.153528714781935	18.098849418170857	1165.932975505775	0.0	0.0	14.221337534859886
GSM4138110_HNSCC_1_PBMC_GAAACTCAGACAAGCC	0.0	0.0	0.0	2026.7048723176883	0.0	0.0	0.0
GSM4138110_HNSCC_1_PBMC_GACCAATAGCCCGAAA	0.0	0.0	1334.8944457395748	1282.902465786014	0.0	0.0	0.0
GSM4138110_HNSCC_1_PBMC_GACCAATAGGGCTCTC	113.2742593604123	115.80765171465269	11.856327273387901	1480.822029288874	66.4488833924117	0.0	10.237475402300223
GSM4138110_HNSCC_1_PBMC_GATGCTATCCTCTAGC	0.0	74.00079847789202	0.0	1954.8909242737645	76.42542879990138	0.0	0.0
GSM4138110_HNSCC_1_PBMC_GCTGCGATCCCGACTT	0.0	78.7029559600548	0.0	671.1940405183726	54.492483732369074	36.161446384055154	8.439509040569991
GSM4138110_HNSCC_1_PBMC_GTTACAGCAAGTTGTC	0.0	0.0	0.0	1614.4914088352787	0.0	0.0	0.0
GSM4138110_HNSCC_1_PBMC_TAGGCATTCAGCGACC	20.986300126317676	84.7253037911404	28.452244956527867	1758.014718377668	0.0	5.748982713367954	0.0
GSM4138110_HNSCC_1_PBMC_TCGTACCTCCATGAAC	102.40788538327878	0.0	5.84327509146738	1108.3505403668996	0.0	0.0	195.71202576879767
GSM4138110_HNSCC_1_PBMC_TGCGCAGAGAGTCGGT	0.0	10.472191649777763	0.0	1642.2467974898086	0.0	0.0	0.0
GSM4138110_HNSCC_1_PBMC_TTGCCGTTCCTATTCA	0.0	0.0	0.0	2126.170663661615	72.14275353573382	0.0	11.097306816760263
GSM4138110_HNSCC_1_PBMC_TTTACTGAGTCCCACG	0.0	1.919632301934144	0.0	1959.753074554259	66.99663573154108	0.0	0.0
GSM4138110_HNSCC_1_PBMC_ACGGGTCGTCTTGATG	869.4177130382102	0.0	51.84118349800561	0.0	13.288341619555798	0.0	8.317149157654342
GSM4138110_HNSCC_1_PBMC_AGTGAGGAGGAATCGC	794.3801860462723	0.0	19.85447106465683	28.975070756248115	38.724845117590675	0.0	50.951005841156
GSM4138110_HNSCC_1_PBMC_ATGTGTGCAAGCTGGA	946.7921376699127	186.10696686506137	300.46917639843855	43.64726185068569	4.212978261459053	37.16614578060567	0.0
GSM4138110_HNSCC_1_PBMC_CGACCTTAGTTACGGG	932.5520514996226	193.24531701453014	448.0767344549054	46.87492755747658	0.0	0.0	30.975958639520414
GSM4138110_HNSCC_1_PBMC_GCGACCACATGCATGT	1005.198561923053	139.32585972310926	147.8293881773541	28.340413874456807	41.73167782382576	0.0	3.1395711828697834
GSM4138110_HNSCC_1_PBMC_GGATTACGTGCATCTA	1066.6371734052404	24.34251655062006	217.4624040231429	13.991932524707344	11.317368162448066	0.0	10.40646643652632
GSM4138110_HNSCC_1_PBMC_GTGCAGCCACCAGATT	820.687012384212	0.0	50.566050560031094	54.18903707278092	15.652376795705733	8.350473394526178	0.0
GSM4138110_HNSCC_1_PBMC_GTGCGGTTCTATGTGG	1386.6919552285417	53.990664231838906	0.0	0.0	0.0	0.0	0.0
GSM4138110_HNSCC_1_PBMC_GTTCATTTCCCTCTTT	706.9360019659081	159.71620234818988	98.2425253450318	5.24316603530684	43.88254874319318	0.0	0.0
GSM4138110_HNSCC_1_PBMC_TCATTACGTAATCACC	957.2931610356209	204.5272163781418	257.9665199035233	40.36791615074696	34.95343019264708	18.617229162104614	0.0
GSM4138110_HNSCC_1_PBMC_TTGCCGTTCAGAAATG	950.6328624650587	104.91603686205181	85.0432162094176	25.296684297451	0.0	0.0	16.178218795242124
GSM4138110_HNSCC_1_PBMC_TTTGCGCAGTAGCGGT	884.0203373322333	301.5132139322101	559.2936724259625	47.23074906925363	23.81103905516757	135.76367514483672	0.0
GSM4138110_HNSCC_1_PBMC_TTTGGTTAGCACAGGT	512.5458088078072	40.09727901783001	384.934287588686	154.38160909650924	30.525593302820457	64.21764983503384	0.0
