	1	2	3	4	5	6	7	8	9	10
GSM4138110_HNSCC_1_PBMC_AAACCTGAGGAGCGTT	56.173946324475494	118.09886193826799	21.076570915640172	72.23094351457384	0.0	0.0	0.0	0.0	0.0	0.0
GSM4138110_HNSCC_1_PBMC_AAACCTGCAGATGAGC	120.45589972932217	90.0280703021109	84.68004207290532	0.0	0.0	0.0	0.0	0.0	0.0	0.0
GSM4138110_HNSCC_1_PBMC_AACGTTGAGACTGGGT	28.404488909501243	64.41197865992356	0.0	41.34194548815649	0.0	0.0	0.0	0.0	0.0	0.0
GSM4138110_HNSCC_1_PBMC_AACGTTGGTTACGACT	68.09463013114382	0.0	0.0	7.729576778679761	151.94656960300907	0.0	0.0	0.0	0.0	0.0
GSM4138110_HNSCC_1_PBMC_AACGTTGTCTAAGCCA	63.061100117128916	74.19581840390175	0.0	57.879009433650914	0.0	0.0	0.0	0.0	0.0	0.0
GSM4138110_HNSCC_1_PBMC_AACTCCCCATTTCAGG	93.28565545091331	54.07758225959886	0.0	14.862480980052679	0.0	77.08134073710126	0.0	0.0	0.0	0.0
GSM4138110_HNSCC_1_PBMC_AAGCCGCCACTTCTGC	102.9554293522619	78.83687134979536	0.0	62.36697139998625	0.0	0.0	0.0	0.0	0.0	0.0
GSM4138110_HNSCC_1_PBMC_AAGGTTCGTCTCTTAT	68.7711759015676	0.0	61.50116862826077	0.0	68.84043089445969	0.0	0.0	0.0	0.0	0.0
GSM4138110_HNSCC_1_PBMC_AAGTCTGAGTACCGGA	122.8100240684193	0.0	0.0	40.49997154393355	53.230813415727276	0.0	0.0	0.0	0.0	0.0
GSM4138110_HNSCC_1_PBMC_AAGTCTGGTTGCCTCT	67.03808305508724	0.0	0.0	49.335391035038725	93.88049894206442	0.0	0.0	0.0	0.0	0.0
GSM4138110_HNSCC_1_PBMC_AAGTCTGTCCAAACTG	93.06159883599784	110.21944607875324	21.338618904659814	43.87139642807131	0.11174430158822063	0.0	0.0	0.0	0.0	0.0
GSM4138110_HNSCC_1_PBMC_ACATGGTCACATGGGA	58.16681996636999	84.94557543267648	49.46790399042702	0.0	0.0	0.0	0.0	0.0	0.0	0.0
GSM4138110_HNSCC_1_PBMC_ACGAGCCAGTATCTCG	71.68847320069686	0.0	44.306880773347764	7.237960010000036	85.94458404804669	0.0	74.38808086923913	0.0	3.7596468507212766	0.0
GSM4138110_HNSCC_1_PBMC_ACGAGCCCACTTAACG	200.70403911124163	151.79478079968996	152.86856856086487	0.0	0.0	0.0	0.0	0.0	0.0	0.0
GSM4138110_HNSCC_1_PBMC_ACTATCTTCTTCCTTC	77.17526036710402	113.49543381870997	122.29300036401901	0.0	0.0	0.0	0.0	0.0	0.0	0.0
GSM4138110_HNSCC_1_PBMC_AGAGCTTAGAGCTGGT	100.93759055046146	74.09792460837929	91.78971261837405	0.0	0.0	0.0	0.0	0.0	0.0	0.0
GSM4138110_HNSCC_1_PBMC_AGATTGCGTCGCCATG	76.18222390035015	60.44822317610963	85.59018131880903	0.0	0.0	0.0	0.0	0.0	0.0	0.0
GSM4138110_HNSCC_1_PBMC_AGCGTATGTTATCCGA	106.10210258908475	54.54086828013534	76.92180588037263	0.0	0.0	0.0	0.0	0.0	0.0	0.0
GSM4138110_HNSCC_1_PBMC_AGGCCACAGTACTTGC	62.717906038467284	0.0	92.21927620369765	6.555814926300156	50.493090883721486	0.0	0.0	0.0	0.0	0.0
GSM4138110_HNSCC_1_PBMC_AGGCCACCACTAAGTC	162.1501062084249	172.34359664877064	0.0	75.16728372487052	0.0	0.0	0.0	0.0	0.0	50.097616723670725
GSM4138110_HNSCC_1_PBMC_AGTAGTCTCTTAGCCC	45.9259040123507	0.0	39.55214195034427	29.555892776406726	71.27314602858017	0.0	0.0	0.0	0.0	0.0
GSM4138110_HNSCC_1_PBMC_AGTGAGGGTGGCCCTA	213.83801250847705	98.90750615317775	94.76766935865386	0.0	0.0	0.0	0.0	0.0	0.0	0.0
GSM4138110_HNSCC_1_PBMC_AGTGTCATCTCGCATC	134.13275933730526	14.142102377200032	44.82715872142032	0.0	52.12014497339498	0.0	0.0	0.0	0.0	0.0
GSM4138110_HNSCC_1_PBMC_AGTTGGTCATGGTTGT	107.60611113291566	130.87180242882746	94.00021426391592	0.0	0.0	0.0	0.0	0.0	0.0	0.0
GSM4138110_HNSCC_1_PBMC_AGTTGGTTCTTGGGTA	88.06977997408643	83.59179698422008	48.12696226277982	0.0	0.0	0.0	0.0	0.0	0.0	0.0
GSM4138110_HNSCC_1_PBMC_ATCTACTAGGGTGTGT	128.88034270611402	345.50388589355197	209.22866286416814	0.0	0.0	0.0	0.0	0.0	0.0	0.0
GSM4138110_HNSCC_1_PBMC_ATCTACTAGTACGTTC	82.6741736904231	71.84495601262982	0.0	73.96273505223319	0.0	0.0	0.0	0.0	0.0	0.0
GSM4138110_HNSCC_1_PBMC_ATGAGGGCAAGCGATG	97.06230314197038	69.58687815607608	57.85722698649525	0.0	0.0	0.0	0.0	0.0	0.0	0.0
GSM4138110_HNSCC_1_PBMC_ATGAGGGCACACAGAG	91.5700236687776	4.2223947253743646	57.025405628517866	0.0	41.34943099053591	0.0	0.0	0.0	0.0	0.0
GSM4138110_HNSCC_1_PBMC_ATGCGATGTTTGACAC	63.196503556310304	0.0	42.02255406282795	0.0	101.45383387058055	0.0	0.0	0.0	0.0	0.0
GSM4138110_HNSCC_1_PBMC_ATGTGTGCATGCGCAC	100.29373175330572	71.1406085777463	43.14404738536534	0.0	0.0	0.0	0.0	0.0	0.0	0.0
GSM4138110_HNSCC_1_PBMC_ATTACTCTCATGCTCC	132.82460910944988	69.58974651501318	0.0	101.24448884429114	0.0	0.0	0.0	0.0	0.0	0.0
GSM4138110_HNSCC_1_PBMC_ATTATCCGTCACACGC	85.68851691280722	95.68391890157972	0.0	83.6213684485522	14.51970510134231	0.0	0.0	0.0	0.0	0.0
GSM4138110_HNSCC_1_PBMC_ATTGGACAGAGATGAG	106.4397520159398	41.153823067532436	0.0	90.2327342277532	0.0	0.0	0.0	0.0	0.0	0.0
GSM4138110_HNSCC_1_PBMC_ATTGGTGCAGTGAGTG	97.68815455347725	58.86275191311282	0.0	54.828832846584696	0.0	0.0	0.0	0.0	0.0	0.0
GSM4138110_HNSCC_1_PBMC_CAACCAAGTTATCGGT	44.2614777526417	52.362564328661215	78.56744925577043	0.0	0.0	0.0	0.0	0.0	0.0	0.0
GSM4138110_HNSCC_1_PBMC_CAACCAATCCTTGACC	56.35524668221917	64.67859434421001	0.0	41.70309987982132	0.0	0.0	0.0	0.0	0.0	0.0
GSM4138110_HNSCC_1_PBMC_CACAGTAGTCTCCATC	120.39638350299958	46.005849735997884	91.19475012585009	0.0	1.667080621019404	0.0	0.0	0.0	0.0	0.0
GSM4138110_HNSCC_1_PBMC_CACATAGCAAAGCGGT	91.23146198009877	4.292213135846932	37.92344085781348	33.72254474894498	48.2851583960054	0.0	0.0	0.0	0.0	0.0
GSM4138110_HNSCC_1_PBMC_CACATAGCACCTCGTT	54.211276369530694	104.21516445701018	65.65463707687152	0.0	0.0	0.0	0.0	0.0	0.0	0.0
GSM4138110_HNSCC_1_PBMC_CACATTTGTGCACTTA	68.83955316368962	66.28395047484926	73.74574052921147	0.0	0.0	0.0	0.0	0.0	0.0	0.0
GSM4138110_HNSCC_1_PBMC_CACATTTTCCCATTAT	37.304292840899464	105.91251389395086	51.272772394263576	0.0	0.0	0.0	0.0	0.0	0.0	0.0
GSM4138110_HNSCC_1_PBMC_CACATTTTCTGGTTCC	95.85550584503973	73.0839030827409	0.0	51.9442504476349	0.0	0.0	0.0	0.0	0.0	0.0
GSM4138110_HNSCC_1_PBMC_CACCAGGTCGTGGGAA	110.23915105332945	100.73348140310034	53.20692764543659	0.0	0.0	0.0	0.0	0.0	0.0	0.0
GSM4138110_HNSCC_1_PBMC_CAGCAGCCAATGGTCT	68.88980500371345	18.744541664165883	74.24552809440765	0.0	6.050449464248374	0.0	0.0	0.0	0.0	0.0
GSM4138110_HNSCC_1_PBMC_CAGCATAGTCCGAGTC	98.34972378123032	51.912443865773284	33.1687860294689	0.0	0.0	0.0	0.0	0.0	0.0	0.0
GSM4138110_HNSCC_1_PBMC_CAGCCGAAGCCCAACC	89.33658525712761	0.0	41.646848337672665	0.0	95.97197564959737	0.0	0.0	0.0	0.0	0.0
GSM4138110_HNSCC_1_PBMC_CAGCCGACATCGACGC	76.08807160759966	0.0	0.0	62.6733578895446	49.10750357772123	0.0	0.0	0.0	0.0	0.0
GSM4138110_HNSCC_1_PBMC_CATATTCTCCGCGTTT	94.07033979243457	84.24563401221079	43.588947211535555	0.0	0.0	0.0	0.0	0.0	0.0	0.0
GSM4138110_HNSCC_1_PBMC_CCAATCCCATTAGCCA	137.3445970469055	84.80928046543092	78.32119509906386	0.0	0.0	0.0	0.0	0.0	0.0	0.0
GSM4138110_HNSCC_1_PBMC_CCACGGAAGATCGGGT	45.41573322590953	0.0	0.0	132.99346592202846	71.10034835818226	0.0	0.0	0.0	0.0	0.0
GSM4138110_HNSCC_1_PBMC_CCATGTCAGAGGTAGA	102.61792956222489	63.916478473764876	0.0	99.14639422734909	0.0	0.0	0.0	0.0	0.0	0.0
GSM4138110_HNSCC_1_PBMC_CCATGTCCATGCCCGA	109.18549495017568	0.0	0.0	105.60231391991549	75.85365654554974	0.0	0.0	0.0	0.0	0.0
GSM4138110_HNSCC_1_PBMC_CCGGTAGAGCTCCTCT	79.11239787716315	82.28656675792934	48.53989702742258	0.0	0.0	0.0	0.0	0.0	0.0	0.0
GSM4138110_HNSCC_1_PBMC_CCTCTGAAGGGATCTG	63.626204814923696	61.53025478219915	65.76822366289261	0.0	0.0	0.0	0.0	0.0	0.0	0.0
GSM4138110_HNSCC_1_PBMC_CGAACATGTTCGTTGA	62.49192793580619	74.80503702855572	38.065912450477796	0.0	0.0	0.0	0.0	0.0	0.0	0.0
GSM4138110_HNSCC_1_PBMC_CGAACATTCTGTCCGT	68.5591757502147	0.0	58.164655530188135	0.0	82.73329997273834	0.0	0.0	0.0	0.0	0.0
GSM4138110_HNSCC_1_PBMC_CGAATGTAGCGTCTAT	93.24025994158049	6.759351673068079	34.40415186333222	0.0	83.27764113772228	0.0	0.0	0.0	0.0	0.0
GSM4138110_HNSCC_1_PBMC_CGGGTCAAGTCTCGGC	67.22851973327391	72.78095346195805	57.229429688009915	0.0	0.0	0.0	0.0	0.0	0.0	0.0
GSM4138110_HNSCC_1_PBMC_CGTCTACCAAGCGTAG	81.47853421018243	0.0	0.0	123.83379438292017	59.47736265210136	0.0	0.0	0.0	0.0	0.0
GSM4138110_HNSCC_1_PBMC_CGTGTCTAGGTCGGAT	94.14537119757688	117.2074732618997	69.37413946664887	0.0	0.0	0.0	0.0	0.0	0.0	0.0
GSM4138110_HNSCC_1_PBMC_CGTTAGACATCCAACA	110.89318068177442	44.11963755802677	13.161638892337287	15.888660152866946	0.0	0.0	0.0	0.0	0.0	0.0
GSM4138110_HNSCC_1_PBMC_CGTTGGGCATATGCTG	63.759006532704255	51.692840393528144	67.85727941477649	0.0	0.0	0.0	0.0	0.0	0.0	0.0
GSM4138110_HNSCC_1_PBMC_CTAATGGTCTCGCTTG	55.051014400666844	68.1685666219856	43.89148404351106	0.0	0.0	0.0	0.0	0.0	0.0	0.0
GSM4138110_HNSCC_1_PBMC_CTACATTTCACCAGGC	95.08684649296444	76.81475906327375	0.0	57.46658960587193	0.0	0.0	0.0	0.0	0.0	0.0
GSM4138110_HNSCC_1_PBMC_CTACGTCTCGAACGGA	51.517232051930726	0.0	23.82199432579354	0.0	82.91748288060035	0.0	0.0	0.0	0.0	0.0
GSM4138110_HNSCC_1_PBMC_CTAGAGTCACTTACGA	92.9419442525393	66.00684763661405	77.28654154694127	18.745401230516514	0.0	0.0	0.0	0.0	0.0	0.0
GSM4138110_HNSCC_1_PBMC_CTCAGAATCCGGGTGT	97.95890889203314	71.17548916293633	0.0	74.35733116653924	0.0	0.0	0.0	0.0	0.0	0.0
GSM4138110_HNSCC_1_PBMC_CTCGGGATCAATACCG	49.556375207008095	34.3837490525942	0.0	176.00566482511744	16.455247531595706	0.0	0.0	0.0	0.0	0.0
GSM4138110_HNSCC_1_PBMC_CTCGTACAGATCGGGT	192.88087712517572	199.92947832099432	0.0	209.73866390354297	0.0	0.0	0.0	0.0	0.0	0.0
GSM4138110_HNSCC_1_PBMC_CTCGTACTCTGTCCGT	117.46666736418057	88.86286693662555	78.96141471541587	0.0	0.0	0.0	0.0	0.0	0.0	0.0
GSM4138110_HNSCC_1_PBMC_CTCTGGTAGGCGTACA	47.12510829990829	53.97421606523886	42.5717154352266	0.0	0.0	0.0	0.0	0.0	0.0	0.0
GSM4138110_HNSCC_1_PBMC_CTGAAACTCCGAGCCA	60.33289107371853	36.12514352846504	0.0	84.16774921814024	0.0	0.0	0.0	0.0	0.0	0.0
GSM4138110_HNSCC_1_PBMC_CTGAAGTAGCGATCCC	107.98175600634436	12.744681178542296	50.478327344534186	0.0	59.41107202971414	0.0	0.0	0.0	0.0	0.0
GSM4138110_HNSCC_1_PBMC_CTGATAGAGATCTGCT	58.571927548686375	66.27605373557337	61.2038563944944	0.0	0.0	0.0	0.0	0.0	0.0	0.0
GSM4138110_HNSCC_1_PBMC_CTGATAGAGCCTTGAT	83.47789218208096	88.74585416573908	0.0	69.96275712104882	0.0	0.0	0.0	0.0	0.0	0.0
GSM4138110_HNSCC_1_PBMC_CTGCCTAAGGTGCTTT	124.5667214161922	129.07342360256524	0.0	24.241487303867277	0.0	0.0	0.0	0.0	0.0	0.0
GSM4138110_HNSCC_1_PBMC_CTGCCTATCACGACTA	47.246732715011476	0.0	0.0	89.32678284183048	61.11807885983672	0.0	0.0	0.0	0.0	0.0
GSM4138110_HNSCC_1_PBMC_CTGGTCTTCGAGAACG	73.60943786451534	44.941327161422834	0.0	40.8118304650782	0.0	0.0	0.0	0.0	0.0	0.0
GSM4138110_HNSCC_1_PBMC_CTGTTTAAGTGGAGTC	71.5481635770826	63.49707759391936	31.241554806779043	0.0	0.0	0.0	0.0	0.0	0.0	0.0
GSM4138110_HNSCC_1_PBMC_GAACATCTCCCTAATT	132.83941818000918	133.50557209862114	85.54481554126001	0.0	0.0	0.0	0.0	0.0	0.0	0.0
GSM4138110_HNSCC_1_PBMC_GAACCTATCTGAGGGA	91.45492435952247	44.96677766496392	0.0	63.08598066692932	0.0	0.0	0.0	0.0	0.0	0.0
GSM4138110_HNSCC_1_PBMC_GAATGAATCAGTTAGC	57.341755099495536	74.40448389421246	56.81673990585044	0.0	0.0	0.0	0.0	0.0	0.0	0.0
GSM4138110_HNSCC_1_PBMC_GATCGATAGTACACCT	97.74109898157397	64.52821998239855	50.94600869989815	0.0	0.0	0.0	0.0	0.0	0.0	0.0
GSM4138110_HNSCC_1_PBMC_GATCGATTCAGCATGT	94.88062729275775	90.75005948853511	90.46393207652415	0.0	0.0	0.0	0.0	0.0	0.0	0.0
GSM4138110_HNSCC_1_PBMC_GATGAAATCCAAGCCG	96.83053497925829	80.77398615132788	0.0	67.25856743252609	17.28196761816999	0.0	0.0	0.0	0.0	0.0
GSM4138110_HNSCC_1_PBMC_GCACATAAGGTGTGGT	70.8287253093629	61.86066286744223	0.0	54.936398091097516	14.213199300312688	0.0	0.0	0.0	0.0	0.0
GSM4138110_HNSCC_1_PBMC_GCACTCTGTACAGTGG	79.04371739513785	0.0	65.93411436099738	103.2770142376501	44.60422724273667	0.0	0.0	0.0	0.0	0.0
GSM4138110_HNSCC_1_PBMC_GCCTCTAAGTTAAGTG	69.85748051871352	0.0	0.0	50.30076156403666	44.22190455623963	0.0	0.0	0.0	0.0	0.0
GSM4138110_HNSCC_1_PBMC_GCCTCTAGTTGAACTC	73.62683192048061	58.68634220053023	53.46304566481058	0.0	0.0	0.0	0.0	0.0	0.0	0.0
GSM4138110_HNSCC_1_PBMC_GCGAGAAAGTGACATA	75.04993813278368	75.89787881799047	91.34213876598203	0.0	0.0	0.0	0.0	0.0	0.0	0.0
GSM4138110_HNSCC_1_PBMC_GCTGCAGGTCCTCTTG	83.746783398567	72.84481778111476	73.10446134362905	0.0	0.0	0.0	0.0	0.0	0.0	0.0
GSM4138110_HNSCC_1_PBMC_GGAAAGCAGTCAATAG	109.6652491881533	67.31581217120998	21.67661098097987	64.17749988187322	0.0	0.0	0.0	0.0	0.0	0.0
GSM4138110_HNSCC_1_PBMC_GGAACTTGTTTACTCT	63.662625478910066	34.043825672003635	45.37423306328568	0.0	12.527965550393073	0.0	0.0	0.0	0.0	0.0
GSM4138110_HNSCC_1_PBMC_GGCAATTGTCCTCTTG	27.711748894902776	110.22583055423974	0.0	53.016862107887185	0.0	0.0	0.0	0.0	0.0	0.0
GSM4138110_HNSCC_1_PBMC_GGGACCTAGGCCCTTG	77.42543800492854	77.24687854037346	0.0	0.0	0.0	0.0	45.952237987762786	0.0	0.0	0.0
GSM4138110_HNSCC_1_PBMC_GGGACCTTCGTCCAGG	56.43668193394948	0.0	77.40356789763894	0.0	46.56867191427318	0.0	0.0	0.0	0.0	0.0
GSM4138110_HNSCC_1_PBMC_GGGATGACAATGGTCT	127.5530495024422	0.0	40.15354700145281	21.144922149585113	33.85005497203127	0.0	0.0	0.0	0.0	0.0
GSM4138110_HNSCC_1_PBMC_GGGCACTGTCTAGGTT	100.45556314071239	29.248792260019886	0.0	84.0610366340398	59.22090103345992	0.0	0.0	0.0	0.0	0.0
GSM4138110_HNSCC_1_PBMC_GGTATTGTCCTTCAAT	97.47785145490994	66.63476462141287	43.81211080787088	0.0	0.0	0.0	0.0	0.0	0.0	0.0
GSM4138110_HNSCC_1_PBMC_GGTGTTACAATCCAAC	78.54021567678014	73.64097173593778	39.77937558589447	0.0	0.0	0.0	0.0	0.0	0.0	0.0
GSM4138110_HNSCC_1_PBMC_GGTGTTACAGCCACCA	90.22932301116136	0.0	67.2503568268429	0.0	51.273145492781815	0.0	0.0	0.0	0.0	0.0
GSM4138110_HNSCC_1_PBMC_GTAACGTTCGTATCAG	146.69839481080695	105.08415788229703	129.4514493642788	0.0	0.0	0.0	0.0	0.0	0.0	0.0
GSM4138110_HNSCC_1_PBMC_GTATTCTTCTTCCTTC	68.96496826527955	73.56166513979993	68.14752269925428	0.0	0.0	0.0	0.0	0.0	0.0	0.0
GSM4138110_HNSCC_1_PBMC_GTCAAGTGTGGGTATG	114.89392862055188	62.99737845829243	46.813490289809195	0.0	5.498333808664123	0.0	0.0	0.0	0.0	0.0
GSM4138110_HNSCC_1_PBMC_GTCACGGGTGCAACGA	183.59560634121547	221.78981294626539	0.0	0.0	0.0	0.0	0.0	0.0	218.9071484532793	0.0
GSM4138110_HNSCC_1_PBMC_GTGCGGTCAAGGTGTG	75.52586664376284	72.01324923557131	81.83672313679308	0.0	0.0	0.0	0.0	0.0	0.0	0.0
GSM4138110_HNSCC_1_PBMC_GTGTGCGAGGAGCGAG	34.76987178649917	0.0	0.0	142.50294031209802	36.71562208216082	0.0	0.0	0.0	0.0	0.0
GSM4138110_HNSCC_1_PBMC_GTGTGCGCAAGTCATC	75.69044275547576	84.09671445514391	0.0	60.34239538934917	0.0	0.0	0.0	0.0	0.0	0.0
GSM4138110_HNSCC_1_PBMC_TAAACCGTCATCTGTT	65.19056144787771	60.94999584671019	0.0	59.59334102230877	0.0	0.0	0.0	0.0	0.0	0.0
GSM4138110_HNSCC_1_PBMC_TAAGCGTCAATGGATA	92.7640815271966	69.05392006621834	0.0	80.23125905541141	0.0	0.0	0.0	0.0	0.0	0.0
GSM4138110_HNSCC_1_PBMC_TACACGATCCTGCCAT	102.56651572357737	85.9808878962226	24.363385625717076	62.071856862798136	0.0	0.0	0.0	0.0	0.0	0.0
GSM4138110_HNSCC_1_PBMC_TACCTTAAGGCTAGAC	91.92181478844181	85.22987075542663	59.351274515429886	0.0	0.0	0.0	0.0	0.0	0.0	0.0
GSM4138110_HNSCC_1_PBMC_TACGGATCAGGGTATG	42.49107000651505	74.93497286493599	0.0	73.11926829920205	0.0	0.0	0.0	0.0	0.0	0.0
GSM4138110_HNSCC_1_PBMC_TAGAGCTCAGATGGCA	100.59573848757441	57.03784321309592	46.36767731095095	0.0	0.0	0.0	0.0	0.0	0.0	0.0
GSM4138110_HNSCC_1_PBMC_TAGCCGGAGAAGGCCT	98.85403198351807	52.80452066031372	0.0	64.9631407701658	0.0	0.0	0.0	0.0	0.0	0.0
GSM4138110_HNSCC_1_PBMC_TATCTCAAGGTGCACA	91.91949699810232	75.19804930908585	25.841359823557763	0.0	0.0	0.0	0.0	0.0	0.0	0.0
GSM4138110_HNSCC_1_PBMC_TCACAAGGTTCATGGT	64.49198112277203	36.61302973440239	66.90610748994959	0.0	0.0	0.0	0.0	0.0	0.0	0.0
GSM4138110_HNSCC_1_PBMC_TCACAAGTCTTGACGA	219.5850369261775	0.0	0.0	222.64264801101163	593.3600239066561	0.0	0.0	0.0	0.0	0.0
GSM4138110_HNSCC_1_PBMC_TCGAGGCTCGGAAATA	108.1970271094431	38.24825881160158	0.0	85.39674629549023	28.367491651779492	0.0	0.0	0.0	0.0	0.0
GSM4138110_HNSCC_1_PBMC_TCTATTGGTTTAGGAA	81.00211682402511	74.43115915437585	53.80408525339468	0.0	0.0	0.0	0.0	0.0	0.0	0.0
GSM4138110_HNSCC_1_PBMC_TCTATTGTCATCTGCC	71.7036410446886	39.018851077846755	21.807125472356216	0.0	8.562662660557605	0.0	0.0	0.0	0.0	0.0
GSM4138110_HNSCC_1_PBMC_TCTTCGGCACCCTATC	115.61048620425996	52.721660886559874	54.59231028563551	1.9446293365601737	27.042865248232978	0.0	0.0	0.0	0.0	0.0
GSM4138110_HNSCC_1_PBMC_TGGGCGTTCACAGGCC	304.8362927999482	337.7289229804774	32.66047120742486	0.0	0.0	0.0	0.0	0.0	199.763810843912	0.0
GSM4138110_HNSCC_1_PBMC_TGTGTTTGTTAAAGAC	97.88849522015103	0.0	0.0	122.08743002031315	128.19401621023948	0.0	0.0	0.0	0.0	0.0
GSM4138110_HNSCC_1_PBMC_TGTTCCGCACGGCGTT	213.06450009557102	345.1642576468939	218.05216710115698	0.0	0.0	0.0	0.0	0.0	0.0	0.0
GSM4138110_HNSCC_1_PBMC_TTAGGCAAGGCTAGCA	125.54323515873433	82.36737931116423	0.0	47.1012513622468	0.0	0.0	0.0	0.0	0.0	0.0
GSM4138110_HNSCC_1_PBMC_TTCCCAGCACATGGGA	27.05500453627229	0.0	7.916014047191644	0.0	136.0976361529115	0.0	0.0	0.0	43.29988262708325	0.0
GSM4138110_HNSCC_1_PBMC_TTCGGTCAGACCCACC	64.74816224411786	39.98430702701951	0.0	63.13146891236431	0.0	0.0	0.0	0.0	0.0	0.0
GSM4138110_HNSCC_1_PBMC_TTCTCCTTCCTCAATT	76.8242875241835	42.00965471966226	42.65816175276749	0.0	67.13570069511046	0.0	0.0	0.0	0.0	0.0
GSM4138110_HNSCC_1_PBMC_TTGAACGGTCGAAAGC	87.29363927386991	0.0	0.0	50.97056787286702	52.51058345512918	0.0	0.0	0.0	0.0	0.0
GSM4138110_HNSCC_1_PBMC_TTGCCGTAGTCAAGCG	76.01101739388052	71.59831122365334	92.40472135087313	0.0	0.0	0.0	0.0	0.0	0.0	0.0
GSM4138110_HNSCC_1_PBMC_TTGCGTCTCAAGGCTT	80.09500397751131	98.10680923061278	59.52934048423631	0.0	0.0	0.0	0.0	0.0	0.0	0.0
GSM4138110_HNSCC_1_PBMC_TTTATGCGTGCATCTA	71.37093029768417	54.85003547275072	35.448300475446466	0.0	0.0	0.0	0.0	0.0	0.0	0.0
GSM4138110_HNSCC_1_PBMC_TTTGCGCTCTTGTACT	69.29080167428646	0.0	0.0	78.5343323027068	76.02984677392575	0.0	0.0	0.0	0.0	0.0
GSM4138110_HNSCC_1_PBMC_TTTGGTTCACTTCTGC	140.6239931320225	10.772982988682342	42.67676845032048	35.485227687922674	101.14845129621348	0.0	0.0	0.0	0.0	0.0
GSM4138110_HNSCC_1_PBMC_CTACACCAGTTGTAGA	145.10507438874154	74.62050012252497	0.0	147.79753620621963	50.1296968952486	0.0	0.0	0.0	0.0	0.0
GSM4138110_HNSCC_1_PBMC_AACTGGTGTCAGAATA	49.63662120199813	41.104180243891335	0.0	56.7806865280371	0.0	0.0	0.0	0.0	0.0	0.0
GSM4138110_HNSCC_1_PBMC_AAACGGGTCCTCAACC	96.76385586825663	33.20726374967239	43.35965875083948	0.0	39.11582568517239	0.0	0.0	0.0	0.0	0.0
GSM4138110_HNSCC_1_PBMC_AAGGCAGAGGCGTACA	64.84117300474777	0.0	0.0	57.84692046172926	105.66631402476646	0.0	0.0	0.0	0.0	0.0
GSM4138110_HNSCC_1_PBMC_ACATGGTCAATGGAGC	143.3121439248646	63.84067062119811	0.0	47.12437062328982	0.0	0.0	0.0	0.0	0.0	0.0
GSM4138110_HNSCC_1_PBMC_ACGATGTGTTATCACG	61.3508147329385	0.0	47.76755862952167	0.0	87.40475540171364	0.0	0.0	0.0	0.0	0.0
GSM4138110_HNSCC_1_PBMC_ACGGCCATCTCCCTGA	135.21694551013198	120.48251953386904	0.0	93.373557065402	0.0	0.0	0.0	0.0	0.0	0.0
GSM4138110_HNSCC_1_PBMC_AGCTCTCTCATTGCCC	115.42040898644716	108.49745192255189	102.16454814779378	0.0	0.0	0.0	0.0	0.0	0.0	0.0
GSM4138110_HNSCC_1_PBMC_AGGTCATTCTCTAGGA	98.82173651368487	68.13852618124982	63.228664349006685	0.0	0.0	0.0	0.0	0.0	0.0	0.0
GSM4138110_HNSCC_1_PBMC_ATAGACCTCTGGTGTA	79.13350945206467	58.80085216836727	117.66891747030719	0.0	0.2610508414258907	0.0	0.0	0.0	0.0	0.0
GSM4138110_HNSCC_1_PBMC_ATAGACCTCTTCCTTC	82.81201832914658	0.0	30.610203808475323	0.0	58.93499630776192	0.0	0.0	0.0	0.0	0.0
GSM4138110_HNSCC_1_PBMC_ATCTACTCACTGTGTA	89.904198786914	0.0	0.0	81.41577066403426	45.94527727715486	0.0	0.0	0.0	0.0	0.0
GSM4138110_HNSCC_1_PBMC_ATCTGCCAGGAATCGC	93.72837205034077	0.0	61.07616679585715	0.0	54.18059666904638	0.0	0.0	0.0	0.0	0.0
GSM4138110_HNSCC_1_PBMC_ATGGGAGCATGGGAAC	147.70977978423062	0.0	161.9404789325179	0.0	138.93732215365318	0.0	0.0	0.0	0.0	0.0
GSM4138110_HNSCC_1_PBMC_ATGTGTGGTAGCTGCC	49.22983910696119	0.0	97.86047060996057	26.01985089649032	45.277692225662214	0.0	0.0	0.0	0.0	0.0
GSM4138110_HNSCC_1_PBMC_CACAAACCATCCCACT	110.8672570679659	96.12904670180998	14.31540523229043	41.52492277863168	0.0	0.0	0.0	0.0	0.0	0.0
GSM4138110_HNSCC_1_PBMC_CACCACTAGTTACCCA	118.74308138257985	16.4621726657136	68.71559559928427	0.0	89.54345693208947	0.0	0.0	0.0	0.0	0.0
GSM4138110_HNSCC_1_PBMC_CATGCCTTCAGCTCTC	92.02454699858805	61.32799864072112	0.0	81.16937209701447	15.484401598344812	0.0	0.0	0.0	0.0	0.0
GSM4138110_HNSCC_1_PBMC_CATGGCGCATGTTCCC	110.95363083380572	71.91903113955138	109.17663424249326	0.0	0.0	0.0	0.0	0.0	0.0	0.0
GSM4138110_HNSCC_1_PBMC_CCACCTAGTAGTACCT	96.04388249414217	75.22493158601132	0.0	48.05410862954395	0.0	0.0	0.0	0.0	0.0	0.0
GSM4138110_HNSCC_1_PBMC_CCGTTCAGTATATCCG	104.10891617146142	30.733519910141418	83.61126391247755	0.0	43.315615397505645	0.0	0.0	0.0	0.0	0.0
GSM4138110_HNSCC_1_PBMC_CCTACACGTCCGAAGA	57.679750474406056	0.0	44.59991872640461	0.0	60.243300170144956	0.0	0.0	0.0	0.0	0.0
GSM4138110_HNSCC_1_PBMC_CCTCTGAGTCGCGAAA	151.21318828283887	101.91484824516868	89.04905746118628	0.0	0.0	0.0	0.0	0.0	0.0	0.0
GSM4138110_HNSCC_1_PBMC_CGCTGGAAGGCATGTG	80.12204773631623	88.13709185900454	0.0	79.96188044483574	0.0	0.0	0.0	0.0	0.0	0.0
GSM4138110_HNSCC_1_PBMC_CGGAGTCTCACAATGC	91.54033512714676	16.274525768068422	0.0	70.57345409662878	0.0	0.0	0.0	0.0	0.0	0.0
GSM4138110_HNSCC_1_PBMC_CGGCTAGAGCTACCGC	132.07453965828267	36.37355255839079	15.495558187943036	65.08225068899498	36.61397750072221	0.0	0.0	0.0	0.0	0.0
GSM4138110_HNSCC_1_PBMC_CGTTGGGCAAGCCGCT	229.4373647286619	47.07265868780311	24.011900247345064	0.0	0.0	0.0	0.0	0.0	0.0	0.0
GSM4138110_HNSCC_1_PBMC_CTCAGAAGTCCGACGT	100.13649428723772	49.88242354619522	66.73461784224958	0.0	0.0	0.0	0.0	0.0	0.0	0.0
GSM4138110_HNSCC_1_PBMC_CTCGTACCACGCGAAA	85.0582024875532	86.73630419664252	0.0	44.56587768238151	0.0	0.0	0.0	0.0	0.0	0.0
GSM4138110_HNSCC_1_PBMC_GAAATGAAGAGCCTAG	203.91810546090366	157.5657517906447	66.03893108554098	0.0	0.0	0.0	0.0	0.0	0.0	0.0
GSM4138110_HNSCC_1_PBMC_GACGTTATCTAACCGA	83.79945534008279	0.0	0.0	55.4398618050101	66.73372370842162	0.0	0.0	0.0	0.0	0.0
GSM4138110_HNSCC_1_PBMC_GACTGCGTCGGCATCG	58.152654870472354	0.0	0.0	72.67863243410193	107.77036984268523	0.0	0.0	0.0	0.0	0.0
GSM4138110_HNSCC_1_PBMC_GATGAGGAGGCTAGCA	77.93352814888196	43.855971174164864	0.0	34.60258303693326	11.577441981614474	41.53832206420548	0.0	0.0	0.0	0.0
GSM4138110_HNSCC_1_PBMC_GATTCAGCACCACGTG	84.30117519855409	73.2711848147709	0.0	62.67784929710132	8.841220681998665	0.0	0.0	0.0	0.0	0.0
GSM4138110_HNSCC_1_PBMC_GCAATCAGTAGCTCCG	80.02909384038692	32.074998818745115	0.0	51.54561066578767	0.0	0.0	0.0	0.0	0.0	0.0
GSM4138110_HNSCC_1_PBMC_GCGACCAGTAGCCTAT	113.18044128654438	173.55303091755192	47.609394900891516	0.0	0.0	0.0	0.0	0.0	0.0	0.0
GSM4138110_HNSCC_1_PBMC_GCTTCCATCTCATTCA	67.37167406179341	57.04544642157823	0.0	65.38403199077182	0.0	0.0	0.0	0.0	0.0	0.0
GSM4138110_HNSCC_1_PBMC_GCTTGAAAGACCTTTG	47.447136159207126	8.701209425414074	0.0	52.45833786622405	58.161203392319365	0.0	0.0	0.0	0.0	0.0
GSM4138110_HNSCC_1_PBMC_GGACAAGGTAATTGGA	110.85400250699078	0.0	10.216937894236587	46.50464378714254	135.84051887993874	0.0	0.0	0.0	0.0	0.0
GSM4138110_HNSCC_1_PBMC_GGCGTGTAGCACGCCT	64.50852142826125	0.0	0.0	41.68133497109708	43.059388273091706	0.0	0.0	0.0	0.0	0.0
GSM4138110_HNSCC_1_PBMC_GGCGTGTAGCGTTTAC	55.08122098706047	0.0	33.005058842720686	0.0	68.14641752420837	0.0	0.0	0.0	0.0	0.0
GSM4138110_HNSCC_1_PBMC_GGCTGGTCAATGGACG	86.50165651391319	115.18806910854339	121.69933585297758	0.0	0.0	0.0	0.0	0.0	0.0	0.0
GSM4138110_HNSCC_1_PBMC_GGGAATGTCAGCTGGC	159.2854524713403	61.75432654928273	72.54806264130468	0.0	0.0	0.0	0.0	0.0	0.0	0.0
GSM4138110_HNSCC_1_PBMC_GGGTTGCAGATCGGGT	63.471349228249785	0.0	60.086923136704364	0.0	44.08720496376649	0.0	0.0	0.0	0.0	0.0
GSM4138110_HNSCC_1_PBMC_GGTATTGCACATTAGC	80.88460597266655	17.29914319195513	56.49958402338248	0.0	19.039853045226778	0.0	0.0	0.0	0.0	0.0
GSM4138110_HNSCC_1_PBMC_GGTGTTAGTGTGACCC	49.705878274522235	53.223849762220645	0.0	76.59037555382204	0.0	0.0	0.0	0.0	0.0	0.0
GSM4138110_HNSCC_1_PBMC_GTCACAAGTATCACCA	181.25805039028847	28.018595629306994	0.0	57.96679228278627	17.45893295534297	0.0	0.0	0.0	0.0	0.0
GSM4138110_HNSCC_1_PBMC_GTCACAATCGCAAGCC	77.56446593410719	40.17237590009418	73.7674917859332	0.0	0.0	0.0	0.0	0.0	0.0	0.0
GSM4138110_HNSCC_1_PBMC_GTCACGGCAAGCTGGA	83.95610699037145	39.923814264365504	0.0	143.78152993129174	0.0	0.0	0.0	0.0	0.0	0.0
GSM4138110_HNSCC_1_PBMC_GTCGTAAAGGCATGTG	166.9371882462755	0.0	91.2193478152193	0.0	164.6843122279794	0.0	0.0	0.0	0.0	0.0
GSM4138110_HNSCC_1_PBMC_GTCGTAATCTTGCAAG	63.90895045112304	0.0	0.0	51.98415777340336	44.34939531036074	0.0	0.0	0.0	0.0	0.0
GSM4138110_HNSCC_1_PBMC_GTCTCGTCATGCGCAC	76.70900363360525	37.662319739898166	79.73133590405375	0.0	0.0	0.0	0.0	0.0	0.0	0.0
GSM4138110_HNSCC_1_PBMC_GTGAAGGCACATTTCT	93.50922705990853	68.34479868275241	69.6323760179398	0.0	0.0	0.0	0.0	0.0	0.0	0.0
GSM4138110_HNSCC_1_PBMC_GTGCAGCAGACCGGAT	139.33806007818458	0.0	0.0	94.68796482716331	105.9474630846449	0.0	0.0	0.0	0.0	0.0
GSM4138110_HNSCC_1_PBMC_GTTAAGCTCATACGGT	96.60526854361848	69.4460268179505	54.61159936244268	3.5117225905858374	0.0	0.0	0.0	0.0	0.0	0.0
GSM4138110_HNSCC_1_PBMC_TAAACCGAGGGTCGAT	77.75113736736724	56.04568407318363	64.46687067300351	0.0	0.0	0.0	0.0	0.0	0.0	0.0
GSM4138110_HNSCC_1_PBMC_TACCTTAAGGCTCTTA	112.63084391443921	33.086001783388944	54.17846690914904	0.0	74.9361973376089	0.0	0.0	0.0	0.0	0.0
GSM4138110_HNSCC_1_PBMC_TAGAGCTTCGTTGCCT	156.78638112527963	132.95473420013397	65.1498894231646	20.08370522157216	0.0	0.0	0.0	0.0	0.0	0.0
GSM4138110_HNSCC_1_PBMC_TAGGCATTCCCAGGTG	99.29995607812033	0.0	0.0	91.6633135489432	46.18287996509987	0.0	0.0	0.0	0.0	0.0
GSM4138110_HNSCC_1_PBMC_TCACAAGCACATCCGG	61.698668526085065	52.90083184006669	0.0	86.30133404287245	3.126051541076951	0.0	0.0	0.0	0.0	0.0
GSM4138110_HNSCC_1_PBMC_TCAGCTCCATGACGGA	68.34608407872618	0.0	31.78806984399992	0.0	99.05655602293373	0.0	0.0	0.0	0.0	0.0
GSM4138110_HNSCC_1_PBMC_TCGAGGCTCCAGGGCT	83.24141687581636	72.18610690421217	0.0	39.83514304327659	0.0	0.0	0.0	0.0	0.0	0.0
GSM4138110_HNSCC_1_PBMC_TCTATTGCAGTCAGCC	139.7553198668501	0.0	0.0	60.912529320524314	88.5679060153117	0.0	0.0	0.0	0.0	0.0
GSM4138110_HNSCC_1_PBMC_TCTCTAAGTGGTAACG	133.82038027353974	100.2246217095227	0.0	136.83481044715506	0.0	0.0	0.0	0.0	0.0	0.0
GSM4138110_HNSCC_1_PBMC_TCTGAGATCTAGCACA	67.41893420994117	0.0	0.0	54.182447852865636	83.60472337054613	0.0	0.0	0.0	0.0	0.0
GSM4138110_HNSCC_1_PBMC_TCTTTCCCACTGAAGG	123.77762384985022	97.36602572042287	0.0	122.10342322346453	0.0	0.0	0.0	0.0	0.0	0.0
GSM4138110_HNSCC_1_PBMC_TGACAACGTCATCCCT	87.21293305193674	79.79314459079941	0.0	105.49751608779899	0.0	0.0	0.0	0.0	0.0	0.0
GSM4138110_HNSCC_1_PBMC_TGAGCCGAGATGAGAG	80.71787655595996	0.0	0.0	68.49243828055577	71.85996887228028	0.0	0.0	0.0	0.0	0.0
GSM4138110_HNSCC_1_PBMC_TGCGGGTTCTGATTCT	73.5235797525062	63.944311766443	0.0	32.668042955449025	0.0	0.0	0.0	0.0	0.0	0.0
GSM4138110_HNSCC_1_PBMC_TGGCTGGGTTCCAACA	69.33045557608864	77.8135273462157	0.0	81.37387340001897	0.0	0.0	0.0	0.0	0.0	0.0
GSM4138110_HNSCC_1_PBMC_TGTATTCGTGGCTCCA	132.9912364792135	83.97178230312836	161.9270312613748	0.0	0.0	0.0	0.0	0.0	0.0	0.0
GSM4138110_HNSCC_1_PBMC_TGTGGTAAGTATGACA	119.2529644756402	0.0	66.18291362233506	0.0	61.701203472203694	0.0	0.0	0.0	0.0	0.0
GSM4138110_HNSCC_1_PBMC_TTCCCAGGTCACTGGC	75.12511544227262	53.045793511643744	57.350258142777584	0.0	0.0	0.0	0.0	0.0	0.0	0.0
GSM4138110_HNSCC_1_PBMC_TTCGGTCCACCTCGGA	107.11940825224247	64.38496987322212	40.06432662640699	0.0	0.0	0.0	0.0	0.0	0.0	0.0
GSM4138110_HNSCC_1_PBMC_TTCTACATCCTTCAAT	73.03292757701807	53.28852463836559	41.93877238046526	26.328580149000373	0.0	0.0	0.0	0.0	0.0	0.0
GSM4138110_HNSCC_1_PBMC_AAAGTAGTCGGCATCG	301.79801703339507	199.08735619773304	235.54363509523782	0.0	27.696589864737362	0.0	0.0	0.0	0.0	0.0
GSM4138110_HNSCC_1_PBMC_ACACTGATCGTACCGG	161.6110181060337	0.0	118.62580460388536	0.0	171.92198559850627	0.0	0.0	0.0	0.0	0.0
GSM4138110_HNSCC_1_PBMC_ACAGCTATCAGCACAT	294.00032151942287	180.12102755054755	219.41712581989182	0.0	0.0	0.0	0.0	0.0	0.0	0.0
GSM4138110_HNSCC_1_PBMC_ACTGAACGTTATTCTC	268.63716215619075	171.89903404365288	0.0	203.78131840113954	0.0	0.0	0.0	0.0	0.0	0.0
GSM4138110_HNSCC_1_PBMC_ACTGAGTTCAGGTAAA	256.9378503037566	148.36403443771084	167.0819600993402	0.0	0.0	0.0	0.0	0.0	0.0	0.0
GSM4138110_HNSCC_1_PBMC_ACTGCTCCAACCGCCA	290.7409159421487	151.3803839318321	127.04683664497803	0.0	0.0	0.0	0.0	0.0	0.0	0.0
GSM4138110_HNSCC_1_PBMC_ACTTACTAGTGGAGAA	279.2319060785808	245.8529193897097	244.58608377603096	0.0	0.0	0.0	0.0	0.0	0.0	0.0
GSM4138110_HNSCC_1_PBMC_ACTTGTTCAGTTCATG	257.0867710936399	362.7397541002068	310.4487222624669	0.0	0.0	0.0	0.0	0.0	0.0	0.0
GSM4138110_HNSCC_1_PBMC_AGAGTGGCAGGGATTG	180.8831823612036	174.4700940164448	129.58486050541126	0.0	0.0	0.0	0.0	0.0	0.0	0.0
GSM4138110_HNSCC_1_PBMC_AGATCTGGTGATAAGT	227.48871290438913	145.72581517776572	87.02397482646397	0.0	0.0	0.0	0.0	0.0	0.0	0.0
GSM4138110_HNSCC_1_PBMC_AGATTGCGTATAGGGC	267.91265346131394	259.08142582692335	188.25437991020462	0.0	0.0	0.0	0.0	0.0	0.0	0.0
GSM4138110_HNSCC_1_PBMC_AGCGGTCCATGCTGGC	316.34030076745336	160.19631784231683	0.0	103.27505978219997	0.0	0.0	0.0	0.0	0.0	0.0
GSM4138110_HNSCC_1_PBMC_AGGCCACTCAGCGATT	237.55005626621283	137.504183392614	145.2327731348456	0.0	0.0	0.0	0.0	0.0	0.0	0.0
GSM4138110_HNSCC_1_PBMC_AGTAGTCCACAGTCGC	305.18743220385267	194.6329373212148	0.0	307.747625429642	0.0	0.0	0.0	0.0	0.0	0.0
GSM4138110_HNSCC_1_PBMC_AGTGTCATCCCTAATT	180.26482759394239	0.0	148.6889887871555	0.0	171.84931226612198	0.0	0.0	0.0	0.0	0.0
GSM4138110_HNSCC_1_PBMC_ATCCACCGTGGTTTCA	3240.9497976787343	0.0	0.0	0.0	0.0	0.0	0.0	0.0	0.0	0.0
GSM4138110_HNSCC_1_PBMC_ATCGAGTGTACTTAGC	274.8039431298404	183.5195921253821	0.0	246.89011430654975	0.0	0.0	0.0	0.0	0.0	0.0
GSM4138110_HNSCC_1_PBMC_CAACTAGTCTTGAGAC	263.29409280597446	133.3175606934671	0.0	159.53537246754124	0.0	0.0	0.0	0.0	0.0	0.0
GSM4138110_HNSCC_1_PBMC_CAAGGCCTCTAGCACA	148.80904094673082	33.171520541965045	78.60274665590694	23.450981084473025	68.04068526549317	0.0	0.0	0.0	0.0	0.0
GSM4138110_HNSCC_1_PBMC_CACAAACAGGCTACGA	221.96166700692308	143.8198463149389	200.23788815704773	0.0	53.93887675609455	0.0	0.0	0.0	0.0	0.0
GSM4138110_HNSCC_1_PBMC_CACATTTTCATTGCGA	195.57350260429746	131.67511297157358	0.0	216.3412687375791	0.0	0.0	0.0	0.0	0.0	0.0
GSM4138110_HNSCC_1_PBMC_CAGAGAGTCAGTTAGC	325.70386861924396	226.92436936313396	161.86673507212788	0.0	0.0	0.0	0.0	0.0	0.0	0.0
GSM4138110_HNSCC_1_PBMC_CAGCTGGGTCTCCACT	303.4933917455449	181.41588100220844	213.7705842679126	0.0	0.0	0.0	0.0	0.0	0.0	0.0
GSM4138110_HNSCC_1_PBMC_CAGCTGGGTGTTTGTG	168.4989561742952	171.70287746050195	0.0	122.4983414939557	0.0	0.0	0.0	0.0	0.0	0.0
GSM4138110_HNSCC_1_PBMC_CATATGGCAGGACGTA	293.49949570335605	0.0	157.8533649907664	0.0	161.58771117667493	0.0	0.0	0.0	0.0	0.0
GSM4138110_HNSCC_1_PBMC_CATATTCTCCACGTTC	218.93551387392267	31.905683025850585	118.7445158215237	16.315177849142113	110.89510267882818	0.0	0.0	0.0	0.0	0.0
GSM4138110_HNSCC_1_PBMC_CCAATCCCACGACTCG	147.6035170568127	58.55517844563724	118.35486703045551	0.0	63.283447975718865	0.0	0.0	0.0	0.0	0.0
GSM4138110_HNSCC_1_PBMC_CCTACCAGTCGGCTCA	374.0344504800389	78.61941307793774	0.0	194.07884531262894	126.29377489851588	0.0	0.0	0.0	0.0	0.0
GSM4138110_HNSCC_1_PBMC_CGAACATCAAGTTAAG	324.7221904397445	203.62253280295255	0.0	175.31195460818032	0.0	0.0	0.0	0.0	0.0	0.0
GSM4138110_HNSCC_1_PBMC_CGACCTTCATTACGAC	147.0379911536581	93.16629023482477	0.0	87.21729916045288	0.0	0.0	0.0	0.0	0.0	0.0
GSM4138110_HNSCC_1_PBMC_CGAGCACCATATACGC	329.1578414788746	233.20263818902632	253.9797698367367	0.0	0.0	0.0	0.0	0.0	0.0	0.0
GSM4138110_HNSCC_1_PBMC_CGATCGGCAACGATCT	199.6691750315133	0.0	0.0	191.13014503109756	176.62451273814594	0.0	0.0	0.0	0.0	0.0
GSM4138110_HNSCC_1_PBMC_CGATCGGGTTTGGGCC	290.07468827604123	48.275102151169634	0.0	192.7923781611209	77.6701383632598	0.0	0.0	0.0	0.0	0.0
GSM4138110_HNSCC_1_PBMC_CGCTATCCACCGAATT	352.1576825352597	248.3732545470239	88.76979104931864	86.99235705963942	0.0	0.0	0.0	0.0	0.0	0.0
GSM4138110_HNSCC_1_PBMC_CGGAGCTGTCGAACAG	281.5118231374902	68.48107626168513	224.71263252557128	0.0	184.93353435619534	0.0	0.0	0.0	0.0	0.0
GSM4138110_HNSCC_1_PBMC_CGTTCTGGTCTAAACC	251.47881282361973	85.532404017705	215.31352204902623	0.0	96.68292211073936	0.0	0.0	0.0	0.0	0.0
GSM4138110_HNSCC_1_PBMC_CGTTGGGGTGTGTGCC	159.36504099088174	0.0	105.2693822358176	0.0	139.67330469493567	0.0	0.0	0.0	0.0	0.0
GSM4138110_HNSCC_1_PBMC_CTAATGGCACACATGT	254.3964586706983	146.8184903864252	170.54848260146605	0.0	0.0	0.0	0.0	0.0	0.0	0.0
GSM4138110_HNSCC_1_PBMC_CTACCCAGTTACCGAT	234.8776793664614	0.0	0.0	227.46512275310837	218.39339407153267	0.0	0.0	0.0	0.0	0.0
GSM4138110_HNSCC_1_PBMC_CTAGAGTCATCGGACC	327.91187925403136	133.1703000029275	0.0	208.56043510074375	0.0	0.0	0.0	0.0	0.0	0.0
GSM4138110_HNSCC_1_PBMC_CTCTGGTGTGTTCGAT	290.37381575613887	6.4197810764681345	0.0	131.98297878825332	106.48971863542788	0.0	0.0	0.0	0.0	0.0
GSM4138110_HNSCC_1_PBMC_CTGATAGCATCAGTCA	205.5864121511948	105.1659851606817	176.97074676379032	0.0	0.0	0.0	0.0	0.0	0.0	0.0
GSM4138110_HNSCC_1_PBMC_CTGTTTACAATGTAAG	298.2415631568191	257.7448917165418	193.40794313789456	8.237427550229373	0.0	0.0	0.0	0.0	0.0	0.0
GSM4138110_HNSCC_1_PBMC_GAACCTATCTCTGTCG	147.66045649363676	14.910987241225614	0.0	84.69754389299091	80.92587472173688	0.0	0.0	0.0	0.0	0.0
GSM4138110_HNSCC_1_PBMC_GATCGCGTCAGGCGAA	174.7435411009606	107.4337388939869	0.0	130.64195112124173	0.0	0.0	0.0	0.0	0.0	0.0
GSM4138110_HNSCC_1_PBMC_GATCTAGCATACAGCT	202.78534657868337	340.5355408647489	0.0	176.21124728826365	0.0	0.0	0.0	0.0	0.0	0.0
GSM4138110_HNSCC_1_PBMC_GATGAAAGTAGAAGGA	209.66004237262823	94.39183585230393	42.64881992450496	32.82298161288076	0.0	0.0	0.0	0.0	0.0	0.0
GSM4138110_HNSCC_1_PBMC_GATGAAAGTCACCCAG	321.785113743248	204.28035597195756	254.8199706591337	0.0	0.0	0.0	0.0	0.0	0.0	0.0
GSM4138110_HNSCC_1_PBMC_GCATACACATCTGGTA	365.78492575667235	353.9081097671302	265.9027087273542	0.0	0.0	0.0	0.0	0.0	0.0	0.0
GSM4138110_HNSCC_1_PBMC_GCGAGAATCGCACTCT	280.1530708111914	255.04458705993895	53.53512329788762	207.90385196234286	14.246055279486313	0.0	0.0	0.0	0.0	0.0
GSM4138110_HNSCC_1_PBMC_GCGCGATAGGAGCGTT	123.1046751856036	69.67680648667366	0.0	150.91450582291898	0.0	0.0	0.0	0.0	0.0	0.0
GSM4138110_HNSCC_1_PBMC_GCTCTGTTCAGTTTGG	211.21867515516706	108.53421248069425	124.94909291438515	0.0	0.0	0.0	0.0	0.0	0.0	0.0
GSM4138110_HNSCC_1_PBMC_GCTGCGAGTCTAGTCA	252.7887508381048	215.99269669395562	166.60534664158757	0.0	0.0	0.0	0.0	0.0	0.0	0.0
GSM4138110_HNSCC_1_PBMC_GGCTCGATCAGGCGAA	184.90893165132664	129.82851174810347	0.0	146.7975893013507	0.0	0.0	0.0	0.0	0.0	0.0
GSM4138110_HNSCC_1_PBMC_GGGAATGTCTTCCTTC	0.0	0.0	0.0	0.0	0.0	3424.371956203604	0.0	0.0	0.0	31.532112480877483
GSM4138110_HNSCC_1_PBMC_GGGCACTTCGTAGGTT	283.72118471881066	138.46207561305982	188.5829482884449	0.0	0.0	0.0	0.0	0.0	0.0	0.0
GSM4138110_HNSCC_1_PBMC_GTAGGCCAGTACTTGC	219.41797852013912	0.0	0.0	181.06156285983295	185.15489641633047	0.0	0.0	0.0	0.0	0.0
GSM4138110_HNSCC_1_PBMC_GTCACAATCTATCGCC	303.97943497174117	187.42681673010955	114.46842885031033	69.95932320659634	0.0	0.0	0.0	0.0	0.0	0.0
GSM4138110_HNSCC_1_PBMC_GTCTCGTAGTAGCGGT	225.55869933742594	124.44901846362885	15.781226240235632	107.38095700039462	3.402078870901571	0.0	0.0	0.0	0.0	0.0
GSM4138110_HNSCC_1_PBMC_GTGCAGCTCTGTCTAT	322.01985800662595	272.29522372661114	0.0	348.6322579658999	0.0	0.0	0.0	0.0	0.0	0.0
GSM4138110_HNSCC_1_PBMC_GTGCATAGTACGCTGC	261.2294365533524	142.6539231529579	171.00596210816775	0.0	0.0	0.0	0.0	0.0	0.0	0.0
GSM4138110_HNSCC_1_PBMC_GTGCTTCAGTACGATA	175.61365963711464	201.26864043271183	164.80752063785724	0.0	0.0	0.0	0.0	0.0	0.0	0.0
GSM4138110_HNSCC_1_PBMC_TACAGTGCAATGACCT	190.70576424674692	146.3455068213414	0.0	122.61191534394604	0.0	0.0	0.0	0.0	0.0	0.0
GSM4138110_HNSCC_1_PBMC_TACTCATAGATCACGG	370.1548072388545	160.03298729222482	0.0	211.44325265878385	0.0	0.0	0.0	0.0	0.0	0.0
GSM4138110_HNSCC_1_PBMC_TACTCGCGTAAGGATT	199.07512572697854	38.783877230185944	0.0	187.61255503239306	208.974558341549	0.0	0.0	0.0	0.0	0.0
GSM4138110_HNSCC_1_PBMC_TACTTGTCAAGTTAAG	249.98282296316003	24.274316613717687	125.16839737591302	111.66240461312063	186.09162927352168	0.0	0.0	0.0	0.0	0.0
GSM4138110_HNSCC_1_PBMC_TATCTCAAGGTGTGGT	165.46166224045942	119.301949588791	152.0094079529982	0.0	0.0	0.0	0.0	0.0	0.0	0.0
GSM4138110_HNSCC_1_PBMC_TCAGCTCCACCCATTC	387.42227448724805	255.14862795666897	182.74849526818355	0.0	0.0	0.0	0.0	0.0	0.0	0.0
GSM4138110_HNSCC_1_PBMC_TCGCGTTCAGCTGCTG	191.49585533689648	167.4505026383957	141.03886840895012	0.0	0.0	0.0	0.0	0.0	0.0	0.0
GSM4138110_HNSCC_1_PBMC_TCGGGACAGCTAGTTC	294.4564514799637	71.24938342459123	0.0	181.1937140925455	115.85487603222586	0.0	0.0	0.0	0.0	0.0
GSM4138110_HNSCC_1_PBMC_TCTTCGGAGTCATCCA	209.26480134240566	186.1209672768847	69.76352976741917	113.2809485300932	0.0	0.0	0.0	0.0	0.0	0.0
GSM4138110_HNSCC_1_PBMC_TGAGAGGGTCCCTACT	337.2350959229922	155.01054256007004	286.66623318943346	0.0	0.0	0.0	0.0	0.0	0.0	0.0
GSM4138110_HNSCC_1_PBMC_TGATTTCGTTAAAGTG	405.0329764043594	278.6476640573225	194.37062143928304	0.0	0.0	0.0	0.0	0.0	0.0	0.0
GSM4138110_HNSCC_1_PBMC_TGCCAAATCATGTCCC	301.91690457827775	173.78433335923827	157.83765260112705	0.0	0.0	0.0	0.0	0.0	0.0	0.0
GSM4138110_HNSCC_1_PBMC_TGTATTCAGAATGTTG	334.8593097745423	161.76495939553766	0.0	135.2797833714037	105.01360205462596	0.0	0.0	0.0	0.0	0.0
GSM4138110_HNSCC_1_PBMC_TGTCCCAGTTCAGGCC	178.7826106114886	139.8385389919661	0.0	184.15616155836295	0.0	0.0	0.0	0.0	0.0	0.0
GSM4138110_HNSCC_1_PBMC_TTGCCGTCAATAGCGG	228.0577937323196	183.12613279158708	218.3643920114024	0.0	0.0	0.0	0.0	0.0	0.0	0.0
GSM4138110_HNSCC_1_PBMC_TTTATGCAGACTGGGT	239.66496151828102	138.68975108894307	123.5936137469683	0.0	0.0	0.0	0.0	0.0	0.0	0.0
GSM4138110_HNSCC_1_PBMC_AACGTTGAGTTTAGGA	134.1228156616377	32.20460044946932	116.9612414135908	0.0	59.83444231018961	0.0	0.0	0.0	0.0	0.0
GSM4138110_HNSCC_1_PBMC_AAGGCAGCAATCACAC	98.16872770524341	0.0	0.0	85.65914711515889	185.63090276939678	0.0	0.0	0.0	0.0	0.0
GSM4138110_HNSCC_1_PBMC_ACTGATGTCAATAAGG	95.67137933006588	47.649436377377796	53.213761345023315	0.0	18.032059009879767	0.0	0.0	0.0	0.0	0.0
GSM4138110_HNSCC_1_PBMC_AGCAGCCAGGCCCTCA	144.8171562913057	36.06238230727843	88.90375395505588	0.0	39.08211153106375	0.0	0.0	0.0	0.0	0.0
GSM4138110_HNSCC_1_PBMC_CATATTCCATATGAGA	133.18555368982646	0.0	98.01708721718015	0.0	120.70090128261695	0.0	0.0	0.0	0.0	0.0
GSM4138110_HNSCC_1_PBMC_CCTCAGTCAACTGCGC	78.45224951928444	84.03074792701094	46.55147706120097	0.0	0.0	0.0	0.0	0.0	0.0	0.0
GSM4138110_HNSCC_1_PBMC_CGGTTAACACCTCGTT	72.91313364771186	56.01693943715865	20.1000858339341	48.1606296176847	0.0	0.0	0.0	0.0	0.0	0.0
GSM4138110_HNSCC_1_PBMC_CGTGTAATCTCCAGGG	64.61026007562855	53.32101987615799	41.31141517052493	0.0	21.873076656713117	0.0	0.0	0.0	0.0	0.0
GSM4138110_HNSCC_1_PBMC_CGTTGGGTCAGTGCAT	86.40331726503179	64.61036196355656	94.62909135623924	0.0	0.0	0.0	0.0	0.0	0.0	0.0
GSM4138110_HNSCC_1_PBMC_CTAGAGTAGCTATGCT	139.49040074247057	15.873146633936843	105.42544371940812	0.0	105.68433157182749	0.0	0.0	0.0	0.0	0.0
GSM4138110_HNSCC_1_PBMC_GCATACATCGTTACAG	95.3400936582487	71.4392870964902	0.0	46.5783365926114	0.0	0.0	0.0	0.0	0.0	0.0
GSM4138110_HNSCC_1_PBMC_AAACGGGCAGTATCTG	83.5948652022046	73.35994224836335	0.0	75.47229435720122	2.6868167156913363	0.0	0.0	0.0	0.0	0.0
GSM4138110_HNSCC_1_PBMC_AAAGATGTCTGATTCT	97.0356539568689	108.90530729621496	104.54766406991045	0.0	0.0	0.0	0.0	0.0	0.0	0.0
GSM4138110_HNSCC_1_PBMC_AAAGTAGGTAGCGCTC	139.18330275192415	51.33253104822127	0.0	93.75729785549863	0.0	0.0	0.0	0.0	0.0	0.0
GSM4138110_HNSCC_1_PBMC_AACTCAGGTGGTCTCG	90.2198602706096	84.63685968799287	0.0	51.664039335080304	0.0	0.0	0.0	0.0	0.0	0.0
GSM4138110_HNSCC_1_PBMC_AACTCCCTCCAATGGT	114.249400306938	93.93820201416817	0.0	107.76045410900578	0.0	0.0	0.0	0.0	0.0	0.0
GSM4138110_HNSCC_1_PBMC_AACTCTTAGTGGGTTG	112.89050473712834	98.79608925270355	41.32752108904213	40.75141725525435	0.0	0.0	0.0	0.0	0.0	0.0
GSM4138110_HNSCC_1_PBMC_AACTCTTGTCACACGC	185.03639521877832	18.962850759074946	0.0	53.35024473637632	0.0	0.0	0.0	0.0	0.0	0.0
GSM4138110_HNSCC_1_PBMC_AACTTTCAGAAGGTTT	117.02204498643847	0.0	70.11527171319676	0.0	127.74600741792733	0.0	0.0	0.0	0.0	0.0
GSM4138110_HNSCC_1_PBMC_AAGGAGCTCCTTTCGG	131.98039143094064	0.0	91.4886905483855	0.0	160.7176719529898	0.0	0.0	0.0	0.0	0.0
GSM4138110_HNSCC_1_PBMC_AATCCAGAGTGCTGCC	144.31840256649585	128.64897096008553	82.11984359088346	0.0	0.0	0.0	0.0	0.0	0.0	0.0
GSM4138110_HNSCC_1_PBMC_AATCGGTGTCTAGCCG	127.93522041119991	91.99021619530247	125.90193009007925	0.0	0.0	0.0	0.0	0.0	0.0	0.0
GSM4138110_HNSCC_1_PBMC_ACACCCTCATCTACGA	137.06100191084906	0.0	55.97679617978566	0.0	71.75502688128988	0.0	0.0	0.0	0.0	0.0
GSM4138110_HNSCC_1_PBMC_ACACCGGCACCATGTA	267.61757333263705	254.952097243705	168.76864631840502	0.0	0.0	0.0	0.0	0.0	0.0	0.0
GSM4138110_HNSCC_1_PBMC_ACATCAGAGCGTTCCG	248.89222455640265	139.14329981261218	194.01287447723763	0.0	0.0	0.0	0.0	0.0	0.0	0.0
GSM4138110_HNSCC_1_PBMC_ACCCACTCAATGTAAG	66.26408839413881	62.308187689640924	0.0	0.0	0.0	0.0	61.86904034072894	0.0	0.0	0.0
GSM4138110_HNSCC_1_PBMC_ACCCACTGTAAGTGTA	108.33598137050011	64.25559280157897	98.6104366817157	0.0	0.0	0.0	0.0	0.0	0.0	0.0
GSM4138110_HNSCC_1_PBMC_ACCTTTATCATAACCG	139.63677390688872	97.29604756620859	133.55791160137906	0.0	0.0	0.0	0.0	0.0	0.0	0.0
GSM4138110_HNSCC_1_PBMC_ACGAGCCAGGTGTGGT	70.4858568083473	62.662624253511375	0.0	120.8087264036788	0.0	0.0	0.0	0.0	0.0	0.0
GSM4138110_HNSCC_1_PBMC_ACGATACCATATGAGA	119.09490303935148	44.55718919825783	53.52781372117944	0.0	0.0	0.0	0.0	0.0	0.0	0.0
GSM4138110_HNSCC_1_PBMC_ACGATACTCTGATTCT	113.52973358387815	55.11936008544469	73.01619277274617	0.0	0.0	0.0	0.0	0.0	0.0	0.0
GSM4138110_HNSCC_1_PBMC_ACGATGTCAGGCAGTA	121.02324532080158	59.10951690321463	69.93856603976045	0.0	0.0	0.0	0.0	0.0	0.0	0.0
GSM4138110_HNSCC_1_PBMC_ACGCAGCGTAGAGCTG	85.0198470839528	58.199112185755325	0.0	49.54806595012856	0.0	0.0	0.0	0.0	0.0	0.0
GSM4138110_HNSCC_1_PBMC_ACGCCGAAGGTAGCTG	87.50060653022375	97.61030052757434	34.466858121029155	0.0	21.013273073346895	0.0	0.0	0.0	0.0	0.0
GSM4138110_HNSCC_1_PBMC_ACGGGCTGTGATAAAC	95.3133915164038	66.84292933763284	0.0	125.00174738965497	0.0	0.0	0.0	0.0	0.0	0.0
GSM4138110_HNSCC_1_PBMC_ACGTCAACATCACGAT	110.94761362698515	58.55138150460714	33.62130959620062	0.0	0.0	0.0	0.0	0.0	0.0	0.0
GSM4138110_HNSCC_1_PBMC_ACTATCTAGGAATTAC	154.7199717407756	173.23833128342974	110.12469768500368	0.0	62.85113299491768	0.0	0.0	0.0	0.0	0.0
GSM4138110_HNSCC_1_PBMC_ACTGATGTCGTTACGA	244.60563522926267	168.56942214156882	75.23094498141221	0.0	0.0	0.0	0.0	0.0	0.0	0.0
GSM4138110_HNSCC_1_PBMC_ACTTACTAGATAGGAG	79.59770938935182	135.46079872817958	75.01529128417081	0.0	0.0	0.0	0.0	0.0	0.0	0.0
GSM4138110_HNSCC_1_PBMC_ACTTGTTTCCACGACG	99.69615973972165	132.73591401900336	100.40168535870379	0.0	0.0	0.0	0.0	0.0	0.0	0.0
GSM4138110_HNSCC_1_PBMC_ACTTTCATCGTCACGG	143.9188192333584	85.89218888260444	0.0	44.3293136960482	0.0	0.0	0.0	0.0	0.0	0.0
GSM4138110_HNSCC_1_PBMC_AGATTGCTCATGCTCC	137.13363789328153	27.896780760433565	28.53151693060353	63.54347515346748	76.36409000386705	0.0	0.0	0.0	0.0	0.0
GSM4138110_HNSCC_1_PBMC_AGATTGCTCCTAGAAC	173.52783742303743	51.98112430593653	0.0	42.19162699442512	0.0	0.0	0.0	0.0	0.0	0.0
GSM4138110_HNSCC_1_PBMC_AGCAGCCTCACTCTTA	110.82161708251311	74.20502062784233	20.17640138081833	48.618457034154815	0.0	0.0	0.0	0.0	0.0	0.0
GSM4138110_HNSCC_1_PBMC_AGCCTAAAGCGTGAAC	272.6155913483383	128.38800027744028	49.06689569484185	57.31996871652902	0.0	0.0	0.0	0.0	0.0	0.0
GSM4138110_HNSCC_1_PBMC_AGCCTAAGTCTCATCC	59.058940145613185	0.0	0.0	49.03652525406212	29.665658793495655	65.01267806301087	0.0	0.0	0.0	0.0
GSM4138110_HNSCC_1_PBMC_AGCGTATAGCCAGTTT	119.03821156783003	43.398521248831905	83.4648060941781	0.0	40.35996841392395	0.0	0.0	0.0	0.0	0.0
GSM4138110_HNSCC_1_PBMC_AGCGTCGAGCGCTCCA	93.93073092687413	0.0	27.581311870455867	21.718017212214978	98.78943531866277	0.0	0.0	0.0	0.0	0.0
GSM4138110_HNSCC_1_PBMC_AGCTCCTGTATCACCA	203.15336424539439	165.27996101301142	126.78206699343058	0.0	0.0	0.0	0.0	0.0	0.0	0.0
GSM4138110_HNSCC_1_PBMC_AGCTCTCAGTCGTTTG	174.70249859893465	115.572764770856	0.0	123.0356308698332	0.0	0.0	0.0	0.0	0.0	0.0
GSM4138110_HNSCC_1_PBMC_AGCTTGAAGACTGGGT	141.8712829404968	67.15729054104432	0.0	85.48141760728917	0.0	0.0	0.0	0.0	0.0	0.0
GSM4138110_HNSCC_1_PBMC_AGGCCGTAGACTACAA	162.40407277123083	5.846238227159813	109.35896395407299	0.0	94.85443698634313	0.0	0.0	0.0	0.0	0.0
GSM4138110_HNSCC_1_PBMC_AGGGATGAGACCCACC	88.16770380836408	85.92806694051387	72.38985218048809	0.0	0.0	0.0	0.0	0.0	0.0	0.0
GSM4138110_HNSCC_1_PBMC_AGGGATGCATGTTCCC	124.26244295533637	0.0	0.0	105.42127744307963	123.97872717161957	0.0	0.0	0.0	0.0	0.0
GSM4138110_HNSCC_1_PBMC_AGTAGTCGTCAATGTC	95.43125907816503	68.5287111795149	66.1157669034937	0.0	0.0	0.0	0.0	0.0	0.0	0.0
GSM4138110_HNSCC_1_PBMC_AGTAGTCGTCCGAAGA	129.8161756176001	113.00912194820704	5.927744730708244	77.32970204410654	0.0	0.0	0.0	0.0	0.0	0.0
GSM4138110_HNSCC_1_PBMC_AGTGGGAAGGAGCGAG	184.42209026082176	154.02259206540145	0.0	146.4033354145553	0.0	0.0	0.0	0.0	0.0	0.0
GSM4138110_HNSCC_1_PBMC_AGTGTCAGTACCGGCT	123.66708838179372	93.79089380402257	149.21667006619307	0.0	0.0	0.0	0.0	0.0	0.0	0.0
GSM4138110_HNSCC_1_PBMC_ATAAGAGAGCTGATAA	65.96100225664226	32.288437614866005	36.207626450722614	0.0	23.34055534487885	0.0	0.0	0.0	0.0	0.0
GSM4138110_HNSCC_1_PBMC_ATCACGAGTCAAACTC	85.27131377077501	0.0	79.31472024426438	0.0	99.26083875355299	0.0	0.0	0.0	0.0	0.0
GSM4138110_HNSCC_1_PBMC_ATCATCTTCTGTGCAA	97.97959429075105	69.75979266340852	61.1716110835665	0.0	0.0	0.0	0.0	0.0	0.0	0.0
GSM4138110_HNSCC_1_PBMC_ATCATGGGTCACTGGC	183.3348418850443	0.0	81.1386199040523	28.58229315425403	122.03018702415955	0.0	0.0	0.0	0.0	0.0
GSM4138110_HNSCC_1_PBMC_ATCTGCCCATACGCCG	107.68053081525329	97.15279726538289	0.0	61.79661603151538	0.0	0.0	0.0	0.0	0.0	0.0
GSM4138110_HNSCC_1_PBMC_ATGAGGGAGTGTACGG	118.8767142505784	100.23625547280848	124.30191278340003	0.0	0.0	0.0	0.0	0.0	0.0	0.0
GSM4138110_HNSCC_1_PBMC_ATGGGAGAGACCCACC	246.71719965693583	27.2863550299918	190.03383566086532	0.0	152.08110283380677	0.0	0.0	0.0	0.0	0.0
GSM4138110_HNSCC_1_PBMC_ATGTGTGTCCAGTAGT	76.52027719489082	67.54111987328457	89.05430043344987	0.0	0.0	0.0	0.0	0.0	0.0	0.0
GSM4138110_HNSCC_1_PBMC_ATTATCCAGCGCCTTG	130.56403015397112	124.30489113162574	8.107519438151341	94.44398932764909	0.0	0.0	0.0	0.0	0.0	0.0
GSM4138110_HNSCC_1_PBMC_ATTCTACAGATGTCGG	114.03991261672608	0.0	0.0	89.54874778111697	102.77235417333608	0.0	0.0	0.0	0.0	0.0
GSM4138110_HNSCC_1_PBMC_ATTGGACAGAAGGCCT	60.825294763920226	0.0	48.5878890246191	8.015237423237854	77.96355796182021	0.0	0.0	0.0	0.0	0.0
GSM4138110_HNSCC_1_PBMC_ATTGGTGCACAGGAGT	138.88590061387646	48.64295857558462	0.0	101.25643995386852	74.17467999020799	0.0	0.0	0.0	0.0	0.0
GSM4138110_HNSCC_1_PBMC_CAACCTCTCTAAGCCA	135.95367471373066	33.48424497599498	43.162962978652104	0.0	58.65581564794436	0.0	0.0	0.0	0.0	0.0
GSM4138110_HNSCC_1_PBMC_CAACTAGGTGTCCTCT	131.55137405190712	0.0	77.60327683913448	0.0	96.80794910072363	0.0	0.0	0.0	0.0	0.0
GSM4138110_HNSCC_1_PBMC_CAACTAGTCAAGATCC	62.41457325139073	0.0	0.0	101.9184551409594	35.02901477553973	0.0	0.0	0.0	0.0	0.0
GSM4138110_HNSCC_1_PBMC_CAAGAAATCACAAACC	70.37635084972352	68.00756771569884	58.30175958924778	0.0	0.0	0.0	0.0	0.0	0.0	0.0
GSM4138110_HNSCC_1_PBMC_CAAGTTGCATGTTCCC	182.22620211048556	0.0	0.0	124.71620816459352	162.24569076451058	0.0	0.0	0.0	0.0	0.0
GSM4138110_HNSCC_1_PBMC_CACACTCTCAAGATCC	136.6056793834711	129.9965110182834	113.39404247793674	0.0	0.0	0.0	0.0	0.0	0.0	0.0
GSM4138110_HNSCC_1_PBMC_CACAGGCTCCGCGTTT	97.19818933790089	84.5387245921875	117.41814511182278	0.0	0.0	0.0	0.0	0.0	0.0	0.0
GSM4138110_HNSCC_1_PBMC_CACAGTAAGTTACCCA	95.68563149998063	0.0	127.55774135341822	0.0	74.1550343405238	0.0	0.0	0.0	0.0	0.0
GSM4138110_HNSCC_1_PBMC_CACATTTAGTAGCGGT	126.30142842523972	62.83504791568865	0.0	73.97747183553845	0.0	0.0	0.0	0.0	0.0	0.0
GSM4138110_HNSCC_1_PBMC_CACCACTTCCGCGGTA	69.95318832582399	139.7560674988422	0.0	48.74958755056339	0.0	0.0	0.0	0.0	0.0	0.0
GSM4138110_HNSCC_1_PBMC_CAGAGAGAGCCACTAT	94.02919257217012	57.846490377244166	83.97388945961275	0.0	0.0	0.0	0.0	0.0	0.0	0.0
GSM4138110_HNSCC_1_PBMC_CAGCAGCGTGCAGTAG	62.19727154892889	54.97573322545994	0.0	37.25235969225456	26.407255471487595	0.0	0.0	0.0	0.0	0.0
GSM4138110_HNSCC_1_PBMC_CAGCATAAGTACTTGC	91.26159034886201	88.69371977162156	89.47001169066225	0.0	0.0	0.0	0.0	0.0	0.0	0.0
GSM4138110_HNSCC_1_PBMC_CAGCATATCAGAGGTG	148.21830924693387	29.26368428341072	131.9285124974573	0.0	145.21301340048197	0.0	0.0	0.0	0.0	0.0
GSM4138110_HNSCC_1_PBMC_CAGCTAAGTTCCACGG	103.26360013353461	89.26742406523168	102.52623380081313	0.0	0.0	0.0	0.0	0.0	0.0	0.0
GSM4138110_HNSCC_1_PBMC_CATCGAAGTACTTCTT	207.312827542589	77.8864210395227	69.953459963265	0.0	0.0	0.0	0.0	0.0	0.0	0.0
GSM4138110_HNSCC_1_PBMC_CATCGGGAGAGCTTCT	86.35290308963306	25.951163617248984	0.0	28.380003578756554	16.171778537546686	0.0	0.0	0.0	0.0	0.0
GSM4138110_HNSCC_1_PBMC_CATTATCTCGATCCCT	153.90000451126434	150.04506184774286	0.0	86.25668334045173	0.0	0.0	0.0	0.0	0.0	0.0
GSM4138110_HNSCC_1_PBMC_CATTCGCAGTGAAGAG	177.53835776713808	170.38190985512577	130.31755783413786	0.0	0.0	0.0	0.0	0.0	0.0	0.0
GSM4138110_HNSCC_1_PBMC_CCACGGACAGATGGGT	145.39295705057492	171.6328042417635	0.0	128.58899344983132	0.0	0.0	0.0	0.0	0.0	0.0
GSM4138110_HNSCC_1_PBMC_CCACTACAGGTTCCTA	73.53394849140744	103.44656054006349	83.97641690487315	0.0	0.0	0.0	0.0	0.0	0.0	0.0
GSM4138110_HNSCC_1_PBMC_CCCAGTTAGGCACATG	78.43434121971846	101.66879795483894	67.31175021845281	0.0	0.0	0.0	0.0	0.0	0.0	0.0
GSM4138110_HNSCC_1_PBMC_CCCTCCTGTACAGCAG	113.22828676978764	52.93420859736139	0.0	71.8160358655907	0.0	0.0	0.0	0.0	0.0	0.0
GSM4138110_HNSCC_1_PBMC_CCCTCCTTCCATGAAC	81.75721784535745	66.87525527896166	0.0	72.77675794630368	0.0	0.0	0.0	0.0	0.0	0.0
GSM4138110_HNSCC_1_PBMC_CCGTACTGTTCCAACA	147.43086345568258	131.17008681540173	96.27211981765944	0.0	0.0	0.0	0.0	0.0	0.0	0.0
GSM4138110_HNSCC_1_PBMC_CCGTACTTCCGATATG	68.57482399441082	0.0	24.57502799495098	28.926006487741756	54.185150407951944	0.0	0.0	0.0	0.0	0.0
GSM4138110_HNSCC_1_PBMC_CCGTGGAAGGAGTACC	116.20557972787553	69.98801916744418	70.15268742886526	0.0	0.0	0.0	0.0	0.0	0.0	0.0
GSM4138110_HNSCC_1_PBMC_CCTAAAGAGCGCCTCA	172.54545233624052	227.3385071448004	0.0	146.13659025082924	0.0	0.0	0.0	0.0	0.0	0.0
GSM4138110_HNSCC_1_PBMC_CCTACACCACAGGCCT	96.30137300386836	88.43164003329613	0.0	89.69080875673923	45.1171824010362	0.0	0.0	0.0	0.0	0.0
GSM4138110_HNSCC_1_PBMC_CCTATTACACAAGACG	196.18594540856805	56.96480257310034	157.1686289440409	0.0	82.83271590956369	0.0	0.0	0.0	0.0	0.0
GSM4138110_HNSCC_1_PBMC_CCTTACGAGAATAGGG	93.82045295062964	68.40019673831952	92.31915116976188	0.0	0.0	52.342851796028704	0.0	0.0	0.0	0.0
GSM4138110_HNSCC_1_PBMC_CGAACATGTCCAGTAT	100.47981077612728	64.59129476615679	63.109684196491116	0.0	0.0	0.0	0.0	0.0	0.0	0.0
GSM4138110_HNSCC_1_PBMC_CGATCGGCAACACCCG	71.92862146792716	0.0	30.279821990377982	15.809268529191582	57.690890085206476	0.0	0.0	0.0	0.0	0.0
GSM4138110_HNSCC_1_PBMC_CGATGTATCCTTTCGG	107.76598130948688	81.51019435753572	43.83311713893744	21.90896113430644	0.0	0.0	0.0	0.0	0.0	0.0
GSM4138110_HNSCC_1_PBMC_CGCGGTAAGACACGAC	40.180572223205225	98.69868976216306	0.34664022283743134	65.37747828582499	0.0	0.0	0.0	0.0	0.0	0.0
GSM4138110_HNSCC_1_PBMC_CGCGGTATCAGTCCCT	93.64998904152607	61.361767339427296	0.0	67.86361510227368	0.0	0.0	0.0	0.0	0.0	0.0
GSM4138110_HNSCC_1_PBMC_CGCTATCAGGTAGCCA	139.04537296398703	89.75978220945707	108.27626542492318	48.39961816166832	12.880883276951902	0.0	0.0	0.0	0.0	0.0
GSM4138110_HNSCC_1_PBMC_CGCTTCACAGTACACT	138.7304664686717	95.57170460413931	14.212742348079361	68.28835688222438	0.0	0.0	0.0	0.0	0.0	0.0
GSM4138110_HNSCC_1_PBMC_CGGAGCTCAGACGCAA	78.8892354073306	91.19852625010569	0.0	56.768552521881766	0.0	0.0	0.0	0.0	0.0	0.0
GSM4138110_HNSCC_1_PBMC_CGGAGCTTCGCCTGAG	151.64195067952295	0.0	125.55007990769774	0.0	126.5860583284061	0.0	0.0	0.0	0.0	0.0
GSM4138110_HNSCC_1_PBMC_CGGCTAGTCACATAGC	179.68483475978178	0.0	0.0	124.6159209670245	179.96303430024673	0.0	0.0	0.0	0.0	0.0
GSM4138110_HNSCC_1_PBMC_CGGCTAGTCAGAGACG	73.41551643029747	0.0	0.0	60.931568285161624	135.80075791994116	0.0	0.0	0.0	0.0	0.0
GSM4138110_HNSCC_1_PBMC_CGGCTAGTCCTAAGTG	213.5322413154621	56.63072365459729	114.15369563512337	0.0	0.0	0.0	0.0	0.0	0.0	0.0
GSM4138110_HNSCC_1_PBMC_CGTAGCGAGAAGGGTA	113.6842022861222	83.86061412040765	53.995240677553696	93.20919065618715	14.123279532645897	0.0	0.0	0.0	0.0	0.0
GSM4138110_HNSCC_1_PBMC_CGTAGGCGTGGTAACG	80.89497851598627	0.0	100.24695365461967	0.0	65.03171481436378	0.0	0.0	0.0	0.0	0.0
GSM4138110_HNSCC_1_PBMC_CGTCACTTCAAACCGT	125.74341549582898	84.03259043827859	0.0	94.20886181749616	0.0	0.0	0.0	0.0	0.0	0.0
GSM4138110_HNSCC_1_PBMC_CGTCCATAGCAGCGTA	59.12755487492304	40.44485296321843	0.0	73.9656208036516	15.887707459400463	0.0	0.0	0.0	0.0	0.0
GSM4138110_HNSCC_1_PBMC_CGTGTAAAGGTGTGGT	126.2200362604523	106.3043888603446	92.02445628551254	0.0	0.0	0.0	0.0	0.0	0.0	0.0
GSM4138110_HNSCC_1_PBMC_CGTTGGGCAGGCGATA	117.9763583271253	0.662385579625209	7.586511848626624	50.16791670581577	89.85160594177442	0.0	0.0	0.0	0.0	0.0
GSM4138110_HNSCC_1_PBMC_CTACACCGTAGCTTGT	65.43218854661949	70.04998553502203	69.758855060474	31.82014553199827	0.0	0.0	0.0	0.0	0.0	0.0
GSM4138110_HNSCC_1_PBMC_CTACGTCAGTGGGATC	122.25581326887314	128.10911741301194	44.791858006744135	0.0	0.0	0.0	0.0	0.0	0.0	0.0
GSM4138110_HNSCC_1_PBMC_CTACGTCTCCACGAAT	52.80512825039096	60.37044410663757	0.0	74.82209294090427	0.46263262531024063	0.0	0.0	0.0	0.0	0.0
GSM4138110_HNSCC_1_PBMC_CTAGCCTAGCCAACAG	92.41032623055209	111.14804756713042	58.775271153648	0.0	4.701455114984217	0.0	0.0	0.0	0.0	0.0
GSM4138110_HNSCC_1_PBMC_CTCAGAATCGAATGGG	119.84320365980506	71.14746278159058	127.93860546965608	0.0	34.29436604777791	0.0	0.0	0.0	0.0	0.0
GSM4138110_HNSCC_1_PBMC_CTCCTAGCAAGTCTGT	164.2778988524335	82.59595057503381	69.8361012237933	0.0	0.0	0.0	0.0	0.0	0.0	0.0
GSM4138110_HNSCC_1_PBMC_CTCGGAGAGCAGGTCA	130.49606040798744	125.23474014316778	19.9469517254173	69.471546486495	0.0	0.0	0.0	0.0	0.0	0.0
GSM4138110_HNSCC_1_PBMC_CTCGTACTCAGCAACT	111.8203875626464	181.4414530195717	120.89123678665591	0.0	0.0	0.0	0.0	0.0	0.0	0.0
GSM4138110_HNSCC_1_PBMC_CTCGTCAAGCTCTCGG	171.7397277445703	0.0	100.84277259239391	81.20651296134754	220.3536195475125	0.0	0.0	0.0	0.0	0.0
GSM4138110_HNSCC_1_PBMC_CTCTACGCAGATCGGA	47.89372776565995	0.0	0.0	39.69154982032093	58.593220320969955	0.0	0.0	0.0	0.0	0.0
GSM4138110_HNSCC_1_PBMC_CTCTGGTAGACAGGCT	54.681070210310395	0.0	0.0	96.58477106320893	49.219433291779154	0.0	0.0	0.0	0.0	0.0
GSM4138110_HNSCC_1_PBMC_CTCTGGTCACAGCCCA	161.15463595742315	110.46207200794538	0.0	126.90540072195459	0.0	0.0	0.0	0.0	0.0	0.0
GSM4138110_HNSCC_1_PBMC_CTGAAACCAGCCTTGG	88.77533137555584	0.0	75.16585289315084	0.0	96.69424918741814	0.0	0.0	0.0	0.0	0.0
GSM4138110_HNSCC_1_PBMC_CTGAAACCAGTATGCT	101.81790996027742	63.00688029376141	0.0	111.42842373128079	0.0	0.0	0.0	0.0	0.0	0.0
GSM4138110_HNSCC_1_PBMC_CTGAAGTCAGCTGCTG	134.05561490398776	62.101195463026095	82.67464849202632	0.0	0.0	0.0	0.0	0.0	0.0	0.0
GSM4138110_HNSCC_1_PBMC_CTGAAGTGTTCTCATT	104.0834783623542	0.0	0.0	47.60597148036566	87.25306302966725	0.0	0.0	0.0	0.0	0.0
GSM4138110_HNSCC_1_PBMC_CTGTTTACAAAGGTGC	101.99503621883957	41.08404112060837	67.02950958310532	0.0	59.334256885531865	0.0	0.0	0.0	0.0	0.0
GSM4138110_HNSCC_1_PBMC_CTTAACTGTGACGCCT	61.8430175395425	0.0	17.093407008827946	0.0	78.31401923197089	77.76509400029151	0.0	0.0	0.0	0.0
GSM4138110_HNSCC_1_PBMC_CTTAGGAAGGTGATTA	225.29200297219964	170.89858001846181	185.66804770819505	0.0	0.0	0.0	0.0	0.0	0.0	0.0
GSM4138110_HNSCC_1_PBMC_CTTAGGACAGAGTGTG	96.10649739408198	76.05144367411413	0.0	59.8389177089636	0.0	0.0	0.0	0.0	0.0	0.0
GSM4138110_HNSCC_1_PBMC_CTTGGCTCAAAGCGGT	140.15625274829281	107.2577480972748	0.0	120.59993768210325	0.0	0.0	0.0	0.0	0.0	0.0
GSM4138110_HNSCC_1_PBMC_GAAACTCGTCTTCTCG	192.3573752797788	148.50536864557097	0.0	105.59101411632247	0.0	0.0	0.0	0.0	0.0	0.0
GSM4138110_HNSCC_1_PBMC_GAAATGAAGAGCAATT	67.38641634840091	66.02426287896803	52.58035536384368	0.0	0.0	0.0	0.0	0.0	0.0	0.0
GSM4138110_HNSCC_1_PBMC_GAACATCTCGGTTAAC	111.67642531981198	86.47503788454006	0.0	65.94937386887115	0.0	0.0	0.0	0.0	0.0	0.0
GSM4138110_HNSCC_1_PBMC_GAACCTATCGGCCGAT	104.83813220139668	0.0	58.32164004717238	0.0	110.24265694071879	0.0	14.78549828438487	0.0	0.0	0.0
GSM4138110_HNSCC_1_PBMC_GAATGAAGTTGGACCC	54.31038675939548	66.69140541121283	42.01426708248489	0.0	7.744170909882939	0.0	0.0	0.0	0.0	0.0
GSM4138110_HNSCC_1_PBMC_GACAGAGAGAGCCTAG	87.65892900160722	1.9863493573470925	51.9108685689638	0.0	52.08293355428272	0.0	0.0	0.0	0.0	0.0
GSM4138110_HNSCC_1_PBMC_GACTAACAGGCAGGTT	109.12662390589315	128.23619441214356	138.41760398361308	0.0	0.0	0.0	0.0	0.0	0.0	0.0
GSM4138110_HNSCC_1_PBMC_GACTGCGGTATCTGCA	113.89066973571413	57.99165313277134	55.59338411908696	0.0	0.0	0.0	0.0	0.0	0.0	0.0
GSM4138110_HNSCC_1_PBMC_GACTGCGTCTAAGCCA	116.35357340951643	122.68234159288744	95.0099920190816	0.0	0.0	0.0	0.0	0.0	0.0	0.0
GSM4138110_HNSCC_1_PBMC_GATCGATGTGCTGTAT	190.3192294165819	142.16580200138978	0.0	73.59242325120522	0.0	0.0	0.0	0.0	0.0	0.0
GSM4138110_HNSCC_1_PBMC_GATCTAGAGGGCTCTC	99.53600444866125	37.79410842914079	0.0	63.07635022120544	57.81323256970135	0.0	0.0	0.0	0.0	0.0
GSM4138110_HNSCC_1_PBMC_GATCTAGCAAACCTAC	135.73350807775188	134.5581784941948	99.91305547228723	0.0	0.0	0.0	0.0	0.0	0.0	0.0
GSM4138110_HNSCC_1_PBMC_GATGAAAAGAAGGGTA	67.77532139627426	54.10598767612038	68.28356456099577	0.0	0.0	0.0	0.0	0.0	0.0	0.0
GSM4138110_HNSCC_1_PBMC_GATGCTAGTATGGTTC	109.45723306944166	0.0	0.0	111.56566567187696	94.63973774777699	0.0	0.0	0.0	0.0	0.0
GSM4138110_HNSCC_1_PBMC_GATTCAGAGCTATGCT	149.056776941351	114.38209760805628	74.93814557637332	89.2477389355942	0.0	0.0	0.0	0.0	0.0	0.0
GSM4138110_HNSCC_1_PBMC_GCACATACATGAACCT	142.85220425138544	79.46548079965126	0.0	99.70258826428928	0.0	0.0	0.0	0.0	0.0	0.0
GSM4138110_HNSCC_1_PBMC_GCACATAGTCTTCTCG	135.60900565519754	88.2602442721112	107.04333767936086	0.0	0.0	0.0	0.0	0.0	0.0	0.0
GSM4138110_HNSCC_1_PBMC_GCAGTTATCCTACAGA	69.9067845531054	28.79737172412365	56.62272774302545	0.0	0.0	0.0	0.0	0.0	0.0	0.0
GSM4138110_HNSCC_1_PBMC_GCATACAAGACACGAC	152.95663960113373	155.39294983201958	0.0	121.69308256854487	0.0	0.0	0.0	0.0	0.0	0.0
GSM4138110_HNSCC_1_PBMC_GCATGTATCTCATTCA	85.81150842665865	58.131371792114074	61.0757624655959	0.0	0.0	0.0	0.0	0.0	0.0	0.0
GSM4138110_HNSCC_1_PBMC_GCGAGAATCTATCCTA	82.93966456472403	96.30861637019234	63.39251354731048	0.0	0.0	0.0	0.0	0.0	0.0	0.0
GSM4138110_HNSCC_1_PBMC_GCGCAACCAGTACACT	98.08881127533633	0.0	55.756747473747986	0.0	68.12584439572599	0.0	0.0	0.0	0.0	0.0
GSM4138110_HNSCC_1_PBMC_GCGCAACTCACCGTAA	128.37396122968417	25.79849195896041	0.0	76.05965453697809	27.74955558666136	0.0	0.0	0.0	0.0	0.0
GSM4138110_HNSCC_1_PBMC_GCGGGTTTCTGTACGA	126.5875963112615	89.08854908029417	103.53113694253557	0.0	0.0	0.0	0.0	0.0	0.0	0.0
GSM4138110_HNSCC_1_PBMC_GCTGCAGCACAACGCC	86.4733371721332	0.0	0.0	79.6219531301085	76.78834012506151	0.0	0.0	0.0	0.0	0.0
GSM4138110_HNSCC_1_PBMC_GGAACTTCAACTGGCC	90.07916389753692	107.90317164987499	63.06974268345019	59.70853445413645	0.0	0.0	0.0	0.0	0.0	0.0
GSM4138110_HNSCC_1_PBMC_GGAATAAAGAACAATC	77.53707944262217	67.18650928233912	83.47782206790367	0.0	0.0	0.0	0.0	0.0	0.0	0.0
GSM4138110_HNSCC_1_PBMC_GGACATTCACGGTTTA	95.51062575230402	54.34363360261567	0.0	102.46145788838237	31.74481177109053	0.0	0.0	0.0	0.0	0.0
GSM4138110_HNSCC_1_PBMC_GGCTCGATCCGCGTTT	78.16506096075219	70.37437801669705	60.95785655878261	0.0	0.0	0.0	0.0	0.0	0.0	0.0
GSM4138110_HNSCC_1_PBMC_GGGACCTAGCCAGGAT	99.25918644145759	60.13578028136226	0.0	80.08056599247189	32.239269565059075	0.0	0.0	0.0	0.0	0.0
GSM4138110_HNSCC_1_PBMC_GGGACCTCAGTCACTA	144.97821923340803	130.14773789748438	0.0	178.77526824441696	0.0	0.0	0.0	0.0	0.0	0.0
GSM4138110_HNSCC_1_PBMC_GGGAGATGTGTGCGTC	96.92465937748227	20.873705045633344	0.0	90.84430916245181	36.06371567902758	0.0	0.0	0.0	0.0	0.0
GSM4138110_HNSCC_1_PBMC_GGGAGATTCACGATGT	56.43603075278425	102.98365024003638	38.820258916279656	0.0	0.0	0.0	0.0	0.0	0.0	0.0
GSM4138110_HNSCC_1_PBMC_GGGTTGCGTCCGAAGA	144.58879146718175	107.31343089178277	10.635280522144269	70.26124001841816	0.0	0.0	0.0	0.0	0.0	0.0
GSM4138110_HNSCC_1_PBMC_GGTGAAGTCGCTTGTC	103.75205926641324	108.74085374422289	53.223712664892616	34.56739151772698	0.0	0.0	0.0	0.0	0.0	0.0
GSM4138110_HNSCC_1_PBMC_GGTGTTACAAACGCGA	150.30995737602663	0.0	0.0	70.83733475203549	86.23388763460639	0.0	0.0	0.0	0.0	0.0
GSM4138110_HNSCC_1_PBMC_GTAACTGTCTTCGAGA	93.87238056441528	112.72664582359805	24.034167855967276	60.05920240286537	0.0	0.0	0.0	0.0	0.0	0.0
GSM4138110_HNSCC_1_PBMC_GTAGGCCAGGTGTGGT	105.48047135856373	65.30319293936886	0.0	61.85425165772557	0.0	0.0	0.0	0.0	0.0	0.0
GSM4138110_HNSCC_1_PBMC_GTAGTCACAGATCCAT	95.4461549672259	82.58026258628378	95.58970839630601	0.0	0.0	0.0	0.0	0.0	0.0	0.0
GSM4138110_HNSCC_1_PBMC_GTAGTCAGTGGGTCAA	74.1195796403484	0.0	61.55511261227247	0.0	53.84964739339001	0.0	0.0	0.0	0.0	0.0
GSM4138110_HNSCC_1_PBMC_GTATTCTAGGGTTTCT	154.27839753085925	110.60664768142759	0.0	63.42533162685802	0.0	0.0	0.0	0.0	0.0	0.0
GSM4138110_HNSCC_1_PBMC_GTATTCTTCCAAACTG	120.62950721439155	0.0	0.0	103.88601584802653	105.72892203882982	0.0	0.0	0.0	0.0	0.0
GSM4138110_HNSCC_1_PBMC_GTCGTAACAGGAACGT	90.95928799776564	77.53971940155398	0.0	58.608008816413246	0.0	0.0	0.0	0.0	0.0	0.0
GSM4138110_HNSCC_1_PBMC_GTCGTAAGTATGAAAC	87.22801873641963	53.74810100952389	38.70845955668628	38.083952040200614	3.209084119371615	0.0	0.0	0.0	0.0	0.0
GSM4138110_HNSCC_1_PBMC_GTCTCGTGTACGCACC	115.88287969910574	121.99657742551794	0.0	32.53720841797953	0.0	0.0	0.0	0.0	0.0	0.0
GSM4138110_HNSCC_1_PBMC_GTGGGTCAGAATGTGT	96.66098634860595	51.73033149923163	48.764410552005415	0.0	0.0	0.0	0.0	0.0	0.0	0.0
GSM4138110_HNSCC_1_PBMC_GTTCATTGTAGCTGCC	125.14527419399072	93.90119809854994	138.70615525530368	0.0	0.0	0.0	0.0	0.0	0.0	0.0
GSM4138110_HNSCC_1_PBMC_GTTCATTTCCGCGGTA	120.3968787643695	93.03858443090422	105.54827630639332	0.0	0.0	0.0	0.0	0.0	0.0	0.0
GSM4138110_HNSCC_1_PBMC_GTTCTCGCACTATCTT	101.23896570240916	90.71006844428332	58.66890006169993	0.0	0.0	0.0	0.0	0.0	0.0	0.0
GSM4138110_HNSCC_1_PBMC_GTTCTCGTCAGAGACG	132.15164038971457	68.54563208009104	0.0	65.26171509445558	0.0	0.0	0.0	0.0	0.0	0.0
GSM4138110_HNSCC_1_PBMC_TAAGCGTAGGTGCTTT	219.53215784332056	13.426043757719558	158.01382384769317	0.0	136.31911203678482	0.0	0.0	0.0	0.0	0.0
GSM4138110_HNSCC_1_PBMC_TACAGTGGTCATCGGC	154.66881007674436	109.41218234819348	146.63547096570522	0.0	0.0	0.0	0.0	0.0	0.0	0.0
GSM4138110_HNSCC_1_PBMC_TACCTTATCACGATGT	110.74695539913746	144.83025743364993	84.1452594223099	15.80967902235856	0.0	0.0	0.0	0.0	0.0	0.0
GSM4138110_HNSCC_1_PBMC_TACGGATTCTAACTTC	148.10002998296747	11.579361402421757	0.0	64.06693141715073	35.39804485715567	0.0	0.0	0.0	0.0	0.0
GSM4138110_HNSCC_1_PBMC_TACTTGTAGTCATCCA	134.495680999214	58.0646580519845	103.63343098195274	0.0	0.0	0.0	0.0	0.0	0.0	0.0
GSM4138110_HNSCC_1_PBMC_TACTTGTTCAGAGCTT	126.59591286249743	83.8701249559847	121.10484445171059	0.0	0.0	0.0	0.0	0.0	0.0	0.0
GSM4138110_HNSCC_1_PBMC_TAGACCAGTCCGAGTC	111.68213252418417	0.0	0.0	103.9803111055128	95.94021732471909	0.0	0.0	0.0	0.0	0.0
GSM4138110_HNSCC_1_PBMC_TAGAGCTGTTCCCTTG	101.82988927334864	66.55457405825938	61.95288850021524	16.178717284333388	0.16025453672022605	0.0	0.0	0.0	0.0	0.0
GSM4138110_HNSCC_1_PBMC_TATCTCACACGGCGTT	122.68726358232148	0.0	0.0	90.17467457314042	108.4220254564312	0.0	0.0	0.0	0.0	0.0
GSM4138110_HNSCC_1_PBMC_TATCTCATCAACGGGA	166.2687108200716	101.39629492907294	127.53232770728884	0.0	0.0	0.0	0.0	0.0	0.0	0.0
GSM4138110_HNSCC_1_PBMC_TCACGAATCTGTCCGT	143.05638175730036	79.11953152402728	0.0	111.3230467416327	0.0	0.0	0.0	0.0	0.0	0.0
GSM4138110_HNSCC_1_PBMC_TCAGATGTCCGCGTTT	98.17783161469744	96.36023706935337	0.0	69.01656982540014	0.0	0.0	0.0	0.0	0.0	0.0
GSM4138110_HNSCC_1_PBMC_TCAGCAAAGGCGCTCT	57.36890720850771	160.239407575097	0.0	0.0	0.0	0.0	67.34574026597545	0.0	0.0	0.0
GSM4138110_HNSCC_1_PBMC_TCATTACAGCGCTCCA	175.2061712707334	64.77175752266238	0.0	97.08635492868223	0.0	0.0	0.0	0.0	0.0	0.0
GSM4138110_HNSCC_1_PBMC_TCCCGATAGTGGAGAA	66.3635591133341	0.0	0.0	64.28517018094146	73.23661502151103	0.0	0.0	0.0	0.0	0.0
GSM4138110_HNSCC_1_PBMC_TCGCGAGGTAGCACGA	134.99823922539173	129.97783449314244	128.2420859507756	0.0	0.0	0.0	0.0	0.0	0.0	0.0
GSM4138110_HNSCC_1_PBMC_TCGGGACTCAACGAAA	93.34411601345032	0.0	0.0	83.84325167968454	99.98099043503983	0.0	0.0	0.0	0.0	0.0
GSM4138110_HNSCC_1_PBMC_TCGGGACTCGAGAGCA	149.99489212933557	157.3491211248576	22.187374960657724	107.09942358585245	0.0	0.0	0.0	0.0	0.0	0.0
GSM4138110_HNSCC_1_PBMC_TCGGTAATCACTCTTA	80.67264520579171	88.14675587684164	0.0	110.99193507385237	0.0	0.0	0.0	0.0	0.0	0.0
GSM4138110_HNSCC_1_PBMC_TCGTACCTCCGCAAGC	177.29859436897632	0.0	0.0	156.2726624780959	303.62592507464984	0.0	0.0	0.0	0.0	0.0
GSM4138110_HNSCC_1_PBMC_TCGTACCTCTGCCCTA	212.7704112435258	103.76669683437495	0.0	190.71303614772245	52.01494212067708	0.0	0.0	0.0	0.0	0.0
GSM4138110_HNSCC_1_PBMC_TCTATTGGTCTAAAGA	90.88890636408168	38.81538018602917	0.0	95.73686082151677	34.84598772922815	0.0	0.0	0.0	0.0	0.0
GSM4138110_HNSCC_1_PBMC_TCTATTGGTTGGTTTG	141.53015318370396	67.84751630862078	81.3421686819791	0.0	0.0	0.0	0.0	0.0	0.0	0.0
GSM4138110_HNSCC_1_PBMC_TCTATTGTCTGCAGTA	104.24800564984251	0.0	40.91955316054169	0.0	57.52457876584466	0.0	0.0	0.0	0.0	0.0
GSM4138110_HNSCC_1_PBMC_TCTGAGACAGATAATG	132.0693988124235	0.0	121.58168078449727	0.0	113.20177317856974	0.0	0.0	0.0	0.0	0.0
GSM4138110_HNSCC_1_PBMC_TCTGAGAGTAAGAGAG	124.60814306283629	0.0	0.0	74.19209272472318	82.42920149677975	0.0	0.0	0.0	0.0	0.0
GSM4138110_HNSCC_1_PBMC_TCTGAGATCCTTTCTC	101.51093197750181	78.86749468203791	0.0	117.40564731330464	0.0	0.0	0.0	0.0	0.0	0.0
GSM4138110_HNSCC_1_PBMC_TCTGGAATCTCAAACG	93.09552634502016	74.85047069930552	120.50469652559201	0.0	0.0	0.0	0.0	0.0	0.0	0.0
GSM4138110_HNSCC_1_PBMC_TCTTTCCAGTGGGCTA	95.41277390012296	78.53548263383271	107.70365934743887	6.991532045857604	0.0	0.0	0.0	0.0	0.0	0.0
GSM4138110_HNSCC_1_PBMC_TGAAAGACACTTCGAA	60.40793045604245	0.0	8.844117524179918	69.67320369564527	37.94922882585932	0.0	0.0	0.0	0.0	0.0
GSM4138110_HNSCC_1_PBMC_TGACAACGTTAAGGGC	126.81435013018181	143.90159066340996	126.40255446035539	0.0	0.0	0.0	0.0	0.0	0.0	0.0
GSM4138110_HNSCC_1_PBMC_TGACGGCAGCGCCTTG	108.79715830656741	61.63416481484433	0.0	172.13644729148334	0.0	0.0	0.0	0.0	0.0	0.0
GSM4138110_HNSCC_1_PBMC_TGACGGCGTTACGACT	125.5562444569658	0.0	0.0	75.66590710886693	71.7643274189696	0.0	0.0	0.0	0.0	0.0
GSM4138110_HNSCC_1_PBMC_TGACGGCTCGGTTCGG	136.3203723707822	51.67818345588644	58.35346260255847	17.39394974213036	51.87203239451144	0.0	0.0	0.0	0.0	0.0
GSM4138110_HNSCC_1_PBMC_TGACTAGAGAACTGTA	47.02337061550083	6.235096025899983	27.12896191277396	53.197612007756774	40.563594145239136	0.0	0.0	0.0	0.0	0.0
GSM4138110_HNSCC_1_PBMC_TGAGCATGTATTCTCT	241.01174799008604	283.3079099760553	0.0	186.3223988210211	0.0	0.0	0.0	0.0	0.0	0.0
GSM4138110_HNSCC_1_PBMC_TGCACCTTCCAGGGCT	215.37656086761316	109.0898935211956	133.73329489182416	0.0	0.0	0.0	0.0	0.0	0.0	0.0
GSM4138110_HNSCC_1_PBMC_TGCCAAATCGCGGATC	142.44305841123563	64.91841542946104	106.23948237993963	0.0	0.0	0.0	0.0	0.0	0.0	0.0
GSM4138110_HNSCC_1_PBMC_TGCCAAATCTTCCTTC	69.9420569011687	78.28953603548409	66.05212357211474	0.0	0.0	0.0	0.0	0.0	0.0	0.0
GSM4138110_HNSCC_1_PBMC_TGCCCATGTGGTCCGT	97.98090981467804	84.50017349150116	0.0	67.65938874621867	0.0	0.0	0.0	0.0	0.0	0.0
GSM4138110_HNSCC_1_PBMC_TGCCCTACAAAGCAAT	120.364906089619	93.51838835073066	105.9475705219787	0.0	0.0	0.0	0.0	0.0	0.0	0.0
GSM4138110_HNSCC_1_PBMC_TGCCCTAGTGTCGCTG	95.99735551903888	0.8645127120389479	0.0	139.72593225477235	93.24626990642089	0.0	0.0	0.0	0.0	0.0
GSM4138110_HNSCC_1_PBMC_TGCGCAGAGGGCATGT	229.5479028248624	173.65950746250195	0.0	146.98792793829628	31.40757961254238	0.0	0.0	0.0	0.0	0.0
GSM4138110_HNSCC_1_PBMC_TGCTACCCACTACAGT	144.65837682427525	133.67781312276705	95.78242395266882	0.0	0.0	0.0	0.0	0.0	0.0	0.0
GSM4138110_HNSCC_1_PBMC_TGCTACCCATTACGAC	100.21028881260203	78.67858189031718	61.968501715471554	0.0	0.0	0.0	0.0	0.0	0.0	0.0
GSM4138110_HNSCC_1_PBMC_TGCTACCTCAACCAAC	89.26629493300439	18.007229241868597	47.21327087015696	0.0	121.65633136548334	0.0	0.0	0.0	0.0	0.0
GSM4138110_HNSCC_1_PBMC_TGGACGCGTCATACTG	162.3165350305123	127.03735442971208	0.0	103.61090113252092	0.0	0.0	0.0	0.0	0.0	0.0
GSM4138110_HNSCC_1_PBMC_TGGCCAGTCCTTAATC	179.8605494139426	0.0	77.50411646747797	0.0	105.58610980446066	0.0	0.0	0.0	0.0	0.0
GSM4138110_HNSCC_1_PBMC_TGGCTGGCAGTCGATT	204.6999037089108	231.27679260665343	125.15678672616373	0.0	0.0	0.0	0.0	0.0	0.0	0.0
GSM4138110_HNSCC_1_PBMC_TGGGAAGCAATGGAGC	108.42302395346651	36.489998479453924	57.513887171800775	0.0	0.0	0.0	0.0	0.0	0.0	0.0
GSM4138110_HNSCC_1_PBMC_TGGGCGTAGGGAGTAA	102.43465317437506	108.0584734045828	65.346810015736	0.0	0.0	0.0	0.0	0.0	0.0	0.0
GSM4138110_HNSCC_1_PBMC_TGGGCGTGTTCGCGAC	136.84393076070202	0.0	39.587873458968545	2.5620895865234647	92.24593606646546	0.0	0.0	0.0	0.0	0.0
GSM4138110_HNSCC_1_PBMC_TGGGCGTTCAACTCTT	28.613482998884237	34.584203458873404	110.1754518757011	0.0	19.963100620451804	0.0	0.0	0.0	0.0	0.0
GSM4138110_HNSCC_1_PBMC_TGGTTAGGTAGAAAGG	91.41249357347762	61.01804021044638	0.0	57.062332662841456	0.0	0.0	0.0	0.0	0.0	0.0
GSM4138110_HNSCC_1_PBMC_TGGTTAGTCGTCCGTT	177.85283381157535	128.49719932650143	99.05891205244119	0.0	0.0	0.0	0.0	0.0	0.0	0.0
GSM4138110_HNSCC_1_PBMC_TTAACTCGTGTTCTTT	65.50618794344098	35.40060342266301	116.96210934948527	0.0	10.382523653708104	0.0	0.0	0.0	0.0	0.0
GSM4138110_HNSCC_1_PBMC_TTAACTCGTTAGTGGG	207.74604634619774	105.90415730294623	0.0	125.7278214789158	0.0	0.0	0.0	0.0	0.0	0.0
GSM4138110_HNSCC_1_PBMC_TTAGGCATCATGTCCC	82.95442397700647	62.07703369996507	64.90679865775846	0.0	0.0	0.0	0.0	0.0	0.0	0.0
GSM4138110_HNSCC_1_PBMC_TTCTACAGTTGTGGAG	48.14849004253825	53.57778862137941	5.760710368399527	52.41668156879259	0.0	0.0	0.0	0.0	0.0	0.0
GSM4138110_HNSCC_1_PBMC_TTCTCAATCCTCTAGC	131.5497695173554	56.21409568124628	131.44671350250417	0.0	38.55080668542896	0.0	0.0	0.0	0.0	0.0
GSM4138110_HNSCC_1_PBMC_TTCTCCTTCCCGACTT	75.17381267453723	100.5130888308501	0.0	39.70176076326519	0.0	0.0	0.0	0.0	0.0	0.0
GSM4138110_HNSCC_1_PBMC_TTGACTTCATGGAATA	107.39754819129594	0.0	0.0	89.7207656225766	76.20938819023917	0.0	0.0	0.0	0.0	0.0
GSM4138110_HNSCC_1_PBMC_TTGACTTTCAGGTAAA	125.77614226368941	108.66534283584583	79.03813493754237	0.0	0.0	0.0	0.0	0.0	0.0	0.0
GSM4138110_HNSCC_1_PBMC_TTGTAGGCAGCGTTCG	66.95375263173167	0.0	39.88359156209225	0.0	39.96023944985921	0.0	0.0	0.0	0.0	0.0
GSM4138110_HNSCC_1_PBMC_TTTACTGGTTCTGGTA	63.74269366014716	66.75273792806215	38.04226727336737	0.0	0.0	0.0	0.0	0.0	0.0	0.0
GSM4138110_HNSCC_1_PBMC_TTTATGCGTTTGTGTG	65.4761831998269	57.603878837857124	71.90507025907422	0.0	0.0	0.0	0.0	0.0	0.0	0.0
GSM4138110_HNSCC_1_PBMC_TTTCCTCCAGATCCAT	134.6588642792174	0.0	0.0	68.78920296092957	79.6242458607538	0.0	0.0	0.0	0.0	0.0
GSM4138110_HNSCC_1_PBMC_TTTCCTCGTTCGCGAC	149.71747159836744	91.32625977799073	0.0	146.51277646247718	0.0	0.0	0.0	0.0	0.0	0.0
GSM4138110_HNSCC_1_PBMC_TTTGCGCCACGAAATA	107.25813488542529	90.09406695476596	76.20044297813412	0.0	0.0	0.0	0.0	0.0	0.0	0.0
GSM4138110_HNSCC_1_PBMC_TTTGCGCGTTTCCACC	45.993030541804586	97.76199466429922	0.0	102.57342327644221	0.0	0.0	0.0	0.0	0.0	0.0
GSM4138110_HNSCC_1_PBMC_TTTGGTTAGAATTGTG	102.86608851333223	36.015530544549065	92.72083036826328	0.0	51.753033932715	0.0	0.0	0.0	0.0	0.0
GSM4138110_HNSCC_1_PBMC_TTTGGTTAGAGCAATT	99.14343978811826	122.35696604000569	137.91416011032624	0.0	0.0	0.0	0.0	0.0	0.0	0.0
GSM4138110_HNSCC_1_PBMC_TTTGGTTGTCCGTGAC	124.96384452899605	0.0	56.99083050092715	0.0	104.00399622343048	0.0	0.0	0.0	0.0	0.0
GSM4138110_HNSCC_1_PBMC_TTTGTCAAGTACGATA	150.99710883703136	120.9449692058692	95.89440677290672	0.0	0.0	0.0	0.0	0.0	0.0	0.0
GSM4138110_HNSCC_1_PBMC_TTTGTCATCAGGCAAG	76.93362201088871	107.47027222055341	124.78791917985151	0.0	0.0	0.0	0.0	0.0	0.0	0.0
GSM4138110_HNSCC_1_PBMC_TTTGTCATCGCGTAGC	85.0487519398603	122.80389956729944	53.50471346701063	6.240860899438163	0.0	0.0	0.0	0.0	0.0	0.0
GSM4138110_HNSCC_1_PBMC_ACGGAGAAGCAGGCTA	129.2176827995297	0.0	0.0	60.24783216072485	120.80608663410598	0.0	0.0	0.0	0.0	0.0
GSM4138110_HNSCC_1_PBMC_ACTATCTGTCGAGTTT	181.11836544602423	0.0	117.98595746373996	0.0	154.38364868711344	0.0	0.0	0.0	0.0	0.0
GSM4138110_HNSCC_1_PBMC_CAGTCCTGTAGAAGGA	129.81950967501606	0.0	0.0	97.27114796666224	85.0976370899217	0.0	0.0	0.0	0.0	0.0
GSM4138110_HNSCC_1_PBMC_CGATGTATCGGTCTAA	107.22756499897116	0.0	0.7597597097181643	55.66341248913422	109.48809711105905	0.0	0.0	0.0	0.0	0.0
GSM4138110_HNSCC_1_PBMC_GACCTGGTCGCCAAAT	127.35229221837093	104.36663416082251	32.40672741833116	69.9646673318321	0.0	0.0	0.0	0.0	0.0	0.0
GSM4138110_HNSCC_1_PBMC_TACGGTACATGGTCAT	204.54546475684884	175.81359262755683	0.0	148.19145907374912	0.0	0.0	0.0	0.0	0.0	0.0
GSM4138110_HNSCC_1_PBMC_TTAGTTCTCGCGGATC	88.48053055239158	79.94310355890767	0.0	54.53666694817	0.0	0.0	0.0	0.0	0.0	0.0
GSM4138110_HNSCC_1_PBMC_AAAGCAACACGCGAAA	191.57465048482447	160.32677669070512	0.0	179.70161598241936	0.0	0.0	0.0	0.0	0.0	0.0
GSM4138110_HNSCC_1_PBMC_AACTTTCGTGTATGGG	101.49972524954549	79.04756883862883	0.0	36.79500925872591	0.0	0.0	0.0	0.0	0.0	0.0
GSM4138110_HNSCC_1_PBMC_AAGGAGCAGGGAAACA	171.5010301081153	95.79381988293396	0.0	63.944987128448254	0.0	0.0	0.0	0.0	0.0	0.0
GSM4138110_HNSCC_1_PBMC_AATCGGTGTAATCACC	160.5504133539952	109.75999935578409	134.03761756315924	0.0	0.0	0.0	0.0	0.0	0.0	0.0
GSM4138110_HNSCC_1_PBMC_ATAACGCTCACAACGT	424.5318922681615	0.0	208.88347621278862	0.0	217.39566420348342	0.0	0.0	0.0	0.0	0.0
GSM4138110_HNSCC_1_PBMC_ATCATCTTCTGGCGAC	306.08717950211053	288.3737647731948	142.98001072711065	0.0	0.0	0.0	0.0	0.0	0.0	0.0
GSM4138110_HNSCC_1_PBMC_ATCCGAATCGTTTATC	194.0645978885328	182.713125185538	87.94719672462585	0.0	0.0	0.0	0.0	0.0	0.0	0.0
GSM4138110_HNSCC_1_PBMC_ATGCGATTCGTGGGAA	217.77696995346332	168.13278678804286	0.0	103.89039326757901	0.0	0.0	0.0	0.0	0.0	0.0
GSM4138110_HNSCC_1_PBMC_CAAGAAATCAGGCAAG	103.67653424642506	97.42473934588864	0.0	87.55429407383757	0.0	0.0	0.0	0.0	0.0	0.0
GSM4138110_HNSCC_1_PBMC_CACAGGCCACACCGAC	263.35272505703483	302.1569738321198	84.73916884578131	107.07202221712805	0.0	0.0	0.0	0.0	0.0	0.0
GSM4138110_HNSCC_1_PBMC_CACTCCATCTGTACGA	73.25522098621713	94.2390690914381	0.0	62.76396398439145	0.0	0.0	0.0	0.0	0.0	0.0
GSM4138110_HNSCC_1_PBMC_CCTTCCCTCGCCTGTT	87.68189872179508	65.57573765563806	53.35986534810669	0.0	0.0	0.0	0.0	0.0	0.0	0.0
GSM4138110_HNSCC_1_PBMC_CGATTGAAGACTAAGT	209.28691356886432	79.59161619519419	0.0	83.68665176667724	65.68411456452304	0.0	0.0	0.0	0.0	0.0
GSM4138110_HNSCC_1_PBMC_CGGACGTTCTGAGTGT	77.34170777009858	12.342847176074605	99.8571267733274	7.704255476240161	31.601518119115855	0.0	0.0	0.0	0.0	0.0
GSM4138110_HNSCC_1_PBMC_CGGGTCATCCCAACGG	95.56404722692476	75.17618549627284	61.5989893226261	0.0	0.0	0.0	0.0	0.0	0.0	0.0
GSM4138110_HNSCC_1_PBMC_CTCGAGGCATAGACTC	225.2109163013642	204.28832688592934	0.0	149.2985520611683	0.0	0.0	0.0	0.0	0.0	0.0
GSM4138110_HNSCC_1_PBMC_CTCGTCACAATAAGCA	227.99035783781545	165.46828333591043	113.52221237681113	0.0	0.0	0.0	0.0	0.0	0.0	0.0
GSM4138110_HNSCC_1_PBMC_CTGATCCTCTTTAGGG	209.96068423747784	22.68676129001625	113.95113423170751	0.0	95.52304036689544	0.0	0.0	0.0	0.0	0.0
GSM4138110_HNSCC_1_PBMC_CTGTGCTTCTAACGGT	159.31259185283804	93.2973199062901	107.78351152228768	0.0	43.20005026949575	0.0	0.0	0.0	0.0	0.0
GSM4138110_HNSCC_1_PBMC_CTGTGCTTCTATCGCC	164.0840419639989	0.0	0.0	127.08155350095707	118.31778203090714	0.0	0.0	0.0	0.0	0.0
GSM4138110_HNSCC_1_PBMC_GACTAACGTCGACTGC	201.44967823258258	0.0	75.90114480299442	0.0	143.1469793661562	0.0	0.0	0.0	0.0	0.0
GSM4138110_HNSCC_1_PBMC_GAGGTGATCGTCCGTT	166.49871854115955	0.0	122.65564285695352	0.0	229.8377863988537	0.0	0.0	0.0	0.0	0.0
GSM4138110_HNSCC_1_PBMC_GATCAGTAGTGTACTC	156.04929158450093	118.20766977322317	0.0	130.092751232305	0.0	0.0	0.0	0.0	0.0	0.0
GSM4138110_HNSCC_1_PBMC_GCTCTGTAGTATCTCG	366.9627134581843	397.8123275883586	336.2553587650594	0.0	0.0	29.958521733385457	0.0	0.0	0.0	0.0
GSM4138110_HNSCC_1_PBMC_GGAACTTTCCGATATG	160.96504598666488	0.0	0.0	102.81278520391083	119.68998860502565	0.0	0.0	0.0	0.0	0.0
GSM4138110_HNSCC_1_PBMC_GGACAGAAGCCATCGC	207.2717544600138	125.67645707728059	132.13508456651056	0.0	0.0	0.0	0.0	0.0	0.0	0.0
GSM4138110_HNSCC_1_PBMC_GGATGTTGTGCAGTAG	186.78770243733746	0.0	83.3470589337423	0.0	124.36944754827677	0.0	0.0	0.0	0.0	0.0
GSM4138110_HNSCC_1_PBMC_GTAACTGCAGCTGTTA	142.71675532223205	0.0	0.0	99.67897982989483	126.61209451442141	0.0	0.0	0.0	0.0	0.0
GSM4138110_HNSCC_1_PBMC_GTATTCTAGTAATCCC	298.01448431043633	198.33070098043908	115.72907830005273	28.771920344963153	0.0	0.0	0.0	0.0	0.0	0.0
GSM4138110_HNSCC_1_PBMC_GTGCAGCAGTCAAGCG	0.0	2994.9449590328586	0.0	0.0	102.53793663009832	0.0	0.0	0.0	0.0	0.0
GSM4138110_HNSCC_1_PBMC_GTGCATACACAGGCCT	144.24952143803478	0.0	137.5169648661471	0.0	171.6937051481805	0.0	0.0	0.0	0.0	0.0
GSM4138110_HNSCC_1_PBMC_TACTCGCGTTTAGCTG	137.30478141410939	90.40440691374828	152.93583337060537	0.0	10.001665589589576	0.0	0.0	0.0	0.0	0.0
GSM4138110_HNSCC_1_PBMC_TACTTACGTTATGCGT	120.8618249716056	149.8403390737874	0.0	125.67996984000834	0.0	0.0	0.0	0.0	0.0	0.0
GSM4138110_HNSCC_1_PBMC_TAGCCGGGTTCAACCA	159.8147645436613	137.46423246428756	0.0	70.61417315625891	0.0	0.0	0.0	0.0	0.0	0.0
GSM4138110_HNSCC_1_PBMC_TCAGCAATCCCAAGAT	303.5796701658186	156.4702131440803	175.47380944560405	0.0	0.0	0.0	0.0	0.0	0.0	0.0
GSM4138110_HNSCC_1_PBMC_TGACGGCGTTGAGTTC	378.1562071498538	329.6974162358939	0.0	0.0	0.0	0.0	0.0	0.0	327.4381285380722	0.0
GSM4138110_HNSCC_1_PBMC_TTGCGTCGTACTTCTT	222.05657251299456	133.64352618962255	40.47371989226429	59.19510682464263	0.0	0.0	0.0	0.0	0.0	0.0
GSM4138110_HNSCC_1_PBMC_TTTGTCAGTTAAGATG	117.32751881491558	20.842003151861775	94.20936386943805	0.0	57.72034295602957	0.0	0.0	0.0	0.0	0.0
GSM4138110_HNSCC_1_PBMC_ACGCAGCTCGTCACGG	226.37418893069295	143.8161849760441	160.09126856258072	0.0	21.40188825071229	0.0	0.0	0.0	0.0	0.0
GSM4138110_HNSCC_1_PBMC_ATCATCTAGGAATCGC	162.81100065749698	138.2115995849344	164.07296977192217	0.0	0.0	0.0	0.0	0.0	0.0	0.0
GSM4138110_HNSCC_1_PBMC_TCAACGAGTTACGGAG	476.72472897420744	0.0	263.91216244454915	0.0	293.108999208639	0.0	0.0	0.0	0.0	0.0
GSM4138110_HNSCC_1_PBMC_AAACCTGGTCTCCCTA	253.40207248948388	0.0	0.0	0.0	249.4464314565228	0.0	0.0	309.2008912642625	0.0	0.0
GSM4138110_HNSCC_1_PBMC_ACACCGGAGTACACCT	330.49693149194326	0.0	308.8953184999439	0.0	269.00689961759696	0.0	0.0	0.0	0.0	0.0
GSM4138110_HNSCC_1_PBMC_ACTGCTCGTGGTCCGT	271.39889224225146	244.26242287131436	255.92280191215568	0.0	0.0	0.0	0.0	0.0	0.0	0.0
GSM4138110_HNSCC_1_PBMC_AGCTCTCGTTAGTGGG	302.30894282299585	332.6404801922428	0.0	234.66358153428584	0.0	0.0	0.0	0.0	0.0	0.0
GSM4138110_HNSCC_1_PBMC_ATGGGAGAGGATGCGT	254.0404886132549	354.37912000853265	0.0	0.0	0.0	0.0	366.18497065900993	0.0	0.0	0.0
GSM4138110_HNSCC_1_PBMC_ATTATCCTCGGAAATA	353.6762465651139	17.57096018279125	0.0	205.73596514980844	259.16663390088223	0.0	0.0	0.0	0.0	0.0
GSM4138110_HNSCC_1_PBMC_CATCAGATCGCAAACT	305.8097393981874	0.0	0.0	229.87019841652412	265.6696562050539	0.0	0.0	0.0	0.0	0.0
GSM4138110_HNSCC_1_PBMC_CGTAGCGCATGCAACT	383.46487244799994	386.5626996834247	0.0	200.9323237383817	0.0	0.0	0.0	0.0	0.0	0.0
GSM4138110_HNSCC_1_PBMC_CGTCACTTCACGAAGG	411.2339463248166	0.0	323.595801838047	0.0	239.94330050695905	0.0	0.0	0.0	0.0	0.0
GSM4138110_HNSCC_1_PBMC_GCATACACACCAGCAC	227.31899839848276	295.59374797103544	48.72680266918947	0.0	0.0	0.0	207.67427381848617	0.0	0.0	0.0
GSM4138110_HNSCC_1_PBMC_GCGACCAGTCGATTGT	308.8320818233491	293.0094459810389	0.0	245.23870397632354	0.0	0.0	0.0	0.0	0.0	0.0
GSM4138110_HNSCC_1_PBMC_TACTTACTCGGCGCAT	87.80240672847815	0.0	94.95081338037338	0.0	56.89256946431624	0.0	17.142790112540656	0.0	0.0	0.0
GSM4138110_HNSCC_1_PBMC_ACCGTAAGTTACGTCA	134.5483296702089	161.90526874890313	222.74550190958777	0.0	0.0	0.0	0.0	0.0	0.0	0.0
GSM4138110_HNSCC_1_PBMC_ATCCACCAGACAGACC	99.33810699947135	135.61108299422358	0.0	0.0	0.0	0.0	0.0	125.10989090619894	0.0	0.0
GSM4138110_HNSCC_1_PBMC_ATGAGGGGTATATGGA	325.39409993829673	395.66989386662146	218.1742267981999	46.75196610446981	0.0	0.0	0.0	0.0	0.0	0.0
GSM4138110_HNSCC_1_PBMC_CACCAGGGTCAGAATA	141.05002455459908	286.8226985279877	4.472711074623656	155.84518505448045	0.0	0.0	0.0	0.0	0.0	0.0
GSM4138110_HNSCC_1_PBMC_CAGCAGCTCAAAGTAG	171.56621030327884	27.931451852778377	126.48259114588768	0.0	140.5054571921298	0.0	0.0	0.0	0.0	0.0
GSM4138110_HNSCC_1_PBMC_CATCCACCAGTAACGG	124.27282422749138	214.89897502304407	217.479604515022	0.0	0.0	0.0	0.0	0.0	0.0	0.0
GSM4138110_HNSCC_1_PBMC_CCTTTCTCATCCTAGA	232.94372031327222	137.14901572577568	0.0	176.32971393433624	0.0	0.0	0.0	0.0	0.0	0.0
GSM4138110_HNSCC_1_PBMC_CGTAGGCTCTACCAGA	150.32655971143188	178.50042391873612	0.0	0.0	0.0	0.0	0.0	195.48708625927745	0.0	0.0
GSM4138110_HNSCC_1_PBMC_CTGCCTAAGGACATTA	90.20279254721939	162.35589415456226	0.0	151.28805015109504	0.0	13.499803328160978	0.0	0.0	0.0	0.0
GSM4138110_HNSCC_1_PBMC_CTTTGCGGTGGTCCGT	151.64071207452528	0.0	0.0	0.0	157.77205538221824	35.121982022277805	0.0	94.62492927445322	0.0	0.0
GSM4138110_HNSCC_1_PBMC_GAAACTCAGACAAGCC	210.26473623030327	148.99854871237795	199.48067344637715	0.0	0.0	0.0	0.0	0.0	0.0	0.0
GSM4138110_HNSCC_1_PBMC_GACCAATAGCCCGAAA	230.6875299862579	315.051654871552	241.2097729765116	0.0	0.0	0.0	0.0	0.0	0.0	0.0
GSM4138110_HNSCC_1_PBMC_GACCAATAGGGCTCTC	282.1337515184214	25.721231642487037	0.0	6.262677813113019	168.98366089133222	159.95365068583155	0.0	0.0	0.0	0.0
GSM4138110_HNSCC_1_PBMC_GATGCTATCCTCTAGC	253.46298730118545	0.0	174.53947453220496	0.0	259.2291048202542	0.0	0.0	0.0	0.0	0.0
GSM4138110_HNSCC_1_PBMC_GCTGCGATCCCGACTT	75.02124532445384	104.09374237222788	98.13108179906685	23.77820139129836	0.0	0.0	0.0	0.0	0.0	0.0
GSM4138110_HNSCC_1_PBMC_GTTACAGCAAGTTGTC	154.89751571350962	169.95486790256493	87.45148228513096	0.0	0.0	0.0	0.0	0.0	0.0	0.0
GSM4138110_HNSCC_1_PBMC_TAGGCATTCAGCGACC	163.43473350852722	0.0	0.0	0.0	222.3856989340908	190.81270148552593	0.0	0.0	0.0	0.0
GSM4138110_HNSCC_1_PBMC_TCGTACCTCCATGAAC	88.5280599737033	127.61819781237443	0.0	0.0	0.0	110.41821491799091	0.0	205.46938936259133	0.0	0.0
GSM4138110_HNSCC_1_PBMC_TGCGCAGAGAGTCGGT	239.84951684153293	123.53721946771279	159.3772839726519	0.0	0.0	0.0	0.0	0.0	0.0	0.0
GSM4138110_HNSCC_1_PBMC_TTGCCGTTCCTATTCA	187.61738633504237	235.64926589329087	0.0	0.0	0.0	0.0	0.0	0.0	0.0	229.46793178137003
GSM4138110_HNSCC_1_PBMC_TTTACTGAGTCCCACG	166.48645023503968	192.52304738213743	171.587418586223	0.0	35.24061748307269	0.0	0.0	0.0	0.0	0.0
GSM4138110_HNSCC_1_PBMC_ACGGGTCGTCTTGATG	94.95900980103558	85.7296670504948	0.0	99.9677164538502	0.0	0.0	0.0	0.0	0.0	0.0
GSM4138110_HNSCC_1_PBMC_AGTGAGGAGGAATCGC	87.38747468324269	69.71049452362494	139.12416210574128	0.0	0.0	0.0	0.0	0.0	0.0	0.0
GSM4138110_HNSCC_1_PBMC_ATGTGTGCAAGCTGGA	201.69987000145318	0.0	166.28946473622148	0.0	190.62331602426335	0.0	0.0	0.0	0.0	0.0
GSM4138110_HNSCC_1_PBMC_CGACCTTAGTTACGGG	197.4668243768964	170.17030699335533	190.95207032549612	0.0	0.0	0.0	0.0	0.0	0.0	0.0
GSM4138110_HNSCC_1_PBMC_GCGACCACATGCATGT	189.93533263492498	132.7997702955486	133.48118756440115	0.0	0.0	0.0	0.0	0.0	0.0	0.0
GSM4138110_HNSCC_1_PBMC_GGATTACGTGCATCTA	184.94684647592558	0.0	0.0	129.70083303693195	140.6951622793869	0.0	0.0	0.0	0.0	0.0
GSM4138110_HNSCC_1_PBMC_GTGCAGCCACCAGATT	100.61946350622547	110.12292048456877	90.9759260401469	0.0	0.0	0.0	0.0	0.0	0.0	0.0
GSM4138110_HNSCC_1_PBMC_GTGCGGTTCTATGTGG	226.26452022972583	206.35115246614134	94.49301702066472	0.0	0.0	0.0	0.0	0.0	0.0	0.0
GSM4138110_HNSCC_1_PBMC_GTTCATTTCCCTCTTT	115.4945887952713	137.32566576823714	14.635895663560154	76.01324104648789	0.0	0.0	0.0	0.0	0.0	0.0
GSM4138110_HNSCC_1_PBMC_TCATTACGTAATCACC	131.92183967780622	257.6859452798299	145.93769306235052	0.0	0.0	0.0	0.0	0.0	0.0	0.0
GSM4138110_HNSCC_1_PBMC_TTGCCGTTCAGAAATG	169.05110091284635	99.35473782372021	0.0	127.2643277898841	0.0	0.0	0.0	0.0	0.0	0.0
GSM4138110_HNSCC_1_PBMC_TTTGCGCAGTAGCGGT	263.6064025133584	220.4283920988725	0.0	302.72663378742885	0.0	0.0	0.0	0.0	0.0	0.0
GSM4138110_HNSCC_1_PBMC_TTTGGTTAGCACAGGT	148.68087208778024	173.6178722889095	0.0	151.2471188416305	0.0	0.0	0.0	0.0	0.0	0.0
