	1	2	3	4	5	6	7	8	9	10	11	12	13
GSM4138110_HNSCC_1_PBMC_AAACCTGAGGAGCGTT	78.17428365231343	0.0	0.0	113.66348312554608	0.0	0.0	90.66662405390117	0.0	0.0	0.0	0.0	0.0	0.0
GSM4138110_HNSCC_1_PBMC_AAACCTGCAGATGAGC	96.71061491466325	0.0	12.828979507167624	0.0	76.40257535697289	8.002357978529632	0.0	0.0	88.48653189728634	0.0	0.0	0.0	0.0
GSM4138110_HNSCC_1_PBMC_AACGTTGAGACTGGGT	53.3590100940403	0.0	59.650108877062685	0.0	0.0	0.0	38.40325541136506	0.0	0.0	0.0	0.0	0.0	0.0
GSM4138110_HNSCC_1_PBMC_AACGTTGGTTACGACT	38.44619864614958	0.0	66.82739075998451	85.7469170227191	0.0	0.9775919141048022	13.002058629673993	0.0	0.0	0.0	0.0	0.0	0.0
GSM4138110_HNSCC_1_PBMC_AACGTTGTCTAAGCCA	39.15119771004406	0.0	41.98047175679558	27.062845333370227	0.0	49.69616730737007	0.0	0.0	0.0	55.72676044401967	0.0	0.0	0.0
GSM4138110_HNSCC_1_PBMC_AACTCCCCATTTCAGG	91.11166282595069	94.26535715743617	0.0	52.52652545371422	0.0	0.0	0.0	0.0	0.0	0.0	0.0	0.0	0.0
GSM4138110_HNSCC_1_PBMC_AAGCCGCCACTTCTGC	79.96347757974566	67.16065255559322	74.53005907656147	0.0	5.323609955656525	0.0	0.0	0.0	0.0	0.0	0.0	0.0	0.0
GSM4138110_HNSCC_1_PBMC_AAGGTTCGTCTCTTAT	68.52513757505669	35.81233765003034	0.0	0.0	59.50819247081298	58.64783481429031	18.816668117790407	0.0	0.0	0.0	0.0	0.0	0.0
GSM4138110_HNSCC_1_PBMC_AAGTCTGAGTACCGGA	41.20675322616474	51.99597270607528	46.23675482506926	0.0	14.176698709699277	11.991521119555786	0.0	0.0	0.0	0.0	0.0	0.0	0.0
GSM4138110_HNSCC_1_PBMC_AAGTCTGGTTGCCTCT	56.249884984539804	52.01657149822984	0.0	0.0	92.93877574208183	0.0	0.0	0.0	0.0	0.0	0.0	0.0	0.0
GSM4138110_HNSCC_1_PBMC_AAGTCTGTCCAAACTG	97.24560904537233	46.97822706737618	106.7579824639954	0.0	0.0	0.0	18.942016028113603	0.0	0.0	0.0	0.0	0.0	0.0
GSM4138110_HNSCC_1_PBMC_ACATGGTCACATGGGA	0.0	0.0	79.3521835085754	0.0	0.0	69.15450743924197	0.0	48.40348689270944	0.0	0.0	0.0	0.0	0.0
GSM4138110_HNSCC_1_PBMC_ACGAGCCAGTATCTCG	66.09479718243836	0.0	68.79011136552243	0.0	16.39368473101652	0.0	0.0	0.0	56.181853312517525	75.07173200830852	0.0	0.0	0.0
GSM4138110_HNSCC_1_PBMC_ACGAGCCCACTTAACG	141.05709603125004	0.0	154.3201369859207	0.0	0.0	0.0	0.0	0.0	0.0	0.0	18.04397375883214	0.0	144.55349038788174
GSM4138110_HNSCC_1_PBMC_ACTATCTTCTTCCTTC	74.57719807261905	0.0	87.4900395670389	0.0	24.29937132294705	0.0	122.56852490588508	0.0	0.0	0.0	0.0	0.0	0.0
GSM4138110_HNSCC_1_PBMC_AGAGCTTAGAGCTGGT	127.98860374180487	89.71306581487367	67.86089536091819	0.0	0.0	0.0	0.0	0.0	0.0	0.0	0.0	0.0	0.0
GSM4138110_HNSCC_1_PBMC_AGATTGCGTCGCCATG	75.16348497402593	0.0	0.0	59.074327965360474	0.0	0.0	86.12620496767038	0.0	0.0	0.0	0.0	0.0	0.0
GSM4138110_HNSCC_1_PBMC_AGCGTATGTTATCCGA	142.81359920143507	0.0	47.38470765624668	0.0	0.0	0.0	0.0	0.0	0.0	0.0	0.0	0.0	73.28113043256837
GSM4138110_HNSCC_1_PBMC_AGGCCACAGTACTTGC	47.25890388605791	0.0	1.4049582976957409	48.89004664983207	0.0	10.616016601775117	0.0	0.0	99.94880566341888	0.0	0.0	0.0	0.0
GSM4138110_HNSCC_1_PBMC_AGGCCACCACTAAGTC	227.7411969934592	0.0	0.0	0.0	156.51110690728632	0.0	0.0	0.0	121.26715396733158	0.0	0.0	0.0	0.0
GSM4138110_HNSCC_1_PBMC_AGTAGTCTCTTAGCCC	26.872198483730273	0.0	0.0	71.46214317516878	0.0	0.0	71.92170307633864	0.0	0.0	0.0	0.0	0.0	0.0
GSM4138110_HNSCC_1_PBMC_AGTGAGGGTGGCCCTA	82.8108445001033	0.0	59.11342897619798	0.0	53.892392245007926	0.0	0.0	115.03481772630577	0.0	0.0	0.0	0.0	0.0
GSM4138110_HNSCC_1_PBMC_AGTGTCATCTCGCATC	3.3868789098443095	0.0	75.52149731361659	0.0	0.0	45.67586921415083	0.0	57.87934503079593	0.0	0.0	0.0	0.0	0.0
GSM4138110_HNSCC_1_PBMC_AGTTGGTCATGGTTGT	116.72741117309928	94.3734103828311	89.721390130079	0.0	36.62099313613675	0.0	0.0	0.0	0.0	0.0	0.0	0.0	0.0
GSM4138110_HNSCC_1_PBMC_AGTTGGTTCTTGGGTA	68.36597368300609	0.0	0.0	0.0	84.04407380424655	0.0	0.0	0.0	0.0	0.0	0.0	0.0	51.72596267214269
GSM4138110_HNSCC_1_PBMC_ATCTACTAGGGTGTGT	179.99697648411302	203.75401166644673	156.4625027625457	0.0	172.46059089066878	5.930846251681999	0.0	0.0	0.0	0.0	0.0	0.0	0.0
GSM4138110_HNSCC_1_PBMC_ATCTACTAGTACGTTC	35.25276045317965	72.4157817430781	0.0	66.57780141679918	0.0	72.3344752344427	0.0	0.0	0.0	0.0	0.0	0.0	0.0
GSM4138110_HNSCC_1_PBMC_ATGAGGGCAAGCGATG	62.99956028130385	0.0	36.77346859496776	0.0	35.56917156211405	0.0	0.0	63.460864364417255	0.0	0.0	0.0	0.0	0.0
GSM4138110_HNSCC_1_PBMC_ATGAGGGCACACAGAG	0.0	0.0	0.0	50.375002480067515	0.0	45.20819978702966	0.0	0.0	64.32802496920897	0.0	0.0	0.0	0.0
GSM4138110_HNSCC_1_PBMC_ATGCGATGTTTGACAC	0.0	0.0	0.0	0.0	97.49451290208577	78.61364136925805	0.0	0.0	27.24426953955693	0.0	13.567392644271518	0.0	0.0
GSM4138110_HNSCC_1_PBMC_ATGTGTGCATGCGCAC	43.906792609889635	0.0	39.03439461100128	0.0	37.36677968011389	0.0	0.0	0.0	0.0	0.0	0.0	2.6382916791383724	49.23563939195586
GSM4138110_HNSCC_1_PBMC_ATTACTCTCATGCTCC	63.68581044223335	0.0	0.0	76.45891541033954	0.0	0.0	0.0	0.0	112.27914589551516	0.0	0.0	0.0	0.0
GSM4138110_HNSCC_1_PBMC_ATTATCCGTCACACGC	0.0	60.10877777392028	40.183633904299	16.250678955959113	48.14287974318527	113.86171575989255	21.032169592909565	0.0	0.0	0.0	0.0	0.0	0.0
GSM4138110_HNSCC_1_PBMC_ATTGGACAGAGATGAG	0.0	94.15817079278347	41.77906737204762	0.0	0.0	87.2242562611408	0.0	0.0	0.0	0.0	0.0	0.0	0.0
GSM4138110_HNSCC_1_PBMC_ATTGGTGCAGTGAGTG	70.51869254158427	31.407523488209968	0.0	60.80842911585451	0.0	0.0	0.0	0.0	28.605996135809985	0.0	0.0	0.0	0.0
GSM4138110_HNSCC_1_PBMC_CAACCAAGTTATCGGT	48.2986511111194	0.08075884978791485	31.32029783371367	0.0	19.45480969894728	0.0	0.0	77.87584596504863	0.0	0.0	0.0	0.0	0.0
GSM4138110_HNSCC_1_PBMC_CAACCAATCCTTGACC	69.4904826781191	0.0	0.0	0.0	59.82462098807166	13.53958064432257	38.8590401831786	0.0	0.0	0.0	0.0	0.0	0.0
GSM4138110_HNSCC_1_PBMC_CACAGTAGTCTCCATC	53.78090955866787	68.46974476983132	54.60164524718603	0.0	0.0	0.0	32.81341138598757	0.0	0.0	0.0	0.0	0.0	0.0
GSM4138110_HNSCC_1_PBMC_CACATAGCAAAGCGGT	0.0	0.0	57.103938883043966	0.0	0.0	45.53913654712963	0.0	0.0	0.0	79.35145285738665	0.0	0.0	0.0
GSM4138110_HNSCC_1_PBMC_CACATAGCACCTCGTT	87.29706381615915	0.0	97.89779352461747	0.0	0.0	0.0	61.08161835481469	0.0	0.0	0.0	0.0	0.0	0.0
GSM4138110_HNSCC_1_PBMC_CACATTTGTGCACTTA	25.0404512316066	76.68535896593127	0.0	0.0	66.89940850283632	26.252040622104097	0.0	0.0	0.0	0.0	0.0	0.0	0.0
GSM4138110_HNSCC_1_PBMC_CACATTTTCCCATTAT	70.62184652118223	47.15888518316535	99.04392153919842	0.0	0.0	0.0	0.0	0.0	0.0	0.0	0.0	0.0	0.0
GSM4138110_HNSCC_1_PBMC_CACATTTTCTGGTTCC	66.49398286673065	57.72564520794046	63.527096472189555	0.0	11.234003160929191	0.0	0.0	0.0	0.0	0.0	0.0	0.0	0.0
GSM4138110_HNSCC_1_PBMC_CACCAGGTCGTGGGAA	90.13041535240002	0.0	100.3280307268094	0.0	0.0	0.0	0.0	0.0	57.955208870403034	0.0	0.0	0.0	0.0
GSM4138110_HNSCC_1_PBMC_CAGCAGCCAATGGTCT	23.877681579868135	76.03092411690744	6.001113425217957	19.342075073386606	0.0	33.99300565101902	0.0	0.0	0.0	0.0	0.0	0.0	0.0
GSM4138110_HNSCC_1_PBMC_CAGCATAGTCCGAGTC	34.813269324194515	0.0	48.92533996604127	0.0	0.0	67.4395988262891	0.0	0.0	0.0	0.0	0.0	0.0	34.02423564177427
GSM4138110_HNSCC_1_PBMC_CAGCCGAAGCCCAACC	75.9191139349309	28.997623873080027	80.32933408807845	1.9599432957210918	13.91787382355733	0.0	15.521104642260767	0.0	0.0	0.0	0.0	0.0	0.0
GSM4138110_HNSCC_1_PBMC_CAGCCGACATCGACGC	72.02956337611386	64.66554257493411	0.0	48.0194033998996	0.0	0.0	0.0	0.0	0.0	0.0	0.0	0.0	0.0
GSM4138110_HNSCC_1_PBMC_CATATTCTCCGCGTTT	74.69186484989793	0.0	13.148164717598299	71.40048936199638	0.0	0.0	0.0	3.5930935295475157	32.947119373905046	0.0	11.043201847573318	0.0	0.0
GSM4138110_HNSCC_1_PBMC_CCAATCCCATTAGCCA	101.1161976959152	0.0	58.9335835192436	0.0	27.56400913499306	0.0	0.0	84.77513741216403	0.0	0.0	0.0	0.0	0.0
GSM4138110_HNSCC_1_PBMC_CCACGGAAGATCGGGT	65.60351620189297	0.0	0.0	0.0	66.45271843048694	0.0	130.63221086104934	0.0	0.0	0.0	0.0	0.0	0.0
GSM4138110_HNSCC_1_PBMC_CCATGTCAGAGGTAGA	77.80973525758877	0.0	64.90244159385398	0.0	0.0	0.0	25.243405787482832	0.0	0.0	0.0	0.0	0.0	78.19824087707443
GSM4138110_HNSCC_1_PBMC_CCATGTCCATGCCCGA	80.64362783009348	111.22242228560428	37.27795752334774	40.58036445341535	0.0	0.0	0.0	0.0	0.0	0.0	0.0	0.0	0.0
GSM4138110_HNSCC_1_PBMC_CCGGTAGAGCTCCTCT	92.47210505559256	12.866972729534513	0.0	0.0	78.31617456437492	0.0	31.5190559181808	0.0	0.0	0.0	0.0	3.7062422618692263	0.0
GSM4138110_HNSCC_1_PBMC_CCTCTGAAGGGATCTG	0.0	0.0	61.288773546232555	0.0	0.0	53.783085875213956	67.83295396597053	0.0	0.0	0.0	0.0	0.0	0.0
GSM4138110_HNSCC_1_PBMC_CGAACATGTTCGTTGA	81.20521226373909	0.0	0.0	18.57457610857368	51.69229498782503	0.8819620743933425	0.0	0.0	36.42625164689793	0.0	0.0	0.0	0.0
GSM4138110_HNSCC_1_PBMC_CGAACATTCTGTCCGT	0.0	0.0	0.0	0.0	78.4679237419558	84.86621240107227	0.0	0.0	0.0	0.0	0.0	56.92456896374016	0.0
GSM4138110_HNSCC_1_PBMC_CGAATGTAGCGTCTAT	37.456525392290274	0.0	0.0	94.87265786684296	0.0	5.489603336611661	0.0	0.0	35.26770743314844	3.413188370402268	0.0	4.027303742877699	0.0
GSM4138110_HNSCC_1_PBMC_CGGGTCAAGTCTCGGC	119.971101177407	0.0	64.1583112504237	0.0	0.0	0.0	0.0	0.0	0.0	0.0	0.0	0.0	51.10380499972602
GSM4138110_HNSCC_1_PBMC_CGTCTACCAAGCGTAG	3.512489684948693	124.15126312897475	0.0	0.0	56.49476741562869	86.24363181309832	0.0	0.0	0.0	0.0	0.0	0.0	0.0
GSM4138110_HNSCC_1_PBMC_CGTGTCTAGGTCGGAT	87.2897956489397	71.69247246076185	1.7461150497684543	59.35611417218638	54.66083345581525	0.0	0.0	0.0	0.0	0.0	0.0	0.0	0.0
GSM4138110_HNSCC_1_PBMC_CGTTAGACATCCAACA	44.9101880680086	0.0	40.36705292387692	0.0	0.0	79.06816527852388	0.0	0.0	11.963929729173731	17.673125312810463	0.0	0.0	0.0
GSM4138110_HNSCC_1_PBMC_CGTTGGGCATATGCTG	69.43928524255591	0.0	49.449315383957625	0.0	0.0	0.0	0.0	67.47759969626388	0.0	0.0	0.0	0.0	0.0
GSM4138110_HNSCC_1_PBMC_CTAATGGTCTCGCTTG	38.454794123456246	46.866396812836655	0.0	0.0	68.50819722227234	0.0	0.0	0.0	0.0	0.0	0.0	0.0	0.0
GSM4138110_HNSCC_1_PBMC_CTACATTTCACCAGGC	67.98581373496089	9.524289133354099	78.28897147117188	0.0	0.0	0.0	52.66453108577714	0.0	0.0	0.0	0.0	0.0	0.0
GSM4138110_HNSCC_1_PBMC_CTACGTCTCGAACGGA	69.48054082979232	22.29324192029874	79.42531444830557	0.0	0.0	0.0	0.0	0.0	0.0	0.0	0.0	0.0	0.0
GSM4138110_HNSCC_1_PBMC_CTAGAGTCACTTACGA	56.48394930836195	0.0	0.0	42.145522640524845	26.7268851941794	0.0	0.0	0.0	0.0	101.56536262377917	0.0	0.0	0.0
GSM4138110_HNSCC_1_PBMC_CTCAGAATCCGGGTGT	51.373190169003855	0.0	75.3676140328853	0.0	0.0	0.0	0.0	0.0	82.71299665833625	0.0	0.0	0.0	0.0
GSM4138110_HNSCC_1_PBMC_CTCGGGATCAATACCG	108.77639892881679	167.80164030107795	0.0	41.544935877721315	0.0	0.0	0.0	0.0	0.0	0.0	0.0	0.0	0.0
GSM4138110_HNSCC_1_PBMC_CTCGTACAGATCGGGT	103.64520204969928	91.48410006299743	0.0	64.43213460199833	127.54705757189299	95.03397026833856	0.0	0.0	121.80961565285024	0.0	0.0	0.0	0.0
GSM4138110_HNSCC_1_PBMC_CTCGTACTCTGTCCGT	107.54734910530227	0.0	87.64235535599127	0.0	0.0	0.0	0.0	81.79601410531448	0.0	0.0	0.0	0.0	0.0
GSM4138110_HNSCC_1_PBMC_CTCTGGTAGGCGTACA	23.940980753456067	0.0	27.71383352123514	24.00976654904454	0.0	32.46913302619435	41.83645759335826	0.0	0.0	0.0	0.0	0.0	0.0
GSM4138110_HNSCC_1_PBMC_CTGAAACTCCGAGCCA	63.803881630243055	84.4503146886756	34.38069235615626	0.0	0.0	0.0	0.0	0.0	0.0	0.0	0.0	0.0	0.0
GSM4138110_HNSCC_1_PBMC_CTGAAGTAGCGATCCC	56.77778472378297	0.0	0.0	74.93367748925996	0.0	17.238593751779824	0.0	5.211687931399443	0.0	0.0	11.44372179881595	39.08947883147535	0.0
GSM4138110_HNSCC_1_PBMC_CTGATAGAGATCTGCT	53.56143012894895	62.47142551320911	65.35062266919078	0.0	0.0	0.0	0.0	0.0	0.0	0.0	0.0	0.0	0.0
GSM4138110_HNSCC_1_PBMC_CTGATAGAGCCTTGAT	65.96834874436742	71.27401943393325	86.25441564613948	0.0	0.0	18.091946519934016	0.0	0.0	0.0	0.0	0.0	0.0	0.0
GSM4138110_HNSCC_1_PBMC_CTGCCTAAGGTGCTTT	111.73622562861684	0.0	0.0	128.4526986607467	0.0	0.0	25.50691360371953	0.0	0.0	0.0	0.0	0.0	2.4548491958804357
GSM4138110_HNSCC_1_PBMC_CTGCCTATCACGACTA	58.39419133494553	88.19473152990129	0.0	0.0	58.81456647698558	0.0	0.0	0.0	0.0	0.0	0.0	0.0	0.0
GSM4138110_HNSCC_1_PBMC_CTGGTCTTCGAGAACG	54.88869506783447	0.0	0.0	40.05492254743726	5.504819454625105	0.0	0.0	0.0	44.777633340400904	0.0	0.0	0.0	0.0
GSM4138110_HNSCC_1_PBMC_CTGTTTAAGTGGAGTC	69.06418524718195	0.0	32.01115443472161	27.759772380991425	0.0	17.15719846820669	0.0	30.41228410743155	0.0	0.0	0.0	0.0	0.0
GSM4138110_HNSCC_1_PBMC_GAACATCTCCCTAATT	22.193067601091013	87.94345557445233	0.0	131.37678508417858	0.0	106.19642058932568	0.0	0.0	0.0	0.0	0.0	0.0	0.0
GSM4138110_HNSCC_1_PBMC_GAACCTATCTGAGGGA	59.833938593353324	0.0	0.0	47.806600478213795	0.0	0.0	68.00897013112163	0.0	0.0	0.0	0.0	0.0	0.0
GSM4138110_HNSCC_1_PBMC_GAATGAATCAGTTAGC	32.32120424419291	60.33245120224221	5.863467101652787	0.0	69.89586548753532	0.0	0.0	0.0	0.0	0.0	0.0	0.0	0.0
GSM4138110_HNSCC_1_PBMC_GATCGATAGTACACCT	40.78915028618003	0.0	58.72763410153694	7.982964229466226	0.0	25.28898658627695	0.0	43.328884647973226	0.0	0.0	0.0	0.0	12.96458301339423
GSM4138110_HNSCC_1_PBMC_GATCGATTCAGCATGT	121.35847026850524	88.5944023836211	74.29823238614428	10.032687434071523	0.0	0.0	0.0	0.0	0.0	0.0	0.0	0.0	0.0
GSM4138110_HNSCC_1_PBMC_GATGAAATCCAAGCCG	48.17352764784558	75.38686538586099	55.960846626883665	45.88393325404824	0.0	0.0	0.0	0.0	0.0	0.0	0.0	0.0	0.0
GSM4138110_HNSCC_1_PBMC_GCACATAAGGTGTGGT	0.0	54.40714022508344	0.0	0.0	72.03436460747085	83.91696913633882	0.06463695880549143	0.0	0.0	0.0	0.0	0.0	0.0
GSM4138110_HNSCC_1_PBMC_GCACTCTGTACAGTGG	58.42920339013709	0.0	0.0	45.882758614414726	0.0	0.9429787406921459	0.0	0.0	166.62946300596585	6.070299019664289	0.0	0.0	0.0
GSM4138110_HNSCC_1_PBMC_GCCTCTAAGTTAAGTG	53.52378963579484	53.404563526653895	0.0	45.145501815696804	0.0	0.0	0.0	0.0	0.0	0.0	0.0	0.0	0.0
GSM4138110_HNSCC_1_PBMC_GCCTCTAGTTGAACTC	27.952660972779697	0.0	55.022183319155076	3.219026514560637	0.0	36.37401090484532	6.7220393073330476	0.0	0.0	0.0	48.877102498729414	0.0	0.0
GSM4138110_HNSCC_1_PBMC_GCGAGAAAGTGACATA	132.0841268873323	81.09877359686281	62.51410965415721	0.0	0.0	29.18477873960917	0.0	0.0	0.0	0.0	0.0	0.0	0.0
GSM4138110_HNSCC_1_PBMC_GCTGCAGGTCCTCTTG	73.70387005448426	0.0	61.26302699642545	0.0	11.030430988849046	0.0	0.0	75.35218095130011	0.0	0.0	0.0	0.0	0.0
GSM4138110_HNSCC_1_PBMC_GGAAAGCAGTCAATAG	14.485232701217715	89.99431931440319	38.392340417298236	20.0745431856411	8.753458808543627	79.36490147983113	0.0	0.0	0.0	0.0	0.0	0.0	0.0
GSM4138110_HNSCC_1_PBMC_GGAACTTGTTTACTCT	0.0	0.0	0.0	44.333807934136594	0.0	69.22034901753244	0.0	0.0	45.879828446132485	0.0	0.0	0.0	0.0
GSM4138110_HNSCC_1_PBMC_GGCAATTGTCCTCTTG	21.187599027618884	54.28440730803698	109.32860638038014	0.0	0.0	0.0	0.0	0.0	0.0	0.0	0.0	0.0	0.0
GSM4138110_HNSCC_1_PBMC_GGGACCTAGGCCCTTG	47.880498223077694	0.0	79.48891772554569	0.0	0.0	0.0	0.0	0.0	0.0	0.0	48.89025763061175	0.0	1.6687749898548254
GSM4138110_HNSCC_1_PBMC_GGGACCTTCGTCCAGG	0.0	78.33609322722701	0.5111678080537919	0.0	45.38267947002681	51.8849805104345	0.0	0.0	0.0	0.0	0.0	0.0	0.0
GSM4138110_HNSCC_1_PBMC_GGGATGACAATGGTCT	87.62098239762157	0.0	0.0	37.26835851437484	0.0	0.0	0.0	68.48584029892874	0.0	0.0	0.0	0.0	0.0
GSM4138110_HNSCC_1_PBMC_GGGCACTGTCTAGGTT	107.39799403974664	31.429651633621162	0.0	85.84593163176346	0.0	0.0	0.0	30.995007288983924	0.0	0.0	21.941278416363073	0.0	0.0
GSM4138110_HNSCC_1_PBMC_GGTATTGTCCTTCAAT	85.94011523546872	0.0	65.95753158080325	0.0	0.0	0.0	0.0	0.0	46.42643025273907	0.0	0.0	0.0	0.0
GSM4138110_HNSCC_1_PBMC_GGTGTTACAATCCAAC	66.5209773388952	0.0	0.0	73.67666572550804	0.0	0.0	0.39978227818040757	41.85735096042214	0.0	0.0	0.0	0.0	0.0
GSM4138110_HNSCC_1_PBMC_GGTGTTACAGCCACCA	71.69524811760279	70.8525923996951	0.0	52.342826350715676	0.0	0.0	0.0	0.0	0.0	0.0	0.0	0.0	0.0
GSM4138110_HNSCC_1_PBMC_GTAACGTTCGTATCAG	42.21889545121235	0.0	107.63394039633778	0.0	0.0	64.7388916718997	0.0	135.95067553810637	0.0	0.0	0.0	0.0	0.0
GSM4138110_HNSCC_1_PBMC_GTATTCTTCTTCCTTC	0.0	10.31303324352865	70.77775362836101	0.0	0.0	76.97543175020571	0.34913286191777676	56.87108027839161	0.0	0.0	0.0	0.0	0.0
GSM4138110_HNSCC_1_PBMC_GTCAAGTGTGGGTATG	88.40569289910617	0.0	0.0	69.77503290503316	0.0	0.0	0.0	52.061634352014394	0.0	0.0	0.0	0.0	0.0
GSM4138110_HNSCC_1_PBMC_GTCACGGGTGCAACGA	692.1625354090952	0.0	143.8400683993667	0.0	0.0	0.0	0.0	0.0	157.45581600406376	0.0	0.0	0.0	0.0
GSM4138110_HNSCC_1_PBMC_GTGCGGTCAAGGTGTG	107.02714549741366	78.47408057359176	60.70292412866167	5.545868156914583	0.0	0.0	0.0	0.0	0.0	0.0	0.0	0.0	0.0
GSM4138110_HNSCC_1_PBMC_GTGTGCGAGGAGCGAG	50.97153602605737	140.45129233700465	33.508583401423635	0.0	0.0	0.0	0.0	0.0	0.0	0.0	0.0	0.0	0.0
GSM4138110_HNSCC_1_PBMC_GTGTGCGCAAGTCATC	80.64661620501178	0.0	0.0	0.0	76.31991335340312	38.35582664217299	0.0	0.0	0.0	0.0	26.290920711109347	29.770170757116063	0.0
GSM4138110_HNSCC_1_PBMC_TAAACCGTCATCTGTT	91.6567152975112	56.99434287385612	55.89380335317627	0.0	0.0	0.0	0.0	0.0	0.0	0.0	0.0	0.0	0.0
GSM4138110_HNSCC_1_PBMC_TAAGCGTCAATGGATA	41.9173244578786	0.0	62.14174506006732	0.0	7.449455207242182	30.168441793555672	0.0	0.0	83.82595113303569	0.0	0.0	0.0	0.0
GSM4138110_HNSCC_1_PBMC_TACACGATCCTGCCAT	104.74089298182648	0.0	82.80242643547267	0.0	0.0	0.0	0.0	0.0	18.61165848595641	0.0	0.0	68.90890500337797	0.0
GSM4138110_HNSCC_1_PBMC_TACCTTAAGGCTAGAC	74.21131912341524	0.0	0.0	25.35862564300831	60.35122778612241	0.0	62.85721929020899	0.0	0.0	0.0	0.0	0.0	0.0
GSM4138110_HNSCC_1_PBMC_TACGGATCAGGGTATG	79.53805256109753	0.0	0.0	0.0	68.39907245384136	0.0	68.61752563583474	0.0	0.0	0.0	0.0	0.0	0.0
GSM4138110_HNSCC_1_PBMC_TAGAGCTCAGATGGCA	33.988126548772236	0.0	58.72520289008024	0.0	0.0	40.95932800139674	0.0	49.323805512142734	0.0	0.0	0.0	1.8527865060651472	0.0
GSM4138110_HNSCC_1_PBMC_TAGCCGGAGAAGGCCT	74.14530446924185	68.33293336237242	0.0	22.465654058487303	29.919436545569305	9.635832618627125	0.0	0.0	0.5814388954397907	0.0	0.0	0.0	0.0
GSM4138110_HNSCC_1_PBMC_TATCTCAAGGTGCACA	45.20452907290781	0.0	0.0	0.0	79.31093792085547	0.0	0.0	19.130364651498468	14.573467583277587	0.0	0.0	0.0	0.0
GSM4138110_HNSCC_1_PBMC_TCACAAGGTTCATGGT	52.30281300247565	6.9678708212544	0.0	37.27354813401297	0.0	0.0	62.05744673021988	0.0	0.0	0.0	0.0	0.0	0.0
GSM4138110_HNSCC_1_PBMC_TCACAAGTCTTGACGA	157.27444720767014	185.7355893962122	55.981579434175444	518.7077380270895	0.0	55.8692365511235	0.0	0.0	0.0	44.328647416933656	0.0	0.0	0.0
GSM4138110_HNSCC_1_PBMC_TCGAGGCTCGGAAATA	96.96170373323316	0.0	0.0	66.37379360665214	0.0	0.0	6.4468687418011905	0.0	77.35624083731155	0.0	4.688651546121714	0.0	0.0
GSM4138110_HNSCC_1_PBMC_TCTATTGGTTTAGGAA	71.94180080799325	15.61693685352665	49.093157476746704	0.0	25.0011886074405	0.0	19.090722613386657	0.0	0.0	0.0	21.48768402359488	0.0	0.0
GSM4138110_HNSCC_1_PBMC_TCTATTGTCATCTGCC	0.0	0.0	25.205100995448507	0.0	26.802707593706046	27.42768621659828	28.57849872517592	0.0	0.0	0.0	0.0	0.0	0.0
GSM4138110_HNSCC_1_PBMC_TCTTCGGCACCCTATC	70.91110121267401	5.450268369114559	73.08356443008543	0.0	6.570977261879	30.310751440061736	0.0	0.0	0.0	54.893098034778085	0.0	0.0	0.0
GSM4138110_HNSCC_1_PBMC_TGGGCGTTCACAGGCC	390.2370209268415	0.0	0.0	31.972554081252373	248.21869306835012	156.19486845186609	0.0	0.0	210.10702004315382	0.0	0.0	0.0	0.0
GSM4138110_HNSCC_1_PBMC_TGTGTTTGTTAAAGAC	143.92173492775146	0.0	118.50298929156553	0.0	0.0	0.0	0.0	0.0	117.46609961088413	0.0	0.0	0.0	0.0
GSM4138110_HNSCC_1_PBMC_TGTTCCGCACGGCGTT	177.55099119368742	0.0	0.0	334.04998434291144	0.0	0.0	0.0	0.0	0.0	0.0	223.42504150994614	0.0	0.0
GSM4138110_HNSCC_1_PBMC_TTAGGCAAGGCTAGCA	75.72304272844292	45.0625998908642	24.15351263907232	62.3011375185808	0.0	0.0	0.0	0.0	0.0	10.755576220548418	0.0	0.0	0.0
GSM4138110_HNSCC_1_PBMC_TTCCCAGCACATGGGA	0.0	0.0	126.51852576745387	0.0	0.0	73.22141944974153	0.0	0.0	44.8806198341699	0.0	0.0	0.0	0.0
GSM4138110_HNSCC_1_PBMC_TTCGGTCAGACCCACC	47.36249602774117	0.0	0.0	41.00328281204225	0.0	0.0	66.35748888029917	0.0	0.0	0.0	0.0	0.0	0.0
GSM4138110_HNSCC_1_PBMC_TTCTCCTTCCTCAATT	89.3743953932992	0.0	0.0	106.24834457914605	0.0	0.0	41.949458158175524	0.0	0.0	0.0	0.0	0.0	0.0
GSM4138110_HNSCC_1_PBMC_TTGAACGGTCGAAAGC	0.0	56.2129560977889	54.607296141054434	0.0	0.0	60.06460546784611	0.0	0.0	0.0	0.0	0.0	0.0	0.0
GSM4138110_HNSCC_1_PBMC_TTGCCGTAGTCAAGCG	70.56592419456129	0.0	70.40003377488992	0.0	0.0	0.0	39.65083060478677	32.45106384768605	0.0	0.0	21.53669893712519	0.0	0.0
GSM4138110_HNSCC_1_PBMC_TTGCGTCTCAAGGCTT	63.05544834381675	0.0	95.21563589138461	0.0	0.0	26.974312580835534	0.0	0.0	0.0	0.0	0.0	59.15248977974435	0.0
GSM4138110_HNSCC_1_PBMC_TTTATGCGTGCATCTA	68.81731661062179	36.958008263293486	8.303530806061008	0.0	45.3936036950085	0.0	0.0	0.0	0.0	0.0	0.0	0.0	0.0
GSM4138110_HNSCC_1_PBMC_TTTGCGCTCTTGTACT	0.0	83.84695308192398	19.76588781296989	20.557865877436026	38.48402022616455	38.217150185793635	0.0	0.0	0.0	0.0	0.0	0.0	0.0
GSM4138110_HNSCC_1_PBMC_TTTGGTTCACTTCTGC	146.15448084104585	80.17868430862201	0.0	108.66611509282559	0.0	0.0	0.0	0.0	0.0	0.0	0.0	0.0	0.0
GSM4138110_HNSCC_1_PBMC_CTACACCAGTTGTAGA	107.91664817469972	0.0	125.96717782495746	0.0	0.0	0.0	119.13283778765441	34.84290542894023	0.0	0.0	0.0	0.0	0.0
GSM4138110_HNSCC_1_PBMC_AACTGGTGTCAGAATA	47.31538559261935	0.0	0.0	21.478581930278796	13.99936381602994	34.24639715004875	53.21927645246493	0.0	0.0	0.0	0.0	0.0	0.0
GSM4138110_HNSCC_1_PBMC_AAACGGGTCCTCAACC	36.59423776069609	0.0	75.00240654353212	0.0	0.0	26.89042829488824	0.0	49.25010397245127	0.0	0.0	0.0	0.0	0.0
GSM4138110_HNSCC_1_PBMC_AAGGCAGAGGCGTACA	79.20364735112331	57.00058926304375	18.538286653743963	83.14187192353343	0.0	0.0	0.0	0.0	0.0	0.0	0.0	0.0	0.0
GSM4138110_HNSCC_1_PBMC_ACATGGTCAATGGAGC	101.51873533534206	55.278699057121266	67.15100553910175	0.0	0.0	0.0	0.0	0.0	0.0	0.0	0.0	0.0	0.0
GSM4138110_HNSCC_1_PBMC_ACGATGTGTTATCACG	53.23518159008915	49.83816428174308	87.13868676025807	0.0	0.0	0.0	0.0	0.0	0.0	0.0	0.0	0.0	0.0
GSM4138110_HNSCC_1_PBMC_ACGGCCATCTCCCTGA	90.24233953374853	0.0	53.889460528197226	0.0	69.89392720762525	0.0	101.0606933984265	0.0	0.0	0.0	0.0	0.0	0.0
GSM4138110_HNSCC_1_PBMC_AGCTCTCTCATTGCCC	130.77908580876405	101.65376572500534	100.0293465757099	0.0	3.7442758713103967	0.0	0.0	0.0	0.0	0.0	0.0	0.0	0.0
GSM4138110_HNSCC_1_PBMC_AGGTCATTCTCTAGGA	85.09156313495686	66.48746074818395	15.161852241881588	0.0	52.756569227447606	0.0	0.0	0.0	0.0	0.0	0.0	0.0	0.0
GSM4138110_HNSCC_1_PBMC_ATAGACCTCTGGTGTA	58.06462675320139	110.09838742702757	60.3590234926806	0.0	0.0	0.0	0.0	0.0	0.0	0.0	0.0	11.632780279460466	0.0
GSM4138110_HNSCC_1_PBMC_ATAGACCTCTTCCTTC	39.242333802408005	0.0	0.0	63.0672226818891	0.0	0.0	0.0	0.0	37.773969498259426	0.0	0.0	0.0	0.0
GSM4138110_HNSCC_1_PBMC_ATCTACTCACTGTGTA	36.617733561641266	84.12642094722602	0.0	0.0	45.19948454698242	45.154649495757184	0.0	0.0	0.0	0.0	0.0	0.0	0.0
GSM4138110_HNSCC_1_PBMC_ATCTGCCAGGAATCGC	18.5553721061042	27.41103746825932	0.0	53.912835474760364	0.0	66.22297580773213	0.0	0.0	0.0	0.0	0.0	36.316554166271956	0.0
GSM4138110_HNSCC_1_PBMC_ATGGGAGCATGGGAAC	0.0	0.0	0.0	118.47475824683049	0.0	261.5945682204637	0.0	0.0	148.5533218912911	0.0	0.0	0.0	0.0
GSM4138110_HNSCC_1_PBMC_ATGTGTGGTAGCTGCC	25.95885987961922	97.80478618104871	0.0	47.46719459488397	0.0	0.0	28.999161313146587	0.0	0.0	0.0	0.0	0.0	0.0
GSM4138110_HNSCC_1_PBMC_CACAAACCATCCCACT	72.00530246547164	0.0	90.70455647069298	0.0	7.593277512697116	0.0	0.0	0.0	0.0	63.16946522383884	0.0	0.0	0.0
GSM4138110_HNSCC_1_PBMC_CACCACTAGTTACCCA	83.43537172281275	0.0	0.0	108.29775361706321	0.0	0.0	0.0	43.055877252462025	0.0	0.0	0.0	0.0	31.73655424163354
GSM4138110_HNSCC_1_PBMC_CATGCCTTCAGCTCTC	0.0	79.59101299617909	0.0	72.80935755592776	0.0	106.82974417624928	0.0	0.0	0.0	1.375488976931646	0.0	0.0	0.0
GSM4138110_HNSCC_1_PBMC_CATGGCGCATGTTCCC	54.59489810657402	0.0	77.25000587378392	0.0	0.0	0.0	0.0	0.0	117.53605430333893	0.0	0.0	0.0	0.0
GSM4138110_HNSCC_1_PBMC_CCACCTAGTAGTACCT	2.861494903864188	0.0	47.44646862296491	0.0	22.9202425057816	113.71888860880505	0.0	0.0	0.0	47.61817470515672	0.0	0.0	0.0
GSM4138110_HNSCC_1_PBMC_CCGTTCAGTATATCCG	0.0	89.61607807717789	0.0	38.088493478303626	38.1691379658431	70.40011957353359	0.0	0.0	0.0	0.0	0.0	0.0	0.0
GSM4138110_HNSCC_1_PBMC_CCTACACGTCCGAAGA	73.90603011252824	0.0	56.50112780224413	0.0	0.0	4.023486557816826	0.0	0.0	42.81156157100215	0.0	0.0	0.0	0.0
GSM4138110_HNSCC_1_PBMC_CCTCTGAGTCGCGAAA	0.0	97.01920991566809	0.0	0.0	105.11932852045922	107.87756944316503	0.0	0.0	0.0	0.0	0.0	0.0	0.0
GSM4138110_HNSCC_1_PBMC_CGCTGGAAGGCATGTG	67.65136996685824	20.996077873587804	78.70880441074712	9.538088926642873	0.0	0.0	61.80092629830225	0.0	0.0	0.0	0.0	0.0	0.0
GSM4138110_HNSCC_1_PBMC_CGGAGTCTCACAATGC	84.29832357544066	0.0	0.0	15.665796884422548	0.0	0.0	0.0	0.0	0.0	73.1460498833859	0.0	0.0	0.0
GSM4138110_HNSCC_1_PBMC_CGGCTAGAGCTACCGC	62.91310980704601	0.0	25.832814745492744	38.30482039233035	16.20424412100849	0.0	0.0	0.0	80.24944918876788	1.4758494903986872	1.6507623712592394	8.039530913439851	0.0
GSM4138110_HNSCC_1_PBMC_CGTTGGGCAAGCCGCT	58.68815614929374	0.0	66.1483281368823	0.0	0.0	0.0	0.0	0.0	0.0	50.92110512638288	0.0	0.0	0.0
GSM4138110_HNSCC_1_PBMC_CTCAGAAGTCCGACGT	0.0	70.53219913283847	0.0	51.38143068362305	0.0	76.3742480309525	0.0	0.0	0.0	0.0	0.0	0.0	0.0
GSM4138110_HNSCC_1_PBMC_CTCGTACCACGCGAAA	62.50251100237941	0.0	16.195023509472612	71.71404394234797	0.0	0.0	48.59119431924192	0.0	0.0	0.0	0.0	0.0	0.0
GSM4138110_HNSCC_1_PBMC_GAAATGAAGAGCCTAG	126.38261517373138	0.0	164.33332147860207	0.0	0.0	0.0	0.0	8.268116176946176	0.0	0.0	0.0	48.413777307132555	22.748325858159685
GSM4138110_HNSCC_1_PBMC_GACGTTATCTAACCGA	69.51285087381667	53.584277771791236	14.382579523606942	0.0	51.90374135340242	3.9539716174749295	0.0	0.0	4.736691111634393	0.0	0.0	0.0	0.0
GSM4138110_HNSCC_1_PBMC_GACTGCGTCGGCATCG	59.80015735523275	73.60619979634976	0.0	106.36511407911424	0.0	0.0	0.0	0.0	0.0	0.0	0.0	0.0	0.0
GSM4138110_HNSCC_1_PBMC_GATGAGGAGGCTAGCA	56.72962606147423	0.0	0.0	56.599109284253565	0.0	0.8381352605957857	0.0	79.97261071635863	0.0	0.0	0.0	0.0	0.0
GSM4138110_HNSCC_1_PBMC_GATTCAGCACCACGTG	0.0	0.0	42.3625345027668	0.0	44.99291887963416	31.769451868982532	0.0	20.987427503246654	45.234137610634804	0.0	0.0	4.512843649980064	0.0
GSM4138110_HNSCC_1_PBMC_GCAATCAGTAGCTCCG	0.0	0.0	0.0	34.660241633560744	0.0	51.23720677436795	0.0	0.0	56.526201069246305	0.0	0.0	0.0	0.0
GSM4138110_HNSCC_1_PBMC_GCGACCAGTAGCCTAT	94.4321368867718	0.0	173.3792173366154	0.0	0.0	0.0	0.0	51.918225738646356	0.0	0.0	0.0	0.0	0.0
GSM4138110_HNSCC_1_PBMC_GCTTCCATCTCATTCA	99.11504475450648	62.830782240395635	0.0	0.0	51.16973969749078	0.0	0.0	0.0	0.0	0.0	0.0	0.0	0.0
GSM4138110_HNSCC_1_PBMC_GCTTGAAAGACCTTTG	42.19351897712835	0.0	0.0	0.0	65.30702295657859	5.307772928929187	53.06394800524132	0.0	0.0	0.0	0.0	0.0	0.0
GSM4138110_HNSCC_1_PBMC_GGACAAGGTAATTGGA	0.0	0.0	22.2017675745512	118.03838132573414	0.0	54.748520045641676	0.0	0.0	66.2914091567255	0.0	0.0	0.0	0.0
GSM4138110_HNSCC_1_PBMC_GGCGTGTAGCACGCCT	56.467960404161836	43.89771744270912	0.0	0.0	42.71491075898076	0.0	0.0	0.0	0.0	0.0	0.0	0.0	0.0
GSM4138110_HNSCC_1_PBMC_GGCGTGTAGCGTTTAC	39.2477590284691	35.01035132761407	0.0	68.07740990087082	0.0	7.153834378235366	0.0	0.0	0.0	0.0	0.0	0.0	0.0
GSM4138110_HNSCC_1_PBMC_GGCTGGTCAATGGACG	55.80868779072661	126.01449161607754	116.9098532755388	0.0	0.0	0.0	0.0	0.0	0.0	0.0	0.0	0.0	0.0
GSM4138110_HNSCC_1_PBMC_GGGAATGTCAGCTGGC	101.06027895125285	0.0	65.82627530707151	0.0	0.0	8.071934631247391	0.0	0.0	0.0	81.94839323548014	0.0	0.0	0.0
GSM4138110_HNSCC_1_PBMC_GGGTTGCAGATCGGGT	81.50431520737075	58.50973657794825	11.326018542450553	0.0	29.206452038884095	0.0	0.0	0.0	0.0	0.0	0.0	0.0	0.0
GSM4138110_HNSCC_1_PBMC_GGTATTGCACATTAGC	0.0	64.80746231147171	0.0	38.23029059988582	4.398275379724687	25.098829695264396	0.0	0.0	0.0	0.0	0.0	0.0	0.0
GSM4138110_HNSCC_1_PBMC_GGTGTTAGTGTGACCC	49.53384979731352	77.16625500310377	51.97675508045577	0.0	0.0	0.0	0.0	0.0	0.0	0.0	0.0	0.0	0.0
GSM4138110_HNSCC_1_PBMC_GTCACAAGTATCACCA	81.61378599813756	73.55925715994539	0.0	55.36594043523099	0.0	5.713834419473614	0.0	0.0	0.0	0.0	0.0	0.0	0.0
GSM4138110_HNSCC_1_PBMC_GTCACAATCGCAAGCC	24.98090810109364	77.73969082055373	0.0	0.0	41.25585262942053	32.19207667754846	0.0	0.0	0.0	0.0	0.0	0.0	0.0
GSM4138110_HNSCC_1_PBMC_GTCACGGCAAGCTGGA	42.1896459285938	0.0	0.0	43.93660878286148	0.0	0.0	0.0	0.0	0.0	150.27566219605848	0.0	0.0	0.0
GSM4138110_HNSCC_1_PBMC_GTCGTAAAGGCATGTG	198.94292959909674	89.98834134182128	102.16302321411246	0.0	54.78933412579408	0.0	0.0	0.0	0.0	0.0	0.0	0.0	0.0
GSM4138110_HNSCC_1_PBMC_GTCGTAATCTTGCAAG	55.10686319981993	0.0	0.0	44.456085906823105	0.0	0.0	0.0	0.0	0.0	54.07496474941462	0.0	0.0	0.0
GSM4138110_HNSCC_1_PBMC_GTCTCGTCATGCGCAC	71.73364880496291	0.0	1.435162660813417	0.0	35.57399995080644	0.0	0.0	0.0	46.72275348632839	0.0	0.0	34.04528859381982	0.0
GSM4138110_HNSCC_1_PBMC_GTGAAGGCACATTTCT	115.47448934832384	68.03725070464147	3.35176500572411	0.0	59.94615100300769	0.0	0.0	0.0	0.0	0.0	0.0	0.0	0.0
GSM4138110_HNSCC_1_PBMC_GTGCAGCAGACCGGAT	2.7723940135258482	103.26810424980302	0.0	7.7082491611819774	101.50865136843146	91.21601018629978	0.0	0.0	0.0	0.0	0.0	0.0	0.0
GSM4138110_HNSCC_1_PBMC_GTTAAGCTCATACGGT	0.0	0.0	74.16532975408055	0.0	0.0	44.98272743349336	66.23510917110147	0.0	0.0	0.0	0.0	0.0	0.0
GSM4138110_HNSCC_1_PBMC_TAAACCGAGGGTCGAT	74.14512842445338	0.0	42.01926723937972	0.0	12.68880188672168	0.0	65.85165594286605	0.0	0.0	0.0	0.0	0.0	0.0
GSM4138110_HNSCC_1_PBMC_TACCTTAAGGCTCTTA	91.64630374949772	0.0	74.00814254353571	17.8530204837362	16.466128385737303	0.0	0.0	0.0	7.58540565507853	51.288038358586725	0.0	0.0	0.0
GSM4138110_HNSCC_1_PBMC_TAGAGCTTCGTTGCCT	141.73223716554293	0.0	0.0	0.0	130.75427099781484	0.0	0.0	0.0	0.0	90.03410693520054	0.0	0.0	0.0
GSM4138110_HNSCC_1_PBMC_TAGGCATTCCCAGGTG	39.72711163987865	87.46919037547032	0.0	52.587034908079346	0.0	0.0	13.281571905989864	0.0	0.0	0.0	0.0	0.0	0.0
GSM4138110_HNSCC_1_PBMC_TCACAAGCACATCCGG	51.1033405579639	88.25315759668406	0.0	56.14921041792834	0.0	0.0	0.0	0.0	0.0	0.0	0.0	0.0	0.0
GSM4138110_HNSCC_1_PBMC_TCAGCTCCATGACGGA	30.257587318403566	37.31326721434334	0.0	101.880754196006	0.0	5.080247415853502	0.0	0.0	0.0	0.0	0.0	0.0	0.0
GSM4138110_HNSCC_1_PBMC_TCGAGGCTCCAGGGCT	59.25777551872919	24.895440134983318	0.0	0.0	73.38444269795423	0.0	0.0	0.0	0.0	19.635569492395927	0.0	0.0	0.0
GSM4138110_HNSCC_1_PBMC_TCTATTGCAGTCAGCC	0.0	0.0	0.0	0.0	96.19669940131575	64.42602052114101	0.0	0.0	0.4566858145598426	72.76890148428845	0.0	0.0	0.0
GSM4138110_HNSCC_1_PBMC_TCTCTAAGTGGTAACG	92.33963190744495	86.9205440063449	0.0	0.0	101.77401014885092	11.36566307160498	0.0	0.0	55.18886547983536	0.0	0.0	0.0	0.0
GSM4138110_HNSCC_1_PBMC_TCTGAGATCTAGCACA	0.0	35.52078039246784	0.0	84.90649077720342	0.0	47.36446230972377	19.036370384763405	0.0	3.23983343921225	0.0	0.0	0.0	0.0
GSM4138110_HNSCC_1_PBMC_TCTTTCCCACTGAAGG	113.74465571592391	0.0	0.0	0.0	95.94580090403849	0.0	0.0	0.0	0.0	125.32418144071035	0.0	0.0	0.0
GSM4138110_HNSCC_1_PBMC_TGACAACGTCATCCCT	116.7453766639148	0.0	0.0	74.07688649394211	0.0	0.0	102.90093725014168	0.0	0.0	0.0	0.0	0.0	0.0
GSM4138110_HNSCC_1_PBMC_TGAGCCGAGATGAGAG	58.6148796740531	0.0	0.0	72.96821541364888	0.0	0.0	0.0	0.0	0.0	0.0	72.71659232816361	0.0	0.0
GSM4138110_HNSCC_1_PBMC_TGCGGGTTCTGATTCT	66.16324041692513	35.31277170552286	63.14251338014034	0.0	0.0	0.0	0.0	0.0	0.0	0.0	0.0	0.0	0.0
GSM4138110_HNSCC_1_PBMC_TGGCTGGGTTCCAACA	88.67787603356085	80.11309305931196	0.0	73.7221208887585	0.0	0.0	0.0	0.0	0.0	0.0	0.0	0.0	0.0
GSM4138110_HNSCC_1_PBMC_TGTATTCGTGGCTCCA	48.25924249693366	41.006992598361656	0.0	88.0903712955129	0.0	35.31438441833167	0.0	0.0	0.0	129.06727139509005	0.0	0.0	0.0
GSM4138110_HNSCC_1_PBMC_TGTGGTAAGTATGACA	0.0	74.55809014716162	61.84014974310847	0.0	5.19291551002884	65.9448954537541	0.0	0.0	0.0	0.0	0.0	0.0	0.0
GSM4138110_HNSCC_1_PBMC_TTCCCAGGTCACTGGC	0.0	63.256011561041625	38.59963852858658	0.0	17.666542894995136	38.301892350023046	0.0	0.0	0.0	0.0	0.0	0.0	0.0
GSM4138110_HNSCC_1_PBMC_TTCGGTCCACCTCGGA	68.42109552582697	0.0	67.2975193520815	0.0	0.0	0.0	0.0	47.2858227259517	0.0	0.0	0.0	0.0	0.0
GSM4138110_HNSCC_1_PBMC_TTCTACATCCTTCAAT	63.93105849587726	62.50178296817594	53.138277307990755	0.0	0.0	0.0	7.870532413252944	0.0	0.0	0.0	0.0	0.0	0.0
GSM4138110_HNSCC_1_PBMC_AAAGTAGTCGGCATCG	176.05861666149073	248.17559425959132	55.59684076143469	0.0	173.81007823361892	65.22424450730942	0.0	0.0	0.0	0.0	0.0	0.0	0.0
GSM4138110_HNSCC_1_PBMC_ACACTGATCGTACCGG	108.00112011281936	127.48745166736332	0.0	176.62131455195026	0.0	0.0	0.0	0.0	0.0	0.0	0.0	0.0	0.0
GSM4138110_HNSCC_1_PBMC_ACAGCTATCAGCACAT	103.81660753632526	238.13805561139893	32.18907629523769	45.34925549273983	112.62964744530552	74.74816393730963	0.0	0.0	0.0	0.0	0.0	0.0	0.0
GSM4138110_HNSCC_1_PBMC_ACTGAACGTTATTCTC	92.18322142541368	0.0	25.68921835023396	0.0	155.88790830892597	65.56589086192898	222.43039185594608	0.0	0.0	0.0	0.0	0.0	0.0
GSM4138110_HNSCC_1_PBMC_ACTGAGTTCAGGTAAA	67.0498731928881	186.54422751469716	0.0	0.0	160.24352111025664	68.53328298325835	0.0	0.0	0.0	0.0	0.0	0.0	0.0
GSM4138110_HNSCC_1_PBMC_ACTGCTCCAACCGCCA	132.08643135822228	0.0	0.0	0.0	167.8771032393413	0.0	0.0	0.0	152.08354121053296	0.0	0.0	0.0	0.0
GSM4138110_HNSCC_1_PBMC_ACTTACTAGTGGAGAA	229.7026608100495	255.13056133659114	0.0	229.9768827807436	17.192684943921076	0.0	0.0	0.0	0.0	0.0	0.0	0.0	0.0
GSM4138110_HNSCC_1_PBMC_ACTTGTTCAGTTCATG	260.69675672100607	96.36225170337066	356.0946040577177	0.0	0.0	0.0	214.51996446126384	0.0	0.0	0.0	0.0	0.0	0.0
GSM4138110_HNSCC_1_PBMC_AGAGTGGCAGGGATTG	40.732700898137	44.303598583613756	24.417916602475508	42.38245475584346	104.74312430339889	131.79582358898085	89.01867263389336	0.0	0.0	0.0	0.0	0.0	0.0
GSM4138110_HNSCC_1_PBMC_AGATCTGGTGATAAGT	160.19326611892097	0.0	149.58386527117884	0.0	0.0	0.0	99.32850294152286	0.0	0.0	0.0	0.0	0.0	0.0
GSM4138110_HNSCC_1_PBMC_AGATTGCGTATAGGGC	216.8477612509731	183.8803686259537	65.81403930651568	0.0	194.7123796570222	0.0	14.650549204503676	0.0	0.0	0.0	0.0	0.0	0.0
GSM4138110_HNSCC_1_PBMC_AGCGGTCCATGCTGGC	293.62669921839637	0.0	61.52639200589861	33.61618487208125	62.76800271309607	0.0	0.0	0.0	0.0	101.84061924804753	0.0	9.693737915563835	0.0
GSM4138110_HNSCC_1_PBMC_AGGCCACTCAGCGATT	171.8328695075195	0.0	69.66349536213673	32.67830987117546	39.10127406351267	0.0	13.48567039424792	142.96869400935063	0.0	0.0	0.0	0.0	0.0
GSM4138110_HNSCC_1_PBMC_AGTAGTCCACAGTCGC	203.9797023841859	325.520245235691	0.0	0.0	202.16367791585498	3.4388811449415266	0.0	0.0	0.0	0.0	0.0	0.0	0.0
GSM4138110_HNSCC_1_PBMC_AGTGTCATCCCTAATT	131.37401165886865	157.25471868141264	0.0	174.86595994075566	0.0	0.0	0.0	0.0	0.0	0.0	0.0	0.0	0.0
GSM4138110_HNSCC_1_PBMC_ATCCACCGTGGTTTCA	317.28780112762814	0.0	265.596574595625	55.990389164384055	0.0	0.0	0.0	0.0	0.0	111.2820024132299	314.6647193455189	0.0	0.0
GSM4138110_HNSCC_1_PBMC_ATCGAGTGTACTTAGC	0.0	255.57720314567476	0.0	183.28926940842095	0.0	238.79667761449707	0.0	0.0	0.0	0.0	0.0	0.0	0.0
GSM4138110_HNSCC_1_PBMC_CAACTAGTCTTGAGAC	184.84014856956034	174.25326812358165	5.587014476592256	133.79869482061355	0.0	0.0	0.0	0.0	0.0	0.0	0.0	0.0	0.0
GSM4138110_HNSCC_1_PBMC_CAAGGCCTCTAGCACA	129.60842879243512	0.0	98.45730428959313	1.9352480960005136	0.0	0.0	106.60281048954648	0.0	0.0	0.0	0.0	0.0	0.0
GSM4138110_HNSCC_1_PBMC_CACAAACAGGCTACGA	147.78505811116355	212.98098927879477	203.75804097297157	0.0	0.0	0.0	0.0	0.0	0.0	0.0	0.0	0.0	0.0
GSM4138110_HNSCC_1_PBMC_CACATTTTCATTGCGA	110.73370484714818	227.9005516244059	0.0	0.0	137.353943341401	15.414476108378594	0.0	0.0	0.0	0.0	0.0	0.0	0.0
GSM4138110_HNSCC_1_PBMC_CAGAGAGTCAGTTAGC	188.5408988679249	0.0	238.72403019180146	0.0	0.0	0.0	183.71801402506182	0.0	0.0	0.0	0.0	0.0	0.0
GSM4138110_HNSCC_1_PBMC_CAGCTGGGTCTCCACT	168.00210001703195	236.09107795546032	0.0	194.44982760431307	0.0	0.0	0.0	0.0	0.0	0.0	0.0	0.0	0.0
GSM4138110_HNSCC_1_PBMC_CAGCTGGGTGTTTGTG	142.46875886305875	128.71455950177474	0.0	0.0	171.44859989410324	0.0	0.0	0.0	0.0	0.0	0.0	0.0	0.0
GSM4138110_HNSCC_1_PBMC_CATATGGCAGGACGTA	279.9985114447969	164.5689500065518	0.0	104.12254314312955	54.336962048306965	0.0	0.0	0.0	0.0	0.0	0.0	0.0	0.0
GSM4138110_HNSCC_1_PBMC_CATATTCTCCACGTTC	0.0	142.92267863009283	0.0	142.3960884982537	0.0	191.35627404769318	0.0	0.0	0.0	0.0	0.0	0.0	0.0
GSM4138110_HNSCC_1_PBMC_CCAATCCCACGACTCG	95.75441587970947	0.0	0.0	0.0	125.51127629793359	0.0	0.0	0.0	127.18590480008118	0.0	0.0	0.0	0.0
GSM4138110_HNSCC_1_PBMC_CCTACCAGTCGGCTCA	0.0	0.0	98.58650691175512	0.0	126.40264771264579	173.57408491454987	0.0	0.0	80.1956299796887	146.19399613112563	0.0	0.0	0.0
GSM4138110_HNSCC_1_PBMC_CGAACATCAAGTTAAG	226.1624608311635	193.38083211203858	105.68430574698178	0.0	104.38969465790807	0.0	0.0	0.0	0.0	0.0	0.0	0.0	0.0
GSM4138110_HNSCC_1_PBMC_CGACCTTCATTACGAC	78.04712384177927	89.2859570316485	0.0	42.39795708354022	56.917517764550496	0.0	0.0	0.0	9.333561096897206	0.0	0.0	0.0	0.0
GSM4138110_HNSCC_1_PBMC_CGAGCACCATATACGC	257.7385223125217	15.330021923361523	184.43065830086599	50.75095310681714	0.0	19.938595502593227	0.0	171.6814164080855	0.0	0.0	76.94512609536595	0.0	0.0
GSM4138110_HNSCC_1_PBMC_CGATCGGCAACGATCT	160.7079118075303	38.2123128983315	177.72222161911463	0.0	0.0	0.0	160.5152920575699	0.0	0.0	0.0	0.0	0.0	0.0
GSM4138110_HNSCC_1_PBMC_CGATCGGGTTTGGGCC	0.0	0.0	0.0	136.1475556054828	0.0	182.63331009457485	0.0	0.0	0.0	211.78648577838985	0.0	0.0	0.0
GSM4138110_HNSCC_1_PBMC_CGCTATCCACCGAATT	256.115914169367	64.6800950586305	24.7531945073382	0.0	229.98497331260245	0.0	129.38646057246925	0.0	0.0	0.0	0.0	0.0	0.0
GSM4138110_HNSCC_1_PBMC_CGGAGCTGTCGAACAG	178.3520059603367	0.0	0.0	262.74141686753404	0.0	0.0	240.25858508349128	0.0	0.0	0.0	0.0	0.0	0.0
GSM4138110_HNSCC_1_PBMC_CGTTCTGGTCTAAACC	166.4738320639416	229.30359950462113	0.0	189.23245001513857	0.0	0.0	0.0	0.0	0.0	0.0	0.0	0.0	0.0
GSM4138110_HNSCC_1_PBMC_CGTTGGGGTGTGTGCC	135.01451345355247	0.0	0.0	139.7256475110598	0.0	0.0	110.86357008901834	0.0	0.0	0.0	0.0	0.0	0.0
GSM4138110_HNSCC_1_PBMC_CTAATGGCACACATGT	0.0	187.09997637911977	53.21216499640892	0.0	102.22153197287882	155.8950816534382	0.0	0.0	0.0	0.0	0.0	0.0	0.0
GSM4138110_HNSCC_1_PBMC_CTACCCAGTTACCGAT	188.6414376592536	236.62885223386706	15.110592333980238	159.88072249657574	44.826169801575766	0.0	0.0	0.0	0.0	0.0	0.0	0.0	0.0
GSM4138110_HNSCC_1_PBMC_CTAGAGTCATCGGACC	124.2296733958291	0.0	152.380070785507	0.0	3.132421469983291	0.0	54.24977887056159	0.0	0.0	0.0	102.0133208748429	0.0	83.15989428883223
GSM4138110_HNSCC_1_PBMC_CTCTGGTGTGTTCGAT	192.7969680852311	0.0	0.0	121.36475002971838	0.0	0.0	0.0	0.0	0.0	0.0	149.6240752021333	0.0	0.0
GSM4138110_HNSCC_1_PBMC_CTGATAGCATCAGTCA	124.30438918577715	106.97581006812362	112.81478537109474	0.0	0.0	0.0	82.04557519404544	0.0	0.0	0.0	0.0	0.0	0.0
GSM4138110_HNSCC_1_PBMC_CTGTTTACAATGTAAG	175.84995873271674	0.0	56.79111800253447	0.0	211.83646783333992	0.0	62.5904409727458	0.0	0.0	0.0	31.038121180954587	128.0361758225929	0.0
GSM4138110_HNSCC_1_PBMC_GAACCTATCTCTGTCG	76.32192039151441	93.39454537655396	0.0	0.0	99.0706957882061	25.825612065806247	0.0	0.0	0.0	0.0	0.0	0.0	0.0
GSM4138110_HNSCC_1_PBMC_GATCGCGTCAGGCGAA	134.20711858907381	0.0	68.95362182578423	0.0	40.59697285652193	0.0	138.50587535426024	0.0	0.0	0.0	0.0	0.0	0.0
GSM4138110_HNSCC_1_PBMC_GATCTAGCATACAGCT	42.232924803448434	187.65287459225164	0.0	342.5560598081431	0.0	100.68884545400704	0.0	0.0	0.0	0.0	0.0	0.0	0.0
GSM4138110_HNSCC_1_PBMC_GATGAAAGTAGAAGGA	100.38411918707087	38.30911266126798	0.0	105.54375351034768	0.0	0.0	0.0	0.0	35.80079531460669	19.24661307063492	0.0	0.0	0.0
GSM4138110_HNSCC_1_PBMC_GATGAAAGTCACCCAG	170.57174652988144	0.0	0.0	0.0	218.24181933622086	0.0	0.0	0.0	0.0	0.0	0.0	278.350858429835	0.0
GSM4138110_HNSCC_1_PBMC_GCATACACATCTGGTA	0.0	283.5683634342494	0.0	28.385376839544254	330.8169494653385	264.4135204274475	0.0	0.0	0.0	0.0	0.0	0.0	0.0
GSM4138110_HNSCC_1_PBMC_GCGAGAATCGCACTCT	8.820151922847637	231.80561382894626	105.50053214405976	84.10282314775523	85.37045649587645	186.90527585916539	44.459227756326186	0.0	0.0	0.0	0.0	0.0	0.0
GSM4138110_HNSCC_1_PBMC_GCGCGATAGGAGCGTT	94.24883139406104	0.0	71.09880881680542	0.0	0.0	0.0	155.9689301028795	0.0	0.0	0.0	0.0	0.0	0.0
GSM4138110_HNSCC_1_PBMC_GCTCTGTTCAGTTTGG	111.29613101503718	0.0	11.716322202954174	106.78001599954735	0.0	0.0	0.0	0.0	0.0	44.05786367432986	97.24589528377899	0.0	0.0
GSM4138110_HNSCC_1_PBMC_GCTGCGAGTCTAGTCA	101.08360899961278	0.0	155.57732496912888	74.84573840888079	0.0	0.0	0.0	189.0360313190634	0.0	0.0	0.0	0.0	0.0
GSM4138110_HNSCC_1_PBMC_GGCTCGATCAGGCGAA	113.69946128897158	127.96747322016066	124.92417715316155	0.0	11.384377035667535	0.0	30.582637822020086	0.0	0.0	0.0	0.0	0.0	0.0
GSM4138110_HNSCC_1_PBMC_GGGAATGTCTTCCTTC	0.0	0.0	0.0	0.0	0.0	0.0	0.0	0.0	0.0	138.37726645853158	3305.3128441376766	0.0	0.0
GSM4138110_HNSCC_1_PBMC_GGGCACTTCGTAGGTT	127.50509226949261	213.66932459936044	96.72916363011828	0.0	58.08759370192797	0.0	0.0	0.0	0.0	0.0	0.0	0.0	0.0
GSM4138110_HNSCC_1_PBMC_GTAGGCCAGTACTTGC	138.15433178267497	195.21824678158714	43.9773796029476	49.61073735745264	98.29601754714118	0.0	0.0	0.0	0.0	0.0	0.0	0.0	0.0
GSM4138110_HNSCC_1_PBMC_GTCACAATCTATCGCC	144.24945988704798	158.5044695862049	148.45249415042352	46.16502417558108	0.0	66.54153150226342	42.81786102777278	0.0	0.0	0.0	0.0	0.0	0.0
GSM4138110_HNSCC_1_PBMC_GTCTCGTAGTAGCGGT	151.10337775241496	88.7916059456877	0.0	134.668604556719	0.0	0.0	47.69846492000689	0.0	0.0	0.0	0.0	0.0	0.0
GSM4138110_HNSCC_1_PBMC_GTGCAGCTCTGTCTAT	198.47712629475726	369.2380417429539	0.0	0.0	281.75077761287616	0.0	0.0	0.0	0.0	0.0	0.0	0.0	0.0
GSM4138110_HNSCC_1_PBMC_GTGCATAGTACGCTGC	137.10513288559247	185.54073842947994	0.0	154.53167800859973	0.0	0.0	5.216781591948055	0.0	0.0	0.0	0.0	0.0	0.0
GSM4138110_HNSCC_1_PBMC_GTGCTTCAGTACGATA	144.17902309741766	0.0	202.03238499636302	0.0	0.0	0.0	170.46763591398192	0.0	0.0	0.0	0.0	0.0	0.0
GSM4138110_HNSCC_1_PBMC_TACAGTGCAATGACCT	149.10735345893272	131.4254174302028	147.42462153686287	0.0	0.0	0.0	0.0	0.0	0.0	0.0	0.0	0.0	0.0
GSM4138110_HNSCC_1_PBMC_TACTCATAGATCACGG	178.6472398869832	0.0	0.0	0.0	179.6122518661349	0.0	0.0	0.0	19.37462176149196	223.33772657050247	0.0	0.0	0.0
GSM4138110_HNSCC_1_PBMC_TACTCGCGTAAGGATT	148.62674264792955	0.0	115.17628198063665	134.81414619829272	0.0	0.0	196.4870812367897	0.0	0.0	0.0	0.0	0.0	0.0
GSM4138110_HNSCC_1_PBMC_TACTTGTCAAGTTAAG	201.26667088467397	247.1259598125113	0.0	74.64927469224428	137.08859871511865	0.0	0.0	0.0	0.0	0.0	0.0	0.0	0.0
GSM4138110_HNSCC_1_PBMC_TATCTCAAGGTGTGGT	126.63445939311708	158.958933961056	108.91655812328571	0.0	12.977272408665865	0.0	0.0	0.0	0.0	0.0	0.0	0.0	0.0
GSM4138110_HNSCC_1_PBMC_TCAGCTCCACCCATTC	0.0	0.0	0.0	0.0	267.7055577649133	245.76435838271212	207.28671586338916	0.0	0.0	0.0	0.0	0.0	0.0
GSM4138110_HNSCC_1_PBMC_TCGCGTTCAGCTGCTG	98.79231893781292	80.6911238501699	175.52925922277578	0.0	0.0	0.0	74.6004755448043	0.0	0.0	0.0	0.0	0.0	0.0
GSM4138110_HNSCC_1_PBMC_TCGGGACAGCTAGTTC	51.996873006810596	160.5498560964707	8.30241403037063	0.0	193.5059454205896	94.46395956455416	44.24054791777798	0.0	0.0	0.0	0.0	0.0	0.0
GSM4138110_HNSCC_1_PBMC_TCTTCGGAGTCATCCA	162.23012497092955	0.0	0.0	4.069790073609631	183.8655851253387	0.0	192.32958115858594	0.0	0.0	0.0	0.0	0.0	0.0
GSM4138110_HNSCC_1_PBMC_TGAGAGGGTCCCTACT	349.0197098068156	0.0	127.07534956402183	21.199588512933424	0.0	0.0	0.0	0.0	289.4041721259034	0.0	0.0	0.0	0.0
GSM4138110_HNSCC_1_PBMC_TGATTTCGTTAAAGTG	183.84445641849737	229.57020451967557	143.07447812492862	157.94916098361492	0.0	0.0	0.0	0.0	0.0	0.0	0.0	0.0	0.0
GSM4138110_HNSCC_1_PBMC_TGCCAAATCATGTCCC	188.75927620358644	0.0	55.44362026848727	128.5703543748058	0.0	0.0	0.0	0.0	0.0	0.0	176.68623555666213	0.0	0.0
GSM4138110_HNSCC_1_PBMC_TGTATTCAGAATGTTG	203.86105960004116	20.01789189777159	278.08263025018414	0.0	0.0	0.0	0.0	0.0	0.0	0.0	123.90394724350759	14.227590569580427	0.0
GSM4138110_HNSCC_1_PBMC_TGTCCCAGTTCAGGCC	93.05410351297576	0.0	127.33920492053291	0.0	20.50335002517858	0.0	196.47238067587776	0.0	0.0	0.0	0.0	0.0	0.0
GSM4138110_HNSCC_1_PBMC_TTGCCGTCAATAGCGG	0.0	220.7180762747553	47.35886061776363	0.0	138.92718721191042	169.32530254903298	7.941936226184999	0.0	0.0	0.0	0.0	0.0	0.0
GSM4138110_HNSCC_1_PBMC_TTTATGCAGACTGGGT	116.50616059525524	22.67319092735444	35.96609997609547	110.81741240783413	4.505217708156573	0.0	118.02523180877569	0.0	2.293935561853237	0.0	0.0	0.0	0.0
GSM4138110_HNSCC_1_PBMC_AACGTTGAGTTTAGGA	52.50528144462045	27.374940171804862	72.22924260195803	19.86128023476462	0.0	62.1167855471418	0.0	1.9794582300747692	50.17963810571627	41.42161945864755	0.0	0.0	0.0
GSM4138110_HNSCC_1_PBMC_AAGGCAGCAATCACAC	75.04780879030561	0.0	156.02831532158177	0.0	29.448669170932444	0.0	0.0	0.0	0.0	0.0	0.0	90.23850905816305	0.0
GSM4138110_HNSCC_1_PBMC_ACTGATGTCAATAAGG	68.07914223700729	58.259409798329166	53.32067251195798	14.322107779600701	0.0	0.0	0.0	0.0	0.0	0.0	0.0	0.0	0.0
GSM4138110_HNSCC_1_PBMC_AGCAGCCAGGCCCTCA	140.86490607423258	91.65924941459397	72.94617863199454	0.0	0.0	0.0	0.0	0.0	0.0	0.0	0.0	0.0	0.0
GSM4138110_HNSCC_1_PBMC_CATATTCCATATGAGA	110.47958359939716	8.801865074593495	114.8669289823374	0.0	5.513551718907463	0.0	0.0	0.0	46.82187557588373	47.454958709301735	0.0	0.0	0.0
GSM4138110_HNSCC_1_PBMC_CCTCAGTCAACTGCGC	132.72210098011732	0.0	0.0	74.90510466213378	0.0	0.0	15.305645529341433	24.83593288187216	0.0	0.0	0.0	0.0	0.0
GSM4138110_HNSCC_1_PBMC_CGGTTAACACCTCGTT	38.02631520850283	0.0	55.06210485739093	0.0	0.0	29.63632109799997	69.57273081732923	0.0	0.0	0.0	0.0	0.0	0.0
GSM4138110_HNSCC_1_PBMC_CGTGTAATCTCCAGGG	0.0	0.0	16.2546937563901	57.10417294309362	0.0	65.37803679362085	41.850922198749096	0.0	0.0	0.0	0.0	0.0	0.0
GSM4138110_HNSCC_1_PBMC_CGTTGGGTCAGTGCAT	86.05107558741324	0.0	0.0	0.0	63.08309292643395	0.0	0.0	0.0	82.2454343588129	0.0	0.0	13.461842087425783	0.0
GSM4138110_HNSCC_1_PBMC_CTAGAGTAGCTATGCT	0.0	108.31096918520075	18.47383479128753	101.44876352233119	0.0	131.10434326161993	0.0	0.0	0.0	0.0	0.0	0.0	0.0
GSM4138110_HNSCC_1_PBMC_GCATACATCGTTACAG	70.79429763408143	0.0	0.0	72.99019316457843	0.0	0.0	0.0	0.0	51.127188553307676	0.0	0.0	0.0	0.0
GSM4138110_HNSCC_1_PBMC_AAACGGGCAGTATCTG	72.80013073647225	78.17758212356749	26.099106029470377	40.87258111720654	7.863316444999528	0.0	0.0	0.0	0.0	0.0	0.0	0.0	0.0
GSM4138110_HNSCC_1_PBMC_AAAGATGTCTGATTCT	125.31588947922735	54.33452146158891	103.44934353772858	0.0	0.0	0.0	47.50595245557045	0.0	0.0	0.0	0.0	0.0	0.0
GSM4138110_HNSCC_1_PBMC_AAAGTAGGTAGCGCTC	57.98953208903755	0.0	39.4706728604325	0.0	20.14675157063375	0.0	0.0	106.3052698202244	0.0	0.0	0.0	0.0	0.0
GSM4138110_HNSCC_1_PBMC_AACTCAGGTGGTCTCG	98.86096782469808	0.0	81.64282230433331	0.0	0.0	0.0	52.072815394256565	0.0	0.0	0.0	0.0	0.0	0.0
GSM4138110_HNSCC_1_PBMC_AACTCCCTCCAATGGT	141.1971229808034	106.62319912397005	28.615800233140163	0.0	58.919231323204016	0.0	0.0	0.0	0.0	0.0	0.0	0.0	0.0
GSM4138110_HNSCC_1_PBMC_AACTCTTAGTGGGTTG	98.26839698029143	21.49590178656999	97.91531589909191	0.0	0.0	0.0	0.0	0.0	0.0	34.31483043884893	30.115160968857218	0.0	0.0
GSM4138110_HNSCC_1_PBMC_AACTCTTGTCACACGC	72.06550309920303	71.6410142252277	31.25848829276836	0.0	0.0	0.0	0.0	0.0	0.0	0.0	0.0	0.0	0.0
GSM4138110_HNSCC_1_PBMC_AACTTTCAGAAGGTTT	84.81643717970661	34.47695357224378	68.67021219026766	0.0	61.300866678834446	0.0	0.0	41.12586054649322	0.0	0.0	0.0	0.0	0.0
GSM4138110_HNSCC_1_PBMC_AAGGAGCTCCTTTCGG	117.62682540821679	95.28709596789227	159.87240122851227	0.0	0.0	0.0	0.0	0.0	0.0	0.0	0.0	0.0	0.0
GSM4138110_HNSCC_1_PBMC_AATCCAGAGTGCTGCC	107.52881475134008	0.0	35.67701629880601	94.61812989984402	0.0	0.0	0.0	0.0	0.0	0.0	88.40312464359452	0.0	0.0
GSM4138110_HNSCC_1_PBMC_AATCGGTGTCTAGCCG	136.95303574183916	126.25247838291982	0.0	0.0	87.36376530031764	0.0	0.0	0.0	0.0	0.0	0.0	0.0	0.0
GSM4138110_HNSCC_1_PBMC_ACACCCTCATCTACGA	84.80679737552747	0.0	76.30346484421028	0.0	0.0	0.0	0.0	0.0	0.0	65.18114420069075	0.0	0.0	0.0
GSM4138110_HNSCC_1_PBMC_ACACCGGCACCATGTA	242.2512042164705	0.0	0.0	251.44799880836075	0.0	0.0	0.0	0.0	0.0	44.63035874996153	63.1595648024908	0.0	68.21311518831244
GSM4138110_HNSCC_1_PBMC_ACATCAGAGCGTTCCG	148.55914527903704	0.0	126.48592791082523	0.0	21.98666716093612	0.0	0.0	9.34344424821088	0.0	0.0	0.0	0.0	199.39746299424363
GSM4138110_HNSCC_1_PBMC_ACCCACTCAATGTAAG	61.07621660395413	0.0	0.0	59.5231573001728	2.158267484196875	0.0	0.0	0.0	0.0	0.0	62.4925972467171	0.0	0.0
GSM4138110_HNSCC_1_PBMC_ACCCACTGTAAGTGTA	79.67768510159455	0.0	66.20730694297028	0.0	0.0	1.374915502579214	90.0303961944312	12.533511140674385	0.0	0.0	0.0	0.0	0.0
GSM4138110_HNSCC_1_PBMC_ACCTTTATCATAACCG	119.0669361607091	0.0	72.29443187606036	0.0	24.97754963305319	0.0	0.0	0.0	40.738413121347996	96.80115188560912	0.0	0.0	0.0
GSM4138110_HNSCC_1_PBMC_ACGAGCCAGGTGTGGT	19.507781848799677	122.27091804602499	21.25708124457843	40.79109093433724	0.0	44.38616725299244	0.0	0.0	0.0	0.0	0.0	0.0	0.0
GSM4138110_HNSCC_1_PBMC_ACGATACCATATGAGA	0.0	10.588241860140121	42.46258715381023	5.45677606352087	0.0	81.60459282908799	0.0	0.0	2.08148593907339	42.0353347012315	5.695036130516288	0.0	0.0
GSM4138110_HNSCC_1_PBMC_ACGATACTCTGATTCT	93.74974996258877	0.0	55.646418376368125	0.0	0.0	0.0	76.81920986604358	0.0	0.0	0.0	0.0	0.0	0.0
GSM4138110_HNSCC_1_PBMC_ACGATGTCAGGCAGTA	39.64706140434372	0.0	59.89462111711351	0.0	0.0	59.296525687584484	0.0	0.0	0.0	0.0	0.0	0.0	73.83084326228249
GSM4138110_HNSCC_1_PBMC_ACGCAGCGTAGAGCTG	9.380384313610397	7.072537792841513	0.0	56.43713147289125	0.0	77.31483769974183	0.0	0.0	0.0	43.638723641311095	0.0	0.0	0.0
GSM4138110_HNSCC_1_PBMC_ACGCCGAAGGTAGCTG	21.56131966972735	0.0	0.0	122.56627380725219	0.0	22.74767645026055	0.0	41.33417158310346	0.0	0.0	0.0	0.0	0.0
GSM4138110_HNSCC_1_PBMC_ACGGGCTGTGATAAAC	95.9928340528715	0.0	65.01845254650937	0.0	0.0	0.0	0.0	0.0	0.0	0.0	0.0	0.0	125.18646948311346
GSM4138110_HNSCC_1_PBMC_ACGTCAACATCACGAT	57.28492259274562	0.0	63.63869547340903	0.0	0.0	0.0	0.0	42.11069718282459	0.0	0.0	0.0	0.0	0.0
GSM4138110_HNSCC_1_PBMC_ACTATCTAGGAATTAC	91.59417750278266	109.46644845418778	175.08531212597262	0.0	54.48355436605843	85.48013343935837	0.0	0.0	0.0	0.0	0.0	0.0	0.0
GSM4138110_HNSCC_1_PBMC_ACTGATGTCGTTACGA	119.91862877367333	0.0	0.0	177.72311526744127	0.0	21.378551500926747	0.0	92.64001100596526	0.0	0.0	0.0	0.0	0.0
GSM4138110_HNSCC_1_PBMC_ACTTACTAGATAGGAG	0.0	76.95339591539268	133.96441441524757	0.0	0.0	74.2360111008346	0.0	0.0	0.0	0.0	0.0	0.0	0.0
GSM4138110_HNSCC_1_PBMC_ACTTGTTTCCACGACG	73.06894563460725	105.45648934543188	0.0	66.15073194517954	67.73901374221263	0.0	0.0	0.0	0.0	0.0	0.0	0.0	0.0
GSM4138110_HNSCC_1_PBMC_ACTTTCATCGTCACGG	2.9039869129605798	53.982503855014144	0.0	78.30014603744115	11.732150454943808	89.5714373682645	0.0	0.0	0.0	0.0	0.0	0.0	0.0
GSM4138110_HNSCC_1_PBMC_AGATTGCTCATGCTCC	49.117896637475525	0.0	81.3087719140252	0.0	16.497441372847966	116.99314266277041	88.07165070517635	1.8906262378454228	0.0	0.0	0.0	0.0	0.0
GSM4138110_HNSCC_1_PBMC_AGATTGCTCCTAGAAC	105.10017418063835	0.0	0.0	51.77896259648676	0.0	48.665525130281964	0.0	0.0	0.0	48.205520992362636	0.0	0.0	0.0
GSM4138110_HNSCC_1_PBMC_AGCAGCCTCACTCTTA	77.22674055730343	47.14869492839532	46.365951057616876	0.0	30.17487395223742	0.0	12.55826173741394	0.0	0.0	0.0	0.0	15.139208790631942	0.0
GSM4138110_HNSCC_1_PBMC_AGCCTAAAGCGTGAAC	145.9468057145585	0.0	0.0	140.8153705100552	0.0	0.0	0.0	0.0	0.0	67.74682201870402	60.05910356100407	0.0	0.0
GSM4138110_HNSCC_1_PBMC_AGCCTAAGTCTCATCC	36.87321902247983	0.0	0.0	0.0	31.52560395420488	0.0	0.0	0.0	0.0	0.0	117.73339734943653	0.0	0.0
GSM4138110_HNSCC_1_PBMC_AGCGTATAGCCAGTTT	130.1442210251391	83.95759783266031	80.47450731004635	0.0	0.0	0.0	0.0	0.0	0.0	0.0	0.0	0.0	0.0
GSM4138110_HNSCC_1_PBMC_AGCGTCGAGCGCTCCA	80.04678276245117	53.104795237336326	0.0	98.44790924057888	0.0	0.0	0.0	0.0	0.0	0.0	0.0	0.0	0.0
GSM4138110_HNSCC_1_PBMC_AGCTCCTGTATCACCA	15.923634020901925	0.0	52.24936788762822	0.0	108.64624887063654	188.4845583463535	0.0	53.0481487454776	0.0	76.71851008870136	0.0	0.0	0.0
GSM4138110_HNSCC_1_PBMC_AGCTCTCAGTCGTTTG	112.18336045328377	19.32557648536249	120.92372668972818	0.0	0.0	0.0	114.246039037439	0.0	0.0	0.0	0.0	0.0	0.0
GSM4138110_HNSCC_1_PBMC_AGCTTGAAGACTGGGT	102.60489917669192	47.05495726528545	69.75376943186022	0.0	0.0	0.0	0.0	0.0	0.0	0.0	0.0	45.78803449977116	0.0
GSM4138110_HNSCC_1_PBMC_AGGCCGTAGACTACAA	107.07611007134052	0.0	0.0	105.35735653946658	0.0	0.0	0.0	0.0	0.0	119.17754604035578	0.0	0.0	0.0
GSM4138110_HNSCC_1_PBMC_AGGGATGAGACCCACC	101.94028228951855	71.41840853987777	51.93961299237539	0.0	29.943225172750342	0.0	0.0	0.0	0.0	0.0	0.0	0.0	0.0
GSM4138110_HNSCC_1_PBMC_AGGGATGCATGTTCCC	0.0	107.4891247400586	77.34613806219976	8.109989292201892	35.32092663149955	125.21478534728763	0.0	0.0	0.0	0.0	0.0	0.0	0.0
GSM4138110_HNSCC_1_PBMC_AGTAGTCGTCAATGTC	90.01280973981868	67.89560649087912	15.823275135446016	51.700788762659336	0.0	0.0	0.0	0.0	0.0	0.0	0.0	0.0	0.0
GSM4138110_HNSCC_1_PBMC_AGTAGTCGTCCGAAGA	46.86824614320132	0.0	14.799387913654765	99.11152000348127	0.0	56.99617414673737	88.62324316082696	0.0	0.0	0.0	0.0	0.0	0.0
GSM4138110_HNSCC_1_PBMC_AGTGGGAAGGAGCGAG	161.42159912220205	140.42069323591042	76.18847268958156	76.41265472929034	0.0	0.0	0.0	0.0	0.0	12.525601492318245	0.0	0.0	0.0
GSM4138110_HNSCC_1_PBMC_AGTGTCAGTACCGGCT	180.790707224189	65.5017284015184	0.0	84.83791435549253	0.0	0.0	77.32755205100511	0.0	0.0	0.0	0.0	0.0	0.0
GSM4138110_HNSCC_1_PBMC_ATAAGAGAGCTGATAA	69.89467629616954	32.107590467562886	0.0	49.20773374872535	0.0	35.33487265521156	0.0	0.0	0.0	0.0	0.0	0.0	0.0
GSM4138110_HNSCC_1_PBMC_ATCACGAGTCAAACTC	68.52706787038161	38.40481310996023	0.0	100.06055232962746	0.0	0.0	0.0	0.0	0.0	44.05909811016305	0.0	0.0	0.0
GSM4138110_HNSCC_1_PBMC_ATCATCTTCTGTGCAA	68.38836344548618	64.82469460277251	28.85858208010615	41.359080340994346	0.0	11.74609573875962	0.0	0.0	0.0	0.0	0.0	0.0	0.0
GSM4138110_HNSCC_1_PBMC_ATCATGGGTCACTGGC	93.88066668904901	0.0	0.0	129.23668685647303	0.0	10.298633856184411	0.0	39.89546307514117	0.0	0.0	0.0	82.8316677624052	0.0
GSM4138110_HNSCC_1_PBMC_ATCTGCCCATACGCCG	98.95062347943767	65.07995933517401	96.11224653850743	0.0	0.0	0.0	0.0	0.0	0.0	0.0	0.0	0.0	0.0
GSM4138110_HNSCC_1_PBMC_ATGAGGGAGTGTACGG	88.00874375246954	18.718033625061725	102.01733045927811	0.0	0.0	0.0	110.76476868961983	0.0	0.0	0.0	0.0	0.0	0.0
GSM4138110_HNSCC_1_PBMC_ATGGGAGAGACCCACC	166.1675912250284	106.9897464511141	55.99395769805535	128.55859884122074	0.0	0.0	0.0	0.0	0.0	0.0	97.13845623676686	0.0	0.0
GSM4138110_HNSCC_1_PBMC_ATGTGTGTCCAGTAGT	74.16986949337073	78.35062815707714	66.52892410326854	0.0	0.0	0.0	10.39640783460483	0.0	0.0	0.0	0.0	1.3309595008066073	0.0
GSM4138110_HNSCC_1_PBMC_ATTATCCAGCGCCTTG	0.0	106.68857915121785	0.0	123.25980253921016	0.0	117.56648747618225	0.0	0.0	0.0	0.0	0.0	0.0	0.0
GSM4138110_HNSCC_1_PBMC_ATTCTACAGATGTCGG	90.37678213897914	93.92048101576609	0.0	103.15194359344144	0.0	2.7044516924628215	0.0	0.0	0.0	0.0	0.0	0.0	0.0
GSM4138110_HNSCC_1_PBMC_ATTGGACAGAAGGCCT	60.86693058665757	48.540341873833455	76.48121852614457	0.0	0.0	0.0	0.0	0.0	0.0	9.028216966969913	0.0	0.0	0.0
GSM4138110_HNSCC_1_PBMC_ATTGGTGCACAGGAGT	24.613494150708604	112.11715394214995	0.0	128.61815837269555	0.0	50.9066025364415	0.0	0.0	0.0	0.0	0.0	0.0	0.0
GSM4138110_HNSCC_1_PBMC_CAACCTCTCTAAGCCA	63.06430429399879	0.0	98.34706810226092	0.0	0.0	0.0	0.0	55.00777201000787	0.0	0.0	0.0	0.0	0.0
GSM4138110_HNSCC_1_PBMC_CAACTAGGTGTCCTCT	81.24988627758137	4.099159453570331	36.45206587365177	0.0	64.47715267483987	0.0	0.0	81.9072690527567	0.0	0.0	0.0	0.0	0.0
GSM4138110_HNSCC_1_PBMC_CAACTAGTCAAGATCC	10.131164413656938	98.97737496489876	0.21574658963361523	0.0	29.866837412585834	79.48190692671865	0.0	0.0	0.0	0.0	0.0	0.0	0.0
GSM4138110_HNSCC_1_PBMC_CAAGAAATCACAAACC	65.54244378576169	0.0	66.88564266291601	0.0	0.0	0.0	0.0	59.442383121138	0.0	0.0	0.0	0.0	0.0
GSM4138110_HNSCC_1_PBMC_CAAGTTGCATGTTCCC	136.6846562977108	38.51349700173583	164.32065464258753	0.0	0.0	0.0	94.9495413507827	0.0	0.0	0.0	0.0	0.0	0.0
GSM4138110_HNSCC_1_PBMC_CACACTCTCAAGATCC	99.7813511430514	102.73193729431178	132.30063254708713	0.0	0.0	0.0	0.0	0.0	0.0	17.077297765882648	0.0	0.0	0.0
GSM4138110_HNSCC_1_PBMC_CACAGGCTCCGCGTTT	112.41278542111395	116.60365304845314	46.57242154172026	0.0	33.7756434154886	0.0	0.0	0.0	0.0	0.0	0.0	0.0	0.0
GSM4138110_HNSCC_1_PBMC_CACAGTAAGTTACCCA	84.2728022949715	0.0	7.562929818439426	61.396262704918	0.0	35.99979882149656	97.60850196996752	27.32206374469472	0.0	0.0	0.0	0.0	0.0
GSM4138110_HNSCC_1_PBMC_CACATTTAGTAGCGGT	84.7658454464388	0.0	35.08617305370073	0.0	28.000079929873042	20.082235414868283	0.0	79.12686812918234	0.0	0.0	0.0	0.0	0.0
GSM4138110_HNSCC_1_PBMC_CACCACTTCCGCGGTA	41.6023710421127	52.37930181370912	45.6673728232577	36.2137691882036	58.44431330324783	11.88385850212224	0.0	0.0	0.0	0.0	0.0	0.0	0.0
GSM4138110_HNSCC_1_PBMC_CAGAGAGAGCCACTAT	83.41479850424028	0.0	57.41216286202821	0.0	0.0	0.0	86.67570285144984	0.0	0.0	0.0	0.0	0.0	0.0
GSM4138110_HNSCC_1_PBMC_CAGCAGCGTGCAGTAG	48.614449573394594	40.2138532524232	64.69476025086303	17.151502394182597	0.0	0.0	0.0	0.0	0.0	0.0	0.0	0.0	0.0
GSM4138110_HNSCC_1_PBMC_CAGCATAAGTACTTGC	49.69685134836745	0.0	91.42426591216488	0.0	0.0	0.0	0.0	0.0	0.0	0.0	0.0	0.0	95.41086658396154
GSM4138110_HNSCC_1_PBMC_CAGCATATCAGAGGTG	148.89933374650946	134.37623884990683	135.579343111894	0.0	35.42755078629001	0.0	0.0	0.0	0.0	0.0	0.0	0.0	0.0
GSM4138110_HNSCC_1_PBMC_CAGCTAAGTTCCACGG	32.990491825533496	0.0	0.0	81.24206398562087	6.85341216578219	61.04881977655163	0.0	0.0	0.0	0.0	105.06582294994583	0.0	0.0
GSM4138110_HNSCC_1_PBMC_CATCGAAGTACTTCTT	0.0	0.0	83.10808242494403	0.0	0.0	145.50696812103314	0.0	81.56540825586175	0.0	0.0	0.0	0.0	0.0
GSM4138110_HNSCC_1_PBMC_CATCGGGAGAGCTTCT	34.25705494079247	0.0	38.44808794521841	0.0	9.193037496741546	0.0	0.0	0.0	0.0	0.0	36.680762159966385	0.0	0.0
GSM4138110_HNSCC_1_PBMC_CATTATCTCGATCCCT	76.59205848224332	88.258497734384	92.82877277351515	0.0	52.93938280135589	82.46515869663338	0.0	0.0	0.0	0.0	0.0	0.0	0.0
GSM4138110_HNSCC_1_PBMC_CATTCGCAGTGAAGAG	187.954489300416	131.41164487920898	135.26546135772864	0.0	29.559536279701913	0.0	0.0	0.0	0.0	0.0	0.0	0.0	0.0
GSM4138110_HNSCC_1_PBMC_CCACGGACAGATGGGT	181.57225586275328	126.71732189281755	0.0	0.0	162.8959084646744	0.0	0.0	0.0	0.0	0.0	0.0	0.0	0.0
GSM4138110_HNSCC_1_PBMC_CCACTACAGGTTCCTA	107.49277419673525	0.0	0.0	21.208503184410752	75.82844458154098	0.0	0.0	76.69862704253728	0.0	0.0	0.0	3.612159968011536	0.0
GSM4138110_HNSCC_1_PBMC_CCCAGTTAGGCACATG	61.20735416277394	45.72771012474435	45.567959596066025	56.07369779741302	0.0	0.0	4.995202868251753	0.0	15.66976508815498	0.0	4.27847024215239	0.0	0.0
GSM4138110_HNSCC_1_PBMC_CCCTCCTGTACAGCAG	42.63493784038296	79.19171020386919	0.0	0.0	56.76965819587158	27.70271496164459	0.0	0.0	0.0	0.0	0.0	0.0	0.0
GSM4138110_HNSCC_1_PBMC_CCCTCCTTCCATGAAC	65.33458289995406	0.0	67.44491455760266	0.0	0.0	0.0	0.0	56.626182992842494	0.0	0.0	0.0	18.95585108058573	0.0
GSM4138110_HNSCC_1_PBMC_CCGTACTGTTCCAACA	134.32601195384984	0.0	129.0703881342666	0.0	0.0	6.8406047680779976	5.426716925627083	0.0	93.55561270062412	0.0	0.0	0.0	0.0
GSM4138110_HNSCC_1_PBMC_CCGTACTTCCGATATG	0.0	56.58584891524456	0.0	54.33617236562733	0.0	53.75961835648687	0.0	0.0	0.0	0.0	0.0	0.0	0.0
GSM4138110_HNSCC_1_PBMC_CCGTGGAAGGAGTACC	84.29937062487993	75.77308478968767	71.93098319522298	0.0	0.0	0.0	0.0	0.0	0.0	0.0	0.0	0.0	0.0
GSM4138110_HNSCC_1_PBMC_CCTAAAGAGCGCCTCA	156.33662042029687	0.0	0.0	222.73270875364645	0.0	0.0	150.83003035520804	0.0	0.0	0.0	0.0	0.0	0.0
GSM4138110_HNSCC_1_PBMC_CCTACACCACAGGCCT	100.05375591390647	90.78175040779811	0.0	22.469341789245966	108.33452955565669	0.0	0.0	0.0	0.0	0.0	0.0	0.0	0.0
GSM4138110_HNSCC_1_PBMC_CCTATTACACAAGACG	149.4417930544694	165.9830298586567	0.0	142.99714185786124	0.0	0.0	0.0	0.0	0.0	0.0	0.0	0.0	0.0
GSM4138110_HNSCC_1_PBMC_CCTTACGAGAATAGGG	67.50394918123445	0.0	64.645133562764	0.0	0.0	42.6178979519347	0.0	0.0	0.0	144.02385872130495	0.0	0.0	0.0
GSM4138110_HNSCC_1_PBMC_CGAACATGTCCAGTAT	69.97685384808229	67.10721489649501	0.0	66.7332689014266	0.0	0.0	0.0	1.788366751727016	0.0	0.0	0.0	0.0	0.0
GSM4138110_HNSCC_1_PBMC_CGATCGGCAACACCCG	0.0	50.254153717135516	0.0	0.0	59.398037504299644	49.00238411109336	0.0	0.0	0.0	0.0	0.0	0.0	0.0
GSM4138110_HNSCC_1_PBMC_CGATGTATCCTTTCGG	78.42197883802646	0.0	69.28164940165014	14.098336282598257	0.0	0.0	71.11154293920596	0.0	0.0	0.0	0.0	0.0	0.0
GSM4138110_HNSCC_1_PBMC_CGCGGTAAGACACGAC	18.34537262074763	0.0	0.0	100.27226813965243	0.0	0.0	68.81393145827077	0.0	0.0	0.0	0.0	0.0	0.0
GSM4138110_HNSCC_1_PBMC_CGCGGTATCAGTCCCT	76.2221012070049	72.23494621193997	11.120763390585413	33.802599709368685	16.92032988272381	0.0	0.0	0.0	0.0	0.0	0.0	0.0	0.0
GSM4138110_HNSCC_1_PBMC_CGCTATCAGGTAGCCA	140.71483204913108	55.73766655513027	77.11710108448044	0.0	22.20694058282941	0.0	84.06522020423253	0.0	15.76473945311603	0.0	2.6150530240391143	0.0	0.0
GSM4138110_HNSCC_1_PBMC_CGCTTCACAGTACACT	124.47067775126041	0.0	47.28047128633411	47.61418223669078	0.0	0.0	21.09605716239677	0.0	0.0	0.0	65.19310375558344	0.0	0.0
GSM4138110_HNSCC_1_PBMC_CGGAGCTCAGACGCAA	75.8220941743507	58.28157825246588	0.0	89.89064847204119	0.0	0.0	0.0	0.0	0.0	0.0	0.0	0.0	0.0
GSM4138110_HNSCC_1_PBMC_CGGAGCTTCGCCTGAG	50.53677827738048	132.16784915979358	0.0	128.19597689466494	0.0	66.56592969471563	0.0	0.0	0.0	0.0	0.0	0.0	0.0
GSM4138110_HNSCC_1_PBMC_CGGCTAGTCACATAGC	124.026956468341	0.0	182.7721017168659	0.0	0.0	2.739832796128925	0.0	0.0	0.0	22.693081180536804	0.0	62.79239359649903	48.69122062813316
GSM4138110_HNSCC_1_PBMC_CGGCTAGTCAGAGACG	78.07387292177337	61.598268785906725	0.0	133.368375807044	0.0	0.0	0.0	0.0	0.0	0.0	0.0	0.0	0.0
GSM4138110_HNSCC_1_PBMC_CGGCTAGTCCTAAGTG	90.24797822168541	0.0	0.0	67.73725300398519	0.0	15.440781764102097	0.0	0.0	0.0	131.70008435106183	0.0	0.0	0.0
GSM4138110_HNSCC_1_PBMC_CGTAGCGAGAAGGGTA	71.81037520988976	154.40367556874583	6.975041453097931	49.693198170963235	44.891962910292584	0.0	0.0	0.0	0.0	0.0	0.0	0.0	0.0
GSM4138110_HNSCC_1_PBMC_CGTAGGCGTGGTAACG	0.0	105.32735401763762	0.0	0.0	67.92152968057972	46.92308696658704	0.0	0.0	0.0	0.0	0.0	0.0	0.0
GSM4138110_HNSCC_1_PBMC_CGTCACTTCAAACCGT	91.55049202229608	0.0	64.4670395790573	0.0	21.27097148460827	0.0	100.35499118696923	0.0	0.0	0.0	0.0	0.0	0.0
GSM4138110_HNSCC_1_PBMC_CGTCCATAGCAGCGTA	37.250997223935684	0.0	0.0	58.01230094414631	0.0	0.0	0.0	0.0	0.0	77.58159064659466	0.0	0.0	0.0
GSM4138110_HNSCC_1_PBMC_CGTGTAAAGGTGTGGT	116.6434643687516	19.43802892597894	104.30211371783643	0.0	0.0	2.18294682901389	26.049093951594685	0.0	0.0	0.0	0.0	48.68060049647377	0.0
GSM4138110_HNSCC_1_PBMC_CGTTGGGCAGGCGATA	82.37423764281864	21.82305256971917	64.3465791860827	28.62776759904732	0.0	0.0	0.0	0.0	0.0	43.123547200969114	0.0	0.0	0.0
GSM4138110_HNSCC_1_PBMC_CTACACCGTAGCTTGT	70.09485459602612	102.19063937918025	0.0	4.753980473457118	62.814767205383916	0.0	0.0	0.0	0.0	0.0	0.0	0.0	0.0
GSM4138110_HNSCC_1_PBMC_CTACGTCAGTGGGATC	58.88801182879863	0.0	133.32000181801914	0.0	0.0	0.0	0.0	0.0	52.824763026808824	0.0	0.0	2.255291122358574	0.0
GSM4138110_HNSCC_1_PBMC_CTACGTCTCCACGAAT	48.80747127031298	74.54111538522933	1.0426856692988806	0.0	59.05451398794045	0.0	1.4812575934870027	0.0	0.0	0.0	0.0	0.0	0.0
GSM4138110_HNSCC_1_PBMC_CTAGCCTAGCCAACAG	91.12617766507653	60.818448454943955	0.0	113.87121465530828	0.0	0.0	0.0	0.0	0.0	0.0	0.0	0.0	0.0
GSM4138110_HNSCC_1_PBMC_CTCAGAATCGAATGGG	124.00611462910884	0.0	102.01236084874938	0.0	0.0	0.0	114.74506499204774	13.266153298515933	0.0	0.0	0.0	0.0	0.0
GSM4138110_HNSCC_1_PBMC_CTCCTAGCAAGTCTGT	38.72885413559994	79.23482420301764	86.14107764532439	0.0	0.0	77.55932840852726	0.0	0.0	0.0	0.0	0.0	0.0	0.0
GSM4138110_HNSCC_1_PBMC_CTCGGAGAGCAGGTCA	80.30994597469677	98.51889020799685	1.5655213810925461	127.59033857321137	0.0	0.0	0.0	0.0	0.0	0.0	0.0	0.0	0.0
GSM4138110_HNSCC_1_PBMC_CTCGTACTCAGCAACT	67.16810391828842	115.88610215876749	0.0	0.0	172.35860399320228	91.14277386359196	0.0	0.0	0.0	0.0	0.0	0.0	0.0
GSM4138110_HNSCC_1_PBMC_CTCGTCAAGCTCTCGG	72.64003759122332	0.0	122.84150038149313	65.70931193629171	40.13961088686003	0.0	0.0	0.0	119.90425473081669	0.0	76.57715227757711	0.0	0.0
GSM4138110_HNSCC_1_PBMC_CTCTACGCAGATCGGA	0.0	39.561644237234376	0.0	12.274985929326926	43.48269406583627	56.64518399284427	0.0	0.0	0.0	0.0	0.0	0.0	0.0
GSM4138110_HNSCC_1_PBMC_CTCTGGTAGACAGGCT	0.0	92.88125939145749	0.0	0.0	43.93688505058952	82.71926177648554	0.6062450580207264	0.0	0.0	0.0	0.0	0.0	0.0
GSM4138110_HNSCC_1_PBMC_CTCTGGTCACAGCCCA	0.0	140.3555147749662	41.696478774839434	0.0	75.75622834620393	83.89075643052834	0.0	0.0	0.0	0.0	0.0	0.0	0.0
GSM4138110_HNSCC_1_PBMC_CTGAAACCAGCCTTGG	0.0	0.0	0.0	95.96533260444738	0.0	80.81492508765774	0.0	0.0	0.0	77.52021553991788	0.0	0.0	0.0
GSM4138110_HNSCC_1_PBMC_CTGAAACCAGTATGCT	78.88730975166065	0.0	58.72725516460459	0.0	0.0	39.49577269739103	0.0	94.07499886902926	0.0	0.0	0.0	16.040588477365194	0.0
GSM4138110_HNSCC_1_PBMC_CTGAAGTCAGCTGCTG	23.348343509409926	46.908531075336136	4.411040570417347	60.12313219939058	0.0	74.41970426987632	0.0	0.0	42.76980658541249	0.0	0.0	0.0	0.0
GSM4138110_HNSCC_1_PBMC_CTGAAGTGTTCTCATT	67.09991377228839	54.79186921642335	0.0	0.0	87.80517643893958	0.0	0.0	0.0	0.0	0.0	0.0	0.0	0.0
GSM4138110_HNSCC_1_PBMC_CTGTTTACAAAGGTGC	66.55742322865194	73.36631301675123	20.800593448029044	0.0	82.19024715449609	0.0	0.0	0.0	0.0	0.0	0.0	0.0	0.0
GSM4138110_HNSCC_1_PBMC_CTTAACTGTGACGCCT	57.69147930157537	0.0	53.906360562595374	23.488857706682193	0.0	0.0	0.0	0.0	0.0	96.3247021036492	0.0	0.0	0.0
GSM4138110_HNSCC_1_PBMC_CTTAGGAAGGTGATTA	228.1380937252285	0.0	164.88497081063676	0.0	0.0	0.0	0.0	0.0	0.0	0.0	0.0	0.0	186.29898537588275
GSM4138110_HNSCC_1_PBMC_CTTAGGACAGAGTGTG	74.78870451592056	64.23870477011258	76.92934058022819	0.0	0.0	0.0	0.0	0.0	0.0	0.0	0.0	0.0	0.0
GSM4138110_HNSCC_1_PBMC_CTTGGCTCAAAGCGGT	97.59836952732795	128.80191042389666	36.50935796419678	0.0	73.03416705394994	0.0	0.0	0.0	0.0	0.0	0.0	0.0	0.0
GSM4138110_HNSCC_1_PBMC_GAAACTCGTCTTCTCG	179.55504545425927	0.0	42.3787141458414	0.0	103.79889557590204	0.0	0.0	0.0	0.0	0.0	0.0	109.95186717997848	0.0
GSM4138110_HNSCC_1_PBMC_GAAATGAAGAGCAATT	0.0	26.748744789628397	19.643768229307675	46.410566431835306	0.0	54.89709079935379	15.012680352053529	7.565600679302558	0.0	0.0	5.822645154456552	0.0	0.0
GSM4138110_HNSCC_1_PBMC_GAACATCTCGGTTAAC	39.84406782099099	0.0	39.820041780370666	47.55150218512677	0.0	49.873538756307326	42.682449528980705	27.948056611253232	0.0	0.0	0.0	0.0	0.0
GSM4138110_HNSCC_1_PBMC_GAACCTATCGGCCGAT	102.43136633716544	0.0	107.82507737350805	0.0	0.836020656659276	0.0	0.0	45.89172253713852	0.0	0.0	0.0	28.804655680629555	0.0
GSM4138110_HNSCC_1_PBMC_GAATGAAGTTGGACCC	0.0	12.934746526242346	0.0	0.0	71.20349592682625	65.66155368438106	28.438836056660932	0.0	0.0	0.0	0.0	0.0	0.0
GSM4138110_HNSCC_1_PBMC_GACAGAGAGAGCCTAG	50.8414081514486	0.0	0.0	57.546511201261545	0.0	0.0	0.0	0.0	0.0	0.0	57.82110632888301	0.0	0.0
GSM4138110_HNSCC_1_PBMC_GACTAACAGGCAGGTT	76.38226643051287	133.44013338794778	0.0	0.0	117.20203698897932	86.18845377013807	0.0	0.0	0.0	0.0	0.0	0.0	0.0
GSM4138110_HNSCC_1_PBMC_GACTGCGGTATCTGCA	78.29650586913176	0.0	60.42761111507221	0.0	0.0	0.0	10.573554079580063	4.797715718470169	0.0	0.0	0.0	46.47661059867333	0.0
GSM4138110_HNSCC_1_PBMC_GACTGCGTCTAAGCCA	75.64858701597169	91.73909147760462	115.01765796138787	0.0	0.0	74.19855887753914	0.0	0.0	0.0	0.0	0.0	0.0	0.0
GSM4138110_HNSCC_1_PBMC_GATCGATGTGCTGTAT	94.06066265253888	0.0	150.80673394539608	0.0	0.0	0.0	0.0	0.0	0.0	0.0	50.98904638098479	38.90526096508148	0.0
GSM4138110_HNSCC_1_PBMC_GATCTAGAGGGCTCTC	76.60445573352881	0.0	30.98432329676282	53.874488888411626	11.860669436927779	0.0	0.0	0.0	25.497382807672587	42.35933164235141	0.0	0.0	0.0
GSM4138110_HNSCC_1_PBMC_GATCTAGCAAACCTAC	132.41237556519437	102.58026564114355	9.291131254165	0.0	122.30981782009273	0.0	0.0	0.0	0.0	0.0	0.0	0.0	0.0
GSM4138110_HNSCC_1_PBMC_GATGAAAAGAAGGGTA	0.0	0.0	46.27941644211071	0.0	7.590079230305885	59.29736902764198	0.0	0.0	0.0	0.0	0.0	69.76311739983036	0.0
GSM4138110_HNSCC_1_PBMC_GATGCTAGTATGGTTC	42.001883308636394	0.0	49.26460017589933	49.97114393491482	0.0	13.592430414647934	47.29275679844034	0.0	72.31616445618103	0.0	0.0	0.0	0.0
GSM4138110_HNSCC_1_PBMC_GATTCAGAGCTATGCT	109.19525624100291	171.7009819642291	116.82307442855247	0.0	0.0	0.0	0.0	0.0	0.0	0.0	0.0	0.0	0.0
GSM4138110_HNSCC_1_PBMC_GCACATACATGAACCT	19.168026823887264	107.60729931791118	83.64303710992738	0.0	0.0	70.36240155717353	0.9099703392026091	0.0	0.0	0.0	0.0	0.0	0.0
GSM4138110_HNSCC_1_PBMC_GCACATAGTCTTCTCG	71.91923447045852	90.9054516055177	93.71781083576337	0.0	0.0	0.0	25.98537575590872	0.0	0.0	0.0	0.0	0.0	0.0
GSM4138110_HNSCC_1_PBMC_GCAGTTATCCTACAGA	74.26862568870692	0.0	9.273212244549576	7.690065587463798	9.72557503475619	0.0	30.72986047444936	0.0	0.0	0.0	19.9061861316026	0.0	6.208975227011454
GSM4138110_HNSCC_1_PBMC_GCATACAAGACACGAC	113.82002076455103	125.80640795074254	26.675978092346497	27.290425739133447	98.84130168327312	26.324858632133015	0.0	0.0	0.0	0.0	0.0	0.0	0.0
GSM4138110_HNSCC_1_PBMC_GCATGTATCTCATTCA	52.19724105666798	0.0	60.70451009485777	0.0	0.0	0.0	0.0	13.375552230090017	0.0	0.0	0.0	27.842101974739048	24.54552284091953
GSM4138110_HNSCC_1_PBMC_GCGAGAATCTATCCTA	66.5742264556256	66.21047740836944	30.15876866008448	0.0	65.67054563321612	3.3479855319372613	0.0	0.0	0.0	0.0	0.0	0.0	0.0
GSM4138110_HNSCC_1_PBMC_GCGCAACCAGTACACT	0.0	62.69913135192042	0.0	0.0	71.46008821708999	58.733601404238605	0.0	0.0	0.0	0.0	0.0	0.0	0.0
GSM4138110_HNSCC_1_PBMC_GCGCAACTCACCGTAA	129.12135692458634	70.7238841121716	0.0	51.340120124617016	0.0	0.0	0.0	0.0	7.507930852955563	0.0	0.0	0.0	0.0
GSM4138110_HNSCC_1_PBMC_GCGGGTTTCTGTACGA	76.9762365164438	67.33925422207982	73.23476425274494	17.27431623019609	2.7059795441033727	0.0	0.0	0.0	44.22423659196327	0.0	0.0	0.0	0.0
GSM4138110_HNSCC_1_PBMC_GCTGCAGCACAACGCC	0.0	0.0	0.0	81.43372180275232	0.0	36.88306439679019	0.0	0.0	87.49227919958098	0.0	0.0	0.0	0.0
GSM4138110_HNSCC_1_PBMC_GGAACTTCAACTGGCC	71.10906179544597	126.89658739322078	0.5093869021813932	54.99526437399854	52.04033702455573	1.7247192845178836	0.0	0.0	0.0	0.0	0.0	0.0	0.0
GSM4138110_HNSCC_1_PBMC_GGAATAAAGAACAATC	68.19328331078232	22.979341780065464	24.455757469933612	42.456783005854334	0.0	0.0	21.603184593773356	0.0	0.0	0.0	40.86642477223975	0.0	0.0
GSM4138110_HNSCC_1_PBMC_GGACATTCACGGTTTA	0.0	96.32760396214202	87.70425570988358	0.0	0.0	65.99495894582734	0.0	0.0	0.0	11.604114946025172	0.0	0.0	0.0
GSM4138110_HNSCC_1_PBMC_GGCTCGATCCGCGTTT	79.27726702333896	0.0	55.979825773003135	12.338329139710023	0.0	0.0	0.0	0.0	51.00835965711333	0.0	10.728080571371626	0.0	0.0
GSM4138110_HNSCC_1_PBMC_GGGACCTAGCCAGGAT	74.79676622745092	0.0	84.22882519322513	0.0	9.876380221723604	0.0	0.0	0.0	0.0	0.0	84.50843213413125	0.0	0.0
GSM4138110_HNSCC_1_PBMC_GGGACCTCAGTCACTA	183.47435692725534	175.79904325078806	59.0760090040953	62.43810438832039	0.0	0.0	0.0	0.0	0.0	0.0	0.0	0.0	0.0
GSM4138110_HNSCC_1_PBMC_GGGAGATGTGTGCGTC	55.98086940327072	0.0	9.596656353718087	0.0	51.15252981528996	0.0	0.0	0.0	0.0	0.0	0.4031211284316075	30.80942133966142	66.2793440620329
GSM4138110_HNSCC_1_PBMC_GGGAGATTCACGATGT	52.310673652227685	9.498012679330088	101.96375753576918	0.0	0.0	0.0	30.465293596274623	0.0	0.0	0.0	0.0	0.0	0.0
GSM4138110_HNSCC_1_PBMC_GGGTTGCGTCCGAAGA	98.47711496128645	0.0	110.28743242702771	0.0	0.0	0.0	9.080488463197945	0.0	0.0	0.0	0.0	80.02224485693797	0.0
GSM4138110_HNSCC_1_PBMC_GGTGAAGTCGCTTGTC	82.05976261668016	92.41731226200466	109.49891353402467	0.0	0.0	0.0	0.0	0.0	0.0	0.0	0.0	0.0	0.0
GSM4138110_HNSCC_1_PBMC_GGTGTTACAAACGCGA	12.394448746983832	0.0	0.0	0.0	88.55924639355557	96.43411496889048	0.0	0.0	43.63611041107824	35.585568123479476	0.0	0.0	0.0
GSM4138110_HNSCC_1_PBMC_GTAACTGTCTTCGAGA	100.63388207628213	84.99666781050716	0.0	109.31741425820871	0.0	0.0	0.0	0.0	0.0	0.0	0.0	0.0	0.0
GSM4138110_HNSCC_1_PBMC_GTAGGCCAGGTGTGGT	98.73030441382565	54.0243859103417	0.0	64.1339468897937	0.0	0.0	0.0	0.0	10.621357947640837	0.0	0.0	0.0	0.0
GSM4138110_HNSCC_1_PBMC_GTAGTCACAGATCCAT	93.48745631290568	0.0	69.87192820523101	0.0	10.569071308563725	0.0	0.0	0.0	0.0	0.0	26.20590550428422	70.76224354837989	0.0
GSM4138110_HNSCC_1_PBMC_GTAGTCAGTGGGTCAA	2.824020787278424	0.0	0.0	12.618878967531948	42.1445876504341	52.71488971262074	0.0	0.0	65.29206025825398	0.0	0.0	0.0	0.0
GSM4138110_HNSCC_1_PBMC_GTATTCTAGGGTTTCT	0.0	0.0	59.267128578520186	0.0	48.353377767740334	154.2567530456223	0.0	0.0	21.8664167122031	44.387478637775025	0.0	0.0	0.0
GSM4138110_HNSCC_1_PBMC_GTATTCTTCCAAACTG	104.02898913801498	108.67947045780245	0.0	104.59556784623274	0.0	0.0	0.0	0.0	0.0	0.0	0.0	0.0	0.0
GSM4138110_HNSCC_1_PBMC_GTCGTAACAGGAACGT	111.55622313479677	57.96085348206247	0.0	72.87459758958178	0.0	0.0	0.0	0.0	0.0	0.0	0.0	0.0	0.0
GSM4138110_HNSCC_1_PBMC_GTCGTAAGTATGAAAC	4.571693154282458	0.0	0.0	60.75202788449478	0.0	40.97302233074125	0.0	0.0	83.63099298371453	0.0	0.0	0.0	0.0
GSM4138110_HNSCC_1_PBMC_GTCTCGTGTACGCACC	8.039847860234989	0.24926670728973074	0.0	0.0	121.79067534888115	90.41558544476091	0.0	0.0	0.0	36.95425183430923	0.0	0.0	0.0
GSM4138110_HNSCC_1_PBMC_GTGGGTCAGAATGTGT	66.6175859258354	0.0	34.77898400621186	19.106919163336013	0.0	0.0	0.0	0.0	0.0	0.0	54.21594250143351	0.0	0.0
GSM4138110_HNSCC_1_PBMC_GTTCATTGTAGCTGCC	115.14145425965553	7.6189506343250635	89.70542100189259	0.0	3.0964662341011704	0.0	101.32863755731722	32.180405486563174	0.0	0.0	0.0	0.0	0.0
GSM4138110_HNSCC_1_PBMC_GTTCATTTCCGCGGTA	90.8576040729542	73.54996370881993	81.98548678904542	9.10791022295203	3.2059385768255884	0.0	0.0	0.025567428866484995	0.0	30.540853440379063	6.2930136872274325	0.0	0.0
GSM4138110_HNSCC_1_PBMC_GTTCTCGCACTATCTT	73.06839150103463	0.0	91.68423884544659	0.0	0.0	0.0	12.831590808120957	0.0	0.0	0.0	50.928551298715036	0.0	0.0
GSM4138110_HNSCC_1_PBMC_GTTCTCGTCAGAGACG	119.08325345639675	0.0	66.16489316403141	0.0	2.018932320222387	0.0	0.0	0.0	42.850943449794805	0.0	0.0	26.161480948741698	0.0
GSM4138110_HNSCC_1_PBMC_TAAGCGTAGGTGCTTT	219.08819829636155	0.0	0.0	145.96834720839524	0.0	0.0	0.0	159.80117255144975	0.0	0.0	0.0	0.0	0.0
GSM4138110_HNSCC_1_PBMC_TACAGTGGTCATCGGC	135.94245916610424	150.49375922200264	56.78477606863725	0.0	52.05656862158305	0.0	0.0	0.0	0.0	0.0	0.0	0.0	0.0
GSM4138110_HNSCC_1_PBMC_TACCTTATCACGATGT	126.32013542456497	26.218204986803435	0.0	0.0	140.25600955755408	0.0	73.1088958696153	0.0	0.0	0.0	0.0	0.0	0.0
GSM4138110_HNSCC_1_PBMC_TACGGATTCTAACTTC	88.48692180215605	0.0	0.0	53.00553107525007	0.0	0.0	0.0	0.0	74.4791995934557	0.0	0.0	0.0	0.0
GSM4138110_HNSCC_1_PBMC_TACTTGTAGTCATCCA	0.0	0.0	56.60514513457544	0.0	0.0	130.7031609801283	0.0	0.0	0.0	0.0	0.0	105.24154737902796	0.0
GSM4138110_HNSCC_1_PBMC_TACTTGTTCAGAGCTT	84.17936999671582	0.0	0.0	0.0	87.23384673735137	0.0	0.0	0.0	128.5036649535014	0.0	0.0	0.0	0.0
GSM4138110_HNSCC_1_PBMC_TAGACCAGTCCGAGTC	33.7627340547181	105.08246932026076	92.87957538382526	0.0	0.0	85.46888923016813	0.0	0.0	0.0	0.0	0.0	0.0	0.0
GSM4138110_HNSCC_1_PBMC_TAGAGCTGTTCCCTTG	46.922250607537144	82.84809572299228	67.13779222156593	0.0	0.0	35.77074859834493	0.0	0.0	0.0	0.0	0.0	0.0	0.0
GSM4138110_HNSCC_1_PBMC_TATCTCACACGGCGTT	62.41086729655018	0.0	0.0	111.5848077039792	0.0	8.965195272895974	98.80225376645237	0.0	0.0	0.0	0.0	0.0	0.0
GSM4138110_HNSCC_1_PBMC_TATCTCATCAACGGGA	0.0	63.463778690816824	0.0	0.0	108.02276838007481	91.77912678686467	68.20323210214605	0.0	0.0	0.0	0.0	7.633382510641679	0.0
GSM4138110_HNSCC_1_PBMC_TCACGAATCTGTCCGT	97.46060201781522	0.0	22.07398278920851	11.820942939727708	48.673843055020804	0.0	0.0	71.90040061912244	0.0	47.75730984732074	0.0	0.0	0.0
GSM4138110_HNSCC_1_PBMC_TCAGATGTCCGCGTTT	29.165985493936272	0.0	45.481115576286655	0.0	49.59618836643424	58.338695746381674	0.0	0.0	52.03224893417333	0.0	0.0	19.831647309550192	0.0
GSM4138110_HNSCC_1_PBMC_TCAGCAAAGGCGCTCT	28.46355486662213	0.0	0.0	0.0	162.32132229421768	0.0	0.0	0.0	0.0	0.0	0.0	71.68433639134973	0.0
GSM4138110_HNSCC_1_PBMC_TCATTACAGCGCTCCA	0.0	5.054773988508652	0.0	0.0	75.02899582076031	73.71233960021999	0.0	0.0	8.832968270243361	99.40154021980051	0.0	0.0	0.0
GSM4138110_HNSCC_1_PBMC_TCCCGATAGTGGAGAA	0.0	0.0	75.82105167950475	0.0	0.0	35.42014339701777	0.0	0.0	0.0	0.0	0.0	69.32752149014193	0.0
GSM4138110_HNSCC_1_PBMC_TCGCGAGGTAGCACGA	124.16918971005256	129.3855340398918	36.016404766477585	89.725489331321	0.0	20.955055245642228	0.0	0.0	0.0	0.0	0.0	0.0	0.0
GSM4138110_HNSCC_1_PBMC_TCGGGACTCAACGAAA	90.02769942438617	85.95220152255219	98.39676942050708	0.0	0.0	0.0	0.0	0.0	0.0	0.0	0.0	0.0	0.0
GSM4138110_HNSCC_1_PBMC_TCGGGACTCGAGAGCA	122.97307482828808	135.11774474104445	101.50435309761464	55.66609584217602	0.0	0.0	0.0	0.0	0.0	0.0	0.0	0.0	0.0
GSM4138110_HNSCC_1_PBMC_TCGGTAATCACTCTTA	0.0	0.0	88.32650258620879	0.0	0.0	64.42177584973751	0.0	0.0	0.0	0.0	0.0	113.60395795681987	0.0
GSM4138110_HNSCC_1_PBMC_TCGTACCTCCGCAAGC	159.52775372038903	0.0	295.0969494708376	0.0	0.0	0.0	153.32555439560727	0.0	8.507458842847367	0.0	0.0	0.0	0.0
GSM4138110_HNSCC_1_PBMC_TCGTACCTCTGCCCTA	98.04593490492827	0.0	150.2775133173623	0.0	0.0	126.53533727753366	0.0	191.7164766496537	0.0	0.0	0.0	0.0	0.0
GSM4138110_HNSCC_1_PBMC_TCTATTGGTCTAAAGA	86.04543031071991	26.758036278404724	15.600354410209638	0.0	55.72936039269531	8.399766594418969	0.0	0.0	0.0	69.96027116073887	0.0	0.0	0.0
GSM4138110_HNSCC_1_PBMC_TCTATTGGTTGGTTTG	0.0	0.0	71.09691268694297	0.0	0.4693402486264039	94.82433286283741	0.0	0.0	83.13673838753347	6.579888159586085	0.0	0.0	0.0
GSM4138110_HNSCC_1_PBMC_TCTATTGTCTGCAGTA	62.00471268591055	0.0	34.29686932846609	26.965817375447045	0.0	0.0	0.0	38.490263169253865	0.0	9.30180835744666	0.0	0.0	0.0
GSM4138110_HNSCC_1_PBMC_TCTGAGACAGATAATG	2.4911036857363236	64.6883239079774	0.0	0.0	110.41428695397761	130.37868732998214	0.0	0.0	46.72344689670184	0.0	0.0	10.992803359720131	0.0
GSM4138110_HNSCC_1_PBMC_TCTGAGAGTAAGAGAG	0.0	78.66893457209858	0.0	0.0	84.15285685687705	94.86454215556404	0.0	0.0	0.48168773216819255	0.0	0.0	1.0375923843004653	0.0
GSM4138110_HNSCC_1_PBMC_TCTGAGATCCTTTCTC	89.96166432297018	120.47231703287133	0.0	26.244030263867575	52.041546734651476	0.0	0.0	0.0	0.0	0.0	0.0	0.0	0.0
GSM4138110_HNSCC_1_PBMC_TCTGGAATCTCAAACG	0.0	124.77863151303023	27.293570744454094	0.0	48.51289566548581	71.02445946937075	0.0	0.0	0.0	0.0	0.0	0.0	0.0
GSM4138110_HNSCC_1_PBMC_TCTTTCCAGTGGGCTA	33.82455427064859	116.99955050561506	77.81702947414678	0.0	0.0	55.57757278911062	0.0	0.0	0.0	0.0	0.0	0.0	0.0
GSM4138110_HNSCC_1_PBMC_TGAAAGACACTTCGAA	0.0	82.51383060855477	39.23064107370171	0.0	0.0	37.36518516577241	0.0	0.0	0.0	0.0	0.0	0.0	0.0
GSM4138110_HNSCC_1_PBMC_TGACAACGTTAAGGGC	125.70200673236685	128.14440557040876	0.0	0.0	140.3767594756873	0.0	0.0	0.0	0.0	0.0	0.0	0.0	0.0
GSM4138110_HNSCC_1_PBMC_TGACGGCAGCGCCTTG	104.8350875110056	174.72911977605156	33.99349625243209	0.0	25.451991051327845	0.0	0.0	0.0	0.0	0.0	0.0	0.0	0.0
GSM4138110_HNSCC_1_PBMC_TGACGGCGTTACGACT	0.0	83.35298067677549	0.0	0.0	74.85738240357135	83.90358379577772	0.0	0.0	0.0	0.0	0.0	0.0	0.0
GSM4138110_HNSCC_1_PBMC_TGACGGCTCGGTTCGG	105.43819989752781	0.0	0.0	0.0	102.89252827120691	15.51848540169189	0.0	0.0	0.0	80.24913520447235	0.0	0.0	0.0
GSM4138110_HNSCC_1_PBMC_TGACTAGAGAACTGTA	18.68880969654326	0.0	49.52963745137724	0.0	0.0	1.981316400610085	83.99467350241363	0.0	0.0	0.0	0.0	0.0	0.0
GSM4138110_HNSCC_1_PBMC_TGAGCATGTATTCTCT	198.61648759421684	0.0	283.6096215890394	0.0	0.0	0.0	194.41273093069813	0.0	0.0	0.0	0.0	0.0	0.0
GSM4138110_HNSCC_1_PBMC_TGCACCTTCCAGGGCT	200.63575928484798	0.0	12.112389794251706	95.46184916595877	0.0	0.0	137.82247934526765	0.0	0.0	0.0	0.0	0.0	0.0
GSM4138110_HNSCC_1_PBMC_TGCCAAATCGCGGATC	116.32812558454714	0.0	66.10517627112775	0.0	0.0	0.0	110.40254630918524	0.0	0.0	0.0	0.0	0.0	0.0
GSM4138110_HNSCC_1_PBMC_TGCCAAATCTTCCTTC	104.67661057027217	62.61578884100574	71.54393771410383	0.0	0.0	0.0	0.0	0.0	0.0	0.0	0.0	0.0	0.0
GSM4138110_HNSCC_1_PBMC_TGCCCATGTGGTCCGT	0.0	72.65660719324184	85.11824104198284	0.0	0.0	73.79678249633312	0.0	0.0	0.0	0.0	0.0	0.0	0.0
GSM4138110_HNSCC_1_PBMC_TGCCCTACAAAGCAAT	87.7203893789353	0.0	84.82320428712704	0.0	10.205105649442453	0.0	111.48762630582394	0.0	0.0	0.0	0.0	0.0	0.0
GSM4138110_HNSCC_1_PBMC_TGCCCTAGTGTCGCTG	63.98247310070651	0.0	82.87142069780514	0.0	14.02261206593531	0.0	0.0	108.62271123510675	0.0	36.32719814872237	0.0	0.0	0.0
GSM4138110_HNSCC_1_PBMC_TGCGCAGAGGGCATGT	156.31905146283572	0.0	0.0	209.89914448140047	0.0	0.0	0.0	160.32454038692296	0.0	0.0	0.0	0.0	0.0
GSM4138110_HNSCC_1_PBMC_TGCTACCCACTACAGT	106.19855227758384	102.91219592584896	0.0	135.9935106992759	0.0	0.0	0.0	0.0	0.0	0.0	0.0	0.0	0.0
GSM4138110_HNSCC_1_PBMC_TGCTACCCATTACGAC	61.335948170692696	0.0	72.74692393895371	0.0	9.196474681159257	0.0	0.0	0.0	68.36032746301191	0.0	0.0	0.0	0.0
GSM4138110_HNSCC_1_PBMC_TGCTACCTCAACCAAC	60.42670044075852	13.312691410642561	0.0	142.19026710512188	0.0	0.0	38.64617294905782	0.0	0.0	0.0	0.0	0.0	0.0
GSM4138110_HNSCC_1_PBMC_TGGACGCGTCATACTG	108.84901087571936	113.53945789107459	0.0	0.0	130.76897971307253	0.0	0.0	0.0	0.0	0.0	0.0	0.0	0.0
GSM4138110_HNSCC_1_PBMC_TGGCCAGTCCTTAATC	0.0	75.29545101600665	0.0	105.58371489148172	0.0	166.86307436452628	0.0	0.0	0.0	6.729206479334063	0.0	0.0	0.0
GSM4138110_HNSCC_1_PBMC_TGGCTGGCAGTCGATT	184.04380648122228	105.96617719622876	44.48717771096411	0.0	185.79631355174456	0.0	24.59637364171636	0.0	0.0	0.0	0.0	0.0	0.0
GSM4138110_HNSCC_1_PBMC_TGGGAAGCAATGGAGC	25.96236231525471	0.0	0.0	40.050965610290454	0.0	43.053684758341404	0.0	26.283093213932805	0.0	0.0	0.0	37.5086198885703	0.0
GSM4138110_HNSCC_1_PBMC_TGGGCGTAGGGAGTAA	0.0	71.18314359089268	0.0	0.0	110.49620436259659	69.16766945496774	0.0	0.0	0.0	0.0	0.0	0.0	0.0
GSM4138110_HNSCC_1_PBMC_TGGGCGTGTTCGCGAC	34.38547933082267	53.4992141127604	18.374232736390212	80.55764702449167	0.0	36.0882323980619	0.0	0.0	0.0	0.0	0.0	0.0	0.0
GSM4138110_HNSCC_1_PBMC_TGGGCGTTCAACTCTT	0.0	107.02323886962246	0.0	49.40783366120483	0.0	56.48286369733046	0.0	0.0	0.0	0.0	0.0	0.0	0.0
GSM4138110_HNSCC_1_PBMC_TGGTTAGGTAGAAAGG	89.08550538559578	59.01994946966343	0.0	59.66026852457591	0.0	0.0	0.0	0.0	0.0	0.0	0.0	0.0	0.0
GSM4138110_HNSCC_1_PBMC_TGGTTAGTCGTCCGTT	107.51246069826179	7.171651923355593	90.86548630426019	0.0	43.711269675854524	0.0	103.55485489117184	0.0	0.0	0.0	0.0	0.0	0.0
GSM4138110_HNSCC_1_PBMC_TTAACTCGTGTTCTTT	21.917794558569515	117.9892219434986	0.0	45.0068815365617	0.0	39.49865727869933	0.0	0.0	0.0	0.0	0.0	0.0	0.0
GSM4138110_HNSCC_1_PBMC_TTAACTCGTTAGTGGG	138.96017549281524	0.0	83.1778861923351	0.0	28.470103874844753	0.0	137.93920088570016	0.0	0.0	0.0	0.0	0.0	0.0
GSM4138110_HNSCC_1_PBMC_TTAGGCATCATGTCCC	68.60943463005071	0.0	0.0	45.14660025469554	16.959994431990882	0.0	0.0	0.0	33.78936605893785	0.0	33.5266160002274	0.0	0.0
GSM4138110_HNSCC_1_PBMC_TTCTACAGTTGTGGAG	162.3469963932154	33.39377091877084	0.0	37.143841520917036	0.0	0.0	10.476774255682768	0.0	0.0	0.0	0.0	0.0	0.0
GSM4138110_HNSCC_1_PBMC_TTCTCAATCCTCTAGC	94.52613065643243	0.0	97.12265092655197	0.0	0.0	0.0	0.0	137.57559742714884	0.0	0.0	0.0	0.0	0.0
GSM4138110_HNSCC_1_PBMC_TTCTCCTTCCCGACTT	73.23300278852241	1.4407281657894035	42.77331119763707	0.0	55.68034466325717	0.0	39.71466608464487	0.0	0.0	0.0	0.0	0.0	0.0
GSM4138110_HNSCC_1_PBMC_TTGACTTCATGGAATA	102.18720484548395	92.0389979526305	0.0	74.863767555867	0.0	0.0	0.0	0.0	0.0	0.0	0.0	0.0	0.0
GSM4138110_HNSCC_1_PBMC_TTGACTTTCAGGTAAA	79.73751871359671	0.0	111.60183458709345	0.0	0.0	0.0	0.0	86.96708024921126	0.0	0.0	0.0	0.0	0.0
GSM4138110_HNSCC_1_PBMC_TTGTAGGCAGCGTTCG	60.80071119505447	41.64635181119867	0.0	39.72318171183217	0.0	0.0	0.0	0.0	0.0	0.0	0.0	0.0	0.0
GSM4138110_HNSCC_1_PBMC_TTTACTGGTTCTGGTA	0.0	0.0	24.005302175699295	0.0	40.576948413602274	70.31539690402428	0.0	0.0	38.07768361341039	0.0	0.0	0.0	0.0
GSM4138110_HNSCC_1_PBMC_TTTATGCGTTTGTGTG	22.649736003465325	73.10363071079638	56.773401989798685	0.0	0.0	40.83584441131079	0.0	0.0	0.0	0.0	0.0	0.0	0.0
GSM4138110_HNSCC_1_PBMC_TTTCCTCCAGATCCAT	0.0	0.0	0.0	0.0	82.98043316374482	89.85543724006668	0.0	0.0	76.93593908004372	0.0	0.0	0.0	0.0
GSM4138110_HNSCC_1_PBMC_TTTCCTCGTTCGCGAC	143.87948194328777	0.0	86.92668916989946	0.0	2.5999643518397173	0.0	0.0	0.0	0.0	149.34957112280966	0.0	0.0	0.0
GSM4138110_HNSCC_1_PBMC_TTTGCGCCACGAAATA	66.11525265457874	53.71261446811577	0.0	90.44046746858311	0.0	16.09783633313023	0.0	0.0	27.5605757426637	0.0	0.0	0.0	0.0
GSM4138110_HNSCC_1_PBMC_TTTGCGCGTTTCCACC	83.60064283432585	0.0	0.0	0.0	91.41404382821852	0.0	97.17782326776066	0.0	0.0	0.0	0.0	0.0	0.0
GSM4138110_HNSCC_1_PBMC_TTTGGTTAGAATTGTG	0.0	0.0	0.0	87.31940320497044	0.0	91.67451422294812	95.27310738000216	0.0	0.0	0.0	0.0	0.0	0.0
GSM4138110_HNSCC_1_PBMC_TTTGGTTAGAGCAATT	85.01150009473704	141.44473231524776	113.75719504996061	0.0	7.746312529295651	0.0	0.0	0.0	0.0	0.0	0.0	0.0	0.0
GSM4138110_HNSCC_1_PBMC_TTTGGTTGTCCGTGAC	0.0	62.843365439659905	104.9065136719434	0.0	0.0	99.01098785822848	0.0	0.0	0.0	0.0	0.0	0.0	0.0
GSM4138110_HNSCC_1_PBMC_TTTGTCAAGTACGATA	64.69464838213172	102.69732627929505	27.860177836464665	94.31218765826844	0.0	54.89510215727284	0.0	0.0	0.0	0.0	0.0	0.0	0.0
GSM4138110_HNSCC_1_PBMC_TTTGTCATCAGGCAAG	0.0	125.91985565550638	9.135961487949125	0.0	96.16619139003117	75.47617204783575	0.0	0.0	0.0	0.0	0.0	0.0	0.0
GSM4138110_HNSCC_1_PBMC_TTTGTCATCGCGTAGC	68.38141521388525	0.0	122.7112496000215	0.0	0.0	0.0	0.0	0.0	0.0	0.0	0.0	0.0	62.54567330466381
GSM4138110_HNSCC_1_PBMC_ACGGAGAAGCAGGCTA	73.4123071662464	0.0	0.0	2.4893665796740576	122.60535684875651	0.0	38.15292125488529	0.0	0.0	0.0	31.553902851522153	0.0	0.0
GSM4138110_HNSCC_1_PBMC_ACTATCTGTCGAGTTT	0.0	0.0	77.96815989413308	7.042325474969496	71.71713483736711	136.96797097322607	7.2827196560846685	0.0	0.0	0.0	57.08122788156231	61.08610101746681	0.0
GSM4138110_HNSCC_1_PBMC_CAGTCCTGTAGAAGGA	96.95703740084886	2.3986080108152072	0.0	86.98922393283566	0.0	0.0	101.22498906073842	0.0	0.0	0.0	0.0	0.0	0.0
GSM4138110_HNSCC_1_PBMC_CGATGTATCGGTCTAA	71.72286533004099	59.41156363567842	0.0	84.58897202235968	23.55930158674257	27.297905232507294	0.0	0.0	0.0	0.0	0.0	0.0	0.0
GSM4138110_HNSCC_1_PBMC_GACCTGGTCGCCAAAT	105.87115386889059	107.32284261106545	0.0	104.45374797971031	0.0	0.0	0.0	0.0	0.0	0.0	0.0	0.0	0.0
GSM4138110_HNSCC_1_PBMC_TACGGTACATGGTCAT	165.85037939036226	89.67080590503917	79.77641996796302	0.0	96.46139241404288	0.0	66.4493033757028	0.0	0.0	0.0	0.0	0.0	0.0
GSM4138110_HNSCC_1_PBMC_TTAGTTCTCGCGGATC	82.13659467560782	19.823073147183717	78.81006577586263	0.0	0.0	0.0	36.652644887008115	0.0	0.0	0.0	0.0	0.0	0.0
GSM4138110_HNSCC_1_PBMC_AAAGCAACACGCGAAA	145.77899344779433	0.0	155.50678651681264	0.0	6.306983971506513	10.21281729796806	0.0	186.4322221554872	0.0	0.0	0.0	0.0	0.0
GSM4138110_HNSCC_1_PBMC_AACTTTCGTGTATGGG	94.1513192928171	0.0	0.0	19.413793762281	58.761879993961585	0.0	39.35329612724272	0.0	0.0	0.0	0.0	0.0	0.0
GSM4138110_HNSCC_1_PBMC_AAGGAGCAGGGAAACA	107.76674693922273	75.49772969869504	0.0	101.15614856584978	0.0	0.0	0.0	0.0	0.0	0.0	0.0	0.0	0.0
GSM4138110_HNSCC_1_PBMC_AATCGGTGTAATCACC	112.06915394746883	114.92978708157524	0.0	113.7566536704088	0.0	0.0	27.135146151779054	0.0	0.0	0.0	0.0	0.0	0.0
GSM4138110_HNSCC_1_PBMC_ATAACGCTCACAACGT	222.34746587468513	0.0	81.71962735268409	47.84174613525894	108.16479493363377	0.0	0.0	241.60557217683666	0.0	0.0	0.0	0.0	0.0
GSM4138110_HNSCC_1_PBMC_ATCATCTTCTGGCGAC	205.04796285130942	161.72893952028576	0.0	0.0	293.3509881330419	0.0	0.0	0.0	0.0	0.0	0.0	0.0	0.0
GSM4138110_HNSCC_1_PBMC_ATCCGAATCGTTTATC	127.13684582627458	0.0	188.44102104294063	0.0	0.0	0.0	98.86593741300192	0.0	0.0	0.0	0.0	0.0	0.0
GSM4138110_HNSCC_1_PBMC_ATGCGATTCGTGGGAA	132.76107715532487	118.70141130893597	0.0	0.0	174.91604830159505	0.0	0.0	0.0	0.0	0.0	0.0	0.0	0.0
GSM4138110_HNSCC_1_PBMC_CAAGAAATCAGGCAAG	59.60745352992583	0.0	67.54512489690909	0.0	29.733764807859014	26.840545454332275	90.90758118532888	0.0	0.0	0.0	0.0	0.0	0.0
GSM4138110_HNSCC_1_PBMC_CACAGGCCACACCGAC	192.41795828226677	64.50380510430436	1.5718791385846005	304.71307877581654	0.0	0.0	140.46680547112823	0.0	0.0	0.0	0.0	0.0	0.0
GSM4138110_HNSCC_1_PBMC_CACTCCATCTGTACGA	102.33338496347153	60.11903532273915	0.0	88.37841102421827	0.0	0.0	0.0	0.0	0.0	0.0	0.0	0.0	0.0
GSM4138110_HNSCC_1_PBMC_CCTTCCCTCGCCTGTT	0.0	0.0	10.929590255271256	15.78558392188335	39.08742767629101	65.71110167558945	56.48358496863293	0.0	0.0	0.0	0.9495529763347357	0.0	0.0
GSM4138110_HNSCC_1_PBMC_CGATTGAAGACTAAGT	67.6405687765442	97.42073603478629	0.0	0.0	150.93395685799626	67.69289258240883	0.0	0.0	0.0	0.0	0.0	0.0	0.0
GSM4138110_HNSCC_1_PBMC_CGGACGTTCTGAGTGT	64.1002189958342	110.60556868595768	8.887753785948773	15.334443681984418	19.849370662128514	0.0	0.0	0.0	0.0	0.0	0.0	0.0	0.0
GSM4138110_HNSCC_1_PBMC_CGGGTCATCCCAACGG	64.95077047853748	44.75813663943222	0.0	3.7555090133500615	73.32314216519178	3.756288055897188	21.680803796294157	0.0	0.0	0.0	0.0	0.0	0.0
GSM4138110_HNSCC_1_PBMC_CTCGAGGCATAGACTC	252.54468195714153	64.11628850824742	69.09422137463054	0.0	125.74639969710832	8.963783610741295	84.25001296819086	0.0	0.0	0.0	0.0	0.0	0.0
GSM4138110_HNSCC_1_PBMC_CTCGTCACAATAAGCA	185.03707325262275	101.08786601750278	167.08206624097377	0.0	0.0	0.0	20.838630598168574	0.0	0.0	0.0	0.0	0.0	0.0
GSM4138110_HNSCC_1_PBMC_CTGATCCTCTTTAGGG	16.16225345590283	127.08961691048232	125.65236988142105	0.0	0.0	113.83053760627972	0.0	0.0	0.0	0.0	0.0	0.0	0.0
GSM4138110_HNSCC_1_PBMC_CTGTGCTTCTAACGGT	106.89648476806875	113.79009746174766	0.0	139.60931296783136	0.0	0.0	3.1339661687357148	0.0	0.0	0.0	0.0	0.0	0.0
GSM4138110_HNSCC_1_PBMC_CTGTGCTTCTATCGCC	151.6496307537578	35.39484403029955	0.0	117.12932956240991	0.0	0.0	0.0	0.0	0.0	95.7110436230504	0.0	0.0	0.0
GSM4138110_HNSCC_1_PBMC_GACTAACGTCGACTGC	103.03540489418215	0.0	90.69222821746735	0.0	61.72013405069057	0.0	0.0	0.0	0.0	56.82086938721582	35.4359743060711	0.0	0.0
GSM4138110_HNSCC_1_PBMC_GAGGTGATCGTCCGTT	166.9915186528327	0.0	6.548918464336448	172.40687609525506	47.7462794918192	0.0	0.0	0.0	0.0	82.95275284317486	41.48436826887729	0.0	0.0
GSM4138110_HNSCC_1_PBMC_GATCAGTAGTGTACTC	153.65929706847768	133.06977568277352	97.145898050795	0.0	18.077500517443973	0.0	0.0	0.0	0.0	0.0	0.0	0.0	0.0
GSM4138110_HNSCC_1_PBMC_GCTCTGTAGTATCTCG	3360.5518025764163	0.0	0.0	0.0	0.0	75.66119783357388	0.0	0.0	0.0	0.0	0.0	0.0	0.0
GSM4138110_HNSCC_1_PBMC_GGAACTTTCCGATATG	90.02075492959725	0.0	126.41905775311491	0.0	0.0	0.0	0.0	0.0	0.0	114.61035441310366	0.0	0.0	0.0
GSM4138110_HNSCC_1_PBMC_GGACAGAAGCCATCGC	130.056557698571	0.0	132.11215050545974	0.0	0.0	0.0	0.0	144.3886953133448	0.0	0.0	0.0	0.0	0.0
GSM4138110_HNSCC_1_PBMC_GGATGTTGTGCAGTAG	122.92089614195613	16.217087328696024	36.26015455750026	0.0	93.79601185314709	0.0	0.0	0.0	0.0	59.0101373632066	4.74118524690421	14.394114006346337	0.0
GSM4138110_HNSCC_1_PBMC_GTAACTGCAGCTGTTA	96.71338508949209	104.27910531350169	13.513141318111353	0.0	115.75969782231958	0.0	0.0	0.0	0.0	0.0	0.0	3.744508319605694	0.0
GSM4138110_HNSCC_1_PBMC_GTATTCTAGTAATCCC	191.46738058168265	1.9376955343215152	9.214666518206867	197.41927801692796	0.0	0.0	161.28329398093098	0.0	0.0	0.0	0.0	0.0	0.0
GSM4138110_HNSCC_1_PBMC_GTGCAGCAGTCAAGCG	0.0	0.0	0.0	0.0	3079.179576678802	0.0	0.0	0.0	0.0	0.0	0.0	0.0	0.0
GSM4138110_HNSCC_1_PBMC_GTGCATACACAGGCCT	153.47626262842135	0.0	0.0	168.50544282780768	0.0	0.0	137.78406814523052	0.0	0.0	0.0	0.0	0.0	0.0
GSM4138110_HNSCC_1_PBMC_TACTCGCGTTTAGCTG	55.08338243190965	0.0	0.0	69.91288379154251	30.741476618917645	57.37582305914313	157.36988859354744	0.0	0.0	0.0	0.0	0.0	0.0
GSM4138110_HNSCC_1_PBMC_TACTTACGTTATGCGT	92.6012016139036	73.654492150803	150.72529069249052	0.0	0.0	0.0	57.56543458162125	0.0	0.0	0.0	0.0	0.0	0.0
GSM4138110_HNSCC_1_PBMC_TAGCCGGGTTCAACCA	105.07299256877823	0.0	0.0	141.1862493301726	0.0	0.0	80.45558478634658	0.0	0.0	0.0	0.0	0.0	0.0
GSM4138110_HNSCC_1_PBMC_TCAGCAATCCCAAGAT	158.44664658619496	0.0	170.73385911884154	0.0	0.0	0.0	0.0	198.5570389269047	0.0	0.0	0.0	0.0	0.0
GSM4138110_HNSCC_1_PBMC_TGACGGCGTTGAGTTC	464.07786486543495	0.0	297.17225531819815	0.0	8.97597323102842	0.0	0.0	0.0	322.55698845488814	0.0	0.0	0.0	0.0
GSM4138110_HNSCC_1_PBMC_TTGCGTCGTACTTCTT	186.58921373907458	108.24811973367788	51.065142925861544	31.301574565259845	51.4200579599055	0.0	0.0	0.0	0.0	0.0	0.0	0.0	0.0
GSM4138110_HNSCC_1_PBMC_TTTGTCAGTTAAGATG	41.35082173364189	0.0	20.37529605435456	0.0	61.2682542617367	39.21025639774197	57.317173679618264	0.0	0.0	0.0	0.0	43.044092398303	0.0
GSM4138110_HNSCC_1_PBMC_ACGCAGCTCGTCACGG	193.10282005386279	8.999795628148862	0.0	165.71619606355895	0.0	0.0	0.16730193005600819	51.70846834228329	0.0	0.0	0.0	0.0	105.42570560993741
GSM4138110_HNSCC_1_PBMC_ATCATCTAGGAATCGC	138.95448680659743	0.0	138.21241314018286	0.0	0.0	0.0	0.0	167.84654383636274	0.0	0.0	0.0	0.0	0.0
GSM4138110_HNSCC_1_PBMC_TCAACGAGTTACGGAG	0.0	0.0	0.0	0.0	295.0050732495843	382.64214956304005	0.0	284.2319561236509	0.0	0.0	0.0	0.0	0.0
GSM4138110_HNSCC_1_PBMC_AAACCTGGTCTCCCTA	314.9553518836536	49.687583234792356	0.0	241.4289412735511	0.0	0.0	0.0	147.50023576779188	0.0	0.0	97.51387718608154	0.0	0.0
GSM4138110_HNSCC_1_PBMC_ACACCGGAGTACACCT	401.783172465991	0.0	240.51610043995515	0.0	11.593063789775286	0.0	0.0	0.0	0.0	305.22661094344517	0.0	0.0	0.0
GSM4138110_HNSCC_1_PBMC_ACTGCTCGTGGTCCGT	246.89608701460267	260.605482810115	0.0	241.32302790792306	0.0	0.0	0.0	0.0	0.0	0.0	0.0	0.0	0.0
GSM4138110_HNSCC_1_PBMC_AGCTCTCGTTAGTGGG	0.0	237.2855786866728	0.0	0.0	312.30093718449626	349.0386897947316	0.0	0.0	0.0	0.0	0.0	0.0	0.0
GSM4138110_HNSCC_1_PBMC_ATGGGAGAGGATGCGT	311.74978453745786	0.0	335.84841493423767	0.0	0.0	0.0	0.0	168.95457067314894	0.0	0.0	0.0	0.0	172.54866077510277
GSM4138110_HNSCC_1_PBMC_ATTATCCTCGGAAATA	292.208916131311	219.69461188847004	42.36784834100966	234.49932581336643	0.0	0.0	0.0	0.0	0.0	0.0	0.0	0.0	0.0
GSM4138110_HNSCC_1_PBMC_CATCAGATCGCAAACT	275.95350913303196	241.45485451567546	0.0	261.9647693944773	0.0	0.0	0.0	0.0	0.0	0.0	0.0	0.0	0.0
GSM4138110_HNSCC_1_PBMC_CGTAGCGCATGCAACT	373.5155993808943	0.0	8.839627365793339	0.0	368.74786468075007	0.0	0.0	176.67020839834663	0.0	0.0	0.0	0.0	31.13275976613815
GSM4138110_HNSCC_1_PBMC_CGTCACTTCACGAAGG	294.1665891169581	0.0	0.0	249.47788385296954	0.0	0.0	0.0	332.15858408135153	0.0	0.0	0.0	0.0	0.0
GSM4138110_HNSCC_1_PBMC_GCATACACACCAGCAC	246.1447229013101	0.0	285.1767123355753	0.0	0.0	0.0	0.0	0.0	0.0	0.0	251.25834734252743	0.0	0.0
GSM4138110_HNSCC_1_PBMC_GCGACCAGTCGATTGT	282.64619310192603	0.0	0.0	289.22461444273085	0.0	0.0	0.0	0.0	0.0	253.7597275275561	0.0	0.0	0.0
GSM4138110_HNSCC_1_PBMC_TACTTACTCGGCGCAT	124.2200042853829	0.0	0.0	50.71903562809666	0.0	0.0	0.0	0.0	0.0	106.5092959881557	0.0	0.0	0.0
GSM4138110_HNSCC_1_PBMC_ACCGTAAGTTACGTCA	196.03511110772678	0.0	147.990399365605	0.0	0.0	11.472435749645458	0.0	123.9444140036163	0.0	0.0	0.0	90.76559800141544	0.0
GSM4138110_HNSCC_1_PBMC_ATCCACCAGACAGACC	117.70695367043116	0.0	129.3376917957154	0.0	0.0	0.0	0.0	122.97773642962784	0.0	0.0	0.0	0.0	0.0
GSM4138110_HNSCC_1_PBMC_ATGAGGGGTATATGGA	326.3677430731373	0.0	0.0	0.0	386.6295091206022	0.0	270.1648836410658	0.0	0.0	0.0	0.0	0.0	0.0
GSM4138110_HNSCC_1_PBMC_CACCAGGGTCAGAATA	285.52499766645616	0.0	0.0	0.0	262.6833641794886	0.0	0.0	0.0	0.0	0.0	92.67252866145965	0.0	50.21763402217889
GSM4138110_HNSCC_1_PBMC_CAGCAGCTCAAAGTAG	131.39031892821467	32.57847946598124	0.0	21.952623145361123	135.86918609601386	92.22250104634007	58.75751511076693	0.0	0.0	0.0	0.0	30.237483753582254	0.0
GSM4138110_HNSCC_1_PBMC_CATCCACCAGTAACGG	164.78189114910575	204.8657842069932	33.94893861633675	101.80176503567561	69.20243651547761	0.0	8.401057694698652	0.0	0.0	0.0	0.0	0.0	0.0
GSM4138110_HNSCC_1_PBMC_CCTTTCTCATCCTAGA	171.47905693381028	185.68424568412468	3.4820443899989773	0.0	135.342045258633	12.036450617262373	0.0	0.0	0.0	0.0	0.0	0.0	0.0
GSM4138110_HNSCC_1_PBMC_CGTAGGCTCTACCAGA	186.31535939843326	0.0	123.38188855179988	0.0	45.87817308312717	0.0	0.0	190.723272852047	0.0	0.0	0.0	0.0	0.0
GSM4138110_HNSCC_1_PBMC_CTGCCTAAGGACATTA	184.8677187001127	0.0	0.0	12.5545479608031	133.80722021519142	0.0	0.0	0.0	152.30982532426614	0.0	0.0	0.0	0.0
GSM4138110_HNSCC_1_PBMC_CTTTGCGGTGGTCCGT	105.89210584315653	0.0	159.05736067808652	0.0	0.0	0.0	0.0	0.0	0.0	0.0	138.02414056021104	0.0	0.0
GSM4138110_HNSCC_1_PBMC_GAAACTCAGACAAGCC	207.17135126699088	0.0	144.69977761380966	0.0	0.0	0.0	0.0	0.0	0.0	0.0	0.0	201.36035252187347	0.0
GSM4138110_HNSCC_1_PBMC_GACCAATAGCCCGAAA	186.90855097329123	244.25367553977063	0.0	0.0	308.14570547049965	46.54997721676025	0.0	0.0	0.0	0.0	0.0	0.0	0.0
GSM4138110_HNSCC_1_PBMC_GACCAATAGGGCTCTC	214.98440037491923	0.0	0.0	196.61785592045453	0.0	0.0	0.0	0.0	0.0	181.05555506359755	0.0	0.0	0.0
GSM4138110_HNSCC_1_PBMC_GATGCTATCCTCTAGC	258.7084114345669	0.0	227.7433358747166	0.0	24.178527653577063	0.0	0.0	176.6487402447501	0.0	0.0	0.0	0.0	0.0
GSM4138110_HNSCC_1_PBMC_GCTGCGATCCCGACTT	117.20489827578098	0.0	87.7190760336988	0.0	8.280802199515994	0.0	116.89111363510034	0.0	0.0	0.0	0.0	0.0	0.0
GSM4138110_HNSCC_1_PBMC_GTTACAGCAAGTTGTC	179.19763671892048	0.0	120.61225276581047	0.0	41.897153803749916	0.0	86.65522332002143	0.0	0.0	0.0	0.0	0.0	0.0
GSM4138110_HNSCC_1_PBMC_TAGGCATTCAGCGACC	167.8846840772087	0.0	0.0	215.8697286988134	0.0	0.0	0.0	193.14974871136846	0.0	0.0	0.0	0.0	0.0
GSM4138110_HNSCC_1_PBMC_TCGTACCTCCATGAAC	122.74266086311373	0.0	107.12957489077026	0.0	13.281618776675673	0.0	0.0	0.0	0.0	311.0526324300298	0.0	0.0	0.0
GSM4138110_HNSCC_1_PBMC_TGCGCAGAGAGTCGGT	165.63452770629345	0.0	95.09963968983868	0.0	30.334550307607653	28.39088696274185	0.0	0.0	21.411499776182048	0.0	146.8668292616396	0.0	0.0
GSM4138110_HNSCC_1_PBMC_TTGCCGTTCCTATTCA	376.8816764626994	0.0	0.0	0.0	204.0548924689119	0.0	0.0	0.0	208.3557659079409	0.0	0.0	0.0	0.0
GSM4138110_HNSCC_1_PBMC_TTTACTGAGTCCCACG	0.0	153.60920166387635	69.35972720919877	133.81428720161475	0.0	318.30230703131883	0.0	0.0	0.0	0.0	0.0	0.0	0.0
GSM4138110_HNSCC_1_PBMC_ACGGGTCGTCTTGATG	93.18700603670419	0.0	74.63824805565973	8.876867241124053	0.0	0.0	73.56565236461424	0.0	27.76126532291681	0.0	0.0	0.0	0.0
GSM4138110_HNSCC_1_PBMC_AGTGAGGAGGAATCGC	120.47730627679327	135.34561236577488	63.49214961911078	0.0	0.0	0.0	0.0	0.0	0.0	0.0	0.0	0.0	0.0
GSM4138110_HNSCC_1_PBMC_ATGTGTGCAAGCTGGA	58.81301489675771	103.81185799439298	174.62526571114225	19.976563591886546	0.0	73.60835238276422	0.0	0.0	73.700728596194	0.0	0.0	0.0	0.0
GSM4138110_HNSCC_1_PBMC_CGACCTTAGTTACGGG	126.93378506856482	136.9775614060867	96.6537231885952	78.57272617944722	0.0	0.0	0.0	64.61778783124805	0.0	0.0	0.0	0.0	0.0
GSM4138110_HNSCC_1_PBMC_GCGACCACATGCATGT	193.2969576422466	0.0	27.675865018881655	27.028911845406064	74.18673203140182	0.0	54.28423914730164	50.4690839618862	0.0	0.0	29.875358549708086	0.0	0.0
GSM4138110_HNSCC_1_PBMC_GGATTACGTGCATCTA	159.34917301730442	136.42299465917222	0.0	140.21231057649464	0.0	0.0	0.0	0.0	0.0	0.0	0.0	0.0	0.0
GSM4138110_HNSCC_1_PBMC_GTGCAGCCACCAGATT	103.21723081543448	0.0	106.83660735214143	0.0	0.0	0.0	91.78244927508652	0.0	0.0	0.0	0.0	0.0	0.0
GSM4138110_HNSCC_1_PBMC_GTGCGGTTCTATGTGG	125.41628625384253	0.0	0.0	0.0	216.02643432379443	0.0	0.0	110.71908936033945	0.0	0.0	0.0	0.0	0.0
GSM4138110_HNSCC_1_PBMC_GTTCATTTCCCTCTTT	143.54284508859763	88.77614908588029	0.0	0.0	130.9558852758962	0.0	0.0	0.0	0.0	0.0	0.0	0.0	0.0
GSM4138110_HNSCC_1_PBMC_TCATTACGTAATCACC	183.56809750036678	139.4739261396863	248.1497316852995	0.0	0.0	0.0	0.38614900838437016	0.0	0.0	0.0	0.0	0.0	0.0
GSM4138110_HNSCC_1_PBMC_TTGCCGTTCAGAAATG	111.8449191657289	0.0	104.05318956430318	0.0	0.0	0.0	92.33701815471854	0.0	44.20249882802351	0.0	0.0	0.0	0.0
GSM4138110_HNSCC_1_PBMC_TTTGCGCAGTAGCGGT	245.60419333826513	0.0	0.0	0.0	216.1002754035865	0.0	167.74897282361337	0.0	139.81207672183112	0.0	0.0	0.0	0.0
GSM4138110_HNSCC_1_PBMC_TTTGGTTAGCACAGGT	134.92016364762736	0.0	122.79895280039526	0.0	48.895672118980904	0.0	0.0	155.0411211607434	0.0	0.0	0.0	0.0	0.0
