	1	2	3	4	5
GSM4138110_HNSCC_1_PBMC_AAACCTGAGGAGCGTT	395.29467699159136	141.0721405060527	0.0	14.032079976805854	49.1681036988665
GSM4138110_HNSCC_1_PBMC_AAACCTGCAGATGAGC	659.1156299982902	82.60076146035935	1.2757600845255326	40.617027398224614	71.16664592505414
GSM4138110_HNSCC_1_PBMC_AACGTTGAGACTGGGT	267.29272202861085	0.0	153.74473174993042	10.55645866223674	47.08502007885001
GSM4138110_HNSCC_1_PBMC_AACGTTGGTTACGACT	174.0349381572954	211.50840915621245	59.65441804175259	0.0	44.13670071796317
GSM4138110_HNSCC_1_PBMC_AACGTTGTCTAAGCCA	372.72965248682937	0.0	136.51773074590616	40.45649541056034	34.77937410939837
GSM4138110_HNSCC_1_PBMC_AACTCCCCATTTCAGG	515.1457012182569	73.49129058222728	42.22116022388513	0.0	27.38307585317368
GSM4138110_HNSCC_1_PBMC_AAGCCGCCACTTCTGC	672.1026977694028	0.0	127.91412082486933	9.84974229151214	0.0
GSM4138110_HNSCC_1_PBMC_AAGGTTCGTCTCTTAT	307.18650852314994	146.75432066238352	0.0	35.56796683278029	88.09047966506074
GSM4138110_HNSCC_1_PBMC_AAGTCTGAGTACCGGA	307.7523753552421	98.2945138220676	94.5215427606683	0.0	6.63564381264949
GSM4138110_HNSCC_1_PBMC_AAGTCTGGTTGCCTCT	325.3163204130552	69.18113706810524	72.82992760760214	31.65139853641321	15.637219120270402
GSM4138110_HNSCC_1_PBMC_AAGTCTGTCCAAACTG	464.8272421478811	133.5914307164404	26.98393505619911	0.0	81.28668021074174
GSM4138110_HNSCC_1_PBMC_ACATGGTCACATGGGA	15.69059479189657	59.52135025675317	146.59767806746825	61.38996858032372	138.99853391928733
GSM4138110_HNSCC_1_PBMC_ACGAGCCAGTATCTCG	629.2517129553315	56.03589023072211	0.0	0.0	21.576192417546984
GSM4138110_HNSCC_1_PBMC_ACGAGCCCACTTAACG	922.3524917200255	104.44400752126586	114.40962807801935	134.39385833935157	38.272461087224436
GSM4138110_HNSCC_1_PBMC_ACTATCTTCTTCCTTC	730.3940717011856	0.0	0.0	49.32930496952493	18.15531518332426
GSM4138110_HNSCC_1_PBMC_AGAGCTTAGAGCTGGT	596.1917262262898	118.28567107237126	82.90997308235644	47.328988905657695	39.82993049304396
GSM4138110_HNSCC_1_PBMC_AGATTGCGTCGCCATG	525.6774703304368	72.15362483677177	18.935135488381956	49.4121935619366	1.5545993940076814
GSM4138110_HNSCC_1_PBMC_AGCGTATGTTATCCGA	487.2285831158107	101.53288464424162	34.5686586149188	7.820409225396728	76.74506373708367
GSM4138110_HNSCC_1_PBMC_AGGCCACAGTACTTGC	448.0360920657051	61.502149735842146	0.0	16.57482428451932	18.305918760132222
GSM4138110_HNSCC_1_PBMC_AGGCCACCACTAAGTC	628.3319345273137	87.18347177057936	33.95100489781821	117.36676535674358	330.6445796348314
GSM4138110_HNSCC_1_PBMC_AGTAGTCTCTTAGCCC	439.5842291155866	31.152774503526697	25.3330566981118	37.516277816458974	20.31635348634266
GSM4138110_HNSCC_1_PBMC_AGTGAGGGTGGCCCTA	614.4257615410721	285.2658519228183	54.809736814465225	9.041615316429738	0.0
GSM4138110_HNSCC_1_PBMC_AGTGTCATCTCGCATC	405.40986454171906	145.96375043294992	42.39357067047292	1.2462978435952898	0.0
GSM4138110_HNSCC_1_PBMC_AGTTGGTCATGGTTGT	782.0145584666628	31.56358719183149	42.72347286581535	29.796519308029172	55.60729564015006
GSM4138110_HNSCC_1_PBMC_AGTTGGTTCTTGGGTA	362.83214269127944	60.12534025465097	70.25297310577216	29.35875531127283	9.842493408659651
GSM4138110_HNSCC_1_PBMC_ATCTACTAGGGTGTGT	371.30347924431646	432.1822884298012	28.507714839292344	127.49788775884521	290.77272578001225
GSM4138110_HNSCC_1_PBMC_ATCTACTAGTACGTTC	446.2843975042574	117.77841691731427	64.23662309488769	72.50773911527196	52.58503577735347
GSM4138110_HNSCC_1_PBMC_ATGAGGGCAAGCGATG	394.0980027633582	135.25977439735007	104.84756917309979	0.0	0.0
GSM4138110_HNSCC_1_PBMC_ATGAGGGCACACAGAG	441.12765600589984	106.32334700486825	0.0	0.0	9.9257043876556
GSM4138110_HNSCC_1_PBMC_ATGCGATGTTTGACAC	413.9099835026077	56.52640217600612	105.36506094568051	2.463621895378494	11.141150134910523
GSM4138110_HNSCC_1_PBMC_ATGTGTGCATGCGCAC	313.4108575741585	103.25008118417671	61.495265853567616	37.39953262199629	1.9201902330206315
GSM4138110_HNSCC_1_PBMC_ATTACTCTCATGCTCC	603.647898866296	80.80909659184873	37.85776534598638	4.828786100349158	4.954898204326028
GSM4138110_HNSCC_1_PBMC_ATTATCCGTCACACGC	456.027132000449	231.97393198495416	0.0	63.939240549464685	21.49732773142004
GSM4138110_HNSCC_1_PBMC_ATTGGACAGAGATGAG	345.00233964263924	131.85079785613237	49.71921523917715	0.0	46.31326903666424
GSM4138110_HNSCC_1_PBMC_ATTGGTGCAGTGAGTG	662.276075017589	25.419112198260823	17.306643602319575	3.4959770283030327	0.0
GSM4138110_HNSCC_1_PBMC_CAACCAAGTTATCGGT	347.4121537186877	34.648822578842086	43.455905142248476	48.733337955416616	6.666127977754913
GSM4138110_HNSCC_1_PBMC_CAACCAATCCTTGACC	538.6024467981305	18.958588193120786	8.81594280473603	8.978610191393583	5.183704834997936
GSM4138110_HNSCC_1_PBMC_CACAGTAGTCTCCATC	451.16513986297974	61.844338149858736	0.0	52.412828859874665	42.7518574902586
GSM4138110_HNSCC_1_PBMC_CACATAGCAAAGCGGT	287.8930594705317	134.04185670475977	0.0	59.31274884595326	0.0
GSM4138110_HNSCC_1_PBMC_CACATAGCACCTCGTT	398.8593743136673	119.23852244741353	60.526587485448744	0.0	38.95192113609648
GSM4138110_HNSCC_1_PBMC_CACATTTGTGCACTTA	505.3372601031012	59.63392775418384	14.253443530193556	1.3686126978033546	0.0
GSM4138110_HNSCC_1_PBMC_CACATTTTCCCATTAT	84.94108238591329	162.45242910689817	53.62851460893642	63.341828333679466	71.64153505693143
GSM4138110_HNSCC_1_PBMC_CACATTTTCTGGTTCC	488.48596673762637	55.71755015333021	0.0	26.613550084182705	19.191575784271567
GSM4138110_HNSCC_1_PBMC_CACCAGGTCGTGGGAA	671.670041185927	6.745143477399565	0.0	8.10960801227796	51.402586536653914
GSM4138110_HNSCC_1_PBMC_CAGCAGCCAATGGTCT	391.98479650729325	44.41866570882986	6.558748213152376	0.0	17.091300237817876
GSM4138110_HNSCC_1_PBMC_CAGCATAGTCCGAGTC	420.9267314662265	19.4358561848711	0.0	47.63149232332888	56.94420702945487
GSM4138110_HNSCC_1_PBMC_CAGCCGAAGCCCAACC	634.7893428655761	66.7035418482548	0.0	0.0	4.5392718593645895
GSM4138110_HNSCC_1_PBMC_CAGCCGACATCGACGC	281.51952288963076	114.46520883269551	112.56569936831451	45.7438874030832	22.744228206686174
GSM4138110_HNSCC_1_PBMC_CATATTCTCCGCGTTT	441.133426049598	122.29338031277109	50.2300428283888	0.0	19.823378101121808
GSM4138110_HNSCC_1_PBMC_CCAATCCCATTAGCCA	468.09025277982306	221.12847080011537	158.4100674304145	0.1125316408412625	1.7300332119982909
GSM4138110_HNSCC_1_PBMC_CCACGGAAGATCGGGT	224.05493446497778	112.90242762701433	82.94026196068663	22.94924650128716	70.56697024468593
GSM4138110_HNSCC_1_PBMC_CCATGTCAGAGGTAGA	522.4274427004141	134.01321818209206	47.26949269082572	45.07209816524692	0.0
GSM4138110_HNSCC_1_PBMC_CCATGTCCATGCCCGA	400.71791929044537	236.88079500006424	121.99207936071628	33.81906330921876	0.0
GSM4138110_HNSCC_1_PBMC_CCGGTAGAGCTCCTCT	183.1485483251467	239.96611965938658	0.0	29.702225587259978	77.33045791707315
GSM4138110_HNSCC_1_PBMC_CCTCTGAAGGGATCTG	382.83940368779383	66.64608013366012	59.7171617109908	42.197957722680144	1.4222366613477504
GSM4138110_HNSCC_1_PBMC_CGAACATGTTCGTTGA	394.25760503635996	79.62384839416093	0.0	25.125069330369836	24.25197814101273
GSM4138110_HNSCC_1_PBMC_CGAACATTCTGTCCGT	570.9640898295027	0.0	45.85137054942721	0.0	46.2146217704965
GSM4138110_HNSCC_1_PBMC_CGAATGTAGCGTCTAT	551.629092624349	81.96715089545438	0.0	5.904488465931673	0.0
GSM4138110_HNSCC_1_PBMC_CGGGTCAAGTCTCGGC	396.5782076125421	24.449981376274277	86.64201846632358	31.459067334917656	40.14583344084358
GSM4138110_HNSCC_1_PBMC_CGTCTACCAAGCGTAG	518.5249063653865	106.87750926204544	24.177691406637738	13.85052240070606	41.42491011410267
GSM4138110_HNSCC_1_PBMC_CGTGTCTAGGTCGGAT	741.3146714200136	93.85243740745103	0.0	6.442805292218035	2.166385631506518
GSM4138110_HNSCC_1_PBMC_CGTTAGACATCCAACA	304.83232188292783	108.20444644324786	4.430896952809756	59.315034554367244	46.354690684815274
GSM4138110_HNSCC_1_PBMC_CGTTGGGCATATGCTG	337.3362744917172	68.9270329522005	20.540370725367943	62.184649567515464	24.034956928173376
GSM4138110_HNSCC_1_PBMC_CTAATGGTCTCGCTTG	503.9367789794903	28.908690361010375	8.57850726392284	33.33972550194881	0.0
GSM4138110_HNSCC_1_PBMC_CTACATTTCACCAGGC	554.3866200352376	100.79226612110439	27.72187452650678	0.8324400591046283	8.314362483442878
GSM4138110_HNSCC_1_PBMC_CTACGTCTCGAACGGA	360.9325420284139	53.390369715726784	25.671229281728383	32.05205268863922	19.300134132056204
GSM4138110_HNSCC_1_PBMC_CTAGAGTCACTTACGA	643.5468455156556	28.029590304467717	0.0	0.0	0.0
GSM4138110_HNSCC_1_PBMC_CTCAGAATCCGGGTGT	234.41287656181555	173.31922746958946	78.10870219810094	23.80896629991569	12.901237417946417
GSM4138110_HNSCC_1_PBMC_CTCGGGATCAATACCG	385.1238656845368	102.57443803232731	80.48741296767096	42.05567131668079	80.28708693328521
GSM4138110_HNSCC_1_PBMC_CTCGTACAGATCGGGT	793.7257297962719	270.9867709615931	0.0	202.22186416882343	207.51240542978067
GSM4138110_HNSCC_1_PBMC_CTCGTACTCTGTCCGT	534.8243760152442	137.59383752688322	0.0	0.0	53.265711940561786
GSM4138110_HNSCC_1_PBMC_CTCTGGTAGGCGTACA	270.88626175229894	82.668012529394	28.367119229800732	39.2004441359296	3.554696080108052
GSM4138110_HNSCC_1_PBMC_CTGAAACTCCGAGCCA	474.1498831628041	28.088228194797228	0.0	17.6728519202343	22.874805831144215
GSM4138110_HNSCC_1_PBMC_CTGAAGTAGCGATCCC	537.3697622166318	84.29591704998576	3.935749244378517	0.0	5.137784025461442
GSM4138110_HNSCC_1_PBMC_CTGATAGAGATCTGCT	433.64845066855065	44.465272653264826	72.00051609051816	0.0	25.231841712711546
GSM4138110_HNSCC_1_PBMC_CTGATAGAGCCTTGAT	687.0721323991235	0.0	33.38539899360709	3.897612635389529	25.023557940392276
GSM4138110_HNSCC_1_PBMC_CTGCCTAAGGTGCTTT	431.169596640857	173.8603030972933	44.39337074651898	20.980891027329307	37.362666035464876
GSM4138110_HNSCC_1_PBMC_CTGCCTATCACGACTA	242.42594987558945	123.88892868127553	44.81894725138606	14.061008104823674	27.892469903215645
GSM4138110_HNSCC_1_PBMC_CTGGTCTTCGAGAACG	399.32783760661295	28.307070703633865	0.0	6.779713586239031	25.212515253877335
GSM4138110_HNSCC_1_PBMC_CTGTTTAAGTGGAGTC	425.16877972135785	0.0	48.15769762135452	9.234432535980991	44.780474388651996
GSM4138110_HNSCC_1_PBMC_GAACATCTCCCTAATT	495.24643535781024	311.4435847307534	157.80805672921545	0.0	20.975154482845817
GSM4138110_HNSCC_1_PBMC_GAACCTATCTGAGGGA	443.8191058041354	42.98497251200506	0.0	46.99123774992379	0.0
GSM4138110_HNSCC_1_PBMC_GAATGAATCAGTTAGC	277.76228589807295	108.24973968955157	51.42728678747607	9.44767719729987	5.474247231201516
GSM4138110_HNSCC_1_PBMC_GATCGATAGTACACCT	570.892574133379	20.375685464621597	14.354892455457676	26.33561868877579	2.313344372778869
GSM4138110_HNSCC_1_PBMC_GATCGATTCAGCATGT	643.2922033606839	0.0	183.3863192970201	10.281428135409092	37.636564760598354
GSM4138110_HNSCC_1_PBMC_GATGAAATCCAAGCCG	668.3724029702101	20.97709307699589	0.0	34.66510523034623	0.0
GSM4138110_HNSCC_1_PBMC_GCACATAAGGTGTGGT	370.5666287194053	77.98559267960715	14.101129455725335	34.880896473919734	91.54297651776065
GSM4138110_HNSCC_1_PBMC_GCACTCTGTACAGTGG	525.921794366108	79.95633689747007	0.0	0.0	38.218478275753945
GSM4138110_HNSCC_1_PBMC_GCCTCTAAGTTAAGTG	401.71430647450177	31.764484609580368	29.64655629370129	6.380261983099531	7.276235259443003
GSM4138110_HNSCC_1_PBMC_GCCTCTAGTTGAACTC	371.9514147759991	40.66300728927121	64.3994349351102	0.0	24.604944920112054
GSM4138110_HNSCC_1_PBMC_GCGAGAAAGTGACATA	504.6338282012527	59.317706196932185	18.99752824726479	11.383830947628546	99.98085311948994
GSM4138110_HNSCC_1_PBMC_GCTGCAGGTCCTCTTG	365.0206275241975	68.68380861930122	0.0	37.34708318404093	31.706590661368303
GSM4138110_HNSCC_1_PBMC_GGAAAGCAGTCAATAG	438.2767442326217	152.75713013082608	93.98491680588408	0.0	20.694143699773203
GSM4138110_HNSCC_1_PBMC_GGAACTTGTTTACTCT	350.6357916523023	82.55256753422351	12.646916832088497	0.0	23.0174066105897
GSM4138110_HNSCC_1_PBMC_GGCAATTGTCCTCTTG	417.66228182610575	36.456328515665604	0.0	21.227520737908215	0.0
GSM4138110_HNSCC_1_PBMC_GGGACCTAGGCCCTTG	304.8516535313085	135.5288170935443	35.35777365601416	0.0	0.0
GSM4138110_HNSCC_1_PBMC_GGGACCTTCGTCCAGG	384.4852725950524	99.04394230638123	0.0	0.0	9.900175415945766
GSM4138110_HNSCC_1_PBMC_GGGATGACAATGGTCT	292.36855159065993	130.43150604029944	103.34696011565866	71.46924668732777	4.485799219882364
GSM4138110_HNSCC_1_PBMC_GGGCACTGTCTAGGTT	695.6645061150385	64.33094581066992	47.047246942661474	0.0	20.503964011937487
GSM4138110_HNSCC_1_PBMC_GGTATTGTCCTTCAAT	372.52832436573004	92.5972024402782	32.11240626990974	13.878246794925643	69.14366935022325
GSM4138110_HNSCC_1_PBMC_GGTGTTACAATCCAAC	347.226445255577	103.05330797302668	21.09327873344646	36.79508787243248	18.2763932206472
GSM4138110_HNSCC_1_PBMC_GGTGTTACAGCCACCA	425.11292863899195	85.26115375832424	0.0	58.30654961301958	4.402293524961628
GSM4138110_HNSCC_1_PBMC_GTAACGTTCGTATCAG	833.1634300575538	143.09978679895	62.00220749960297	28.753142854354618	7.993953672505027
GSM4138110_HNSCC_1_PBMC_GTATTCTTCTTCCTTC	655.844925891748	0.0	76.56716943801015	0.0	0.0
GSM4138110_HNSCC_1_PBMC_GTCAAGTGTGGGTATG	318.582978239112	197.34711636136618	13.006337205075061	0.0	55.28886247750987
GSM4138110_HNSCC_1_PBMC_GTCACGGGTGCAACGA	0.0	0.0	0.0	0.0	1751.4641224077902
GSM4138110_HNSCC_1_PBMC_GTGCGGTCAAGGTGTG	467.6691576307175	102.78441749678727	0.0	22.497478388923792	69.27999210894495
GSM4138110_HNSCC_1_PBMC_GTGTGCGAGGAGCGAG	330.33366783807634	98.90848935483261	48.91098243920042	20.830817971347855	21.778538621099127
GSM4138110_HNSCC_1_PBMC_GTGTGCGCAAGTCATC	530.0195760778163	0.0	0.0	15.640731958033934	70.91100864834995
GSM4138110_HNSCC_1_PBMC_TAAACCGTCATCTGTT	309.9173400834993	110.11835858571467	42.46050766768277	11.126118339572526	62.60849213226286
GSM4138110_HNSCC_1_PBMC_TAAGCGTCAATGGATA	683.6623773735623	12.999773632283635	24.71034523879149	0.0	35.04440410413187
GSM4138110_HNSCC_1_PBMC_TACACGATCCTGCCAT	836.3300853576715	11.255180085401138	50.37588071044406	8.044297422263869	24.859207685819335
GSM4138110_HNSCC_1_PBMC_TACCTTAAGGCTAGAC	644.0179216413236	8.253088344893486	43.10243155920705	0.0	0.0
GSM4138110_HNSCC_1_PBMC_TACGGATCAGGGTATG	335.75873125041835	93.59790518260408	45.69222578577553	6.7709424850220055	42.02572182115263
GSM4138110_HNSCC_1_PBMC_TAGAGCTCAGATGGCA	414.61907916996074	134.63815761485716	93.47943226855841	8.068552493988564	5.377308649036183
GSM4138110_HNSCC_1_PBMC_TAGCCGGAGAAGGCCT	466.5089367883928	104.27517401403816	0.0	30.298882707292744	29.492484414329354
GSM4138110_HNSCC_1_PBMC_TATCTCAAGGTGCACA	471.70302997165123	42.78227747893753	1.3431429930330356	28.302377384919065	0.0
GSM4138110_HNSCC_1_PBMC_TCACAAGGTTCATGGT	205.64593628935776	173.924998539611	52.22950170047217	0.0	4.680409468517514
GSM4138110_HNSCC_1_PBMC_TCACAAGTCTTGACGA	386.640304836614	863.9286315130813	154.35864065003776	221.58648540807192	318.78406093045675
GSM4138110_HNSCC_1_PBMC_TCGAGGCTCGGAAATA	555.74162950137	30.655384356342065	98.0845071284793	10.547175802298693	18.25814240052992
GSM4138110_HNSCC_1_PBMC_TCTATTGGTTTAGGAA	459.6942768421797	101.37580920868893	0.0	3.595871568840637	15.36047068976
GSM4138110_HNSCC_1_PBMC_TCTATTGTCATCTGCC	244.9165743425485	80.05129622598267	72.4057593862813	18.846637130261907	0.0
GSM4138110_HNSCC_1_PBMC_TCTTCGGCACCCTATC	409.75767042552434	136.92525626696212	12.158297152795372	12.83347571991664	46.61645877241144
GSM4138110_HNSCC_1_PBMC_TGGGCGTTCACAGGCC	231.9115567701434	0.0	0.0	0.0	2266.404620634406
GSM4138110_HNSCC_1_PBMC_TGTGTTTGTTAAAGAC	417.05243746572273	125.40647413689432	86.21462956129712	72.34145175278054	164.95631740640715
GSM4138110_HNSCC_1_PBMC_TGTTCCGCACGGCGTT	454.2029289900618	375.4118899673394	380.99379158653943	233.8909355313888	153.07850557629294
GSM4138110_HNSCC_1_PBMC_TTAGGCAAGGCTAGCA	428.0221208255392	105.22035703171731	136.5112725633775	41.479514932767515	0.0
GSM4138110_HNSCC_1_PBMC_TTCCCAGCACATGGGA	2.1028688943345792	104.28633374856993	105.76813925279797	36.733048229015324	145.7467864404702
GSM4138110_HNSCC_1_PBMC_TTCGGTCAGACCCACC	359.3237408931052	122.64424337400477	9.426063547540707	0.0	0.0
GSM4138110_HNSCC_1_PBMC_TTCTCCTTCCTCAATT	461.0785069777006	108.76389735840834	0.0	0.0	41.670177669087245
GSM4138110_HNSCC_1_PBMC_TTGAACGGTCGAAAGC	287.70979379243414	148.81439958282274	4.594950206353702	21.825442076822146	10.277103814629564
GSM4138110_HNSCC_1_PBMC_TTGCCGTAGTCAAGCG	364.06469238703187	158.1640085267109	0.0	22.845965837670406	21.34468691082383
GSM4138110_HNSCC_1_PBMC_TTGCGTCTCAAGGCTT	415.26066277740233	48.162225794514335	97.09453935631686	4.1800200307383815	46.48424137328113
GSM4138110_HNSCC_1_PBMC_TTTATGCGTGCATCTA	351.9637874712751	85.42665189183568	0.0	32.41556565203042	2.81999492834615
GSM4138110_HNSCC_1_PBMC_TTTGCGCTCTTGTACT	550.6652903730868	11.490227462290969	33.3652775580286	7.858775817626218	0.0
GSM4138110_HNSCC_1_PBMC_TTTGGTTCACTTCTGC	776.185842894054	0.0	111.14918011053169	10.02555097806708	45.10169522167348
GSM4138110_HNSCC_1_PBMC_CTACACCAGTTGTAGA	370.392555011809	116.26642462443301	532.1437482256453	132.22544277445937	0.0
GSM4138110_HNSCC_1_PBMC_AACTGGTGTCAGAATA	212.6378520836648	199.33983886880497	4.036709686278651	33.33233685921119	28.84318209708547
GSM4138110_HNSCC_1_PBMC_AAACGGGTCCTCAACC	553.4250781470811	0.0	0.0	0.0	6.4614515739381435
GSM4138110_HNSCC_1_PBMC_AAGGCAGAGGCGTACA	583.9647439595412	21.538687360649842	0.0	32.87526208336232	15.714928175417267
GSM4138110_HNSCC_1_PBMC_ACATGGTCAATGGAGC	873.2934313640123	0.0	0.0	1.0615188739256922	0.0
GSM4138110_HNSCC_1_PBMC_ACGATGTGTTATCACG	542.3166068859867	82.69882362676714	0.0	0.0	0.0
GSM4138110_HNSCC_1_PBMC_ACGGCCATCTCCCTGA	851.4069015877153	0.0	116.96291982274654	0.73631326849262	0.0
GSM4138110_HNSCC_1_PBMC_AGCTCTCTCATTGCCC	1070.0431011416692	0.0	25.87061606652408	23.803231421261433	36.87428282097559
GSM4138110_HNSCC_1_PBMC_AGGTCATTCTCTAGGA	580.1054044152363	78.59762697188381	0.0	14.585912722587036	26.726413347276722
GSM4138110_HNSCC_1_PBMC_ATAGACCTCTGGTGTA	673.1088801166838	0.0	0.0	27.33054062993505	0.0
GSM4138110_HNSCC_1_PBMC_ATAGACCTCTTCCTTC	376.6798739671876	43.44718309437446	38.77820253765995	30.93635956936053	0.0
GSM4138110_HNSCC_1_PBMC_ATCTACTCACTGTGTA	748.0481730510185	0.0	0.0	0.0	10.58688494717705
GSM4138110_HNSCC_1_PBMC_ATCTGCCAGGAATCGC	821.4895584282689	0.0	0.0	0.0	0.0
GSM4138110_HNSCC_1_PBMC_ATGGGAGCATGGGAAC	667.731417493104	0.0	48.59717121081046	46.512976671522416	431.70023499660283
GSM4138110_HNSCC_1_PBMC_ATGTGTGGTAGCTGCC	551.4096878594821	0.0	0.0	37.25115146112716	0.0
GSM4138110_HNSCC_1_PBMC_CACAAACCATCCCACT	641.479518603625	24.993520841428996	51.881294903137295	2.721198577808641	22.051486628757985
GSM4138110_HNSCC_1_PBMC_CACCACTAGTTACCCA	788.1783765776311	2.0078230651033144	24.26153776103202	0.0	1.6784319021845797
GSM4138110_HNSCC_1_PBMC_CATGCCTTCAGCTCTC	633.4940928158478	35.095737508342786	0.0	21.85532753948867	57.79111350999393
GSM4138110_HNSCC_1_PBMC_CATGGCGCATGTTCCC	739.7605479698007	46.780551171985	0.0	0.0	0.381258952342435
GSM4138110_HNSCC_1_PBMC_CCACCTAGTAGTACCT	725.459882261005	0.0	16.766785378430892	0.0	33.462922143882366
GSM4138110_HNSCC_1_PBMC_CCGTTCAGTATATCCG	790.913859786848	16.094539494434734	18.685776080240903	6.362704996530007	0.0
GSM4138110_HNSCC_1_PBMC_CCTACACGTCCGAAGA	421.3592050615533	0.0	9.758371687520667	20.760550469703325	41.39715960660263
GSM4138110_HNSCC_1_PBMC_CCTCTGAGTCGCGAAA	1032.121517072327	0.0	0.0	19.903219735562864	0.0
GSM4138110_HNSCC_1_PBMC_CGCTGGAAGGCATGTG	721.4961318435704	0.0	0.0	0.0	2.834999514005435
GSM4138110_HNSCC_1_PBMC_CGGAGTCTCACAATGC	483.9557762583346	0.0	43.72251097798787	0.0	26.49506459783619
GSM4138110_HNSCC_1_PBMC_CGGCTAGAGCTACCGC	760.9386494300913	0.0	0.0	34.77119241572213	0.0
GSM4138110_HNSCC_1_PBMC_CGTTGGGCAAGCCGCT	408.6650163028333	65.63635116278743	0.0	49.71255866104755	31.010554208366784
GSM4138110_HNSCC_1_PBMC_CTCAGAAGTCCGACGT	475.20815382075267	16.242927279516675	2.638902209431268	0.0	44.90796611810319
GSM4138110_HNSCC_1_PBMC_CTCGTACCACGCGAAA	450.6856808030427	154.59080639478515	0.0	0.0	1.7030052938479832
GSM4138110_HNSCC_1_PBMC_GAAATGAAGAGCCTAG	837.5362780810403	198.8175377028476	17.65845990465284	32.79672863584317	20.611337466399792
GSM4138110_HNSCC_1_PBMC_GACGTTATCTAACCGA	698.1061164281416	0.0	0.0	0.0	10.683767054569794
GSM4138110_HNSCC_1_PBMC_GACTGCGTCGGCATCG	644.0776967589277	35.912176674038186	0.0	13.653194602903628	0.0
GSM4138110_HNSCC_1_PBMC_GATGAGGAGGCTAGCA	436.8586280145105	68.53798078770578	16.239122829041246	49.19169987603609	0.0
GSM4138110_HNSCC_1_PBMC_GATTCAGCACCACGTG	556.3376760777467	0.0	0.0	45.20472307205468	0.0
GSM4138110_HNSCC_1_PBMC_GCAATCAGTAGCTCCG	554.2522931671692	0.0	0.0	0.0	0.0
GSM4138110_HNSCC_1_PBMC_GCGACCAGTAGCCTAT	674.8390881009457	39.8618218006971	47.49425947149664	0.0	39.61976398256877
GSM4138110_HNSCC_1_PBMC_GCTTCCATCTCATTCA	492.87638622736205	65.64152351512428	0.0	0.0	44.62085810405244
GSM4138110_HNSCC_1_PBMC_GCTTGAAAGACCTTTG	240.71458857865144	125.78421615230812	24.670639835253855	22.322214793259175	5.200571330060497
GSM4138110_HNSCC_1_PBMC_GGACAAGGTAATTGGA	524.4372757119268	74.68178464708275	29.785216148357993	0.0	31.317690348951675
GSM4138110_HNSCC_1_PBMC_GGCGTGTAGCACGCCT	438.19201136875085	47.41886830855872	12.546693144199983	26.826125496019014	0.0
GSM4138110_HNSCC_1_PBMC_GGCGTGTAGCGTTTAC	437.94311323659133	30.9736625093173	33.330969637776775	0.0	0.0
GSM4138110_HNSCC_1_PBMC_GGCTGGTCAATGGACG	818.4552514803439	32.99968832523433	30.558735955739994	0.0	0.0
GSM4138110_HNSCC_1_PBMC_GGGAATGTCAGCTGGC	682.5448286024647	91.84023036880961	0.0	0.0	28.85740643300736
GSM4138110_HNSCC_1_PBMC_GGGTTGCAGATCGGGT	574.9574673612195	0.0	35.585686691630286	0.0	14.700393117025431
GSM4138110_HNSCC_1_PBMC_GGTATTGCACATTAGC	445.23327401741057	10.500923583710929	25.35576035412919	15.55961244825303	0.0
GSM4138110_HNSCC_1_PBMC_GGTGTTAGTGTGACCC	401.4445505671861	59.331369108756775	24.38515067338572	20.705462536006586	15.23398931347919
GSM4138110_HNSCC_1_PBMC_GTCACAAGTATCACCA	529.849859692471	28.265696045073966	0.0	35.068174480830024	48.54668837104757
GSM4138110_HNSCC_1_PBMC_GTCACAATCGCAAGCC	442.75583985704156	44.48654849456726	68.37731146094096	2.469160035480589	0.0
GSM4138110_HNSCC_1_PBMC_GTCACGGCAAGCTGGA	544.9288319503855	119.8927631549615	0.0	0.0	0.0
GSM4138110_HNSCC_1_PBMC_GTCGTAAAGGCATGTG	1254.4238552578424	0.0	0.0	9.502371448959288	76.18467181878465
GSM4138110_HNSCC_1_PBMC_GTCGTAATCTTGCAAG	392.5669713980666	62.28435469487862	8.90017201022227	0.0	7.064474472329164
GSM4138110_HNSCC_1_PBMC_GTCTCGTCATGCGCAC	649.8822272938403	0.0	2.782540414709975	5.78056286400518	3.549537271485456
GSM4138110_HNSCC_1_PBMC_GTGAAGGCACATTTCT	773.8563877315116	0.0	22.012019409444843	28.619656336549635	20.666874513672717
GSM4138110_HNSCC_1_PBMC_GTGCAGCAGACCGGAT	946.6656529720535	28.395113963684025	46.29615020093408	0.0	0.0
GSM4138110_HNSCC_1_PBMC_GTTAAGCTCATACGGT	385.706243275912	67.42284278056644	0.0	45.307127555184536	2.5348845869284125
GSM4138110_HNSCC_1_PBMC_TAAACCGAGGGTCGAT	487.12869461238716	39.905071017391734	41.33159336530885	8.386765320897853	25.63162380950328
GSM4138110_HNSCC_1_PBMC_TACCTTAAGGCTCTTA	706.5003009319822	36.02406281886027	0.0	17.546091991483618	21.113566659035953
GSM4138110_HNSCC_1_PBMC_TAGAGCTTCGTTGCCT	1104.9117409900002	0.0	0.0	0.0	57.599339521350565
GSM4138110_HNSCC_1_PBMC_TAGGCATTCCCAGGTG	370.864224177797	63.80117108269304	56.55746788565173	0.3933618681761618	0.0
GSM4138110_HNSCC_1_PBMC_TCACAAGCACATCCGG	483.0855152803816	37.08110509111441	73.10711144962964	1.1429329127507386	16.836023337536353
GSM4138110_HNSCC_1_PBMC_TCAGCTCCATGACGGA	414.7277787655622	45.18381277985432	58.39627837225752	0.0	0.0
GSM4138110_HNSCC_1_PBMC_TCGAGGCTCCAGGGCT	620.115356733246	0.0	0.0	0.0	0.0
GSM4138110_HNSCC_1_PBMC_TCTATTGCAGTCAGCC	686.729474044225	106.99188711006816	0.0	0.0	0.0
GSM4138110_HNSCC_1_PBMC_TCTCTAAGTGGTAACG	867.2753193156668	71.20766027897619	25.449996545655296	38.542238660296604	9.906228109631963
GSM4138110_HNSCC_1_PBMC_TCTGAGATCTAGCACA	393.9299237312148	92.82934919043058	5.387609859055708	21.62202189509942	9.871266703968365
GSM4138110_HNSCC_1_PBMC_TCTTTCCCACTGAAGG	899.3350324625324	52.003880755114324	0.0	0.0	57.70129915537048
GSM4138110_HNSCC_1_PBMC_TGACAACGTCATCCCT	738.9924893865954	0.0	15.035787933258293	60.64454775496567	29.679379638672366
GSM4138110_HNSCC_1_PBMC_TGAGCCGAGATGAGAG	595.6859024953877	11.541561387043213	0.0	40.03056253287292	0.0
GSM4138110_HNSCC_1_PBMC_TGCGGGTTCTGATTCT	424.5824723637648	49.623941622845884	22.42014215650615	41.321177481790684	0.0
GSM4138110_HNSCC_1_PBMC_TGGCTGGGTTCCAACA	721.3573389765779	19.334053923251954	0.0	19.66909494060276	12.360982386209383
GSM4138110_HNSCC_1_PBMC_TGTATTCGTGGCTCCA	988.1789594490712	70.49347702394329	0.0	12.096551364852042	0.0
GSM4138110_HNSCC_1_PBMC_TGTGGTAAGTATGACA	721.0964460721424	0.0	0.0	0.0	0.0
GSM4138110_HNSCC_1_PBMC_TTCCCAGGTCACTGGC	508.82287164764716	41.48793779830226	0.0	27.170706518497145	0.0
GSM4138110_HNSCC_1_PBMC_TTCGGTCCACCTCGGA	422.506985693156	60.45423931237333	0.0	35.21012857484432	13.241933475225705
GSM4138110_HNSCC_1_PBMC_TTCTACATCCTTCAAT	534.2229971747317	28.718775162121556	44.35349951060658	0.0	0.0
GSM4138110_HNSCC_1_PBMC_AAAGTAGTCGGCATCG	0.0	1676.9336758722964	143.27220980090036	24.281538011897172	5.2760076086339005
GSM4138110_HNSCC_1_PBMC_ACACTGATCGTACCGG	116.24130271446974	862.0695681341855	17.863711092397413	26.103652619784366	0.0
GSM4138110_HNSCC_1_PBMC_ACAGCTATCAGCACAT	60.88997292683311	1458.9409554277288	54.47801227831516	0.0	0.0
GSM4138110_HNSCC_1_PBMC_ACTGAACGTTATTCTC	202.21438382685855	1108.937013036965	48.20851583009795	0.0	17.836152934719138
GSM4138110_HNSCC_1_PBMC_ACTGAGTTCAGGTAAA	23.81542881144072	1193.1222042877873	0.0	34.90716876080788	0.0
GSM4138110_HNSCC_1_PBMC_ACTGCTCCAACCGCCA	141.38589294682168	1075.0441307163658	42.21956214440745	0.0	0.0
GSM4138110_HNSCC_1_PBMC_ACTTACTAGTGGAGAA	0.0	1732.7723512145276	168.6730606811298	15.058730455927405	0.0
GSM4138110_HNSCC_1_PBMC_ACTTGTTCAGTTCATG	68.5584826764429	1644.4404334634798	234.49123620934287	0.0	55.18667146117586
GSM4138110_HNSCC_1_PBMC_AGAGTGGCAGGGATTG	199.75740669117639	945.5394520184349	72.80646869151245	0.0	39.57811325078555
GSM4138110_HNSCC_1_PBMC_AGATCTGGTGATAAGT	161.23954161998287	818.3139881912037	90.79035282256159	0.0	84.78459406955025
GSM4138110_HNSCC_1_PBMC_AGATTGCGTATAGGGC	253.99217510508933	1534.475307495333	110.11711388232776	28.73420438581063	0.0
GSM4138110_HNSCC_1_PBMC_AGCGGTCCATGCTGGC	95.01532500986953	901.1245928205716	190.789081681291	23.854776611484557	162.07290835052552
GSM4138110_HNSCC_1_PBMC_AGGCCACTCAGCGATT	86.55087864150248	859.1097556270242	106.84073721111642	0.0	80.08276827934574
GSM4138110_HNSCC_1_PBMC_AGTAGTCCACAGTCGC	248.44422464162167	1572.3701897247859	189.91673013244568	0.0	0.0
GSM4138110_HNSCC_1_PBMC_AGTGTCATCCCTAATT	118.03812546885483	1081.3406794499936	101.58164160156717	0.0	0.0
GSM4138110_HNSCC_1_PBMC_ATCCACCGTGGTTTCA	0.0	3018.1105774534617	0.0	0.0	0.0
GSM4138110_HNSCC_1_PBMC_ATCGAGTGTACTTAGC	28.28460893575694	1505.6587510082338	112.96757043530471	0.0	47.559867768748624
GSM4138110_HNSCC_1_PBMC_CAACTAGTCTTGAGAC	203.61169514007844	1130.0278593438636	0.0	8.882807477227256	0.0
GSM4138110_HNSCC_1_PBMC_CAAGGCCTCTAGCACA	133.08357342794974	642.408138395302	90.50570753457542	28.574828795272857	21.115780906255672
GSM4138110_HNSCC_1_PBMC_CACAAACAGGCTACGA	85.87329734701872	1134.3107448459043	88.95349075685992	16.562989533079136	0.0
GSM4138110_HNSCC_1_PBMC_CACATTTTCATTGCGA	124.27789482159852	1043.2076601977978	3.0812780410759997	0.0	7.057206709614543
GSM4138110_HNSCC_1_PBMC_CAGAGAGTCAGTTAGC	177.20967469382123	1363.9837729047301	173.4128869108409	0.0	0.0
GSM4138110_HNSCC_1_PBMC_CAGCTGGGTCTCCACT	410.30761968308553	1198.221045751766	12.602962124065632	0.0	0.0
GSM4138110_HNSCC_1_PBMC_CAGCTGGGTGTTTGTG	208.26063463175402	798.4059440455685	0.0	49.31954744384257	29.731733522443903
GSM4138110_HNSCC_1_PBMC_CATATGGCAGGACGTA	170.59766618252263	962.4532573078709	165.2113659851764	43.099369196544195	77.00983602485768
GSM4138110_HNSCC_1_PBMC_CATATTCTCCACGTTC	376.8562793753917	758.0834966334189	92.32572812080734	30.461246025687384	32.713369757314716
GSM4138110_HNSCC_1_PBMC_CCAATCCCACGACTCG	193.38896763448045	598.5870665561272	32.113843973492315	0.0	25.458090323748824
GSM4138110_HNSCC_1_PBMC_CCTACCAGTCGGCTCA	172.72936790793847	1367.8647486781751	0.0	12.871219564656503	26.870065934077886
GSM4138110_HNSCC_1_PBMC_CGAACATCAAGTTAAG	292.9477794537196	1369.913513550457	203.16849923622132	0.0	0.0
GSM4138110_HNSCC_1_PBMC_CGACCTTCATTACGAC	60.36729563466019	673.56944055008	0.0	8.292245194101023	5.328892978188204
GSM4138110_HNSCC_1_PBMC_CGAGCACCATATACGC	374.2675631009984	1418.995505309711	89.069487690042	33.88009171238371	37.272590995498206
GSM4138110_HNSCC_1_PBMC_CGATCGGCAACGATCT	217.82619433902968	1055.0048309631366	43.97381755380085	13.875022893941862	0.0
GSM4138110_HNSCC_1_PBMC_CGATCGGGTTTGGGCC	208.22817787499343	1046.4048432420973	57.27667488978916	0.0	10.50441225639724
GSM4138110_HNSCC_1_PBMC_CGCTATCCACCGAATT	88.70189715193868	1551.9791363766815	77.54395638312326	33.59633329541073	42.10339788115509
GSM4138110_HNSCC_1_PBMC_CGGAGCTGTCGAACAG	0.0	1641.0284314074431	168.9567484789667	0.0	0.0
GSM4138110_HNSCC_1_PBMC_CGTTCTGGTCTAAACC	21.716958051507603	1243.8726271302753	243.57665512163834	0.0	5.500844159533403
GSM4138110_HNSCC_1_PBMC_CGTTGGGGTGTGTGCC	193.23476286990245	752.5155506827751	67.6646607031896	17.389014775293624	6.714104006930158
GSM4138110_HNSCC_1_PBMC_CTAATGGCACACATGT	235.81380189686112	1053.1678581668439	0.0	0.0	0.0
GSM4138110_HNSCC_1_PBMC_CTACCCAGTTACCGAT	0.0	1512.195001214138	0.0	0.0	30.141589277461527
GSM4138110_HNSCC_1_PBMC_CTAGAGTCATCGGACC	47.07281153305376	1139.7814777306169	221.69155248407864	0.0	0.0
GSM4138110_HNSCC_1_PBMC_CTCTGGTGTGTTCGAT	235.20403495161273	871.8775667487205	69.68127208072607	0.0	48.16856829635432
GSM4138110_HNSCC_1_PBMC_CTGATAGCATCAGTCA	285.8555518741593	791.7962830445671	32.33839819990066	84.14557530594637	0.0
GSM4138110_HNSCC_1_PBMC_CTGTTTACAATGTAAG	0.0	1480.017099871699	117.4284444694583	36.10191429088923	0.0
GSM4138110_HNSCC_1_PBMC_GAACCTATCTCTGTCG	209.97327986333295	543.6420960241483	10.757600703612743	0.0	35.53027929226688
GSM4138110_HNSCC_1_PBMC_GATCGCGTCAGGCGAA	155.66188255973168	708.3464684014781	43.829451374997525	0.0	45.634370053690105
GSM4138110_HNSCC_1_PBMC_GATCTAGCATACAGCT	0.0	1485.502173039171	0.0	12.748477912077	11.830113362755803
GSM4138110_HNSCC_1_PBMC_GATGAAAGTAGAAGGA	80.3679224871801	625.6875435760395	53.310145321383345	28.776896473709787	0.0
GSM4138110_HNSCC_1_PBMC_GATGAAAGTCACCCAG	58.83344263612485	1329.1753920841086	242.92038666183012	8.225983753283106	0.0
GSM4138110_HNSCC_1_PBMC_GCATACACATCTGGTA	0.0	2146.740984039464	0.0	23.218318683225593	45.42998376656026
GSM4138110_HNSCC_1_PBMC_GCGAGAATCGCACTCT	0.0	1796.1544260357816	0.0	45.41399482616914	0.0
GSM4138110_HNSCC_1_PBMC_GCGCGATAGGAGCGTT	200.21725575136202	536.1533920918434	0.0	0.0	22.1011031761535
GSM4138110_HNSCC_1_PBMC_GCTCTGTTCAGTTTGG	106.53934633369535	794.5882067158255	0.0	43.13542844421867	0.0
GSM4138110_HNSCC_1_PBMC_GCTGCGAGTCTAGTCA	126.93217856293907	1063.9553319738466	122.88189898502132	0.0	0.0
GSM4138110_HNSCC_1_PBMC_GGCTCGATCAGGCGAA	141.18534647176563	835.8515252197227	0.0	0.0	9.899959433155857
GSM4138110_HNSCC_1_PBMC_GGGAATGTCTTCCTTC	0.0	2779.368685504827	0.0	123.41789493969422	196.12869139133332
GSM4138110_HNSCC_1_PBMC_GGGCACTTCGTAGGTT	0.0	1389.6750367998466	18.64398962087188	0.0	0.0
GSM4138110_HNSCC_1_PBMC_GTAGGCCAGTACTTGC	0.0	1243.0601553853664	87.49661053980236	31.080046605980126	0.0
GSM4138110_HNSCC_1_PBMC_GTCACAATCTATCGCC	373.228765280305	1356.4174621223465	48.11216683726745	0.0	0.0
GSM4138110_HNSCC_1_PBMC_GTCTCGTAGTAGCGGT	331.85256790749406	776.6840888151255	61.19027498468473	0.0	6.295173663819839
GSM4138110_HNSCC_1_PBMC_GTGCAGCTCTGTCTAT	0.0	2192.581953686613	0.0	4.2525653869800495	0.0
GSM4138110_HNSCC_1_PBMC_GTGCATAGTACGCTGC	198.87434098255943	1008.2799995431079	120.47910411749642	0.0	0.0
GSM4138110_HNSCC_1_PBMC_GTGCTTCAGTACGATA	191.47991159585254	915.9439919458763	185.71234183496142	0.0	0.0
GSM4138110_HNSCC_1_PBMC_TACAGTGCAATGACCT	374.5995312482414	734.212358064169	0.0	3.1862025844222925	40.38150354071396
GSM4138110_HNSCC_1_PBMC_TACTCATAGATCACGG	0.0	1511.080167335093	0.0	0.0	21.758281365418053
GSM4138110_HNSCC_1_PBMC_TACTCGCGTAAGGATT	277.80753428693123	1092.2921682112476	151.93238979868468	57.48691061385583	0.0
GSM4138110_HNSCC_1_PBMC_TACTTGTCAAGTTAAG	212.42843510122148	1248.269436439629	131.53817565979531	3.466067233612546	38.63433621637955
GSM4138110_HNSCC_1_PBMC_TATCTCAAGGTGTGGT	129.13820925296477	777.1222805927199	0.0	0.0	39.96445608040331
GSM4138110_HNSCC_1_PBMC_TCAGCTCCACCCATTC	167.74669875514516	1780.921614391159	0.0	24.584502487849786	29.74188737117655
GSM4138110_HNSCC_1_PBMC_TCGCGTTCAGCTGCTG	201.56944621457893	865.7977688375693	49.68407463550176	0.0	0.0
GSM4138110_HNSCC_1_PBMC_TCGGGACAGCTAGTTC	0.0	1460.7183766726782	0.0	42.14650114729151	0.0
GSM4138110_HNSCC_1_PBMC_TCTTCGGAGTCATCCA	184.56543671333583	1059.1624875155308	103.2924104228818	0.0	7.380743987373649
GSM4138110_HNSCC_1_PBMC_TGAGAGGGTCCCTACT	887.7458810643682	916.1817855837146	0.0	0.0	85.73509090424643
GSM4138110_HNSCC_1_PBMC_TGATTTCGTTAAAGTG	103.06773395434294	1915.447392843917	0.0	26.66328983983649	0.0
GSM4138110_HNSCC_1_PBMC_TGCCAAATCATGTCCC	202.35568088490834	1044.6642779719082	239.55402354159955	0.0	13.222130716415167
GSM4138110_HNSCC_1_PBMC_TGTATTCAGAATGTTG	349.5323945659469	1102.9502746639528	143.31944450778812	51.05328104511852	12.80656356532994
GSM4138110_HNSCC_1_PBMC_TGTCCCAGTTCAGGCC	38.99103364407814	1086.7689854551238	0.0	40.43205186005634	0.0
GSM4138110_HNSCC_1_PBMC_TTGCCGTCAATAGCGG	223.8482026590745	1295.5903543230907	4.226399614688201	0.13134452014407438	0.0
GSM4138110_HNSCC_1_PBMC_TTTATGCAGACTGGGT	0.0	1058.5486498932808	18.235364076844466	5.670673603607435	3.6763195392643118
GSM4138110_HNSCC_1_PBMC_AACGTTGAGTTTAGGA	1070.7902367633753	0.0	0.0	0.0	0.0
GSM4138110_HNSCC_1_PBMC_AAGGCAGCAATCACAC	475.20027125822526	143.00649318378314	0.0	34.67886849828876	44.24907626414129
GSM4138110_HNSCC_1_PBMC_ACTGATGTCAATAAGG	611.9029063755913	0.0	92.4941753124169	0.0	0.0
GSM4138110_HNSCC_1_PBMC_AGCAGCCAGGCCCTCA	628.2258034389052	79.99982458521781	83.46369308414295	42.28359176652701	78.56761529293986
GSM4138110_HNSCC_1_PBMC_CATATTCCATATGAGA	704.390081805467	82.98465523363537	161.69957178411636	60.365549525835455	8.41159433181202
GSM4138110_HNSCC_1_PBMC_CCTCAGTCAACTGCGC	564.7510960577674	0.0	0.0	0.0	84.02014726153017
GSM4138110_HNSCC_1_PBMC_CGGTTAACACCTCGTT	420.0735899733455	108.72347330511703	0.0	0.0	30.7532396541078
GSM4138110_HNSCC_1_PBMC_CGTGTAATCTCCAGGG	402.1255723428467	53.87966869156611	79.86375953194877	0.7019220736918186	4.618932364684641
GSM4138110_HNSCC_1_PBMC_CGTTGGGTCAGTGCAT	508.48940887992455	75.73044517143569	17.54677595689944	41.15125176079691	23.344187598215154
GSM4138110_HNSCC_1_PBMC_CTAGAGTAGCTATGCT	913.7784729066424	54.14304273206948	141.51942180401838	18.499650503140128	6.56972655809301
GSM4138110_HNSCC_1_PBMC_GCATACATCGTTACAG	627.7361162283496	0.0	64.71504220212536	0.0	0.0
GSM4138110_HNSCC_1_PBMC_AAACGGGCAGTATCTG	616.148206160996	0.0	27.35162435776505	0.0	69.90477063499335
GSM4138110_HNSCC_1_PBMC_AAAGATGTCTGATTCT	757.7829001762788	53.74437122998614	0.0	35.46994430716145	36.83034840280773
GSM4138110_HNSCC_1_PBMC_AAAGTAGGTAGCGCTC	620.9265738587765	61.3104132524464	0.0	0.0	0.0
GSM4138110_HNSCC_1_PBMC_AACTCAGGTGGTCTCG	576.0747365026648	76.61278105771538	0.0	0.0	34.246681441296516
GSM4138110_HNSCC_1_PBMC_AACTCCCTCCAATGGT	948.4730163564043	45.892286888257914	41.52602446813258	4.514288738449776	29.93463226500802
GSM4138110_HNSCC_1_PBMC_AACTCTTAGTGGGTTG	681.822008526875	28.588630056709142	112.89021213446998	0.0	14.951877007796085
GSM4138110_HNSCC_1_PBMC_AACTCTTGTCACACGC	341.41666209608826	172.80817604801203	0.0	7.83082815373729	20.914897042640412
GSM4138110_HNSCC_1_PBMC_AACTTTCAGAAGGTTT	798.1105516819547	68.13214576631647	13.008598492589835	7.728630169406968	4.809831591006367
GSM4138110_HNSCC_1_PBMC_AAGGAGCTCCTTTCGG	736.408745414983	80.47091371037145	165.7920070285783	0.0	44.104659370579085
GSM4138110_HNSCC_1_PBMC_AATCCAGAGTGCTGCC	771.6692907129018	50.23097318503429	108.94717001262984	10.854083754890858	17.00117946003073
GSM4138110_HNSCC_1_PBMC_AATCGGTGTCTAGCCG	785.4444968227538	75.28155348910028	112.89023444752046	0.0	65.36684644488392
GSM4138110_HNSCC_1_PBMC_ACACCCTCATCTACGA	594.4782739959228	51.63534812108937	9.195647355225445	0.0	11.976971274610296
GSM4138110_HNSCC_1_PBMC_ACACCGGCACCATGTA	1410.653329773123	49.756207482811845	387.4958015566652	0.0	143.03611545395987
GSM4138110_HNSCC_1_PBMC_ACATCAGAGCGTTCCG	1069.4346544005723	308.47193042269754	256.84625537328645	12.62756682452676	0.0
GSM4138110_HNSCC_1_PBMC_ACCCACTCAATGTAAG	490.6072167600513	0.0	101.12402653587975	0.0	0.0
GSM4138110_HNSCC_1_PBMC_ACCCACTGTAAGTGTA	670.1635790935248	74.87379598328371	58.22356558848954	9.791581230220388	6.0417753920890584
GSM4138110_HNSCC_1_PBMC_ACCTTTATCATAACCG	1008.2529761393945	0.0	86.89546288119844	0.0	10.51290868235166
GSM4138110_HNSCC_1_PBMC_ACGAGCCAGGTGTGGT	579.1653276852269	36.37159191885066	82.85291907282323	26.797288773795408	0.0
GSM4138110_HNSCC_1_PBMC_ACGATACCATATGAGA	584.7453755444958	40.61694939856235	17.261124581627268	0.0	2.5797740676390255
GSM4138110_HNSCC_1_PBMC_ACGATACTCTGATTCT	536.5268389914423	7.317531625747061	0.0	27.69703063020815	55.59428327947324
GSM4138110_HNSCC_1_PBMC_ACGATGTCAGGCAGTA	483.7981606405311	81.16806208047977	66.68720157957904	5.150702861988204	32.40726373388545
GSM4138110_HNSCC_1_PBMC_ACGCAGCGTAGAGCTG	325.25505257988823	91.67622847056676	4.360849188855439	13.498397835046891	62.03111265356685
GSM4138110_HNSCC_1_PBMC_ACGCCGAAGGTAGCTG	414.8544728496677	100.51756012704904	0.0	18.50891978079429	11.35652655523199
GSM4138110_HNSCC_1_PBMC_ACGGGCTGTGATAAAC	768.369668820353	0.0	12.110663175471705	1.5295316128020768	27.47643355336002
GSM4138110_HNSCC_1_PBMC_ACGTCAACATCACGAT	586.0289679018183	0.418027876412728	49.551650699786386	0.0	0.909060639457781
GSM4138110_HNSCC_1_PBMC_ACTATCTAGGAATTAC	1044.6922764151336	182.74458582058864	110.83189535262194	22.695434398494367	45.60098035308446
GSM4138110_HNSCC_1_PBMC_ACTGATGTCGTTACGA	1049.8285718627174	187.43098406561774	75.65016420765731	0.0	24.749391405033023
GSM4138110_HNSCC_1_PBMC_ACTTACTAGATAGGAG	875.4971360853455	0.0	13.622758499810326	0.0	0.0
GSM4138110_HNSCC_1_PBMC_ACTTGTTTCCACGACG	945.2926374850002	0.0	0.0	0.0	0.0
GSM4138110_HNSCC_1_PBMC_ACTTTCATCGTCACGG	589.8472191802906	133.8740243741216	8.059808272580005	0.0	19.878885164458843
GSM4138110_HNSCC_1_PBMC_AGATTGCTCATGCTCC	907.9523169882714	49.360981544803366	69.04935314207654	0.0	45.16637165008724
GSM4138110_HNSCC_1_PBMC_AGATTGCTCCTAGAAC	489.6165498607412	0.0	0.0	74.3183453132024	78.28445628720814
GSM4138110_HNSCC_1_PBMC_AGCAGCCTCACTCTTA	467.7754323770931	99.7278087947643	79.1991242194849	41.460787430214644	0.33056943621273466
GSM4138110_HNSCC_1_PBMC_AGCCTAAAGCGTGAAC	1172.5594277597809	75.29413959656418	55.96837548190227	33.087769995301414	0.0
GSM4138110_HNSCC_1_PBMC_AGCCTAAGTCTCATCC	425.4678284182141	26.214435047153522	19.45355174292713	35.58281647184178	0.0
GSM4138110_HNSCC_1_PBMC_AGCGTATAGCCAGTTT	945.7677080205469	0.0	0.0	0.0	7.943568494736108
GSM4138110_HNSCC_1_PBMC_AGCGTCGAGCGCTCCA	661.0295430724293	0.0	126.92222595999937	0.0	0.0
GSM4138110_HNSCC_1_PBMC_AGCTCCTGTATCACCA	856.0535333251433	277.5403808261875	120.00845674574298	0.0	74.98395490278317
GSM4138110_HNSCC_1_PBMC_AGCTCTCAGTCGTTTG	716.7698034994417	306.2135530809306	172.54915801867944	0.0	0.0
GSM4138110_HNSCC_1_PBMC_AGCTTGAAGACTGGGT	678.3786723446406	111.65313773884561	63.65379554696252	0.0	12.285000660125178
GSM4138110_HNSCC_1_PBMC_AGGCCGTAGACTACAA	716.3943236766594	206.9078488306391	78.73000349757758	0.0	0.0
GSM4138110_HNSCC_1_PBMC_AGGGATGAGACCCACC	822.9631617336066	0.0	0.0	20.195679774380693	9.529186516958603
GSM4138110_HNSCC_1_PBMC_AGGGATGCATGTTCCC	697.0530617985114	100.50252515283064	160.28527257407853	31.357008303717436	20.1573571946935
GSM4138110_HNSCC_1_PBMC_AGTAGTCGTCAATGTC	527.1209966394918	55.284504376956065	33.19787902720555	21.618148912774785	44.93878897527028
GSM4138110_HNSCC_1_PBMC_AGTAGTCGTCCGAAGA	677.7539679657466	156.30308830859232	0.0	59.25633390848177	0.0
GSM4138110_HNSCC_1_PBMC_AGTGGGAAGGAGCGAG	769.139999449988	240.42921215808897	250.57902481631825	0.0	68.59118274313441
GSM4138110_HNSCC_1_PBMC_AGTGTCAGTACCGGCT	587.6923273988965	213.879591279721	0.0	16.25714610564867	80.79704774205666
GSM4138110_HNSCC_1_PBMC_ATAAGAGAGCTGATAA	412.42745174885596	17.027617975498025	84.50627072272019	0.0	40.56941062019849
GSM4138110_HNSCC_1_PBMC_ATCACGAGTCAAACTC	533.4985108481951	121.74111880205479	0.0	0.8515459098884467	4.7314236143463475
GSM4138110_HNSCC_1_PBMC_ATCATCTTCTGTGCAA	675.3265887031711	44.342688823631164	0.0	0.0	18.964222446410528
GSM4138110_HNSCC_1_PBMC_ATCATGGGTCACTGGC	864.2060884708179	81.14230201130678	0.0	28.183779442658178	25.614377045067656
GSM4138110_HNSCC_1_PBMC_ATCTGCCCATACGCCG	717.7142848423242	69.40830304826241	0.0	0.0	24.1577982224574
GSM4138110_HNSCC_1_PBMC_ATGAGGGAGTGTACGG	709.2038570504596	114.76117330241846	147.17819331559562	12.459151304771378	0.0
GSM4138110_HNSCC_1_PBMC_ATGGGAGAGACCCACC	1244.0993008204466	114.3263180171719	292.3039521164161	80.1037318353641	15.12991828398599
GSM4138110_HNSCC_1_PBMC_ATGTGTGTCCAGTAGT	390.23533844694765	101.70774799928701	20.413089094486214	29.861580862316785	21.733901379387664
GSM4138110_HNSCC_1_PBMC_ATTATCCAGCGCCTTG	926.3133660277161	77.87459542603364	44.32782170075225	57.37937599905383	4.623904639450056
GSM4138110_HNSCC_1_PBMC_ATTCTACAGATGTCGG	966.9858202786331	0.0	25.341819486306274	0.0	0.0
GSM4138110_HNSCC_1_PBMC_ATTGGACAGAAGGCCT	554.6901289782109	0.0	48.29463286283777	5.382492199735978	7.5096311311296455
GSM4138110_HNSCC_1_PBMC_ATTGGTGCACAGGAGT	765.3941566585912	52.36979771817589	34.993117104475864	57.48518280593225	0.0
GSM4138110_HNSCC_1_PBMC_CAACCTCTCTAAGCCA	590.3692796857478	38.39863550390379	0.0	38.00954038148643	9.611491101860912
GSM4138110_HNSCC_1_PBMC_CAACTAGGTGTCCTCT	871.7726846885163	9.302194263872702	0.0	2.8406924625642547	0.0
GSM4138110_HNSCC_1_PBMC_CAACTAGTCAAGATCC	639.8116456782255	0.0	0.0	59.484596796366084	13.460653825051327
GSM4138110_HNSCC_1_PBMC_CAAGAAATCACAAACC	587.529387446624	15.552308107437144	12.382947759880478	0.0	21.498175892777127
GSM4138110_HNSCC_1_PBMC_CAAGTTGCATGTTCCC	1121.7667355618275	94.1748446443343	50.184472026195856	0.0	36.56267315540724
GSM4138110_HNSCC_1_PBMC_CACACTCTCAAGATCC	1093.3856973183194	0.0	0.0	0.0	0.0
GSM4138110_HNSCC_1_PBMC_CACAGGCTCCGCGTTT	443.8058069938595	296.5705368126128	58.99294688247884	3.6796992255655594	26.028665853278135
GSM4138110_HNSCC_1_PBMC_CACAGTAAGTTACCCA	530.8719607543095	151.79724257327476	91.4900296438793	0.0	57.92077766872394
GSM4138110_HNSCC_1_PBMC_CACATTTAGTAGCGGT	598.9654266950897	55.067519585637186	58.53176347837196	24.93335714162914	25.257783473475357
GSM4138110_HNSCC_1_PBMC_CACCACTTCCGCGGTA	512.3129463409357	132.11727887711547	0.0	38.39917753661433	0.0
GSM4138110_HNSCC_1_PBMC_CAGAGAGAGCCACTAT	593.5075194664943	0.0	0.0	0.0	56.705340876849036
GSM4138110_HNSCC_1_PBMC_CAGCAGCGTGCAGTAG	470.95407200615404	0.0	24.41147516284696	11.930544582978198	0.0
GSM4138110_HNSCC_1_PBMC_CAGCATAAGTACTTGC	550.8963868744822	97.28065192547491	51.78709613504873	0.0	4.932056724503425
GSM4138110_HNSCC_1_PBMC_CAGCATATCAGAGGTG	1169.4383505535743	17.292253032510175	60.24409776959294	56.72513433420774	26.286718003331412
GSM4138110_HNSCC_1_PBMC_CAGCTAAGTTCCACGG	703.7191614913713	44.770984132390105	0.0	48.73063881594749	26.767393058335998
GSM4138110_HNSCC_1_PBMC_CATCGAAGTACTTCTT	651.9807983752311	140.00909359408422	96.94632222113945	0.0	57.397284973198424
GSM4138110_HNSCC_1_PBMC_CATCGGGAGAGCTTCT	270.9278935170679	115.24856406932462	5.765270740055601	29.71944618854758	0.0
GSM4138110_HNSCC_1_PBMC_CATTATCTCGATCCCT	925.0421186517016	93.64265671530211	129.36575483831632	19.41188215869812	22.712336426493188
GSM4138110_HNSCC_1_PBMC_CATTCGCAGTGAAGAG	886.3616526617259	234.58374067512898	290.3483765792283	61.050930829678194	6.268806439431657
GSM4138110_HNSCC_1_PBMC_CCACGGACAGATGGGT	522.3513628683919	467.64236379628494	232.09327792108238	0.0	41.57863743546895
GSM4138110_HNSCC_1_PBMC_CCACTACAGGTTCCTA	870.0063800047507	0.0	0.0	0.0	22.470412125550425
GSM4138110_HNSCC_1_PBMC_CCCAGTTAGGCACATG	490.86016083654783	36.01483517803861	0.0	53.16290161927629	26.315730838945893
GSM4138110_HNSCC_1_PBMC_CCCTCCTGTACAGCAG	472.14000535505414	153.9811950342297	64.08762325964699	35.85594727609958	0.0
GSM4138110_HNSCC_1_PBMC_CCCTCCTTCCATGAAC	476.09755215447024	38.268653035155445	165.30432537298847	0.0	0.0
GSM4138110_HNSCC_1_PBMC_CCGTACTGTTCCAACA	1050.6408677573668	33.92120409677451	16.48343732566034	14.983826549470404	61.66166125651989
GSM4138110_HNSCC_1_PBMC_CCGTACTTCCGATATG	351.7023991686029	91.2742547027593	0.0	48.32249590386026	17.409564562104975
GSM4138110_HNSCC_1_PBMC_CCGTGGAAGGAGTACC	668.413786867809	70.74826306786834	36.62599016517593	0.0	0.0
GSM4138110_HNSCC_1_PBMC_CCTAAAGAGCGCCTCA	975.1674865449756	223.90369399330297	0.0	133.40090330789607	105.42921944020308
GSM4138110_HNSCC_1_PBMC_CCTACACCACAGGCCT	515.5672499942782	202.35751627263855	0.0	23.951737575802117	51.07315065778173
GSM4138110_HNSCC_1_PBMC_CCTATTACACAAGACG	730.2962653872886	232.48262714914873	196.83288920361923	45.594655703248506	44.6508429773767
GSM4138110_HNSCC_1_PBMC_CCTTACGAGAATAGGG	736.1583816773732	39.6904854936135	32.48709527888552	0.0	31.16705940666343
GSM4138110_HNSCC_1_PBMC_CGAACATGTCCAGTAT	504.98498605651025	20.751120296063426	114.36518798826296	7.773354718414675	3.9284485149270125
GSM4138110_HNSCC_1_PBMC_CGATCGGCAACACCCG	349.90139182555504	64.9410393236601	20.046970951480013	28.43038554118184	0.0
GSM4138110_HNSCC_1_PBMC_CGATGTATCCTTTCGG	855.3888873142265	0.0	0.0	0.0	0.0
GSM4138110_HNSCC_1_PBMC_CGCGGTAAGACACGAC	448.5291774554482	21.92571302232408	58.14670553426329	0.0	0.0
GSM4138110_HNSCC_1_PBMC_CGCGGTATCAGTCCCT	784.6219346335013	0.0	0.0	0.0	0.0
GSM4138110_HNSCC_1_PBMC_CGCTATCAGGTAGCCA	804.1401472209857	202.18645905146442	29.776380168660246	13.980232345586394	64.74384525363043
GSM4138110_HNSCC_1_PBMC_CGCTTCACAGTACACT	787.1817443009242	69.1705828181378	76.85997017390527	8.805922625020417	24.973975532962452
GSM4138110_HNSCC_1_PBMC_CGGAGCTCAGACGCAA	433.6562173633154	104.85029223698771	21.172370654043032	44.01223694613256	13.216958530637989
GSM4138110_HNSCC_1_PBMC_CGGAGCTTCGCCTGAG	1069.8251887546726	76.84027674712573	79.74737162650949	0.0	0.0
GSM4138110_HNSCC_1_PBMC_CGGCTAGTCACATAGC	1128.4049273602996	64.2550834858308	190.61329532196717	5.842315774611637	0.0
GSM4138110_HNSCC_1_PBMC_CGGCTAGTCAGAGACG	530.704072913098	134.9856598597017	0.0	5.53233490930711	9.780832222871831
GSM4138110_HNSCC_1_PBMC_CGGCTAGTCCTAAGTG	768.203869963888	113.47781868757026	74.93544021353513	0.0	0.0
GSM4138110_HNSCC_1_PBMC_CGTAGCGAGAAGGGTA	804.2088707543089	127.33550289014558	81.30411452027096	7.370093914025137	0.0
GSM4138110_HNSCC_1_PBMC_CGTAGGCGTGGTAACG	273.7451196776468	207.79170302192458	50.40042450511585	22.146495107911377	15.447891890377102
GSM4138110_HNSCC_1_PBMC_CGTCACTTCAAACCGT	617.864418302662	151.97583090918928	102.01796939059618	27.09636599409693	5.78298830770744
GSM4138110_HNSCC_1_PBMC_CGTCCATAGCAGCGTA	489.6756837299861	35.64713336459199	43.45371972147245	0.0	0.0
GSM4138110_HNSCC_1_PBMC_CGTGTAAAGGTGTGGT	634.0666495664562	114.081107905201	180.56356966294115	0.0	45.7637988139025
GSM4138110_HNSCC_1_PBMC_CGTTGGGCAGGCGATA	659.0960467831096	42.448612086286396	4.175364113525502	20.84550164237421	8.288150018116308
GSM4138110_HNSCC_1_PBMC_CTACACCGTAGCTTGT	676.4455371219988	32.89432318745336	0.0	36.55449419107014	0.0
GSM4138110_HNSCC_1_PBMC_CTACGTCAGTGGGATC	851.7533816014645	0.0	0.0	0.0	1.4669462116225775
GSM4138110_HNSCC_1_PBMC_CTACGTCTCCACGAAT	386.8286080114618	148.91792091510922	15.530560105022367	2.1927076528296707	0.8892366694654849
GSM4138110_HNSCC_1_PBMC_CTAGCCTAGCCAACAG	822.2887529584096	19.40120062892728	0.0	9.25426540742729	2.2829376253382248
GSM4138110_HNSCC_1_PBMC_CTCAGAATCGAATGGG	638.8179309395496	167.67032014415742	107.67606621233533	7.294887388834767	45.72012178475025
GSM4138110_HNSCC_1_PBMC_CTCCTAGCAAGTCTGT	649.3580018955655	137.19406016973488	62.74039853475008	0.0	38.27303161310037
GSM4138110_HNSCC_1_PBMC_CTCGGAGAGCAGGTCA	987.595757202593	0.0	104.09098422260215	2.5000663023276384	0.0
GSM4138110_HNSCC_1_PBMC_CTCGTACTCAGCAACT	617.7068794727484	230.66303067301658	246.61340788258155	18.549284176767735	39.3774557896798
GSM4138110_HNSCC_1_PBMC_CTCGTCAAGCTCTCGG	653.8961049520502	378.72650500406814	179.57229892170156	71.04474570826659	0.0
GSM4138110_HNSCC_1_PBMC_CTCTACGCAGATCGGA	437.9663107508778	6.457322410331821	0.0	0.0	34.867166684454965
GSM4138110_HNSCC_1_PBMC_CTCTGGTAGACAGGCT	460.82999544383	52.923670145623596	0.0	10.092390708111466	47.110078535592855
GSM4138110_HNSCC_1_PBMC_CTCTGGTCACAGCCCA	930.1743756897994	30.750242185586295	90.94712364910633	0.0	0.0
GSM4138110_HNSCC_1_PBMC_CTGAAACCAGCCTTGG	529.5570500123466	129.0192640658242	55.832107658249896	35.712995242224764	5.616890553152871
GSM4138110_HNSCC_1_PBMC_CTGAAACCAGTATGCT	687.386205124568	79.3759668309612	41.66098172938635	21.923149307669682	24.751001731326014
GSM4138110_HNSCC_1_PBMC_CTGAAGTCAGCTGCTG	841.1713128276837	11.10178542528579	22.628254454009028	6.820025467103123	0.0
GSM4138110_HNSCC_1_PBMC_CTGAAGTGTTCTCATT	556.9049110499822	44.273313192124995	0.0	38.615852009444374	55.11283930279166
GSM4138110_HNSCC_1_PBMC_CTGTTTACAAAGGTGC	853.8746383366238	0.0	28.983776225733962	6.255415579574658	0.0
GSM4138110_HNSCC_1_PBMC_CTTAACTGTGACGCCT	600.2600129926212	27.722011431959157	0.0	27.00643417971057	0.0
GSM4138110_HNSCC_1_PBMC_CTTAGGAAGGTGATTA	788.8567979452132	204.08741158266483	442.19167373210666	31.010901430470927	129.43664792787808
GSM4138110_HNSCC_1_PBMC_CTTAGGACAGAGTGTG	546.0690190817804	8.76571305345363	122.91094563196988	75.79223181406314	0.0
GSM4138110_HNSCC_1_PBMC_CTTGGCTCAAAGCGGT	967.3210295787892	156.21138473933675	0.0	15.348191819598462	0.0
GSM4138110_HNSCC_1_PBMC_GAAACTCGTCTTCTCG	825.9076012802783	157.36001799934505	179.94899462518646	30.32929356496368	52.51095201502094
GSM4138110_HNSCC_1_PBMC_GAAATGAAGAGCAATT	420.70539113257126	50.14300016213979	56.34796939780865	0.0	2.7942784139427603
GSM4138110_HNSCC_1_PBMC_GAACATCTCGGTTAAC	601.9769874409851	42.5175282966181	19.697889255091404	0.0	29.983041892467032
GSM4138110_HNSCC_1_PBMC_GAACCTATCGGCCGAT	429.32459287188027	168.36461085840273	2.4816371510603092	0.0	52.61631164425249
GSM4138110_HNSCC_1_PBMC_GAATGAAGTTGGACCC	497.8660367461156	7.341377770417776	15.795750728859309	16.054504842605606	9.308382527694354
GSM4138110_HNSCC_1_PBMC_GACAGAGAGAGCCTAG	192.40425417594508	184.58798593679393	74.77447081998888	31.83383194357601	0.0
GSM4138110_HNSCC_1_PBMC_GACTAACAGGCAGGTT	878.1861588351305	24.23261002238693	23.246886191155347	0.0	116.4098040504891
GSM4138110_HNSCC_1_PBMC_GACTGCGGTATCTGCA	754.3208329224576	0.0	0.0	0.0	0.40097020778221965
GSM4138110_HNSCC_1_PBMC_GACTGCGTCTAAGCCA	856.5166376636554	0.0	233.36401415567673	0.0	46.56567599833339
GSM4138110_HNSCC_1_PBMC_GATCGATGTGCTGTAT	885.4550309086087	101.28843930976787	24.211084168532718	34.97258919762708	0.0
GSM4138110_HNSCC_1_PBMC_GATCTAGAGGGCTCTC	459.5398771766984	110.54005562462207	0.0	40.49316445315525	15.147601135071058
GSM4138110_HNSCC_1_PBMC_GATCTAGCAAACCTAC	1113.8193326819496	26.462375784783926	30.07422599049271	15.412290769814478	19.6126115621928
GSM4138110_HNSCC_1_PBMC_GATGAAAAGAAGGGTA	424.8983368589533	47.294110075372295	34.757623016075364	35.31381021473024	9.485970154305058
GSM4138110_HNSCC_1_PBMC_GATGCTAGTATGGTTC	677.5144334420409	100.47620192018167	6.206684044440995	0.0	5.733698024284665
GSM4138110_HNSCC_1_PBMC_GATTCAGAGCTATGCT	906.6004227516978	41.26823489794411	0.0	0.0	21.474044352804235
GSM4138110_HNSCC_1_PBMC_GCACATACATGAACCT	413.9596061388108	223.71835741462127	72.87595953443424	47.93395840967924	37.99736178415292
GSM4138110_HNSCC_1_PBMC_GCACATAGTCTTCTCG	889.9664976379147	55.69146682596357	91.53484125711047	0.0	0.0
GSM4138110_HNSCC_1_PBMC_GCAGTTATCCTACAGA	341.1393221090354	42.34334465063921	81.11177237295841	18.612779389998106	16.674767554724056
GSM4138110_HNSCC_1_PBMC_GCATACAAGACACGAC	938.3925715201906	87.75361380805342	221.8631802536059	0.0	39.9188488479671
GSM4138110_HNSCC_1_PBMC_GCATGTATCTCATTCA	387.82758762788325	76.90378919688384	76.13692707788684	0.0	1.6017182761653814
GSM4138110_HNSCC_1_PBMC_GCGAGAATCTATCCTA	757.9919860119754	0.0	0.0	0.0	1.2101737313479588
GSM4138110_HNSCC_1_PBMC_GCGCAACCAGTACACT	495.4537031853762	140.46145347075776	34.85639200115566	0.0	0.0
GSM4138110_HNSCC_1_PBMC_GCGCAACTCACCGTAA	470.8593139029392	94.82883496305541	42.390117596496395	0.0	47.617968253976805
GSM4138110_HNSCC_1_PBMC_GCGGGTTTCTGTACGA	681.5843075152736	188.9564905306932	9.877907866875223	56.121668746508504	0.0
GSM4138110_HNSCC_1_PBMC_GCTGCAGCACAACGCC	630.1845657415083	11.040535752690696	79.73813710375151	0.0	0.0
GSM4138110_HNSCC_1_PBMC_GGAACTTCAACTGGCC	635.4826533409569	155.364827662526	14.650226475772236	11.209219550337233	11.161671393060061
GSM4138110_HNSCC_1_PBMC_GGAATAAAGAACAATC	570.546785722912	73.56829876939183	0.0	9.91097532199229	8.364385488255795
GSM4138110_HNSCC_1_PBMC_GGACATTCACGGTTTA	756.0985858365315	10.43056532556875	42.481285849002575	0.0	0.0
GSM4138110_HNSCC_1_PBMC_GGCTCGATCCGCGTTT	497.4805577672402	69.2245952927356	20.64108190787649	0.0	70.68006932515314
GSM4138110_HNSCC_1_PBMC_GGGACCTAGCCAGGAT	597.6766359201937	109.42039497297134	13.04269311315051	0.0	8.217581559842824
GSM4138110_HNSCC_1_PBMC_GGGACCTCAGTCACTA	954.5017613329345	145.11100505539304	119.58588380883505	10.291842436625204	87.85759951219822
GSM4138110_HNSCC_1_PBMC_GGGAGATGTGTGCGTC	558.1954591995722	76.68149050252383	42.04293745308207	1.7752124157074838	0.0
GSM4138110_HNSCC_1_PBMC_GGGAGATTCACGATGT	502.9480909106994	0.0	92.42291029511036	27.656680188522255	0.0
GSM4138110_HNSCC_1_PBMC_GGGTTGCGTCCGAAGA	932.6403352193794	23.85082042554004	114.8730378084193	0.0	0.0
GSM4138110_HNSCC_1_PBMC_GGTGAAGTCGCTTGTC	728.6599569105916	113.24910568429853	18.95229056281418	0.0	0.0
GSM4138110_HNSCC_1_PBMC_GGTGTTACAAACGCGA	972.5131411164189	0.0	87.88269256468293	0.0	0.0
GSM4138110_HNSCC_1_PBMC_GTAACTGTCTTCGAGA	852.228833493508	25.466975361047957	4.551578285657467	0.0	36.76949832677954
GSM4138110_HNSCC_1_PBMC_GTAGGCCAGGTGTGGT	675.003539048453	17.43727248884083	68.49260818479418	0.0	8.010484742173288
GSM4138110_HNSCC_1_PBMC_GTAGTCACAGATCCAT	586.0334378848223	63.43236003308733	27.604017514584456	0.0	41.25053183385721
GSM4138110_HNSCC_1_PBMC_GTAGTCAGTGGGTCAA	526.7864047074233	0.0	17.495089089359475	36.885555730144176	5.52143217680688
GSM4138110_HNSCC_1_PBMC_GTATTCTAGGGTTTCT	948.9698029433534	0.0	45.959847926225194	0.0	47.26210460930341
GSM4138110_HNSCC_1_PBMC_GTATTCTTCCAAACTG	762.4250536609363	95.27227247753119	7.368825350372779	52.23384979813179	42.267589855160765
GSM4138110_HNSCC_1_PBMC_GTCGTAACAGGAACGT	444.2418723804969	70.276532897034	20.27933985115114	48.34848686269295	61.26073628020553
GSM4138110_HNSCC_1_PBMC_GTCGTAAGTATGAAAC	528.7725792693678	79.43469112305232	0.0	31.047231303024724	0.0
GSM4138110_HNSCC_1_PBMC_GTCTCGTGTACGCACC	506.530864632652	129.6384633753603	8.588436345120288	0.0	28.051705192290836
GSM4138110_HNSCC_1_PBMC_GTGGGTCAGAATGTGT	497.640221994887	80.70022535608732	0.0	0.0	23.959467847272844
GSM4138110_HNSCC_1_PBMC_GTTCATTGTAGCTGCC	971.5686374253401	17.04555157232182	0.0	23.98200659991033	38.76532158385611
GSM4138110_HNSCC_1_PBMC_GTTCATTTCCGCGGTA	959.602730922943	0.0	6.762425162212355	21.480346324113345	0.0
GSM4138110_HNSCC_1_PBMC_GTTCTCGCACTATCTT	645.4484270895384	19.393699387484162	95.99027214681566	0.0	7.882350941350282
GSM4138110_HNSCC_1_PBMC_GTTCTCGTCAGAGACG	714.0434939455441	0.0	0.0	0.0	50.341063719856464
GSM4138110_HNSCC_1_PBMC_TAAGCGTAGGTGCTTT	611.357807968945	347.2330613350322	295.09627085183956	111.43019711853023	104.72417958353216
GSM4138110_HNSCC_1_PBMC_TACAGTGGTCATCGGC	1155.6429212225887	78.85664474823719	51.8754644257123	0.0	0.0
GSM4138110_HNSCC_1_PBMC_TACCTTATCACGATGT	857.1856526692457	83.54557449811986	3.279111071088978	26.791388014000443	44.29021801299551
GSM4138110_HNSCC_1_PBMC_TACGGATTCTAACTTC	584.4080158760811	96.2405390362035	32.59524202551862	7.263726855836153	13.254098037932058
GSM4138110_HNSCC_1_PBMC_TACTTGTAGTCATCCA	795.0283028608682	0.0	81.37016187290867	58.415633450912985	23.780339001272008
GSM4138110_HNSCC_1_PBMC_TACTTGTTCAGAGCTT	636.638561405292	80.63387651170551	92.02742061687367	40.591903333952814	47.26544282572039
GSM4138110_HNSCC_1_PBMC_TAGACCAGTCCGAGTC	674.4018260896488	131.85295732196815	63.48537445502909	0.0	30.476139258786453
GSM4138110_HNSCC_1_PBMC_TAGAGCTGTTCCCTTG	678.4836685155166	33.56632002871702	107.38242262659044	1.4938411836927834	0.0
GSM4138110_HNSCC_1_PBMC_TATCTCACACGGCGTT	784.2290035695964	69.25327793052331	44.476584953738524	2.2830579429987896	10.86797760119031
GSM4138110_HNSCC_1_PBMC_TATCTCATCAACGGGA	1000.6165482735988	67.57491399470238	59.6766587896036	0.0	0.0
GSM4138110_HNSCC_1_PBMC_TCACGAATCTGTCCGT	666.7814185472132	95.22808724701734	122.31367458042189	12.118674652121165	0.5158958200665392
GSM4138110_HNSCC_1_PBMC_TCAGATGTCCGCGTTT	442.81266859464176	151.43840307250144	17.231505474755803	26.295818345958633	46.42867119862609
GSM4138110_HNSCC_1_PBMC_TCAGCAAAGGCGCTCT	516.8192388516137	81.20586194209714	18.16445522268372	0.0	0.0
GSM4138110_HNSCC_1_PBMC_TCATTACAGCGCTCCA	846.9484321099887	53.70126346571905	23.159237257220212	33.566134468239	0.0
GSM4138110_HNSCC_1_PBMC_TCCCGATAGTGGAGAA	410.21111236691286	43.677672970862474	65.12488351486141	13.879147242169022	0.0
GSM4138110_HNSCC_1_PBMC_TCGCGAGGTAGCACGA	838.6276188294106	133.63097763426964	118.73096508217232	3.7069259689652436	36.03886010700262
GSM4138110_HNSCC_1_PBMC_TCGGGACTCAACGAAA	636.6073539065761	66.99633703145305	47.19021709797943	0.0	0.0
GSM4138110_HNSCC_1_PBMC_TCGGGACTCGAGAGCA	872.1376484980584	60.66734890829812	194.09393145185837	7.521457514936879	58.86503063495625
GSM4138110_HNSCC_1_PBMC_TCGGTAATCACTCTTA	629.417715827027	86.88056312609532	12.626021574061399	0.0	10.240744479672404
GSM4138110_HNSCC_1_PBMC_TCGTACCTCCGCAAGC	619.5835318066224	474.8456395536542	123.8850829150876	234.9372492532524	109.35774556518722
GSM4138110_HNSCC_1_PBMC_TCGTACCTCTGCCCTA	766.4000493005639	293.4686361382965	493.0224762046739	36.11050785072459	27.801356998544776
GSM4138110_HNSCC_1_PBMC_TCTATTGGTCTAAAGA	702.6559364986078	49.8604670537732	42.191734921463784	6.723833567112743	7.6557513790226315
GSM4138110_HNSCC_1_PBMC_TCTATTGGTTGGTTTG	679.6756694580096	40.07805128660636	67.93829450457253	0.0	8.796783970758623
GSM4138110_HNSCC_1_PBMC_TCTATTGTCTGCAGTA	478.71394869757853	59.31769409591011	3.077833565850658	54.88238966994833	10.076828128169716
GSM4138110_HNSCC_1_PBMC_TCTGAGACAGATAATG	803.5083770235718	149.2400015111849	66.27225756891494	0.0	46.30264035879908
GSM4138110_HNSCC_1_PBMC_TCTGAGAGTAAGAGAG	787.2038673740194	0.0	33.993446280624504	23.303640870686642	7.3605959422782155
GSM4138110_HNSCC_1_PBMC_TCTGAGATCCTTTCTC	613.5351609682017	77.45059488656915	76.6832815395642	16.802895289852597	16.80869369647812
GSM4138110_HNSCC_1_PBMC_TCTGGAATCTCAAACG	612.4312079152218	179.49041081821207	27.846075802482336	0.0	0.0
GSM4138110_HNSCC_1_PBMC_TCTTTCCAGTGGGCTA	892.3873380662177	0.0	42.15169510453405	32.100531126839144	0.0
GSM4138110_HNSCC_1_PBMC_TGAAAGACACTTCGAA	447.6222908580297	22.03993962092492	0.0	85.16485419470533	0.0
GSM4138110_HNSCC_1_PBMC_TGACAACGTTAAGGGC	1074.1789037316107	83.1400070915422	52.54453017887885	0.0	13.11472694324825
GSM4138110_HNSCC_1_PBMC_TGACGGCAGCGCCTTG	743.8935526687691	95.89004422596965	75.1286584049165	11.85999977815567	4.661161293432574
GSM4138110_HNSCC_1_PBMC_TGACGGCGTTACGACT	749.3096015255883	16.2350554234992	0.0	0.0	13.205828187283915
GSM4138110_HNSCC_1_PBMC_TGACGGCTCGGTTCGG	672.8433940783691	142.42165846699436	31.15882572667428	55.18005561052298	32.83439448528668
GSM4138110_HNSCC_1_PBMC_TGACTAGAGAACTGTA	309.06625501467295	102.29452770324302	65.48721050350781	6.43134202365161	0.0
GSM4138110_HNSCC_1_PBMC_TGAGCATGTATTCTCT	785.2651487432672	573.4300989202775	318.9977854654339	47.58870979726013	33.85102287898644
GSM4138110_HNSCC_1_PBMC_TGCACCTTCCAGGGCT	959.6795840237368	16.46227404548978	192.30037394101706	13.044509377416281	59.86036389211159
GSM4138110_HNSCC_1_PBMC_TGCCAAATCGCGGATC	543.8319049386616	137.29243016600458	93.13675670628177	34.074447711055335	17.40351734048136
GSM4138110_HNSCC_1_PBMC_TGCCAAATCTTCCTTC	634.505101781139	0.0	98.9869779482144	0.0	30.443549474458973
GSM4138110_HNSCC_1_PBMC_TGCCCATGTGGTCCGT	561.2127814230389	35.25716229445934	59.878814253756566	0.0	40.04984235513605
GSM4138110_HNSCC_1_PBMC_TGCCCTACAAAGCAAT	796.2239633939421	70.52757532097822	77.85655470327262	25.584267440356882	0.0
GSM4138110_HNSCC_1_PBMC_TGCCCTAGTGTCGCTG	496.8918873700245	171.93229518214628	0.0	0.0	5.947799031056376
GSM4138110_HNSCC_1_PBMC_TGCGCAGAGGGCATGT	1146.2842337987365	154.37798254882944	268.4838886992614	0.0	27.698641501449046
GSM4138110_HNSCC_1_PBMC_TGCTACCCACTACAGT	844.4576088828744	108.71263856619525	24.570246998972067	19.496071204885265	10.713329946199838
GSM4138110_HNSCC_1_PBMC_TGCTACCCATTACGAC	575.696749833547	44.552050731450905	0.0	12.182915558752427	4.235488667148767
GSM4138110_HNSCC_1_PBMC_TGCTACCTCAACCAAC	575.2037921224239	50.90100094490672	46.72664433185484	6.1399194303602345	17.077767321148116
GSM4138110_HNSCC_1_PBMC_TGGACGCGTCATACTG	921.3100157106012	82.47348766603227	0.0	0.0	27.085638237286254
GSM4138110_HNSCC_1_PBMC_TGGCCAGTCCTTAATC	740.2072545389696	64.13881215063779	23.32263502418408	19.103358411724162	83.2525622800379
GSM4138110_HNSCC_1_PBMC_TGGCTGGCAGTCGATT	1039.1115426766314	274.0463936117183	148.9047130767569	79.10945725344884	10.89931990352533
GSM4138110_HNSCC_1_PBMC_TGGGAAGCAATGGAGC	525.5907454662456	0.0	29.76345204829426	5.482899196974162	10.71964421289656
GSM4138110_HNSCC_1_PBMC_TGGGCGTAGGGAGTAA	565.9205199101914	68.3343197298086	47.285483976995806	38.800856544951095	0.0
GSM4138110_HNSCC_1_PBMC_TGGGCGTGTTCGCGAC	647.9191205671034	54.71831723596967	44.488686551839606	0.0	0.0
GSM4138110_HNSCC_1_PBMC_TGGGCGTTCAACTCTT	429.95199349779205	8.556291167954864	5.502849017239075	0.0	74.18635282217559
GSM4138110_HNSCC_1_PBMC_TGGTTAGGTAGAAAGG	424.68852592869837	60.13295629421434	0.0	70.78717617432658	36.941707310763825
GSM4138110_HNSCC_1_PBMC_TGGTTAGTCGTCCGTT	937.7987174673103	137.68683297947143	104.60905704449233	6.545534879083557	0.0
GSM4138110_HNSCC_1_PBMC_TTAACTCGTGTTCTTT	555.0477675439986	109.31659371015381	0.0	0.0	8.57673168847006
GSM4138110_HNSCC_1_PBMC_TTAACTCGTTAGTGGG	748.0437738281075	91.80177601817044	117.86263995680058	63.666944065176224	31.49900781680518
GSM4138110_HNSCC_1_PBMC_TTAGGCATCATGTCCC	636.5591984923713	25.820087928126885	8.702265615045778	0.0	0.2187403986682273
GSM4138110_HNSCC_1_PBMC_TTCTACAGTTGTGGAG	372.24900124021644	0.0	0.0	0.0	136.66996773864997
GSM4138110_HNSCC_1_PBMC_TTCTCAATCCTCTAGC	546.8816115683647	201.3718975331349	98.03269246777828	35.605109114867304	18.916660886371478
GSM4138110_HNSCC_1_PBMC_TTCTCCTTCCCGACTT	559.7713007372053	0.0	20.959366725245207	45.864894454160606	9.143272971628143
GSM4138110_HNSCC_1_PBMC_TTGACTTCATGGAATA	658.5415183501494	86.7075944645115	26.70388395843005	0.0	32.87730319372167
GSM4138110_HNSCC_1_PBMC_TTGACTTTCAGGTAAA	435.6465378804715	168.84066641693093	110.92948133088596	54.08372131962203	10.992020644730257
GSM4138110_HNSCC_1_PBMC_TTGTAGGCAGCGTTCG	336.516298348265	86.48266917470004	54.63020131293116	29.732991997472084	12.436161434572583
GSM4138110_HNSCC_1_PBMC_TTTACTGGTTCTGGTA	512.0050958209266	0.0	34.944245542473425	9.340486183482206	31.111717066130243
GSM4138110_HNSCC_1_PBMC_TTTATGCGTTTGTGTG	504.1293178739004	93.4469395230363	31.798888884847013	37.58785681672915	0.0
GSM4138110_HNSCC_1_PBMC_TTTCCTCCAGATCCAT	694.1148508950663	5.889756283009442	18.483321077675434	57.504520353615916	53.26278854648679
GSM4138110_HNSCC_1_PBMC_TTTCCTCGTTCGCGAC	884.1297766375407	78.8888605513307	6.550042151344638	0.0	54.46227510398951
GSM4138110_HNSCC_1_PBMC_TTTGCGCCACGAAATA	732.7043412267749	45.620502037429375	57.342812909094974	0.0	18.370627901936874
GSM4138110_HNSCC_1_PBMC_TTTGCGCGTTTCCACC	587.5349060738467	38.636918827642376	0.0	0.0	55.71110206466573
GSM4138110_HNSCC_1_PBMC_TTTGGTTAGAATTGTG	726.1733042836539	114.46962624645059	25.33262301694879	0.0	0.0
GSM4138110_HNSCC_1_PBMC_TTTGGTTAGAGCAATT	668.298419452813	185.03201668086052	122.56807059077246	29.42138084179386	3.5991625771486837
GSM4138110_HNSCC_1_PBMC_TTTGGTTGTCCGTGAC	693.1365260014554	68.51096706219316	10.266875923110558	37.67786058337875	22.558449237956452
GSM4138110_HNSCC_1_PBMC_TTTGTCAAGTACGATA	800.2904747951976	166.55187808167847	77.66671842870262	0.0	7.0180032458561055
GSM4138110_HNSCC_1_PBMC_TTTGTCATCAGGCAAG	630.3156023530667	105.12358190791025	81.51461289406186	22.368569519248236	2.2795743061476945
GSM4138110_HNSCC_1_PBMC_TTTGTCATCGCGTAGC	553.4448707212761	48.79348073044272	83.02568327669563	0.0	8.910604576069765
GSM4138110_HNSCC_1_PBMC_ACGGAGAAGCAGGCTA	340.8179025368496	224.33491002085665	122.43457967586102	3.3832492526494367	35.04251250447147
GSM4138110_HNSCC_1_PBMC_ACTATCTGTCGAGTTT	432.8185132012209	501.3890220535243	170.33264184404302	0.0	27.74939009854529
GSM4138110_HNSCC_1_PBMC_CAGTCCTGTAGAAGGA	361.48036174481007	359.4327824581665	30.23253508701807	0.0	38.622411139388724
GSM4138110_HNSCC_1_PBMC_CGATGTATCGGTCTAA	461.89468362702445	245.33181484384238	35.4237997902633	0.0	14.732987865544409
GSM4138110_HNSCC_1_PBMC_GACCTGGTCGCCAAAT	527.5806179384193	288.2971610142149	99.61274089307584	2.966044436753258	0.0
GSM4138110_HNSCC_1_PBMC_TACGGTACATGGTCAT	480.72253859924956	690.579337833972	202.33856170337208	0.0	29.505378779944778
GSM4138110_HNSCC_1_PBMC_TTAGTTCTCGCGGATC	322.47492781106916	163.25864550951974	191.70131536708303	0.0	0.0
GSM4138110_HNSCC_1_PBMC_AAAGCAACACGCGAAA	250.7121230893846	688.1710372114443	265.4853309604891	65.21273352466076	0.0
GSM4138110_HNSCC_1_PBMC_AACTTTCGTGTATGGG	41.64653107674878	449.2338153079204	31.11107130753179	23.131673637630055	10.539054030282896
GSM4138110_HNSCC_1_PBMC_AAGGAGCAGGGAAACA	264.8144635145109	437.54747863706234	188.55693462973738	7.1494779226796465	0.0
GSM4138110_HNSCC_1_PBMC_AATCGGTGTAATCACC	413.15243085861135	547.1917099208048	91.31575970213488	0.0	0.0
GSM4138110_HNSCC_1_PBMC_ATAACGCTCACAACGT	1107.0832763022236	742.970429839429	182.82839780736523	0.0	0.0
GSM4138110_HNSCC_1_PBMC_ATCATCTTCTGGCGAC	134.0151650537093	1310.0346395103315	151.07477886099593	10.855921819269891	17.352080223356396
GSM4138110_HNSCC_1_PBMC_ATCCGAATCGTTTATC	391.2300950270981	680.9975653255073	174.18128847977027	0.0	0.0
GSM4138110_HNSCC_1_PBMC_ATGCGATTCGTGGGAA	606.6402527808904	471.9223110295794	270.8267825454006	0.0	0.0
GSM4138110_HNSCC_1_PBMC_CAAGAAATCAGGCAAG	53.051568258066524	423.54538483791083	157.03399052898968	31.4791450271372	13.349649336872638
GSM4138110_HNSCC_1_PBMC_CACAGGCCACACCGAC	228.51761243066164	1453.7588824804586	86.7420589872774	45.90193082507813	0.0
GSM4138110_HNSCC_1_PBMC_CACTCCATCTGTACGA	202.54711409436896	343.1185232365343	47.81360738206904	0.0	26.42233367546712
GSM4138110_HNSCC_1_PBMC_CCTTCCCTCGCCTGTT	297.87348244638724	178.49429562515155	44.34008064808185	38.63953818102901	27.83021127462648
GSM4138110_HNSCC_1_PBMC_CGATTGAAGACTAAGT	148.23599189835045	899.7089760982536	113.56308600228041	0.0	0.0
GSM4138110_HNSCC_1_PBMC_CGGACGTTCTGAGTGT	166.7359722744235	290.9468396971507	43.08826991582713	0.0	26.16929289036129
GSM4138110_HNSCC_1_PBMC_CGGGTCATCCCAACGG	163.76039033005839	356.1254665322114	26.13851954183771	8.182624983308346	0.0
GSM4138110_HNSCC_1_PBMC_CTCGAGGCATAGACTC	508.75787290586584	763.3633532884573	272.50259118725154	46.63790545570739	48.95778967839527
GSM4138110_HNSCC_1_PBMC_CTCGTCACAATAAGCA	465.27546317427164	702.0001029126271	189.5501786366061	0.0	24.99173241842516
GSM4138110_HNSCC_1_PBMC_CTGATCCTCTTTAGGG	400.0316980211723	379.34292105403404	208.3307202581078	0.0	16.767530130222777
GSM4138110_HNSCC_1_PBMC_CTGTGCTTCTAACGGT	424.3239887588589	617.4108398562634	15.026537172693232	52.119180920876325	1.2419364717555967
GSM4138110_HNSCC_1_PBMC_CTGTGCTTCTATCGCC	178.8726426749521	635.4436837173143	64.17159186002769	0.0	50.380342853678975
GSM4138110_HNSCC_1_PBMC_GACTAACGTCGACTGC	171.23081624111066	606.2394311874536	125.9813279349435	9.60246276617892	0.0
GSM4138110_HNSCC_1_PBMC_GAGGTGATCGTCCGTT	187.8392642240776	782.9913099916419	122.78188133514784	13.118126085785981	56.55616363875606
GSM4138110_HNSCC_1_PBMC_GATCAGTAGTGTACTC	280.4072787906653	556.3736074373215	227.81184350021556	0.0	40.070306717312945
GSM4138110_HNSCC_1_PBMC_GCTCTGTAGTATCTCG	0.0	0.0	0.0	0.0	3578.5044770998375
GSM4138110_HNSCC_1_PBMC_GGAACTTTCCGATATG	212.1104757619238	532.6734558630183	4.3439624721155035	47.666531010631026	10.264930011579583
GSM4138110_HNSCC_1_PBMC_GGACAGAAGCCATCGC	358.4779484029712	639.5618904079869	100.8947226761741	62.72215283414632	13.31293508334278
GSM4138110_HNSCC_1_PBMC_GGATGTTGTGCAGTAG	292.26162222728755	450.9238673762182	150.87269749068895	0.0	24.269688899235838
GSM4138110_HNSCC_1_PBMC_GTAACTGCAGCTGTTA	378.90690410095635	309.8725200330607	204.80538666692067	66.78438262951168	0.0
GSM4138110_HNSCC_1_PBMC_GTATTCTAGTAATCCC	301.80944130074386	1014.1077956259373	127.51920664187138	98.18958793032316	28.597163338689988
GSM4138110_HNSCC_1_PBMC_GTGCAGCAGTCAAGCG	0.0	2134.3796594563755	62.223915712802366	134.88096024394926	352.74578633579335
GSM4138110_HNSCC_1_PBMC_GTGCATACACAGGCCT	401.7770018751555	554.5321049034671	51.48537838221943	0.0	64.06678994162552
GSM4138110_HNSCC_1_PBMC_TACTCGCGTTTAGCTG	252.68412185291524	609.7997684843576	133.68114128105492	0.0	0.0
GSM4138110_HNSCC_1_PBMC_TACTTACGTTATGCGT	138.1840737070032	774.2651066257391	0.0	0.0	8.02542156542552
GSM4138110_HNSCC_1_PBMC_TAGCCGGGTTCAACCA	220.85563582776086	510.92516030581817	128.9389935776822	0.0	25.875273618202456
GSM4138110_HNSCC_1_PBMC_TCAGCAATCCCAAGAT	363.4941274351524	985.3469888590678	191.2612522123434	31.21281208532279	0.0
GSM4138110_HNSCC_1_PBMC_TGACGGCGTTGAGTTC	0.0	1315.5084032290933	83.7008468791083	0.0	1234.590647817529
GSM4138110_HNSCC_1_PBMC_TTGCGTCGTACTTCTT	435.7651341110347	565.5814403721906	255.62782678497197	42.31611983139139	37.780589141744066
GSM4138110_HNSCC_1_PBMC_TTTGTCAGTTAAGATG	88.51632939834023	500.99745254504234	75.46703813636434	18.59289261009693	0.0
GSM4138110_HNSCC_1_PBMC_ACGCAGCTCGTCACGG	717.2393419148419	0.0	913.2046315766826	77.6433572773198	0.0
GSM4138110_HNSCC_1_PBMC_ATCATCTAGGAATCGC	704.3465052240654	119.86801348328594	364.9401921202427	13.448229960492796	13.103123913214828
GSM4138110_HNSCC_1_PBMC_TCAACGAGTTACGGAG	742.6563279837812	90.21990092898162	1701.1087767697588	0.0	136.69671078891685
GSM4138110_HNSCC_1_PBMC_AAACCTGGTCTCCCTA	0.0	0.0	2467.9099189927333	0.0	0.0
GSM4138110_HNSCC_1_PBMC_ACACCGGAGTACACCT	81.87018220116309	0.0	2537.432051090554	0.0	163.3350308601268
GSM4138110_HNSCC_1_PBMC_ACTGCTCGTGGTCCGT	386.76781631098754	86.19127913065432	1730.037043320515	0.0	0.0
GSM4138110_HNSCC_1_PBMC_AGCTCTCGTTAGTGGG	300.7307914407511	0.0	2165.794898559332	0.0	73.88168599286297
GSM4138110_HNSCC_1_PBMC_ATGGGAGAGGATGCGT	0.0	0.0	2653.166136743699	62.00297175886133	0.0
GSM4138110_HNSCC_1_PBMC_ATTATCCTCGGAAATA	339.6748341424989	186.21752158867898	1954.379175106185	0.0	0.0
GSM4138110_HNSCC_1_PBMC_CATCAGATCGCAAACT	0.0	90.80677183816817	2285.8465012213906	27.901385739624413	0.0
GSM4138110_HNSCC_1_PBMC_CGTAGCGCATGCAACT	0.0	0.0	3017.111334830758	0.0	0.0
GSM4138110_HNSCC_1_PBMC_CGTCACTTCACGAAGG	50.795350185699554	60.15161285335905	2406.545480732091	0.0	0.0
GSM4138110_HNSCC_1_PBMC_GCATACACACCAGCAC	113.04215527578621	17.357310739233757	1674.0399278619102	50.314932699029335	95.9858325239577
GSM4138110_HNSCC_1_PBMC_GCGACCAGTCGATTGT	217.6654711653347	0.0	2325.1931366357885	0.0	0.0
GSM4138110_HNSCC_1_PBMC_TACTTACTCGGCGCAT	0.0	0.0	664.6443721558054	0.0	81.27642310485896
GSM4138110_HNSCC_1_PBMC_ACCGTAAGTTACGTCA	0.0	0.0	0.0	1940.2351105363814	0.0
GSM4138110_HNSCC_1_PBMC_ATCCACCAGACAGACC	21.09510834071037	0.0	109.66185805967262	987.2063914722529	38.460914952429704
GSM4138110_HNSCC_1_PBMC_ATGAGGGGTATATGGA	0.0	0.0	2178.0192097301574	1000.3195385549448	0.0
GSM4138110_HNSCC_1_PBMC_CACCAGGGTCAGAATA	158.84188998507952	0.0	9.864861744997842	1627.256262058761	93.9932837453347
GSM4138110_HNSCC_1_PBMC_CAGCAGCTCAAAGTAG	66.98769158533929	59.59950341749759	0.0	1445.8003136864634	28.942151407142056
GSM4138110_HNSCC_1_PBMC_CATCCACCAGTAACGG	0.0	0.0	0.0	2112.3640608707	0.0
GSM4138110_HNSCC_1_PBMC_CCTTTCTCATCCTAGA	113.12290963928517	37.314537211274505	0.0	1413.328831043886	22.210093677955207
GSM4138110_HNSCC_1_PBMC_CGTAGGCTCTACCAGA	0.0	0.0	0.0	1752.939109630465	0.44092596268334316
GSM4138110_HNSCC_1_PBMC_CTGCCTAAGGACATTA	14.218967625955486	0.0	25.59866562024832	1367.3895236133872	65.3946576903872
GSM4138110_HNSCC_1_PBMC_CTTTGCGGTGGTCCGT	53.635885370452414	53.59501390109628	16.57701418020565	1173.0886105309312	0.0
GSM4138110_HNSCC_1_PBMC_GAAACTCAGACAAGCC	0.0	0.0	0.0	2032.379841592078	0.0
GSM4138110_HNSCC_1_PBMC_GACCAATAGCCCGAAA	0.0	0.0	1331.7788032322117	1291.700755377725	0.0
GSM4138110_HNSCC_1_PBMC_GACCAATAGGGCTCTC	125.79997900797446	111.95446675906774	7.438352734195299	1489.1359006626012	66.94320015046448
GSM4138110_HNSCC_1_PBMC_GATGCTATCCTCTAGC	0.0	58.40153035607244	0.0	1966.2747569142894	78.84388636891306
GSM4138110_HNSCC_1_PBMC_GCTGCGATCCCGACTT	0.0	111.83438824520532	0.0	676.9166161131196	57.44613185580083
GSM4138110_HNSCC_1_PBMC_GTTACAGCAAGTTGTC	0.0	0.0	0.0	1616.2751121208028	0.0
GSM4138110_HNSCC_1_PBMC_TAGGCATTCAGCGACC	22.508171618606973	86.75471849587925	26.527708807541966	1763.4383972911494	0.0
GSM4138110_HNSCC_1_PBMC_TCGTACCTCCATGAAC	162.41802927160518	20.12889347607451	35.25545582601693	1144.5508365592843	7.1710587152038405
GSM4138110_HNSCC_1_PBMC_TGCGCAGAGAGTCGGT	0.0	0.0	0.0	1651.8532883660032	0.0
GSM4138110_HNSCC_1_PBMC_TTGCCGTTCCTATTCA	0.0	0.0	0.0	2137.7336360945824	71.107422054822
GSM4138110_HNSCC_1_PBMC_TTTACTGAGTCCCACG	0.0	0.0	0.0	1966.5567046875692	62.55634289123349
GSM4138110_HNSCC_1_PBMC_ACGGGTCGTCTTGATG	889.0929918860026	0.0	41.02867363050389	0.0	13.684617964095212
GSM4138110_HNSCC_1_PBMC_AGTGAGGAGGAATCGC	829.1745284764519	0.0	16.491835412126346	32.35160333803565	44.92503270005609
GSM4138110_HNSCC_1_PBMC_ATGTGTGCAAGCTGGA	973.182205343513	200.88167863167445	295.4145064045127	40.83828883771274	7.1857416830397955
GSM4138110_HNSCC_1_PBMC_CGACCTTAGTTACGGG	966.0674256194848	198.04185733238188	444.83533061505545	43.5088452236044	0.0
GSM4138110_HNSCC_1_PBMC_GCGACCACATGCATGT	1037.7676127010752	125.4639505667551	140.3912123198998	23.204396432141944	40.383918172400705
GSM4138110_HNSCC_1_PBMC_GGATTACGTGCATCTA	1097.1925617245486	18.320211377230613	206.40347171440862	11.314753764969856	11.43932005284367
GSM4138110_HNSCC_1_PBMC_GTGCAGCCACCAGATT	843.5356988985483	0.0	40.149885355847346	51.19078892382145	17.19113396929679
GSM4138110_HNSCC_1_PBMC_GTGCGGTTCTATGTGG	1418.2858070140712	27.756764235968927	0.0	0.0	0.0
GSM4138110_HNSCC_1_PBMC_GTTCATTTCCCTCTTT	731.54745330284	149.80418230878158	92.11628211543828	1.2857574324828491	42.1538683320547
GSM4138110_HNSCC_1_PBMC_TCATTACGTAATCACC	986.9224299336191	203.06489507095026	256.2609103382949	34.699306167945416	35.44481003816004
GSM4138110_HNSCC_1_PBMC_TTGCCGTTCAGAAATG	981.7588258973839	100.01835146668077	76.90813460269663	22.86020714186769	0.0
GSM4138110_HNSCC_1_PBMC_TTTGCGCAGTAGCGGT	900.2775174364699	405.90022976606116	552.0001546091646	52.626522968589555	29.531661932802297
GSM4138110_HNSCC_1_PBMC_TTTGGTTAGCACAGGT	525.8790019157111	80.5403983413889	380.48656847472375	157.96499764535926	37.361830754855696
