	1	2	3	4	5
GSM4138115_HNSCC_3_TIL_ACCTTTAGTACATCCA	849.6709461366253	220.12929347227515	0.0	3.4488074381992204	26.58561196053334
GSM4138115_HNSCC_3_TIL_CAACCTCCATGCAATC	799.4084718374031	233.6918598309741	0.0	33.81093762012223	62.28552118444253
GSM4138115_HNSCC_3_TIL_CACACTCAGCCGCCTA	685.2888941451131	189.31961802019555	52.29258525245122	89.62588021049893	0.0
GSM4138115_HNSCC_3_TIL_CATGCCTTCAAAGTAG	1388.94335855606	269.0923633929147	58.562144990114575	0.0	0.0
GSM4138115_HNSCC_3_TIL_CATGGCGTCATCTGCC	670.3217498281077	215.8103991388052	15.603237768610299	39.19604411516185	45.29522288644255
GSM4138115_HNSCC_3_TIL_CCTTCGAGTTAAGAAC	308.2809458978073	382.4673342919042	66.58888095919339	88.93690971252624	43.383372190502776
GSM4138115_HNSCC_3_TIL_CGTGAGCAGATATGCA	418.10792518986284	432.6868361422354	160.3586469459158	174.8879289446037	118.49853331043049
GSM4138115_HNSCC_3_TIL_CTAATGGTCCTGCCAT	446.1962787419656	306.07061906455766	32.15464549641282	59.4587011171137	0.7384671749387759
GSM4138115_HNSCC_3_TIL_TACTCGCAGCTAAACA	321.78255531931455	35.32527929481301	0.0	21.660593506661353	0.0
GSM4138115_HNSCC_3_TIL_TTCTACACAGAAGCAC	290.7330074115729	19.72554360858454	0.0	67.47842681179023	9.799374221369291
GSM4138115_HNSCC_3_TIL_TTGGAACTCGTCGTTC	446.4169413480513	173.66145182175597	60.85227441091451	91.1765666714266	0.0
GSM4138115_HNSCC_3_TIL_GACCAATGTCGCTTCT	457.43742424783875	144.50554292280736	58.55693953911225	95.06152301185399	45.99696212650622
GSM4138115_HNSCC_3_TIL_AAACGGGCAGATCCAT	1232.1763597953573	46.25300356213475	0.0	109.80127336660215	26.50409192366375
GSM4138115_HNSCC_3_TIL_AACTCAGGTAAGTAGT	851.907618087603	78.01839597527069	0.0	0.0	0.0
GSM4138115_HNSCC_3_TIL_ACTTGTTGTGCGATAG	921.853856443094	253.04643104919697	27.070716875962884	0.0	15.238879772548472
GSM4138115_HNSCC_3_TIL_AGTCTTTCACTGAAGG	1188.0108972936239	77.69308156724242	0.0	83.11595829977037	24.101095762708496
GSM4138115_HNSCC_3_TIL_CAAGATCGTGCAACGA	2321.8329725260965	0.0	0.0	0.0	0.0
GSM4138115_HNSCC_3_TIL_CAGAATCAGCCCAACC	1076.4102585002254	79.4541630222888	16.386143536504285	137.91309171562267	31.609097883298702
GSM4138115_HNSCC_3_TIL_CCGGTAGTCATAACCG	1693.6288053214666	0.0	0.0	22.02616085502976	68.61114469014721
GSM4138115_HNSCC_3_TIL_CTCCTAGCAGATAATG	3226.879730706862	0.0	0.0	0.0	0.0
GSM4138115_HNSCC_3_TIL_GAACCTACATTGGGCC	504.0360459926083	124.80032398530427	2.1991115940645467	14.195374664300445	25.26560827573419
GSM4138115_HNSCC_3_TIL_GGACGTCTCCTCAACC	776.4618213348765	0.0	0.0	0.0	0.0
GSM4138115_HNSCC_3_TIL_GGATGTTGTGTTTGTG	1339.5790188276032	0.0	5.807992067693245	26.419221133707506	0.0
GSM4138115_HNSCC_3_TIL_GGCAATTCATGGAATA	1157.1575436867613	71.79845007272405	13.327892519135446	1.609648758326171	18.6914648134539
GSM4138115_HNSCC_3_TIL_GTCTCGTAGAAACCTA	200.99619740965457	36.464044376757236	65.9301020726317	0.0	0.0
GSM4138115_HNSCC_3_TIL_TAGCCGGAGTCGTTTG	1580.4810199426859	0.0	0.0	0.0	0.0
GSM4138115_HNSCC_3_TIL_TTAGTTCAGACAAGCC	945.104669748134	1.612266426083057	64.80037100632309	56.0201781672602	37.83520832753373
GSM4138115_HNSCC_3_TIL_ACACCAAGTCCAGTGC	492.9375702653214	247.5747425385636	0.0	0.0	11.112808984804976
GSM4138115_HNSCC_3_TIL_AGCCTAACACACCGAC	347.87357609231753	270.09266185988264	30.56541739392111	81.8980192562388	0.0
GSM4138115_HNSCC_3_TIL_CTAATGGCACCCATGG	483.78196449102575	312.36360625219226	28.88941790604231	5.4354151510507425	32.49888693599727
GSM4138115_HNSCC_3_TIL_ATGAGGGTCCATTCTA	282.717716912244	702.6271504598594	0.0	25.223514581640938	21.376338240870304
GSM4138115_HNSCC_3_TIL_GTCATTTGTATGGTTC	530.1130758211647	313.53874529028496	9.40142423204676	0.0	0.0
GSM4138115_HNSCC_3_TIL_CAGATCACAGACGCAA	454.51693522692057	395.76268005484525	13.747238511100761	25.92773919787599	20.20117592158847
GSM4138115_HNSCC_3_TIL_AAACCTGAGCGATAGC	574.3979874135665	0.0	0.0	5.191136193122915	0.0
GSM4138115_HNSCC_3_TIL_AGAGTGGAGGCGTACA	603.1079382459732	174.27888964059585	51.981856621207996	24.451146522263212	14.074044422566262
GSM4138115_HNSCC_3_TIL_ATTACTCGTAAATGAC	365.7468187733651	278.03952099771	124.57366839631588	48.296817623870915	54.04465588945171
GSM4138115_HNSCC_3_TIL_CCATGTCCAATGGATA	416.3579512365789	125.5647079531768	6.106593067637042	136.09056334306237	40.12170423781628
GSM4138115_HNSCC_3_TIL_CGTTAGATCGCAAGCC	297.6583475471226	509.00778707930544	19.07381951373428	103.96879060327913	0.0
GSM4138115_HNSCC_3_TIL_GTTCATTTCGCACTCT	337.2554294448066	289.991479254599	84.60158393312312	236.25649111224394	0.0
GSM4138115_HNSCC_3_TIL_ACTGATGTCCACGTTC	577.68173623011	139.1640586918473	56.99853951217901	76.99147489215066	42.92203575365514
GSM4138115_HNSCC_3_TIL_CGGCTAGAGCGTTGCC	381.6345134270991	156.91025144599723	23.856296454129264	109.15506881998245	0.0
GSM4138115_HNSCC_3_TIL_GACTACAGTGCGATAG	453.05186107911874	138.74123053115272	34.128153792498416	103.20961332019174	22.812317529022078
GSM4138115_HNSCC_3_TIL_AACTTTCTCCCTCAGT	0.0	1765.1973571054327	0.0	50.44653092569803	0.0
GSM4138115_HNSCC_3_TIL_ACGGGCTTCACCTTAT	0.0	1157.4236502137826	0.0	0.0	0.0
GSM4138115_HNSCC_3_TIL_ATTATCCGTGCCTGCA	44.16820894797654	1387.2954219453406	7.750930504581262	118.54904182898066	10.099540988895457
GSM4138115_HNSCC_3_TIL_CCTCAGTAGCGTGTCC	0.0	1105.130409317592	2.624760157424741	19.453129269201344	15.856896326398996
GSM4138115_HNSCC_3_TIL_CGCCAAGCACGAAACG	0.0	1221.4644322640584	0.0	62.3083201068015	0.0
GSM4138115_HNSCC_3_TIL_CGCTATCAGCCAGGAT	40.98404480569013	1115.6276088946106	49.38285370991953	110.0495779444679	11.4432141950373
GSM4138115_HNSCC_3_TIL_CGTGAGCAGAACTCGG	38.57631338008622	1030.208191637098	0.0	43.796271932980666	0.0
GSM4138115_HNSCC_3_TIL_CTCGTACCAAACCCAT	32.423416529333736	920.6509615005401	48.98657726727076	149.53015704782058	17.940448527057946
GSM4138115_HNSCC_3_TIL_GATCTAGTCATGCATG	0.0	2459.237302105666	0.19324717458534962	471.05340458143314	34.636364594810885
GSM4138115_HNSCC_3_TIL_GCATGATAGCAGCGTA	150.07371437891234	298.77429822810853	18.66530521476588	138.238986111336	8.560467415588198
GSM4138115_HNSCC_3_TIL_GCATGCGCAAGTCTAC	141.69713406067717	298.189123478407	30.36226213907262	161.99839607666232	0.0
GSM4138115_HNSCC_3_TIL_GTAACTGCAGGTCCAC	99.86889024537183	1173.6399307346248	0.0	116.5974720689333	0.0
GSM4138115_HNSCC_3_TIL_GTACTTTTCTCATTCA	0.0	976.9533121132943	0.0	71.73152569677055	121.50406094320053
GSM4138115_HNSCC_3_TIL_GTGCAGCAGTGCCATT	0.0	1080.9717907346628	0.0	0.0	21.423465482242555
GSM4138115_HNSCC_3_TIL_GTTCGGGCAAACGCGA	0.0	1050.2087228483722	0.0	79.66686657336972	10.953719975215034
GSM4138115_HNSCC_3_TIL_TCTCTAATCGGTCTAA	0.0	1135.5643007555357	10.574805719907172	64.38414194269131	0.0
GSM4138115_HNSCC_3_TIL_TGCCAAAAGGATCGCA	0.8125929998112706	1114.1070731876432	0.0	30.902327277322108	0.0
GSM4138115_HNSCC_3_TIL_TGTGGTATCAACGCTA	0.0	1114.515016806946	0.0	62.86480727987932	30.6521350715775
GSM4138115_HNSCC_3_TIL_TTGGAACTCTTGAGGT	74.63822411087985	810.183873920548	7.289096650357452	81.7610660185813	0.0
GSM4138115_HNSCC_3_TIL_ACGTCAATCCGATATG	642.6408632318264	183.77980894600768	0.0	0.0	0.0
GSM4138115_HNSCC_3_TIL_AACCGCGAGACTAGAT	866.483803510708	302.7778028891785	85.22713430795544	153.36941089129198	12.384519588018254
GSM4138115_HNSCC_3_TIL_AACTCCCAGACTTTCG	1377.147552546846	44.581845175222085	82.1747794918641	93.05140613414757	34.57756049048682
GSM4138115_HNSCC_3_TIL_ACTTGTTTCAGCTGGC	1262.9109689613292	48.42766540698803	0.0	298.2881492006254	4.205610149529114
GSM4138115_HNSCC_3_TIL_AGTGAGGGTTGGTAAA	741.6868634970368	153.21380439189085	97.05370800265466	12.207214559588255	0.13835922144713628
GSM4138115_HNSCC_3_TIL_ATCCGAACATACTCTT	932.3224811142155	14.591908974741493	42.90801687390489	45.80333665327359	0.0
GSM4138115_HNSCC_3_TIL_ATCGAGTGTACGAAAT	322.13151840172395	101.24611057098383	56.876618176193865	114.12788873319198	37.045539760698375
GSM4138115_HNSCC_3_TIL_ATGTGTGGTTACCAGT	456.7429797528562	0.0	37.37923935711463	119.46209148151596	16.762444480461486
GSM4138115_HNSCC_3_TIL_CAAGATCGTCGAATCT	300.89907347184896	98.91715997373173	8.928328151342612	45.699607051283856	0.0
GSM4138115_HNSCC_3_TIL_CATGACAGTCCGTGAC	848.845963407856	72.91779637515506	0.0	135.405707829148	4.208030076173172
GSM4138115_HNSCC_3_TIL_CCACTACAGACAAAGG	546.3688654163606	126.16440286978968	66.90560052187764	167.75024261109627	15.836784880539003
GSM4138115_HNSCC_3_TIL_CCTATTAAGAGTACCG	988.963530060546	201.73864653670228	26.094593089227338	38.020583887366534	0.0
GSM4138115_HNSCC_3_TIL_CCTTACGGTTCAGACT	623.5009608989072	62.89004447841964	141.24245303148746	131.96472094534505	27.63413036509545
GSM4138115_HNSCC_3_TIL_CCTTCCCGTGTGTGCC	883.7751479783709	314.31167004923935	16.13893627118246	205.20864298100503	19.623108071275812
GSM4138115_HNSCC_3_TIL_CGAGCACGTTCCACAA	883.7251836658734	158.9267289757894	61.470324513049725	277.9566482034899	109.3791980890942
GSM4138115_HNSCC_3_TIL_CGGACTGAGCCCGAAA	1095.3712570761263	296.77282959185715	2.220239057744816	0.0	0.0
GSM4138115_HNSCC_3_TIL_CTAGCCTGTCGGGTCT	541.3577190280305	9.828954520701096	48.70647885833463	327.27920968967805	4.662898578313542
GSM4138115_HNSCC_3_TIL_CTGCCTACATGCATGT	1631.9272469741495	630.4924674467219	0.0	32.30039958747221	0.0
GSM4138115_HNSCC_3_TIL_GACCTGGTCGTCCGTT	603.3351693579968	183.76798384673944	47.79840501093658	165.9859100735247	28.09111038426126
GSM4138115_HNSCC_3_TIL_GCACTCTCACGTTGGC	1369.3946162135674	528.963195589133	94.88070983881778	48.598660536476814	0.0
GSM4138115_HNSCC_3_TIL_GCTTGAATCAACGGCC	747.8548155264347	124.75878881606413	162.39084342638367	128.89435018106136	16.939841372554483
GSM4138115_HNSCC_3_TIL_GTCACAAGTTGGAGGT	389.71707310146166	122.51262967328591	5.961890004698437	67.57823911792556	0.0
GSM4138115_HNSCC_3_TIL_TCAGCAAGTGGCAAAC	852.8587948057917	139.57088344638515	16.867094312591107	157.55923752430755	72.26081148525769
GSM4138115_HNSCC_3_TIL_TCAGCAATCAGTTAGC	1678.9215100683568	422.31141396676617	116.06162109554988	264.4696058386795	21.184619978771934
GSM4138115_HNSCC_3_TIL_TCTTTCCCAGACAAGC	749.4666787751387	0.0	102.37341378082874	0.0	50.08296311455892
GSM4138115_HNSCC_3_TIL_TGGCGCATCGAACTGT	515.7855784979735	99.76038508709566	27.4827053729281	42.37338565983738	21.004722976009056
GSM4138115_HNSCC_3_TIL_AACCATGGTAAATGAC	1521.3155368942278	228.79643316868845	709.4171269032221	107.57090832091127	0.0
GSM4138115_HNSCC_3_TIL_AACCGCGAGAAACCAT	507.0611700406492	136.34515318859295	136.44195217228318	246.3189638768915	30.199652723204462
GSM4138115_HNSCC_3_TIL_AAGCCGCGTACGCACC	1508.7155905648349	216.81438729377473	0.0	324.67300925661874	14.19237438622165
GSM4138115_HNSCC_3_TIL_ACATCAGAGGCTAGGT	1274.5462824146832	48.30503012477404	99.77300985748487	89.47135005391611	11.583454111295255
GSM4138115_HNSCC_3_TIL_ACCTTTATCACCTTAT	964.9576325886464	349.2581001648024	26.154522869906558	10.901093870610884	5.719497626002141
GSM4138115_HNSCC_3_TIL_ACGATGTTCCCACTTG	849.5020443849611	665.2092594193726	43.27425993382943	16.583575392955574	30.153710742709197
GSM4138115_HNSCC_3_TIL_ATTGGACCACCTCGGA	861.1820531382394	382.2552145387896	4.7382778653145134	83.7547370760963	24.7079548038684
GSM4138115_HNSCC_3_TIL_ATTTCTGTCCTCAACC	795.0546583294462	194.46628519939136	114.47609941115044	10.585073699114027	0.0
GSM4138115_HNSCC_3_TIL_CACACTCTCCGCAAGC	536.1401542563422	158.8729638175812	106.46697863689259	189.39904852296692	0.0
GSM4138115_HNSCC_3_TIL_CCTTACGTCTTGTCAT	674.9670394448202	146.4384417782409	64.08340893628457	37.800577577446	2.59530849331948
GSM4138115_HNSCC_3_TIL_CTAAGACCACGAAGCA	518.927860971601	142.17961189303506	44.97861558006278	147.50049871348236	0.0
GSM4138115_HNSCC_3_TIL_CTAGCCTCATGGTCAT	2200.007256028737	45.17234024115692	53.045911652048815	109.06735228463688	17.723198991491948
GSM4138115_HNSCC_3_TIL_CTGGTCTTCTGGGCCA	1533.8234917686054	295.4095741447866	0.0	151.95193633331078	96.53857593276301
GSM4138115_HNSCC_3_TIL_GACTGCGCAGCCTATA	381.1848543329502	190.54400464880027	86.54329057554676	49.270833306580265	0.0
GSM4138115_HNSCC_3_TIL_GCATGCGGTCAGCTAT	624.0652292197356	74.4044811342707	102.8952349347255	128.0134423747601	10.301960390515546
GSM4138115_HNSCC_3_TIL_GCATGTATCACAAACC	1397.553096949791	325.01521842484647	262.32015533369116	300.2731541378807	123.65421863928877
GSM4138115_HNSCC_3_TIL_GCGACCAAGCTGATAA	0.0	4971.261310023447	0.0	0.0	0.0
GSM4138115_HNSCC_3_TIL_GGAAAGCCATGCAACT	1864.35826174321	0.0	60.75036892246712	57.938707271101826	0.0
GSM4138115_HNSCC_3_TIL_GTCTCGTAGGAGTCTG	846.1039954511679	334.29715924338836	162.84933517810524	227.21434522456224	61.362365210589374
GSM4138115_HNSCC_3_TIL_GTCTCGTCAATGTTGC	1447.128640957624	190.44680216362286	0.0	1.039404059441459	6.351880408274799
GSM4138115_HNSCC_3_TIL_TAAGTGCCATTGGGCC	1477.7492705224852	156.52634008764093	118.1548057395653	206.62649739378773	0.0
GSM4138115_HNSCC_3_TIL_TACACGATCACCATAG	2531.66914797362	367.4914616773314	29.148260379337877	420.47091554641133	22.67788300736959
GSM4138115_HNSCC_3_TIL_TCCACACCATTCTTAC	1156.5871468739238	598.8062197084745	45.05440933870747	0.0	0.0
GSM4138115_HNSCC_3_TIL_TCTTCGGTCCGAGCCA	202.4102834196562	248.30010733335834	43.268912993134904	630.0868036326171	34.99613390046898
GSM4138115_HNSCC_3_TIL_TCTTTCCTCGCCATAA	495.496475918248	0.0	34.62278021423707	8.27428886232431	0.0
GSM4138115_HNSCC_3_TIL_TTGGCAATCGAACTGT	1177.4187051341914	308.35955597175104	159.16171171676552	360.82780380877585	89.16298830426267
GSM4138115_HNSCC_3_TIL_AGCAGCCAGAGGGCTT	450.0313742098478	154.0536649521994	70.14782498007688	143.00236474341241	9.587671196281613
GSM4138115_HNSCC_3_TIL_CCGTACTAGAAACCGC	443.2835554364623	876.5640945528197	148.6825113499293	97.56328957710963	0.0
GSM4138115_HNSCC_3_TIL_ACGCCAGGTTTGTGTG	1010.5028615005052	124.43009907038653	42.03337004384965	6.127197597307005	0.0
GSM4138115_HNSCC_3_TIL_ATGTGTGCAAGCGTAG	667.4986370587206	617.0648298407949	40.24371832892616	0.0	48.34854428651722
GSM4138115_HNSCC_3_TIL_CAGCGACAGGTCATCT	2291.200711502199	9.84034514421519	123.05424677803104	0.0	17.923487411152895
GSM4138115_HNSCC_3_TIL_CATCGGGTCTACGAGT	786.6975186573484	67.51628569205452	50.9140539930205	157.3109561396331	22.01065396288011
GSM4138115_HNSCC_3_TIL_CTCGGGAGTGACCAAG	690.8512901359152	4.877876559162229	84.1477137237223	61.731416382188584	10.116874736973495
GSM4138115_HNSCC_3_TIL_TATTACCCAGGACGTA	486.4283133869885	90.1279835255464	91.85026979041842	143.9952300953981	17.070482235846413
GSM4138115_HNSCC_3_TIL_TCTGGAAGTCCGACGT	703.7324265366964	0.0	94.26289346185371	0.0	60.87304322427805
GSM4138115_HNSCC_3_TIL_TTGCGTCGTTCCACAA	628.2118952020404	171.1590547304291	105.29770919710035	62.97562594555105	0.0
GSM4138115_HNSCC_3_TIL_GATTCAGAGGCATTGG	0.0	157.66503233927932	605.2058879170108	80.84851550036836	0.0
GSM4138115_HNSCC_3_TIL_AGAGCTTTCGCGTTTC	0.0	0.0	1938.541804378517	0.0	0.0
GSM4138115_HNSCC_3_TIL_CACACTCTCAACGGCC	197.21001880792895	7.700935519958814	1662.5814962932209	21.42244459179371	0.0
GSM4138115_HNSCC_3_TIL_CACAGGCAGTAGCCGA	16.234958095866656	0.0	1186.1696328111461	139.86333766290093	0.0
GSM4138115_HNSCC_3_TIL_CAGCCGAAGCTCTCGG	89.38037303867138	423.16971576514885	1688.4516408507714	132.20356685857072	100.74218544278847
GSM4138115_HNSCC_3_TIL_CATATGGGTTGAGGTG	122.01752599573265	38.95335749551076	663.2102636467678	0.0	0.0
GSM4138115_HNSCC_3_TIL_CCTTCGACATGTTCCC	0.0	0.0	2244.377331581075	0.0	0.0
GSM4138115_HNSCC_3_TIL_CGTGAGCTCGATAGAA	32.43828904031157	0.0	122.40682288061537	14.51608895492547	0.0
GSM4138115_HNSCC_3_TIL_CTCGGGAGTTGCCTCT	76.37131170735738	19.21114027487013	670.2941237105828	5.855587728811566	35.174451927508294
GSM4138115_HNSCC_3_TIL_CTGATCCGTTCACGGC	0.0	0.0	2254.537191488003	124.92609546434099	0.0
GSM4138115_HNSCC_3_TIL_CTTACCGGTTCGCGAC	0.0	0.0	2261.1435520295418	0.0	0.0
GSM4138115_HNSCC_3_TIL_GACTACACATCTCGCT	0.0	0.0	2022.3898440894147	0.0	0.0
GSM4138115_HNSCC_3_TIL_GTAGTCACATTCACTT	93.53301592838608	0.0	340.66610739736694	0.0	0.0
GSM4138115_HNSCC_3_TIL_GTCTCGTTCGGTTAAC	0.0	215.64228862033377	2082.792318681436	163.34978383465278	50.915755267805956
GSM4138115_HNSCC_3_TIL_GTTCATTCACTTAAGC	41.72262049800121	0.0	450.65465087330074	28.695812839014344	15.150918248847919
GSM4138115_HNSCC_3_TIL_TACTCATTCGGAGCAA	0.0	525.1208728600949	1767.9533181480465	338.77264643851686	142.3902253913992
GSM4138115_HNSCC_3_TIL_TGACTAGGTTAAGTAG	232.34439846249748	0.0	261.0127705022815	42.66324181791373	0.0
GSM4138115_HNSCC_3_TIL_TGTCCCATCTGCTGTC	4.030506723892923	113.60518610079133	515.0553053017024	1.1290252221843495	0.0
GSM4138115_HNSCC_3_TIL_TGTTCCGTCTGCGTAA	197.2420261969086	45.377207844451526	889.4169335171204	79.83708817253907	39.54703927806993
GSM4138115_HNSCC_3_TIL_TTTACTGGTCGGCATC	133.08067152229916	55.73639488706943	1417.7128349086422	68.38802733532778	33.0587481323305
GSM4138115_HNSCC_3_TIL_ATTATCCTCGGCATCG	251.72920509111313	251.89048336529027	281.3354749092407	189.23331042467882	59.00124306508621
GSM4138115_HNSCC_3_TIL_AGAGCGAAGCAGGCTA	931.3177891362296	170.9837727927908	25.605372416703982	54.6164936281869	36.042479203118674
GSM4138115_HNSCC_3_TIL_ATCCACCGTTGTGGAG	392.68441015650035	8.052150200444744	21.950261624358046	32.17918076619536	9.63824844721185
GSM4138115_HNSCC_3_TIL_ACACTGAGTAGCTAAA	0.0	0.0	0.0	0.0	2039.645059109401
GSM4138115_HNSCC_3_TIL_AGCGGTCAGTGAATTG	6.051340496542047	131.41052221607023	0.0	148.63345538296844	471.15128079204635
GSM4138115_HNSCC_3_TIL_CCACCTAGTGCAGGTA	0.0	0.0	0.0	0.0	1447.3039857685947
GSM4138115_HNSCC_3_TIL_CTCACACCAACTTGAC	97.64310468749613	89.28315568445524	0.0	31.355561526731513	1124.3561690848449
GSM4138115_HNSCC_3_TIL_GACGTGCAGGTGCACA	122.8699306828571	83.16624528562527	0.0	0.0	1465.5891149245413
GSM4138115_HNSCC_3_TIL_GAGGTGACAGTCAGAG	20.971805113053797	65.48755190320318	11.270829717255937	159.5002443008137	930.024294971657
GSM4138115_HNSCC_3_TIL_GCAGCCAAGGTGTGGT	24.26317009443634	35.93735948894098	19.015933155876276	0.0	1064.2668641047617
GSM4138115_HNSCC_3_TIL_TACCTTACAAGCTGAG	0.0	108.1152455376469	9.796683409795502	42.52154739003382	1248.4302692553395
GSM4138115_HNSCC_3_TIL_TCACGAAAGCTACCTA	0.0	276.00146272748	0.0	0.0	1435.6418024719153
GSM4138115_HNSCC_3_TIL_TCGAGGCCAGCGTTCG	0.0	0.0	110.35870107356153	122.70793656493476	2331.6058206299276
GSM4138115_HNSCC_3_TIL_TCGAGGCAGAACAACT	140.79131212557	121.56460973685964	33.5564237136061	151.3359325477919	1.5550599635702673
GSM4138115_HNSCC_3_TIL_ACACTGATCAACACTG	255.0421838044695	447.00498645773257	56.76701950287623	177.7856386476771	103.45285725531728
GSM4138115_HNSCC_3_TIL_CAGCATACACGTCAGC	1044.9442318022982	538.6747682057801	227.5876461172742	1719.687192408793	0.0
GSM4138115_HNSCC_3_TIL_CATATGGAGTACACCT	279.6304486165375	101.94310695563169	26.770610291349538	240.88248524567823	4.159320700172407
GSM4138115_HNSCC_3_TIL_CCCTCCTAGGGCTTGA	419.9873829878155	1314.2325695043176	125.54267439903798	1864.3255768908746	0.0
GSM4138115_HNSCC_3_TIL_CGAATGTCAGATGGGT	477.64279270604845	531.0185891839757	66.17184062542067	310.60846047402185	23.555408788312743
GSM4138115_HNSCC_3_TIL_CGGCTAGCAGCTGGCT	347.32631465012906	586.7152635368541	293.73383460805644	2102.843497206013	77.23865330377501
GSM4138115_HNSCC_3_TIL_CGTGTCTTCTTCGGTC	363.0355414363766	286.94290640164445	108.95751365236947	482.6345806284467	54.84923491135704
GSM4138115_HNSCC_3_TIL_CTCGTCAGTCGCATAT	496.8917375402509	331.80206014148894	282.35586823827765	415.62022139494155	0.0
GSM4138115_HNSCC_3_TIL_GGTGCGTTCTCCTATA	0.0	0.0	0.0	6159.254669034593	0.0
GSM4138115_HNSCC_3_TIL_GTTCGGGAGACTACAA	198.03962160466216	94.70307912157452	41.68112855039205	2861.1927873430654	26.45527998445582
GSM4138115_HNSCC_3_TIL_GTTCGGGTCACAATGC	891.4695286031101	307.9231932176266	239.42258684619478	1433.58575886709	0.0
GSM4138115_HNSCC_3_TIL_TGGCGCAGTTAGTGGG	349.35596452339183	383.7473314461706	169.0710860151932	837.3227833254049	48.59976122491588
GSM4138115_HNSCC_3_TIL_TTTATGCTCACCTCGT	609.4767882642606	574.3015327307104	116.98405008500565	294.55947222863693	42.372980294888634
