	1	2	3	4	5	6	7	8	9	10	11	12	13	14	15	16	17	18	19	20	21	22	23	24	25	26	27	28
GSM4138115_HNSCC_3_TIL_ACCTTTAGTACATCCA	102.49995780824133	0.0	0.0	126.35348519015794	0.0	0.0	159.03623104836316	87.65036236879084	0.0	19.604133796315278	6.83719919023468	0.0	3.2465085750062808	27.871923079796268	4.452973941739882	27.651099383661062	0.0	20.229501681495137	0.0	0.0	91.27440797638559	19.538822884120297	0.0	0.0	0.0	31.77293120459003	0.0	0.0
GSM4138115_HNSCC_3_TIL_CAACCTCCATGCAATC	145.5548067516923	0.0	0.0	0.0	46.00872786970803	79.19489472892563	154.40737999853425	0.0	0.0	5.335775535517202	72.81242579443634	3.382146672033717	35.57422616292243	29.74479559133004	0.0	0.0	0.0	26.543540657617562	0.0	0.0	86.36239458081191	10.352738658748123	0.0	35.187838145532616	0.0	50.71552107503861	0.0	0.0
GSM4138115_HNSCC_3_TIL_CACACTCAGCCGCCTA	68.64105319466664	0.0	132.77498556978156	88.83982939190061	68.8023966582291	0.0	0.0	0.0	0.0	33.481612840726285	24.994045530736507	29.90779570607657	0.6584844790291475	0.0	0.6562009217619821	16.077066344992176	0.0	18.774051007596597	0.0	0.0	169.79968170199882	17.76666619045972	12.550414595035921	0.0	0.0	0.0	0.0	0.0
GSM4138115_HNSCC_3_TIL_CATGCCTTCAAAGTAG	149.21340499724639	169.3018369172235	276.14429476242475	163.89245214205923	0.0	0.0	0.0	61.54208491425667	0.0	21.851229262756732	60.72576375761855	21.720624160154692	17.329031657837778	25.765003775634668	35.13911230189582	0.0	0.0	45.39863612193892	0.0	0.0	0.0	15.395965081773326	28.617463973520117	0.0	0.0	0.0	0.0	0.0
GSM4138115_HNSCC_3_TIL_CATGGCGTCATCTGCC	123.1636056070791	72.45069613243449	111.84409111339613	89.50056638370278	82.13944033332608	0.0	14.57289705806148	0.0	0.0	20.064675275171545	21.91734461936143	0.0	7.372547545290751	45.04361164755255	19.491394875404502	7.719473684105581	0.0	42.809111169743325	0.0	0.0	0.0	15.918549347363639	10.13800336013852	0.5888871660739852	0.0	9.19173237683087	0.0	0.0
GSM4138115_HNSCC_3_TIL_CCTTCGAGTTAAGAAC	117.00341711564874	103.26503240373968	15.849010158179293	55.40711483075941	0.0	0.0	139.9217391099794	86.09387892004224	6.3528927286923835	0.6701915278798903	0.0	58.76685036291262	4.930089368685611	0.0	0.0	10.549909842989823	0.0	14.604457591782806	0.0	0.0	0.0	27.771118761014908	0.0	0.0	0.0	10.615568836505227	0.0	0.0
GSM4138115_HNSCC_3_TIL_CGTGAGCAGATATGCA	64.53331613104483	157.38190208791409	2.903438834592289	87.1367020048103	183.66646951152623	0.0	143.16359243159542	0.0	12.634132182886239	24.8929176601281	0.0	32.19490339950207	101.57921095249485	0.0	14.90712438288867	0.0	55.12166877683979	0.0	75.79769124445748	0.0	0.0	0.0	0.0	9.96232664793878	32.128298488143535	0.0	9.155714010212671	0.0
GSM4138115_HNSCC_3_TIL_CTAATGGTCCTGCCAT	63.98902101590287	83.78738405900116	0.0	128.4602715179304	20.413654936980837	0.0	148.03628549074892	50.244900390035994	0.0	4.326098862903318	12.37619354354908	0.0	6.35335795366177	1.9300081393657402	10.543509101758813	0.0	0.0	31.311004024261923	0.0	0.0	0.0	8.071218866774334	30.706679237575877	11.77208911291032	0.0	0.0	0.0	0.0
GSM4138115_HNSCC_3_TIL_TACTCGCAGCTAAACA	69.46420216733388	26.51085242452649	68.26920226286417	0.0	0.0	36.50200704098501	0.0	20.265906261111112	0.0	11.013293569456167	8.60435907681142	0.0	6.395395191485327	0.0	0.0	15.245342326379467	0.0	0.0	0.0	0.0	0.0	3.0779323540977632	0.0	0.0	0.0	0.0	1.0806566771246324	0.0
GSM4138115_HNSCC_3_TIL_TTCTACACAGAAGCAC	59.701320733252324	53.40548608694033	41.41792177391129	0.0	26.50191116579752	47.3986483816684	0.0	0.0	11.184496102371398	3.664450576237267	0.0	8.91740994794574	0.0	12.89139038095436	2.2591788529752295	0.9194543040515539	0.0	0.0	0.0	0.0	0.0	6.813241495723625	5.436718635766268	0.0	0.0	0.0	0.0	0.0
GSM4138115_HNSCC_3_TIL_TTGGAACTCGTCGTTC	78.4020270516438	124.38137660963515	123.06107606823623	0.0	37.841104764856965	42.659513813793176	0.0	0.0	49.260437875728705	1.036951254656594	3.6060123854735693	6.948138858789473	12.283865168883459	0.1662366124668525	1.4550541410589581	11.376046111159566	0.0	13.423623880420783	0.0	0.6011573455383885	0.0	0.0	0.0	0.0	8.948707718087054	0.0	12.282868964336611	0.0
GSM4138115_HNSCC_3_TIL_GACCAATGTCGCTTCT	83.09763717538452	0.0	0.0	109.49348899665122	33.452046415499	0.0	74.61818338879534	0.0	0.0	1.6079394492674066	148.02973398286204	35.85967997717171	0.0	0.0	8.104740341228732	17.75575078739009	0.0	11.059279097841594	0.0	0.0	17.168382047414	20.714056940516162	0.0	0.0	0.0	13.928116422321336	0.0	0.0
GSM4138115_HNSCC_3_TIL_AAACGGGCAGATCCAT	114.15678536113982	187.19069347852167	0.0	117.53513026116019	72.61883384869112	0.0	119.6795269719308	0.0	0.0	13.068042242432016	119.64342720076733	27.534186722836438	54.19313614758846	0.0	0.0	37.60050270115913	0.0	31.905839857981398	0.0	0.0	0.0	17.58575949092684	0.0	0.0	0.0	16.03467892787286	0.0	0.0
GSM4138115_HNSCC_3_TIL_AACTCAGGTAAGTAGT	58.047228207629544	71.2916784787494	125.868783928106	0.0	0.0	30.91915239367668	0.0	73.8797504723987	0.0	23.26569633234092	60.22465797037901	6.593845412777797	7.396244386369027	25.95473093511569	10.837147720983172	13.21085227766059	15.45150421726692	0.0	0.0	0.0	0.0	0.0	0.0	0.0	0.0	47.299277036876404	0.0	0.0
GSM4138115_HNSCC_3_TIL_ACTTGTTGTGCGATAG	121.30670468537623	0.0	0.0	0.0	0.0	66.18503736861078	201.50289195595346	54.19813702083181	0.0	31.576496965352927	46.723362317198344	0.0	28.601596232559675	27.46260222313347	0.0	0.0	0.0	33.008157240813816	0.0	0.0	98.11442189787397	1.5984027066284334	0.0	26.654385738507845	0.0	58.877525645309824	0.0	0.0
GSM4138115_HNSCC_3_TIL_AGTCTTTCACTGAAGG	136.96346513318835	155.97545478640353	182.0295405812946	130.84679098853127	73.23201276275873	0.0	0.0	0.0	48.90988850581289	20.273137243957123	0.0	28.395181055332788	22.67928801157625	0.0	2.1433561324938073	52.66560577102419	25.346650039086615	0.0	0.0	0.0	0.0	12.224697111721852	0.0	0.0	0.0	5.908443225310553	0.0	0.0
GSM4138115_HNSCC_3_TIL_CAAGATCGTGCAACGA	227.57397527876034	200.52585836568537	157.47987104828724	89.42654284655622	98.4549338349405	0.0	0.0	25.923590776133558	51.29144297391646	85.27626340340356	0.0	43.53697185657856	27.61800892459582	0.0	0.0	25.790360054906312	0.0	18.454687819840505	0.0	0.0	0.0	28.161982518049957	0.0	0.0	0.0	0.0	4.661713154027889	0.0
GSM4138115_HNSCC_3_TIL_CAGAATCAGCCCAACC	134.7088950998446	170.62566653099836	142.54721790501674	70.79613898878053	15.370067663167122	0.0	0.0	55.728899940876076	0.0	45.235615804293815	0.0	52.547464994756815	13.777307075634388	0.0	35.19228940336314	0.0	0.0	27.949000167163558	0.0	104.41978274627522	0.0	12.610832330083285	10.059097984771197	0.0	0.0	0.0	0.0	0.0
GSM4138115_HNSCC_3_TIL_CCGGTAGTCATAACCG	116.9405797623203	183.1905131120259	118.14549212772411	0.0	0.0	128.20289849490595	0.0	102.69293003139792	0.0	45.22376228888235	0.0	0.0	14.545854883756848	62.36085398731569	5.375365145868114	59.19977590345116	52.44294898045954	0.0	0.0	149.06645438153004	0.0	34.26973310949944	0.0	0.0	0.0	0.0	33.01212970550334	0.0
GSM4138115_HNSCC_3_TIL_CTCCTAGCAGATAATG	302.0855387907351	266.72543909330165	0.0	0.0	242.20492413134698	119.04543373432048	144.17414343422612	7.304569905591065	139.91733091886505	137.5896683553794	0.0	71.76714514899714	16.338735163186573	0.0	17.7676583629186	0.0	0.0	30.897373384820977	130.34397589809058	0.0	0.0	21.60308967778726	0.0	30.649643327232656	10.776471804520408	9.466935648279666	0.0	0.0
GSM4138115_HNSCC_3_TIL_GAACCTACATTGGGCC	91.88265762327767	27.711878895808198	84.32675833501831	69.03171258093158	60.98649207560841	0.0	0.0	0.0	0.0	3.8652705027652945	0.0	0.0	7.818428004257319	30.13913121512623	3.493844997416389	0.575741457526448	10.35803917262477	0.0	0.0	27.57767465412708	0.0	8.524584986935075	0.0	0.0	0.0	0.0	27.02197123911815	0.0
GSM4138115_HNSCC_3_TIL_GGACGTCTCCTCAACC	96.15668694655714	54.60006962972569	56.09869345030996	54.97376255790507	34.39984672735574	0.0	0.0	0.0	0.0	57.74705618150609	8.899809464978928	18.527778755603446	0.0	0.0	1.4443257995923007	9.156404198001173	3.277323280862696	0.0	0.0	0.0	0.0	7.45916436003368	16.175902266369647	0.0	12.760962872748893	0.0	0.0	0.0
GSM4138115_HNSCC_3_TIL_GGATGTTGTGTTTGTG	114.57925393954024	105.81914370197731	105.57528230053038	90.54424871226243	128.6760638047748	0.0	0.0	0.0	0.0	64.25400419491639	99.97044496954496	20.95055009867969	29.383455233756823	14.54940229528073	10.336033678170297	30.60936950386284	41.240789929266334	0.0	0.0	0.0	0.0	3.911961263962958	0.0	0.0	0.0	1.5106724559090705	0.0	0.0
GSM4138115_HNSCC_3_TIL_GGCAATTCATGGAATA	102.57296561432449	108.95660193106322	154.58569283218256	168.84495462203103	56.15224303294713	0.0	0.0	0.0	0.0	57.398779843820066	30.347845707673727	0.0	3.921762122085729	33.584035303400995	11.512983653632716	42.29358500801609	8.961369902353226	0.0	0.0	0.0	0.0	26.6309777120997	6.594416424122196	0.0	0.0	0.0	0.0	0.0
GSM4138115_HNSCC_3_TIL_GTCTCGTAGAAACCTA	21.910307507403694	17.242615309969874	50.623211720760125	0.0	26.339018503461226	34.91334547177653	0.0	0.0	0.0	0.0	15.564190820319546	4.115184433944137	0.0	3.504762232102711	4.327059534767599	0.0	0.0	0.0	0.0	0.0	0.0	0.0	0.0	0.0	0.0	0.0	5.832006645272389	0.0
GSM4138115_HNSCC_3_TIL_TAGCCGGAGTCGTTTG	145.67661888224967	90.02828039541357	126.77621269519312	72.46621615609739	77.12100271298227	0.0	0.0	0.0	0.0	44.04763031396188	32.89591636288009	23.96200413868238	20.572250639882853	0.0	35.72772147643529	41.05752139889825	5.008009349841723	0.0	0.0	0.0	0.0	0.0	13.08967316390242	0.0	34.34399129496147	0.0	0.0	0.0
GSM4138115_HNSCC_3_TIL_TTAGTTCAGACAAGCC	33.381576174811336	169.7990626019671	95.53857737353842	48.217710960653335	79.79074905204799	0.0	0.0	0.0	50.51224093245286	15.996973236615979	0.0	45.34806544632262	5.350322018063483	0.0	16.403095133125444	1.9963737640250037	0.0	24.317863704643464	0.0	0.0	28.26764118239987	35.47864241393343	0.0	0.0	0.0	21.789953899733835	0.0	0.0
GSM4138115_HNSCC_3_TIL_ACACCAAGTCCAGTGC	117.80687779955434	11.28086978519772	0.0	33.451324190807	26.369441926068795	0.0	174.59850012896882	0.0	0.0	1.2584105458694133	58.166764300595176	0.0	11.3480152410284	17.021879984402993	0.707966583423305	0.0	0.0	8.221087859321392	0.0	0.0	6.410655640286212	13.593727946478287	0.0	12.669327209064512	0.0	8.807384206852522	0.0	0.0
GSM4138115_HNSCC_3_TIL_AGCCTAACACACCGAC	35.29350564681183	80.16490410641883	0.0	34.944533866815604	46.527580168289845	0.0	206.2784947246257	0.0	64.54346489414108	20.99512707450812	0.0	0.0	5.296538614929531	0.0	0.1500357180923918	6.451960175695777	0.0	4.081000422443461	0.0	0.0	0.0	8.65620833284215	0.0	0.0	0.0	0.0	16.64001801208647	0.0
GSM4138115_HNSCC_3_TIL_CTAATGGCACCCATGG	79.11280615806443	0.0	0.0	78.05860527189695	53.88884655034325	0.0	166.06665714204047	0.0	0.0	7.895219446834134	68.91481833362741	0.0	7.847536165100713	34.63696976575563	0.0	0.0	0.0	9.759892699153859	0.0	0.0	29.077877775191986	19.563611443980026	19.273481002920658	18.42566552279053	0.0	0.0	6.397232212378781	0.0
GSM4138115_HNSCC_3_TIL_ATGAGGGTCCATTCTA	58.85155405086662	111.97365276898354	0.0	129.96907510688686	68.2159299546255	0.0	0.0	0.0	0.0	15.239213019419255	0.0	0.0	9.246049339328028	9.36627929980557	5.195347182804494	0.0	27.1350869942429	8.063867718415578	236.3357588212578	0.0	0.0	8.007384906420768	15.403400028643949	12.475603527157535	11.907792256216574	0.0	9.884594756851255	0.0
GSM4138115_HNSCC_3_TIL_GTCATTTGTATGGTTC	43.95739244768081	36.8371077607449	0.0	105.51357866606527	25.94723129523756	0.0	190.85597055815234	0.0	0.0	13.848367999373417	13.629584306573744	0.0	0.0	0.0	1.6429530848827156	15.410402977850968	0.0	26.33962046520901	0.0	0.0	3.178822895093333	9.772869861275268	0.0	0.0	0.0	0.0	45.771325683007895	0.0
GSM4138115_HNSCC_3_TIL_CAGATCACAGACGCAA	90.52150380672387	42.1815012401536	0.0	0.0	41.975560675830955	156.2001833535688	169.1694012245629	0.0	0.0	12.370905875231546	20.865424601202605	0.0	13.780964488720828	15.02026867695737	11.321513279363858	0.0	0.0	14.149691298652069	0.0	0.0	0.0	0.0	0.0	7.603895073658291	10.979222831078282	0.0	47.215933855661895	0.0
GSM4138115_HNSCC_3_TIL_AAACCTGAGCGATAGC	55.16379850118365	42.89065994336123	0.0	0.0	40.27994069496484	51.609159028976045	66.65066793207461	0.0	0.0	10.17046594220317	38.86198834194537	0.0	0.6511394359615176	8.281199727344879	0.9347020339559372	0.0	0.0	12.419340465110034	0.0	0.0	0.0	9.153525524472764	0.0	0.0	0.0	0.0	4.601446639514209	0.0
GSM4138115_HNSCC_3_TIL_AGAGTGGAGGCGTACA	74.64151657718557	68.32622856988161	0.0	0.0	54.76418190639688	79.94804802569674	157.1252573508464	0.0	0.0	11.382830869859887	41.22771100858374	2.843719280640917	6.8127767564416875	5.6344223164224605	8.174969909182945	31.67067660436941	9.282690382681134	8.863827213602262	0.0	0.0	0.0	11.785774031453183	0.0	0.0	0.0	20.19593288556349	0.0	0.0
GSM4138115_HNSCC_3_TIL_ATTACTCGTAAATGAC	23.078084696259037	38.64753872918814	107.22475008836099	33.14870706534855	62.08810057486448	115.16838369792102	0.0	0.0	0.0	0.06080210764466991	0.0	0.0	1.4479451409676842	76.29123946199964	11.387013333954268	11.085189890071872	0.0	50.67248618059948	0.0	72.78435820304128	0.0	0.0	0.0	0.0	0.0	0.0	29.942723711195313	0.0
GSM4138115_HNSCC_3_TIL_CCATGTCCAATGGATA	36.25725469042249	0.0	0.0	24.94197057106364	101.86756638217865	0.0	83.00295795540771	0.0	0.0	48.0634568661905	21.382629299519568	23.272496351822817	13.174304784808335	0.0	3.8247857388443895	11.775031060931193	0.0	13.94531950963798	0.0	0.0	130.78735063639655	15.368979042139173	0.0	0.0	1.8309057326705287	0.0	11.217991284483167	0.0
GSM4138115_HNSCC_3_TIL_CGTTAGATCGCAAGCC	65.2491090095659	0.0	0.0	32.939702086407436	41.61711263475861	44.57590554161813	0.0	0.0	5.170347150157889	57.590433210717464	0.0	12.259202126953289	32.6555515102794	0.0	0.0	1.1189550059509947	141.40430492643648	0.0	251.7237203619208	0.0	96.22205457852955	0.0	0.0	0.0	0.0	5.289176589933335	0.0	0.0
GSM4138115_HNSCC_3_TIL_GTTCATTTCGCACTCT	98.17320596283753	35.38287224368133	124.69584154463942	185.239614027623	94.67338765821737	2.336382534032979	0.0	0.0	29.293865433577327	12.879623458133816	0.0	23.767227475755732	9.156266516869767	0.0	0.0	0.0	11.38908880041548	0.0	0.0	0.0	0.0	0.0	0.0	0.0	0.0	0.0	21.83851217150548	93.21279117333472
GSM4138115_HNSCC_3_TIL_ACTGATGTCCACGTTC	71.91635807842079	71.8633964238686	0.0	0.0	19.296145995132765	90.59103067324062	118.92818855609259	33.83122305319875	0.0	0.29916670935202017	32.34718210519169	6.277189946325654	54.03622702655987	0.0	15.444665115817715	9.073974329179592	0.0	9.370699300460231	0.0	0.0	48.72586729924216	16.700582822817996	0.0	10.173714396867206	0.0	12.772255006270457	0.0	0.0
GSM4138115_HNSCC_3_TIL_CGGCTAGAGCGTTGCC	64.7208185509342	98.75326050650969	119.6324196990439	61.40665844117707	0.0	24.681272138501345	0.0	42.3292125979788	13.850046556415704	15.052876839973889	0.0	0.0	0.0	14.010277314870535	0.0	6.075483663634683	10.964482003183793	0.0	0.0	0.0	0.0	5.877148609597657	9.079006969161368	0.0	0.0	0.0	0.0	0.0
GSM4138115_HNSCC_3_TIL_GACTACAGTGCGATAG	122.72468418113603	28.740591344366877	114.6903196858619	0.0	0.0	49.52464405503527	0.0	62.981875697681886	98.93197771472899	11.667737584486204	0.0	0.0	15.969854402381781	6.07193849410519	8.571224377353452	0.0	7.054254996871572	0.0	0.0	0.0	0.0	0.0	0.0	32.18735170291843	2.0946527518060782	9.481404164778333	0.0	0.0
GSM4138115_HNSCC_3_TIL_AACTTTCTCCCTCAGT	197.6051864678914	195.33743863164298	243.74442243135886	180.72079592399223	100.25340999292847	0.0	0.0	0.0	76.1168307154637	32.19818038525739	0.0	11.9682099304068	19.67715633283224	14.260135720952423	28.00951984670427	40.76975331304012	0.0	30.3466973556164	0.0	0.0	0.0	9.268498350254484	12.990477980291665	0.0	0.0	0.0	0.0	0.0
GSM4138115_HNSCC_3_TIL_ACGGGCTTCACCTTAT	73.90976783350895	80.42048795814166	21.30038044323994	0.0	40.0192381295943	130.24295832373136	124.68611648641298	16.602192231388543	0.0	0.9868418735610307	49.83194394006711	51.4884974998268	11.23416355753693	0.0	8.257539194467677	0.9522900838889375	0.0	32.28883373703509	30.310034091225955	0.0	0.0	6.720141791318889	41.70104207284944	0.0	0.0	0.0	0.0	0.0
GSM4138115_HNSCC_3_TIL_ATTATCCGTGCCTGCA	98.03161566420815	196.84175787818202	0.0	130.5762708205478	79.61988937794811	42.913654827569964	162.500191574371	68.75562161768178	0.0	69.1017582472723	0.0	71.97948689037419	6.434735902806013	0.0	12.578095450784765	0.0	0.0	38.43896156689195	0.0	63.006193671990005	0.0	4.56947097738676	0.0	28.659554298442128	0.0	20.459757530278768	0.0	0.0
GSM4138115_HNSCC_3_TIL_CCTCAGTAGCGTGTCC	139.48099024975645	96.34758596681685	13.539482664081673	0.0	4.190881022739009	126.54213346128185	17.05508440533689	62.665387170165005	0.0	50.49757964487052	0.0	49.18717964468875	29.708393351314953	0.0	12.8229901733751	17.983649484856187	0.8748087912329364	24.9255345024072	77.33318952734697	34.08277437599771	0.0	1.273920227052595	0.0	0.0	0.0	0.0	19.701478418839397	0.0
GSM4138115_HNSCC_3_TIL_CGCCAAGCACGAAACG	130.11678832977734	174.07666090276086	129.10250897259118	100.79411775739538	118.11359457958069	0.0	0.0	3.585269927280305	28.426482863771742	7.815615177346606	0.0	17.10498331687767	13.969959496552772	12.367836666588381	16.972966338337578	0.0	17.43185399649142	25.44492064131297	0.0	0.0	0.0	26.064605609466614	8.056189842087413	5.208738607835534	0.0	0.0	0.0	0.0
GSM4138115_HNSCC_3_TIL_CGCTATCAGCCAGGAT	149.04389012871542	170.40706757146398	108.23157819435629	103.52416609321682	45.660803928540744	0.0	37.41092988133265	0.0	0.0	16.356519732702054	108.26574140409541	79.06957130714156	8.729184397891373	0.0	5.585019148872184	0.0	0.0	30.031291693415742	0.0	0.32754922709997414	0.0	0.0	0.0	22.14704163189981	5.825977395322849	13.022996648298912	4.861623647061625	0.0
GSM4138115_HNSCC_3_TIL_CGTGAGCAGAACTCGG	74.42571328849877	103.07549468859398	0.0	131.24540924094273	81.65595052454601	0.0	143.77278062532153	0.0	86.0842810182492	17.487421259053217	0.0	0.0	16.137138433504674	27.66889582359995	5.849558813071443	32.14317659991655	0.0	9.739588256895846	0.0	0.0	0.0	8.611676517656432	0.0	0.0	0.0	0.0	0.0	0.0
GSM4138115_HNSCC_3_TIL_CTCGTACCAAACCCAT	131.1568718071332	155.78707015687095	110.35694394181954	0.0	29.889547471622986	156.6447779332183	0.0	46.013679288479345	47.60439739162904	4.83478012328691	0.0	14.241777216741516	20.962054704059177	34.705676088588156	14.858057929153476	0.0	36.36814114162473	0.0	0.0	0.0	0.0	26.240584158464962	7.700213755873209	0.0	0.0	0.0	0.0	0.0
GSM4138115_HNSCC_3_TIL_GATCTAGTCATGCATG	258.0328807248759	470.07274372921336	257.22110526917714	118.24618929181612	55.18639895486678	206.85541025470087	0.0	172.0120116299282	137.22244560746634	33.334960518161665	0.0	0.0	44.4640086458514	87.55377972280401	33.67664603143324	0.0	0.0	75.2277826246209	0.0	0.0	0.0	30.00407009340428	0.0	46.922104678697885	0.0	52.20611757203906	0.0	0.0
GSM4138115_HNSCC_3_TIL_GCATGATAGCAGCGTA	40.90891926656026	111.43589752007944	0.0	0.0	0.0	137.24975936310582	24.78954132047591	32.362382998449256	21.24549822420569	17.025240666108324	0.0	8.681410169716655	0.0	0.0	2.8138070975220058	15.372350787484125	0.0	14.146144728178623	0.0	0.0	0.0	14.285223186591463	7.964704603083732	0.0	0.0	0.0	0.0	0.0
GSM4138115_HNSCC_3_TIL_GCATGCGCAAGTCTAC	58.14209974403254	128.26786903184436	81.55149143945869	41.80391280469467	64.62443351473428	0.0	0.0	0.0	43.777263217714484	6.42312532091374	0.0	8.828928548454304	0.0	0.0	0.0	0.0	5.525490448647014	0.0	0.0	0.0	0.0	7.577547170950311	0.0	0.0	0.0	0.0	5.963210585249372	0.0
GSM4138115_HNSCC_3_TIL_GTAACTGCAGGTCCAC	121.09445813849318	180.53623889186395	0.0	86.0132872095512	69.30497375186599	10.92642853356578	0.0	0.0	107.1130997265987	17.524444555043317	0.0	0.0	5.303099155666083	51.39877321450448	28.059535549818804	0.0	0.0	44.30832196985165	210.47255319139722	0.0	0.0	15.822817774836073	0.0	10.663405412135527	0.0	0.0	9.018851138660853	0.0
GSM4138115_HNSCC_3_TIL_GTACTTTTCTCATTCA	81.85495547773753	127.74819370174498	94.50220741026932	0.0	48.87336428576172	47.36932791483227	0.0	0.0	103.84043136209269	46.79513040054673	0.0	73.75854231428558	65.81793402963686	0.0	53.112664581156835	19.745008011018715	41.9136982843501	0.0	15.822571390969344	0.0	0.0	7.43687103760717	10.945131554444494	0.0	0.0	1.9324364835233077	0.0	0.0
GSM4138115_HNSCC_3_TIL_GTGCAGCAGTGCCATT	42.29002521386892	105.09280096525717	158.945365460012	56.67081916922329	89.16432006871497	0.0	20.880035281311642	0.0	0.0	13.579147781547453	56.12441297289889	50.17555349448628	17.023356061928038	0.0	25.944823454622977	4.1676157003776755	0.0	61.87085661022136	0.0	0.0	0.0	6.941134088763433	29.36703143978648	0.0	0.0	0.0	0.0	0.0
GSM4138115_HNSCC_3_TIL_GTTCGGGCAAACGCGA	142.5729398648847	121.35569400733696	0.0	0.0	28.87844072011851	97.67755460253483	135.29395483975904	0.0	0.0	19.61615248152405	80.89879890968331	48.506805322562	33.807812953167534	0.0	2.347752104600622	1.9416543515284568	28.39529109855662	40.777143713978155	0.0	0.0	0.0	0.0	0.0	0.0	22.937127999415	0.0	1.85494754751168	0.0
GSM4138115_HNSCC_3_TIL_TCTCTAATCGGTCTAA	116.61817348060735	145.1079517963216	106.31327434082606	72.9662211310086	98.11977305540388	0.0	0.0	0.0	0.0	17.87290767671277	93.70155425916455	28.138175822897622	9.707577946120027	5.391350722041431	21.59435783052432	0.0	0.0	7.656399963037155	0.0	0.0	0.0	3.414490573522657	0.0	0.0	0.0	62.93771407289747	0.0	0.0
GSM4138115_HNSCC_3_TIL_TGCCAAAAGGATCGCA	136.14464254182462	96.19613059857721	169.1864850177474	124.08653912866052	63.50342360586017	0.0	4.03744103990647	0.0	0.0	5.14071083108005	56.13696452465889	6.793765472348769	8.279438658098625	0.0	7.17065464780798	28.48381295520318	0.0	33.52918468221398	0.0	0.0	0.0	22.129937587243706	16.23933037040335	0.0	0.0	0.0	0.0	0.0
GSM4138115_HNSCC_3_TIL_TGTGGTATCAACGCTA	121.65682229816422	161.264858123489	0.0	36.56809422046621	0.0	22.302190041067316	141.92479074962924	86.90288941398786	0.0	10.987471944663854	63.81283862546106	52.6081988705889	37.795427397357756	0.0	12.878848120515235	6.152051112999041	0.0	22.743304898838975	0.0	0.0	0.0	10.519699238695347	18.390861770407874	0.0	0.0	17.277809662656736	0.7297606965117032	0.0
GSM4138115_HNSCC_3_TIL_TTGGAACTCTTGAGGT	111.01571963362467	98.02731668272905	0.0	75.46023831828626	70.8803043184012	0.0	102.73305218484074	0.0	0.0	9.541410874884093	0.0	22.139306523046123	15.006951157484679	0.0	4.669695147476118	0.0	0.0	50.73139170158583	4.357505285835415	80.45768450618826	0.0	23.114004714722565	0.0	9.070492551213501	0.0	0.0	0.0	0.0
GSM4138115_HNSCC_3_TIL_ACGTCAATCCGATATG	71.516038364092	0.0	0.0	75.31917165054824	69.34563350035046	0.0	125.72237158945586	0.0	0.0	2.811525779672603	48.728434499983784	0.0	16.822346155026366	6.043719472290327	0.5887152396601366	21.734134660666506	0.0	42.513988516599746	0.0	0.0	16.352704037246426	6.4939787495504895	0.0	0.0	0.0	14.653888635979639	0.0	0.0
GSM4138115_HNSCC_3_TIL_AACCGCGAGACTAGAT	163.9512568992005	208.57290562448782	231.52470018191684	84.94261817061181	62.496305327194754	0.0	0.0	0.0	60.70228171894228	13.972717992752266	6.5786336991913075	63.58490311465709	19.964819814421084	0.0	7.216916733287738	0.0	21.706083267291152	0.0	0.0	0.0	0.0	2.8389110405096605	0.0	0.0	9.536361948877223	0.0	16.798322951393335	0.0
GSM4138115_HNSCC_3_TIL_AACTCCCAGACTTTCG	152.57908584700536	204.34250526268164	204.39832830059206	134.5778265673886	79.8613760746895	0.0	0.0	0.0	52.35944612081135	47.344065449681636	0.0	0.0	20.60408654423822	46.80049455020502	17.747998568590944	27.16442803108422	35.1381163894192	0.0	0.0	0.0	0.0	17.830225796139462	0.0	0.0	0.0	27.571931661430355	0.0	0.0
GSM4138115_HNSCC_3_TIL_ACTTGTTTCAGCTGGC	183.10236953323064	205.3227161126972	124.88201511390746	0.0	0.0	184.40814785708733	0.0	113.44022335025814	129.2976334115639	57.46649503320366	0.0	32.022091431133866	12.1576042381385	23.455458870311592	9.37596355185106	33.976083753777424	39.24409540681755	0.0	0.0	0.0	0.0	2.1300507060449596	0.0	0.0	0.0	10.807929994980658	0.0	0.0
GSM4138115_HNSCC_3_TIL_AGTGAGGGTTGGTAAA	76.36834715236766	117.77234936008627	140.57860580036777	88.15794075770057	70.93166977781006	0.0	0.0	0.0	0.0	14.764349314285171	22.058000138756235	17.450529744418652	18.363477652132428	6.730492363916604	10.071104756395464	8.551186445832254	24.015423539873307	0.0	0.0	0.0	0.0	18.17515097198235	0.0	0.0	0.0	0.0	6.205345646156731	0.0
GSM4138115_HNSCC_3_TIL_ATCCGAACATACTCTT	115.37722311126642	92.28024694896459	105.16408622500397	113.2707411335469	43.992167755552835	0.0	0.0	0.0	77.48054346891382	18.853257692616197	0.0	0.0	3.409947454613069	25.125115946435642	10.483187874221366	6.495780231754659	20.90846873697596	0.0	0.0	0.0	0.0	19.19603915309234	0.0	0.0	0.0	6.955344074530371	0.0	0.0
GSM4138115_HNSCC_3_TIL_ATCGAGTGTACGAAAT	59.5592943384727	61.382978448284746	59.62306449086827	35.145546694141785	93.03262125910203	0.0	0.0	0.0	55.867612853353634	1.692628920255241	0.0	0.0	20.71046097141229	22.78940745869925	0.0	8.13985332442046	16.567124326001252	0.0	0.0	0.0	0.0	0.0	35.36045470111268	0.0	0.0	0.0	0.0	0.0
GSM4138115_HNSCC_3_TIL_ATGTGTGGTTACCAGT	94.00382078743941	102.00564758762225	22.635791636597702	54.884839070640346	53.58123648319888	0.0	0.0	0.0	19.506551439008593	20.555453122202223	0.0	12.174376234259498	0.0	0.0	10.971820749134677	14.685699972932015	0.0	6.085291339493857	0.0	0.0	0.0	11.278647657080654	0.0	0.0	0.0	13.455193181537432	0.0	0.0
GSM4138115_HNSCC_3_TIL_CAAGATCGTCGAATCT	63.548030383087216	35.9453348636476	65.75768993919094	34.29415016300902	31.481065308802968	0.0	0.0	0.0	48.1810993408583	5.792583627295534	0.0	0.0	0.0	1.9301388844118446	0.5354973191843063	3.5332010323372818	11.58254442074098	0.0	0.0	0.0	0.0	0.8368943983154568	7.523383169186711	0.0	0.0	0.0	0.0	0.0
GSM4138115_HNSCC_3_TIL_CATGACAGTCCGTGAC	114.83694356443468	124.32943877777579	82.98348481783074	0.0	24.49859788360484	161.30651011853837	0.0	0.0	74.97209929081001	29.38483565597887	0.0	0.0	19.497033485301316	40.13933238965765	11.902127961821773	0.0	25.04992337307066	0.0	0.0	0.0	0.0	6.250389459569431	4.958030323250185	7.737154862488836	0.0	0.0	0.0	0.0
GSM4138115_HNSCC_3_TIL_CCACTACAGACAAAGG	125.96582712775776	86.61880338418463	95.69398786863167	87.3732281619772	0.0	0.0	0.0	68.78916313494166	109.46271871237234	4.446588341681382	0.0	0.0	5.011625459935832	23.080858676534813	22.766951114062724	0.0	20.656465623218445	0.0	0.0	0.0	0.0	7.513084623262314	8.433138354491561	12.036557916263954	0.0	0.0	0.0	0.0
GSM4138115_HNSCC_3_TIL_CCTATTAAGAGTACCG	120.97730966403934	124.59974012699097	184.67583411223353	86.40153446273037	70.66915144518046	0.0	0.0	0.0	0.0	14.186289134972574	65.781416109282	0.0	0.0	23.62405054407623	29.741715317845372	0.0	66.61922173186927	0.0	0.0	0.0	0.0	0.0	0.0	0.0	21.230824638540096	23.37719178158645	0.0	0.0
GSM4138115_HNSCC_3_TIL_CCTTACGGTTCAGACT	33.128516701952634	89.90451491587882	73.4735663243081	94.76011881569458	99.21360381884473	0.0	0.0	0.0	0.0	0.0	0.0	30.72684290190985	23.556630236016623	0.0	36.181086882920916	10.069695972837614	53.69935810798369	0.0	0.0	136.59739740966756	0.0	0.0	0.0	0.0	0.0	0.0	20.066814056157366	0.0
GSM4138115_HNSCC_3_TIL_CCTTCCCGTGTGTGCC	185.57808799417538	235.00312040408335	190.01957021815323	113.27829156673907	68.66871988147726	0.0	0.0	0.0	0.0	18.598123807662372	0.0	0.0	37.97433218440515	27.255385749738156	22.227204229259158	20.575235265111463	0.0	45.226152561245804	0.0	50.195742265421984	0.0	5.377437366251586	11.060889178788328	0.0	0.0	0.0	0.0	0.0
GSM4138115_HNSCC_3_TIL_CGAGCACGTTCCACAA	117.36495848949592	284.36724775899745	169.26716301886924	69.60268464226459	79.99939660217387	0.0	0.0	0.0	124.81157574274512	21.20691062208738	0.0	0.0	23.451433195967066	36.75310835850979	13.248413217081675	37.82326819141825	0.0	14.075284704978626	0.0	0.0	0.0	28.341146399531855	0.0	0.0	0.0	0.0	49.355246622815294	0.0
GSM4138115_HNSCC_3_TIL_CGGACTGAGCCCGAAA	123.79308619570295	0.0	213.33149980271818	93.40520183662707	43.40382089654924	106.89355994793858	0.0	0.0	0.0	14.474380170450408	26.38138244620076	0.0	23.033884840480468	26.529521384284113	0.0	22.50634392680394	0.0	25.3326448293579	0.0	0.0	117.95666155972458	9.015786235611928	31.498728091478416	0.0	0.0	0.0	0.0	0.0
GSM4138115_HNSCC_3_TIL_CTAGCCTGTCGGGTCT	0.0	0.0	0.0	0.0	0.0	0.0	0.0	0.0	0.0	1459.0026382405767	0.0	0.0	0.0	0.0	0.0	0.0	0.0	0.0	0.0	0.0	0.0	0.0	0.0	0.0	0.0	0.0	0.0	0.0
GSM4138115_HNSCC_3_TIL_CTGCCTACATGCATGT	220.61085927330447	0.0	0.0	0.0	11.532692364633911	238.035143804794	376.35833392669554	124.19676259155729	0.0	76.08698073147538	138.39459310354718	41.40440908799255	17.459762906244386	0.0	2.3805702248118386	36.714042698814644	0.0	46.453630275875355	0.0	0.0	138.64940926014447	32.55049998191574	0.0	0.0	0.0	10.18998218601454	0.0	0.0
GSM4138115_HNSCC_3_TIL_GACCTGGTCGTCCGTT	51.42242062787915	92.69860436929507	83.89421381032484	109.15666382030365	129.43428450337004	0.0	0.0	0.0	107.99605859152406	7.003057412376879	0.0	0.0	2.397884341696553	0.0	26.16707466974682	9.165017673387093	92.56252256600264	0.0	0.0	0.0	0.0	0.0	0.0	0.0	43.87899452544347	0.0	11.680268947038543	0.0
GSM4138115_HNSCC_3_TIL_GCACTCTCACGTTGGC	213.9631114105015	182.75264764014875	409.76660328468387	164.62275654118193	0.0	0.0	0.0	103.99222471305745	0.0	71.76760118765982	41.83581335418779	0.0	26.08845025024796	35.79555448262435	0.0	0.0	0.0	96.75873058020875	0.0	0.0	0.0	21.621738151592414	45.14598051221467	8.600996810095562	0.0	0.0	0.0	0.0
GSM4138115_HNSCC_3_TIL_GCTTGAATCAACGGCC	112.80430169670018	125.37998548504339	140.80859094145782	0.0	77.04319751335215	38.25178045460677	0.0	33.409553895637636	0.0	22.067104751132764	124.74294880342845	4.293607427396994	1.3544726041908914	33.098302175469016	23.122195360023557	6.631714293412517	17.074922635458147	0.0	0.0	0.0	0.0	26.87406643331991	5.960184630479435	0.0	0.0	0.0	0.0	0.0
GSM4138115_HNSCC_3_TIL_GTCACAAGTTGGAGGT	23.443818527533278	103.38618037213581	114.64202215472662	41.11895968840779	0.3582257586167046	0.0	0.0	32.531139764838706	0.0	0.0	36.50049138792712	0.46474023488671046	0.0	0.0	0.0	8.221639839853879	0.0	16.04843629361059	0.0	0.0	0.0	11.781012505251066	0.4055188326043779	0.0	0.0	0.0	0.0	0.0
GSM4138115_HNSCC_3_TIL_TCAGCAAGTGGCAAAC	137.80242183865582	114.32155885967353	161.2394661165604	104.49269846835737	139.86875974522965	0.0	0.0	0.0	50.11281556148846	10.744827419644952	0.0	67.59035302609236	23.697567559507448	30.96572952097495	4.371172019020242	7.3504686334421745	28.398269962152696	0.0	0.0	0.0	0.0	12.574848095017364	0.0	0.0	0.0	0.6617307991938974	1.9524817138580526	0.0
GSM4138115_HNSCC_3_TIL_TCAGCAATCAGTTAGC	236.0537830986627	0.0	289.5956323802839	236.625388047242	141.48551493097	44.0146455344283	0.0	0.0	0.0	70.06670853652854	101.17260308624766	40.344765958362714	26.824996227765958	0.0	62.02335535244424	23.355701411512882	0.0	60.86604880892571	0.0	0.0	0.0	27.804912521257247	0.0	0.0	11.022818760755998	0.0	50.52912722239242	323.5667128587625
GSM4138115_HNSCC_3_TIL_TCTTTCCCAGACAAGC	49.31794238877331	106.32248950485891	101.2544145230001	79.0384850569911	25.858120757865553	19.807186993082045	0.0	17.410741166015907	0.0	0.0	7.063386586262691	0.0	21.289519895436193	32.103673009210894	7.574527992577082	36.25539969113997	11.714561864159693	7.344948160429889	0.0	15.66872815870227	0.0	15.185274478513188	0.0	0.0	0.0	12.178111494748148	2.9196617600767656	0.0
GSM4138115_HNSCC_3_TIL_TGGCGCATCGAACTGT	34.819849448004575	58.21530828990104	0.0	0.3986867376182583	99.25019943418904	43.90352239558235	120.74675199970741	0.0	21.67710178544613	24.943729979322402	0.0	22.580017241541306	0.0	0.0	23.952068652199603	16.466038668600792	10.315788322798088	0.0	0.0	0.0	0.0	1.868517210255776	0.0	0.0	0.0	16.487833064065743	0.0	0.0
GSM4138115_HNSCC_3_TIL_AACCATGGTAAATGAC	348.328236382442	291.3382399832728	359.50725488435694	212.7817866835847	58.06395840202151	0.0	0.0	20.334383932922087	0.0	63.428247691790645	31.794520732321878	0.0	1.9202277415616507	98.37513575856636	22.513689782112007	0.0	0.0	49.568706312070425	0.0	68.73981545022254	0.0	37.30736878440935	8.573867335027314	0.0	0.0	0.0	0.0	0.0
GSM4138115_HNSCC_3_TIL_AACCGCGAGAAACCAT	110.80254771217112	165.90887561643999	119.10216617202643	102.22641583925835	85.97029619364942	0.0	0.0	0.0	72.28688100541062	24.13876798637249	0.0	0.0	14.024310021731505	44.16268687292289	0.0	17.712858034438	13.847181526411413	0.0	0.0	0.0	0.0	0.0	0.0	0.0	0.0	9.609194210790186	0.0	0.0
GSM4138115_HNSCC_3_TIL_AAGCCGCGTACGCACC	184.04668694501063	281.4669701757673	238.0377050197078	97.52023873868836	287.2183960926227	0.0	0.0	0.0	0.0	41.19328715268355	117.10796397932359	0.0	4.608990402041635	34.0288119927923	58.94919731090743	0.0	33.7620673025047	0.0	0.0	0.0	0.0	10.452472743606863	0.0	36.034974145374704	0.0	0.0	28.427625015849404	0.0
GSM4138115_HNSCC_3_TIL_ACATCAGAGGCTAGGT	168.13083955167156	126.26227790218365	147.30489933189557	111.70202605323111	141.93916618634728	0.0	0.0	0.0	108.48558100731374	30.306431925194964	0.0	16.54105285433376	20.020919494940536	0.0	15.730058681603095	31.938380568419923	30.20994564099221	0.0	0.0	0.0	0.0	30.79752618660196	0.0	0.0	0.0	7.931947172329761	0.0	0.0
GSM4138115_HNSCC_3_TIL_ACCTTTATCACCTTAT	115.68243726011313	122.16749675293933	256.49598240296194	0.0	38.97807320349658	173.83034989965537	0.0	0.0	34.46227734139535	24.517016411420784	0.0	27.223272819922144	9.019353621420082	12.285352578921197	0.0	24.379008227704723	23.844922354362126	0.0	0.0	0.0	0.0	17.395020351513683	21.670845133034184	0.0	0.0	0.0	0.0	0.0
GSM4138115_HNSCC_3_TIL_ACGATGTTCCCACTTG	212.12614511342477	0.0	0.0	96.28732621152874	42.60725438427631	161.14692948537333	279.9913643754448	0.0	0.0	43.299404952878675	29.787086627638217	10.639276183822863	7.933395302923945	5.833840083375872	0.0	6.102364245998679	0.0	90.87578435126761	0.0	0.0	78.19547362935921	31.190696689419095	65.95743109502773	8.665619798315271	0.0	0.0	0.0	0.0
GSM4138115_HNSCC_3_TIL_ATTGGACCACCTCGGA	120.96694707658084	0.0	0.0	0.0	82.84250680693984	199.827196350037	234.359194870555	0.0	0.0	7.922339967366011	36.691502744659594	0.0	30.588531645299618	26.51404554920768	35.347130231833795	3.774303555302166	0.0	33.182374419165114	0.0	0.0	113.64874381334911	21.2896331788574	0.0	0.0	0.0	0.0	14.2763042268186	0.0
GSM4138115_HNSCC_3_TIL_ATTTCTGTCCTCAACC	114.60594907078716	116.44555000581816	242.9380638265854	67.80759997429726	48.32497920005403	0.0	0.0	0.0	12.623477475973035	37.107834293146745	0.0	12.781556808210766	0.0	0.0	10.0389966330605	9.831089138704135	2.130831168161062	12.253626239084497	0.0	0.0	0.0	11.569298502846328	0.0	0.0	0.0	14.98825133239755	0.0	0.0
GSM4138115_HNSCC_3_TIL_CACACTCTCCGCAAGC	107.29110155280254	180.2888239450277	102.9079706625423	0.0	41.06470295026347	109.98451395338051	0.0	0.0	43.95585225644686	16.434898112512425	0.0	0.0	11.356378724563362	16.61088835402631	26.483864290222467	10.563926292772567	26.001854096284116	0.0	0.0	0.0	0.0	2.3786785879222516	0.0	0.0	0.0	0.0	0.029875180398642075	0.0
GSM4138115_HNSCC_3_TIL_CCTTACGTCTTGTCAT	66.61164732526905	33.591297619119544	94.31218178747339	171.5381274927755	47.13844545116622	0.0	0.0	0.0	83.8702985757006	18.552618056962004	0.0	36.54632836483665	4.411603286507606	0.0	9.592027718297267	10.065148896118009	19.471636968120702	0.0	0.0	0.0	0.0	4.949463864492658	0.0	0.0	0.0	10.294962779682555	0.0	0.0
GSM4138115_HNSCC_3_TIL_CTAAGACCACGAAGCA	50.62216748076095	164.78294448623586	141.47186047438245	56.60355532443117	18.725599257861457	0.0	0.0	24.562066871266836	68.88965417248691	22.344499075880066	0.0	0.0	7.382525661995028	6.643884839111282	4.0940055748265625	2.513681295689777	21.405608436204624	0.0	0.0	0.0	0.0	0.0	0.0	0.0	0.0	0.0	2.756115817583839	0.0
GSM4138115_HNSCC_3_TIL_CTAGCCTCATGGTCAT	263.42574470554183	197.19380538080105	299.54290549885997	189.74573277996473	133.7908258937328	53.21778279901661	0.0	0.0	0.0	74.97129184203487	22.488287569810858	53.952261317897594	7.6104763017371875	25.711486922224054	15.82697725024807	8.592954361543988	43.43571470239746	0.0	0.0	106.76940175163463	0.0	61.72917924432826	0.0	0.0	0.0	0.0	33.07603135928183	0.0
GSM4138115_HNSCC_3_TIL_CTGGTCTTCTGGGCCA	246.1978905140529	171.24882597095345	268.7943108472972	201.78507313044537	0.0	0.0	0.0	160.12805730051383	0.0	19.320913235854675	0.0	37.377062853398044	5.522590058489545	13.86067370942799	22.319670383477018	39.776595768716376	28.959647275248972	0.0	0.0	94.38462777974581	0.0	59.80213851027978	72.1129063813621	0.0	0.0	0.0	0.0	0.0
GSM4138115_HNSCC_3_TIL_GACTGCGCAGCCTATA	86.20673874688917	29.93297260284241	79.77897262571807	105.43338284982686	12.53204054147325	0.0	0.0	0.0	0.0	59.42340127606625	52.36780910183225	0.0	9.664206054824417	0.0	0.4720021367198041	0.0	29.774315722260035	40.92359856821758	0.0	0.0	0.0	10.177564126339266	0.0	10.953783816919993	0.0	0.0	20.765830133109752	0.0
GSM4138115_HNSCC_3_TIL_GCATGCGGTCAGCTAT	93.81108318788826	102.68797287305877	97.71077864683893	0.0	23.298098176557165	116.06628356032547	0.0	79.00032164559987	24.175078278527426	30.767594251443978	0.0	16.778964455119375	3.461444886754427	0.0	22.695584126470763	15.62376750297514	32.72029364891665	0.0	0.0	0.0	0.0	13.247273860191811	0.0	0.0	0.0	0.8017909237049309	0.0	0.0
GSM4138115_HNSCC_3_TIL_GCATGTATCACAAACC	314.9744496075415	203.93101077351014	0.0	0.0	0.0	197.36747816437224	290.86220054867476	152.40422647410168	186.0426236454217	50.38506112284634	0.0	80.36007772250359	20.044401168838565	0.0	40.46974610139196	46.08943971793996	0.0	50.42711111877895	0.0	0.0	0.0	27.478426286173082	0.0	0.0	0.0	36.666937071168306	0.0	0.0
GSM4138115_HNSCC_3_TIL_GCGACCAAGCTGATAA	0.0	0.0	47.04666815976824	0.0	0.0	0.0	0.0	0.0	0.0	0.0	0.0	0.0	0.0	0.0	0.0	0.0	0.0	0.0	4359.245657159876	0.0	0.0	0.0	0.0	0.0	0.0	0.0	0.0	0.0
GSM4138115_HNSCC_3_TIL_GGAAAGCCATGCAACT	182.3746071465065	175.04190990636806	210.94256268441123	0.0	0.0	119.65858196650491	0.0	197.446264469454	115.06482847309809	39.7771606368345	0.0	62.209148521865266	3.2396235009870518	0.0	18.082573727182293	29.74253728104444	39.50701773405813	0.0	0.0	0.0	0.0	25.61266701046401	0.0	0.0	0.0	14.030500215684365	0.0	0.0
GSM4138115_HNSCC_3_TIL_GTCTCGTAGGAGTCTG	174.39751952792108	225.15913186846075	0.0	156.54750189834343	65.85738048580404	0.0	236.40088729055373	0.0	99.27753052004617	0.0	0.0	0.0	61.12422828325583	46.0641894202833	0.0	39.97797340687415	24.092330925627113	8.181690798585436	0.0	0.0	0.0	19.251462663554534	0.0	0.0	0.0	0.0	14.523641200373666	0.0
GSM4138115_HNSCC_3_TIL_GTCTCGTCAATGTTGC	151.27902863263373	111.44844123734326	201.70555991446983	211.40655066970785	92.16654517254325	0.0	0.0	0.0	61.08537446048335	65.04661068557662	0.0	11.365471860025238	36.26323376211971	60.84119078274121	0.0	0.0	34.151426307978646	0.0	0.0	0.0	0.0	20.33756952507882	25.56493939650063	0.0	0.0	0.0	0.0	0.0
GSM4138115_HNSCC_3_TIL_TAAGTGCCATTGGGCC	214.7345400670843	175.03117182520631	90.11341306711259	223.69242549328547	162.77896667506528	0.0	162.74482797184498	64.12899255159411	43.12989685489497	33.807631963533325	0.0	92.10621978226165	0.0	0.0	14.605050605976146	8.662614410349448	25.876776073554137	0.0	0.0	0.0	0.0	6.78403089617687	0.0	0.0	0.0	0.42009382220299374	0.0	0.0
GSM4138115_HNSCC_3_TIL_TACACGATCACCATAG	354.64171918265913	420.80514994940825	456.6326169877632	186.65979822563952	243.30856272886277	130.01891133623127	0.0	0.0	0.0	80.8444190359918	112.67001889582448	58.337579061931635	36.2699093826661	0.0	50.165042179283155	65.07156620283452	0.0	40.20657535940966	0.0	0.0	0.0	35.2222023668837	37.414422101364124	0.0	0.0	0.0	0.0	0.0
GSM4138115_HNSCC_3_TIL_TCCACACCATTCTTAC	154.95568116885752	96.86450924756969	370.8083620019071	152.11487717517775	0.0	0.0	0.0	126.62651499270311	0.0	40.14985426682202	22.41910328837264	26.645843727740125	35.88462982030697	0.0	0.0	6.77196156311147	0.0	42.157250611423294	0.0	0.0	51.84272118612229	12.74484560986986	51.82987149500492	0.0	0.0	0.0	0.0	0.0
GSM4138115_HNSCC_3_TIL_TCTTCGGTCCGAGCCA	0.0	125.68566456992659	75.88533812197295	95.49761936308387	200.00109062830163	0.0	0.0	0.0	351.9463793455026	28.806053696559445	0.0	26.07887748015839	25.16085596979904	0.0	0.0	0.0	15.24593661630085	0.0	0.0	0.0	29.159214516451502	0.0	0.0	0.0	0.0	0.0	21.872114261802718	78.67153419811838
GSM4138115_HNSCC_3_TIL_TCTTTCCTCGCCATAA	61.23991657863886	57.31630218309673	64.39272295882633	0.0	0.0	25.4513678065696	0.0	26.909985561107177	0.0	11.607388197280203	44.514551808581324	0.0	0.0	1.3358127420829222	3.7458410967231117	15.226810813386388	0.0	0.0	0.0	0.0	0.0	3.167065057579517	3.188519072418368	0.0	0.0	0.0	0.0	0.0
GSM4138115_HNSCC_3_TIL_TTGGCAATCGAACTGT	244.14603792711424	233.79915124196657	0.0	0.0	152.08574247033434	100.99100134958856	274.599808958244	0.0	202.4962916281048	48.23864702574468	0.0	55.603480558650816	45.02186188042223	1.9196584757263686	60.256591123319154	25.517727520148117	0.0	45.68757414943728	0.0	0.0	0.0	19.11818674238691	0.0	0.0	0.0	0.0	23.756167352302377	0.0
GSM4138115_HNSCC_3_TIL_AGCAGCCAGAGGGCTT	96.57569986312929	95.49684185267056	95.17668543517962	0.0	109.3837041158244	0.0	0.0	0.0	82.69595926701797	35.946693082370786	0.0	28.908412556941258	12.720179886077991	0.0	12.150427747869927	0.0	14.104477114759922	0.0	0.0	0.0	0.0	0.0	0.0	2.1296271785618663	0.0	0.0	9.432225108009213	0.0
GSM4138115_HNSCC_3_TIL_CCGTACTAGAAACCGC	93.65140759577321	142.8424370487477	0.0	155.99976954160908	0.0	0.0	279.86559915153987	184.74369140827784	60.62778861545776	16.10735202441158	0.0	37.41684001921818	35.31123958339015	0.0	16.465074370882352	6.439981776348441	0.0	14.827518827270714	0.0	0.0	0.0	15.098329045773816	0.0	0.0	0.0	15.090188793481165	0.0	0.0
GSM4138115_HNSCC_3_TIL_ACGCCAGGTTTGTGTG	100.08317697194236	136.01995956787152	94.25004954651128	109.55912822014524	47.982379496856915	0.0	106.98975534909182	0.0	0.0	34.158804027265035	21.73168732932445	0.0	9.413208297154858	29.33521222916633	3.3311414011677605	0.0	0.0	14.262249256270662	0.0	0.0	0.0	14.51427208914727	0.0	17.556016418025013	0.0	15.36218780740127	0.0	0.0
GSM4138115_HNSCC_3_TIL_ATGTGTGCAAGCGTAG	112.43205321191442	66.6391833852742	336.68898960786083	133.84339517083745	21.748137082440973	0.0	0.0	40.22043698402147	0.0	22.603317141654152	23.31858106909951	0.0	13.441855442649716	56.760002820858475	7.1340529733736915	13.882358651854055	0.0	44.58184246893005	0.0	0.0	0.0	12.663488477914271	41.768887078860516	0.0	0.0	0.0	0.0	0.0
GSM4138115_HNSCC_3_TIL_CAGCGACAGGTCATCT	301.4959551207938	181.88189454934886	304.49704078298487	155.6046163041093	158.4526959502859	0.0	0.0	0.0	0.0	71.4145461543828	91.22804379346023	0.0	37.91940956984518	52.365877609332365	43.139428498219026	30.499013200296655	27.63263999657326	0.0	0.0	0.0	0.0	0.0	0.0	0.0	50.42722769320513	33.96508328708934	0.0	0.0
GSM4138115_HNSCC_3_TIL_CATCGGGTCTACGAGT	186.4229376932612	179.89892204590592	119.99005757258043	0.0	46.68627369541306	10.689082521602659	0.0	1.026550587916267	62.38226558857673	19.464123918491502	0.0	55.954091514138426	10.99823193686112	0.0	4.088389026889115	3.294321838803688	12.845567280360333	0.0	0.0	0.0	0.0	15.012260839109661	0.0	0.0	0.0	1.6780716738759098	0.0	0.0
GSM4138115_HNSCC_3_TIL_CTCGGGAGTGACCAAG	53.91665492730739	110.05328296056473	84.53523770257311	0.0	0.0	84.68709631377264	0.0	68.63128900206647	34.51977723313891	32.50805190295463	0.0	0.0	9.199586006219949	43.02057590961575	0.7834128220576156	12.639346658219884	18.324040386437954	0.0	0.0	0.0	0.0	2.2734742641389367	0.0	0.0	0.0	0.0	1.8466896855758892	0.0
GSM4138115_HNSCC_3_TIL_TATTACCCAGGACGTA	78.09196480655031	110.95982803550802	91.62562469949695	24.8067591525656	0.0	0.0	0.0	133.13332493565807	0.0	0.0	60.49842874109784	56.31779827142158	0.0	0.0	7.810890837956991	0.0	7.634321751619438	0.0	0.0	0.0	0.0	4.901792742850448	0.0	0.0	0.0	11.73017348864943	0.0	0.0
GSM4138115_HNSCC_3_TIL_TCTGGAAGTCCGACGT	124.73741852585201	47.35888342302714	69.21957402149013	16.024178807456742	0.0	0.0	0.0	85.19515623804841	18.093837305665645	34.559406561008046	0.0	24.689790155868636	49.68320461848349	0.0	22.623563253962057	18.56657686783742	8.546657729494369	0.0	0.0	0.0	0.0	0.0	0.0	0.0	25.077268312759436	2.9466226953398054	0.0	0.0
GSM4138115_HNSCC_3_TIL_TTGCGTCGTTCCACAA	93.71254877699285	86.5873478769825	165.36081164487618	0.0	41.0772503432548	101.13380542305049	0.0	0.0	53.97693978335544	0.0	0.0	46.96352610852672	5.32760020613243	0.0	0.0	10.42827823076644	0.0	30.66915660344384	0.0	0.0	5.560647180928538	0.0	0.0	0.0	0.0	3.0611926952983457	0.0	0.0
GSM4138115_HNSCC_3_TIL_GATTCAGAGGCATTGG	57.18570181280294	72.57537051602263	0.0	33.788924509735686	0.0	0.0	0.0	98.19851889330664	0.0	5.135343942531882	0.0	10.313482566206137	0.0	0.0	2.180543927411091	0.30060278619439024	10.067605834383192	0.0	170.88004297560423	111.88465443977361	0.0	2.185568755742022	0.0	0.0	2.125214334550106	3.727218229503514	0.0	0.0
GSM4138115_HNSCC_3_TIL_AGAGCTTTCGCGTTTC	207.82084645616973	201.5394789154771	186.2323895238785	0.0	0.0	110.41568612696666	0.0	116.39325590070568	0.0	39.79260888780225	0.0	42.26020941763316	6.961375185709351	0.0	4.380915130263939	0.7541780338126636	0.0	40.74588567161416	0.0	6.6105238561385375	0.0	3.1266591116668083	11.028023824074937	0.0	0.0	3.500351032655828	0.0	0.0
GSM4138115_HNSCC_3_TIL_CACACTCTCAACGGCC	164.03578629634066	176.89283026327857	183.4270141854657	0.0	0.0	212.11342099363503	0.0	149.38069710018996	96.95110604469454	25.46399336187495	0.0	107.38522859554975	7.429537996075619	0.0	0.0	14.746258560074104	0.0	34.24440844261366	0.0	0.0	0.0	3.0539361626966905	0.0	0.0	0.0	22.04055122421395	0.0	0.0
GSM4138115_HNSCC_3_TIL_CACAGGCAGTAGCCGA	144.2053376374045	159.19043485295708	4.701389819513831	0.0	0.0	88.60450193141538	75.29185954916551	179.81816568025525	0.0	58.785527790680995	75.33142902265344	24.16468069612007	6.998382776480189	11.83821494923328	10.069230156447192	5.263071722635267	0.0	7.436852701634205	44.63470959210805	0.0	0.0	5.542432740611627	0.0	0.0	0.0	5.262522740607831	0.0	0.0
GSM4138115_HNSCC_3_TIL_CAGCCGAAGCTCTCGG	222.21291657913648	300.01478713806364	264.4018458994546	216.4893203261404	232.83888105684684	0.0	0.0	0.0	0.0	37.01325574149232	0.0	70.37663606790821	53.46163816432309	0.0	23.307241100946396	46.67314497092768	11.740581601724012	0.0	0.0	64.93396952083344	0.0	31.607351603459428	0.0	0.0	0.0	0.0	73.75908843202731	0.0
GSM4138115_HNSCC_3_TIL_CATATGGGTTGAGGTG	74.62701831864528	93.98534288945723	135.68610919508595	58.98239038657741	23.32513904263279	0.0	0.0	0.0	0.0	0.0	20.375278329109076	0.0	25.99951276369361	18.645166927434893	19.636233293204363	8.665666397911446	0.0	11.842356971125312	0.0	0.18525499032701376	0.0	5.5443539481906825	0.0	0.0	0.0	4.749271304466414	0.0	0.0
GSM4138115_HNSCC_3_TIL_CCTTCGACATGTTCCC	233.9316262750117	218.57095711144348	24.38721232620882	0.0	0.0	156.40877659337323	121.25906600206109	159.66099606139136	0.0	2.021558771971725	80.58164939177404	55.592921068773755	4.52812585989952	0.0	10.586922764213687	28.529294488216273	0.0	25.216947489622	119.1833460023651	0.0	0.0	2.995079222831265	13.37192813616408	0.0	0.0	0.0	0.0	0.0
GSM4138115_HNSCC_3_TIL_CGTGAGCTCGATAGAA	12.911898992423913	33.59241469617659	12.06603056027883	12.451808052047758	14.398770963435942	0.0	0.0	0.0	0.0	3.4654322999885148	4.0314470732746335	6.867961051704626	0.0	0.0	0.0	7.299330889128081	0.0	0.0	0.0	0.0	0.0	1.0260155902575367	0.0	0.0	0.0	0.0	0.0	0.0
GSM4138115_HNSCC_3_TIL_CTCGGGAGTTGCCTCT	127.43561418867611	55.82945838603787	0.0	0.0	49.792293200597044	70.76721212383437	17.304376840339778	0.0	0.0	13.690294023700426	28.52474825237529	46.364084505651014	11.030337016371028	0.0	29.716644453970073	6.8328318610325605	18.061947337720365	0.0	49.86554085733302	0.0	0.0	0.0	0.0	0.0	0.0	6.182502562408032	0.0	0.0
GSM4138115_HNSCC_3_TIL_CTGATCCGTTCACGGC	205.7406021936494	295.4559051135366	208.14668102671416	0.0	0.0	148.67109157813303	0.0	216.82489711794014	0.0	22.72141805825984	53.886393426968496	117.49107674354626	23.049748312129406	0.0	17.56316628455595	16.98214736758087	21.10782536554229	17.393712829563146	0.0	142.14373042841217	0.0	20.056556063252806	0.0	0.0	0.0	0.0	0.0	0.0
GSM4138115_HNSCC_3_TIL_CTTACCGGTTCGCGAC	201.17909426355126	193.3407128152971	0.0	0.0	0.0	156.49120290952033	241.37020121460776	160.9710994816629	81.54574453656096	56.01773773165349	0.0	50.590631489736815	26.824309588629077	0.0	35.23390569231096	35.883540376328384	0.0	40.616181886009116	0.0	0.0	0.0	0.0	0.0	0.0	21.430245845460966	36.479858738809014	0.0	0.0
GSM4138115_HNSCC_3_TIL_GACTACACATCTCGCT	207.76745080157164	196.03855848741188	212.08244081438923	0.0	0.0	129.1602906833103	0.0	168.4057180821345	107.01253972474385	46.29038237278952	0.0	54.68677418419027	29.72320921318099	0.0	4.09443569066344	24.350879252032794	29.858664065259862	0.0	0.0	0.0	0.0	16.619667715675394	0.0	0.0	0.0	24.401567183772723	0.0	0.0
GSM4138115_HNSCC_3_TIL_GTAGTCACATTCACTT	48.70658582018143	27.561627595424845	51.533404358451605	35.14600338551353	30.757370298969356	0.0	0.0	0.0	0.0	4.612735948291804	28.8615267918295	11.042170455092247	2.8141783700275576	0.0	0.0	5.882917643633667	3.540772401923559	0.0	0.0	0.0	0.0	5.054700337104283	0.0	0.0	0.0	0.0	0.0	0.0
GSM4138115_HNSCC_3_TIL_GTCTCGTTCGGTTAAC	222.04219246802074	297.44120012962355	131.50115654796113	330.6186955936799	258.92982217757475	0.0	103.47259338624265	0.0	0.0	32.98027157781931	46.9315233416126	0.0	64.9886515751326	62.19888664018642	45.360258479347934	0.0	0.0	45.74268700517087	0.0	0.0	0.0	21.826030171360344	0.0	31.82868032917065	0.0	0.0	42.52029719730376	0.0
GSM4138115_HNSCC_3_TIL_GTTCATTCACTTAAGC	24.54756405920879	35.270221074381894	0.0	0.0	0.0	46.11766377082967	24.59309323696505	97.5558107688269	9.757200511420228	39.31459111041606	0.0	8.869106228799334	3.606383728129095	6.215110227101364	13.821874702116098	6.499187739390488	13.84629061529699	0.0	0.0	15.090657004880217	0.0	0.0	0.0	0.0	0.0	0.0	23.564119177092966	0.0
GSM4138115_HNSCC_3_TIL_TACTCATTCGGAGCAA	158.49811647692832	450.86155393711493	362.54053375407636	190.2273437626697	193.33241338021477	0.0	0.0	0.0	0.0	30.826594194651904	133.96274442371745	133.0791679960304	23.312301424023776	0.0	26.417718179839504	25.610378258825293	0.0	46.69457523812001	0.0	37.126376286992596	0.0	53.611895834146544	42.013405329854095	0.0	0.0	0.0	0.0	0.0
GSM4138115_HNSCC_3_TIL_TGACTAGGTTAAGTAG	108.30312371842818	58.84877541159854	0.0	0.0	42.246320580292625	37.47971386663641	50.69116861506732	6.677345178410413	12.86316445809118	0.2422371457093699	0.0	0.0	5.072038161621402	5.34229045275247	0.0	0.0	0.0	0.0	0.0	0.0	0.0	0.0	0.9302485783955622	0.0	0.0	0.0	0.0	0.0
GSM4138115_HNSCC_3_TIL_TGTCCCATCTGCTGTC	77.35962207129953	26.487706926009448	71.22497674861667	60.277799288162484	51.81846624440441	0.0	10.164611025607117	0.0	47.77287628526162	3.6810071688725303	0.0	0.0	2.8190446687905135	15.694431282406429	5.371240166972543	0.7970966291729542	0.0	28.41790224961631	1.735845765332681	2.319392218540351	0.0	4.2229487333809805	18.93470546102674	0.0	0.0	0.0	0.0	0.0
GSM4138115_HNSCC_3_TIL_TGTTCCGTCTGCGTAA	130.42909423723484	166.64978338721744	111.4235202983934	0.0	0.0	70.58182298955688	0.0	142.88316799320722	32.34230683317184	27.928778302729505	0.0	74.7378897265198	6.800006713177228	0.0	0.0	17.758687233145796	0.0	9.617356127426907	0.0	0.0	0.0	21.180687908710055	0.0	0.0	0.0	12.876537120209965	0.0	0.0
GSM4138115_HNSCC_3_TIL_TTTACTGGTCGGCATC	118.99996764007145	194.06054182199733	149.6880079066883	0.0	0.0	121.27737073263407	37.54684966371415	114.14228599685784	142.81274709032667	60.44335131469757	0.0	66.258042780034	27.71295975708095	0.0	0.0	9.387853797636252	33.870262870310995	0.0	0.0	0.0	0.0	29.376035849999255	0.0	0.0	0.0	26.74627977466248	0.0	0.0
GSM4138115_HNSCC_3_TIL_ATTATCCTCGGCATCG	88.60485925316986	0.0	73.61294689955199	0.0	0.0	84.13971428428059	1.2571748239313754	73.657985668792	20.53397511874536	45.85337422595277	0.0	63.84879543102669	16.04094425076848	0.0	33.13801161869685	5.614512333758212	0.0	35.544953438794316	0.0	0.0	198.86325306384126	6.905679639789746	0.0	0.0	0.0	9.26324338436499	0.0	0.0
GSM4138115_HNSCC_3_TIL_AGAGCGAAGCAGGCTA	225.2446396093975	0.0	137.28582242629096	0.0	40.47757331557795	111.08550728075359	6.8243702648958555	19.3767473051549	0.0	8.529428074814673	64.82904659579442	22.398343592479623	63.14692072628043	0.0	3.7508797271453087	43.78063471619487	0.0	18.966998793984736	0.0	0.0	63.85847377398783	5.463926249172201	0.0	0.0	0.0	7.612710363976409	0.0	0.0
GSM4138115_HNSCC_3_TIL_ATCCACCGTTGTGGAG	71.52357870232493	27.019581436197917	42.6587047755768	44.885569499577606	0.0	0.0	0.0	40.240232500988334	0.0	7.9834336089415405	0.0	0.0	0.020492549037886266	30.778049571418006	0.0	0.0	0.0	0.0	0.0	28.93996929500144	0.0	12.146136295354802	0.0	0.0	0.0	0.0	6.078626899231812	0.0
GSM4138115_HNSCC_3_TIL_ACACTGAGTAGCTAAA	0.0	0.0	0.0	0.0	0.0	0.0	0.0	0.0	0.0	0.0	0.0	0.0	0.0	0.0	0.0	0.0	0.0	0.0	0.0	0.0	0.0	104.24081431928403	0.0	0.0	1739.5507317742756	0.0	0.0	0.0
GSM4138115_HNSCC_3_TIL_AGCGGTCAGTGAATTG	39.49196959595687	41.31884164501755	0.0	0.0	0.0	53.62772502526244	63.642493493852264	3.897954678334403	0.0	3.555228842275514	48.099023243671816	174.18545105976642	31.724856691928853	0.0	88.39269273567311	0.0	0.0	0.0	0.0	11.453888071679172	0.0	7.8016264161685465	0.0	128.55984016474596	0.0	0.0	15.253225899451346	0.0
GSM4138115_HNSCC_3_TIL_CCACCTAGTGCAGGTA	0.0	0.0	0.0	0.0	0.0	0.0	0.0	0.0	0.0	0.0	0.0	0.0	0.0	0.0	0.0	1660.2922828029273	0.0	0.0	0.0	0.0	0.0	0.0	0.0	0.0	0.0	0.0	0.0	0.0
GSM4138115_HNSCC_3_TIL_CTCACACCAACTTGAC	10.869661258022308	105.9560876293012	65.66743140961945	22.238428999234227	21.355804059259004	0.0	24.356430143016834	60.69297213302659	19.40211860347369	8.263635294408953	0.0	0.0	73.63836792388332	107.82504602362839	66.34058108931183	23.5865584986527	0.0	16.9219395494656	0.0	0.0	0.0	93.98860180720263	80.38285827259068	114.65342081814266	0.0	0.0	0.0	0.0
GSM4138115_HNSCC_3_TIL_GACGTGCAGGTGCACA	0.0	18.688652584031118	69.65206577909541	7.1398791719151875	0.0	0.0	0.0	36.15855189999326	8.527919812793877	9.595516256438014	0.0	0.0	198.45050015311338	419.7368964627348	127.00314470363014	0.0	0.0	13.170903384311396	0.0	0.0	0.0	149.82816534594707	143.158703417605	310.8349888622233	0.0	0.0	0.0	0.0
GSM4138115_HNSCC_3_TIL_GAGGTGACAGTCAGAG	0.0	0.0	0.0	0.0	0.0	0.0	0.0	0.0	0.0	0.0	0.0	0.0	0.0	0.0	1518.1644025741994	0.0	0.0	0.0	0.0	0.0	0.0	0.0	0.0	0.0	0.0	0.0	0.0	0.0
GSM4138115_HNSCC_3_TIL_GCAGCCAAGGTGTGGT	14.89948321571591	0.0	34.67743156945993	0.0	0.0	0.0305811529226382	0.0	0.0	0.0	0.0	0.0	0.0	1.5685796672011505	46.253361315734814	15.307775914150033	0.0	1.0990012149283828	3.162894831883724	28.579759271533373	0.0	0.0	0.0	0.0	1002.733792804929	0.0	0.0	18.03888032322501	0.0
GSM4138115_HNSCC_3_TIL_TACCTTACAAGCTGAG	0.0	0.0	0.0	0.0	0.0	0.0	0.0	0.0	0.0	0.0	0.0	0.0	1739.0443440767165	0.0	0.0	0.0	0.0	0.0	0.0	0.0	0.0	0.0	0.0	0.0	0.0	0.0	0.0	0.0
GSM4138115_HNSCC_3_TIL_TCACGAAAGCTACCTA	0.0	0.0	0.0	0.0	0.0	0.0	0.0	0.0	0.0	0.0	0.0	0.0	0.0	0.0	0.0	0.0	0.0	0.0	0.0	0.0	0.0	0.0	1799.9086891575034	0.0	0.0	60.96815128226219	12.360835774734705	0.0
GSM4138115_HNSCC_3_TIL_TCGAGGCCAGCGTTCG	0.0	0.0	0.0	0.0	0.0	0.0	0.0	0.0	0.0	0.0	0.0	51.945609520918396	0.0	2318.867940864851	0.0	0.0	0.0	0.0	0.0	0.0	0.0	0.0	0.0	0.0	0.0	0.0	0.0	0.0
GSM4138115_HNSCC_3_TIL_TCGAGGCAGAACAACT	36.551856727852424	35.5002017018064	0.0	64.44619291924	11.631462628249976	48.91937404584341	0.0	0.0	78.39013557087654	25.589260558338957	0.0	2.236761839859953	4.9677955495307815	0.0	2.5968715026196847	0.0	2.7761532082927074	3.93358146436128	42.21519170596434	0.0	0.0	6.432896407491686	12.434454981574428	0.0	0.0	0.0	0.0	0.0
GSM4138115_HNSCC_3_TIL_ACACTGATCAACACTG	0.0	0.0	0.0	0.0	0.0	0.0	0.0	0.0	0.0	0.0	0.0	0.0	0.0	0.0	0.0	0.0	1560.1343687938252	10.90597146942775	0.0	0.0	0.0	0.0	0.0	0.0	0.0	0.0	0.0	0.0
GSM4138115_HNSCC_3_TIL_CAGCATACACGTCAGC	3484.3981156309264	0.0	0.0	0.0	0.0	0.0	0.0	0.0	0.0	0.0	0.0	0.0	0.0	0.0	0.0	0.0	0.0	0.0	0.0	0.0	0.0	0.0	0.0	0.0	0.0	0.0	0.0	0.0
GSM4138115_HNSCC_3_TIL_CATATGGAGTACACCT	180.9688989446537	95.19394532962099	41.6439364335943	20.118799298433718	81.94217462041885	0.0	0.0	0.0	40.77604592249526	4.413942691042924	3.9410057827976686	0.0	1.4375157836018817	13.724519251036815	8.83549904501961	0.0	0.0	39.29051196093893	0.0	0.0	0.0	3.9755103707151433	0.0	0.0	0.0	0.0	10.605656105620369	0.0
GSM4138115_HNSCC_3_TIL_CCCTCCTAGGGCTTGA	0.0	0.0	0.0	0.0	0.0	3702.7705546047046	0.0	0.0	0.0	0.0	0.0	0.0	0.0	0.0	0.0	0.0	0.0	0.0	0.0	0.0	0.0	0.0	0.0	0.0	0.0	0.0	0.0	0.0
GSM4138115_HNSCC_3_TIL_CGAATGTCAGATGGGT	271.46819685497115	0.0	0.0	215.98017596297046	61.28352642870543	0.0	205.5374617774598	0.0	0.0	3.282264522006533	7.493123711019139	0.0	23.41652146327942	17.49254523524838	29.630866858134443	0.0	0.0	103.28116891741976	0.0	72.31604627466217	110.14530410252834	4.486624612160148	13.066855595225048	11.267607570637203	0.0	0.0	13.211953607297426	0.0
GSM4138115_HNSCC_3_TIL_CGGCTAGCAGCTGGCT	0.0	0.0	0.0	0.0	0.0	0.0	0.0	3457.3254514518776	0.0	0.0	0.0	0.0	0.0	0.0	0.0	0.0	0.0	0.0	0.0	0.0	0.0	0.0	0.0	0.0	0.0	0.0	0.0	0.0
GSM4138115_HNSCC_3_TIL_CGTGTCTTCTTCGGTC	227.4851517880683	0.0	86.9044850229793	163.87806363836918	190.3871886228379	0.0	0.0	0.0	0.0	47.139389581550944	0.0	30.3206905709369	11.378543713586732	0.0	24.087407561925623	0.0	0.0	35.20247191514332	0.0	80.21802532647762	76.23592634793836	5.930901362245326	34.801708434429464	0.0	0.0	0.0	0.0	91.0092090494095
GSM4138115_HNSCC_3_TIL_CTCGTCAGTCGCATAT	406.1182614333573	219.6761177701377	159.7595325203445	1.7332952022159738	0.0	97.90928477512242	0.0	110.45210597354723	75.31577593346695	18.054660083885203	0.0	51.469379373433945	0.0	0.0	0.0	0.0	5.910754501827932	0.0	0.0	0.0	0.0	0.0	0.0	0.0	0.0	0.0	5.876568793883327	0.0
GSM4138115_HNSCC_3_TIL_GGTGCGTTCTCCTATA	0.0	5586.911968818715	0.0	0.0	0.0	0.0	0.0	0.0	0.0	0.0	0.0	0.0	0.0	0.0	0.0	0.0	0.0	0.0	0.0	0.0	17.977863561273356	0.0	0.0	0.0	0.0	0.0	0.0	0.0
GSM4138115_HNSCC_3_TIL_GTTCGGGAGACTACAA	0.0	0.0	0.0	0.0	0.0	0.0	0.0	0.0	0.0	0.0	0.0	0.0	0.0	0.0	0.0	0.0	0.0	0.0	0.0	3537.2431744878745	0.0	0.0	0.0	0.0	0.0	0.0	0.0	0.0
GSM4138115_HNSCC_3_TIL_GTTCGGGTCACAATGC	654.5057172226924	318.19108131809566	86.84481076246462	0.0	305.23807824817936	416.296322301091	15.903095879318688	0.0	210.20128418351916	51.22783964672221	0.0	52.456694523812835	19.00054302490471	0.0	19.18954638199647	0.0	0.0	51.85362920702581	63.32313039247806	0.0	0.0	23.152455134068997	0.0	20.307347051019708	0.0	0.0	0.0	0.0
GSM4138115_HNSCC_3_TIL_TGGCGCAGTTAGTGGG	313.00083978997566	11.96371545046063	32.41690410594218	400.05870878571045	147.18004970909794	0.0	48.64977595935267	0.0	259.54402424425706	23.847975932216226	0.0	0.0	0.0	58.641012091239936	4.7967216276547555	9.642518806025283	11.710080615799065	7.510281559930459	0.0	0.0	237.5424994753952	17.047292648460566	0.0	18.61387586213387	0.0	0.0	0.0	0.0
GSM4138115_HNSCC_3_TIL_TTTATGCTCACCTCGT	259.75260320582163	0.0	0.0	168.22550491220318	106.75563279951959	0.0	253.4769035733742	0.0	8.699774319261607	16.59467440810796	26.44467822197522	43.229255339702135	33.33892111395397	0.0	16.451069178585687	0.6533011751714883	0.0	30.05875036011994	0.0	0.0	217.65009995390358	16.1923509490905	37.04640662576617	0.0	0.0	0.0	0.0	0.0
