	1	2	3	4	5	6	7	8	9	10	11	12	13	14	15	16	17	18	19	20	21	22	23	24	25	26	27	28	29	30	31	32	33
GSM4138115_HNSCC_3_TIL_ACCTTTAGTACATCCA	131.21412392867202	81.29351964212331	81.29818719586268	0.0	47.53614410448115	70.71244098805627	8.336566945098781	59.209282243417164	0.0	126.8785258831979	0.0	0.0	0.0	0.0	58.345115806471526	0.0	16.350242607737215	12.463060938299712	1.272672931959313	0.0	20.431112750244957	0.0	14.567718300824014	0.0	0.6343284876412416	0.0	0.0	16.090672458241965	27.941406032452974	0.0	2.2775985082562387	16.25917914433089	0.0
GSM4138115_HNSCC_3_TIL_CAACCTCCATGCAATC	162.2138476585458	36.05778554765438	122.70757998668374	0.0	59.68097470446444	28.891938432114948	14.350535439105986	56.82591999601094	0.0	123.59164235731866	60.68584362470813	0.0	0.0	0.0	0.0	9.343177086681443	22.85563771178256	18.605580310622923	0.0	0.0	25.91403319413849	29.23397821656936	16.292349942509986	0.0	17.341378891541297	0.0	0.0	1.5735519152503732	16.95101297297744	14.977139768226515	0.0	7.118043825616799	0.0
GSM4138115_HNSCC_3_TIL_CACACTCAGCCGCCTA	92.22270906681345	47.057634372848725	47.993651229491036	111.04840261688518	71.7676397948035	54.04127295567979	36.35752648316002	142.84201733555952	0.0	0.0	15.568395276006324	0.0	0.0	31.502376497360054	0.0	2.5093160332872197	15.759269686262632	0.7779759041764968	0.0	0.0	24.28714079222078	0.0	13.651217590423059	0.0	0.0	14.826716610768475	0.0	0.0	10.536593109072788	0.0	0.0	0.0	0.0
GSM4138115_HNSCC_3_TIL_CATGCCTTCAAAGTAG	222.81738939545403	93.50552148513357	103.5481257863425	227.90222186946707	127.04913975380744	30.174595515363258	68.0852513744002	117.18715114543062	0.0	0.0	40.753157112163436	0.0	0.0	13.707615786163103	0.0	11.08790648788206	38.71719865031926	0.0	29.112232979080137	0.0	35.08171569837057	7.546457193192477	0.0	0.0	12.188147349437266	0.0	0.0	0.0	15.866041911167219	0.0	0.0	9.272582365362329	0.0
GSM4138115_HNSCC_3_TIL_CATGGCGTCATCTGCC	79.23503372473898	44.853015800072434	110.49760391816699	108.1032815172356	76.66444918609852	70.16355393061403	3.4471261307508727	54.61559248443046	0.0	0.0	0.0	15.167412397005624	0.0	0.0	0.0	0.0	40.03446983474349	16.289907036586435	15.877077951992627	0.0	37.93029775319616	16.154312555154586	0.0	0.0	0.0	12.954430718850967	0.0	17.624867549974958	0.0	4.6694281914363165	14.710480163339906	0.0	0.0
GSM4138115_HNSCC_3_TIL_CCTTCGAGTTAAGAAC	57.29565890882692	68.6974835072032	106.02627100624986	0.0	44.62921995863527	75.52474669518232	0.0	10.183676129484967	73.71460007585897	0.0	0.0	0.0	53.05665548536617	0.0	0.0	0.0	12.693822777427467	0.0	0.0	0.0	0.0	6.182233143258539	8.866839510637778	0.0	3.568417167294386	19.46040199253109	139.32850973542563	0.0	2.531102686695005	0.0	0.0	6.217780937836402	0.0
GSM4138115_HNSCC_3_TIL_CGTGAGCAGATATGCA	47.31407753406294	253.74511948014072	32.84755354104692	0.0	56.29763939429719	150.06502142467784	50.321196865077454	28.126704154858142	75.52619485836286	27.062513450381083	0.0	0.0	0.0	0.0	0.0	10.406992188275954	0.0	9.034293189780787	10.162206955147585	0.0	16.855120635109884	3.838801832625318	0.20707211996908925	48.39743129761373	0.0	0.0	150.54221732673724	19.83364664039343	0.0	95.67393942636625	0.0	25.73660709895129	0.0
GSM4138115_HNSCC_3_TIL_CTAATGGTCCTGCCAT	126.24703830649177	79.45417780169161	45.768546994892844	0.0	0.0	55.21218060798341	0.0	0.0	54.13978006375671	69.43972712534242	2.2736032889456266	0.0	0.0	0.0	108.9379255609857	1.7839438638771294	27.534175202755705	11.409823444308653	6.788671789903241	0.0	0.0	0.07199599557694261	0.9158405569020881	0.0	0.0	0.0	47.98959927418654	0.30967689493259715	27.04970879898789	3.6133136934975383	0.0	4.879042775990336	0.0
GSM4138115_HNSCC_3_TIL_TACTCGCAGCTAAACA	58.53115746974888	1.2369933813913003	60.08750689778956	0.0	28.209462507712416	14.20578509364252	10.072262946987342	17.040757656846562	0.0	16.834979870872314	0.0	4.498330778675353	0.0	9.317692686548801	0.8751348887504029	5.294416571111699	0.0	7.641571398142631	0.0	41.220293510680534	0.0	0.0	7.115342038111727	0.0	5.095212607405426	0.0	0.0	0.0	0.0	0.0	0.0	1.8333123162393539	0.0
GSM4138115_HNSCC_3_TIL_TTCTACACAGAAGCAC	38.94848061215832	12.638215449782829	54.15252812118288	33.97008692732235	42.45942584961758	22.15228822626502	0.0	0.0	46.14447718611233	0.0	8.879986620981928	0.0	0.0	0.0	0.0	0.0	0.0	0.0	1.214261452401641	0.0	19.57136987182662	0.0	4.3581339580140925	0.0	0.0	5.7033422170946935	0.0	2.5403392245436174	4.513456601925511	0.0	0.0	0.0	0.0
GSM4138115_HNSCC_3_TIL_TTGGAACTCGTCGTTC	114.42165884104048	42.360005210260546	61.401570711323274	99.99428202254632	27.479087490013974	24.383387671630537	7.125959337671165	0.0	99.93078519475137	0.0	45.290707833759605	0.0	0.0	0.0	0.0	12.311043852295636	10.659646905504053	7.025327470989551	0.0	0.0	1.0092360921316066	9.103030217068692	2.9967200838852306	0.0	0.0	0.0	0.0	0.0	0.0	9.443730473999814	0.0	5.903252099135462	0.0
GSM4138115_HNSCC_3_TIL_GACCAATGTCGCTTCT	130.21645799267918	61.0632702074175	55.410335866059306	44.35924828184108	0.0	14.908848038791263	50.501394593007085	0.0	0.0	0.0	110.65714499558537	0.0	0.0	0.0	86.86034507846017	6.259974023279558	7.063594813477289	3.4778897181790307	4.841112178486295	0.0	26.51898598604922	10.427657216833554	10.213224169804977	0.0	0.0	16.802514514802713	0.0	0.0	0.0	0.0	0.0	0.0	0.0
GSM4138115_HNSCC_3_TIL_AAACGGGCAGATCCAT	152.21098434915748	74.68574304730038	92.55528220687832	39.66027637825887	98.10999790228101	55.619346559070706	15.901313423162755	116.73227732873306	37.00912719094018	46.8237694197099	90.38305324930735	0.0	0.0	8.495449123760023	0.0	5.889488071036103	9.800515843828837	21.862099638056343	0.0	0.0	19.056543413508837	11.203673747356548	18.48778094917899	18.249706248119047	0.0	0.0	0.0	0.0	0.0	50.95402136597573	0.0	13.866629972752904	0.0
GSM4138115_HNSCC_3_TIL_AACTCAGGTAAGTAGT	117.9231149607744	66.41860998498133	24.54602525693283	96.75964925465024	4.655623944701195	52.31735306995383	75.27618224995847	37.291745621581136	0.0	0.0	0.0	43.92768390816826	8.679166321962985	17.924478537718567	0.0	0.0	11.012811784153659	8.837748807289413	7.0750986715398625	0.0	15.942681716871418	29.609876495217325	4.3506393370289365	0.0	4.737541160302939	0.0	0.0	0.0	0.0	0.0	10.460419490636498	0.0	0.0
GSM4138115_HNSCC_3_TIL_ACTTGTTGTGCGATAG	68.36788994236404	70.73613058326197	94.82770343287046	0.0	0.0	36.398841828534735	74.91424220174888	67.8334774761996	0.0	177.03574661805737	0.0	32.76071336344172	13.928036889711766	28.549993150564806	45.75852542122602	0.0	15.415922520487332	0.0	0.0	0.0	6.9126303633758495	0.0	22.64145284965423	13.558986244543151	0.0	0.0	0.0	0.0	42.87402209744683	26.71910153611751	11.73377590152852	0.0	0.0
GSM4138115_HNSCC_3_TIL_AGTCTTTCACTGAAGG	238.59219248140332	61.71732891776248	87.77361143351018	133.1348404447633	91.27959183408181	38.21840415988154	83.4645247364111	102.28148835575982	0.0	0.0	28.67578362693279	0.0	0.0	0.0	0.0	40.68649155574166	0.0	0.06527357782768647	0.0	0.0	14.740608155351484	0.03746126217539659	44.16652379801662	18.795340815582886	0.0	4.039319617789752	0.0	11.649332634828239	0.0	16.1888151658225	0.0	0.0	0.0
GSM4138115_HNSCC_3_TIL_CAAGATCGTGCAACGA	267.50812290711445	116.49648292846787	149.53178508839807	89.85927206290546	28.691638265988352	75.27013368042893	181.33097916271393	66.45583574600228	59.62305915730139	0.0	18.678864866014457	0.0	23.859017649645406	46.911191208688635	0.0	11.578474319162673	8.469967379228907	29.39699302072565	0.0	0.0	0.0	0.0	0.7462942528424852	0.0	19.93630554270062	19.52118057663501	0.0	26.309739349455675	0.0	0.0	4.22981080302478	0.5805000404750161	0.0
GSM4138115_HNSCC_3_TIL_CAGAATCAGCCCAACC	126.36418102789146	55.044812523477816	108.51527242893478	111.73942341567917	47.497617778808	50.83240617989841	36.49490838642245	100.73863050870933	37.02135367782548	0.0	0.0	92.64845819774837	12.915840819514862	39.9930932978564	0.0	52.25095377390394	23.601994553361035	0.0	29.20213295681782	0.0	27.489450240407272	0.0	0.0	0.0	8.492151057857445	0.0	0.0	0.0	4.544893498449621	0.0	0.0	5.847061185047796	0.0
GSM4138115_HNSCC_3_TIL_CCGGTAGTCATAACCG	142.0297692772901	76.00902902337144	75.34297917334095	0.0	95.37159855673796	73.65290689434592	82.53364625110824	141.32178746333153	0.0	0.0	0.0	131.3757461351912	0.0	39.04141118922039	0.0	0.0	0.0	95.77455755769383	0.0	74.97305409257045	41.40562311683764	0.0	1.4859961246621936	47.7569004460645	7.005672991381002	27.748838758525032	0.0	0.0	24.27496594261685	0.0	42.81424907592449	0.0	0.0
GSM4138115_HNSCC_3_TIL_CTCCTAGCAGATAATG	423.0333866879954	139.18016974556238	210.04756246398108	0.0	45.60471436926878	187.1024382363426	165.56757170742878	0.0	168.55088285231747	182.46098801250344	0.0	99.49851844404125	48.432430031073054	120.84157998769918	0.0	38.210502449269455	18.631798330095886	19.677383723122226	6.003334602746999	0.0	0.0	0.0	6.525722119489043	0.0	6.400648890707305	0.0	0.0	0.0	0.0	0.0	0.0	21.350137091963134	0.0
GSM4138115_HNSCC_3_TIL_GAACCTACATTGGGCC	121.1067180013638	19.220248597908032	77.1317147860593	64.17041000164	55.7725947446461	49.04408673500243	0.0	8.820670980217749	0.0	0.0	4.031038003873511	17.679723722385482	14.749113173203323	0.5621134453935989	0.0	0.0	8.261032718373848	0.5445244648925349	0.955042828075199	0.0	10.878804846840332	24.31469982386943	0.0	0.0	0.0	6.206461703269155	0.0	0.0	0.0	5.727303215830603	6.550419811074157	0.0	0.0
GSM4138115_HNSCC_3_TIL_GGACGTCTCCTCAACC	131.70867330549336	66.82235632696296	67.98821024661154	25.31529313601086	30.282342114213137	14.040113831795802	40.336993860916905	20.16339560588184	0.44727617642393586	0.0	0.0	0.0	9.54303262284129	52.856162464961805	0.0	8.4187440870161	0.0	1.906115062776936	0.0	0.0	0.4767498709004737	12.813613421554031	4.496277359638368	0.0	0.0	2.468356650743649	0.0	0.0	0.0	0.0	0.0	13.524165319311466	0.0
GSM4138115_HNSCC_3_TIL_GGATGTTGTGTTTGTG	203.75151989528086	79.10330104719014	68.30070113906055	58.64951805259042	52.78027657934686	95.00912190791622	85.6072739801631	0.0	55.3723291739014	0.0	0.0	79.33965799098047	22.508572140151838	56.187916553770975	0.0	26.690668894159483	0.0	17.9218192256308	3.6294263469960577	0.0	0.0	0.0	10.254729445965934	34.63560411561221	0.0	0.0	0.0	0.0	0.0	23.627328856018078	0.0	0.0	0.0
GSM4138115_HNSCC_3_TIL_GGCAATTCATGGAATA	216.74046025216182	37.810670731133214	57.22927294709399	0.0	131.8510102232048	26.13839925063754	80.79316075196746	65.35027763956577	0.0	0.0	12.604929155587161	0.0	20.41338552705538	0.0	0.0	0.0	0.0	61.44541896518768	4.659825411895618	109.97426963174549	0.0	0.9863939879061369	0.03790477016489483	3.3634561584494476	0.0	0.0	0.0	50.19075018718585	0.0	0.0	16.986837078524587	21.744617477176927	0.0
GSM4138115_HNSCC_3_TIL_GTCTCGTAGAAACCTA	27.420910776114223	30.790111005892378	12.484449933151172	35.16052598110101	27.231437974564802	19.610264517869073	18.861066461577483	0.0	6.248607867976031	0.0	0.0	10.78342407180836	3.8060587318802495	0.0	0.0	0.21246724087049418	0.0	1.4253813526939878	3.3133828391201887	5.769810314981784	0.6786857622302215	0.0	0.0	0.0	0.0	0.0	0.0	0.0	4.802655050327606	0.0	0.0	0.0	0.0
GSM4138115_HNSCC_3_TIL_TAGCCGGAGTCGTTTG	318.04876777713145	60.08087185203524	95.84724311321094	0.0	0.0	42.52646846405524	47.48282000963006	1.2104212294664352	32.176429962134634	0.0	0.0	13.041297034192771	11.882661046688789	0.0	29.616289679636672	0.0	0.0	14.34062369838721	28.005277999697263	70.62576765989785	0.0	7.542534810444593	26.929337256780364	0.0	0.0	27.288777706755475	0.0	34.18444035183693	0.0	15.118798742906355	7.370465673930393	0.0	0.0
GSM4138115_HNSCC_3_TIL_TTAGTTCAGACAAGCC	118.54513808472056	97.87507787016669	2.7015421399655124	60.856661229149566	21.651747383473644	55.53789709327882	53.21059045535175	0.0	154.07341782974044	0.0	34.332964739396914	0.0	0.0	10.784565258400594	0.0	49.59281286640729	19.029278551724374	0.0	10.509459770258262	0.0	31.58088523551896	0.0	0.6519760558656338	0.0	0.0	27.292321636948913	0.0	0.0	15.308473056764832	0.0	0.0	0.0	0.0
GSM4138115_HNSCC_3_TIL_ACACCAAGTCCAGTGC	64.95251197278708	20.282016907884362	102.79334495839468	0.0	20.41753410258826	15.695592553876498	29.371660520449854	2.2964835365047285	0.0	157.30621381886306	7.93421216392669	43.500550808077904	0.0	0.0	0.0	0.0	5.971610899531165	13.816603638362551	0.0	0.0	11.94549275846702	6.447395886014289	1.4052532317707471	0.0	0.0	0.0	0.0	0.0	0.0	9.027185757299327	14.904708869416481	11.289081195051308	0.0
GSM4138115_HNSCC_3_TIL_AGCCTAACACACCGAC	0.0	147.6739669202292	8.140804274390923	0.0	0.0	26.681648316070078	83.36031942742818	46.608714721208564	0.0	177.77110853452245	46.51389644627676	0.0	0.0	0.0	11.891265935223755	7.42551157749914	0.0	6.531471886422219	0.0	0.0	0.0	0.0	0.0	0.0	0.0	4.213500956465055	0.0	16.627192086606836	12.87988013944307	1.6738387728428934	0.6091238468708237	0.0	0.0
GSM4138115_HNSCC_3_TIL_CTAATGGCACCCATGG	115.31295101842959	56.01532468990349	60.53417791326928	0.0	60.18659759121994	39.1136682072333	14.0202142523846	3.9676231047868127	0.0	139.66874623645913	58.792172369786556	0.0	0.0	0.0	0.0	0.13490887952599148	6.84121294677505	6.066974129099156	0.0	0.0	28.612212146215835	23.03147520658136	10.893219858913984	0.0	0.0	16.93043913806808	0.0	4.467848784780919	0.0	5.683802924290052	0.0	0.0	0.0
GSM4138115_HNSCC_3_TIL_ATGAGGGTCCATTCTA	0.0	50.89466933326884	48.73885926793767	193.84981654280358	0.0	57.66042885277044	27.824195940571176	8.060896501036941	88.18148632301856	31.08398791319622	0.0	0.0	2.0745278801961717	13.668202519578026	119.02812765790878	49.36503386185158	33.14331404796171	0.0	2.1141089102902484	0.0	0.0	15.19563617012709	8.680490466712602	0.0	0.0	2.6635223284984426	0.0	0.0	6.517669235053167	5.583764877055201	0.0	12.600591221028216	0.0
GSM4138115_HNSCC_3_TIL_GTCATTTGTATGGTTC	88.87281995027719	86.58735301782338	25.07176982419965	0.0	67.5551685003927	10.53522148431136	21.145478420482107	11.703964886217452	0.0	160.9557686006296	0.0	2.4883922439344928	0.0	0.0	19.130232884335204	0.0	22.372568263881593	3.883617928713608	0.0	0.0	0.0	0.0	7.997101885523801	0.0	0.0	6.075543504217467	0.0	9.92171616654909	40.901892456330714	0.0	6.351710699883074	0.0	0.0
GSM4138115_HNSCC_3_TIL_CAGATCACAGACGCAA	56.05198085911585	76.83066719167465	73.60666524140352	0.0	0.0	29.185682890776704	27.616843121260317	0.0	19.604152658206417	0.0	0.0	11.712970758484579	9.453941328740155	0.0	140.49497118606143	0.0	11.496379444612225	4.541950311085837	9.283107898689847	0.0	0.0	43.93446133806522	3.1724274001675	0.0	0.0	0.0	150.18570374444357	9.581536823175885	0.0	11.627906962895192	0.0	8.682339160627915	0.0
GSM4138115_HNSCC_3_TIL_AAACCTGAGCGATAGC	56.37294376333148	33.97602082731571	38.519951538128645	18.835820427837593	39.25346132960743	29.17863743890584	37.2841070854445	25.78961306491468	0.0	32.01530137092401	0.0	31.414425838675974	3.910599148803865	0.0	0.0	0.0	10.187676576901122	0.33341413636587236	0.0	0.0	0.0	3.0093095480691687	0.0	0.0	0.0	0.0	0.0	7.696611886055253	0.0	0.0	2.774343637823116	7.1826678793276075	0.0
GSM4138115_HNSCC_3_TIL_AGAGTGGAGGCGTACA	94.95130621141789	97.8552330013192	52.181280204050196	0.0	0.0	37.08169747698685	29.095044887702784	37.82211761192926	0.0	127.57601129195065	10.444697666351539	17.467784880314493	0.6242362087863502	7.424586785721091	60.30465604385339	0.0	14.441187269626717	18.450801444942517	5.319412426145971	0.0	0.0	4.190158552397373	15.48457300392018	0.0	0.0	8.685909577374872	0.0	0.0	12.59081197378896	4.139816114729757	0.0	0.0	0.0
GSM4138115_HNSCC_3_TIL_ATTACTCGTAAATGAC	223.11763791440322	96.3983197861818	0.0	61.08591754680261	116.06514982877563	34.319400527036414	0.7802562809952357	0.0	0.0	0.0	55.5034553624371	0.0	0.0	0.0	0.0	0.0	45.1857154295113	0.0	5.894967088971691	0.0	65.55005959250708	24.659702195536035	8.372700055481609	0.0	0.0	0.0	0.0	0.0	0.0	0.0	0.0	0.0	0.0
GSM4138115_HNSCC_3_TIL_CCATGTCCAATGGATA	38.04311720221302	17.250162060940767	22.66931526486008	71.44939991777842	15.242443224658762	91.98763822777326	36.33963199036428	115.70310396832815	0.0	0.0	15.525609845245725	0.0	0.0	47.64600142582645	0.0	19.065935430663462	12.01732385222546	11.326960606758881	1.6094092256283177	0.0	18.662641874461894	0.0	2.4551128585386497	0.0	0.0	15.01759703237212	0.0	0.0	9.038242753751948	10.648000319066606	0.0	0.0	0.0
GSM4138115_HNSCC_3_TIL_CGTTAGATCGCAAGCC	101.1292798155909	71.0116348817345	48.769493926986286	228.26073116310482	62.79564143423732	26.871970694679273	0.0	67.6363290242224	0.0	0.0	0.0	0.0	3.9888844464727526	0.0	0.0	8.225962454122667	138.77781003343668	3.5523036691622627	0.0	0.0	0.0	0.0	0.0	0.0	29.716588949312523	0.0	0.0	54.94638346317966	1.6719564347105387	0.0	0.0	0.0	0.0
GSM4138115_HNSCC_3_TIL_GTTCATTTCGCACTCT	74.81076634833451	76.14896875873048	80.57579247137463	98.85443966492001	171.7014616710298	78.04651740330704	17.50954397861919	100.97763649505367	0.0	0.0	18.344617515059305	0.0	0.0	10.228277737772567	0.0	0.0	7.516311942438608	2.3407359566847945	0.0	0.0	11.968828606269577	16.54031000681706	0.0	0.30825324555834027	0.0	0.0	0.0	0.0	0.0	3.960431458753218	41.98306521623306	0.0	0.0
GSM4138115_HNSCC_3_TIL_ACTGATGTCCACGTTC	70.42188728574962	35.82453841652761	56.75034541706014	0.0	78.17075950329325	42.014724354530905	21.79546673128706	102.87414083759872	0.0	100.70507418023831	25.42516505805835	0.0	0.0	0.0	0.0	0.0	6.957773803889909	16.50122491111385	13.173706249852684	0.0	1.1777788228007156	0.0	5.814665971231247	0.0	52.11605541349718	0.0	0.0	0.0	10.381384831328942	0.0	7.447837572776787	14.567755437510577	0.0
GSM4138115_HNSCC_3_TIL_CGGCTAGAGCGTTGCC	86.5517974234881	53.24016919741014	39.85792241788465	96.34995407555543	66.44073476225269	26.39348668845786	54.94623549869092	72.68613740210283	0.0	0.0	2.1980514391112917	0.0	0.0	0.0	0.0	0.0	7.627382054286362	1.2128880253366132	0.0	0.0	7.90901031924854	3.370430568653439	2.798815308541931	0.0	0.0	0.0	0.0	11.145113564301104	3.851594710598742	0.0	0.0	3.2294336737085882	0.0
GSM4138115_HNSCC_3_TIL_GACTACAGTGCGATAG	91.75368672444465	61.56117816751462	107.20301918621844	92.21862969300498	36.139930464489865	50.88031103063506	6.236619112242349	0.0	6.484038799939997	0.0	0.0	88.27404460249245	0.0	8.500381944081376	0.0	2.1895756052729234	0.0	23.025820509248057	5.9669113871458315	0.0	0.0	0.0	13.158522138262503	4.496546020774471	13.994359340675713	0.0	0.0	0.0	6.835346515690596	0.0	0.0	0.0	0.0
GSM4138115_HNSCC_3_TIL_AACTTTCTCCCTCAGT	68.02427548096944	105.12030383818738	165.64178514377838	211.86768887975794	154.0465606490441	76.17180215382405	77.96287381797306	29.97621728185437	128.59248295980913	0.0	47.12125859658021	11.272173656316003	13.465749724065413	27.963641004925805	0.0	20.025408580229637	25.570948562918524	34.82782456539689	23.002721703421212	0.0	0.0	0.0	11.489278841453771	0.0	0.0	0.3660295309662826	0.0	0.0	8.026538673633583	14.84299758381463	18.68682397365775	3.387631039810722	0.0
GSM4138115_HNSCC_3_TIL_ACGGGCTTCACCTTAT	38.63104939127498	86.58032867169557	58.286722271204475	157.3855725927946	117.14255546614015	44.07357027708637	24.691075610349763	58.058158857733766	0.0	0.0	40.87239015427134	0.0	44.066101017789805	0.0	0.0	3.0632251515769098	29.350489960204094	0.0	5.946928641464584	0.0	0.0	0.0	7.169040985683976	0.0	8.815973223038327	0.0	0.0	0.0	39.09330170564216	0.0	2.1376806180666543	3.2159008908996376	0.0
GSM4138115_HNSCC_3_TIL_ATTATCCGTGCCTGCA	102.14475052019746	64.1873580878061	75.22302485139221	51.20799049790152	154.01838036540872	129.0253349410312	31.14801442683219	93.0604560188166	73.71850986950355	81.92952757414793	52.86510169470261	0.0	0.0	63.010089142521906	0.0	46.65436860308475	34.1328633407168	23.90397530006698	7.4171436073468255	0.0	60.67665072364051	0.0	6.548495752530285	0.0	1.403447414780098	0.0	0.0	0.0	14.817013291607774	0.0	0.0	0.0	0.0
GSM4138115_HNSCC_3_TIL_CCTCAGTAGCGTGTCC	80.91851559092726	118.27636461932788	117.47695718900668	76.84109550102215	58.62919499726605	48.36981600525105	19.082392363473303	63.018300600647066	0.0	0.0	21.99219375735556	0.0	37.0756682705416	0.0	48.402441331604535	28.668047462106657	21.409222651131234	23.61226454384584	8.064838106102561	0.0	0.0	0.0	0.0	0.0	24.84440640824715	0.0	0.0	46.05585082187334	14.134863721346509	0.0	0.0	0.0	0.0
GSM4138115_HNSCC_3_TIL_CGCCAAGCACGAAACG	65.06470575061785	81.90772883923758	106.97226035425314	47.378231872185424	29.730666768834066	103.78004704060369	48.254053765247995	0.0	146.27757133688843	0.0	17.168136082001745	0.0	21.47881601744163	4.031098823707559	50.940892469132294	17.806981915251225	0.0	0.0	13.425682948556519	0.0	0.0	5.055289556972645	4.3424149877597875	39.066899692091084	0.0	21.728126366288947	58.23407679480021	0.0	0.0	10.808830919439878	0.0	0.03659038124840309	0.0
GSM4138115_HNSCC_3_TIL_CGCTATCAGCCAGGAT	154.36587091204507	120.00274836648425	115.68621169316256	105.94297310852923	54.415641525798314	21.41565233727886	37.514533382587764	0.0	127.44237437104694	0.0	91.25560221474439	0.0	64.03032451569761	0.0	18.27438550190193	0.0	24.79415117006125	12.27727717383766	1.2450151277588555	0.0	3.5176367587271873	13.711855641810672	9.088826111901309	0.0	0.0	0.0	0.0	10.340660926242203	0.0	5.184941072749919	2.88454318987968	1.422662387685938	0.0
GSM4138115_HNSCC_3_TIL_CGTGAGCAGAACTCGG	109.63826650861678	77.29002376000318	45.62689684416348	77.1556030178224	107.19022450321593	61.62725329895164	52.77789955944655	70.7261521423124	0.0	34.51061319331801	0.0	71.60257680222851	0.0	12.74505670919686	0.0	4.9326190737051565	5.434757318416439	32.01969417773011	1.7905610625450266	0.0	18.603550606818942	0.0	6.828819122537092	0.0	0.0	5.497175077299986	0.0	0.0	0.0	12.688607867314733	0.0	0.0	0.0
GSM4138115_HNSCC_3_TIL_CTCGTACCAAACCCAT	74.93190343298227	80.59725554940538	107.91794218149458	85.257432293342	137.785020490579	58.949612682700256	42.13463345717283	0.0	127.31030668658029	0.0	35.83921136922113	0.0	0.0	1.0069899564138178	0.0	10.005742548987586	32.77825442650718	5.413546818517955	11.15238358451304	0.0	39.834513844115136	4.243755258097501	0.0	0.0	0.0	0.0	0.0	0.0	0.0	17.521958458777164	5.760620406143359	22.00508066496908	0.0
GSM4138115_HNSCC_3_TIL_GATCTAGTCATGCATG	128.37006494809245	260.9590659070879	208.43978142071654	141.4047530979778	280.12437674300463	186.0455676774196	93.81103898960724	131.48165371718855	265.62854807941943	53.7141307316266	0.0	106.80568870474386	0.0	24.886109551205013	0.0	52.595845714233576	66.19097461173433	18.858244828030116	25.73667038322316	0.0	65.71504083336022	0.0	21.73412524859463	0.0	36.477690013752536	19.62707280591423	0.0	0.0	43.587407376634374	0.0	0.0	0.0	0.0
GSM4138115_HNSCC_3_TIL_GCATGATAGCAGCGTA	84.34000369168803	28.988209403161065	24.36362480453236	5.7993140044171145	123.58495570138847	20.627323946996103	23.137488994740284	36.967707550884484	54.59129822586539	0.0	13.019554825289854	0.0	0.0	13.560430721306115	0.0	0.0	0.0	9.65600333339335	0.0	0.0	2.794074953889888	0.0	4.7573723896804605	11.619321344218863	0.0	11.28038595923384	0.0	0.0	5.099825728280251	0.0	19.894374418702995	0.0	0.0
GSM4138115_HNSCC_3_TIL_GCATGCGCAAGTCTAC	35.37487742671951	33.96014267343949	34.70222754364232	66.79510184496684	24.979714073961336	49.75878571651675	79.93237314949897	0.0	109.39521913982561	0.0	0.0	33.202638453087246	4.299908871402711	3.52484270190472	0.0	0.0	2.937496356870405	0.0	0.0	0.0	0.0	5.098414166181356	0.0	0.0	0.0	5.725522579918633	0.0	0.0	0.0	0.0	0.0	0.0	0.0
GSM4138115_HNSCC_3_TIL_GTAACTGCAGGTCCAC	136.98395963640584	61.487815743589294	88.33776317167236	137.58105841659707	70.63255655827307	46.86716099996251	60.80089519809755	145.21221972895557	0.0	40.56019853062767	4.139505609634845	86.27670605066207	21.248977088082523	0.0	0.0	18.305559900179965	39.38887898458026	15.16068245773621	23.32652012058145	0.0	19.95408178165615	0.0	0.0	0.0	1.1539813283107745	0.0	0.0	11.977680263594042	4.895317147882894	0.0	0.0	11.329307140066424	0.0
GSM4138115_HNSCC_3_TIL_GTACTTTTCTCATTCA	116.71664963144127	72.99843179683062	55.265251650015585	24.469181026798243	25.33719781780011	28.220264049454176	39.40290601345286	28.874371389947594	65.54921143217416	0.0	90.29446557025297	0.0	0.0	5.199792134247526	0.0	0.0	0.0	1.0993655194236152	47.845064873437785	55.524111722479184	63.59228350238055	0.0	12.230735276187842	37.26650325112413	60.65733763670389	0.0	0.0	36.19768725293506	8.332040632712218	0.0	38.90414361140406	1.8049488402876763	0.0
GSM4138115_HNSCC_3_TIL_GTGCAGCAGTGCCATT	98.76808581823943	58.357664338530185	11.33391128508361	152.48448695358127	31.041750133085444	67.68658411964213	73.1391102073803	73.27815927301711	0.0	0.0	43.13389404570329	0.0	15.758126539998015	0.0	0.0	26.76456117499965	56.28982574863622	7.039327950147859	20.9946762316641	0.0	24.353928633465163	25.353337137678388	0.0	0.0	0.0	0.0	0.0	8.813789961103875	0.0	12.692951680727562	0.0	2.116584277553603	0.0
GSM4138115_HNSCC_3_TIL_GTTCGGGCAAACGCGA	59.11584099481625	65.08356985237472	117.4426045852292	0.0	18.683293605309117	11.37442880722237	64.44573035279828	0.0	94.93405095269557	63.64576505599849	69.9504000834848	0.0	38.94801979478131	0.0	59.543377849462416	0.0	48.030356162473076	0.0	0.0	0.0	1.7322145463275622	0.0	1.1335797544035118	17.285389254690006	0.0	0.0	48.964968807753706	16.026585382309232	0.0	30.35237380585164	17.98163139262502	18.91140597540749	0.0
GSM4138115_HNSCC_3_TIL_TCTCTAATCGGTCTAA	53.78107309235437	72.24094128211242	78.51374165236246	81.6123616920893	44.363743346888654	74.78340174521259	125.68586751704485	54.72000244084353	57.65043413288422	0.0	0.0	77.0627033419153	25.29140013692626	13.199899375264875	0.0	0.0	2.903014654948659	0.0	18.334155399831	0.0	0.0	0.0	0.0	0.0	6.812734893126568	0.0	0.0	0.0	59.31887436432122	0.0	8.610241713360757	0.0	0.0
GSM4138115_HNSCC_3_TIL_TGCCAAAAGGATCGCA	113.74647844764917	37.330746626937035	108.04974717207179	148.46071969494955	101.86932933747184	45.29206036502754	58.169401335924555	56.12729583787615	12.937659168684544	0.0	45.310401949525286	0.0	1.2163999586732688	0.0	0.0	0.0	0.0	11.778999599545944	4.178426133406114	0.0	0.0	0.0	17.198315855785467	29.887890088684802	0.0	14.017042553030011	0.0	0.6711874521690816	14.278681049465751	5.933160663494591	0.0	5.379316416806307	0.0
GSM4138115_HNSCC_3_TIL_TGTGGTATCAACGCTA	86.32551960434657	60.304313273603455	106.83605269639915	0.0	0.0	74.68906609024064	6.60633524375498	69.404985199567	69.20535920459758	120.02901624397947	0.0	55.69932839868819	45.98638316205712	7.55603633457225	45.33764249158526	8.005583436532506	19.88814072885929	0.0	10.199409475146455	0.0	0.0	0.0	3.919846218531426	0.0	34.67118369594982	0.0	0.0	0.0	33.16580722788781	0.0	6.995683739919927	7.260022163330994	0.0
GSM4138115_HNSCC_3_TIL_TTGGAACTCTTGAGGT	73.50780638105762	48.507521459311576	84.71959309683542	0.0	53.39836291054552	50.96924765661286	66.31482765662301	0.0	71.193433880841	0.0	58.97817544478056	10.123428496032943	2.5470281106407224	5.534306171629139	0.0	39.25387148353116	0.0	0.0	0.3903206083542674	0.0	10.735826557482238	0.0	5.629194343952689	46.26629593874036	0.0	6.1621725862590635	83.89209510058602	0.0	0.0	10.680766594198852	0.0	11.517257107286845	0.0
GSM4138115_HNSCC_3_TIL_ACGTCAATCCGATATG	64.27042118453993	18.732029598144084	61.35191120186904	0.0	57.238888891871156	61.20507345418564	10.378827488462537	3.2065878639426026	0.0	111.56495612319837	0.0	43.87355565755163	0.0	0.0	8.578821944897923	0.0	38.00606804289634	10.129266570162903	0.0	0.0	2.34810197425693	0.0	11.40950264570285	0.0	0.0	4.249803421628086	0.0	0.9622392600545246	12.130069487741478	14.686167417094957	13.018548737302511	0.26600645544674345	0.0
GSM4138115_HNSCC_3_TIL_AACCGCGAGACTAGAT	289.1180397039267	109.35348292310846	111.28618019577182	171.84636418757816	40.28047594784934	24.73033195012334	62.10266008285862	18.36373838123199	126.16132542862678	0.0	24.574567003291833	19.31805431547148	24.208051903009125	4.31387286077193	0.0	18.545350847593802	14.19476690251886	0.0	0.0	0.0	23.567603788245314	10.072237265248885	0.0	0.0	13.42373590613113	0.0	0.0	0.0	0.0	0.0	0.0	4.742318885466913	0.0
GSM4138115_HNSCC_3_TIL_AACTCCCAGACTTTCG	274.08267353924253	119.76013907152578	95.56310315480722	131.96063287441683	87.18056350839558	39.72992724199311	86.62719290171967	138.87233366548733	0.0	0.0	0.0	26.408241882135265	0.0	0.0	0.0	0.0	0.0	22.198054524690498	9.746388992588106	10.373519696153059	30.266922114394607	5.286237370598177	3.7097947484423592	26.848683583563297	0.0	0.0	0.0	37.059281100557044	14.9211627934681	13.889862430672213	25.685876028384406	10.436959880669002	0.0
GSM4138115_HNSCC_3_TIL_ACTTGTTTCAGCTGGC	201.50620135584467	42.594126176737255	140.89850816209736	87.01968316222737	152.6206761792211	86.08793043712484	75.24904113002269	0.0	163.53019474409444	0.0	0.0	112.08195999234638	46.86568832027981	0.0	0.0	0.0	0.0	8.479520257804676	4.95071009176042	0.0	0.0	0.0	23.080470433632875	34.87919912106986	9.09415560363527	0.0	0.0	50.08459416774869	7.800510407601309	0.0	0.0	0.0	0.0
GSM4138115_HNSCC_3_TIL_AGTGAGGGTTGGTAAA	135.16290143548525	99.03226684342194	54.65251685924912	107.78167348620214	66.60853497567622	51.61874770559214	4.320214292029842	83.06543708211647	0.0	0.0	0.0	10.238369817532053	5.679027577518487	0.0	0.0	0.0	0.0	2.2544552898039476	5.7756551642878975	0.0	9.35130573315776	2.10956021370123	2.6891999009711207	20.01126777789186	0.0	13.646084146651962	0.0	10.125715720290628	0.0	14.839501849533793	15.307693810500739	0.0	0.0
GSM4138115_HNSCC_3_TIL_ATCCGAACATACTCTT	157.50969813536938	88.81828953993364	89.16278056298239	69.83412440997486	88.35259902608819	22.586430247732537	16.554758873899996	55.5575529856674	0.0	0.0	63.758809340057375	0.0	0.0	13.547011631230713	0.0	10.375498913383112	0.0	6.382162974364087	5.906911057799185	0.0	15.957257543425337	2.648164940678908	0.0	16.48517840683215	0.0	0.0	0.0	0.0	0.0	0.0	0.0	14.778257626588136	0.0
GSM4138115_HNSCC_3_TIL_ATCGAGTGTACGAAAT	118.86021512008898	23.851166195863147	31.518153064655003	34.01827372804048	13.353470940329585	74.91907089314338	53.14269900427425	0.0	34.8099502688807	0.0	44.41553859064156	0.0	0.0	0.0	0.0	0.07674978429065653	13.318412474352764	30.7136691231215	0.0	0.0	12.430536514202112	0.0	0.0	0.0	0.0	0.0	0.0	0.0	31.73793101983283	16.17700255743884	3.8285991848039465	0.0	0.0
GSM4138115_HNSCC_3_TIL_ATGTGTGGTTACCAGT	79.84160028998419	88.91544131528161	64.77165198843892	0.0	30.64649350325397	33.01328362998257	64.64265601996847	69.70174003079842	0.0	0.0	4.673478459046885	0.0	3.9460025862522157	0.0	0.0	0.0	0.0	5.200741530740322	7.44341266483408	0.0	0.0	10.502333380438706	6.985192878475032	1.8967137790396233	0.0	7.665299344095465	0.0	16.03979898406733	0.0	0.0	6.95940004555673	0.0	0.0
GSM4138115_HNSCC_3_TIL_CAAGATCGTCGAATCT	66.24637103782456	10.104049285488653	51.057019509362824	53.45766270651892	22.758658117858108	22.70768371643628	20.474181018920792	23.65025093385235	0.0	0.0	0.0	43.31283201795438	0.0	0.0	0.0	0.0	0.0	3.6994319770933535	0.0	0.0	0.0	6.448575965541084	0.0	10.1969226117758	0.0	0.0	0.0	3.8184239651082157	0.0	0.0	0.0	0.0	0.0
GSM4138115_HNSCC_3_TIL_CATGACAGTCCGTGAC	212.557862959006	37.05992636391588	78.61074266654215	45.25334377194715	132.87035479504112	0.13886366096633063	45.33397263844223	0.0	85.34642312675234	0.0	60.05844193571128	0.0	0.0	22.472119137937888	0.0	4.11909074879657	0.0	7.240717723088362	7.158922975005208	0.0	31.87256096310163	0.0	0.0	20.63419282029994	15.81636297229581	0.0	0.0	0.0	1.432147320780399	0.0	0.0	2.410870981249652	0.0
GSM4138115_HNSCC_3_TIL_CCACTACAGACAAAGG	79.50718132999991	52.50777901810575	107.08352308020415	74.53874462657832	73.25926809221077	55.83412328652802	25.44402856141863	65.39908547212156	0.0	0.0	0.0	98.39525999629662	0.0	1.2547232349399906	0.0	0.0	17.961805890073826	17.12486607373869	19.829581333259213	0.0	16.1924794134888	4.8983694052851465	0.12806756908954844	0.0	2.6183537537379356	0.0	0.0	0.0	0.7910307873088649	0.0	9.100258655509997	4.91596022667295	0.0
GSM4138115_HNSCC_3_TIL_CCTATTAAGAGTACCG	188.06805419512264	80.59726296658626	90.0739305462322	146.34726270183128	58.64145626750577	47.22347332380586	23.78578769155483	83.94807767024282	0.0	0.0	50.71145477571752	0.0	0.0	8.067201690411482	0.0	3.8744137906854625	18.96090516657877	2.579358028466813	25.009272086930746	0.0	13.583469634800489	15.59570750767056	0.0	42.88365632337266	0.0	16.3531443392906	0.0	0.0	2.884798460666755	0.0	0.0	0.0	0.0
GSM4138115_HNSCC_3_TIL_CCTTACGGTTCAGACT	76.42797896803776	57.47912891023188	0.9587821239784148	48.900842375458964	70.27143423034883	70.56622980696818	91.9812987214527	59.1886601270602	0.0	0.0	122.72529012613577	0.0	21.130312433359123	0.0	0.0	24.498335111823824	0.0	0.0	30.917299552333695	0.0	0.0	16.026857325126603	14.024723207175576	49.38482415105929	0.0	0.0	0.0	0.0	0.0	17.781669495098406	0.0	0.0	0.0
GSM4138115_HNSCC_3_TIL_CCTTCCCGTGTGTGCC	128.1206616907878	67.64169233222204	163.08076652093234	159.81707074175029	91.20528221709395	49.48420474428836	16.358067005495847	203.13840855180374	0.0	0.0	39.49232385680299	0.0	14.4743899902083	0.3508671016278305	0.0	0.0	41.136446618990206	5.476570673774718	16.828353509938374	0.0	2.5549841451646285	5.850273639408166	10.28742502301456	0.0	0.0	0.0	0.0	13.678105378840367	0.0	33.36011402344551	44.04439773857976	0.0	0.0
GSM4138115_HNSCC_3_TIL_CGAGCACGTTCCACAA	149.2810690090507	81.04227002642673	87.75323062399887	59.06079801633376	43.93661599345505	55.02248548371504	36.415422105645014	244.9656191916061	0.0	0.0	8.890316007478589	99.23763394486467	0.0	15.461686613244652	0.0	45.095470988759665	9.015893036510802	18.66922140163878	6.781131371566727	71.44120989236198	24.219886277801027	42.38381048478614	14.867478809573042	0.0	0.0	21.403267657785847	0.0	0.0	0.0	17.33775236728676	10.674233807718126	0.0	0.0
GSM4138115_HNSCC_3_TIL_CGGACTGAGCCCGAAA	145.9562525979866	65.57601861545785	92.3684247887309	180.71577368176983	174.37027503551698	21.920017271917256	50.6738764869133	81.98863041037053	0.0	0.0	12.737350808958654	0.0	0.0	0.0	0.0	0.0	20.721612709581084	8.026594140647095	0.0	0.0	18.542137414524433	8.002562026698964	13.428651185627995	0.0	2.002130288651957	5.435025706786409	0.0	10.291255478509676	20.32813566914251	17.90551043789963	0.0	0.0	0.0
GSM4138115_HNSCC_3_TIL_CTAGCCTGTCGGGTCT	0.0	0.0	0.0	0.0	0.0	0.0	0.0	0.0	0.0	0.0	0.0	0.0	0.0	1362.2378712413813	0.0	0.0	0.0	0.0	0.0	0.0	0.0	0.0	0.0	0.0	0.0	0.0	0.0	91.72474049059146	0.0	0.0	0.0	0.0	0.0
GSM4138115_HNSCC_3_TIL_CTGCCTACATGCATGT	301.29284120241937	84.38372455858205	162.1947431499522	0.0	0.0	96.79731109369408	92.28616336594841	72.12762653104141	0.0	310.1644764266776	112.90371358909701	0.0	0.0	65.7926176601195	189.79772082898702	0.0	38.0027822297494	13.41760222709112	0.0	0.0	25.844579501924887	0.0	16.880791207460817	0.0	10.435521536406892	0.0	0.0	0.0	3.32335409539626	0.0	29.0765276075914	24.790474142958352	0.0
GSM4138115_HNSCC_3_TIL_GACCTGGTCGTCCGTT	90.30159148129957	95.9039892929489	36.26210822656492	57.309536539208544	91.84187786072074	113.66811071121596	0.0	47.32333694995496	17.655148371584282	0.0	91.87799376500016	0.0	0.0	3.451190035567639	0.0	0.0	88.01866223756821	12.814910389808857	20.92093883618435	0.0	0.0	1.085512394008047	0.0	0.0	0.0	0.0	0.0	0.0	5.931742214192879	0.0	18.319404798869687	38.84469239714362	0.0
GSM4138115_HNSCC_3_TIL_GCACTCTCACGTTGGC	246.0015510189457	74.34463116413603	164.6961447182196	360.5851156384234	125.52615751258762	71.49816293071993	72.02820984352755	130.67388821524838	0.0	0.0	22.27456387485744	0.0	0.0	0.0	0.0	8.095847298569957	86.71945365092672	12.258672991254578	0.0	0.0	22.23458957272521	39.23434935681433	0.0	0.0	0.0	15.466421274802842	0.0	62.988666688971485	0.0	20.328449681391774	4.075737159680658	0.0	0.0
GSM4138115_HNSCC_3_TIL_GCTTGAATCAACGGCC	128.76073805077263	125.20712957410615	62.413993121105065	96.31064295185337	0.0	75.81581651006476	126.90466353882015	23.7667226482977	48.37108744790492	0.0	102.05334661621879	0.0	0.0	14.624853739310838	0.0	0.0	10.068368952326942	6.313142789124653	16.97262903110639	0.0	22.83856237517071	0.7915195385686843	0.0	0.0	0.0	19.85812505232897	0.0	0.0	0.0	0.0	25.697480220043882	0.0	0.0
GSM4138115_HNSCC_3_TIL_GTCACAAGTTGGAGGT	83.18067339346709	59.90711452305213	5.785790509856957	91.09949290183344	25.13854231895917	18.019540611428376	17.925735627240982	77.33717889622658	0.0	0.0	26.754846117267235	0.0	0.0	0.0	0.0	21.969007190916674	12.587159704375493	0.0	0.0	0.0	0.0	0.0	5.460035446686774	0.0	0.0	6.044078821442317	0.0	0.0	0.0	0.0	0.0	0.8665100972539251	0.0
GSM4138115_HNSCC_3_TIL_TCAGCAAGTGGCAAAC	165.03954684725986	6.316863021954009	106.77074615617677	133.89987500666737	79.56504709824911	118.918980740237	56.631095764946544	0.0	85.27672311323464	0.0	38.76091147464984	0.0	0.0	0.0	0.0	0.0	24.843399426331953	4.2179874341725645	0.7007814970096156	0.0	93.06164234150387	0.29514925992053304	1.2784019236802873	0.0	0.0	0.0	0.0	5.649677126192732	0.0	20.93615703234388	4.753356719852004	9.955200223087504	0.0
GSM4138115_HNSCC_3_TIL_TCAGCAATCAGTTAGC	301.5285378777318	90.74576211667475	175.85099241518625	0.0	0.0	102.53249139673069	97.2706490818683	0.0	256.45466939705943	0.0	0.0	77.19650199584872	0.0	0.0	224.07972404114574	0.8821663963564085	54.2621754400704	14.111366293551251	51.998376326329115	0.0	27.64627789932142	45.06436271392785	6.215730967773203	0.0	0.0	0.0	234.45601031011495	60.71091064371275	0.0	22.3317491504639	0.0	33.09626267540626	0.0
GSM4138115_HNSCC_3_TIL_TCTTTCCCAGACAAGC	123.90793853936778	53.160209724361074	30.66132749772975	74.5066247959229	82.06408441945923	28.687175749219133	4.864047802014287	80.44098587670996	0.0	0.0	0.0	13.905246974731904	0.0	0.0	0.0	6.911002984432932	0.0	31.19804323449246	3.8705833330678243	0.0	24.70204864286843	1.0521412299633646	10.869410761082426	15.818059271493771	18.482514625590944	12.587779623505442	0.0	0.0	10.632736376656588	0.0	0.0	0.0	0.0
GSM4138115_HNSCC_3_TIL_TGGCGCATCGAACTGT	80.80607221590701	45.725016085570665	19.54926294931429	0.0	31.60626449285533	87.26878698048573	17.443048177421478	7.8804113402424845	30.883695141477855	0.0	0.0	13.031079369646507	17.56750310014728	21.98840573840065	0.0	0.0	0.0	13.38341020335465	21.44460177944631	100.4389422676574	0.0	7.501306898677865	5.413134084516883	8.165006042739366	0.0	0.0	0.0	0.0	6.390955216181235	0.0	0.0	0.03469175465909774	0.0
GSM4138115_HNSCC_3_TIL_AACCATGGTAAATGAC	282.9973678894618	198.97838261218894	283.5147975220581	142.32146825621618	156.07712389574132	32.03820737803263	95.94471175365838	126.6601655281246	85.30582696978381	68.9813877107286	71.22852738415034	0.0	0.0	51.692642063913574	0.0	0.0	37.81311742843673	2.7182444642481487	14.211260921585179	74.48136031729686	78.85923447755488	0.0	0.0	1.2144582907646797	0.0	4.0224562531439805	0.0	0.0	1.0242695371064816	0.0	3.7245672329146955	24.26919496798931	0.0
GSM4138115_HNSCC_3_TIL_AACCGCGAGAAACCAT	134.508396285461	88.02457392546842	63.87097262601305	78.02460522733423	65.51181447068768	53.78501946054079	117.89600514944883	43.54473281306385	74.11009412856457	0.0	50.35534466911626	0.0	0.0	16.853759178615206	0.0	38.935739685875376	7.529988034984646	0.0	0.0	0.0	29.386341017357342	0.0	13.41374133790254	0.0	0.0	0.0	0.0	0.0	4.250026839704004	7.725645426221925	0.0	0.0	0.0
GSM4138115_HNSCC_3_TIL_AAGCCGCGTACGCACC	457.84835622630084	39.246962089735526	114.864841344553	161.99135411060945	37.55430895943512	233.36053101180664	77.33281416137484	30.04173077790294	175.52198932962116	0.0	90.83119633347532	0.0	14.240079301009857	0.0	0.0	23.108389972558093	0.0	38.05883543620818	46.6004190190824	0.0	3.0118646590539915	20.013139422346747	2.230831831109449	24.843854589346254	0.0	2.639004375431528	0.0	27.738267076267732	0.0	0.0	0.0	0.0	0.0
GSM4138115_HNSCC_3_TIL_ACATCAGAGGCTAGGT	270.73441635402145	64.23087137776916	116.10544097061586	0.0	67.51456938319241	102.81860193451418	82.51265408303364	68.9340448426166	0.0	0.0	0.0	84.35937506077858	0.7232708594279454	20.83952214198599	0.0	58.03932537665983	0.0	18.56645820108867	7.010842426559886	92.31010636399925	0.0	0.15832966741489837	8.376505847177175	23.261740483991918	0.0	0.0	0.0	0.0	0.0	12.32947341544525	0.0	21.941670843847138	0.0
GSM4138115_HNSCC_3_TIL_ACCTTTATCACCTTAT	286.71470486747984	62.450891337552115	73.11784817131245	205.28391617219395	137.9125192155192	8.197174188107317	31.245971160174697	70.08721906496783	0.0	0.0	16.378217023184725	0.0	0.2996504155679556	15.755529817732244	0.0	0.0	17.863261819581936	2.550805510177883	0.0	0.0	27.302452054295813	0.0	15.124287973536767	0.0	0.0	0.0	0.0	0.0	16.39371327275349	3.9259268732973527	12.080008112167805	11.51476083313074	0.0
GSM4138115_HNSCC_3_TIL_ACGATGTTCCCACTTG	194.5754836243524	113.92062127167556	183.64674151071952	234.07027927578147	228.25783125501923	17.109136065393262	0.0	31.00430932565251	0.0	0.0	14.532592953976984	0.0	0.0	32.11225391768636	0.0	42.611858808870565	83.98798731300299	7.36431478205365	0.0	0.0	2.2852578003422432	54.08013998159705	1.3193948709461771	0.0	0.0	23.878690183494733	0.0	5.2235004895724755	4.267867634167847	1.850791669276852	0.0	0.0	0.0
GSM4138115_HNSCC_3_TIL_ATTGGACCACCTCGGA	152.91912287566512	78.19662159748147	93.05357072523503	124.6581202089248	176.21529664528686	61.328403641592004	26.677097869305957	77.29624695903891	0.0	73.3588468651224	24.17452363357019	0.0	0.0	3.7850877575074238	0.0	13.873631270741013	28.504877046667893	4.507971616817941	30.97426827631013	0.0	17.248890139843503	0.0	0.0	0.0	26.384492837048306	0.0	0.0	0.0	10.008151329273012	0.0	0.0	16.518378911180776	0.0
GSM4138115_HNSCC_3_TIL_ATTTCTGTCCTCAACC	124.3790777536084	71.8884140705291	67.79044577135458	206.4317694943162	31.79319539951769	19.750237214793678	127.51804716445372	73.47662798697071	0.0	0.0	0.0	0.0	0.0	30.15046329480572	0.0	0.0	8.731449291913409	4.218074906993842	5.793014325537021	0.0	3.7255676792401786	11.56310226191591	3.3683057932935054	0.0	0.0	3.0188566097508716	0.0	0.0	0.6235531262182756	0.0	0.0	4.532524191095796	0.0
GSM4138115_HNSCC_3_TIL_CACACTCTCCGCAAGC	186.2777515504882	58.83385726026741	68.90474535489669	63.72331159532736	79.2605766171063	14.913368096651459	64.7682237395014	0.0	138.42053773087687	0.0	26.69275866257603	0.0	0.0	9.659493150704018	0.0	7.659388328872212	20.802354798358476	6.45757069151542	21.57761320002207	0.0	7.282361093801995	0.0	1.1913678279462325	0.0	0.0	0.0	0.0	0.0	0.0	7.2095281106971285	0.0	0.0	0.0
GSM4138115_HNSCC_3_TIL_CCTTACGTCTTGTCAT	177.1085944271766	87.85290701531672	30.526844990565348	16.66557146708438	132.5282285653035	20.281655318601974	54.59976726675876	0.0	0.0	0.0	0.0	62.36099301104419	25.05445959146736	0.0	0.0	12.901585408494814	0.0	1.1248287838698707	4.417427949565311	37.798045776843175	0.9882093629401931	5.958946064165042	4.295631749069137	14.224824246198182	0.0	0.0	0.0	11.858897622218635	0.0	0.4036134580769798	0.0	0.0	0.0
GSM4138115_HNSCC_3_TIL_CTAAGACCACGAAGCA	188.65355641114016	32.93280646188567	18.637747568428257	107.55581105745654	29.505748832094195	21.9466515610507	40.81882989533244	0.0	129.43107628346127	0.0	0.0	55.39993890321217	0.0	16.223874464548327	0.0	1.6593888825314191	17.268994575962548	5.433028259480387	0.0	0.0	0.0	0.0	0.0	0.0	0.0	0.0	0.0	0.0	0.0	3.5697291589573563	0.0	0.0	0.0
GSM4138115_HNSCC_3_TIL_CTAGCCTCATGGTCAT	490.01275364993586	124.53144977261215	176.86581137937551	0.0	173.24402692874182	74.17283537511365	105.5462036551239	102.02899298137068	0.0	0.0	94.02748528149112	0.0	0.0	0.0	0.0	12.149318680752513	0.0	0.0	5.194543148423578	207.88910883391205	59.66185403695027	0.0	0.0	32.468735238474935	0.0	50.96241060042761	0.0	58.70074843654952	24.27223787035279	0.0	0.0	0.0	0.0
GSM4138115_HNSCC_3_TIL_CTGGTCTTCTGGGCCA	313.8464897085411	72.21685446169082	195.87125356709538	212.69764616330482	162.2072672631754	124.63839369036386	45.099184377050356	112.08444421717542	0.0	0.0	69.09848300422667	4.787542137726974	33.80977697698642	0.0	0.0	13.921386811154182	22.0293405234886	13.045543965266761	14.669973417931532	0.0	5.0171540258878	65.97137279157182	22.466383299559848	0.0	0.0	0.0	0.0	10.327430663590484	0.0	0.24520008032587587	0.0	52.77963515767814	0.0
GSM4138115_HNSCC_3_TIL_GACTGCGCAGCCTATA	107.54091662215306	44.65905586467401	63.70736644890733	56.038660492213545	81.89017666928112	0.0	34.48537390281103	4.572537644494414	0.0	0.0	42.07022545294475	0.0	0.0	0.0	0.0	0.0	66.89514344823074	14.018505688350444	0.0	0.0	0.0	17.898844321265006	0.0	0.0	0.0	0.0	0.0	55.59166032817078	0.0	6.989069517390894	0.0	7.345454307088792	0.0
GSM4138115_HNSCC_3_TIL_GCATGCGGTCAGCTAT	74.71195602261191	86.30252303174615	68.82914916892165	0.0	96.88437567264417	83.79814584571986	47.287907177558694	73.32398241154591	0.0	0.0	11.146365784002585	0.0	7.4721640005636125	0.0	0.0	0.0	0.0	19.765814258983312	18.615040038502148	71.12409790628568	0.0	0.0	0.0	29.539111915692317	0.0	0.0	0.0	26.84730264764129	0.0	0.013304508053644049	15.16807092990042	9.33694130429915	0.0
GSM4138115_HNSCC_3_TIL_GCATGTATCACAAACC	347.5849085865665	107.72820994844109	247.33715439478175	0.0	145.6264145956313	108.26871771816313	123.93192138680247	0.0	130.4587638350673	213.1925568551201	0.0	118.12731662435534	27.525474631288805	37.390628525861004	0.0	59.98141891574228	39.57835724497091	16.73862558121868	30.5129563188575	0.0	31.88583816299073	0.0	19.73100795287503	0.0	11.602822787717619	17.520450804780438	0.0	0.0	27.4748955898429	0.0	0.0	0.0	0.0
GSM4138115_HNSCC_3_TIL_GCGACCAAGCTGATAA	0.0	0.0	0.0	0.0	0.0	0.0	0.0	0.0	0.0	4184.035788847357	0.0	0.0	0.0	0.0	0.0	0.0	0.0	0.0	0.0	186.77703554451858	0.0	0.0	0.0	0.0	0.0	0.0	34.52480579296503	0.0	0.0	0.0	0.0	0.0	0.0
GSM4138115_HNSCC_3_TIL_GGAAAGCCATGCAACT	321.78582904016025	83.18495452756576	109.83028469555761	0.0	0.0	149.69791102684025	145.00782137722197	57.23555638558107	45.84447071575754	0.0	0.0	84.23100454948073	37.933038241655694	27.99907301781665	61.99093393292172	18.155002268314114	0.0	1.1262120154305146	10.053512844006734	145.84710465778335	8.658910360419231	0.0	19.338760709218224	31.225172059365693	0.0	17.58203395086542	0.0	0.0	7.934385873758067	0.0	0.0	0.0	0.0
GSM4138115_HNSCC_3_TIL_GTCTCGTAGGAGTCTG	275.0003695867206	221.04589281566783	111.16388739570368	0.0	100.51222565886538	19.56955051854542	84.65889122393334	143.6315534074375	0.0	97.3684104952236	0.0	63.60847734894995	0.0	0.0	0.0	3.248245749089019	0.0	47.6659998323128	0.0	60.95275678055398	23.655790404874363	6.181680940604336	3.451412590892336	22.268880461980263	0.0	0.28635990964710617	0.0	0.0	0.0	52.46225724782491	0.0	10.734441834175541	0.0
GSM4138115_HNSCC_3_TIL_GTCTCGTCAATGTTGC	290.36325424022067	144.50936998335519	109.50370138628661	140.93288500620866	174.28811407945852	57.5783180656724	3.2282933210864013	49.30136204547592	0.0	0.0	40.13452954578521	0.0	0.0	0.0	0.0	2.5756660975725154	27.186717508696645	0.0	0.0	0.0	56.66538915543979	18.965883403106737	0.0	0.0	0.0	13.18722751078962	0.0	55.86726659038522	0.0	30.696867363529798	0.0	0.0	0.0
GSM4138115_HNSCC_3_TIL_TAAGTGCCATTGGGCC	329.38383637896055	66.88831084265254	150.13503407094262	0.0	168.6161968331207	184.45212721306316	109.19474680453492	22.694808372849582	83.80396142249482	0.0	11.88520147954349	0.0	0.0	21.920396249864705	0.0	0.0	0.0	7.619698935038084	4.801697827889777	185.93139192419676	70.63852489428663	0.0	0.0	17.246232824778957	0.0	0.0	0.0	0.0	0.0	0.0	42.741145563306205	0.0	0.0
GSM4138115_HNSCC_3_TIL_TACACGATCACCATAG	3299.9806376120387	0.0	0.0	0.0	0.0	0.0	0.0	0.0	0.0	0.0	0.0	0.0	0.0	0.0	0.0	0.0	0.0	0.0	0.0	0.0	0.0	0.0	0.0	0.0	0.0	0.0	0.0	0.0	0.0	0.0	0.0	0.0	0.0
GSM4138115_HNSCC_3_TIL_TCCACACCATTCTTAC	190.21717713855	170.78674910893912	113.58793484142629	318.3172209745375	114.82939922691484	91.83584451074196	43.2020709497956	89.08799172557956	0.0	0.0	0.37755992109088	0.0	0.0	0.0	0.0	37.455320199127726	0.0	4.75162303666208	0.0	0.0	8.04013835512547	0.0	0.0	34.06148838322308	0.0	0.0	0.0	32.345083370298546	43.78436724348911	29.012875743842436	0.0	3.8519899257850616	0.0
GSM4138115_HNSCC_3_TIL_TCTTCGGTCCGAGCCA	71.11946704149817	0.0	0.0	62.53383303861002	86.8513256855302	190.95152709646683	0.0	164.85431112425778	55.257212560581316	0.0	252.2129578760437	90.56570075272262	0.0	0.0	0.0	28.974121811797104	13.885894295443126	0.0	0.0	0.0	20.564631357275974	18.883282822011658	0.0	0.0	0.0	0.0	0.0	27.855514935973805	0.0	22.126300474198516	0.0	0.0	0.0
GSM4138115_HNSCC_3_TIL_TCTTTCCTCGCCATAA	124.01736197182267	22.701447502322658	42.29826041865451	42.1639165592655	9.28519553112175	13.815082522955544	16.320400373812085	35.288582676176965	0.0	0.0	0.0	36.61849118360541	0.0	0.0	0.0	0.0	0.0	0.3470507034754599	1.1490060421796593	0.0	0.0	0.0	11.207804818283646	0.0	0.0	0.8478026351310055	0.0	7.865671388486517	1.1660537331294785	0.0	0.0	0.0	0.0
GSM4138115_HNSCC_3_TIL_TTGGCAATCGAACTGT	250.1665137154107	94.54376316099368	183.01629435988255	124.18362910858602	57.3600239944343	116.02013619540416	136.37982200653443	0.0	175.66546450902266	32.69312898147433	0.0	146.56994783662557	42.523502507683574	0.0	0.0	14.686445863287432	37.59354964503521	33.96213157145804	51.899007052794616	53.9506107745572	0.0	0.0	0.0	0.0	38.32229910023464	13.655380029864869	0.0	37.75644135858102	18.024042061288867	0.0	0.0	0.0	0.0
GSM4138115_HNSCC_3_TIL_AGCAGCCAGAGGGCTT	162.08218983498523	8.933529544719438	66.31601550611971	64.19482727967733	0.0	88.40520702178875	41.300899000808094	33.8417464260177	29.892261930877144	0.0	63.46884630874576	0.0	0.0	0.0	0.0	0.0	0.0	0.0	7.382483832966722	0.0	20.647640378826654	0.0	0.0	10.10211447591226	0.0	0.0	0.0	30.353037268925824	5.421388593591687	8.301424032397362	25.361153558016124	0.0	0.0
GSM4138115_HNSCC_3_TIL_CCGTACTAGAAACCGC	164.86280908526206	105.03032261753846	55.690198828704446	0.0	57.610654903029754	159.5170617948902	70.33250471914018	98.35313228081247	0.0	0.0	0.0	39.2725929116328	26.33323130418745	9.504411537823575	65.68480281268063	0.0	0.0	0.0	11.707524230030273	121.50134699758492	0.0	0.0	4.88282633637318	9.785701175549457	0.0	9.944354935970482	98.9798243939202	0.0	10.877967225979951	30.779612265654716	14.285585384934823	0.0	0.0
GSM4138115_HNSCC_3_TIL_ACGCCAGGTTTGTGTG	166.41268520117993	44.981434745971654	64.99270024239705	0.0	78.91245924143101	24.15961442198038	62.354556399636444	98.77420598631628	0.0	0.0	5.001837419422392	2.788790383067568	0.0	28.166935196011316	0.0	23.292528609894557	0.0	12.357553477207688	0.0	165.57934010816575	19.586845527181207	0.0	4.462336299905761	9.529389497867127	0.0	9.77779522409509	0.0	0.0	11.054455122205102	4.940285366196627	0.0	0.0	0.0
GSM4138115_HNSCC_3_TIL_ATGTGTGCAAGCGTAG	146.1318197229201	107.59099383623591	76.69367167902361	296.6827611256744	102.45950287756285	35.89175776767811	59.56992608853307	22.835447179624637	0.0	0.0	5.89290114838991	0.0	0.0	7.3914675462069725	0.0	25.747558984454216	38.82061641878776	2.8295534952967185	2.0328767943996664	0.0	44.98639416547535	0.0	5.620201807842673	0.0	5.233674605097485	0.0	0.0	8.795333786614975	36.848821481399916	3.571533138544894	0.0	6.776636983237829	0.0
GSM4138115_HNSCC_3_TIL_CAGCGACAGGTCATCT	345.7508973245252	188.8703592799188	219.1454856382556	0.0	0.0	103.16398167464445	125.79225254685494	0.0	93.73755248481496	0.0	56.916824554349624	0.0	0.0	57.922303884732806	90.16405395796606	14.533531883998572	0.0	13.889104968079083	32.05431465608702	226.15710730879152	32.3489749488099	26.30381847315642	11.218434794579908	19.500429466433385	0.0	39.4042808438558	0.0	0.0	0.0	29.415227349330284	0.0	0.0	0.0
GSM4138115_HNSCC_3_TIL_CATCGGGTCTACGAGT	194.56385419032404	100.03316379701283	150.09042558489236	26.74083634656655	0.0	17.871642407965147	24.63675525778389	129.60098665230413	0.0	0.0	0.0	42.76504176690788	41.0378215787665	12.377682116656638	0.0	0.0	0.0	0.0	0.0	45.36635759513101	0.0	0.0	0.1369275134710165	6.958381813367058	0.0	0.0	0.0	0.0	0.0	4.309885891195218	39.24130063102668	7.457969699773273	0.0
GSM4138115_HNSCC_3_TIL_CTCGGGAGTGACCAAG	122.64762840728554	62.633465613930674	30.612605198850787	55.188234555704604	65.70990271681453	51.54610859831919	23.849896597154586	80.5339213173144	0.0	0.0	18.878660992717258	3.5682346138874492	0.0	27.9965040425221	0.0	5.026822283324462	14.608331462888245	18.831523019694508	0.0	0.0	33.875684390248566	0.0	0.0	0.0	1.2531580445409758	0.0	0.0	0.0	0.0	4.339257742129888	4.00023220632921	0.0	0.0
GSM4138115_HNSCC_3_TIL_TATTACCCAGGACGTA	125.66965431621706	121.46221140321165	49.70019823000857	55.06302855828002	0.0	110.46531767992853	32.71206704665668	71.16999662965907	0.0	0.0	0.0	44.25193159027432	46.05179055666789	0.0	0.0	0.0	0.0	0.0	4.0127313198183145	0.22065423111005472	0.0	7.755880422820609	0.0	2.8530590485659446	0.0	0.37488906070275796	0.0	0.0	0.0	0.0	0.0	0.0	0.0
GSM4138115_HNSCC_3_TIL_TCTGGAAGTCCGACGT	100.33248239506952	44.0482953780462	103.85917404163641	0.0	0.0	69.98748121528541	30.8026843053706	0.0	22.18714956178919	0.0	7.865016814302336	0.0	7.553150836714509	30.692453458133656	0.0	0.0	0.0	0.0	19.225689261744186	45.82308104312086	10.282058334665493	0.0	14.347118032969558	5.597607587239808	46.45164175111102	20.86481735938806	0.0	0.0	0.0	0.0	22.410336471133377	0.0	0.0
GSM4138115_HNSCC_3_TIL_TTGCGTCGTTCCACAA	120.39524170614895	40.166547467173395	54.17328535982733	48.38997108828013	71.58602887737375	17.01452606470157	105.28655019941094	56.9627782612611	0.0	85.27157960901164	37.231583666616984	0.0	0.0	0.0	0.0	0.0	25.843132767261793	0.0	0.0	0.0	37.73731303591712	0.0	9.520314548916941	0.0	1.6250680826382928	0.0	0.0	0.0	0.2966276980192663	0.0	10.414398782253649	0.0	0.0
GSM4138115_HNSCC_3_TIL_GATTCAGAGGCATTGG	33.04123991695871	106.4484180589351	33.4212271135548	0.0	12.745161799645322	76.99320248712982	55.67640349592459	0.0	39.62568172572285	0.0	99.17967858339047	0.0	0.0	0.0	0.0	56.59003009304409	0.0	1.2633538184372035	0.0	24.64316054188754	0.0	0.0	0.0	5.380091598486571	0.0	0.0	118.97358907325372	1.5860181489467868	0.0	0.0	0.0	0.0	0.0
GSM4138115_HNSCC_3_TIL_AGAGCTTTCGCGTTTC	148.30437098044507	342.8510238262526	159.64350923541193	116.0282787100364	0.0	74.34764086498387	32.89921177785789	0.0	118.42686671793315	0.0	0.0	0.0	18.887249391794484	0.0	63.826439345364385	0.0	30.83504303180099	2.6292228145656256	0.0	0.0	0.0	0.0	0.0	0.0	0.38105826984740326	0.0	0.0	33.51074115242226	6.61579874698296	0.0	0.0	0.0	0.0
GSM4138115_HNSCC_3_TIL_CACACTCTCAACGGCC	113.50104012933569	389.80599224476526	95.98546280663315	106.90901906392678	48.657345082091005	98.60064941456098	144.72648842753063	0.0	83.25509501232003	0.0	57.01398198397935	0.0	0.0	14.799025708416002	102.82642370336121	1.5692043386857775	22.35189676939315	0.0	0.0	0.0	80.23407362264311	0.0	9.281275450908382	0.0	0.0	0.0	0.0	0.0	14.014353255543577	0.03163838718247611	0.0	0.0	0.0
GSM4138115_HNSCC_3_TIL_CACAGGCAGTAGCCGA	78.13586234015825	242.18527394311172	96.14115815264591	0.0	2.2630030866802713	144.10373266913518	109.74276392660468	0.0	98.037197013579	73.3829023306663	48.48081586144698	0.0	17.58407517747052	50.386341707990866	46.28719340322478	11.395512563502749	0.0	9.780850403100969	4.612471049976641	0.0	0.0	0.0	0.0	0.0	1.3742123320509594	0.0	0.0	0.0	0.0	0.0	0.0	0.0	0.0
GSM4138115_HNSCC_3_TIL_CAGCCGAAGCTCTCGG	167.17402809486512	397.67955629304174	165.1632253648434	0.0	79.42367897355412	169.84739247955943	82.81868540165593	73.38644770702324	131.89339980700103	0.0	0.0	30.032924196241023	46.80030252567927	26.545782747247316	80.2354531417783	13.907489306643946	0.0	21.215389766696642	15.131176965908079	185.20755753958326	0.0	54.06987847317142	22.77046470700204	0.5313658516326474	0.0	21.043181423753524	0.0	0.0	0.0	41.79575616054956	0.0	0.0	0.0
GSM4138115_HNSCC_3_TIL_CATATGGGTTGAGGTG	70.39256469868722	170.4978913946176	45.66360968286172	98.54759597133527	32.31932745199868	0.0	47.52603226426087	51.01086118361307	0.0	0.0	4.584386309304215	0.0	0.0	0.0	0.0	9.973842656702178	6.346901964294356	10.880972673478304	15.140844328302412	0.0	6.480353702081225	0.0	0.0	0.0	0.0	0.0	0.0	0.0	0.0	21.70495059063817	0.0	0.34220352570755463	0.0
GSM4138115_HNSCC_3_TIL_CCTTCGACATGTTCCC	83.87307213599746	432.4687388474821	177.94791679877628	11.104973649187688	0.0	113.13776940640842	87.09932744504147	0.0	127.16459305341066	0.0	46.161005031378124	0.0	0.0	0.0	105.28938082314107	0.0	13.84897362088929	12.198479523588997	3.878587435736951	0.0	29.58637320679063	0.0	12.62392162226165	0.0	0.0	0.0	178.2200960720424	0.0	5.390439604466574	0.0	0.0	0.0	0.0
GSM4138115_HNSCC_3_TIL_CGTGAGCTCGATAGAA	25.18492786933224	28.13642634609875	8.309642047439102	4.351595708006293	7.175476011094951	10.257549885760861	0.0	0.0	25.716320396554774	0.0	1.2988341379541164	0.0	4.577075040060565	2.4201019725942143	0.0	0.0	0.0	5.195844440034754	0.0	0.0	0.0	0.0	2.571648428126196	0.0	0.0	0.0	0.0	0.0	0.0	0.0	0.0	0.15164480323052437	0.0
GSM4138115_HNSCC_3_TIL_CTCGGGAGTTGCCTCT	89.71152744237985	270.34804217571764	94.39058346801829	0.0	0.0	17.71513323625245	23.253981869700368	0.0	0.0	0.0	0.0	4.677165125518251	0.0	7.050475342025349	38.65832108803735	41.89868194083619	10.371135552330069	1.6276498066125653	22.26037990536308	0.0	25.674765865978358	0.0	0.0	0.0	0.0	0.0	14.170614565573919	0.0	0.0	3.5635541422469723	0.0	0.0	0.0
GSM4138115_HNSCC_3_TIL_CTGATCCGTTCACGGC	74.33276351919179	442.23616135671296	140.42175833282352	0.0	58.77795740997792	159.01034738372906	138.81867766639218	198.9226865601032	0.0	0.0	0.0	153.96912548725172	87.62406809758072	0.0	34.08552182505273	0.0	0.0	6.964749625349121	10.471085266967416	128.7825866037921	0.0	0.0	4.63634535044339	26.19030513561913	16.368586525181488	5.443339320125318	0.0	13.673978868906852	0.0	0.0	17.037983467275993	2.904967730261105	0.0
GSM4138115_HNSCC_3_TIL_CTTACCGGTTCGCGAC	147.53093865929074	510.0568759709045	137.29831000887455	0.0	58.31436803460803	106.4487408183934	75.42713141633448	0.0	85.41311035074735	146.0976189986606	39.06936739178545	0.0	19.25292292450151	43.15025106545713	37.64595455912427	0.0	26.299053593499345	26.982978032779457	29.248080106935664	0.0	0.0	0.0	9.385338163255762	1.1060337526688913	19.21976130900546	0.0	0.0	0.0	26.639389873285666	0.0	0.0	9.461604711689626	0.0
GSM4138115_HNSCC_3_TIL_GACTACACATCTCGCT	171.08453694836223	329.27457366215486	152.7677953686892	70.51166594796469	50.6155521969139	124.87896207327105	70.81358412506685	0.0	113.69113534338128	67.66918701436276	74.32103642069012	0.0	31.342253315398704	35.33860803861562	28.720745222976333	1.7852090107605911	19.871362123688268	23.735239268226895	0.0	0.0	0.0	0.0	2.6648781523224776	0.0	25.502064586235466	0.0	0.0	0.0	16.768254227127866	0.0	0.0	7.698618209220972	0.0
GSM4138115_HNSCC_3_TIL_GTAGTCACATTCACTT	57.578260051368666	74.97644934704951	30.37352143477191	7.094178897461316	5.437800634939541	17.11434726292073	34.72423739024902	0.0	4.359941396996334	0.0	0.0	19.597759127841545	4.982483282457174	1.5559398610683284	12.008980548471163	0.0	0.0	3.3309437181993062	0.0	10.560359804644005	0.0	0.0	1.5687435330116664	0.6861871839787838	0.0	0.0	13.393247864767536	0.0	0.0	0.9410394715945984	0.0	2.5598526082554742	0.0
GSM4138115_HNSCC_3_TIL_GTCTCGTTCGGTTAAC	124.21228653897488	428.3206470227887	177.2201357532709	166.84570107986315	216.16196499239095	195.0869092571938	69.75520502354905	216.91508295042647	0.0	0.0	24.60789098179335	0.0	0.0	0.0	0.0	17.092290210728834	19.129166751642934	13.105204020916474	28.458443986610067	0.0	40.25415940879349	35.897445906464576	15.329381570650776	14.674048806520508	0.0	0.0	0.0	26.055220464394196	0.0	57.817985749180586	0.0	11.187859377355535	0.0
GSM4138115_HNSCC_3_TIL_GTTCATTCACTTAAGC	44.19672243927843	141.45899067493963	0.0	0.0	0.0	74.83077786151223	61.350854995470904	0.0	0.0	0.0	0.0	8.962957479345816	4.745249534507397	34.417843850022166	22.085613884654382	10.370674673995268	0.0	0.32646229669497107	10.427086294564075	0.0	0.0	0.0	2.0503023774919718	8.84109537741033	0.20252663767570567	0.0	0.0	0.0	19.95080279487971	0.0	0.0	0.0	0.0
GSM4138115_HNSCC_3_TIL_TACTCATTCGGAGCAA	0.0	2870.342991788664	0.0	0.0	0.0	0.0	0.0	0.0	0.0	0.0	0.0	0.0	0.0	0.0	0.0	0.0	0.0	0.0	0.0	0.0	0.0	0.0	0.0	0.0	0.0	0.0	0.0	0.0	0.0	0.0	0.0	0.0	0.0
GSM4138115_HNSCC_3_TIL_TGACTAGGTTAAGTAG	39.312792318408924	24.8138931184053	82.33665258999805	35.485380881415146	0.0	34.777416766103954	86.2561261811343	0.0	39.42851719579699	0.0	0.0	2.957174041380338	0.8265583696225797	0.0	19.548166680000325	0.0	0.0	0.0	0.0	0.0	0.0	0.0	0.0	0.0	0.0	0.0	0.0	0.0	0.1288758999026276	3.3339205468861115	0.0	0.0	0.0
GSM4138115_HNSCC_3_TIL_TGTCCCATCTGCTGTC	60.155116522548596	166.17828173261393	56.208173570315154	51.05003946504883	37.46712385537143	31.59005065778759	14.91531397215645	0.0	0.0	0.0	0.0	35.00503813576569	4.902266031624917	0.0	0.0	5.810259746931736	0.0	0.5250657119438533	1.9361179792681638	0.0	0.0	14.950186927123434	0.0	23.650157057446602	0.0	0.0	0.0	0.0	0.0	0.0	0.0	0.0	0.0
GSM4138115_HNSCC_3_TIL_TGTTCCGTCTGCGTAA	77.60194735126237	242.45470118033933	95.16367864037699	54.954056146928295	32.42024969372287	113.77050303347607	53.12231677170706	0.0	111.38886385738243	0.0	9.773395777091228	0.0	58.02763785541618	21.34619099188725	6.154959313517117	5.625808652409916	0.0	9.222935522495636	0.0	9.443255680841075	0.0	0.0	6.683767574334569	2.7886238276000683	0.0	14.263409906901964	0.0	0.0	6.951258415537426	2.008479562149309	4.033528079201416	0.0	0.0
GSM4138115_HNSCC_3_TIL_TTTACTGGTCGGCATC	48.87705225197901	389.3136190775014	65.34154199464145	118.88868776712937	45.744826839834715	69.30565790333644	111.23429764465075	0.0	109.41296637390282	0.0	0.0	105.40973487374859	38.30395158274786	50.551495419534156	27.716371670501278	50.94432246985248	23.044295945412667	0.0	0.0	0.0	0.0	0.0	0.08482614201820492	0.0	18.869712394907765	0.0	0.0	0.0	17.197865686647603	0.0	0.0	16.566847504255346	0.0
GSM4138115_HNSCC_3_TIL_ATTATCCTCGGCATCG	94.62893554136974	109.03883404448186	64.31198906371422	43.79847483543523	63.693261953716025	55.327806804811964	36.37487746649995	123.0301902341959	38.92878919158012	0.0	4.65342687613576	0.0	53.78267776916787	43.03248277646748	0.0	8.670378656785172	30.880372376653344	0.0	30.16408925712803	0.0	0.0	0.0	3.1973289341159576	0.0	12.935712064259556	0.0	0.0	0.0	5.792715007866166	0.0	0.0	2.871341031410894	0.0
GSM4138115_HNSCC_3_TIL_AGAGCGAAGCAGGCTA	137.5017161386807	97.55922298779747	198.31728982107632	109.28260890182682	87.94342467938212	39.71609364018028	24.995395126609136	27.115088153161278	0.0	0.0	50.48446620237892	0.0	13.37390833091986	0.0	0.0	0.0	14.541997395400593	15.860415360663824	0.03344781065060475	0.0	0.0	0.0	26.372659287012734	0.0	59.515757109140864	0.0	0.0	4.081966382297696	3.6421611688173026	0.0	6.641665529070152	1.487025815258234	0.0
GSM4138115_HNSCC_3_TIL_ATCCACCGTTGTGGAG	53.921916423069106	35.23444305133485	59.11326228635523	29.07287942747418	33.94434457796669	31.588468343725513	17.373949616047934	12.343899903351234	0.0	0.0	23.30430752550369	0.0	0.0	0.0	0.0	0.0	0.0	1.395721657903876	0.0	0.0	26.714290662797836	1.8022226485518371	0.0	0.0	0.0	6.733935852780238	0.0	5.843656945896	2.7858813739183024	0.0	0.0	3.6095367746919043	0.0
GSM4138115_HNSCC_3_TIL_ACACTGAGTAGCTAAA	0.0	0.0	0.0	0.0	0.0	0.0	0.0	0.0	0.0	0.0	0.0	0.0	0.0	0.0	0.0	0.0	0.0	0.0	0.0	0.0	0.0	0.0	0.0	0.0	0.0	1820.2331690923006	0.0	0.0	0.0	0.0	0.0	9.046986558623491	0.0
GSM4138115_HNSCC_3_TIL_AGCGGTCAGTGAATTG	39.20750978712482	0.0	34.1465440880937	0.0	10.16342633938121	0.0	0.0	28.80502402016218	0.0	0.0	0.0	55.25755303561047	166.97080826593162	0.0	36.892775497561544	0.0	0.0	0.0	85.8555394106154	52.94053514784809	0.0	10.325716864510929	46.42086420107947	0.0	27.12875239243683	1.2034267505068097	0.0	1.9344725867546946	0.0	0.0	86.0408192204469	0.31269993348620606	65.27151566092591
GSM4138115_HNSCC_3_TIL_CCACCTAGTGCAGGTA	0.0	0.0	0.0	0.0	0.0	0.0	0.0	0.0	0.0	0.0	0.0	0.0	0.0	0.0	0.0	0.0	0.0	0.0	0.0	0.0	0.0	0.0	1501.5231676074986	0.0	0.0	0.0	0.0	0.0	0.0	0.0	0.0	0.0	0.0
GSM4138115_HNSCC_3_TIL_CTCACACCAACTTGAC	0.0	0.0	0.0	0.0	0.0	0.0	0.0	0.0	0.0	0.0	0.0	0.0	0.0	0.0	0.0	1532.5738513295516	0.0	0.0	0.0	0.0	0.0	0.0	0.0	0.0	0.0	0.0	0.0	0.0	0.0	0.0	99.73869731888743	0.0	0.0
GSM4138115_HNSCC_3_TIL_GACGTGCAGGTGCACA	53.39877091214353	0.0	0.0	43.84826197239117	0.0	15.998544101344175	16.56242436180324	0.0	0.0	0.0	0.0	0.0	399.44690845213586	0.0	0.0	184.0653437903533	8.363686464860628	55.1662737318235	117.20926643126498	0.0	0.0	11.55796753370031	0.0	0.0	186.40315034356993	138.58894951895064	0.0	6.586061493382442	119.87534731715533	0.0	0.0	0.0	248.85228304780333
GSM4138115_HNSCC_3_TIL_GAGGTGACAGTCAGAG	0.0	0.0	0.0	0.0	0.0	0.0	0.0	0.0	0.0	0.0	0.0	0.0	0.0	0.0	0.0	0.0	0.0	0.0	1510.6683512301067	0.0	0.0	0.0	0.0	0.0	0.0	0.0	0.0	0.0	0.0	0.0	0.0	0.0	0.0
GSM4138115_HNSCC_3_TIL_GCAGCCAAGGTGTGGT	0.0	0.0	0.0	0.0	0.0	0.0	0.0	0.0	0.0	0.0	0.0	0.0	0.0	0.0	0.0	0.0	0.0	1463.1627578154073	0.0	0.0	0.0	0.0	0.0	0.0	0.0	0.0	0.0	0.0	0.0	0.0	0.0	0.0	0.0
GSM4138115_HNSCC_3_TIL_TACCTTACAAGCTGAG	0.0	0.0	0.0	0.0	0.0	0.0	0.0	0.0	0.0	0.0	0.0	0.0	0.0	0.0	0.0	0.0	0.0	0.0	0.0	0.0	0.0	0.0	0.0	0.0	1707.943930666204	0.0	0.0	0.0	0.0	20.462572717875926	0.0	0.0	0.0
GSM4138115_HNSCC_3_TIL_TCACGAAAGCTACCTA	0.0	0.0	0.0	0.0	0.0	0.0	0.0	0.0	0.0	0.0	0.0	0.0	0.0	0.0	0.0	0.0	0.0	0.0	0.0	0.0	0.0	1853.9049890007568	0.0	0.0	0.0	0.0	0.0	0.0	15.348789148460826	0.0	0.0	0.0	0.0
GSM4138115_HNSCC_3_TIL_TCGAGGCCAGCGTTCG	0.0	0.0	0.0	0.0	0.0	0.0	0.0	0.0	0.0	0.0	0.0	0.0	2244.2447980439188	0.0	0.0	0.0	0.0	0.0	0.0	0.0	123.988516877978	0.0	0.0	0.0	0.0	0.0	0.0	0.0	0.0	0.0	0.0	0.0	0.0
GSM4138115_HNSCC_3_TIL_TCGAGGCAGAACAACT	0.0	38.91458676926158	13.125999625395725	0.0	0.0	0.0	93.88837231115576	0.0	18.94939971026361	18.099807792600046	67.48304136383106	0.0	0.0	22.250710167810954	96.13807557027718	0.0	4.146562229132091	3.4661896344723435	0.9814271031497012	0.0	0.0	11.790431216162293	0.0	0.0	0.0	4.5754601911181725	13.07468911381812	0.7857260138362446	0.0	3.4418429690250583	0.0	0.0	0.0
GSM4138115_HNSCC_3_TIL_ACACTGATCAACACTG	0.0	0.0	0.0	0.0	0.0	0.0	0.0	0.0	0.0	0.0	0.0	0.0	0.0	0.0	0.0	0.0	0.0	0.0	0.0	0.0	0.0	0.0	0.0	1563.4878022204991	0.0	0.0	0.0	0.0	0.0	0.0	0.0	0.0	0.0
GSM4138115_HNSCC_3_TIL_CAGCATACACGTCAGC	0.0	0.0	3481.9628992363714	0.0	0.0	0.0	0.0	0.0	0.0	0.0	0.0	0.0	0.0	0.0	0.0	0.0	0.0	0.0	0.0	0.0	0.0	0.0	0.0	0.0	0.0	0.0	0.0	0.0	0.0	0.0	0.0	0.0	0.0
GSM4138115_HNSCC_3_TIL_CATATGGAGTACACCT	41.22533648362487	28.08884454517182	153.70326185996257	26.613382570108463	0.0	66.32789799996982	94.20996697485738	0.0	74.92974719440365	0.0	0.0	34.05787007076523	0.0	0.0	0.6210929826696199	0.0	36.263637069657506	1.7115521755001648	6.76635602940606	0.0	9.29674290322118	9.73921810323455	0.0	0.0	0.0	2.1350058046239693	0.0	1.4240981240423505	0.0	0.0	0.0	0.0	0.0
GSM4138115_HNSCC_3_TIL_CCCTCCTAGGGCTTGA	0.0	0.0	0.0	0.0	3570.5793766633888	0.0	0.0	0.0	0.0	0.0	0.0	0.0	0.0	0.0	132.83892535435945	0.0	0.0	0.0	0.0	0.0	0.0	0.0	0.0	0.0	0.0	0.0	0.0	0.0	0.0	0.0	0.0	0.0	0.0
GSM4138115_HNSCC_3_TIL_CGAATGTCAGATGGGT	88.86189618292399	55.73077481739127	224.73043141287891	176.17787677482085	0.0	34.35459233368293	149.2128019569027	71.59081249278324	0.0	0.0	63.4351687744063	0.0	0.0	0.0	179.01951205063048	0.0	97.05173462313958	0.0	25.523112629533788	0.0	9.135193032046239	24.21719780519915	13.097497226710374	0.0	0.0	0.0	0.0	0.0	0.0	19.876094268102825	5.98894507535917	0.18829464111114724	0.0
GSM4138115_HNSCC_3_TIL_CGGCTAGCAGCTGGCT	0.0	0.0	0.0	0.0	0.0	3454.7310827808224	0.0	0.0	0.0	0.0	0.0	0.0	0.0	0.0	0.0	0.0	0.0	0.0	0.0	0.0	0.0	0.0	0.0	0.0	0.0	0.0	0.0	0.0	0.0	0.0	0.0	0.0	0.0
GSM4138115_HNSCC_3_TIL_CGTGTCTTCTTCGGTC	51.85080282751697	111.38359510474355	177.01995276951126	50.82346113620956	122.87424396322876	154.44907663062062	168.50344573978842	30.483577194646767	87.04032127860926	0.0	0.0	58.39358364412302	9.282493765701645	0.0	0.0	71.78748149658601	27.91708289626826	0.0	16.53314686760301	0.0	3.421448913556535	28.162175333865704	0.0	0.0	0.0	0.0	0.0	42.5518743364749	0.0	3.9723979581586453	0.0	0.0	0.0
GSM4138115_HNSCC_3_TIL_CTCGTCAGTCGCATAT	59.91814010455087	93.44850849980784	350.73059537529923	126.41384995608679	61.71066327567834	79.69934451686186	187.98444441219723	0.0	174.44549960052382	0.0	0.0	49.160178004593796	29.07439333408499	11.715411985779596	0.0	0.0	0.0	0.0	0.0	0.0	9.215247763660955	0.0	0.0	0.0	0.0	0.0	0.0	0.0	2.979153439841516	0.0	9.874847774702445	0.0	0.0
GSM4138115_HNSCC_3_TIL_GGTGCGTTCTCCTATA	0.0	0.0	0.0	0.0	0.0	0.0	0.0	34.335499679452866	5564.456100014347	0.0	0.0	0.0	0.0	0.0	0.0	0.0	0.0	0.0	0.0	0.0	0.0	0.0	0.0	0.0	0.0	0.0	0.0	0.0	0.0	0.0	0.0	0.0	0.0
GSM4138115_HNSCC_3_TIL_GTTCGGGAGACTACAA	0.0	0.0	0.0	0.0	0.0	0.0	0.0	0.0	0.0	0.0	140.87498802988057	3392.094823154423	0.0	0.0	0.0	0.0	0.0	0.0	0.0	0.0	0.0	0.0	0.0	0.0	0.0	0.0	0.0	0.0	0.0	0.0	0.0	0.0	0.0
GSM4138115_HNSCC_3_TIL_GTTCGGGTCACAATGC	0.0	0.0	0.0	0.0	0.0	0.0	2984.268702463404	0.0	0.0	0.0	0.0	0.0	0.0	0.0	0.0	0.0	0.0	0.0	0.0	0.0	0.0	0.0	0.0	0.0	0.0	0.0	0.0	0.0	0.0	0.0	0.0	0.0	0.0
GSM4138115_HNSCC_3_TIL_TGGCGCAGTTAGTGGG	72.82275881765338	80.44397675897214	292.29615145737847	0.0	374.6591904853309	128.8781196513122	30.044629834991394	222.82308867147952	0.0	58.78709123094056	248.59868817647504	0.0	0.0	0.0	0.0	3.975331011364676	12.811531748583441	0.0	1.9204402859458345	0.0	48.339886203608614	0.0	44.152327965537246	3.2814064136394587	0.0	0.0	0.0	23.524446686123362	0.0	0.0	0.0	11.308617229056061	0.0
GSM4138115_HNSCC_3_TIL_TTTATGCTCACCTCGT	161.27333144382055	138.93011837713885	197.85030749309647	0.0	0.0	66.34981115311538	162.66556948586407	152.8064545113399	0.0	197.15899146649306	7.655155225207345	0.0	0.0	9.917529031616287	119.16536346815252	27.981223423345504	21.453463121311124	0.0	9.82038424433146	0.0	26.466687134429893	0.0	0.0	0.0	26.93027187341617	0.0	0.0	0.0	31.334393887064742	0.0	0.0	8.204790303065426	0.0
