	1	2	3	4	5	6	7	8	9	10	11	12	13	14	15	16	17	18	19
GSM4138115_HNSCC_3_TIL_ACCTTTAGTACATCCA	138.8943729413871	100.33722959756979	95.65274827310006	20.962763874378243	0.0	0.0	0.0	15.927466371233686	143.6781534465833	106.7124056915621	7.154864083900518	0.0	36.66597249809972	23.68487384332901	0.0	0.0	0.0	0.0	0.0
GSM4138115_HNSCC_3_TIL_CAACCTCCATGCAATC	102.11359517649223	60.41939264783494	62.25747687665524	0.0	0.0	0.0	0.0	92.23276742681635	171.43934820814238	114.5298064900137	42.4300040221968	0.0	58.05354217177332	16.233980878251316	0.0	0.0	0.0	0.0	0.0
GSM4138115_HNSCC_3_TIL_CACACTCAGCCGCCTA	99.93199097265345	65.34154855898902	78.3027345993027	76.10742653944287	0.0	0.0	0.0	34.70724043268261	63.00910140908537	184.92577726101888	3.9526528926799736	0.0	15.317724231222043	21.568586175161773	0.0	0.0	0.0	0.0	0.0
GSM4138115_HNSCC_3_TIL_CATGCCTTCAAAGTAG	187.2982346972828	128.81830581814714	77.96262281892649	288.24035173283005	196.7223221501183	0.0	0.0	38.99888759242522	0.0	0.0	21.624191762281367	37.034009878611855	33.13475273249435	20.470745477392306	0.0	0.0	0.0	0.0	0.0
GSM4138115_HNSCC_3_TIL_CATGGCGTCATCTGCC	112.52592722848408	66.92067956325621	99.07098348410264	0.0	0.0	0.0	102.61873437645264	38.50883391815759	144.12673892307674	0.0	12.567433446883038	0.0	25.690416681902747	21.948647501339174	0.0	0.0	0.0	0.0	0.0
GSM4138115_HNSCC_3_TIL_CCTTCGAGTTAAGAAC	70.13214012263002	87.31725217148967	105.07594949234358	0.0	0.0	0.0	121.94286459060768	0.0	162.83532481333637	0.0	8.999222136399343	0.0	14.220127882197085	31.760582658305044	0.0	17.574319418138693	0.0	0.0	0.0
GSM4138115_HNSCC_3_TIL_CGTGAGCAGATATGCA	80.84294635907949	289.29844956911177	192.07221020273147	0.0	0.0	198.38523876131106	11.215349668350697	0.0	0.0	124.91308845578068	104.80098567946233	0.0	0.0	11.122883659827464	0.0	3.794960672981483	7.2219359723525365	0.0	19.909235338006695
GSM4138115_HNSCC_3_TIL_CTAATGGTCCTGCCAT	135.0145479969482	97.76497909074399	70.47323816123003	0.0	0.0	0.0	0.0	16.17130040585984	148.60307371763147	86.76636077768568	7.173739452793198	0.0	32.23262986725829	9.121383442147089	0.0	0.0	0.0	0.0	0.0
GSM4138115_HNSCC_3_TIL_TACTCGCAGCTAAACA	46.83560799410444	12.035893564028028	29.134244687162184	76.31105411913087	41.67652630929388	0.0	0.0	0.0	0.0	0.0	8.326589208333809	17.10704774801222	2.8859908091069433	5.243308724888242	0.0	0.0	0.0	0.0	0.0
GSM4138115_HNSCC_3_TIL_TTCTACACAGAAGCAC	57.37348151614169	20.731305689230773	34.402067925090414	0.0	65.96426028440372	47.05186531175022	0.0	18.76088758962287	0.0	0.0	0.0	0.0	7.234638916047571	8.77438616813712	0.0	0.0	0.0	0.0	0.0
GSM4138115_HNSCC_3_TIL_TTGGAACTCGTCGTTC	51.06867551280845	60.426067566500855	45.406937648150944	0.0	99.13155694025451	0.0	0.0	56.47783526586515	127.7240199869785	33.5167451974792	13.621675180738047	0.0	13.748625139874871	0.0	10.315557002432094	5.373165623745672	0.23016458230923845	0.0	0.0
GSM4138115_HNSCC_3_TIL_GACCAATGTCGCTTCT	117.38929414106765	94.77873010070437	40.06020656737755	0.0	0.0	0.0	0.0	158.6499265126365	75.60612684749984	25.76582946187437	2.32869128529301	0.0	17.555099301981326	0.0	24.71551978125154	0.0	0.0	0.0	0.0
GSM4138115_HNSCC_3_TIL_AAACGGGCAGATCCAT	129.08684076835561	101.91441974108001	85.94470024070789	116.65837069033218	202.5831170718856	0.0	0.0	139.1176456258555	7.1438760076616905	0.0	78.36886650990833	0.0	19.660980606582832	20.933558734872662	0.0	0.0	0.0	0.0	0.0
GSM4138115_HNSCC_3_TIL_AACTCAGGTAAGTAGT	34.7113910915266	102.08030908827905	79.6310320198637	0.0	75.20551028388412	0.0	0.0	68.43609826934261	133.69400200838393	0.0	12.892408369649749	0.0	0.0	0.0	0.0	0.0	48.96820953506626	0.0	0.0
GSM4138115_HNSCC_3_TIL_ACTTGTTGTGCGATAG	83.56128746987581	90.64125186899656	63.594702244747054	0.0	0.0	0.0	121.01429833032216	59.3510246018385	213.75106308071295	0.0	40.88358501804624	0.0	64.6491820578739	0.0	5.8908286713693485	0.0	0.0	0.0	0.0
GSM4138115_HNSCC_3_TIL_AGTCTTTCACTGAAGG	152.74921678135533	96.23328693923884	90.99032299899847	0.0	0.0	191.03016552522445	19.476832603958687	64.38426263205804	0.0	162.0791667193361	29.632240579967682	0.0	11.266899679077168	0.0	19.189545812693382	0.0	0.0	0.0	0.0
GSM4138115_HNSCC_3_TIL_CAAGATCGTGCAACGA	121.5748873804364	165.89584208332056	148.92322312920305	0.0	0.0	170.24515324319418	243.02738681741295	0.0	0.0	0.0	33.430368300288094	75.7253738705531	10.831278490505648	31.418466109717052	2.28577202559112	0.0	0.0	0.0	0.0
GSM4138115_HNSCC_3_TIL_CAGAATCAGCCCAACC	83.13679982630211	80.06591570280904	81.23087259034375	0.0	0.0	0.0	0.0	161.8024565394088	168.57112925727193	212.26309616274762	19.00777552712194	0.0	0.0	8.376560932585802	9.250640818572956	0.0	14.19913762670217	0.0	0.0
GSM4138115_HNSCC_3_TIL_CCGGTAGTCATAACCG	155.36374143666194	112.85392907127775	120.50937001720027	0.0	0.0	131.23945091718954	213.9118076204034	0.0	0.0	0.0	24.155809987382415	164.71762039622675	42.40481052525064	0.0	45.289480041169654	0.0	0.0	0.0	0.0
GSM4138115_HNSCC_3_TIL_CTCCTAGCAGATAATG	160.34578973207155	211.5195940372987	304.88052965560746	302.27243764975884	0.0	0.0	329.3776222662031	0.0	0.0	0.0	25.19125824570153	0.0	0.0	0.0	41.70918161665064	174.2100013784637	16.110803360392463	0.0	0.0
GSM4138115_HNSCC_3_TIL_GAACCTACATTGGGCC	84.44239461492656	36.03678695939386	77.34849704913758	92.9925812833492	44.22685311292348	0.0	0.0	0.0	0.0	0.0	9.63051460496343	37.66730945006546	30.13307605903244	0.0	11.035154814555696	0.0	0.0	0.0	0.0
GSM4138115_HNSCC_3_TIL_GGACGTCTCCTCAACC	67.60125711568408	86.72927418015274	41.46637614388449	0.0	0.0	61.12408645096187	74.9407714678864	18.545146776815823	0.0	0.0	0.0	0.0	19.546503012909458	7.412036231497742	15.602025319286403	0.0	0.0	0.0	0.0
GSM4138115_HNSCC_3_TIL_GGATGTTGTGTTTGTG	107.98550604283884	118.73615296747661	149.8839617244026	0.0	0.0	113.45094362356686	70.71018054278582	118.37360322429065	0.0	61.41283155860271	36.46097231371765	0.0	0.0	0.0	9.691640900790716	0.0	5.908961646130979	0.0	0.0
GSM4138115_HNSCC_3_TIL_GGCAATTCATGGAATA	190.30632189186065	70.6323654418327	72.06928363259192	0.0	0.0	166.0838770001462	138.12469129580168	11.469876031345123	0.0	0.0	10.845589680688375	32.04368701826216	11.72179860348411	0.0	35.07179533052529	0.0	0.0	0.0	0.0
GSM4138115_HNSCC_3_TIL_GTCTCGTAGAAACCTA	36.071364411253256	36.84128027050227	28.278201303424854	48.525111113961614	0.0	0.0	0.0	15.791747792242479	0.0	16.536277345162745	0.0	0.0	0.6162358223697557	0.0	0.0	0.0	5.422018593276238	0.0	0.0
GSM4138115_HNSCC_3_TIL_TAGCCGGAGTCGTTTG	95.66435029779252	97.21499374876882	94.03579410955238	139.89218898345462	0.0	0.0	119.82809953804862	0.0	0.0	0.0	27.659906180222514	50.28278043650321	18.675318647927888	43.270517069648214	0.0	0.0	0.0	0.0	0.0
GSM4138115_HNSCC_3_TIL_TTAGTTCAGACAAGCC	46.70598403522455	144.8382068619568	80.01193318931999	0.0	0.0	0.0	0.0	50.890290742182266	85.13262560579703	198.39265741126383	9.20848765108747	0.0	25.414259690175943	0.0	38.282964071433405	0.0	0.0	0.0	0.0
GSM4138115_HNSCC_3_TIL_ACACCAAGTCCAGTGC	50.984046719757266	34.6430535976053	38.333522383683984	79.03810264990474	0.0	0.0	0.0	71.98018540511589	107.79414889201426	39.73188481630145	12.980509493691983	0.0	12.273633298889111	16.683479273333532	0.0	0.0	0.0	0.0	0.0
GSM4138115_HNSCC_3_TIL_AGCCTAACACACCGAC	26.84748435297541	162.8911362010604	37.27217252778911	0.0	0.0	0.0	64.52284008960027	0.0	196.21551713526816	0.0	3.3439296025367744	0.0	16.10291534256448	0.0	6.105787622772326	0.0	0.0	56.24721838067776	0.0
GSM4138115_HNSCC_3_TIL_CTAATGGCACCCATGG	87.9229659104896	75.46461819105069	59.39882236642873	0.0	0.0	0.0	0.0	42.50346309353791	172.4474286657512	40.53663629064086	10.803287745056883	0.0	31.18172477070336	23.200784825842906	0.0	32.729256430601424	0.0	0.0	0.0
GSM4138115_HNSCC_3_TIL_ATGAGGGTCCATTCTA	134.45989851231062	55.01501888190849	64.4139921304614	302.37588222317896	114.45522160755444	0.0	0.0	0.0	0.0	0.0	9.744400821479061	0.0	28.459838355261258	0.0	21.986145086912746	0.0	0.0	0.0	0.0
GSM4138115_HNSCC_3_TIL_GTCATTTGTATGGTTC	107.76184425953186	100.06760141249873	23.92555555336048	188.75425877737197	0.0	0.0	37.57290950844201	0.0	0.0	0.0	0.0	13.156442862315448	50.91963671026575	10.024213233033402	0.0	0.0	0.0	0.0	0.0
GSM4138115_HNSCC_3_TIL_CAGATCACAGACGCAA	167.93979650663925	99.43721838241541	48.215138004219305	0.0	0.0	0.0	50.1340341435162	27.3016195334514	170.32455743695039	0.0	15.000551002008187	0.0	49.997018921600464	12.506626155567742	0.0	0.0	0.0	0.0	0.0
GSM4138115_HNSCC_3_TIL_AAACCTGAGCGATAGC	58.776219037224216	44.830413386061956	46.50653257710754	69.12965218696448	0.0	0.0	50.86327733604112	0.0	0.0	0.0	0.8644472770830142	43.454471543798455	5.263468984990078	9.771142251828433	0.0	0.0	0.0	0.0	0.0
GSM4138115_HNSCC_3_TIL_AGAGTGGAGGCGTACA	86.5375086166147	118.44306474155378	58.76881279454048	155.18161391795306	0.0	0.0	28.32307128390888	44.75634843177695	0.0	41.47526225180574	9.472142391173449	0.0	22.840019313696548	14.245769576682894	0.0	0.0	0.0	0.0	0.0
GSM4138115_HNSCC_3_TIL_ATTACTCGTAAATGAC	153.0410610412258	133.3901504415732	66.51177318491386	0.0	0.0	47.039615524056686	0.0	75.53619479582463	56.32064839575684	35.12382067445503	6.976440840997658	0.0	34.19289931449179	1.5872935193182585	0.0	1.4776518425134946	0.0	0.0	0.0
GSM4138115_HNSCC_3_TIL_CCATGTCCAATGGATA	32.2057449820768	31.340074228831007	112.77307795428315	90.90214656705118	148.97772051136945	0.0	0.0	29.223758892073544	0.0	0.0	18.01368260572495	0.0	14.582941778599965	0.0	21.02903408157957	0.0	0.0	0.0	0.0
GSM4138115_HNSCC_3_TIL_CGTTAGATCGCAAGCC	97.39991959695534	105.04939680699121	58.831632714131345	173.91190157455773	117.68026900643586	0.0	0.0	17.063186090973968	91.13369867238382	0.0	38.8223120060006	0.0	8.065235448920566	0.0	0.0	0.0	0.0	0.0	0.0
GSM4138115_HNSCC_3_TIL_GTTCATTTCGCACTCT	197.5817540921351	99.13294236289306	111.93583729417423	0.0	92.39710213150728	122.42692538971141	44.233826962851374	0.0	0.0	0.0	9.419774054755425	35.566688534748415	0.0	0.0	0.0	0.0	23.159599980287613	0.0	0.0
GSM4138115_HNSCC_3_TIL_ACTGATGTCCACGTTC	100.4508494778047	49.77490967062633	60.53487976318038	72.22928566443926	130.8675284072117	0.0	0.0	39.82450704232117	51.690658723885235	0.0	56.480849781251116	0.0	15.26596227716633	19.929088407699005	0.0	0.0	0.0	0.0	0.0
GSM4138115_HNSCC_3_TIL_CGGCTAGAGCGTTGCC	94.0599376328873	68.35155755130009	51.93301363164544	0.0	105.89208974013951	119.68324818291866	0.0	0.0	0.0	0.0	0.0	0.0	0.0	6.7766301433136515	0.0	0.0	9.553365631783144	18.517312863689938	0.0
GSM4138115_HNSCC_3_TIL_GACTACAGTGCGATAG	64.05423635276476	80.86298506468385	81.48435366363721	0.0	0.0	120.0485462143848	44.32870444438732	111.56682605385757	0.0	0.0	19.706460880677405	0.0	0.0	0.0	5.6349758384459046	0.0	11.862732405694963	0.0	0.0
GSM4138115_HNSCC_3_TIL_AACTTTCTCCCTCAGT	207.51806169392384	134.53252566564055	125.81037013396764	265.6639222113497	228.88854099604148	0.0	0.0	97.89629944300036	0.0	0.0	25.81712828532455	0.0	17.884249336271342	16.285438011582542	0.0	0.0	0.0	0.0	0.0
GSM4138115_HNSCC_3_TIL_ACGGGCTTCACCTTAT	139.77539711602586	103.98534903566329	63.833628795781934	180.85680356397208	86.86358881157904	0.0	0.0	56.82065648467556	0.0	0.0	14.419059375066992	0.0	44.532956058813156	9.179937480607434	0.0	0.0	0.0	0.0	0.0
GSM4138115_HNSCC_3_TIL_ATTATCCGTGCCTGCA	193.31038698249426	95.24810048513666	161.81816665560467	179.28910280369092	234.55608907905147	0.0	0.0	80.88022560073803	0.0	0.0	15.499530960555266	0.0	28.431952005905565	0.0	13.29768069602425	0.0	0.0	0.0	0.0
GSM4138115_HNSCC_3_TIL_CCTCAGTAGCGTGTCC	144.750497891632	148.07435355662776	82.56810547261878	86.8100282168783	119.76468107143033	0.0	0.0	47.743745758988325	30.06239900103835	0.0	34.57707775052738	0.0	23.746824218638874	0.0	5.8533338492700295	0.0	0.0	0.0	0.0
GSM4138115_HNSCC_3_TIL_CGCCAAGCACGAAACG	119.91161281362947	103.03077854519468	135.2850053172075	139.458374476537	194.288731015727	0.0	0.0	0.0	0.0	0.0	16.9136032440059	42.62535624216861	10.964244760941218	29.651260469143043	0.0	0.0	0.0	0.0	0.0
GSM4138115_HNSCC_3_TIL_CGCTATCAGCCAGGAT	122.80666890922406	154.7914222757344	58.28799433748412	154.10178382564902	192.09263324637573	0.0	0.0	0.0	0.0	0.0	14.431068272398925	126.12054304149942	24.082542829461758	11.703662678143795	0.0	0.0	0.0	0.0	0.0
GSM4138115_HNSCC_3_TIL_CGTGAGCAGAACTCGG	139.49612064418434	101.03879166562994	92.1101481998837	145.55226804911814	108.93852175224696	0.0	0.0	45.640834196792156	0.0	0.0	20.585128458478287	48.50236552119001	2.230118207157789	12.331032747988287	0.0	0.0	0.0	0.0	0.0
GSM4138115_HNSCC_3_TIL_CTCGTACCAAACCCAT	177.53148662764625	103.10863408309817	93.30558399632032	119.83614711968426	175.7820581635734	0.0	0.0	61.27879098130156	0.0	0.0	24.264144323948454	0.0	11.09751724467333	29.975353858388814	0.0	0.0	0.0	0.0	0.0
GSM4138115_HNSCC_3_TIL_GATCTAGTCATGCATG	352.11233945387966	303.90706631040723	257.5490176479601	0.0	0.0	0.0	0.0	0.0	260.2760627864737	538.7508791747179	52.37774771366858	0.0	59.41624374622444	0.0	38.384483877898255	151.31890672071717	0.0	0.0	0.0
GSM4138115_HNSCC_3_TIL_GCATGATAGCAGCGTA	145.6323981897272	43.06387922738248	42.244280722162635	2.6708384012966824	119.91226444675911	23.932933293698035	0.0	0.0	0.0	0.0	0.0	24.998611286604113	0.0	0.0	17.179281622973456	0.0	9.364602009247655	0.0	0.0
GSM4138115_HNSCC_3_TIL_GCATGCGCAAGTCTAC	47.102915477039716	45.027554464120854	77.43554278268086	83.36130176906492	134.5892494802212	0.0	0.0	0.0	0.0	0.0	0.1117606144011926	48.205234428260404	0.0	7.744412100012943	0.0	0.0	5.978341058723836	0.0	0.0
GSM4138115_HNSCC_3_TIL_GTAACTGCAGGTCCAC	118.6402507196035	91.98229796482651	87.3523577642276	226.5185271381854	206.12465041707648	0.0	0.0	0.0	0.0	0.0	11.613098300358327	125.53607610166229	0.0	0.0	21.95985871463946	0.0	13.89690061728854	0.0	0.0
GSM4138115_HNSCC_3_TIL_GTACTTTTCTCATTCA	65.34533333640691	105.78726842222527	66.1703261784617	0.0	155.06500112387548	124.22641295138705	0.0	121.78613406730875	0.0	0.0	76.86912813870953	0.0	0.0	0.0	16.970252351802333	0.0	20.03434874975742	0.0	0.0
GSM4138115_HNSCC_3_TIL_GTGCAGCAGTGCCATT	67.95943373370575	83.74951235261858	96.27173748670467	189.77996050099168	116.49301186001756	0.0	0.0	0.0	0.0	0.0	22.662688470271487	65.19477108539961	34.08538368786539	11.699335174337325	0.0	0.0	0.0	0.0	0.0
GSM4138115_HNSCC_3_TIL_GTTCGGGCAAACGCGA	123.4359905365928	90.64571014073188	47.23108108131774	153.04590573758512	151.26048268843445	0.0	0.0	0.0	0.0	0.0	38.22896314075556	99.56314178482037	6.633947323383351	0.0	27.847050400210808	0.0	0.0	0.0	0.0
GSM4138115_HNSCC_3_TIL_TCTCTAATCGGTCTAA	87.49525965267672	94.22590577537426	110.5646073461972	112.60285118131205	163.32222531913337	0.0	0.0	0.0	0.0	0.0	12.519277584128544	106.03719508211664	65.59580325297264	6.303287475809267	0.0	0.0	0.0	0.0	0.0
GSM4138115_HNSCC_3_TIL_TGCCAAAAGGATCGCA	145.6481349384144	58.99150883496964	82.6570725793197	188.2204273474298	119.71009767440822	0.0	0.0	0.0	0.0	0.0	11.347917179375747	72.18297766218816	19.706072372943147	19.60614059619339	7.249537917745464	0.0	0.0	0.0	0.0
GSM4138115_HNSCC_3_TIL_TGTGGTATCAACGCTA	76.84865423417035	83.2700385396627	101.41666299844721	155.05777200044517	184.126834455558	0.0	0.0	79.26472080088591	0.0	0.0	42.224997030109925	0.0	41.4994996364728	15.068132841285685	0.0	0.0	0.0	0.0	0.0
GSM4138115_HNSCC_3_TIL_TTGGAACTCTTGAGGT	94.25882358459369	71.84672475631129	86.19155764132285	118.8254619406671	118.02774936804788	0.0	0.0	0.0	0.0	0.0	17.768353649505965	94.91236242874832	0.0	0.0	27.701633549316988	0.0	0.0	0.0	0.0
GSM4138115_HNSCC_3_TIL_ACGTCAATCCGATATG	89.0368088320864	31.239726985923035	78.73321650800666	66.20975816083353	0.0	0.0	31.347928810408607	58.446018154921916	71.63533327875311	0.0	20.06701350679203	0.0	18.605201139693623	9.902906086123837	0.0	0.0	0.0	0.0	0.0
GSM4138115_HNSCC_3_TIL_AACCGCGAGACTAGAT	104.89701509418255	154.53482662072372	81.15297080529079	0.0	228.77809369500554	233.63393962000717	0.0	82.42799832643004	0.0	0.0	22.864663564466483	0.0	20.19298348759259	0.0	15.651021308072089	0.0	0.0	0.0	0.0
GSM4138115_HNSCC_3_TIL_AACTCCCAGACTTTCG	153.6797208726683	171.3046462445632	99.98815267897633	0.0	230.17848354561434	208.84409812837595	0.0	1.6000948487094386	0.0	0.0	26.881970629622487	0.0	0.0	0.0	23.427503006337332	65.57710727991508	31.874411212950697	0.0	0.0
GSM4138115_HNSCC_3_TIL_ACTTGTTTCAGCTGGC	217.870213359531	80.90911369367615	143.86820144148393	78.66312239868967	0.0	70.09352433733345	255.72686417575906	157.28886155178267	0.0	0.0	20.02872734598432	0.0	17.970963970892505	0.0	11.153828818988755	0.0	0.0	0.0	0.0
GSM4138115_HNSCC_3_TIL_AGTGAGGGTTGGTAAA	95.51200040116568	120.24081373739664	79.722143821864	9.55309409818983	121.88982966169455	127.40073371733277	0.0	26.341074029356353	0.0	0.0	20.430480230022255	0.0	7.413987901084105	0.0	20.009795569304334	0.0	0.0	0.0	0.0
GSM4138115_HNSCC_3_TIL_ATCCGAACATACTCTT	127.78770650866771	114.61278336929625	55.74197861640112	0.0	78.24021826145788	106.44960318034593	26.49351472860717	0.0	0.0	0.08293907098899743	5.553950533358412	0.0	1.7514135481899942	0.0	21.528023195316084	0.0	6.870531046948305	89.7750600308596	0.0
GSM4138115_HNSCC_3_TIL_ATCGAGTGTACGAAAT	43.51953009966407	42.121256466470896	103.33011110072944	0.0	46.0550769232292	63.14584902081657	0.0	65.03568677534689	0.0	25.094897893504378	23.17395038264961	0.0	37.724835609072294	0.0	0.0	0.0	0.0	0.0	0.0
GSM4138115_HNSCC_3_TIL_ATGTGTGGTTACCAGT	64.53912599328275	108.02514310552937	64.03276330681129	0.0	109.89162727265031	21.3766357761688	0.0	25.749986255575585	0.0	0.0	0.0	0.0	0.0	0.0	13.30458136051665	0.0	14.76426411213758	0.0	0.0
GSM4138115_HNSCC_3_TIL_CAAGATCGTCGAATCT	44.72572417341569	20.0405157256107	41.50544443541524	0.0	0.0	70.93245978284413	47.900941495562115	0.0	0.0	0.0	0.0	55.3137181098476	8.630170319076717	0.0	1.931230409523814	0.0	0.0	0.0	0.0
GSM4138115_HNSCC_3_TIL_CATGACAGTCCGTGAC	183.21075632610342	68.87124007956895	43.012044138928395	0.0	0.0	94.30904928860015	0.0	89.8814557289652	0.0	151.68370623829745	23.80930455928903	0.0	8.207043674845284	2.0769720435394925	8.647607264878632	0.0	0.0	0.0	0.0
GSM4138115_HNSCC_3_TIL_CCACTACAGACAAAGG	105.18130398407472	73.16997191080385	88.29380755016342	0.0	0.0	73.06419264060102	0.0	48.911575272682526	31.439126232606416	107.21365631649137	8.23280750987144	0.0	0.0	11.483403353363476	0.0	79.5664981838842	11.557718316328858	0.0	0.0
GSM4138115_HNSCC_3_TIL_CCTATTAAGAGTACCG	106.73589083126515	111.87345044098349	86.54372290010029	195.11762938733696	0.0	0.0	145.90790757324746	78.57500448046943	0.0	0.0	0.0	0.0	27.31929612047278	25.172614289405598	0.0	0.0	0.0	0.0	0.0
GSM4138115_HNSCC_3_TIL_CCTTACGGTTCAGACT	104.54670781724529	81.4035216266543	115.90151113123673	0.0	59.43570011790493	74.10331273504224	0.0	0.0	0.0	33.33730862631798	29.757334008956224	64.53716197609862	0.0	0.0	0.0	79.09184005759424	24.572067939617074	0.0	0.0
GSM4138115_HNSCC_3_TIL_CCTTCCCGTGTGTGCC	144.29175431858422	97.05806354016404	91.00889547014222	153.5033320729261	10.090452815708064	0.0	0.0	72.30217118522387	52.344876355545644	263.2197559040998	42.98649605853398	0.0	16.14158654672663	0.0	11.421093203575813	0.0	0.0	0.0	0.0
GSM4138115_HNSCC_3_TIL_CGAGCACGTTCCACAA	82.39853793318244	115.45072463059687	95.70547178430967	0.0	0.0	0.0	0.0	30.38359967130648	173.21266351936723	307.019686084515	29.086702540635773	0.0	0.0	0.0	34.341256892243884	110.1068054773788	54.15646741252756	0.0	0.0
GSM4138115_HNSCC_3_TIL_CGGACTGAGCCCGAAA	219.65112813933735	88.42469276879642	54.25335919017826	223.07446984704734	0.0	0.0	137.25042960704192	37.5373562927179	0.0	0.0	26.090093822430067	0.0	35.59221446635088	12.703788431812859	0.0	0.0	0.0	0.0	0.0
GSM4138115_HNSCC_3_TIL_CTAGCCTGTCGGGTCT	26.484110223653033	43.48124151526797	46.962795919996616	80.74805620868733	0.0	0.0	350.0853073605435	0.0	0.0	0.0	33.74762148895257	59.873786167707514	0.0	0.0	27.374537310000544	0.0	5.766252434781546	0.0	0.0
GSM4138115_HNSCC_3_TIL_CTGCCTACATGCATGT	274.0004707500031	128.81045652858668	163.9100529686325	279.33762700304146	0.0	0.0	169.92148554738452	165.40046323344322	121.44053488685293	17.219057818875527	23.558600371630504	0.0	16.98188255781518	40.41569862909855	0.0	0.0	0.0	0.0	0.0
GSM4138115_HNSCC_3_TIL_GACCTGGTCGTCCGTT	118.47307305306832	127.44753921547834	156.3808034216678	0.0	0.0	78.45127882061759	0.0	0.0	0.0	87.24398500087074	3.9141277766549294	0.0	12.38071851115792	0.0	47.027186485019314	0.0	0.0	115.45365077490209	0.0
GSM4138115_HNSCC_3_TIL_GCACTCTCACGTTGGC	203.41493339708504	115.58140464710911	133.09268330843602	301.5056941573695	38.531558834307035	0.0	200.64928407016146	0.0	131.4405374488311	0.0	30.74662287914742	67.99371901571035	52.01226762824152	27.729927373096828	0.0	0.0	0.0	0.0	0.0
GSM4138115_HNSCC_3_TIL_GCTTGAATCAACGGCC	49.08644294913016	158.12417946985533	122.40542573130335	0.0	38.91394757980735	136.66360777949006	41.894847575384134	117.18268980682541	0.0	53.105901294934824	3.815455544890158	0.0	0.0	0.0	30.107196592352352	17.392365628085653	7.439837517655258	0.0	0.0
GSM4138115_HNSCC_3_TIL_GTCACAAGTTGGAGGT	41.58354364040524	69.72177462490492	31.698604801695588	107.99678511001451	13.05592057713011	0.0	84.77379391872104	36.0687348834364	0.0	0.0	0.0	0.0	0.0	0.0	11.717921954542327	0.0	0.0	0.0	0.0
GSM4138115_HNSCC_3_TIL_TCAGCAAGTGGCAAAC	133.0770051831509	39.545100946293275	167.79094243460995	4.900492547338114	153.091885104258	178.25552721234789	0.0	73.24475035093214	0.0	0.0	32.211988269647655	0.0	10.301644965474372	20.606901765679186	0.0	0.0	0.0	0.0	0.0
GSM4138115_HNSCC_3_TIL_TCAGCAATCAGTTAGC	326.3069735388491	142.6282844782196	170.39477988536655	311.1757290608515	30.10740710675467	0.0	358.76836415691366	0.0	0.0	0.0	34.40655749438055	130.14319345002383	60.89202483852246	51.13627003983316	0.0	0.0	0.0	0.0	0.0
GSM4138115_HNSCC_3_TIL_TCTTTCCCAGACAAGC	107.08318186109082	70.32598627328488	52.13014765991143	0.0	0.0	103.3982069052136	111.7617651892084	0.7656067070308861	0.0	0.0	25.972334075187746	26.242954442537197	19.131182365875972	20.17616739276552	0.0	0.0	0.0	0.0	0.0
GSM4138115_HNSCC_3_TIL_TGGCGCATCGAACTGT	49.22223695234863	64.13300198108797	113.09495415498336	43.293194921483376	0.0	79.03127069770376	17.806579639175794	0.0	0.0	48.14870884586282	1.9218263822100554	24.733843914333487	0.0	0.0	5.737681164637918	0.0	19.789628369683317	0.0	0.0
GSM4138115_HNSCC_3_TIL_AACCATGGTAAATGAC	256.77131787979096	253.32383700403668	114.32149459121298	0.0	0.0	379.24132963372944	355.816724738846	0.0	0.0	0.0	6.952717891000346	0.0	0.0	0.0	44.85033131210826	130.79138493899626	14.950048084997784	0.0	0.0
GSM4138115_HNSCC_3_TIL_AACCGCGAGAAACCAT	115.36968828017926	116.79872007646169	101.59532759769179	0.0	182.22421524712118	121.52560388533789	0.0	31.747566450708785	0.0	0.0	18.105626501085023	0.0	0.0	0.0	0.0	50.08444018433198	12.098545401955926	0.0	0.0
GSM4138115_HNSCC_3_TIL_AAGCCGCGTACGCACC	129.05474208795954	96.9976479500518	322.37798311467793	257.3393957391918	0.0	0.0	154.26787485712507	145.74339577344355	0.0	176.02920860487856	12.877612713199177	0.0	36.95465292817608	0.0	20.831612752040634	0.0	0.0	0.0	0.0
GSM4138115_HNSCC_3_TIL_ACATCAGAGGCTAGGT	133.9721427067188	108.10017397412547	177.2478416347097	0.0	0.0	157.24823604580416	14.21460280284066	96.04277012115068	0.0	137.52408804021982	24.42481759083517	0.0	0.0	0.0	37.139735906811495	33.350650139955974	11.865340212946542	0.0	0.0
GSM4138115_HNSCC_3_TIL_ACCTTTATCACCTTAT	193.63888325232077	98.94644386674976	53.767517246258	0.0	141.45425746806154	262.4516985000539	0.0	17.79643480415194	0.0	0.0	12.636439932382542	0.0	25.286500678608757	15.840312496871235	6.013891703710948	28.705607819187332	0.0	0.0	0.0
GSM4138115_HNSCC_3_TIL_ACGATGTTCCCACTTG	292.68134009476745	149.91567352176665	64.49533515571517	207.69594157403094	114.30628353452131	0.0	0.0	50.866436052437386	91.80748423008399	0.0	9.86573229095516	0.0	71.08870916448959	0.0	35.978126075941326	0.0	0.0	0.0	0.0
GSM4138115_HNSCC_3_TIL_ATTGGACCACCTCGGA	219.60607352198252	105.02653754057377	94.04673030800816	241.18386570072326	114.65650855106102	0.0	16.98759519182975	48.77290161960175	0.0	0.0	33.63200235442985	0.0	17.876794665664065	0.0	25.828458690835	0.0	0.0	0.0	0.0
GSM4138115_HNSCC_3_TIL_ATTTCTGTCCTCAACC	82.67515305111424	95.82190302491826	65.3584674388322	0.0	58.28182757440343	246.26764124075595	30.14249315614156	0.0	0.0	46.65405268140414	0.0	0.0	0.0	0.0	14.030427693154964	22.756508745234154	16.485772817526158	0.0	0.0
GSM4138115_HNSCC_3_TIL_CACACTCTCCGCAAGC	126.01981791925218	92.69549049461371	54.999628445790876	0.0	175.70134830875298	108.15985871900688	0.0	56.677019068609724	0.0	22.385407937791943	14.32088742071814	0.0	0.0	5.620659904731549	0.0	0.0	2.6595540646681286	0.0	0.0
GSM4138115_HNSCC_3_TIL_CCTTACGTCTTGTCAT	181.8416038054628	126.0741814498743	56.74283410310991	0.0	0.0	89.42047525504756	0.0	0.0	0.0	33.654430431747784	7.368016262506933	0.0	0.0	0.0	6.937235848562677	0.0	11.946512518421386	88.85978480081869	0.0
GSM4138115_HNSCC_3_TIL_CTAAGACCACGAAGCA	63.71330665484649	55.424026070583736	50.585133593364965	0.0	174.5854132244044	143.0946979400255	0.0	0.0	0.0	0.0	8.564389080234358	75.1192441630433	0.0	0.0	0.3340987248530994	0.0	3.4392799611456537	0.0	0.0
GSM4138115_HNSCC_3_TIL_CTAGCCTCATGGTCAT	284.25566195154937	196.79862397637575	165.04711094671734	0.0	0.0	315.6229540858342	0.0	159.16673938576366	0.0	249.43084904550847	13.690151271025012	0.0	39.61478622286961	69.78143153954488	0.0	0.0	0.0	0.0	0.0
GSM4138115_HNSCC_3_TIL_CTGGTCTTCTGGGCCA	242.9491798444771	114.8522865391891	192.65581494964238	289.74866223700957	76.9369537973775	0.0	141.58322927245948	123.63220393687288	0.0	0.0	11.90728845771494	0.0	81.61200662394006	0.0	71.12807683085786	0.0	0.0	0.0	0.0
GSM4138115_HNSCC_3_TIL_GACTGCGCAGCCTATA	124.52801236492695	67.90686841329361	25.517068557165775	33.535051461146786	0.0	23.17996745654368	0.0	66.23966179739784	34.12462955721243	56.338216714888596	12.666243566146008	0.0	23.330808797104734	0.0	13.309341009584	0.0	0.0	0.0	0.0
GSM4138115_HNSCC_3_TIL_GCATGCGGTCAGCTAT	130.25819628271074	111.0103840271438	119.39992835217635	0.0	0.0	99.93176240868117	82.6005914727007	0.0	0.0	33.76733463037264	6.87822729309885	0.0	0.0	0.0	17.04197450953153	32.71829622481157	2.8344264270694044	0.0	0.0
GSM4138115_HNSCC_3_TIL_GCATGTATCACAAACC	249.14339637748736	171.74790413520657	230.70627821536897	0.0	84.28505452433589	316.2400508522976	0.0	0.0	0.0	176.81821955354397	31.727286596768742	0.0	0.0	0.0	40.20554489941118	223.74033538888878	49.26983750265034	0.0	0.0
GSM4138115_HNSCC_3_TIL_GCGACCAAGCTGATAA	0.0	0.0	0.0	3550.7346144561952	0.0	883.0504158603638	0.0	0.0	0.0	0.0	0.0	0.0	0.0	0.0	0.0	0.0	0.0	0.0	0.0
GSM4138115_HNSCC_3_TIL_GGAAAGCCATGCAACT	147.71854425329678	133.3910967950338	235.70905921069598	0.0	133.18557864683262	223.5676743556473	74.8715590602827	0.0	0.0	0.0	10.865043878531264	139.05201030838703	0.0	0.0	33.52926578047113	0.0	19.76997985397984	0.0	0.0
GSM4138115_HNSCC_3_TIL_GTCTCGTAGGAGTCTG	168.53725941221774	275.0114149051217	76.28010809421542	0.0	41.884533075302144	224.9889250716857	8.053437387476116	0.0	0.0	171.5117712175223	66.56702863831721	0.0	0.0	21.24076963399907	0.0	0.0	16.317874275810116	106.64110381149881	0.0
GSM4138115_HNSCC_3_TIL_GTCTCGTCAATGTTGC	232.02016248863802	187.3784605007315	104.80248840640648	205.67452208612787	0.0	0.0	105.462643630504	74.53106609229565	0.0	30.239044950247415	40.104253131933106	0.0	29.623561467451445	23.81063313819253	0.0	0.0	0.0	0.0	0.0
GSM4138115_HNSCC_3_TIL_TAAGTGCCATTGGGCC	259.1996027295048	114.96439728249204	332.7017826025459	0.0	0.0	265.9796101979651	0.0	0.0	0.0	201.70062279604497	6.798113675766931	0.0	0.0	0.0	13.664281710154528	55.766117215961685	4.301986351917704	0.0	0.0
GSM4138115_HNSCC_3_TIL_TACACGATCACCATAG	369.7565231534778	235.42002630660508	285.5613067950071	447.47013077901363	492.10302510505926	37.86365467257646	0.0	149.69689273905442	0.0	0.0	46.52641080537325	0.0	48.255294715570066	0.0	49.06822826217269	0.0	0.0	0.0	0.0
GSM4138115_HNSCC_3_TIL_TCCACACCATTCTTAC	167.7162500289467	203.78889485843703	135.01309320394367	186.2274678806256	161.680236456091	0.0	0.0	32.14644488286866	178.94753462777092	0.0	36.519500973315644	0.0	54.117040506200006	13.451955306985553	0.0	0.0	0.0	0.0	0.0
GSM4138115_HNSCC_3_TIL_TCTTCGGTCCGAGCCA	100.40764863379634	5.761414812248876	218.15519784036985	0.0	0.0	79.9636755193295	242.9324774472086	0.0	0.0	0.0	29.618519581928414	355.7510442512908	0.0	0.0	0.0	0.0	24.063592741078825	0.0	0.0
GSM4138115_HNSCC_3_TIL_TCTTTCCTCGCCATAA	33.75117952107423	35.80110933335095	34.08774392335156	0.0	0.0	67.3896198362617	67.54517743580928	0.0	0.0	0.0	0.0	50.54257368013266	4.245629371672562	0.0	5.141778361015389	0.0	0.0	0.0	0.0
GSM4138115_HNSCC_3_TIL_TTGGCAATCGAACTGT	132.42417365183806	143.83022013069856	229.22316226968348	0.0	283.58224878613873	297.4604406925054	0.0	0.0	0.0	0.0	63.276259084408956	0.0	0.0	0.0	28.180524844356203	228.71046224131524	30.586132956269136	0.0	0.0
GSM4138115_HNSCC_3_TIL_AGCAGCCAGAGGGCTT	13.872523782062325	34.69938466756953	149.81667839243963	0.0	118.91069928981271	105.21319434703764	0.0	0.0	0.0	0.0	16.95677580325586	94.3311238676148	0.0	0.0	1.1275596488391926	0.0	12.123459579070628	0.0	0.0
GSM4138115_HNSCC_3_TIL_CCGTACTAGAAACCGC	160.21181086521693	130.47297607385332	263.00670791946897	271.89815471908736	131.87373175533025	0.0	0.0	0.0	0.0	0.0	43.01166212787046	55.840832046663024	0.0	0.0	15.965153720863599	0.0	13.614264767238373	0.0	0.0
GSM4138115_HNSCC_3_TIL_ACGCCAGGTTTGTGTG	125.8015974844761	70.66934461193199	63.32094511614531	0.0	0.0	208.53770149558932	158.10990761933667	0.0	0.0	0.0	13.239784501071375	31.69636597417185	18.789477591347516	0.0	18.63115876089995	0.0	0.0	0.0	0.0
GSM4138115_HNSCC_3_TIL_ATGTGTGCAAGCGTAG	150.0379310370424	135.62990519038755	74.91544773454402	0.0	39.61145406326765	0.0	0.0	36.166272745858144	343.8999249258354	42.75657606853702	18.002271906104536	0.0	44.98552312414857	7.336430622423162	9.449615971403018	0.0	0.0	0.0	0.0
GSM4138115_HNSCC_3_TIL_CAGCGACAGGTCATCT	194.30883483609776	257.4335690505405	192.94991210873695	101.00537821950115	0.0	214.73736920414453	227.7123067276661	116.8659875990652	0.0	0.0	45.59406691614219	0.0	39.596378741923346	60.23386194323658	0.0	0.0	0.0	0.0	0.0
GSM4138115_HNSCC_3_TIL_CATCGGGTCTACGAGT	32.04197579367274	140.65818774131472	69.92040202419108	0.0	0.6541707542633967	126.79652366050456	198.62215620935686	65.40995270299504	0.0	7.578781135078299	14.088154008669791	0.0	4.803830643627924	0.0	18.485357220609153	13.915895269630683	0.0	0.0	0.0
GSM4138115_HNSCC_3_TIL_CTCGGGAGTGACCAAG	92.5762729682167	84.28090777426792	81.40964694862842	0.0	85.01524879465718	85.64931541652538	35.67449888298255	40.02755778677426	0.0	0.0	12.983713545471115	0.0	0.0	0.0	5.2939595158995925	0.0	4.4140056154699625	0.0	0.0
GSM4138115_HNSCC_3_TIL_TATTACCCAGGACGTA	29.75643220134425	140.39171091891345	138.40256090323086	81.68724292859773	6.066805755089695	0.0	0.0	39.07437766251707	4.679823229179273	103.9641896765129	0.0	0.0	0.0	6.239133434899429	0.0	27.175063627018584	13.322238920691975	0.0	0.0
GSM4138115_HNSCC_3_TIL_TCTGGAAGTCCGACGT	34.08368980283196	65.86443243040424	111.11333089517491	0.0	0.0	80.54168952376632	73.9656692019017	0.0	0.0	0.0	55.79054446200508	31.549280053451064	0.0	0.0	30.73200772257313	0.0	6.267647383216566	0.0	0.0
GSM4138115_HNSCC_3_TIL_TTGCGTCGTTCCACAA	116.94670937859033	63.279078502030295	57.26305468875601	46.315474938907535	0.0	127.75145593151657	108.65742695658265	36.03191719063948	0.0	0.0	9.08965078491748	29.650745141274506	0.0	0.0	2.4486594939517485	0.0	6.600753484971255	0.0	0.0
GSM4138115_HNSCC_3_TIL_GATTCAGAGGCATTGG	33.58035327854232	121.20359535807748	102.54482451793733	0.0	56.380975934072964	162.42622909984365	0.0	0.0	0.0	8.085023072568086	0.0	0.0	0.0	0.0	2.998584564658662	114.00805097339592	2.759858303488287	0.0	0.0
GSM4138115_HNSCC_3_TIL_AGAGCTTTCGCGTTTC	118.75053580855838	372.9656194557954	116.72545343349992	167.80553835129706	197.35026990793895	0.0	0.0	0.0	0.0	0.0	5.51096513104001	9.52873343394686	12.40761299202922	0.0	1.0555222318649713	0.0	0.0	0.0	0.0
GSM4138115_HNSCC_3_TIL_CACACTCTCAACGGCC	213.34254464978736	425.25015861672944	151.72441392543018	94.6339967275369	0.0	0.0	155.60263771547292	0.0	61.61877276158783	0.0	9.63037998932589	0.0	0.0	2.836220032506003	0.0	99.33296697714567	22.5782828384523	0.0	0.0
GSM4138115_HNSCC_3_TIL_CACAGGCAGTAGCCGA	90.77632104864941	275.28694522370125	186.10438854922216	54.99884347887264	0.0	0.0	160.49996057339888	0.0	55.40799843822117	0.0	7.813540120481459	79.38902526069094	0.0	0.0	5.06377727739705	0.0	4.172639928917983	0.0	0.0
GSM4138115_HNSCC_3_TIL_CAGCCGAAGCTCTCGG	218.6643107595705	545.3923692270131	249.09486324297964	0.0	0.0	220.19667663349648	268.50322712271185	0.0	0.0	0.0	60.86146130970684	56.0083260229879	84.63890628146798	33.08576805757924	0.0	0.0	0.0	0.0	0.0
GSM4138115_HNSCC_3_TIL_CATATGGGTTGAGGTG	58.17892791766577	194.03931225302847	21.531291004546297	0.0	79.1049724816998	116.8653555382428	0.0	0.0	4.421093998620374	0.0	27.07454861268881	0.0	4.478078319533865	0.0	5.104566598199088	18.354707188357683	0.0	0.0	0.0
GSM4138115_HNSCC_3_TIL_CCTTCGACATGTTCCC	160.6413992411953	459.8007459753978	157.20391246156046	236.24131724980694	196.01237661137657	0.0	0.0	0.0	0.0	0.0	4.126056481300034	80.9714745992838	11.293943302883813	0.0	1.5718176795001193	0.0	0.0	0.0	0.0
GSM4138115_HNSCC_3_TIL_CGTGAGCTCGATAGAA	12.618562869933289	32.35532015804922	14.417919563030301	10.163964040678398	0.0	0.0	33.02794897081231	0.0	0.0	0.0	0.0	3.685297509370808	0.0	1.5585733153474268	0.0	0.0	0.0	0.0	0.0
GSM4138115_HNSCC_3_TIL_CTCGGGAGTTGCCTCT	72.17317814130807	305.2826834791447	48.617509408772825	0.0	0.0	0.0	35.43807819358876	0.0	47.54524528294729	5.299374553288885	12.091267698935894	0.0	0.0	0.0	0.0	27.444472814403593	6.144101378111084	0.0	0.0
GSM4138115_HNSCC_3_TIL_CTGATCCGTTCACGGC	148.21867041236652	481.045966365873	213.67435594509732	183.46607655027452	278.5526563260159	0.0	0.0	0.0	0.0	0.0	26.8771151245571	17.27254888306436	0.0	20.710725298731887	0.0	190.57900176577314	0.0	0.0	0.0
GSM4138115_HNSCC_3_TIL_CTTACCGGTTCGCGAC	149.94808270308192	555.6123691143964	158.87251068970463	201.599689012656	0.0	0.0	163.18452992254322	0.0	0.0	0.0	28.09677208587926	0.0	33.17178303931193	0.0	21.042360351338104	76.65186597888962	0.0	0.0	0.0
GSM4138115_HNSCC_3_TIL_GACTACACATCTCGCT	134.5319043045201	366.91645353400367	177.64292149652567	196.7919722796603	194.6715696725693	0.0	0.0	0.0	0.0	0.0	31.759732092588617	115.13163991996373	0.0	0.0	17.209039924015457	0.0	23.810906515039303	0.0	0.0
GSM4138115_HNSCC_3_TIL_GTAGTCACATTCACTT	36.86969826457309	85.58947217415015	32.1790918152601	46.50655391111439	0.0	0.0	25.149912959537243	0.0	0.0	0.0	2.7847084716182793	29.273198296998874	0.0	4.863074960731385	0.0	0.0	0.0	0.0	0.0
GSM4138115_HNSCC_3_TIL_GTCTCGTTCGGTTAAC	341.34439740223576	450.86566338064256	274.5450836809318	0.0	0.0	0.0	292.8052298262502	13.958256928856658	212.7331753709087	0.0	70.17705175540858	0.0	45.046315750269834	24.380378757924394	0.0	31.654271135128944	0.0	0.0	0.0
GSM4138115_HNSCC_3_TIL_GTTCATTCACTTAAGC	40.29503869405554	164.24007453407927	97.62173776173847	9.743522802518628	23.621167518739156	0.0	0.0	0.0	0.0	0.0	4.212436493882131	20.52133355959411	0.0	0.0	0.0	0.0	24.082926921267095	0.0	0.0
GSM4138115_HNSCC_3_TIL_TACTCATTCGGAGCAA	0.0	2937.109991370175	0.0	0.0	0.0	0.0	0.0	0.0	0.0	0.0	0.0	0.0	0.0	0.0	0.0	0.0	0.0	0.0	0.0
GSM4138115_HNSCC_3_TIL_TGACTAGGTTAAGTAG	50.91240124195179	37.59307852082122	62.94820895583889	51.97712606573026	74.15891566762498	5.330827478355953	0.0	0.0	0.0	0.0	5.002670328916609	22.28630373331269	0.0	0.0	0.0	0.0	1.4811528397202933	0.0	0.0
GSM4138115_HNSCC_3_TIL_TGTCCCATCTGCTGTC	61.31227808135697	183.57149689286075	50.24968818173925	71.10074366428255	14.820974188378598	0.0	0.0	0.0	0.0	0.0	1.6804504702609722	49.30507972058086	17.9680862357926	2.631209170779986	0.0	0.0	0.0	0.0	0.0
GSM4138115_HNSCC_3_TIL_TGTTCCGTCTGCGTAA	72.1056870325883	281.4828117703525	152.79058797100052	0.0	0.0	95.08133222416541	2.300319448638396	0.0	0.0	158.30836654862551	9.371855981530294	0.0	0.0	22.633317640803664	0.0	33.60956290189003	14.702533660539924	0.0	0.0
GSM4138115_HNSCC_3_TIL_TTTACTGGTCGGCATC	108.40136472007917	451.45399596945964	108.09678251789016	0.0	0.0	0.0	161.5290915213349	0.0	150.1278418196909	0.0	29.06727287537867	138.16278824749307	0.0	0.0	27.621278033166217	0.0	25.68168373486804	0.0	0.0
GSM4138115_HNSCC_3_TIL_ATTATCCTCGGCATCG	96.4247007354377	141.6963362553585	99.72503737247065	0.0	215.58888976131385	77.50302724870149	0.0	0.0	0.0	0.0	24.0123530038189	0.0	0.0	0.0	11.731840701142282	28.55830810676313	12.939604419177948	0.0	0.0
GSM4138115_HNSCC_3_TIL_AGAGCGAAGCAGGCTA	140.97350145201665	124.35306442611643	85.2490899193449	158.78134360442755	94.8017177335594	0.0	0.0	86.90726262837555	0.0	0.0	67.65954440787112	0.0	12.23147355248489	0.0	11.279601123164461	0.0	0.0	0.0	0.0
GSM4138115_HNSCC_3_TIL_ATCCACCGTTGTGGAG	54.627371022904356	46.53600457138297	48.82771399728144	20.83298409294348	38.97923449517258	25.759118152228346	0.0	21.12737896167628	0.0	0.0	1.428458986768572	14.46125151291216	7.702078721717576	13.816020962191077	0.0	0.0	0.0	0.0	0.0
GSM4138115_HNSCC_3_TIL_ACACTGAGTAGCTAAA	0.0	0.0	0.0	0.0	0.0	0.0	0.0	0.0	0.0	0.0	0.0	0.0	0.0	1755.3624211975364	100.92027979458341	0.0	0.0	0.0	0.0
GSM4138115_HNSCC_3_TIL_AGCGGTCAGTGAATTG	80.72984805212394	15.397303283927975	27.67237951759335	97.97047414638575	0.0	0.0	88.46448057468228	0.0	0.0	0.0	59.633883873603615	82.76859411625287	35.80001105474688	0.0	35.74365437520219	0.0	0.0	0.0	0.0
GSM4138115_HNSCC_3_TIL_CCACCTAGTGCAGGTA	43.34036445274193	52.50180088428629	61.650216733893984	0.0	0.0	0.0	0.0	0.0	55.375443195201484	75.08977017507439	110.16018929350498	44.354825708811056	69.5126761710647	0.0	155.723134037962	0.0	0.0	0.0	0.0
GSM4138115_HNSCC_3_TIL_CTCACACCAACTTGAC	34.27167771818829	59.71626192974831	112.6717094492797	0.0	0.0	0.0	127.69187409767194	0.0	108.21927540488491	0.0	96.4723360193514	0.0	0.0	0.0	123.62142919172967	31.88710945851504	98.28614649382091	0.0	0.0
GSM4138115_HNSCC_3_TIL_GACGTGCAGGTGCACA	51.81954598737379	48.65933862774053	81.48493902792859	0.0	0.0	136.69744111907335	96.84208442599723	48.92564296212345	0.0	0.0	258.86165617900286	0.0	0.0	208.68329358436893	0.0	0.0	187.97336451195767	0.0	0.0
GSM4138115_HNSCC_3_TIL_GAGGTGACAGTCAGAG	105.72742792419731	68.29023005770449	54.23352628197749	96.07754115235774	145.4797834436432	0.0	0.0	0.0	0.0	0.0	68.76720948354459	0.0	0.0	0.0	89.71846341288575	57.853466539823366	35.4356269369049	0.0	0.0
GSM4138115_HNSCC_3_TIL_GCAGCCAAGGTGTGGT	45.65377116261037	75.97256381283542	45.67837840068393	130.45748520563356	0.0	0.0	33.527799021439556	0.0	0.0	0.0	93.52487847528009	39.66894057699122	81.3431515952635	60.260559404559224	0.0	0.0	0.0	0.0	0.0
GSM4138115_HNSCC_3_TIL_TACCTTACAAGCTGAG	0.0	0.0	0.0	0.0	0.0	0.0	0.0	0.0	0.0	0.0	1765.519666579838	0.0	0.0	0.0	0.0	0.0	0.0	0.0	0.0
GSM4138115_HNSCC_3_TIL_TCACGAAAGCTACCTA	0.0	0.0	0.0	0.0	0.0	0.0	0.0	0.0	0.0	0.0	0.0	0.0	1662.7417335331154	0.0	0.0	0.0	242.01752935796824	0.0	0.0
GSM4138115_HNSCC_3_TIL_TCGAGGCCAGCGTTCG	120.21263466980298	215.6882139417053	122.97923874128318	181.6252737985473	0.0	7.891323091567533	252.22356187077185	34.8684883324165	0.0	0.0	129.67132462067426	0.0	0.0	0.0	111.98447549523999	77.12059749306383	109.35433620663302	0.0	0.0
GSM4138115_HNSCC_3_TIL_TCGAGGCAGAACAACT	118.4313820894554	49.06239984064476	14.734372060546473	0.0	0.0	41.809892891768726	39.12932227841814	0.0	0.0	2.3869481895697864	5.312730144454878	81.4751187815844	0.0	6.631615422461027	0.0	0.0	12.252498366008524	0.0	0.0
GSM4138115_HNSCC_3_TIL_ACACTGATCAACACTG	136.58486472248399	82.29373750250991	111.94894348723699	0.0	0.0	0.0	0.0	0.0	127.32254626301113	105.0865713803073	28.08183061408843	79.31076660458757	24.035875979385118	0.0	25.87340785706899	0.0	0.0	0.0	0.0
GSM4138115_HNSCC_3_TIL_CAGCATACACGTCAGC	492.088299896597	161.91655005030515	396.79801511976405	322.45427958925205	0.0	0.0	569.6862713329887	302.83455049264444	27.926267878125024	92.23536212393208	0.0	0.0	34.64484186397341	0.0	37.60059995690054	67.42523441627901	0.0	0.0	0.0
GSM4138115_HNSCC_3_TIL_CATATGGAGTACACCT	49.18886536255479	48.641605651861234	105.9255580081614	60.63002037568045	0.0	0.0	67.41702668331739	66.32535491972456	0.0	63.83486426263781	3.0469886453920094	0.0	13.91848957629751	7.222059343170349	0.0	0.0	0.0	0.0	0.0
GSM4138115_HNSCC_3_TIL_CCCTCCTAGGGCTTGA	3734.0748375009566	0.0	0.0	0.0	0.0	0.0	0.0	0.0	0.0	0.0	0.0	0.0	0.0	0.0	0.0	0.0	0.0	0.0	0.0
GSM4138115_HNSCC_3_TIL_CGAATGTCAGATGGGT	266.536512359954	93.29991221178139	93.07760968329082	240.73459512984445	97.75293910657503	0.0	66.98185788916967	113.19773377058912	0.0	0.0	28.118782386607155	0.0	33.735896740743335	0.0	11.900033668516663	0.0	0.0	0.0	0.0
GSM4138115_HNSCC_3_TIL_CGGCTAGCAGCTGGCT	0.0	0.0	3531.283588050849	0.0	0.0	0.0	0.0	0.0	0.0	0.0	0.0	0.0	0.0	0.0	0.0	0.0	0.0	0.0	0.0
GSM4138115_HNSCC_3_TIL_CGTGTCTTCTTCGGTC	194.53444218702023	148.70481930492207	217.67069571046395	0.0	0.0	0.0	44.56746633533724	103.06286669907489	101.09474656970072	165.85072390378653	14.325145983139338	0.0	38.95580750111968	0.0	9.887971635120946	0.0	0.0	0.0	0.0
GSM4138115_HNSCC_3_TIL_CTCGTCAGTCGCATAT	152.79571913871447	136.47427308835043	164.91906777184357	0.0	289.2817079257958	190.81753471309213	0.0	0.0	0.0	0.0	0.578828713738131	116.16907104356419	0.0	0.0	2.053327586048359	0.0	10.635384614277354	0.0	0.0
GSM4138115_HNSCC_3_TIL_GGTGCGTTCTCCTATA	0.0	0.0	0.0	0.0	497.413916446518	0.0	5149.15477677939	0.0	0.0	0.0	0.0	0.0	0.0	0.0	0.0	0.0	0.0	0.0	0.0
GSM4138115_HNSCC_3_TIL_GTTCGGGAGACTACAA	0.0	0.0	0.0	0.0	0.0	0.0	0.0	2955.3677414892654	0.0	0.0	0.0	627.8340535282958	0.0	0.0	0.0	0.0	0.0	0.0	0.0
GSM4138115_HNSCC_3_TIL_GTTCGGGTCACAATGC	525.8801421105599	170.19933701123196	391.3875137896871	231.90589911564925	0.0	0.0	445.4600993033117	223.20964172946773	0.0	0.0	25.613380513256335	58.579303374379734	0.0	5.019487935704643	30.369282621674653	0.0	0.0	0.0	0.0
GSM4138115_HNSCC_3_TIL_TGGCGCAGTTAGTGGG	444.9924848229797	117.01708638938591	189.80783886662002	112.07345851422028	310.4770573447058	0.0	0.0	298.19967969477403	0.0	0.0	0.0	0.0	0.0	0.0	27.1961420995754	0.0	1.3221785528567032	0.0	0.0
GSM4138115_HNSCC_3_TIL_TTTATGCTCACCTCGT	200.2398990284717	178.50888974111	134.20164263049932	263.991381663817	249.99908074283488	0.0	0.0	58.83182546622928	0.0	0.0	36.67654728113695	0.0	40.20369932732733	0.0	19.67856908605795	0.0	0.0	0.0	0.0
