	1	2	3	4	5	6	7	8	9	10	11	12	13	14	15	16	17	18	19	20	21	22	23	24	25	26	27	28	29	30	31	32	33	34	35
GSM4138115_HNSCC_3_TIL_ACCTTTAGTACATCCA	87.90760214110071	45.59400572243713	122.93478595896603	98.99950996882774	85.44719926988928	0.0	99.71539348307344	0.0	19.235668887536587	4.45127890280544	22.71235887919503	0.0	14.796994464825845	0.0	26.393279537673035	20.240197092388954	4.8175484814438	16.120986818053726	0.0	8.489521668811907	0.0	0.0	0.0	19.320830577390343	0.0	13.221873716746806	0.0	0.0	2.80856300018476	4.674211637494469	0.0	0.0	0.0	17.340993611482382	0.0
GSM4138115_HNSCC_3_TIL_CAACCTCCATGCAATC	82.21850883891655	0.0	75.47296335253372	140.13131361199626	42.29876025262315	67.95305615734594	149.46014342433696	0.0	25.37195475776003	0.0	28.549752817693875	0.0	20.974639642514614	0.0	30.902528941496133	5.9484301412616185	11.957648931029652	18.201429423996448	0.0	0.0	0.0	0.0	0.0	9.570649805811255	0.0	48.657841142726845	0.0	0.0	34.33511866302859	0.0	0.0	0.0	0.0	0.0	0.0
GSM4138115_HNSCC_3_TIL_CACACTCAGCCGCCTA	160.01634167636806	129.188378406243	82.08224233058228	59.98076979990689	63.41078989025185	21.276336750279818	0.0	0.0	17.645421528810243	0.0	46.1152646189872	0.0	2.5331681472176095	0.0	28.484780105023322	0.0	0.0	14.537682741704245	34.83568755108965	0.0	0.0	0.0	0.0	17.131263518573558	4.325988473759845	12.408994875133605	0.0	0.0	0.0	0.2736177642179573	0.0	0.0	0.0	0.0	0.0
GSM4138115_HNSCC_3_TIL_CATGCCTTCAAAGTAG	157.74317971619888	268.7600243813287	150.17164787682376	131.4469409413899	51.249882654953	53.15096273389567	0.0	0.0	42.865784663779834	0.0	90.25850081720432	0.0	0.8618024094541934	0.0	43.514216497736165	0.0	8.359675554322404	0.0	20.263878012724852	0.0	0.0	0.0	0.0	13.360204761618387	6.807299806337155	0.0	27.78448801087234	0.0	15.691327525711282	36.10742351940779	0.0	0.0	0.0	0.0	0.0
GSM4138115_HNSCC_3_TIL_CATGGCGTCATCTGCC	70.80774356276956	124.17918443832987	85.65513000903114	121.6488598417832	78.13553210661993	0.0	0.0	0.0	41.62849679145277	20.049692243095517	11.762376494683298	0.0	17.65533905248729	0.0	0.0	19.99789364649814	16.22855091631246	0.0	0.0	0.0	0.0	0.0	6.14239609504454	11.523397138737035	0.0	0.0	17.80946134432946	41.83484702017445	0.0	17.258387201359227	0.0	3.0771586710774415	0.0	0.0	0.0
GSM4138115_HNSCC_3_TIL_CCTTCGAGTTAAGAAC	102.56611002720255	0.0	55.06998543369607	0.0	84.5761256591809	0.0	156.31504044899728	0.0	14.881834275081923	6.050257850444852	0.0	0.0	1.1809081139411928	31.703505448175875	0.0	0.0	1.314659725505533	9.810377700298817	0.8378628072651689	0.0	0.0	116.39809642402531	0.0	27.907322883462548	0.0	0.0	10.574511251396041	25.79011044563206	4.987735333215288	0.0	0.0	0.0	0.0	0.0	0.0
GSM4138115_HNSCC_3_TIL_CGTGAGCAGATATGCA	150.0790588686014	0.0	77.23076900907901	10.515978926377539	170.612421357405	7.135180265619704	216.4246295684443	66.46057002737211	53.56831903878906	0.0	0.0	0.0	12.045116760671025	0.0	29.355255671647377	23.71204355811286	0.0	1.5086335960182604	0.0	0.0	0.0	39.698906837459845	98.5190021171561	31.058819291675483	13.564261276388796	0.0	0.0	0.0	0.0	13.11400759633179	0.0	0.0	8.461677639730407	0.0	0.0
GSM4138115_HNSCC_3_TIL_CTAATGGTCCTGCCAT	83.44121939925706	0.0	126.16080293096125	65.15968278633703	70.36607477665851	0.0	145.54503910726308	0.0	31.09184782604758	11.859870815186294	0.0	0.0	13.94609405394969	0.0	1.0307808490061898	4.422087826080178	0.0	3.030066196816126	0.0	0.0	0.0	0.0	0.0	0.0	4.6158970221011035	29.89877941005569	0.0	0.0	0.0	9.896972157387568	7.741124275183388	0.0	0.0	0.0	5.992773524279455
GSM4138115_HNSCC_3_TIL_TACTCGCAGCTAAACA	24.439138269385786	16.449623993912105	34.22185638644884	66.01004934059472	18.332963217622304	0.0	0.0	0.0	0.0	6.479425659540967	14.615380594454692	0.0	8.465780274876533	0.0	0.0	0.0	6.177433900233677	7.901076208453346	10.775862905379896	49.87337600388135	0.0	0.0	0.0	0.0	0.0	0.0	0.0	0.0	5.831070407162723	0.0	2.507001049069126	0.0	0.5872089192391613	0.0	0.0
GSM4138115_HNSCC_3_TIL_TTCTACACAGAAGCAC	52.96629023589717	41.303801418197516	46.87055925519057	59.653285380612026	26.10919879078709	11.242543729065037	0.0	0.0	0.0	0.0	0.0	0.0	0.0	0.0	21.14630051030438	3.7499565868617877	0.0	4.979134144163189	0.0	0.0	1.9687037243938936	0.0	0.0	0.0	0.0	0.0	5.357509588898893	0.0	0.0	0.0	0.0	6.410677839336532	0.0	0.0	0.0
GSM4138115_HNSCC_3_TIL_TTGGAACTCGTCGTTC	120.30107261672259	120.89597827655612	39.931925245399654	75.11983975220998	34.89337880422382	51.33977374704649	0.0	0.0	12.873712662542617	0.0	17.854846788434028	0.0	8.842874667435515	0.0	5.1091915002731305	0.0	0.0	4.455131907607063	0.7421374147711122	0.0	0.5777390918218032	0.0	11.179277564906531	7.829959569245373	14.262380264368598	0.0	0.0	0.0	0.0	0.0	0.0	0.0	11.276469225336742	0.0	0.0
GSM4138115_HNSCC_3_TIL_GACCAATGTCGCTTCT	15.020005113308555	71.2634214727621	102.38706559799127	72.47665814432038	30.295880276666672	0.0	0.0	0.0	10.029552460555232	115.79362324998563	65.35533525409798	0.0	5.750643356760092	0.0	32.00097160642651	0.0	6.392614711033197	12.051508204477823	0.954252543974059	0.0	7.519442662697856	0.0	0.0	0.0	2.4794111650352377	0.0	0.0	0.0	0.0	0.0	0.0	18.717213661942804	13.158536832624252	0.0	0.0
GSM4138115_HNSCC_3_TIL_AAACGGGCAGATCCAT	182.80541942440638	116.86957839200622	115.02674178081224	111.6368261448169	71.099679383438	71.68475239654325	0.0	30.948200912546692	31.197831878984434	26.588752503497275	0.0	0.0	24.566969936897884	0.0	25.72390187679069	0.0	0.0	20.399968193897674	13.04372133489837	0.0	0.0	0.0	53.22970066358856	0.0	8.784070220908976	0.0	0.0	0.0	0.0	0.0	16.7917775048522	0.0	14.288259912260795	0.0	0.0
GSM4138115_HNSCC_3_TIL_AACTCAGGTAAGTAGT	61.9741112674894	121.06602531970867	19.162931829511322	39.1388780567299	64.35911460543214	0.0	0.0	87.06383038534499	13.597154407146654	51.09552944141049	0.0	0.0	10.955047916791322	3.8499576355596057	15.933810770064216	0.0	12.489954406981632	6.05503159120822	21.463472189327362	0.0	1.0713857189722151	0.0	7.197190650726725	0.0	0.0	0.0	32.27613264950859	9.873966336658514	0.0	8.436348149450518	0.0	0.0	0.0	0.0	0.0
GSM4138115_HNSCC_3_TIL_ACTTGTTGTGCGATAG	87.56980308957019	0.0	56.21475642398763	0.0	45.748641296954325	36.260268564179555	0.0	83.59044940164652	31.22641811958015	2.849932901348208	0.0	0.0	1.6060012259375525	0.0	25.70117622934009	0.0	13.464248486096029	23.721438672118964	30.520726703928094	194.71540905131926	0.0	104.65072332356641	0.0	0.0	0.0	0.0	0.0	0.0	28.143596086503244	0.0	0.04788232413889965	0.0	0.0	44.520895048844864	0.0
GSM4138115_HNSCC_3_TIL_AGTCTTTCACTGAAGG	140.2943632591516	173.80045443066058	113.81688730261138	115.132048243179	58.406158541226986	39.88380582514907	0.0	104.17564594537146	22.671655758244682	0.0	0.0	0.0	3.580238625674384	0.0	22.291519910763945	18.222400598458723	0.0	47.2007435768462	0.0	0.0	0.0	0.0	0.0	0.0	44.27516979988343	0.0	4.084912777681562	0.0	0.0	0.0	7.50554158351584	0.0	0.0	0.0	19.49007534583579
GSM4138115_HNSCC_3_TIL_CAAGATCGTGCAACGA	176.74001212759487	140.87680866808418	58.90097243396867	181.01690656857951	101.15175321762578	29.143076048592267	0.0	206.7241339240163	13.719075920152536	4.69840056737512	0.0	0.0	33.937540124510384	0.0	34.64478157808023	80.69967612047974	20.817616289532467	4.371883330547457	0.0	0.0	0.0	0.0	0.0	0.0	0.0	0.0	3.256446434712709	0.0	23.947648898824898	0.0	24.99688467186458	0.0	0.0	0.0	0.0
GSM4138115_HNSCC_3_TIL_CAGAATCAGCCCAACC	161.38458081622485	136.01028620694927	61.47429327502618	123.34099410966488	62.87416905265237	0.0	0.0	48.52389167006278	26.067022150716017	99.71846122100783	0.0	0.0	0.0	29.649009369975172	0.7281739942843868	0.0	2.4243724138440217	1.3104010661977747	43.61524675613644	0.0	31.41707170439598	0.0	0.0	0.0	52.0252863009774	0.0	6.978962354095483	15.085443036390878	10.418963126456797	0.0	8.19988694508275	0.0	0.0	0.0	0.0
GSM4138115_HNSCC_3_TIL_CCGGTAGTCATAACCG	169.73619136507904	104.3023558257853	110.12469429785247	94.39285629474044	88.76408014144663	0.0	0.0	0.0	47.35462815601468	139.9693370103974	97.43529163730922	0.0	98.39383207791815	0.0	0.0	43.32121570508139	45.11898667774741	3.4083037008132213	0.0	0.0	0.0	0.0	0.0	0.0	0.0	0.0	26.649114006197113	48.51183758496387	9.311498892633114	0.5768501549075761	0.0	30.39521608297756	0.0	0.0	0.0
GSM4138115_HNSCC_3_TIL_CTCCTAGCAGATAATG	240.46693300816864	37.97040362945002	89.83093006113954	127.1519574375929	224.67748330658932	0.0	218.85562085355417	0.0	26.410042716132875	121.20786551585543	170.75438738191554	33.3117044967856	25.91465764010334	61.90968851928784	0.0	0.0	0.0	11.76272369520049	132.5238412687564	0.0	13.395171394388113	128.96291754546294	0.0	0.0	45.358266286992205	6.4097079321715364	0.0	0.0	12.008767265749597	0.0	27.969785145843286	0.0	0.0	0.0	0.0
GSM4138115_HNSCC_3_TIL_GAACCTACATTGGGCC	27.37624374127643	83.45860045019003	68.07982064969694	92.71284144423596	59.34902941995824	25.24979534110799	0.0	0.0	10.238489372503773	2.0864212271431963	0.0	0.0	2.1853552835736427	0.0	0.0	0.0	8.493626909158264	0.0	3.9022331031135886	0.0	0.0	0.0	0.0	0.0	0.0	0.0	0.0	28.9378829102266	0.0	3.3485455399506616	0.0	7.883674850715077	26.17771955702867	0.0	7.333728561132879
GSM4138115_HNSCC_3_TIL_GGACGTCTCCTCAACC	47.82267403119262	52.17260810819494	46.25432418390804	84.18320456076002	27.89464107716644	3.1025343420578415	0.0	0.0	1.9808865151169008	1.1185378742906174	0.0	53.776807198270234	4.289239478693864	4.2516404032427255	11.654398509403334	0.0	0.0	6.394862342033943	56.930586670219206	0.0	0.264764254116825	0.0	0.0	18.655107375260748	11.083995926504011	0.0	15.607104495861046	0.0	0.0	0.0	0.0	0.0	0.0	0.0	0.0
GSM4138115_HNSCC_3_TIL_GGATGTTGTGTTTGTG	92.06949774980141	97.2269308597148	74.85106268995199	92.63356134048014	113.77379366160665	0.0	0.0	104.24739688366762	38.73176886102833	89.74317141498922	0.0	0.0	21.211797612580963	27.428440654237853	0.0	0.0	0.0	13.098878321692492	62.04721295733457	0.0	7.366045309384577	0.0	27.00125690574671	0.0	30.52853698333914	0.0	0.0	2.493897319094834	0.0	0.0	1.1960922646628525	0.0	0.0	0.0	0.0
GSM4138115_HNSCC_3_TIL_GGCAATTCATGGAATA	97.62657730261597	0.0	150.8627726424698	80.46052292103425	43.35482049582375	21.66155727603799	0.0	98.9089786969043	6.251155029919792	0.0	0.0	0.0	64.17548946067292	25.93553924085086	0.0	56.0728702364618	20.13408903586281	2.6821283095855564	0.0	143.86977901015018	0.0	0.0	1.001130488200199	0.0	0.0	0.0	4.413454263394557	0.0	0.0	8.49391489580584	24.570171155702237	0.0	0.0	0.0	0.0
GSM4138115_HNSCC_3_TIL_GTCTCGTAGAAACCTA	14.538236760750575	48.74563415550774	31.53621631743046	16.792998441033074	23.6029844063861	0.0	0.0	22.448410226555072	0.0	13.523798639460198	0.0	0.0	2.10350751702939	0.0	0.0	0.0	0.0	0.0	0.0	0.0	4.032476701809123	0.0	0.0	0.0	1.0681400161336851	0.0	0.0	6.65935011970126	0.0	0.0	0.0	0.0	5.714585648579931	0.0	0.0
GSM4138115_HNSCC_3_TIL_TAGCCGGAGTCGTTTG	81.35397843488003	0.0	61.00583464229207	128.43767139466402	67.98658290886416	0.0	0.0	0.0	3.026774701731843	26.506373173510408	0.0	74.07633571935166	18.644679719484888	20.232440296084413	0.0	42.440344478744855	12.224452069399684	30.631931072084754	0.0	121.61429722514121	31.631125354907105	0.0	0.0	0.0	0.0	0.0	0.0	0.0	0.0	0.0	31.45800664673114	0.0	0.0	12.246494333335935	19.107834013931942
GSM4138115_HNSCC_3_TIL_TTAGTTCAGACAAGCC	179.03153286204275	89.96339532645528	37.72775160275478	19.365088462797672	70.88160352470841	44.14588955206361	0.0	67.13616574736001	22.344367570516816	0.0	0.0	0.0	0.0	0.0	38.891435057992446	0.0	0.0	2.7601585445485437	14.904714760245009	0.0	13.138112089574175	0.0	0.0	0.0	51.46284947918772	0.0	18.575511031172063	0.0	0.0	0.0	0.0	28.347715875674755	0.0	0.0	1.767441584553158
GSM4138115_HNSCC_3_TIL_ACACCAAGTCCAGTGC	13.412888872476957	0.0	27.14289067968816	110.500916831971	21.52842132525075	37.43167333489729	85.50633472053246	0.0	7.094785391735382	17.479698204622174	0.0	35.532557335120735	14.782533180838806	0.0	14.164823485030738	0.7797628982008792	16.042542980311932	2.214382145698183	0.0	82.1769904938508	0.0	0.0	0.0	12.536709063223515	0.0	7.4510945638120045	0.0	0.0	0.0	0.0	0.0	0.0	0.0	0.0	9.905608298433906
GSM4138115_HNSCC_3_TIL_AGCCTAACACACCGAC	71.13841964191009	0.0	21.954819273723928	0.0	37.19895815926994	52.75686900890385	194.7562650956105	91.46495607257391	1.9224898525569805	0.0	0.0	0.0	8.692738114970641	0.0	0.0	0.0	10.077898622219667	0.0	17.52270166305703	0.0	0.0	15.96632733727487	0.0	7.462439891463207	0.0	0.0	0.0	0.0	0.0	0.0	0.0	0.0	0.0	15.494576801070343	3.531484985614667
GSM4138115_HNSCC_3_TIL_CTAATGGCACCCATGG	26.425796200130286	0.0	73.14842378192755	74.8912284413932	50.61668980173668	65.85965331998192	161.21231903329533	0.0	9.247313034702788	0.0	25.518201103934818	0.0	8.001348649544067	0.0	0.0	7.882678047045991	0.0	12.233286734656641	0.0	0.0	0.0	0.0	4.7446693138404585	19.688282145423653	2.341548479429019	25.224452149215566	0.0	33.78636281251585	0.0	0.0	0.0	0.0	0.0	0.0	2.740508258919262
GSM4138115_HNSCC_3_TIL_ATGAGGGTCCATTCTA	104.40292670485303	154.39440086870135	122.38005713989817	51.70992590764921	61.31355894785578	0.0	76.77481036308832	0.0	34.128049247012065	0.0	30.88293021759192	0.0	0.0	0.9423632405966976	0.0	0.0	13.6399288824609	8.903389983133971	14.301529875961387	0.0	0.0	0.0	6.258580393696565	16.254486691355286	36.09328287683526	6.612226386680033	0.0	3.5135226186179525	0.0	2.5274535590555383	0.0	0.0	15.928163222977478	0.0	0.0
GSM4138115_HNSCC_3_TIL_GTCATTTGTATGGTTC	36.77359634628098	0.0	100.37169947963874	0.0	22.77965749090713	0.0	181.76901026097264	0.0	25.165865835082627	10.832497844181773	0.0	32.283376110843626	6.359689303629363	0.0	0.0	0.0	8.914971893553298	9.83976705586147	12.992089256528223	0.0	0.0	37.72788475124514	0.0	8.911081440575122	0.0	0.0	0.0	0.0	0.0	1.4103425226675568	0.0	0.0	0.0	43.15204904555128	0.0
GSM4138115_HNSCC_3_TIL_CAGATCACAGACGCAA	37.950132104065574	0.0	149.57105131250896	83.83532027106864	37.95295671202732	0.0	165.52330747636063	0.0	13.616388023995988	17.895997341945424	35.605051485931604	0.0	5.916978637095758	13.885290456629589	0.0	11.867391846231891	0.898589029707345	4.040830198727855	0.0	0.0	0.0	0.0	13.065149163478996	10.734122969727661	0.0	0.0	0.0	0.0	0.0	11.187632657780155	0.0	0.0	46.28398260472204	0.0	0.0
GSM4138115_HNSCC_3_TIL_AAACCTGAGCGATAGC	37.87923978292034	22.34879553546243	45.86773539158473	45.96557179014082	35.24724108629482	0.0	40.327055524394794	0.0	11.416662582083621	35.10386516491171	0.0	43.11660054291294	1.4208783254535684	0.0	0.0	9.523057057920298	4.033481815931143	0.0	0.0	0.0	0.0	0.0	0.0	8.568351185501575	0.0	0.0	0.0	6.739086647093675	0.025684102199915522	0.5222142503482996	0.0	0.0	4.328526946314982	0.0	0.0
GSM4138115_HNSCC_3_TIL_AGAGTGGAGGCGTACA	64.17368022747164	0.0	74.54853994770131	66.45035681422507	49.83460386651765	0.0	152.77431634191424	0.0	17.32191649459267	36.42199622385383	40.744680511859094	0.0	20.5753600224048	6.779839534880463	0.0	0.0	0.15137164860317448	16.885659126469445	10.850634196002074	0.0	0.0	0.0	6.070580352618693	11.517026712859995	0.0	0.0	0.0	0.0	0.0	8.051036064188565	0.0	0.0	19.48823641048906	0.0	0.0
GSM4138115_HNSCC_3_TIL_ATTACTCGTAAATGAC	35.37476333580753	106.06251175472093	143.06623926980737	18.636892333466882	58.60251384121529	70.67110150364073	0.0	0.0	50.21888337586775	0.0	25.121795881956032	0.0	0.0	0.0	0.0	0.0	0.0	12.479597867158603	0.0	0.0	10.8161444489147	0.0	1.3249242170146158	0.0	0.19784819491693253	0.0	0.0	75.90415485584494	0.0	0.0	0.0	0.0	29.80845890806775	0.0	0.0
GSM4138115_HNSCC_3_TIL_CCATGTCCAATGGATA	122.38194312667177	78.63821268036372	19.199050733767862	27.862281889258558	95.72055716926066	17.69976269373497	0.0	37.364060479106634	12.734283257300518	0.0	0.0	2.4702313425765348	11.929195987583201	0.0	0.0	0.0	0.0	2.902120600829124	48.81780978056204	0.0	0.0	0.0	11.234550090875299	11.257823269503772	19.620033208591508	0.0	0.0	20.155474643150853	0.0	2.641768622339769	0.0	4.4775181028624225	9.895625189051588	0.0	0.0
GSM4138115_HNSCC_3_TIL_CGTTAGATCGCAAGCC	92.61258097438179	251.50601430980097	76.99989256144573	66.49556216717443	40.15278839119782	4.206298882249287	0.0	0.0	141.45771308088294	0.0	0.0	0.0	5.689973988039411	0.0	10.028009207027596	58.347531708034154	0.0	0.0	0.0	0.0	0.0	0.0	32.62033705486852	0.0	10.75086339751075	0.0	4.141026986591041	0.0	0.0	0.0	0.0	0.0	0.0	0.0	0.0
GSM4138115_HNSCC_3_TIL_GTTCATTTCGCACTCT	121.60861965228989	118.58132495738211	181.57140893494417	92.63423395661074	88.2659657021437	25.146247609862822	0.0	0.0	10.028345412490545	0.0	26.900204042121892	0.0	4.200578621426414	0.0	17.468245678837572	0.0	44.08389251793035	0.0	12.983323669456299	0.0	0.0	0.0	0.0	0.0	0.0	0.0	18.80967428581066	0.0	0.0	0.0	0.0	0.0	0.0	0.0	5.750265088480719
GSM4138115_HNSCC_3_TIL_ACTGATGTCCACGTTC	116.89525628608541	0.0	86.39657552651367	65.73957328216125	48.9822992292048	29.75863290779492	0.0	0.0	8.393395188213654	0.0	21.281862225937573	7.612989852189794	17.59511154008886	0.0	4.161208260897586	0.0	8.756758260310443	6.657082194689138	0.30895478265415954	114.4586198532446	0.0	0.0	0.0	15.954974868169739	0.0	0.0	0.0	0.0	53.05072759990179	14.881823051526684	0.0	0.0	0.0	11.718427229101806	0.0
GSM4138115_HNSCC_3_TIL_CGGCTAGAGCGTTGCC	91.544387773272	115.13258710488655	76.52714331784449	51.0850528065897	35.86089866505706	0.06618397977851695	0.0	23.212954449752097	9.685874454910888	8.131783991936056	0.0	40.800356240404604	2.9214210622391614	0.0	0.0	13.850792837409792	0.0	4.18809127953531	0.0	0.0	0.0	0.0	0.0	0.0	0.0	0.0	9.37768815858189	12.418042276186414	0.0	0.0	5.2648276843830315	0.0	0.0	0.0	0.0
GSM4138115_HNSCC_3_TIL_GACTACAGTGCGATAG	26.91822899542858	112.69495930035917	47.333976349514366	119.17141967717649	60.94592962625085	0.0	0.0	0.0	6.514628373733424	94.52400575613062	16.17408173385793	0.0	24.651136878885058	4.23107445300282	0.0	0.0	0.0	14.397366520502528	11.407534212837957	0.0	7.774329664720878	0.0	0.0	0.0	4.02854608956149	0.0	8.862151532512536	0.0	15.496584857470811	0.0	1.9042888721545925	0.0	0.0	0.0	0.0
GSM4138115_HNSCC_3_TIL_AACTTTCTCCCTCAGT	182.78015514529585	233.8587782560813	165.72780413360303	177.91792426150457	87.52503836120812	66.50191334204749	0.0	0.0	28.215721903928657	0.0	88.26325799203121	0.0	36.23538211992209	0.0	0.0	30.6658850123078	0.0	12.628468688683816	0.0	0.0	24.867223045764035	0.0	0.0	6.406588788143825	40.75313745236259	0.0	0.0	19.56937676767892	16.518828460773452	0.0	0.0	0.0	0.0	10.437341001984079	0.0
GSM4138115_HNSCC_3_TIL_ACGGGCTTCACCTTAT	76.25745492095282	173.23639219762194	125.71078273893987	66.57531034417762	52.377323132802104	47.147732439999785	0.0	0.0	31.283122491412765	0.0	0.0	31.844118533352603	0.0	13.65341378618403	35.21032285161859	0.0	6.62014072428329	7.962267429525703	0.0955168387290473	0.0	6.404381700150912	0.0	0.0	2.8559088385122386	0.0	0.0	0.0	0.0	10.137237845798701	0.9746286671982214	2.312710905667375	0.0	0.0	40.94636380668239	0.0
GSM4138115_HNSCC_3_TIL_ATTATCCGTGCCTGCA	189.15286594829695	154.83432889470143	166.20356896079346	88.50880329745867	139.7172803595058	59.6751353469385	0.0	0.0	36.36847511970091	0.0	42.08369851100652	0.0	25.773982553037442	0.0	65.67815417067358	0.0	0.0	7.9194228971737655	65.59640541127479	0.0	9.529452060838357	0.0	0.47336064272341294	1.3443087881505433	48.2584648569476	0.0	0.0	0.0	2.675934776965062	0.0	0.0	0.0	0.0	16.936950983942697	0.0
GSM4138115_HNSCC_3_TIL_CCTCAGTAGCGTGTCC	90.97871112344704	102.60410161556538	121.28180705329945	131.38296045712048	61.512003309232476	31.417301646001803	0.0	0.0	24.44743943389743	0.0	30.9083523897138	0.0	25.878203142280626	16.880761672223226	27.39737182476068	49.215792907426135	14.774020999365563	0.0	0.0	0.0	0.0	0.0	0.0	0.0	16.198835252621606	0.0	0.0	0.0	26.89924798339765	10.616213985627263	0.0	0.0	17.223059895660725	0.0	0.0
GSM4138115_HNSCC_3_TIL_CGCCAAGCACGAAACG	166.11958117302387	40.92282542113579	91.46439225671365	117.48696731593115	113.24316931490506	24.129470425737132	83.86561248350813	56.97422151758468	41.005913322488325	0.0	0.0	0.0	0.0	11.650465656191443	0.0	0.0	0.0	5.488229771038481	6.528316504091161	0.0	15.158739834856	0.0	12.36509843237372	23.887897099216918	19.55670211808599	0.0	6.906966208556423	14.906455130435774	0.0	0.0	0.0	0.0	0.20611038743298948	0.0	0.0
GSM4138115_HNSCC_3_TIL_CGCTATCAGCCAGGAT	163.99452519911048	0.0	93.79479252532263	136.2021712724343	39.760596744328964	101.99278138688148	141.76859381450748	0.0	28.83168660340347	0.0	54.62493691717127	0.0	15.25273039555194	0.0	75.7555724341963	15.41114483031058	0.0	11.168565167207635	0.0	0.0	4.577764791022361	0.0	8.003231037833967	5.180780259807374	6.199294206841928	0.0	0.0	0.0	0.0	0.0	0.0	0.0	17.37204975332693	0.0	0.0
GSM4138115_HNSCC_3_TIL_CGTGAGCAGAACTCGG	95.68737963963248	136.50480945820124	121.11530102771786	60.01604575887929	74.34253406232557	0.0	0.0	25.017077746128578	8.129394131943842	79.26862079586067	39.52684961985082	0.0	34.13645193853368	0.0	0.0	0.0	0.0	8.373934225205476	16.30123846834436	0.0	0.0	0.0	0.0	6.207966407329083	7.205617424596082	0.0	0.0	24.19051284662863	0.0	4.103506179119828	0.0	1.8194246494180266	0.0	0.0	14.605100346011945
GSM4138115_HNSCC_3_TIL_CTCGTACCAAACCCAT	148.07828539010603	105.48358313339885	148.9849473293272	119.5010651055048	69.20087562362411	42.89184240489265	0.0	0.0	35.118214415734165	0.0	43.09709049538961	8.558981336187871	7.2228632237539685	0.0	44.85173316552784	0.0	13.86363635593429	0.0	3.73631634241307	0.0	12.94242019428744	0.0	0.0	24.34963315787417	3.7164158108526437	0.0	6.534626792235679	0.0	0.0	0.0	0.0	0.0	0.0	0.0	19.1287469517363
GSM4138115_HNSCC_3_TIL_GATCTAGTCATGCATG	452.1231478009123	245.33311004504316	306.94296362245353	233.39912340722483	211.29257443701405	0.0	0.0	95.02004518911971	72.42837388281393	125.72269785423934	20.881421185478565	0.0	23.013624951565284	77.0997148503765	2.741228407612459	0.0	0.0	23.862982089025905	30.933590260921097	0.0	29.995566272184178	0.0	3.9369609918350035	0.0	56.723987618734775	0.0	0.0	0.0	33.68212006936121	0.0	0.0	25.485699647455988	0.0	48.84470063760064	2.6455458452838982
GSM4138115_HNSCC_3_TIL_GCATGATAGCAGCGTA	106.14656920656336	20.92388178580946	132.34121384245358	33.81852066454981	28.275509871941892	17.43678529502336	0.0	30.822648871357913	13.082857640939505	0.0	0.0	0.0	10.99764120676974	0.0	5.7547697001448945	0.0	21.388657310406693	5.8615717629306765	15.913843779843008	0.0	1.235101611537435	0.0	0.0	0.0	0.0	0.0	6.650597130423507	0.0	0.0	0.0	0.0	12.606204331154633	0.0	0.0	0.0
GSM4138115_HNSCC_3_TIL_GCATGCGCAAGTCTAC	117.07604845490977	76.18169463591384	30.42717437566247	40.502911229700324	54.62943371425746	0.0	0.0	84.01146593065748	4.092192442739094	36.513578454601415	0.0	0.0	0.0	1.6569397618049662	5.3798851556194816	0.0	0.0	0.0	4.844191890042007	0.0	0.0	0.0	0.0	0.0	0.0	0.0	6.341769220069863	0.0	0.0	0.0	0.0	6.883864276199938	0.0	0.0	0.0
GSM4138115_HNSCC_3_TIL_GTAACTGCAGGTCCAC	170.60000693762973	204.26849869163365	85.80308536010581	105.18356006628844	60.38660364362589	97.86278646437998	0.0	29.638759517762853	41.989980417849715	0.0	0.0	44.2055029438749	17.555628924930968	46.61131628351438	0.0	0.0	0.0	0.0	15.971075563424957	0.0	25.727350247588344	0.0	0.0	13.858087673413605	20.830354480225513	0.0	0.0	0.0	3.3299645386475163	0.0	0.0	0.0	7.555500028527677	0.0	0.0
GSM4138115_HNSCC_3_TIL_GTACTTTTCTCATTCA	119.7404481247645	105.06507589166283	39.75657460116091	69.89057283989854	40.808540794185504	97.618534475378	0.0	51.63358320708352	39.88528994601087	0.0	0.0	0.0	3.3099123275974507	0.0	69.07569009984563	0.7350353347617795	41.009343410933596	13.690387602862339	44.40620598176267	0.0	49.92221050967465	0.0	0.0	0.0	0.0	0.0	10.911893165483827	0.0	62.357894116873275	0.0	4.222405039400172	0.0	0.0	0.0	0.0
GSM4138115_HNSCC_3_TIL_GTGCAGCAGTGCCATT	94.0573115827359	172.58855661214827	42.92171127907022	24.1672695949039	78.08583020986453	49.43326301514005	0.0	0.0	58.20018912322575	0.0	83.57395488613248	0.0	8.876090809321392	0.0	44.929914101941826	4.388071424497225	0.0	0.0	7.4670031152469	0.0	0.0	0.0	4.602997008452822	4.226792495784297	28.54195152781373	0.0	27.533599182578243	0.0	0.0	23.094803592256625	0.0	0.0	0.0	0.0	9.757561665440644
GSM4138115_HNSCC_3_TIL_GTTCGGGCAAACGCGA	112.10095760412285	0.0	87.35983616595689	126.53327658872477	19.726142311186535	75.37247107731952	128.79381704112254	22.27085900670476	67.22108195938716	0.0	0.0	49.56931306073168	0.0	0.0	45.33432756895047	18.029623385509396	19.45887390642162	2.1389614661543805	0.0	0.0	0.9228169225408057	0.0	31.80859437719291	20.77718763228092	0.0	0.0	0.0	0.0	0.0	0.0	0.0	0.0	0.8548528417384503	0.0	0.0
GSM4138115_HNSCC_3_TIL_TCTCTAATCGGTCTAA	129.76715645997797	97.90507314059556	53.40622580437261	87.58792020090695	83.08229666343672	0.0	0.0	0.0	4.825068158367817	82.81226474065693	0.0	132.9797807851141	0.0	0.0	0.0	0.0	10.13025267684815	0.0	15.333642667676779	0.0	19.871678146010193	0.0	0.0	0.0	0.0	0.0	57.104855652687206	29.94156453590019	8.193417186024792	0.0	0.0	1.5908271520125201	0.0	4.120335621448696	0.0
GSM4138115_HNSCC_3_TIL_TGCCAAAAGGATCGCA	88.65765966296084	168.3770446912338	113.62453480509414	120.72436644060727	55.549551669211944	51.176139008457994	0.0	68.41250602392444	31.884087701457123	0.0	0.0	0.0	13.574873724303574	5.008168308295022	0.0	0.0	0.0	18.672684988513566	3.852627492533576	0.0	6.179314881925241	0.0	0.0	8.437005317985022	0.0	0.0	0.0	0.0	0.0	0.0	0.0	12.784202219957605	0.0	16.279490807752076	7.585293964147691
GSM4138115_HNSCC_3_TIL_TGTGGTATCAACGCTA	158.14538300595558	0.0	56.55449417800093	117.97180593716531	84.5359368476452	0.0	138.98261443884374	0.0	21.92362546109434	61.94679192140816	16.039584303682425	0.0	0.13519899744385858	39.36919205849673	10.90316674703094	0.0	16.797841140941628	5.202860563023608	10.249488128951613	0.0	12.120536041852958	0.0	36.18492848403757	9.263554582609057	0.0	35.00577865613779	0.0	0.0	0.0	0.0	0.0	0.0	0.0	0.0	0.0
GSM4138115_HNSCC_3_TIL_TTGGAACTCTTGAGGT	87.31141828268183	0.0	62.78404128616761	94.36763650274177	59.23571280491523	73.99586832066262	100.14807810942752	73.95500145899396	48.03847772559932	0.0	0.0	0.0	0.0	0.0	17.228529585566616	0.0	0.0	6.7448418752336305	7.860310824611555	0.0	1.9733412747103347	0.0	12.137012945268038	0.0	40.85468950488058	0.0	0.0	0.0	0.0	0.0	19.339333124904474	0.0	0.0	0.0	0.0
GSM4138115_HNSCC_3_TIL_ACGTCAATCCGATATG	13.983299828328802	0.0	72.70380137867267	0.0	66.95706937999599	0.0	121.49038024460846	16.179111146348955	39.17561204338113	47.04882451066906	0.0	0.0	11.115271705789281	0.0	4.515465868516412	0.0	14.156583091599888	12.167580547331545	2.6890138179305625	0.0	0.0	68.27836777594447	0.0	5.676282851241684	0.0	10.701495743990614	0.0	0.0	15.331135823774133	0.3789256066557866	0.0	0.0	0.0	2.3881725792972994	0.0
GSM4138115_HNSCC_3_TIL_AACCGCGAGACTAGAT	195.71859369344287	224.89737695100274	71.43316555676724	146.01104493597066	51.3397132736039	59.171854183468135	0.0	0.0	19.620716147165695	0.0	88.5389428465395	0.0	0.4160803144933493	52.016632766403134	6.824374688672889	12.708102339917208	0.0	0.0	0.0	0.0	0.0	0.0	18.068542987202637	9.9014336644771	24.03125948918772	0.0	0.0	0.0	0.0	5.280563489689554	0.0	0.0	15.681388996945019	0.0	0.0
GSM4138115_HNSCC_3_TIL_AACTCCCAGACTTTCG	189.31194093520594	195.00957507793032	117.12673478170504	129.23411066129938	65.81176581885188	0.0	0.0	112.11239814211534	32.22307216325567	41.78406976612224	0.0	0.0	26.364252182637163	0.0	17.37510267496652	45.05333946408013	30.423299841960254	7.1012932041281385	0.0	0.0	14.813972987596228	0.0	18.152414645014687	0.0	0.0	0.0	25.787583714246114	22.90706092264314	0.0	0.0	15.204756028463716	0.0	0.0	0.0	0.0
GSM4138115_HNSCC_3_TIL_ACTTGTTTCAGCTGGC	193.11159137632907	120.8015450570525	171.3616566073197	164.0035998775439	102.5048620323979	0.0	0.0	0.0	37.68976515666995	120.45910229100352	0.0	92.14410319602068	11.343267223287048	52.42090023196625	0.0	20.75214876119955	0.0	25.914382201816977	34.762563385271505	0.0	8.398330294584465	0.0	0.0	0.0	0.36356849005296626	0.0	11.26357511478348	0.0	11.958096151359793	0.0	1.1373008929981143	0.0	0.0	0.0	0.0
GSM4138115_HNSCC_3_TIL_AGTGAGGGTTGGTAAA	114.00226265344031	138.73129185831615	83.52043565876023	73.28593710208885	67.06689428790607	17.148176033704058	0.0	0.0	23.2795777173446	2.884019752663219	19.434119134719207	0.0	4.717173519287763	0.0	0.0	14.616278136110191	16.803528367682336	4.498416363582704	0.0	0.0	0.0	0.0	17.12527730407891	0.0	1.1733885203011203	0.0	5.297036038476056	21.93572854474851	0.0	8.612470257099393	0.0	16.632569437497313	0.0	0.0	0.0
GSM4138115_HNSCC_3_TIL_ATCCGAACATACTCTT	88.0982385451291	102.50059279779522	106.26180198365202	109.58307402766489	38.864594037516234	73.7548071242674	0.0	0.0	19.95594296541871	0.0	32.65214491518632	0.0	9.190910670058527	0.0	22.783716099663895	8.766916006961605	0.0	0.5258649263728324	9.594091468392332	0.0	0.0	0.0	0.0	0.0	13.487078506338685	0.0	6.038508809256339	0.0	0.0	9.119813593053797	17.998602629493615	0.0	0.0	0.0	2.375542283905042
GSM4138115_HNSCC_3_TIL_ATCGAGTGTACGAAAT	53.22652452305351	53.34383422607258	24.658034591339163	44.99338790983959	84.66348691215865	49.72271322562122	0.0	0.0	15.27986949059195	0.0	63.495392110295796	0.0	32.587190998460535	0.0	0.0	0.0	1.0901788984471883	0.0	0.4390198892828658	0.0	0.0	0.0	0.0	0.0	5.014102632152251	0.0	33.570105642333786	16.433659170986665	0.0	0.0	0.0	0.0	0.0	0.0	17.946440023566076
GSM4138115_HNSCC_3_TIL_ATGTGTGGTTACCAGT	93.31616841902002	17.869647085136453	43.325264722967475	77.44975807541682	44.49562337860682	8.526165657467129	0.0	0.0	4.455206132962117	3.9306171697422285	0.0	75.3747832494414	7.098805068459231	9.61253022524469	0.0	18.951398685046396	7.658137888237391	8.262672690440251	0.0	0.0	9.433700289494798	0.0	0.0	0.0	1.3917543244911112	0.0	13.013475931922214	0.0	0.0	0.0	0.0	10.09183679810658	0.0	0.0	0.0
GSM4138115_HNSCC_3_TIL_CAAGATCGTCGAATCT	33.44209754030198	63.88687538535028	28.943702583414833	58.3201667861244	27.900190828334306	0.0	0.0	0.0	10.979990422585235	45.84541673220676	0.0	26.072539581639003	4.745679687832687	0.0	0.0	5.586624007582873	0.7444536885252125	0.8603233434597829	0.0	0.0	0.0	0.0	0.0	0.0	0.0	0.0	7.525194334880506	1.0674810480664392	0.0	0.0	0.5740722371154492	0.0	0.0	0.0	0.0
GSM4138115_HNSCC_3_TIL_CATGACAGTCCGTGAC	116.16511583004001	79.38467598432975	151.61363354662222	101.09352084257691	17.045295397976744	68.93841886065618	0.0	63.0365827435982	23.73810826541311	0.0	0.0	0.0	10.081597431649213	0.0	0.0	0.0	0.0	1.7491306135692388	28.020038248865372	0.0	10.639716225552634	0.0	0.0	0.0	7.360717066938602	0.0	4.603747013165674	37.31226034121955	18.380686678154337	0.0	5.222097322221839	0.0	0.0	0.0	0.0
GSM4138115_HNSCC_3_TIL_CCACTACAGACAAAGG	82.78337338436214	91.84929863237619	82.02671302468404	117.94397871711261	64.51830171275056	17.680801767586942	0.0	0.0	19.753483053976492	86.08490751302686	34.231018865179344	0.0	18.441754173500915	0.0	15.478874238193487	0.0	10.595992452011927	1.1668278935305028	3.7910149446217045	0.0	0.0	0.0	0.0	0.0	0.0	0.0	7.595776900327378	4.39429399522863	3.93186371850751	21.924907110316468	5.810462282033141	0.8007219483800362	0.0	0.0	0.0
GSM4138115_HNSCC_3_TIL_CCTATTAAGAGTACCG	118.82280120298724	182.11348705475592	79.25977036711798	112.90231283831295	65.06942623787275	61.19907634145166	0.0	0.0	65.60598405328305	0.0	42.03062595608509	0.0	5.87278936765839	0.0	15.698824853576467	0.0	0.0	0.0	13.613115521913022	0.0	28.54038529003375	0.0	0.0	0.0	7.495553418222228	0.0	22.32262404685903	5.243267775557601	0.0	0.0	0.0	19.859391617151307	0.0	0.0	0.0
GSM4138115_HNSCC_3_TIL_CCTTACGGTTCAGACT	77.78143031485902	67.1105825301483	80.31904439817312	11.736821380457576	78.7811981038481	128.1381841337236	0.0	100.93910644572142	51.34926510172806	0.0	0.0	0.0	0.0	25.598646898468736	0.042320557620450686	0.0	0.0	15.204487477794798	0.0	0.0	32.64580385078924	0.0	0.0	0.0	25.525292515398817	0.0	0.0	0.0	18.416189523255476	0.0	0.0	0.0	18.379764312171847	0.0	0.0
GSM4138115_HNSCC_3_TIL_CCTTCCCGTGTGTGCC	227.638854214504	184.83962858991433	105.10859556043336	182.21884237394286	62.24088476662714	47.1683967523103	0.0	0.0	43.739836659102444	0.0	29.42590783547838	0.0	7.50006386139152	0.0	0.0	18.093825091259653	46.18555125914201	11.915478416327657	0.0	0.0	0.0	0.0	0.0	2.234081760913776	0.0	0.0	8.640474856171497	22.25396979191301	0.0	20.050892820913596	0.0	0.0	0.0	0.0	35.430449409183645
GSM4138115_HNSCC_3_TIL_CGAGCACGTTCCACAA	274.53650374044037	160.67906817991695	60.8613839484492	106.66412972794029	70.35336678309127	0.0	0.0	0.0	12.156804463714948	117.52520234819089	51.806782139875054	0.0	21.066846837015085	0.0	0.0	0.0	58.21900697266207	16.721846588458376	20.05164516604599	0.0	0.0	0.0	19.78756631225096	10.569993272492402	0.0	0.0	0.0	30.368843290757336	0.0	10.017409075504819	0.0	13.721902016214974	45.513735654339776	0.0	0.0
GSM4138115_HNSCC_3_TIL_CGGACTGAGCCCGAAA	109.51020961994362	208.08309698216394	190.6656016718714	110.8109268187011	36.01747925146507	21.111005907269426	0.0	0.0	23.49612222896333	0.0	65.75596343343123	0.0	10.647182660011184	0.0	24.648736825330666	14.698779192068399	0.18057935427755695	15.445830601484962	0.0	0.0	0.0	0.0	0.0	8.435728184602537	0.0	0.0	0.0	0.0	22.190647139281875	0.0	0.0	0.0	0.0	31.15365888402706	0.0
GSM4138115_HNSCC_3_TIL_CTAGCCTGTCGGGTCT	0.0	0.0	0.0	0.0	0.0	0.0	0.0	0.0	0.0	0.0	0.0	0.0	0.0	0.0	0.0	1447.9315054624008	0.0	0.0	0.0	0.0	0.0	0.0	0.0	0.0	0.0	0.0	0.0	0.0	0.0	0.0	0.0	0.0	0.0	0.0	0.0
GSM4138115_HNSCC_3_TIL_CTGCCTACATGCATGT	121.44171665132382	0.0	221.53342140364788	194.62653210894396	122.99225515605951	127.58067933820269	358.9849145498776	0.0	42.85601288011247	0.0	120.426783406186	0.0	18.03596931446926	0.0	35.562727596160144	0.0	34.28502136232097	20.56018238401599	73.54118641335484	0.0	0.0	0.0	0.0	29.883824931630816	0.0	0.0	0.0	0.0	14.121703078545055	1.2740422640471696	0.0	0.0	0.0	8.233549163201223	0.0
GSM4138115_HNSCC_3_TIL_GACCTGGTCGTCCGTT	91.89292225620288	82.36331459842098	103.09360894317899	50.94187241548225	125.74707159539113	100.23390344897403	0.0	0.0	91.09812858304468	0.0	0.0	11.793959330535987	15.371505735812917	0.0	0.0	0.0	20.97344294564276	0.0	6.681192681365764	0.0	22.877421627388507	0.0	1.013564688925718	0.0	0.0	0.0	10.088904654755696	0.0	0.0	0.0	41.8043400276788	0.0	0.0	0.0	0.0
GSM4138115_HNSCC_3_TIL_GCACTCTCACGTTGGC	171.1815929258651	398.8642452561135	149.93603410895403	197.54268498341813	93.26307049478135	34.489581649392626	0.0	0.0	90.03545395421423	0.0	10.432549840850008	83.46081692165433	16.343631980511823	0.0	31.19592909356173	69.78437456459488	16.691059391755196	0.0	0.0	0.0	0.0	0.0	19.361018761304265	0.0	0.0	0.0	43.67628166936019	0.0	0.0	0.0	0.0	19.488950826697785	0.0	0.0	4.591305524878928
GSM4138115_HNSCC_3_TIL_GCTTGAATCAACGGCC	106.90126769464537	129.70720654533534	17.53911356027951	82.37127991304921	92.50079259233955	113.48301083604927	0.0	89.54830485264932	13.874702185152152	0.0	52.74746228353761	0.0	9.317174793055775	0.0	31.273288762208598	0.0	28.9313781054084	0.0	19.228265668421603	0.0	20.151813681773184	0.0	0.0	0.0	0.0	0.0	4.609792068697149	0.0	0.0	0.0	0.0	23.586614906262785	0.0	0.0	0.0
GSM4138115_HNSCC_3_TIL_GTCACAAGTTGGAGGT	97.51445349108974	111.15508645188997	35.9941279732042	17.873028915378477	28.01622262853528	33.24542657010925	0.0	0.0	14.850921072494735	0.0	27.426884496034013	0.0	0.0	0.0	0.0	0.0	24.23165226086681	7.406798743590376	0.0	0.0	0.0	0.0	0.0	0.0	0.0	0.0	0.0	0.0	0.0	0.0	0.0	9.280704686439993	0.0	0.0	0.0
GSM4138115_HNSCC_3_TIL_TCAGCAAGTGGCAAAC	105.05552838580381	157.3402029408036	92.9293475878658	124.49879013715588	130.35014050500556	44.32711907798011	0.0	0.0	27.056387305559852	0.0	0.0	68.98895427368858	6.326748406464346	0.0	96.09690312544211	9.847211892142967	0.0	3.017508007702622	0.0	0.0	0.0	0.0	23.081525119941585	0.0	7.0945398418308505	0.0	2.4447706762755135	0.0	0.0	3.159820919895481	11.60210260036734	0.0	0.0	0.0	0.0
GSM4138115_HNSCC_3_TIL_TCAGCAATCAGTTAGC	292.16085023514	286.64172648345067	255.722434436648	213.36924104913197	130.75273144810416	75.39525142538379	0.0	123.95314020894827	61.06931549255822	18.243778190425978	0.0	0.0	18.743963716306233	0.0	37.047915666795326	0.0	0.0	9.934435004611304	68.07125026087077	0.0	57.13653532920293	0.0	26.958792695429914	37.77508184053195	7.287416635098765	0.0	50.76172493294289	0.0	0.0	0.0	0.0	0.0	0.0	0.0	0.0
GSM4138115_HNSCC_3_TIL_TCTTTCCCAGACAAGC	103.93219700995579	98.11892299936922	95.3666388372569	45.702131688374976	40.58053608316322	11.969498448784186	0.0	0.0	18.219676174641503	8.847379713361098	17.25248408025941	0.0	33.134408632406554	0.0	0.0	0.0	0.0	12.405506686157805	0.0	0.0	6.143493490971776	0.0	0.0	0.0	9.072498574180045	0.0	14.14976856041213	29.28776622027914	20.33924768561437	0.0	0.0	14.747393871114918	0.0	0.0	0.0
GSM4138115_HNSCC_3_TIL_TGGCGCATCGAACTGT	55.658081780709615	37.699939618615616	41.29191601934761	29.432450328183126	95.90992655671145	0.0	29.399144098012325	25.7145247692719	9.793739060239085	18.303804989393555	0.0	0.0	14.850853234592103	4.875702140086964	0.0	0.0	0.0	6.631621757117939	24.457109276612837	50.274359111270066	0.6769973912749468	0.0	0.0	1.8027623781780373	0.0	0.0	0.0	16.343519982509694	0.0	22.373126156717984	0.0	0.0	15.90746857046309	0.0	0.0
GSM4138115_HNSCC_3_TIL_AACCATGGTAAATGAC	277.0040809071955	286.122174199039	192.7131986205243	319.45226650158594	64.36321656665105	91.67533058274101	63.432691026495654	86.79576326137435	45.993372008607274	0.0	0.0	39.96694992787225	8.652961117089253	0.0	93.57240077658732	0.0	10.060048986736081	0.0	60.76370892108649	0.0	13.147580901950453	0.0	0.0	0.0	0.0	0.0	7.63652991860416	0.0	0.0	7.206701693074035	0.0	35.042805441920386	0.0	0.0	0.0
GSM4138115_HNSCC_3_TIL_AACCGCGAGAAACCAT	147.59760371401813	107.83873394301399	82.0452857525237	81.77584812112778	68.62632271594077	59.987370356386116	0.0	131.76888321662204	10.794064168643079	0.0	0.17590026838700215	0.0	0.0	0.0	0.0	0.0	0.0	15.792557978054548	21.100867535147263	0.0	0.0	0.0	0.0	0.0	41.999907965470335	0.0	7.562166987868582	36.786005092409155	0.0	0.0	0.0	0.0	0.0	0.0	10.396507576670132
GSM4138115_HNSCC_3_TIL_AAGCCGCGTACGCACC	266.1013259490958	229.9505502804382	78.85469007377623	162.0779157992476	266.23462243912144	107.38618110350963	0.0	0.0	30.95250168337824	0.0	0.0	113.11113233696186	43.71052421029357	0.0	27.18781158303564	39.31889045507751	0.0	7.695369282636927	0.0	0.0	52.780338091723856	0.0	1.8279124841495844	0.0	29.632936148516457	0.0	26.58839938991261	0.0	0.0	0.0	7.860026469348018	0.0	0.0	0.0	0.0
GSM4138115_HNSCC_3_TIL_ACATCAGAGGCTAGGT	111.43381329340718	136.9089183596225	94.75059789650963	145.8259445972049	124.82272396864073	0.0	0.0	70.2625337102544	27.07017106157019	96.04120518352451	35.359477398334626	0.0	22.31564398421498	8.17427606516735	0.0	0.0	0.0	11.597634834226259	28.147877913853247	0.0	0.0	0.0	15.855083953864845	0.0	61.56487537952818	0.0	4.474698178004628	0.0	0.0	11.693710151052144	25.95727189517703	0.0	0.0	0.0	0.0
GSM4138115_HNSCC_3_TIL_ACCTTTATCACCTTAT	114.49818286208908	252.46492119690242	164.84289101095442	104.5801468665866	31.51825006049226	29.116962255136567	0.0	0.0	22.460558561508037	0.0	55.98644821907087	0.0	6.620826718976139	15.062922303420502	0.0	0.0	16.703209028585366	18.71273153585517	23.43130671936485	0.0	0.0	0.0	7.8420219444042125	15.546103095588554	0.0	0.0	20.86307580031703	20.901686428694855	0.0	0.0	0.0	0.0	0.0	0.0	0.0
GSM4138115_HNSCC_3_TIL_ACGATGTTCCCACTTG	73.02579064387476	273.4891357269731	253.349789602116	213.3861308457854	38.732949531213606	0.0	0.0	0.0	88.2784448226573	28.127632041117106	8.73394162374736	0.0	10.942034612367129	0.0	11.62101448947191	43.48362768698679	0.0	4.081954517665055	0.0	0.0	0.0	0.0	5.26686612751646	28.06311759502815	46.177905611382194	36.99569437606879	0.0	0.0	0.0	0.0	0.0	0.0	0.0	25.33528629986956	0.0
GSM4138115_HNSCC_3_TIL_ATTGGACCACCTCGGA	106.9426463869576	226.90179897766967	193.81980300694102	113.02240951710486	76.50705394847962	33.26551251725136	0.0	0.0	31.531792857000323	0.0	42.63492289773761	0.0	7.1548869937694946	0.0	23.439825580636114	8.448492297290825	16.535588189665525	0.0	0.0	0.0	0.0	0.0	0.0	19.61780945270321	0.0	12.053674777719205	0.0	0.0	28.69363628609151	36.05902255502907	0.0	0.0	0.0	0.9217172735646733	0.0
GSM4138115_HNSCC_3_TIL_ATTTCTGTCCTCAACC	101.35336662688886	232.7067203684272	47.8624473721699	84.46473011725682	33.91567916364944	0.6853969722587699	0.0	140.57940583681113	11.627506205726906	0.0	0.0	0.0	6.579226505342207	0.0	9.668977087970095	0.0	0.0	5.268395901394779	34.00516280125772	0.0	8.393535256207045	0.0	0.0	0.0	0.0	0.0	15.11903825915996	0.0	0.0	0.0	10.339700756636434	0.0	0.0	0.0	0.0
GSM4138115_HNSCC_3_TIL_CACACTCTCCGCAAGC	169.7444905127703	96.80927283822899	98.41686519940865	90.55444181045219	31.516945034308797	35.956850202486656	0.0	81.01358732402562	24.248645653525475	0.0	0.0	0.0	9.315221617210048	0.0	0.0	0.0	0.0	3.726514028516434	14.858080226955847	0.0	0.0	0.0	9.9702194193688	0.0	11.06424972942202	0.0	0.0	13.511446529419622	0.0	24.85154991273207	1.0173460977224038	0.0	0.0	0.0	0.0
GSM4138115_HNSCC_3_TIL_CCTTACGTCTTGTCAT	26.711031626209323	90.44424603262027	152.74202460891786	53.02847815300968	39.192226986989816	0.0	0.0	1.6085228298797594	18.023913841326532	74.10805753315314	53.33842050464497	17.486259742092308	3.9792141319488477	33.35404869482315	0.0	17.35180938566686	0.0	6.5897088966796575	0.0	0.0	7.877198081911243	0.0	3.2541372190536038	0.0	16.029934720406892	0.0	9.518442175699839	0.0	0.0	0.0	3.267646711778244	0.0	0.0	0.0	0.0
GSM4138115_HNSCC_3_TIL_CTAAGACCACGAAGCA	156.84140904575267	137.76162469382794	47.89888817662259	38.602762375119866	37.04236894182024	0.0	0.0	26.93486825784092	20.268292093139706	63.37269470271396	29.506097618618323	0.0	8.335737372558084	0.0	0.0	2.1797312058703775	0.0	0.0	19.021870277301073	0.0	2.9766158142824053	0.0	6.30311093905598	0.0	5.042582929306263	0.0	2.3330362360756816	4.086219415606382	0.0	0.0	0.0	0.0	0.0	0.0	0.0
GSM4138115_HNSCC_3_TIL_CTAGCCTCATGGTCAT	181.56961577909686	290.57460932537424	219.03200070247232	44.51751536479819	115.61383743256927	116.2101779233221	0.0	149.08947490122702	39.68385117327019	0.0	0.0	0.0	6.435981594325733	73.76279503618305	0.0	71.60142005379424	13.205418525412911	3.718427716212751	0.0	0.0	0.0	183.63066259780857	5.79190444505515	0.0	6.703680575899113	0.0	32.63652853300251	0.0	0.0	14.02404867407119	58.738173148274264	0.0	0.0	0.0	0.0
GSM4138115_HNSCC_3_TIL_CTGGTCTTCTGGGCCA	160.1753416972522	264.56586698367056	188.0542577890146	234.54667101025424	149.40887107912303	87.8150433148933	0.0	0.0	26.921624618056313	0.0	72.99972891315574	0.0	17.135115567789935	0.0	47.44871612985851	18.9424432503833	0.0	26.30254427506077	0.0	0.0	19.686571243395782	0.0	0.0	0.0	18.586833527411457	0.0	73.47963246275991	0.0	0.0	0.0	56.792618950450326	0.0	0.0	0.0	4.369985894752901
GSM4138115_HNSCC_3_TIL_GACTGCGCAGCCTATA	25.47756002271753	76.75291398323967	93.44178449301967	78.25804140997407	7.473120753599282	48.35659867745295	0.0	0.0	69.00899246315353	0.0	30.20378595844924	14.912321674779355	16.181371937609548	0.0	0.0	58.90447847693679	0.0	1.7891442836512639	0.0	0.0	0.0	0.0	0.0	9.607166660931801	0.23321295834585629	0.0	20.252776026283122	0.0	0.0	0.0	0.0	0.0	0.0	0.0	9.003202363717044
GSM4138115_HNSCC_3_TIL_GCATGCGGTCAGCTAT	95.70849195064082	92.78038587910476	107.28885572891363	80.9541859953496	94.58140894217863	18.544393654066393	0.0	57.13269009390498	30.746637937161772	0.0	0.0	0.0	21.60067633066605	13.11895178700031	0.0	29.670580662902005	17.169833878372806	0.1281277806942674	0.0	0.0	20.252025821553815	0.0	1.8874419252741637	0.0	0.0	0.0	0.0	0.0	0.0	0.0	11.855487321034229	0.0	0.0	0.0	0.0
GSM4138115_HNSCC_3_TIL_GCATGTATCACAAACC	188.69805733490793	169.98913528379802	181.10258564685194	284.9490463001187	138.52404378686953	123.88036721357301	103.6131251858106	0.0	45.679067605956014	11.547776521149716	0.0	157.6535955877095	21.904152496542338	16.814157817070708	53.21718782637777	0.0	0.0	23.865253911711253	46.81210243146746	0.0	36.45530913790699	0.0	0.0	22.77370251023791	65.62948589142603	33.01185241770709	0.0	0.0	16.33063276505169	0.0	0.0	0.0	0.0	0.0	0.0
GSM4138115_HNSCC_3_TIL_GCGACCAAGCTGATAA	0.0	59.764729747347694	0.0	0.0	0.0	0.0	4280.180868438132	0.0	0.0	0.0	0.0	0.0	0.0	0.0	0.0	0.0	0.0	0.0	0.0	61.19467010327943	0.0	0.0	0.0	0.0	0.0	0.0	0.0	0.0	0.0	0.0	0.0	0.0	0.0	0.0	0.0
GSM4138115_HNSCC_3_TIL_GGAAAGCCATGCAACT	155.10949108561414	199.66048660219678	94.90842950390439	145.4270728218678	176.25596225749055	0.0	0.0	173.0401296212342	35.440957246843	98.42519621569592	0.0	0.0	5.692129243818919	56.13588151618183	0.0	23.0651784347099	9.524478419304081	23.302174100006454	13.683677434869352	0.0	15.713328091110984	0.0	0.0	0.0	13.681313114767121	0.0	13.51485132495489	0.0	0.0	0.0	22.353035563588346	0.0	0.0	0.0	1.0165146589167868
GSM4138115_HNSCC_3_TIL_GTCTCGTAGGAGTCTG	212.3289193280219	0.0	137.5327214780453	148.98010199758653	52.93890203719251	0.0	0.0	97.98909004919003	29.56672255266698	85.47968580893166	0.0	18.347630842250137	53.12985907508917	0.0	23.017642034251978	0.0	0.0	7.449976786452047	0.0	223.988500827805	0.0	0.0	57.61352575108173	18.07026994935808	9.44575574184084	0.0	0.0	16.422460901582816	0.0	0.0	0.0	0.0	12.99039528915464	0.0	0.0
GSM4138115_HNSCC_3_TIL_GTCTCGTCAATGTTGC	106.72139750440718	199.472724029544	204.87329214333172	146.81650988305157	86.64541082926239	57.979114199478055	0.0	0.0	33.24797984163721	0.0	33.02608451900131	0.0	0.0	1.5225629218226622	68.76388095200913	64.55454197648062	0.0	0.0	0.0	0.0	0.0	0.0	36.32493325544869	0.0	8.726814221786237	0.0	25.427885107991578	0.0	0.0	0.0	0.0	19.14363875865925	0.0	0.0	0.0
GSM4138115_HNSCC_3_TIL_TAAGTGCCATTGGGCC	157.28720420515918	204.26858028116476	199.95891817306213	167.00420124608917	212.82233040431	19.42771247577143	0.0	96.46237945015426	22.602029334393787	7.317011644607556	40.693340529708664	0.0	13.105584450944088	0.0	80.68162065546444	0.0	48.8990198226768	0.0	30.74787184902743	35.82072869003715	10.68583991294797	17.057278267526296	0.0	0.0	0.0	0.0	0.0	0.0	0.0	0.0	2.2554821492086132	0.0	0.0	0.0	0.0
GSM4138115_HNSCC_3_TIL_TACACGATCACCATAG	391.22126841503865	436.7472582312855	281.36042000813984	301.17878930186936	214.903964629522	33.29496666901227	0.0	239.29427815036465	34.606089113146126	60.38147226803299	0.0	0.0	33.50028351355199	0.0	49.520663593726056	75.36853826021725	0.0	35.965182094787885	0.0	0.0	45.78646779962089	0.0	24.611860970821027	0.0	41.649389080064964	35.21949402628997	0.0	0.0	0.0	0.0	0.0	30.369180422773514	0.0	0.0	7.359686236150777
GSM4138115_HNSCC_3_TIL_TCCACACCATTCTTAC	138.74203442867486	364.3136356026706	140.21587741215953	142.31660974030302	115.02152979002796	15.99143396697836	0.0	0.0	38.92551801414515	0.0	67.23249917343927	0.0	8.928348702791455	0.0	20.35271122313839	38.680793430894035	41.129295633484695	0.0	0.0	0.0	0.0	0.0	0.0	9.133640371243049	0.0	0.0	49.91449058716579	0.0	0.0	0.0	0.0	0.0	0.0	0.0	33.13643447975064
GSM4138115_HNSCC_3_TIL_TCTTCGGTCCGAGCCA	230.92271517980944	73.10643272578255	94.12580575221219	0.0	197.08279620058693	346.24531032388757	0.0	0.0	15.135015012047749	0.0	0.0	0.0	0.0	0.0	22.77519883241868	30.083131993418593	0.0	0.0	0.0	0.0	0.0	0.0	23.070345057305822	0.0	30.08898278905139	0.0	0.0	0.0	0.0	0.0	0.0	0.0	20.08192795366156	0.0	0.0
GSM4138115_HNSCC_3_TIL_TCTTTCCTCGCCATAA	54.219912978603325	62.42290056084229	21.52043652089251	55.79579117178449	24.011420736981503	0.0	0.0	0.0	0.0	41.77549261064255	26.865541679400543	0.0	2.3532943002594067	0.0	0.6576637686299219	11.231986068253045	0.0	13.084543798956576	0.0	0.0	0.0	0.0	0.0	0.0	0.0	0.0	3.411264741111248	0.0	0.0	3.6419087532641115	0.0	2.7112832281214514	0.0	0.0	0.0
GSM4138115_HNSCC_3_TIL_TTGGCAATCGAACTGT	219.37491332434618	256.89556708903535	84.69615754850608	0.0	139.6656545548638	0.0	0.0	159.58127460183442	42.191544078784126	159.966830648813	0.0	0.0	37.64998213991048	51.29330385436296	0.0	44.6339775111668	0.0	2.340801051426217	0.0	0.0	56.17285512055835	210.500726667731	0.0	0.0	19.144120046508654	0.0	0.0	0.0	41.35743360462477	0.0	0.0	17.752994502728328	0.0	22.460403526644292	0.0
GSM4138115_HNSCC_3_TIL_AGCAGCCAGAGGGCTT	86.6438143674948	88.92245434975844	0.0	84.05475030213042	101.99307756010907	70.95318105487206	0.0	0.0	12.410629998495015	0.0	55.56047621966916	0.0	0.0	0.0	24.712860247113678	34.688358050812965	28.02938349315508	0.8321706520174322	0.0	0.0	0.0	0.0	10.569462348022151	0.0	0.0	0.0	0.0	0.0	0.0	10.181011934958052	0.0	0.0	7.778420447704379	0.0	0.0
GSM4138115_HNSCC_3_TIL_CCGTACTAGAAACCGC	134.31557900888487	0.0	144.5493639465014	0.0	177.73199360540153	0.0	0.0	87.66302438032979	13.622081947928951	50.75325557679021	0.0	0.0	0.0	0.0	34.33485164093007	0.0	17.501275894745504	7.315203583103921	14.68688054943602	255.08291451428568	15.193291976117939	75.92080486570484	0.0	0.0	0.0	0.0	14.6542562798818	0.0	18.675787137990735	0.0	0.0	13.52450650665227	0.0	0.0	14.50952718849633
GSM4138115_HNSCC_3_TIL_ACGCCAGGTTTGTGTG	125.53485034897584	0.0	95.40988520425755	83.3559075177563	38.444780995200155	0.0	0.0	46.907001010208084	12.22511808882737	15.935504022583935	29.884483385894708	0.0	14.791733924042655	0.0	8.219843132920863	0.0	0.0	6.54837869169396	32.748761183134	193.6469789275889	1.1387256398492638	0.0	7.201673348969994	0.0	25.850424223423545	0.0	13.831180844901311	16.603597935056342	0.0	0.0	0.0	12.167923173238252	0.0	0.0	0.0
GSM4138115_HNSCC_3_TIL_ATGTGTGCAAGCGTAG	56.5546150250622	328.6684962328673	120.99314313138497	97.19561104264584	52.62341459463565	0.0	0.0	0.0	42.37312886614173	16.664719729111624	54.14546197922753	21.938609453944995	5.493449740037162	0.0	0.0	7.90301054600197	28.372588987035925	7.5662356831707065	13.069920710608374	0.0	0.0	0.0	0.0	10.12001880709408	0.0	0.0	40.231707231707695	52.36976557508965	0.0	5.9031482402245326	0.0	0.0	0.0	0.0	11.42051117370436
GSM4138115_HNSCC_3_TIL_CAGCGACAGGTCATCT	165.39468892243158	0.0	131.5230780616402	0.0	138.48478675062472	0.0	0.0	160.71058823805254	23.542146605649492	78.57099549279876	0.0	0.0	19.68047298166471	0.0	47.30659773744031	0.0	0.0	15.672100027205694	68.09493344982822	297.78763303309995	36.54803417462929	260.08560113825564	34.959013238602445	0.0	20.95621332459582	0.0	33.73161886902382	0.0	0.0	0.0	46.3972161075184	0.0	0.0	0.0	0.0
GSM4138115_HNSCC_3_TIL_CATCGGGTCTACGAGT	170.9257666300261	114.71225999452139	3.5284884711430036	176.8877217110821	39.95666614111882	0.0	0.0	0.0	11.282887731421761	56.92054441296554	45.813649869026236	0.0	0.0	50.33629930074125	0.0	0.0	43.19401490640456	3.2111045792258164	18.34204591336321	0.0	1.4448152961994907	0.0	8.100657093085742	0.0	0.0	0.0	0.0	0.0	0.0	0.0	11.480981295207561	0.0	0.0	0.0	0.0
GSM4138115_HNSCC_3_TIL_CTCGGGAGTGACCAAG	105.08612975865867	80.21767927196998	79.33281754118872	46.07704554759402	64.09176899922298	0.0	0.0	0.0	17.18871122145175	30.10463829836309	36.21676903397295	0.0	21.190761357730285	0.0	0.0	0.0	4.826554241760876	0.0	31.78068893084848	0.0	0.0	0.0	0.0	0.0	6.866959452374432	0.0	0.8464744597673253	39.63282164856027	0.0	0.0	0.0	1.3427764681605074	0.0	0.0	7.852694813690856
GSM4138115_HNSCC_3_TIL_TATTACCCAGGACGTA	105.83715180333208	88.64535464313286	17.812518760455077	68.59490072955855	127.06710091727832	0.0	0.0	0.0	6.620434671347787	55.538483566288356	0.0	48.42981842225858	0.0	54.8911259928017	0.0	0.0	0.0	0.0	0.0	0.0	0.0	0.0	0.0	4.471361953440323	0.0	0.0	11.79597626256453	0.0	0.0	7.707725429882324	0.0	0.0	0.0	0.0	0.0
GSM4138115_HNSCC_3_TIL_TCTGGAAGTCCGACGT	41.29552114430217	65.30397819838267	9.772652741293888	115.63840029710512	79.85384685963234	7.083009642263857	0.0	7.926030923115057	7.457180299647178	6.756531581236771	32.65394451743706	0.0	0.8124385680507914	8.100166941199669	13.64067969922217	11.535118297778023	24.17796617797453	15.683691440326756	21.96990711373746	0.0	20.98900090957014	0.0	0.0	0.0	0.0	0.0	1.4652654005393118	0.0	47.92563780863304	0.0	19.351471155909273	3.322814225348708	0.0	0.0	0.0
GSM4138115_HNSCC_3_TIL_TTGCGTCGTTCCACAA	78.33213436849405	154.6191074980559	84.23220371270568	68.63799193715775	28.059134619384075	43.655398196500855	0.0	0.0	27.930564190647033	0.0	116.71656229556754	0.0	0.0	0.0	42.48180914035801	0.0	12.779310883608765	11.321699253098416	0.0	0.0	0.0	0.0	0.0	0.0	0.0	0.0	0.0	0.0	3.5481479200543573	0.0	0.0	0.0	0.0	2.493884480986183	0.0
GSM4138115_HNSCC_3_TIL_GATTCAGAGGCATTGG	60.95374198171442	161.77808011459194	22.372186859297923	42.38818504714196	86.3210505626229	107.03423009517677	0.0	63.155715572258835	7.8414745526082505	0.0	0.0	0.0	3.5061553230426954	0.0	1.940112685479561	3.5882500979612644	0.0	0.0	0.0	0.0	0.0	0.0	0.0	0.0	58.75829452961083	0.0	0.0	0.0	0.0	0.0	0.0	0.0	0.0	0.0	0.0
GSM4138115_HNSCC_3_TIL_AGAGCTTTCGCGTTTC	194.23531133375639	180.8937279864524	101.19984080679768	192.66002535968175	110.0423051522598	3.170209567175161	0.0	5.770977560884971	39.026411938254896	0.0	21.212059027189262	35.07895550453776	8.565295219222698	13.698849959945724	25.674766265170057	41.594495347435405	0.0	0.0	0.0	0.0	3.5462078758981557	0.0	0.0	0.0	0.0	0.0	0.0	0.0	6.378785040316374	0.0	2.1078763360645603	0.0	0.0	14.104858678742714	0.0
GSM4138115_HNSCC_3_TIL_CACACTCTCAACGGCC	157.2458453817579	172.2945968442569	184.2676939712409	126.01259983789011	131.95471707168753	83.39581296964138	0.0	0.0	30.742928557246568	0.0	0.0	171.96363342393988	1.2210271392940257	0.0	103.51418214343121	0.0	0.0	12.65472137643685	21.934445957459022	0.0	0.0	0.0	0.0	0.0	7.784996890266498	0.0	21.605382952367584	0.0	0.0	0.0	0.0	1.0493062816611058	0.0	0.0	5.916372339075671
GSM4138115_HNSCC_3_TIL_CACAGGCAGTAGCCGA	145.152079575018	0.0	70.10218138430184	84.69891937435666	165.08476017058285	65.046542632149	114.66718499807033	0.0	4.798017897351189	0.0	127.26841648913478	0.0	13.185823833188262	30.480469331219464	0.0	0.0	0.0	0.0	54.68697373189154	0.0	2.275100551829294	30.36029951307172	0.0	3.4227963616570705	15.026097837303729	3.8262216425337465	0.0	0.0	4.668367304060062	5.802861680613547	0.0	0.0	0.0	0.0	0.0
GSM4138115_HNSCC_3_TIL_CAGCCGAAGCTCTCGG	285.36078822607664	223.15187735913668	197.71520855850892	199.99424889384	206.2386475860923	0.0	34.00644835942674	114.48049460031469	9.261332842391528	57.914430535796946	0.0	0.0	26.381445307121147	66.9102880321104	0.0	34.715867523823505	0.0	25.38177172060354	0.0	0.0	20.84300071876387	0.0	51.01680440832185	0.0	19.402721402439166	0.0	0.0	0.0	0.0	0.0	0.0	29.344403709003274	69.24351403488143	0.0	0.0
GSM4138115_HNSCC_3_TIL_CATATGGGTTGAGGTG	86.29271947423555	129.68303251414048	48.91509500273851	60.95516177425946	15.743815296456653	16.845634762051528	0.0	60.96923465986714	10.223581466182356	0.0	0.0	0.0	13.349142976600113	0.0	15.757394051459675	0.0	0.0	0.0	0.0	0.0	0.0	0.0	24.40119341356892	0.0	12.643582170336481	0.0	3.327461431062398	0.0	0.0	17.661820052726146	4.271170809896457	0.0	0.0	0.0	0.0
GSM4138115_HNSCC_3_TIL_CCTTCGACATGTTCCC	205.44728124007355	131.2352357413805	139.40626556808212	207.41092896315772	147.58782333126217	74.72243132220015	124.43204081649203	0.0	22.597973743248563	0.0	0.0	114.43011897764526	17.835190199682327	0.0	52.4095282427864	0.39244358427416415	0.0	15.835388657337164	0.0	0.0	9.720018033768376	0.0	0.0	0.0	0.033586265680562326	13.54996314126339	0.0	0.0	3.8368490142472584	0.0	0.0	2.228499043075199	0.0	0.0	0.0
GSM4138115_HNSCC_3_TIL_CGTGAGCTCGATAGAA	33.248759523830905	11.613994894830231	11.220025252364788	12.127536067718806	13.941536815553695	3.7923864519164145	0.0	0.0	0.0	0.0	0.0	3.2888139938785366	5.836069023907552	0.0	6.646200444455192	0.0	0.0	3.059989747859093	3.356845899517229	0.0	0.0	0.0	0.0	1.0326554057673503	0.0	0.0	0.0	0.0	0.0	0.0	0.0	0.0	0.0	0.0	0.0
GSM4138115_HNSCC_3_TIL_CTCGGGAGTTGCCTCT	48.00573327601732	0.0	63.64659895349125	0.0	42.38665759271807	0.0	61.509610023238984	39.58552361901837	16.447336054337388	23.82780632622719	0.0	3.582392107588845	5.744847153477056	0.0	40.626457723536454	0.0	0.0	0.0	12.443528803665592	0.0	26.278478584052632	116.24160696729254	7.87506639628615	0.0	46.363079674410066	2.981746813143704	0.0	0.0	0.0	0.0	0.0	0.0	0.0	0.0	0.0
GSM4138115_HNSCC_3_TIL_CTGATCCGTTCACGGC	273.82995596507044	196.72113202832853	128.08439725602554	93.43734213977893	193.3969028288764	0.0	0.0	0.0	35.15504504087477	175.66242091765469	0.0	166.8833487068579	12.40840531722553	108.92744652923135	0.0	0.0	22.5436752652502	7.0659416062502025	20.702316663509855	0.0	15.833097919110878	75.8265234497729	0.0	17.335317194174962	0.0	0.0	0.0	0.0	21.819901787534167	0.0	0.0	0.0	0.0	0.0	0.0
GSM4138115_HNSCC_3_TIL_CTTACCGGTTCGCGAC	181.52768386032582	0.0	140.13985129595534	60.11204457550372	149.71150633865966	73.00129823548455	231.07298553650202	0.0	38.32342398998666	0.0	0.0	110.35965814567435	33.129687591422325	32.06627989655605	13.28606100014304	0.0	0.0	12.710091112882727	51.921425014761375	0.0	36.007571654779305	115.02574443621559	0.0	0.0	5.829860292846769	34.97112385266548	0.0	0.0	25.61679120417452	0.0	20.219268687575862	0.0	0.0	0.0	0.0
GSM4138115_HNSCC_3_TIL_GACTACACATCTCGCT	184.7287638973217	44.53644746470036	114.6036200089588	23.055122314072623	157.9817344120934	99.01027603328515	158.75551097135303	0.0	27.784598605623835	0.0	0.0	99.0107135484787	28.57324053104515	49.92288781528123	0.0	0.0	0.0	5.731922355640849	42.86720281704931	0.0	2.8834884793236686	161.1032319181284	0.0	0.0	7.440196437751652	23.42355365845326	0.0	0.0	29.923233257037992	0.0	15.403211477925446	0.0	0.0	0.0	0.0
GSM4138115_HNSCC_3_TIL_GTAGTCACATTCACTT	22.875777424405907	48.89499744901655	27.14739238425963	39.58745801217123	26.11300564306503	0.0	0.0	22.83453571438242	2.7252665581260453	25.7455020237419	19.736847200996323	0.0	4.913940549970174	9.893662156314853	0.0	0.0	0.0	2.658991199842884	3.7621127731733823	0.0	0.0	0.0	0.0	0.0	0.0	0.0	0.0	0.0	0.0	0.0	4.671815983323033	0.0	0.0	0.0	2.4905542376517764
GSM4138115_HNSCC_3_TIL_GTCTCGTTCGGTTAAC	296.7414208323586	226.8189829423387	252.97608704081577	211.14398458156828	231.23157760915527	53.183448862555814	10.938086613059541	99.33643493189348	42.70474320300504	0.0	0.0	0.0	18.79669473244469	0.0	62.48534813729665	33.42495913697276	0.0	17.947331719704422	0.0	0.0	0.0	0.0	62.42994551060806	20.164094305663436	23.126402088287445	0.0	41.633494377163906	0.0	0.0	34.150105315984455	0.0	0.0	0.0	0.0	0.0
GSM4138115_HNSCC_3_TIL_GTTCATTCACTTAAGC	26.39587834091949	0.0	35.8249783544197	0.0	88.05349457125732	0.0	19.485965165219785	28.462442804658178	12.11751550794861	19.348438642647366	43.662482009635724	0.0	2.3705432299273883	12.428648603219509	0.0	0.0	0.0	3.2749227113455683	37.128504509893524	0.0	12.533799442880474	8.537280335053055	2.3223120690202683	0.0	12.647610092680548	22.688464060092716	0.0	0.0	0.0	0.0	0.0	0.0	0.0	0.0	0.0
GSM4138115_HNSCC_3_TIL_TACTCATTCGGAGCAA	435.9885630425996	302.41093578051994	168.48379824150695	130.14400616863534	177.96326776566062	0.0	50.01975014397043	126.0629483685751	43.9308486268789	160.16832150432282	0.0	0.0	24.083556946413065	126.95195574103539	0.0	0.0	0.0	8.402758175819592	28.54331170508111	0.0	23.867326011744865	0.0	20.606190365228258	0.0	22.34625562735202	0.0	34.080878941333914	0.0	0.0	0.0	51.24009089250149	0.0	6.31871651659413	0.0	0.0
GSM4138115_HNSCC_3_TIL_TGACTAGGTTAAGTAG	48.24729449803539	11.380748127389955	24.7729090780191	87.52009964588389	39.34959980139316	0.0	32.77799170994318	57.084922062946404	0.0	5.831874904138949	0.0	33.4771850466221	0.0	1.7931645722881027	0.0	0.0	0.0	0.09674407020013624	0.0	0.0	0.0	0.0	0.0	0.0	0.0	0.0	0.0	1.3835364342960972	0.0	0.0	0.0	0.0	0.0	1.1694602820548177	4.274692108842936
GSM4138115_HNSCC_3_TIL_TGTCCCATCTGCTGTC	23.457139737689157	80.9417339917798	53.7102971015809	71.27688639356937	47.833259140567634	34.3689482317668	0.0	0.0	27.18372066606281	13.13437069131713	0.0	28.113254721225093	2.9162892997961123	0.0	14.158374223671307	0.0	0.0	0.0	3.1922221557930612	0.0	0.0	0.0	2.0870413660007743	0.0	8.49710028816946	0.0	18.183177360889697	0.0	0.0	4.6082955944649155	3.3071769224726433	0.0	0.0	0.0	0.0
GSM4138115_HNSCC_3_TIL_TGTTCCGTCTGCGTAA	158.2048815800261	105.8589599142848	60.378955626257486	57.92605813862612	134.4820038601485	26.209669607282233	0.0	70.39511688727612	8.094404175483875	0.0	0.0	0.0	12.556513300522754	7.636510543233108	63.282656571266266	0.0	0.0	8.36618477095292	25.832886249441135	0.0	0.0	56.100316683096494	5.418571384817784	0.0	13.166302757053645	0.0	11.582329071838535	0.0	0.0	0.0	19.516672124907362	0.0	0.0	0.0	0.0
GSM4138115_HNSCC_3_TIL_TTTACTGGTCGGCATC	175.0004111215847	92.85249978079257	101.55503154571323	76.21181088456761	97.87945336618303	0.0	82.23640845101103	95.15325585720562	30.597923687334653	130.45092428358655	0.0	38.0777566342477	3.645330363356302	57.66587102971305	0.0	0.0	0.0	2.013381248548299	55.77915367213918	0.0	0.0	12.295519081015753	23.495906769482765	0.0	55.480770429106485	23.622085865115256	0.0	0.0	0.0	0.0	24.13124244210659	0.0	0.0	0.0	0.0
GSM4138115_HNSCC_3_TIL_ATTATCCTCGGCATCG	189.73914510394152	70.49029447437391	78.06760194022816	78.8660926853395	68.83400676783899	0.0	0.0	0.0	33.77172493502804	14.003187785835232	0.0	48.71237445325711	0.0	60.752626926359845	0.0	0.0	0.0	4.757641776579252	46.701618895009354	0.0	19.592049597553842	0.0	0.0	0.0	10.99441996937152	0.0	0.0	0.0	14.947104224541784	12.981307057737313	5.77583785585772	0.0	0.0	8.622329217107605	0.0
GSM4138115_HNSCC_3_TIL_AGAGCGAAGCAGGCTA	58.15760152132623	114.05554465621873	105.38141141785914	217.31879971945443	55.401209129256394	60.2422463684176	25.306619405291816	0.0	17.741244735621972	0.0	40.44311698918443	0.0	18.29284620484425	0.0	20.328844067209662	8.548925333787503	9.490333748659618	28.03217231196786	0.0	0.0	0.0	0.0	0.0	4.725362670526544	0.0	6.694209370346756	0.0	0.0	61.43341614023841	3.4319532018869077	0.0	0.0	0.0	0.02640280524323457	0.0
GSM4138115_HNSCC_3_TIL_ATCCACCGTTGTGGAG	24.49444357291542	40.94259600439866	40.6770837449255	66.67924509783026	37.612704948516395	27.180648779543297	0.0	0.0	0.0	0.0	0.0	23.181219827077843	2.60411772355816	0.0	21.659030770761287	7.617765895498518	0.0	0.0	0.0	0.0	0.0	0.0	0.0	0.0	0.0	0.0	6.050012712768566	8.081698514877012	0.0	0.0	11.787930730718717	0.0	0.0	0.0	0.0
GSM4138115_HNSCC_3_TIL_ACACTGAGTAGCTAAA	0.0	0.0	0.0	0.0	0.0	0.0	0.0	0.0	0.0	0.0	0.0	0.0	0.0	0.0	0.0	0.0	0.0	0.0	0.0	0.0	0.0	0.0	0.0	1773.396316438541	0.0	0.0	0.0	0.0	0.0	0.0	0.0	57.25454009037756	0.0	0.0	0.0
GSM4138115_HNSCC_3_TIL_AGCGGTCAGTGAATTG	34.01045500216566	0.0	50.89991544685028	38.65581449821268	0.0	0.0	0.0	0.0	0.0	56.85807005810934	0.0	0.0	24.80968945027208	167.26647121589443	0.0	2.8929210528567024	86.52062262752601	89.88975075298282	0.0	58.30937078786197	72.50888020501789	0.0	27.881975571023133	0.0	0.0	0.0	0.0	0.0	0.0	14.259492360981415	1.1848020469199843	0.7549287280594347	0.0	10.935159466904953	0.0
GSM4138115_HNSCC_3_TIL_CCACCTAGTGCAGGTA	0.0	0.0	0.0	0.0	0.0	0.0	0.0	0.0	0.0	0.0	0.0	0.0	0.0	0.0	0.0	0.0	0.0	1501.2478638708042	0.0	0.0	0.0	0.0	0.0	0.0	0.0	0.0	0.0	0.0	0.0	0.0	0.0	0.0	0.0	0.0	0.0
GSM4138115_HNSCC_3_TIL_CTCACACCAACTTGAC	0.0	0.0	0.0	0.0	0.0	0.0	0.0	0.0	0.0	0.0	0.0	0.0	0.0	0.0	0.0	0.0	1625.7666272613822	0.0	0.0	0.0	0.0	0.0	0.0	0.0	0.0	0.0	0.0	0.0	0.0	0.0	0.0	0.0	0.0	0.0	0.0
GSM4138115_HNSCC_3_TIL_GACGTGCAGGTGCACA	2.002510666283416	50.420272834127026	0.0	0.0	21.623320772422193	0.0	0.0	0.0	9.062322896015226	2.1304351660473406	0.0	22.539160769217727	151.51367850355268	399.04107076449156	0.0	8.14885304368218	184.3172896917331	158.0259162606565	0.0	0.0	0.0	0.0	0.0	0.0	0.0	102.18872826109543	0.0	0.3924585655984068	187.2125389349923	119.86871923460153	0.0	140.002983105952	0.0	29.86098665485796	0.0
GSM4138115_HNSCC_3_TIL_GAGGTGACAGTCAGAG	0.0	0.0	0.0	0.0	0.0	0.0	0.0	0.0	0.0	0.0	0.0	0.0	0.0	0.0	0.0	0.0	0.0	0.0	0.0	0.0	1470.9410759370412	0.0	0.0	0.0	0.0	0.0	0.0	0.0	0.0	37.030496789551066	0.0	0.0	0.0	0.0	0.0
GSM4138115_HNSCC_3_TIL_GCAGCCAAGGTGTGGT	0.0	0.0	0.0	0.0	0.0	0.0	0.0	0.0	0.0	0.0	0.0	0.0	1462.7367615086052	0.0	0.0	0.0	0.0	0.0	0.0	0.0	0.0	0.0	0.0	0.0	0.0	0.0	0.0	0.0	0.0	0.0	0.0	0.0	0.0	0.0	0.0
GSM4138115_HNSCC_3_TIL_TACCTTACAAGCTGAG	0.0	0.0	0.0	0.0	0.0	0.0	0.0	0.0	0.0	0.0	0.0	0.0	0.0	0.0	0.0	0.0	0.0	0.0	0.0	0.0	0.0	0.0	1630.4832015149696	0.0	0.0	0.0	0.0	0.0	102.16689961613406	0.0	0.0	0.0	0.0	0.0	0.0
GSM4138115_HNSCC_3_TIL_TCACGAAAGCTACCTA	0.0	0.0	0.0	0.0	0.0	0.0	0.0	0.0	0.0	0.0	0.0	0.0	0.0	0.0	0.0	0.0	0.0	0.0	0.0	0.0	0.0	0.0	0.0	0.0	0.0	1785.9651994190353	0.0	0.0	0.0	0.0	0.0	0.0	0.0	81.78750323678706	0.0
GSM4138115_HNSCC_3_TIL_TCGAGGCCAGCGTTCG	0.0	0.0	0.0	0.0	0.0	0.0	0.0	0.0	0.0	0.0	0.0	0.0	0.0	2125.778195659479	241.69760838673656	0.0	0.0	0.0	0.0	0.0	0.0	0.0	0.0	0.0	0.0	0.0	0.0	0.0	0.0	0.0	0.0	0.0	0.0	0.0	0.0
GSM4138115_HNSCC_3_TIL_TCGAGGCAGAACAACT	25.269290098570735	0.0	98.32224741602462	6.834813426773205	1.7073218193063533	69.75536527631918	36.38925962138283	70.13479766430123	4.900967192405492	0.0	0.0	25.789086425825225	4.017857243140162	0.0	0.0	0.0	0.0	0.0	23.38284745727233	0.0	1.42323971962061	8.390247390105504	0.0	0.0	0.4191450049179143	0.0	0.0	0.0	0.0	0.0	5.362495285497933	0.0	0.0	12.499682999782193	3.9410882109904724
GSM4138115_HNSCC_3_TIL_ACACTGATCAACACTG	0.0	0.0	0.0	0.0	0.0	0.0	0.0	0.0	1568.9743809967842	0.0	0.0	0.0	0.0	0.0	0.0	0.0	0.0	0.0	0.0	0.0	0.0	0.0	0.0	0.0	0.0	0.0	0.0	0.0	0.0	0.0	0.0	0.0	0.0	0.0	0.0
GSM4138115_HNSCC_3_TIL_CAGCATACACGTCAGC	0.0	0.0	0.0	3203.6062285512908	0.0	0.0	0.0	0.0	0.0	0.0	0.0	0.0	0.0	0.0	0.0	0.0	0.0	0.0	0.0	0.0	0.0	283.20048695957695	0.0	0.0	0.0	0.0	0.0	0.0	0.0	0.0	0.0	0.0	0.0	0.0	0.0
GSM4138115_HNSCC_3_TIL_CATATGGAGTACACCT	83.81028099033892	35.60890325495096	5.893024039788231	159.73515096376468	70.96281468920117	15.267645142814857	0.0	0.0	37.318865147462574	21.718777271936318	1.7707166501389675	96.80986213972916	2.5750624265674675	0.0	11.443122511939382	2.751902247771219	0.0	0.0	0.0	0.0	7.693783069076256	0.0	0.0	0.0	0.0	0.0	0.0	0.0	0.0	0.0	0.0	3.1523017198840497	10.801685605391814	0.0	0.584394438379816
GSM4138115_HNSCC_3_TIL_CCCTCCTAGGGCTTGA	0.0	0.0	3699.400111371788	0.0	0.0	0.0	0.0	0.0	0.0	0.0	0.0	0.0	0.0	0.0	0.0	0.0	0.0	0.0	0.0	0.0	0.0	0.0	0.0	0.0	0.0	0.0	0.0	0.0	0.0	0.0	0.0	0.0	0.0	0.0	0.0
GSM4138115_HNSCC_3_TIL_CGAATGTCAGATGGGT	90.53688360762195	194.44300834155274	189.86590842219258	237.6616542096517	43.848213767398406	69.43074345647123	0.0	0.0	99.12858055465843	0.0	0.0	158.7739900096843	0.0	0.0	13.351204208277263	1.8787965850868356	7.765430755107135	14.36980475941722	0.0	0.0	0.0	0.0	0.0	0.0	0.0	0.0	24.184315847555652	0.0	0.0	27.6591356867525	2.071721869238865	0.0	1.9326056452534024	0.0	21.36488375053979
GSM4138115_HNSCC_3_TIL_CGGCTAGCAGCTGGCT	0.0	0.0	0.0	0.0	3454.4310711907606	0.0	0.0	0.0	0.0	0.0	0.0	0.0	0.0	0.0	0.0	0.0	0.0	0.0	0.0	0.0	0.0	0.0	0.0	0.0	0.0	0.0	0.0	0.0	0.0	0.0	0.0	0.0	0.0	0.0	0.0
GSM4138115_HNSCC_3_TIL_CGTGTCTTCTTCGGTC	140.54506246917092	72.02202293881193	133.50003493720212	188.73232404284315	165.24468319943674	1.4067025629404766	0.0	0.0	30.53230134006768	64.99648842771715	0.0	177.77479786040507	0.0	5.991341267508295	0.0	45.04217876128223	0.0	0.0	0.0	0.0	0.0	0.0	0.0	0.0	73.83086548813412	0.0	30.947737047894492	13.22358859899956	0.0	18.730355250444664	0.0	0.0	0.0	0.0	5.9265571258830825
GSM4138115_HNSCC_3_TIL_CTCGTCAGTCGCATAT	194.93917224861588	146.7200740067886	72.84232071933874	362.90196874327876	90.05408342890856	0.0	0.0	78.84196318018093	1.9909584780623806	56.64411358452741	117.9206748281811	0.0	1.7011976376694034	0.0	0.0	0.0	11.960603499038866	0.0	14.366910194273002	0.0	0.0	0.0	0.0	0.0	0.0	0.0	0.0	44.626199973169875	0.0	0.0	0.0	0.0	5.414361012522924	0.0	0.0
GSM4138115_HNSCC_3_TIL_GGTGCGTTCTCCTATA	5596.987737611485	0.0	0.0	0.0	0.0	0.0	0.0	0.0	0.0	0.0	0.0	0.0	0.0	0.0	0.0	0.0	0.0	0.0	0.0	0.0	0.0	0.0	0.0	0.0	0.0	0.0	0.0	0.0	0.0	0.0	0.0	0.0	0.0	0.0	0.0
GSM4138115_HNSCC_3_TIL_GTTCGGGAGACTACAA	0.0	0.0	0.0	0.0	0.0	3468.600443312153	0.0	0.0	0.0	58.96681400662701	0.0	0.0	0.0	0.0	0.0	0.0	0.0	0.0	0.0	0.0	0.0	0.0	0.0	0.0	0.0	0.0	0.0	0.0	0.0	0.0	0.0	0.0	0.0	0.0	0.0
GSM4138115_HNSCC_3_TIL_GTTCGGGTCACAATGC	0.0	0.0	0.0	0.0	0.0	0.0	0.0	2819.8532696842212	0.0	0.0	0.0	163.82225647120515	0.0	0.0	0.0	0.0	0.0	0.0	0.0	0.0	0.0	0.0	0.0	0.0	0.0	0.0	0.0	0.0	0.0	0.0	0.0	0.0	0.0	0.0	0.0
GSM4138115_HNSCC_3_TIL_TGGCGCAGTTAGTGGG	243.35563877014994	0.0	384.6222612911159	304.2291286623555	139.5449050506431	255.14294751937612	0.0	0.0	18.226137001334234	0.0	39.46395451314365	0.0	0.0	0.0	0.0	26.483830353091644	0.0	45.530992441980665	0.0	79.01871981116584	0.0	0.0	0.0	0.0	5.897952755075821	0.0	0.0	54.484880140399824	0.0	4.098502388157789	13.444551808455762	0.0	0.0	0.0	0.0
GSM4138115_HNSCC_3_TIL_TTTATGCTCACCTCGT	193.1590576359735	0.0	141.49561855289156	1.9086869578732828	86.60566619843149	20.907987544879447	235.8167741651003	0.0	25.916313661061615	0.0	94.79465740885074	86.90862349608709	0.0	0.0	36.52528412901011	0.0	16.24835167878426	0.0	15.412708379877074	0.0	0.0	217.7862419121363	0.0	12.754926002215408	15.303531927153784	0.0	0.0	0.0	29.98042095953611	14.788773985056146	0.0	0.0	0.0	35.489506554099975	0.0
