	1	2	3	4	5	6	7	8	9	10	11	12
GSM4138115_HNSCC_3_TIL_ACCTTTAGTACATCCA	245.02560781839	77.40666942610508	0.0	152.13714861669249	74.08833305051712	215.9922607314802	41.93497530944665	0.0	0.0	0.0	36.02618297438839	17.350389577807306
GSM4138115_HNSCC_3_TIL_CAACCTCCATGCAATC	267.7929159263587	89.44580825078654	0.0	140.1981675721513	57.383707949318904	173.9253087750779	58.06952317094844	7.606850669092713	66.3627663124847	0.0	55.96216063464876	8.42797867524933
GSM4138115_HNSCC_3_TIL_CACACTCAGCCGCCTA	190.91342779493698	133.87875117540898	0.0	112.14766460771817	146.6513872144678	151.85720147069893	27.471762876170533	0.0	17.995575380256337	0.0	11.775930403700368	15.72199263083341
GSM4138115_HNSCC_3_TIL_CATGCCTTCAAAGTAG	376.9178909236587	214.65032625923547	0.0	243.08566036763105	116.27239641552528	260.04156922054364	49.501820389828524	0.0	35.73895552066239	0.0	25.88137605733349	7.611956999288943
GSM4138115_HNSCC_3_TIL_CATGGCGTCATCTGCC	231.74102716505024	85.99547090365229	0.0	117.32931742983918	59.37512445479255	202.64033303174384	65.98777482752956	0.0	17.12675526933101	0.0	20.991309634099668	12.345274463852357
GSM4138115_HNSCC_3_TIL_CCTTCGAGTTAAGAAC	94.50874362889111	119.99216313261368	0.0	149.14457679288017	105.92554814854036	166.5209042307166	47.3650808529222	0.0	6.73600263371458	0.0	12.139606510138425	29.121163072425375
GSM4138115_HNSCC_3_TIL_CGTGAGCAGATATGCA	154.87938069066476	211.0259727855153	0.0	212.96395212115513	165.24742649764102	219.21978071800828	117.58437058981593	0.0	0.0	9.8510130291522	8.911589581073292	32.364075623657435
GSM4138115_HNSCC_3_TIL_CTAATGGTCCTGCCAT	106.14760781642705	93.49007659138891	78.31187711206033	151.02386245727953	82.87751662055568	96.756573538526	14.54754376538296	0.0	0.0	14.284744221807134	33.60448228391073	7.36500859214487
GSM4138115_HNSCC_3_TIL_TACTCGCAGCTAAACA	160.5874817941242	9.60864883411774	85.00048836286072	57.87517920235393	14.043960871336429	0.0	0.0	4.921693095285276	2.7353390025444644	0.0	1.0276200519424101	1.9089843089784244
GSM4138115_HNSCC_3_TIL_TTCTACACAGAAGCAC	148.82196599588718	3.9456249837798354	87.08198611932814	32.34239917408032	45.94985297882873	0.0	13.503259853898626	0.0	0.0	8.262449110727502	4.7671568512606735	4.7091645676601726
GSM4138115_HNSCC_3_TIL_TTGGAACTCGTCGTTC	132.88808021186767	116.05454388093762	88.20833361778168	108.26887727001785	104.96614489109291	0.0	14.403783401447845	0.0	48.23589904032994	0.0	12.100117603881662	6.927970200547599
GSM4138115_HNSCC_3_TIL_GACCAATGTCGCTTCT	132.29256735687537	97.34470079019682	0.0	53.18351658920381	0.0	190.65245326392858	44.1087024445271	0.0	139.1984709716393	0.0	12.868144106109506	19.644748889960358
GSM4138115_HNSCC_3_TIL_AAACGGGCAGATCCAT	714.9181202076189	63.587999472525674	9.447759881752445	68.46281823821342	124.09369409207191	101.81891429264938	0.0	56.73044954934035	107.20308514892876	0.0	15.33418136683635	9.432698826852729
GSM4138115_HNSCC_3_TIL_AACTCAGGTAAGTAGT	588.9498303490573	41.681509311036564	0.0	86.53905971589268	13.402878721939574	32.89402216116241	16.576617118294077	0.0	0.0	41.82082927446876	49.19134460129223	0.0
GSM4138115_HNSCC_3_TIL_ACTTGTTGTGCGATAG	399.3009433203313	120.63944576358038	0.0	183.57358733507775	48.28737381835572	141.79966543403623	6.013905116739379	29.710156916896228	22.214170748539676	0.0	69.04237012846525	0.0
GSM4138115_HNSCC_3_TIL_AGTCTTTCACTGAAGG	510.40345100931796	27.462495485316676	253.9502803830829	139.37267312454415	105.24723798298348	0.0	75.33856931332402	0.0	0.0	25.272645781897147	2.639137154008944	6.714626927171041
GSM4138115_HNSCC_3_TIL_CAAGATCGTGCAACGA	2460.3640698537674	0.0	0.0	0.0	0.0	0.0	0.0	0.0	0.0	0.0	0.0	0.0
GSM4138115_HNSCC_3_TIL_CAGAATCAGCCCAACC	816.6822262765207	60.688538276294736	0.0	84.78034472926927	109.58074100716367	51.36381020864861	64.51897023578593	0.27407323812668566	115.23134704867114	0.0	2.933690646412095	0.0
GSM4138115_HNSCC_3_TIL_CCGGTAGTCATAACCG	1221.7225753005232	6.4569219837887495	0.0	26.02149836855829	77.40893960620933	88.56594688138831	95.94520904680257	0.0	101.60192079182855	0.0	27.479463293765694	17.028537540775655
GSM4138115_HNSCC_3_TIL_CTCCTAGCAGATAATG	2980.7769489897773	47.33478904281602	5.865923586008165	37.77510426113654	6.499317688496984	0.0	0.0	0.0	0.0	13.888219977599839	0.0	0.0
GSM4138115_HNSCC_3_TIL_GAACCTACATTGGGCC	127.10656212334527	61.0870175645795	144.4649392474973	76.07551548886835	21.432210292843276	0.0	0.0	35.04033257325911	29.414681079850133	0.0	28.732039294976087	5.583764398671457
GSM4138115_HNSCC_3_TIL_GGACGTCTCCTCAACC	724.5393083683942	0.0	0.0	0.0	0.0	24.118953288807607	0.0	0.0	0.0	0.0	10.767100549085493	9.607981472996979
GSM4138115_HNSCC_3_TIL_GGATGTTGTGTTTGTG	714.0172163514325	98.71674051434049	163.34266089938188	43.81556233117443	47.07375486396073	0.0	8.182533899325719	45.14611132830704	81.74374828378849	0.0	0.0	0.0
GSM4138115_HNSCC_3_TIL_GGCAATTCATGGAATA	611.7780424541928	88.5403961664636	198.1186724909864	99.6308590341428	46.27335288360992	0.0	2.97041136547871	47.85983557353292	0.0	0.0	0.0	18.706340140527253
GSM4138115_HNSCC_3_TIL_GTCTCGTAGAAACCTA	88.29876829185585	81.82766856754488	23.573306600908232	35.85294233121761	0.23780130044780304	19.08684231859244	0.0	0.0	0.0	8.402567245497513	4.449738234101599	0.0
GSM4138115_HNSCC_3_TIL_TAGCCGGAGTCGTTTG	1368.353247544534	0.0	0.0	9.206053360898505	0.0	0.0	0.0	11.891311331731629	0.0	0.0	1.9807770683796995	15.733070150257175
GSM4138115_HNSCC_3_TIL_TTAGTTCAGACAAGCC	658.5338885989755	121.24112438844134	0.0	28.944807864749233	135.19109186172506	0.0	23.291258678782743	0.0	20.068706261909334	0.0	22.084351222338498	29.124669287019884
GSM4138115_HNSCC_3_TIL_ACACCAAGTCCAGTGC	175.35595447359606	21.02762432613091	0.0	169.7832421884688	0.0	129.53669917544036	0.0	30.169587655574905	51.564221412381826	0.0	9.299535109522557	11.55460118333933
GSM4138115_HNSCC_3_TIL_AGCCTAACACACCGAC	105.8500137893899	66.53782476072824	0.0	221.52854760701507	67.08006925741675	82.06211839158775	0.0	0.0	0.0	57.37373809829192	20.135785785143113	7.928342083039951
GSM4138115_HNSCC_3_TIL_CTAATGGCACCCATGG	105.16877524556506	96.6395664840982	0.0	165.11344833352976	16.548707744925498	148.43986293593352	34.4645654114964	0.0	65.0625072085439	0.0	30.321748064260237	20.704214109327648
GSM4138115_HNSCC_3_TIL_ATGAGGGTCCATTCTA	73.00865494926128	40.589785259360816	0.0	335.7104493214485	97.83618717772642	188.78494055511936	0.0	21.461844763706566	0.0	0.0	37.31099896693078	28.06019617752631
GSM4138115_HNSCC_3_TIL_GTCATTTGTATGGTTC	161.98552612486307	100.71910506432698	0.0	195.1163052653435	14.163656849334055	111.98454166584317	0.0	0.0	0.0	1.1385430500094402	54.23486607684729	7.373585392409631
GSM4138115_HNSCC_3_TIL_CAGATCACAGACGCAA	177.17226193728644	69.76630798028685	0.0	167.53111233434737	24.227187734412688	226.02648376745415	22.25552036659012	0.0	14.193799595584865	0.0	49.302695550324344	8.75849961507046
GSM4138115_HNSCC_3_TIL_AAACCTGAGCGATAGC	197.22461871228464	31.549427059236102	0.0	52.953658797450395	22.440652837794815	103.20363629047583	0.0	0.0	0.0	30.590589433459378	3.687600475543872	5.733483311862892
GSM4138115_HNSCC_3_TIL_AGAGTGGAGGCGTACA	200.16305844564698	109.69903808058015	0.0	142.06250378977586	41.96775827826458	138.05354587228464	25.003976539232948	0.0	0.0	31.571318302690223	21.51144349318019	10.297229360655663
GSM4138115_HNSCC_3_TIL_ATTACTCGTAAATGAC	44.76247378688803	176.52933623052994	166.7899040832058	97.15314473618307	26.201735971299748	0.0	86.29745638567893	0.0	0.0	80.20146106386389	29.76487868428947	0.0
GSM4138115_HNSCC_3_TIL_CCATGTCCAATGGATA	126.29804232262877	55.639937879640996	0.0	79.48948087637847	136.06390174607932	103.37181250362629	0.0	41.274012689190045	27.33203189899704	0.0	15.523117221382496	17.47881695135221
GSM4138115_HNSCC_3_TIL_CGTTAGATCGCAAGCC	43.38336649573882	77.57769336356127	173.248039742282	272.10438483524416	116.40438831401254	0.0	40.93626445863106	0.0	0.0	15.900181817544613	8.681191148825276	0.0
GSM4138115_HNSCC_3_TIL_GTTCATTTCGCACTCT	51.96996975545072	115.67360343878335	320.22815461609383	115.79414194909758	126.48752958412665	0.0	26.086932992332276	0.0	0.0	32.09404968933459	23.734666753756954	0.0
GSM4138115_HNSCC_3_TIL_ACTGATGTCCACGTTC	182.6022233894305	118.28439543174795	0.0	103.50623202673577	93.76586071703468	130.85772059217229	0.0	54.4671913192438	27.81218821271521	0.0	14.340715424960342	15.37468335486309
GSM4138115_HNSCC_3_TIL_CGGCTAGAGCGTTGCC	77.78656581900155	61.64806818033322	185.90815010182527	107.86999848646524	86.8420460126289	0.0	9.056193383533989	0.0	0.0	6.28958716389116	7.7420249930790765	4.100789366850268
GSM4138115_HNSCC_3_TIL_GACTACAGTGCGATAG	124.37417024849339	71.00483391121162	172.9243890530251	102.6764936657866	19.83553665652866	0.0	43.73363714986915	0.0	0.0	101.69290873315383	9.073244054935884	0.9314487817372917
GSM4138115_HNSCC_3_TIL_AACTTTCTCCCTCAGT	112.02367672067486	148.88050466636918	102.10307567362058	235.02346611029083	177.9233869128938	324.0633691532133	92.42945363337684	0.0	74.43037452963083	0.0	12.543395961565643	8.220964658315538
GSM4138115_HNSCC_3_TIL_ACGGGCTTCACCTTAT	41.416314999714245	126.9871175894775	0.0	171.7611307123024	66.13716840261154	215.86018234348222	64.6037548539392	0.0	50.56832227785028	0.0	42.28197179650002	3.814997239504378
GSM4138115_HNSCC_3_TIL_ATTATCCGTGCCTGCA	119.64560093581487	164.5737941446993	0.0	155.07885346780083	203.40428943896242	316.6867368597272	120.00957393133238	0.0	70.08260532033421	0.0	23.469775376469315	2.24335685945584
GSM4138115_HNSCC_3_TIL_CCTCAGTAGCGTGTCC	136.61578580980049	115.57588533739671	267.2223046625855	98.66586611644134	89.92426892530685	0.0	96.92543419112623	0.0	32.158678308960134	0.0	19.947450802390165	0.0
GSM4138115_HNSCC_3_TIL_CGCCAAGCACGAAACG	109.1036649829011	118.74986148629998	19.868303593952632	117.59704570519366	165.2584931791911	270.41023125501584	54.49748443894483	0.0	28.988269172851275	0.0	8.118868852754652	23.810195560246136
GSM4138115_HNSCC_3_TIL_CGCTATCAGCCAGGAT	115.78371709259467	171.21659339546957	240.94525853366986	124.87925579106137	145.09579836270046	0.0	29.434229806029695	71.05077974712273	103.83166037048116	0.0	15.734135806845618	1.6920430343811366
GSM4138115_HNSCC_3_TIL_CGTGAGCAGAACTCGG	106.69009053520115	103.06268741875621	237.7043746826846	130.0320657810485	84.62199737119563	0.0	66.58154821926405	0.0	88.861484745325	0.0	0.0	6.440354741164997
GSM4138115_HNSCC_3_TIL_CTCGTACCAAACCCAT	55.05973861499391	139.15977305106742	331.13918794987023	98.03627202129684	141.02814359172396	0.0	69.13527140643295	0.0	45.183640727542354	0.0	7.189178761317705	23.91135630313259
GSM4138115_HNSCC_3_TIL_GATCTAGTCATGCATG	117.80479814057524	286.8074268415246	699.8681605191551	225.11149739285037	513.1605665624927	0.0	182.41428957908573	0.0	95.92384583313562	31.97675795507311	54.32861276810787	27.11505013183003
GSM4138115_HNSCC_3_TIL_GCATGATAGCAGCGTA	73.2694982457778	59.947632884047344	188.68871143014596	13.815146184976363	103.9907232095056	0.0	20.629666982540385	0.0	18.039651925588363	0.0	7.256484847725259	14.369563151838376
GSM4138115_HNSCC_3_TIL_GCATGCGCAAGTCTAC	41.228407571751596	67.7188197274659	163.18498582521616	68.6855932769069	117.05142967311474	0.0	0.0	0.0	40.675545350239396	0.0	5.183655338677826	5.925926354988107
GSM4138115_HNSCC_3_TIL_GTAACTGCAGGTCCAC	125.16959674992627	103.11538998564146	260.505843279768	195.6494805665101	159.61456364021484	0.0	86.89845822549543	0.0	104.90508072439663	0.0	6.586778847075076	12.426345710721579
GSM4138115_HNSCC_3_TIL_GTACTTTTCTCATTCA	80.72490794023243	96.80646687960042	156.01262608080373	101.01705513092666	122.03756064332465	0.0	0.0	201.36876970221175	110.9537351241205	0.0	11.895711385231436	5.1574297589254305
GSM4138115_HNSCC_3_TIL_GTGCAGCAGTGCCATT	59.31228965006348	111.88012792071781	0.0	173.5242127549582	94.00107178882703	171.60050500150356	89.24258156973835	0.0	56.94460690476153	0.0	31.55408484402764	5.085282269799995
GSM4138115_HNSCC_3_TIL_GTTCGGGCAAACGCGA	95.86992773024559	48.99099471192892	0.0	134.1861423480543	111.75324949631167	271.78723492232746	78.6353574462263	0.0	80.05994238544847	0.0	2.5241983932108236	22.767166977787742
GSM4138115_HNSCC_3_TIL_TCTCTAATCGGTCTAA	110.7240984716199	137.08891832319034	134.34899355350328	84.04337898644256	124.64422120037258	114.75546626819606	36.82202873203852	0.0	88.33483828635137	0.0	64.16163696514482	0.23463436343671137
GSM4138115_HNSCC_3_TIL_TGCCAAAAGGATCGCA	81.04039794603109	88.854834116757	0.0	162.38659844249668	79.03605997708571	303.668803036294	31.245336400563364	0.0	52.55896407906681	0.0	16.07957955514078	21.471838378319024
GSM4138115_HNSCC_3_TIL_TGTGGTATCAACGCTA	68.38788507679958	125.71808052400938	93.50772796396882	136.02272690913296	156.42940821840855	98.33656020571816	92.28564962347613	0.0	68.7138199506025	0.0	39.9073787364836	8.743422365579944
GSM4138115_HNSCC_3_TIL_TTGGAACTCTTGAGGT	84.05155453724565	95.85290831077347	239.95713294052965	95.21352708835462	80.8371822221994	0.0	44.81454542300128	0.0	78.42048979771356	0.0	0.0	24.094498536243297
GSM4138115_HNSCC_3_TIL_ACGTCAATCCGATATG	175.7414421697355	56.84196129103384	0.0	126.90433512855746	0.0	145.97991043235453	0.0	28.27149014543886	47.6225743125409	0.0	19.836781339378337	5.5524222644163315
GSM4138115_HNSCC_3_TIL_AACCGCGAGACTAGAT	225.64086616910603	184.82195724357817	229.18128273055422	195.04793029502318	177.04280274095214	0.0	68.92125716260185	0.0	0.0	52.921472789198106	13.046931036024022	6.481581658439214
GSM4138115_HNSCC_3_TIL_AACTCCCAGACTTTCG	455.6612531356107	204.6733693046956	242.55168489708493	149.94795225319257	151.68126421156327	0.0	77.92464303961623	0.0	0.0	25.31771881672491	23.372682850725518	9.621058809792267
GSM4138115_HNSCC_3_TIL_ACTTGTTTCAGCTGGC	497.94915463441527	70.02915903052735	373.482299202044	87.7633464823143	170.5237760018292	0.0	1.7757024090160909	68.66396307986308	116.21479804269202	0.0	7.936082194772264	0.0
GSM4138115_HNSCC_3_TIL_AGTGAGGGTTGGTAAA	224.42171123791968	182.38521934119956	59.38096029058085	112.17637880655519	89.65398870814931	63.94359886560504	34.29274017599739	0.0	0.0	12.635629803322278	4.451271827339793	15.01399168244231
GSM4138115_HNSCC_3_TIL_ATCCGAACATACTCTT	317.31316722696045	123.65235927470177	167.4598616619445	72.76109294689606	56.587479627844026	0.0	21.06896206363152	0.0	0.0	66.92619818434729	3.8374859515421926	14.508657796615317
GSM4138115_HNSCC_3_TIL_ATCGAGTGTACGAAAT	72.1553442982271	85.92548454661484	148.4069003962596	44.16660914955977	52.29265718790402	0.0	41.487489298845624	0.0	44.62979166419409	14.534761035613402	37.22545906173699	0.0
GSM4138115_HNSCC_3_TIL_ATGTGTGGTTACCAGT	185.618347306769	67.05927984117541	169.63558704985874	0.0	80.98690929808527	0.0	20.353728298461423	0.0	0.0	7.251318042270896	11.891877076825493	9.512097236595983
GSM4138115_HNSCC_3_TIL_CAAGATCGTCGAATCT	99.98533449454902	40.01484913642359	100.65641995011606	55.21681995406616	24.193077014742283	0.0	0.0	0.0	44.312802166410926	0.0	7.087733117301522	0.0
GSM4138115_HNSCC_3_TIL_CATGACAGTCCGTGAC	298.8906330359057	63.220882094818776	239.89237994033684	57.09526454125336	96.01325748248523	0.0	0.0	57.967898265644564	0.0	64.43395983533912	0.8720930658270687	0.40152640515248755
GSM4138115_HNSCC_3_TIL_CCACTACAGACAAAGG	190.95034354423478	106.74028451795087	206.6781896814597	74.56664846192105	66.27049375263108	0.0	40.69031869685035	0.0	108.71745504566638	0.0	6.682441323055809	3.8572552353698453
GSM4138115_HNSCC_3_TIL_CCTATTAAGAGTACCG	407.82367831858886	122.46542251037184	0.0	156.69268324034454	89.25137451428242	159.8810876532654	11.360151091243674	0.0	0.0	50.23609764432759	22.74805189256689	15.35696470542679
GSM4138115_HNSCC_3_TIL_CCTTACGGTTCAGACT	187.7500199564188	191.768635882529	67.58772383643516	40.39134788698044	58.376760676732935	76.82444915120625	68.72816154863287	0.0	140.53773036505328	0.0	20.68241179289902	0.0
GSM4138115_HNSCC_3_TIL_CCTTCCCGTGTGTGCC	289.71313270830086	117.270318119515	0.0	171.21602555905682	211.84370770677458	256.0306513678123	82.95234336852332	0.0	43.23978406737936	0.0	9.42014985634845	1.6510565949089409
GSM4138115_HNSCC_3_TIL_CGAGCACGTTCCACAA	318.21210519381225	151.97505255425537	106.28576061305995	133.70216744739233	253.18057379101492	36.71953519597774	89.54653198568751	0.0	116.46839546084905	0.0	50.44411146239064	25.116687132592755
GSM4138115_HNSCC_3_TIL_CGGACTGAGCCCGAAA	313.0165741271759	139.60762596869375	0.0	194.91759973494476	72.51702405557309	273.38325737901425	28.66857940311079	0.0	0.0	5.8572684461817355	32.49557262276058	4.13239202277055
GSM4138115_HNSCC_3_TIL_CTAGCCTGTCGGGTCT	400.90557929399625	72.51945872956335	42.28271921346917	37.30835082622868	293.87501856111345	0.0	0.0	0.0	36.031320233746705	0.0	1.452450549956455	21.485002455543427
GSM4138115_HNSCC_3_TIL_CTGCCTACATGCATGT	356.9644102692181	192.4628950560461	0.0	359.0668670415718	98.74046737992711	484.5819982536276	66.30555962201906	0.0	122.01078746064643	0.0	9.457408048365304	28.90451015824215
GSM4138115_HNSCC_3_TIL_GACCTGGTCGTCCGTT	173.15457774647368	119.15863205099704	189.09237872146318	71.64799846513341	91.27103489795353	0.0	16.509726030106005	0.0	0.0	132.35575342515963	14.211898117694979	46.570113058466774
GSM4138115_HNSCC_3_TIL_GCACTCTCACGTTGGC	345.0465905583107	252.93114373661126	0.0	383.3589321641827	147.68332710002008	363.87918451151353	16.0353116811051	20.66319817956443	23.045605532216634	0.0	48.090616873536284	16.300300979389235
GSM4138115_HNSCC_3_TIL_GCTTGAATCAACGGCC	186.5488686003113	236.96018010633475	0.0	99.0608195584249	91.44058312959406	176.56535121431128	41.74465571247042	0.0	0.0	117.12903412644768	2.3713575403324327	24.027658446820645
GSM4138115_HNSCC_3_TIL_GTCACAAGTTGGAGGT	103.23415521304214	56.78117967591457	58.75790496195512	103.81930863694409	90.72365049487777	0.0	1.4472007061772911	0.0	0.0	32.90582348502556	0.0	11.796214182952964
GSM4138115_HNSCC_3_TIL_TCAGCAAGTGGCAAAC	291.2781350118476	81.53758981334013	287.5216827354326	136.0723135940475	93.43707779584801	0.0	53.1762914473549	67.02280416001014	47.88012194832802	0.0	1.5109265021879092	5.220730910581802
GSM4138115_HNSCC_3_TIL_TCAGCAATCAGTTAGC	356.35185178706803	313.31126861531646	529.7576951308324	242.05440515931386	281.67680582918433	0.0	75.95128888546127	0.6604078011876608	84.54434851432083	0.0	52.85708770311608	35.78016602860164
GSM4138115_HNSCC_3_TIL_TCTTTCCCAGACAAGC	263.95228354728073	169.73823092537202	0.0	67.6659535831546	66.24130224257485	79.10482163563599	21.538283134886203	48.010309236302156	0.0	7.0215721853639605	12.804288547760464	10.452320429658755
GSM4138115_HNSCC_3_TIL_TGGCGCATCGAACTGT	166.1360421418873	75.28720683317532	97.47180237202696	110.27575106232474	56.15006219985686	0.0	40.89031245818236	0.0	0.0	21.07857071682548	18.638399257724245	0.0
GSM4138115_HNSCC_3_TIL_AACCATGGTAAATGAC	351.7036806286414	836.7020052098651	0.0	244.9654205945236	182.35929871984496	390.11705199950524	46.92624489262139	1.7527880697151939	38.717773305765405	0.0	0.0	22.300309862332377
GSM4138115_HNSCC_3_TIL_AACCGCGAGAAACCAT	98.81283166199928	174.48274105270016	281.98865048740294	86.63142544490566	137.878635129664	0.0	68.2343833660738	0.0	0.0	56.21394934780783	6.46864452245451	0.0
GSM4138115_HNSCC_3_TIL_AAGCCGCGTACGCACC	463.9317479971172	158.71318943247405	357.39071297690197	195.16113504324434	277.6406506071525	0.0	0.0	80.80542627461625	51.09560571728109	75.89599445913332	31.7004970267833	4.906173845660431
GSM4138115_HNSCC_3_TIL_ACATCAGAGGCTAGGT	452.7135333285967	206.3049380117018	276.453843387401	87.55164262052945	71.23721286175704	0.0	0.3782916096077882	44.202730502682186	97.05688338591682	0.0	4.71987713585187	26.65991267204654
GSM4138115_HNSCC_3_TIL_ACCTTTATCACCTTAT	291.8646311308496	136.9429117323663	238.15773388714828	226.37471052527303	84.91873966647495	0.0	52.167490433996754	0.0	0.0	18.09247850834262	17.60036123547161	12.053569490936663
GSM4138115_HNSCC_3_TIL_ACGATGTTCCCACTTG	228.09929974520082	157.32344328489563	334.69712283762306	279.9984837738427	59.01014432822046	75.09571271836974	27.95688738641369	0.0	20.771147582831905	0.0	69.29933256571786	31.195444775342025
GSM4138115_HNSCC_3_TIL_ATTGGACCACCTCGGA	208.26722507538292	107.88920381331944	52.92024005946916	226.77360530056518	92.9160165921017	270.4067332827547	61.87722200330863	0.0	28.621057319998517	0.0	14.648427961434251	18.91484545249837
GSM4138115_HNSCC_3_TIL_ATTTCTGTCCTCAACC	211.28797613077498	192.42076912184095	191.63440657526692	202.287161708945	69.3681557589947	0.0	1.0264980969805422	0.0	0.0	0.0	10.899138807636374	6.564284821681312
GSM4138115_HNSCC_3_TIL_CACACTCTCCGCAAGC	136.10027715036222	164.4248642207018	221.6068590094609	72.94214622479358	151.1717948434404	0.0	36.82225787385522	0.0	33.161977142933004	0.0	0.0	0.0
GSM4138115_HNSCC_3_TIL_CCTTACGTCTTGTCAT	224.88752941938048	124.40088435775532	217.4597979919621	65.87281967924345	1.464060345944725	0.0	42.100376983583466	0.0	0.0	78.35167574688933	7.643113538090378	0.44341557508813256
GSM4138115_HNSCC_3_TIL_CTAAGACCACGAAGCA	175.17222821923826	99.54984637277077	102.00746630984725	117.71390422206741	145.3446013879099	0.0	0.0	1.646485722819057	0.0	61.038120769255485	0.8468908217034313	0.0
GSM4138115_HNSCC_3_TIL_CTAGCCTCATGGTCAT	740.757221757265	239.1588407971879	436.6429202962109	221.6551753158344	125.676636181639	0.0	59.38769682303219	0.0	0.0	96.92615878909415	26.005141028784006	48.938092597964975
GSM4138115_HNSCC_3_TIL_CTGGTCTTCTGGGCCA	435.4903646476999	158.35912564308	452.90690313293345	229.2148486231905	131.17842491703692	0.0	69.6828893006341	0.0	80.86779928360957	0.0	76.68672778040752	58.42974166194247
GSM4138115_HNSCC_3_TIL_GACTGCGCAGCCTATA	102.08349166355633	124.99560957329977	190.4142274408444	69.09936634616955	19.231512770450394	0.0	2.4724353711201266	0.0	0.0	48.53951884964204	20.229013267432375	10.109749263657713
GSM4138115_HNSCC_3_TIL_GCATGCGGTCAGCTAT	220.91736561378164	145.59767365790975	229.11798296802908	69.71010136336538	84.08905962938009	0.0	34.130241093691254	0.0	0.0	18.973583077394196	0.0	10.695646020290624
GSM4138115_HNSCC_3_TIL_GCATGTATCACAAACC	268.9303904701769	384.91101060444544	640.5473726615429	202.55797479318682	125.33715467876708	0.0	0.0	185.72964704639026	148.2655951541902	0.0	23.61986676643076	16.534885311676327
GSM4138115_HNSCC_3_TIL_GCGACCAAGCTGATAA	0.0	0.0	0.0	4499.175977619841	0.0	0.0	0.0	0.0	0.0	0.0	0.0	0.0
GSM4138115_HNSCC_3_TIL_GGAAAGCCATGCAACT	741.1744059497468	216.90305147899107	292.4014861535958	128.77592570933265	97.22415161336764	0.0	57.985662174336646	0.0	62.13082492249435	29.4391778691324	7.605828393875051	13.49064305804966
GSM4138115_HNSCC_3_TIL_GTCTCGTAGGAGTCTG	235.45371468930003	246.70855079185728	318.80000208563894	193.10270273425317	178.14062554445786	0.0	101.21335457537268	0.0	0.0	78.39536325100443	9.949642679856405	14.987108664708284
GSM4138115_HNSCC_3_TIL_GTCTCGTCAATGTTGC	472.6552048737468	143.63701592429368	290.9288724224457	170.00055879406852	81.09409512277183	0.0	63.90762631165423	0.0	0.0	49.67300941361869	24.648794752517777	13.046532999728301
GSM4138115_HNSCC_3_TIL_TAAGTGCCATTGGGCC	387.65413484807175	229.749823106796	576.1776831654159	185.02100672807597	125.98027268627818	0.0	95.31310476088822	0.0	0.0	16.697433908824493	0.0	0.0
GSM4138115_HNSCC_3_TIL_TACACGATCACCATAG	473.87710541332206	330.3474923111664	782.493381709716	365.9358089593207	388.76280392114126	0.0	64.0033056683608	76.15318611062553	0.0	73.7693697559784	29.022975815648955	27.184188408677272
GSM4138115_HNSCC_3_TIL_TCCACACCATTCTTAC	287.03617549211475	205.2339014085773	0.0	352.7523166180741	119.27093180626667	302.67866126524706	39.50093187282834	0.0	4.366818073991489	6.05784801098299	57.47073256969974	8.059921697362897
GSM4138115_HNSCC_3_TIL_TCTTCGGTCCGAGCCA	82.22915811005012	69.01938362638543	100.71169768953555	87.7699002959537	284.40471798986425	0.0	0.0	32.94362102525494	315.6462377898975	95.80403835249365	30.597886463329935	0.0
GSM4138115_HNSCC_3_TIL_TCTTTCCTCGCCATAA	220.45734684414077	78.31172057630636	46.43424850561784	37.575526462612146	30.488716308367948	0.0	0.0	0.0	31.003063667786634	0.0	0.40441392600802095	0.13352996700844583
GSM4138115_HNSCC_3_TIL_TTGGCAATCGAACTGT	292.7941820046714	264.08118631765785	443.86082733942834	210.65394415304334	195.53436126493744	0.0	153.67555618641742	0.0	185.42382272620577	0.0	14.71889447105565	9.437707775270233
GSM4138115_HNSCC_3_TIL_AGCAGCCAGAGGGCTT	78.73589636625056	124.19551429826312	146.01604346251537	75.05375527993056	96.64351156978576	0.0	0.0	47.77879810613644	91.87287629543233	0.0	9.22166667293815	0.0
GSM4138115_HNSCC_3_TIL_CCGTACTAGAAACCGC	167.923053056845	256.2741478049025	346.3210557696503	239.68449083858198	108.4023828145908	0.0	65.39911770573804	0.0	51.11320210070863	0.0	10.886286109629479	9.278421482605003
GSM4138115_HNSCC_3_TIL_ACGCCAGGTTTGTGTG	441.43171986102794	123.07870138652066	149.40885988585026	157.73785806847476	81.2019564243342	0.0	0.0	30.707526602773747	0.0	0.0	11.434383693474205	6.622751867989941
GSM4138115_HNSCC_3_TIL_ATGTGTGCAAGCGTAG	112.62015007477136	152.71157878260647	0.0	328.64004142777543	44.131188785108876	264.7902026979742	85.4508701460507	0.0	14.706916647065007	0.0	41.19827813935949	9.054138015111885
GSM4138115_HNSCC_3_TIL_CAGCGACAGGTCATCT	983.52373937878	300.9961615607913	187.09746178146767	203.89906099318475	75.74093616208879	155.58906080029166	61.84093093819341	0.0	41.217457996158785	0.0	27.03843446118461	39.84640287714981
GSM4138115_HNSCC_3_TIL_CATCGGGTCTACGAGT	271.981174509936	124.04088213834339	145.67553672317007	85.35074029167376	157.62585459705957	0.0	61.406396942928055	0.0	0.0	50.460170712730964	0.0	10.676124193618584
GSM4138115_HNSCC_3_TIL_CTCGGGAGTGACCAAG	288.4536349311203	136.01296851584647	105.78606856625082	49.40811127540875	80.35632594856018	0.0	50.708531295752856	0.0	13.707941997989403	9.954476850193027	0.0	0.0
GSM4138115_HNSCC_3_TIL_TATTACCCAGGACGTA	135.41485683737326	138.40247847911914	129.25870220198934	73.20692246700973	106.61830647873737	0.0	40.14894733745777	0.0	0.0	68.32957448675943	11.9613911699774	1.2967448275956015
GSM4138115_HNSCC_3_TIL_TCTGGAAGTCCGACGT	328.1132863051531	149.4439962676465	110.95924176374223	30.34773622465322	14.865579522457182	0.0	0.0	71.66933046762514	4.229339496377944	0.0	0.7001352221972472	22.78369986890587
GSM4138115_HNSCC_3_TIL_TTGCGTCGTTCCACAA	146.94780562564054	166.65682905037227	210.18933334698036	135.74144819317831	49.768783049925595	0.0	44.13283346199706	0.0	36.33280972567881	0.0	0.0	0.0
GSM4138115_HNSCC_3_TIL_GATTCAGAGGCATTGG	0.0	592.6682135766121	22.090719075766103	100.89354810254339	7.047005852529386	0.0	0.0	0.0	102.22157471083551	0.0	0.0	0.0
GSM4138115_HNSCC_3_TIL_AGAGCTTTCGCGTTTC	0.0	1918.473410461188	0.0	0.0	0.0	0.0	0.0	0.0	0.0	0.0	0.0	0.0
GSM4138115_HNSCC_3_TIL_CACACTCTCAACGGCC	93.14958231155566	1621.78307444369	118.06574352860646	0.0	0.0	0.0	0.0	7.224133414275671	24.65254920536613	0.0	0.2922034987487813	0.0
GSM4138115_HNSCC_3_TIL_CACAGGCAGTAGCCGA	41.73336285569449	1142.0025138937572	111.2060266398327	0.0	37.78782969503484	0.0	0.0	0.0	31.17947198786694	0.0	0.0	0.0
GSM4138115_HNSCC_3_TIL_CAGCCGAAGCTCTCGG	42.39212431402492	1688.6175579248707	201.5033591623646	78.0008110611483	136.20751176675958	0.0	0.0	63.59246268550906	1.0957350256922995	0.0	69.37022860167997	19.666468566556887
GSM4138115_HNSCC_3_TIL_CATATGGGTTGAGGTG	63.33239987218339	665.6768993165156	0.0	53.21849066407261	0.0	0.0	0.0	10.663677990420023	0.0	0.0	0.0	0.0
GSM4138115_HNSCC_3_TIL_CCTTCGACATGTTCCC	0.0	2218.818768830527	0.0	0.0	0.0	0.0	0.0	0.0	0.0	0.0	0.0	0.0
GSM4138115_HNSCC_3_TIL_CGTGAGCTCGATAGAA	5.616868968223113	125.84170756896057	3.0136311991526723	0.0	20.074479475335707	0.0	0.0	2.138729890885745	0.0	0.0	0.0	0.0
GSM4138115_HNSCC_3_TIL_CTCGGGAGTTGCCTCT	17.051396709826836	650.3659460578691	74.48252267227502	0.0	0.0	0.0	56.89446601894164	0.0	0.0	0.0	0.0	0.0
GSM4138115_HNSCC_3_TIL_CTGATCCGTTCACGGC	0.0	2210.1840260354693	0.0	0.0	35.931720475808916	0.0	0.0	35.19934237566882	113.29488383134837	0.0	0.0	0.0
GSM4138115_HNSCC_3_TIL_CTTACCGGTTCGCGAC	0.0	2232.2265210689525	0.0	0.0	0.0	0.0	0.0	0.0	0.0	0.0	1.902866265922805	0.0
GSM4138115_HNSCC_3_TIL_GACTACACATCTCGCT	0.0	1985.2855531438	0.0	0.0	0.0	0.0	0.0	0.0	19.377708902229706	0.0	0.0	0.0
GSM4138115_HNSCC_3_TIL_GTAGTCACATTCACTT	44.09999813762042	340.5087202600875	20.95829333214795	4.1294848115581315	0.0	0.0	0.0	0.0	6.550477254385226	0.0	0.0	0.2004954826336058
GSM4138115_HNSCC_3_TIL_GTCTCGTTCGGTTAAC	0.0	2028.6804835975636	0.0	24.67948690447059	94.11696350093325	248.0810827696156	0.0	45.879322220134505	0.0	0.0	25.611692320974768	4.109646482059492
GSM4138115_HNSCC_3_TIL_GTTCATTCACTTAAGC	0.0	436.61946458537705	55.644153839862604	0.0	0.0	0.0	0.0	5.893305632845075	10.638520031850334	0.0	21.711542655210604	0.0
GSM4138115_HNSCC_3_TIL_TACTCATTCGGAGCAA	23.29404787761027	1768.1161820941986	0.0	237.54276213889958	337.8621466912644	10.294239854644509	97.64283669114732	0.0	0.0	106.5047169046642	15.667032558732396	56.52697966940322
GSM4138115_HNSCC_3_TIL_TGACTAGGTTAAGTAG	90.48091306478454	262.55100608772074	134.14436033510898	4.920618277453117	6.126718750694221	0.0	0.0	0.0	0.0	0.0	0.0	0.0
GSM4138115_HNSCC_3_TIL_TGTCCCATCTGCTGTC	0.0	499.9401917046375	44.5431091548012	30.85047203740655	0.0	2.209440310635961	0.0	0.0	0.0	27.757104449739014	13.57127840989032	0.0
GSM4138115_HNSCC_3_TIL_TGTTCCGTCTGCGTAA	79.37043880267166	886.0304538649622	81.72236485007699	8.485613131942841	78.90581139134846	0.0	46.38467449274765	0.0	0.0	0.0	2.5345783011676786	10.982077093409094
GSM4138115_HNSCC_3_TIL_TTTACTGGTCGGCATC	105.92345276620411	1392.9458470431778	0.0	29.17171300117101	34.67211621723614	0.0	0.0	12.450002658019267	88.00701932409952	0.0	12.138830326555295	18.229165425748707
GSM4138115_HNSCC_3_TIL_ATTATCCTCGGCATCG	45.603256567063355	326.25921450604346	169.01220265375218	39.461676622920265	177.7045393049628	0.0	99.9705199018348	0.0	11.327328797665755	0.0	4.471784481501429	2.050872386518296
GSM4138115_HNSCC_3_TIL_AGAGCGAAGCAGGCTA	231.05267594390003	118.09446328418159	0.0	126.45120956209384	37.17657243423057	302.6441486235532	87.56118708410582	0.0	0.0	58.751074364338045	8.245499163402329	4.047147803707605
GSM4138115_HNSCC_3_TIL_ATCCACCGTTGTGGAG	132.75397422691353	51.052622139431776	106.3920386759293	30.013258456062903	15.223949838549853	2.145054048049734	17.03525930633538	0.0	0.0	24.083349821597842	5.120169939152456	9.426193676808804
GSM4138115_HNSCC_3_TIL_ACACTGAGTAGCTAAA	0.0	0.0	0.0	0.0	0.0	0.0	0.0	0.0	0.0	0.0	0.0	1918.3788375675165
GSM4138115_HNSCC_3_TIL_AGCGGTCAGTGAATTG	28.21370492789672	0.0	0.0	57.990733341480556	39.88241778185517	77.99894723037528	36.907541586460844	443.67282607518416	56.472351417961804	0.0	9.224593946287635	2.6825650250757276
GSM4138115_HNSCC_3_TIL_CCACCTAGTGCAGGTA	0.0	0.0	0.0	0.0	0.0	0.0	0.0	1312.0080725089308	0.0	0.0	0.0	103.12248773430665
GSM4138115_HNSCC_3_TIL_CTCACACCAACTTGAC	57.095826256610195	0.0	17.129781223167985	35.67564853527143	54.417838151112896	0.0	201.5712546384821	652.8234622462653	0.0	0.0	106.46064436862794	119.61399462179956
GSM4138115_HNSCC_3_TIL_GACGTGCAGGTGCACA	52.80317521591743	0.0	14.02547998259324	55.64156161779699	3.0582167465284193	0.0	458.186328907484	758.9187291913282	2.8226270411204006	0.0	125.47321537604797	123.96629997323753
GSM4138115_HNSCC_3_TIL_GAGGTGACAGTCAGAG	0.0	0.0	0.0	14.887260203634927	62.43540886999628	74.94589378752963	625.3686421624363	392.5791972881326	0.0	12.830992742120575	0.0	0.0
GSM4138115_HNSCC_3_TIL_GCAGCCAAGGTGTGGT	19.62763428762849	0.0	0.0	22.740254016890912	0.0	0.0	451.0158675335539	650.1252670130623	0.0	0.0	19.26533498303192	0.0
GSM4138115_HNSCC_3_TIL_TACCTTACAAGCTGAG	0.0	0.0	0.0	48.66392580274903	0.0	0.0	0.0	1229.1915579994632	32.52018809652515	27.857440723341888	21.651024703630448	6.332558918049342
GSM4138115_HNSCC_3_TIL_TCACGAAAGCTACCTA	0.0	0.0	0.0	0.0	0.0	0.0	0.0	0.0	0.0	0.0	1985.5843311478322	0.0
GSM4138115_HNSCC_3_TIL_TCGAGGCCAGCGTTCG	0.0	0.0	0.0	0.0	0.0	0.0	2714.6371903512327	0.0	0.0	0.0	0.0	0.0
GSM4138115_HNSCC_3_TIL_TCGAGGCAGAACAACT	41.54123723390954	34.97603829194948	0.0	33.1613687979841	20.565992900034487	200.16906741727448	0.0	0.0	0.0	70.41767032477676	10.784014607984103	5.082939655714727
GSM4138115_HNSCC_3_TIL_ACACTGATCAACACTG	30.613424897437937	86.51181985260067	0.0	91.25095501772952	38.235400862279455	440.309580476345	125.93820764546065	0.0	41.25112323244265	0.0	16.118412473374615	15.338474435756899
GSM4138115_HNSCC_3_TIL_CAGCATACACGTCAGC	78.34609777535121	3.6919886003689775	1848.8348449502114	0.0	0.0	1539.519619551326	0.0	0.0	0.0	0.0	0.0	0.0
GSM4138115_HNSCC_3_TIL_CATATGGAGTACACCT	61.64643665788688	36.60848313380599	196.53683580886877	31.877628538170296	89.97708207669218	104.71721809876591	10.10316385497364	0.0	0.0	40.555536834394296	11.706987767754871	2.8650645393913905
GSM4138115_HNSCC_3_TIL_CCCTCCTAGGGCTTGA	0.0	0.0	3047.3177863614937	43.386526926570326	0.0	670.2326059272444	0.0	0.0	0.0	0.0	0.0	0.0
GSM4138115_HNSCC_3_TIL_CGAATGTCAGATGGGT	96.9788782226947	99.09986627034213	0.0	198.57379615971504	76.22800784188259	612.5549341455586	52.84429841378057	0.0	0.0	61.39473963606037	26.530147704568193	3.509843246675304
GSM4138115_HNSCC_3_TIL_CGGCTAGCAGCTGGCT	39.39410409680713	136.2737671644315	2175.5317011152565	92.09568056867616	494.08331012885446	0.0	0.0	0.8213200231336161	362.37424056923624	0.0	99.19280177168051	13.636480068498186
GSM4138115_HNSCC_3_TIL_CGTGTCTTCTTCGGTC	57.40500022596883	115.01509749161656	595.1380509675984	70.1796249393206	168.10787922423845	0.0	52.32899993237961	0.0	0.0	75.31574094497034	39.28311599174756	5.526860441446434
GSM4138115_HNSCC_3_TIL_CTCGTCAGTCGCATAT	96.44907118194888	300.7782155985362	604.7992348256741	104.06148695484771	168.31303481769595	0.0	0.0	25.292507798574533	43.79257801230828	0.0	0.0	0.0
GSM4138115_HNSCC_3_TIL_GGTGCGTTCTCCTATA	0.0	0.0	0.0	0.0	5715.845964835117	0.0	0.0	0.0	0.0	0.0	0.0	0.0
GSM4138115_HNSCC_3_TIL_GTTCGGGAGACTACAA	0.0	0.0	0.0	0.0	0.0	0.0	0.0	0.0	0.0	3657.7816786567255	0.0	0.0
GSM4138115_HNSCC_3_TIL_GTTCGGGTCACAATGC	156.8464883237905	0.0	1509.5305556634064	0.0	0.0	1321.6925808710826	0.0	0.0	0.0	0.0	0.0	0.0
GSM4138115_HNSCC_3_TIL_TGGCGCAGTTAGTGGG	117.24873197251421	146.55922658172938	797.1719961912249	66.7431310901971	237.41424691723668	0.0	71.46510048429482	0.0	62.196309825929426	196.57895977482806	0.0	16.023711928488733
GSM4138115_HNSCC_3_TIL_TTTATGCTCACCTCGT	72.4168927897036	189.71836510111353	546.6549719940361	228.52562262940552	181.84289531271168	0.0	70.14575720022498	0.0	0.0	14.84531570923406	35.63846411199418	13.808542726506591
