	1	2	3	4	5	6	7
GSM4138115_HNSCC_3_TIL_ACCTTTAGTACATCCA	826.061107550953	67.38457014004689	0.0	38.44205267814557	25.55083803984238	117.97739899490608	17.03939036800025
GSM4138115_HNSCC_3_TIL_CAACCTCCATGCAATC	767.0573674629829	127.05760396521553	0.0	78.51081271585394	58.38337079088226	95.46973200684239	4.904272871918792
GSM4138115_HNSCC_3_TIL_CACACTCAGCCGCCTA	668.0963081671312	122.60066542327361	53.02927368819354	15.4981380142653	0.0	62.12864481916158	98.44501958695824
GSM4138115_HNSCC_3_TIL_CATGCCTTCAAAGTAG	1349.6185199406414	75.57563145377968	64.71865413756063	15.927069119434549	0.0	173.6769989243702	30.98426610701727
GSM4138115_HNSCC_3_TIL_CATGGCGTCATCTGCC	640.8593486565309	122.44485566648069	15.056488493568027	79.55629416039093	42.38769505484852	75.20408193751771	13.612831287256375
GSM4138115_HNSCC_3_TIL_CCTTCGAGTTAAGAAC	304.68702200028406	267.9017934191775	66.40333883198896	40.39259963761465	40.19693847357151	115.05866268302772	61.007919790431984
GSM4138115_HNSCC_3_TIL_CGTGAGCAGATATGCA	397.2611991763382	255.84030648326808	157.96749259511319	94.91487681146683	113.98899522483401	165.36450301710047	119.66195354981463
GSM4138115_HNSCC_3_TIL_CTAATGGTCCTGCCAT	426.1685923293124	138.37224959330746	32.132354541995376	71.61786504387346	0.0	132.83969219670956	39.78659337171404
GSM4138115_HNSCC_3_TIL_TACTCGCAGCTAAACA	299.4740197417202	0.0	0.0	38.66997820117062	0.0	39.547562939495776	4.25570458505631
GSM4138115_HNSCC_3_TIL_TTCTACACAGAAGCAC	271.11574303563464	0.0	0.0	57.30267427231788	8.837611183189155	14.267629807374293	35.56930854826117
GSM4138115_HNSCC_3_TIL_TTGGAACTCGTCGTTC	429.7049009912645	111.20481047182993	60.210956052735185	31.639252876020283	0.0	71.3789844303693	70.97094893414787
GSM4138115_HNSCC_3_TIL_GACCAATGTCGCTTCT	393.1444379505101	96.821749027014	43.31728734646732	230.46012001736668	38.64224283947239	14.591720719592445	0.0
GSM4138115_HNSCC_3_TIL_AAACGGGCAGATCCAT	1208.39732737916	91.20917353025922	0.0	26.47016692580307	17.94313689403608	0.0	86.46573125512298
GSM4138115_HNSCC_3_TIL_AACTCAGGTAAGTAGT	836.1046721855381	88.73506368364826	0.0	0.0	0.0	19.924699327897347	0.0
GSM4138115_HNSCC_3_TIL_ACTTGTTGTGCGATAG	913.7032565721212	129.36985253067	32.36402122851863	0.0	11.577528915259329	130.10741507421736	0.0
GSM4138115_HNSCC_3_TIL_AGTCTTTCACTGAAGG	1142.8349812821823	0.14167136190128027	0.0	95.51287809886692	20.96339466178312	60.34870307841458	50.966064402598136
GSM4138115_HNSCC_3_TIL_CAAGATCGTGCAACGA	2342.9270250031764	0.0	0.0	0.0	0.0	0.0	0.0
GSM4138115_HNSCC_3_TIL_CAGAATCAGCCCAACC	1055.862702748569	137.38419831108973	16.193021402358887	29.29974748193073	21.39577860696746	0.0	98.64863107084545
GSM4138115_HNSCC_3_TIL_CCGGTAGTCATAACCG	1684.4886648726206	0.0	0.0	0.0	66.22213666498523	0.0	31.185799083412395
GSM4138115_HNSCC_3_TIL_CTCCTAGCAGATAATG	3234.2279143870446	0.0	0.0	0.0	0.0	0.0	0.0
GSM4138115_HNSCC_3_TIL_GAACCTACATTGGGCC	477.3939298136864	54.77875292500432	1.0777518068986316	67.03679034431036	23.857323505886953	47.506986964432336	0.0
GSM4138115_HNSCC_3_TIL_GGACGTCTCCTCAACC	778.0302076383323	0.0	0.0	0.0	0.0	0.0	0.0
GSM4138115_HNSCC_3_TIL_GGATGTTGTGTTTGTG	1283.912720111771	50.52397438319704	1.119780413129	56.38067748178053	0.0	0.0	0.0
GSM4138115_HNSCC_3_TIL_GGCAATTCATGGAATA	1123.792292862946	47.22857615025989	14.830886332904067	35.579730399452075	15.268679520902298	23.29648596027479	8.04340193272534
GSM4138115_HNSCC_3_TIL_GTCTCGTAGAAACCTA	192.28725403524834	11.874016019590062	64.78555047431833	11.514542159404336	0.0	24.01520261385699	0.0
GSM4138115_HNSCC_3_TIL_TAGCCGGAGTCGTTTG	1593.5738158321992	0.0	0.0	0.0	0.0	0.0	0.0
GSM4138115_HNSCC_3_TIL_TTAGTTCAGACAAGCC	917.9696775890188	76.24579525178657	48.78908285188406	0.0	19.697673239398103	0.0	79.14135443055369
GSM4138115_HNSCC_3_TIL_ACACCAAGTCCAGTGC	470.5926476738906	99.52731637200378	0.0	41.18316940624128	8.698487717856928	131.29205505901953	0.0
GSM4138115_HNSCC_3_TIL_AGCCTAACACACCGAC	333.4728095655813	30.98416737486665	29.703696064062783	59.729847216293756	0.0	213.8001776236783	49.519941778442664
GSM4138115_HNSCC_3_TIL_CTAATGGCACCCATGG	456.2089306169157	145.540880893257	25.47375252058143	66.8713733463436	29.298352631628294	141.08783722273373	0.0
GSM4138115_HNSCC_3_TIL_ATGAGGGTCCATTCTA	297.29898400082675	296.501289849029	0.0	0.0	21.566808607361853	347.2709893978403	54.062775972635556
GSM4138115_HNSCC_3_TIL_GTCATTTGTATGGTTC	538.8988740439383	105.02453510867079	15.52983434051246	0.0	0.0	182.45496701324566	0.0
GSM4138115_HNSCC_3_TIL_CAGATCACAGACGCAA	436.2081012740433	229.3034937721523	8.842143203508545	90.45731483799473	16.327202041748286	135.7621760065563	0.0
GSM4138115_HNSCC_3_TIL_AAACCTGAGCGATAGC	542.9654208893305	0.0	0.0	30.583527083164576	0.0	13.44327599662394	0.0
GSM4138115_HNSCC_3_TIL_AGAGTGGAGGCGTACA	578.6159150497592	46.59968169401916	51.31997443552491	57.13555440782271	12.294292095549869	110.26406850223772	7.210868636304907
GSM4138115_HNSCC_3_TIL_ATTACTCGTAAATGAC	328.37870456780536	181.37646716234494	118.39699641430923	131.35661044021168	50.4209681905178	69.23180316675892	0.0
GSM4138115_HNSCC_3_TIL_CCATGTCCAATGGATA	404.1234600382054	71.59665891650674	5.841888502248534	45.292792619837954	37.842992592952434	53.286859791219285	105.26853982115234
GSM4138115_HNSCC_3_TIL_CGTTAGATCGCAAGCC	286.0525676393261	207.91257549208913	19.422954565857623	70.92231624648201	0.0	260.72692052115184	74.13860966429635
GSM4138115_HNSCC_3_TIL_GTTCATTTCGCACTCT	285.492770921205	128.35808654717962	75.36960123116974	261.66071168837635	0.0	105.49877290713901	88.50979284926376
GSM4138115_HNSCC_3_TIL_ACTGATGTCCACGTTC	557.2107962394375	66.71450769581575	57.520706585964575	45.780120633353846	40.601631302634935	69.64708563090994	55.828336420277644
GSM4138115_HNSCC_3_TIL_CGGCTAGAGCGTTGCC	346.6750698470922	34.307553083843416	20.96736793281335	113.5989352195118	0.0	91.1377314373469	58.573099081265354
GSM4138115_HNSCC_3_TIL_GACTACAGTGCGATAG	396.32772031796367	32.645560730980584	27.917210226597277	199.5582483394334	20.628981777913573	73.98721668509849	0.0
GSM4138115_HNSCC_3_TIL_AACTTTCTCCCTCAGT	0.0	1933.8790712338575	0.0	0.0	0.0	18.61411044723476	0.0
GSM4138115_HNSCC_3_TIL_ACGGGCTTCACCTTAT	0.0	1241.4928822278898	0.0	0.0	0.0	21.051645618520066	0.0
GSM4138115_HNSCC_3_TIL_ATTATCCGTGCCTGCA	64.39909533538943	1562.485798350384	3.505150762724491	0.0	0.0	0.0	39.440917814338206
GSM4138115_HNSCC_3_TIL_CCTCAGTAGCGTGTCC	0.0	1266.6010378713772	0.0	0.0	0.0	0.0	0.0
GSM4138115_HNSCC_3_TIL_CGCCAAGCACGAAACG	0.0	1427.1636879983544	0.0	0.0	0.0	0.0	0.0
GSM4138115_HNSCC_3_TIL_CGCTATCAGCCAGGAT	50.89111009460624	1282.4704141475856	45.44550786391654	10.135312187888399	0.0	0.0	21.484003813738727
GSM4138115_HNSCC_3_TIL_CGTGAGCAGAACTCGG	38.26070269866877	1145.7609026021091	0.0	8.710355927193847	0.0	1.9783921193414555	0.0
GSM4138115_HNSCC_3_TIL_CTCGTACCAAACCCAT	29.052556875382276	1013.658795840298	41.17673252457762	102.71095888259276	6.117997072691577	0.0	38.057139047275776
GSM4138115_HNSCC_3_TIL_GATCTAGTCATGCATG	0.0	2955.48154232554	0.0	6.712406881124229	0.0	0.0	211.09852427604514
GSM4138115_HNSCC_3_TIL_GCATGATAGCAGCGTA	131.3291438222842	360.23886265528114	10.67636352650533	83.19065998667507	1.0349660633786268	0.0	58.44071633724486
GSM4138115_HNSCC_3_TIL_GCATGCGCAAGTCTAC	121.26300805366954	283.26568270841295	24.999169478189643	108.18231623236076	0.0	33.158552500227735	76.38165518803285
GSM4138115_HNSCC_3_TIL_GTAACTGCAGGTCCAC	108.81519514045074	1251.0710599460544	0.0	22.398830783015242	0.0	56.03098254623674	31.02013500807771
GSM4138115_HNSCC_3_TIL_GTACTTTTCTCATTCA	0.0	1180.28984520419	0.0	0.0	92.34203481319494	0.0	0.0
GSM4138115_HNSCC_3_TIL_GTGCAGCAGTGCCATT	0.0	1133.7654867331823	0.0	0.0	1.7321926608072653	48.77371042952221	0.0
GSM4138115_HNSCC_3_TIL_GTTCGGGCAAACGCGA	0.0	1179.0865091766284	0.0	26.46701335255081	0.0	7.746381524864072	0.0
GSM4138115_HNSCC_3_TIL_TCTCTAATCGGTCTAA	0.0	1353.7088972793174	0.0	0.0	0.0	0.0	0.0
GSM4138115_HNSCC_3_TIL_TGCCAAAAGGATCGCA	0.02192695818819081	1166.5515944348138	0.0	19.70434938141909	0.0	38.886363976657655	0.0
GSM4138115_HNSCC_3_TIL_TGTGGTATCAACGCTA	0.0	1262.0541992483281	0.0	0.0	12.049122813346893	6.27616688540915	10.311232901602965
GSM4138115_HNSCC_3_TIL_TTGGAACTCTTGAGGT	60.883614267726564	908.2652506705757	0.195999453869302	68.48299117378183	0.0	0.0	0.0
GSM4138115_HNSCC_3_TIL_ACGTCAATCCGATATG	634.9367731530342	68.05656679928482	0.0	17.21723490964338	0.0	99.15058446788251	0.0
GSM4138115_HNSCC_3_TIL_AACCGCGAGACTAGAT	825.005170384549	158.07714064175374	85.1786461600714	94.55493679411173	8.230979942689652	133.46878471796438	114.22458267715831
GSM4138115_HNSCC_3_TIL_AACTCCCAGACTTTCG	1323.8382492337978	0.0	83.95041100122577	44.04551590613294	28.51041928812921	61.1754638200836	89.54910444267306
GSM4138115_HNSCC_3_TIL_ACTTGTTTCAGCTGGC	1168.5362939077136	28.134951299239678	0.0	310.0310136427031	0.0	0.0	114.29957305566874
GSM4138115_HNSCC_3_TIL_AGTGAGGGTTGGTAAA	722.1104970620604	103.27117884201789	98.24927464522153	0.0	0.0	54.12071362628266	35.272035584929135
GSM4138115_HNSCC_3_TIL_ATCCGAACATACTCTT	887.5290169871025	0.0	42.20200496235079	90.88205712754052	0.0	5.331035665741982	12.354839765462755
GSM4138115_HNSCC_3_TIL_ATCGAGTGTACGAAAT	285.49360844876554	60.876971810642026	51.25388284406069	149.01206222961997	35.42954363173406	25.524095908770622	26.493407031982922
GSM4138115_HNSCC_3_TIL_ATGTGTGGTTACCAGT	422.62898338221356	0.0	33.5085872634936	100.81765790234748	14.838465348167103	0.0	60.56259260005146
GSM4138115_HNSCC_3_TIL_CAAGATCGTCGAATCT	276.469182865985	53.527300554536346	7.47116365079497	79.95533161474239	0.0	33.79884103238486	4.030930038349853
GSM4138115_HNSCC_3_TIL_CATGACAGTCCGTGAC	790.0777399300292	81.88766905196569	0.0	149.3994398742007	0.0	0.0	50.584674700893025
GSM4138115_HNSCC_3_TIL_CCACTACAGACAAAGG	492.4576217596767	67.74582986402136	57.66900778785478	221.61735596938288	13.246673890441881	36.43055782713595	36.945011507143825
GSM4138115_HNSCC_3_TIL_CCTATTAAGAGTACCG	958.4970498016771	120.91799991251303	29.197758556095827	28.202002230657456	0.0	88.06837496600102	34.47109254437872
GSM4138115_HNSCC_3_TIL_CCTTACGGTTCAGACT	572.2932386570603	75.85988563308395	133.28456464702975	171.22972839482418	22.25668536960735	0.0	23.49380459574539
GSM4138115_HNSCC_3_TIL_CCTTCCCGTGTGTGCC	854.6784102349477	197.3495526730823	16.620608507610168	101.75997446109497	15.746323132163143	106.48714251502928	148.20375565813282
GSM4138115_HNSCC_3_TIL_CGAGCACGTTCCACAA	854.8138742325169	117.62273961125534	61.41530544618766	85.3447029679867	101.37103880796487	67.49508607849482	207.13809452386528
GSM4138115_HNSCC_3_TIL_CGGACTGAGCCCGAAA	1077.3166219121256	125.94165313101365	12.284802156948922	26.781361628158866	0.0	141.8258084185025	0.0
GSM4138115_HNSCC_3_TIL_CTAGCCTGTCGGGTCT	537.4359690261595	42.45350165478462	47.34717574918114	23.846201713557456	0.0	0.0	284.6446134280214
GSM4138115_HNSCC_3_TIL_CTGCCTACATGCATGT	1535.244484332189	270.44736150284245	0.0	221.71237993039247	0.0	267.96138295138184	0.0
GSM4138115_HNSCC_3_TIL_GACCTGGTCGTCCGTT	557.0682304077926	171.130496203002	42.17561909553212	195.37168741294	23.439224719334486	9.398811488791099	41.71173300117453
GSM4138115_HNSCC_3_TIL_GCACTCTCACGTTGGC	1316.9001773368839	126.35195429488621	100.46869436152016	93.86820901407934	0.0	334.06557515936146	50.42030832188857
GSM4138115_HNSCC_3_TIL_GCTTGAATCAACGGCC	696.6392836651825	91.56912048038382	157.38074416658975	148.65724535093017	13.250382535462446	35.62867336983222	42.83737996349863
GSM4138115_HNSCC_3_TIL_GTCACAAGTTGGAGGT	379.9498128513138	40.12641464373465	7.685645593600253	10.932129800612268	0.0	78.19911272926751	64.53633337321229
GSM4138115_HNSCC_3_TIL_TCAGCAAGTGGCAAAC	786.3799328917781	23.27484189126811	10.553587054797699	207.56280123638473	69.62331698342072	84.41474598911746	54.18312702926663
GSM4138115_HNSCC_3_TIL_TCAGCAATCAGTTAGC	1587.157286348415	244.04125402105433	113.86330837945567	267.1641342204401	15.438443826438647	127.98728036225702	149.20702456756194
GSM4138115_HNSCC_3_TIL_TCTTTCCCAGACAAGC	727.1933355041361	0.0	101.87635564956987	0.0	44.95330427627708	15.049305985887802	21.915539367523976
GSM4138115_HNSCC_3_TIL_TGGCGCATCGAACTGT	494.2737438903319	22.64873893123394	26.602525609435627	36.18377974610741	18.71095214838079	79.18868823278335	26.536236178599633
GSM4138115_HNSCC_3_TIL_AACCATGGTAAATGAC	1443.8405384436714	46.012671127008275	712.4788436702605	117.99028522565182	0.0	151.9433614126608	85.0449565849382
GSM4138115_HNSCC_3_TIL_AACCGCGAGAAACCAT	445.916280837159	36.42373502306456	127.82174082493343	246.4895736879053	29.044076696006442	60.53450814561284	105.3017467191378
GSM4138115_HNSCC_3_TIL_AAGCCGCGTACGCACC	1426.064251643673	125.97498516037125	0.0	230.82842733933123	7.454758289287855	89.0447225743531	187.28127579386705
GSM4138115_HNSCC_3_TIL_ACATCAGAGGCTAGGT	1193.0028987754663	81.27065577348745	92.19705104510439	164.8550225002163	4.250745911537914	0.0	2.542345199020459
GSM4138115_HNSCC_3_TIL_ACCTTTATCACCTTAT	929.8869441703661	162.44632140682864	28.95865504828885	46.428710400726544	2.410941267048073	166.36077497187344	18.153345332686204
GSM4138115_HNSCC_3_TIL_ACGATGTTCCCACTTG	797.2475417342289	339.94271625289264	39.18203809350962	165.83696345232366	26.358626887787278	238.61020316669303	0.0
GSM4138115_HNSCC_3_TIL_ATTGGACCACCTCGGA	812.5960901617697	133.6785448652158	4.420737373615379	159.71313243871796	23.717585342367276	188.07901303536343	26.882510841996748
GSM4138115_HNSCC_3_TIL_ATTTCTGTCCTCAACC	757.5183446924143	21.17664498074076	115.67560299631342	27.305188222601927	0.0	160.35868479370828	23.022748754993763
GSM4138115_HNSCC_3_TIL_CACACTCTCCGCAAGC	494.9207107016648	142.0105818577089	101.88993431038355	129.28446878595398	0.0	23.675874452381375	106.82188886961912
GSM4138115_HNSCC_3_TIL_CCTTACGTCTTGTCAT	613.1017469719874	116.37183765885953	52.04767284099527	153.02342664879305	0.0	7.464519206735742	0.0
GSM4138115_HNSCC_3_TIL_CTAAGACCACGAAGCA	495.35310659316434	54.14600080351585	42.9472722218769	65.629185730956	0.0	79.43381735687417	113.16828339764879
GSM4138115_HNSCC_3_TIL_CTAGCCTCATGGTCAT	2076.7758990279094	0.0	49.35000311099592	200.08142633119496	8.100185041644382	75.80535075375529	22.741332773876326
GSM4138115_HNSCC_3_TIL_CTGGTCTTCTGGGCCA	1446.1490994604933	82.74167453195845	0.0	259.61074260113753	93.80295390903517	151.3605037705463	37.249587107941366
GSM4138115_HNSCC_3_TIL_GACTGCGCAGCCTATA	335.4760122763982	124.5050553800892	79.18790565128438	134.094273054678	0.0	42.132713382349735	0.0
GSM4138115_HNSCC_3_TIL_GCATGCGGTCAGCTAT	580.2463514202428	25.806835701135935	98.26451265235401	142.47393871588903	9.235608048549913	29.29347858061237	53.38082327843668
GSM4138115_HNSCC_3_TIL_GCATGTATCACAAACC	1222.6618771610483	151.26031017235863	242.98370152553258	554.4493430196261	119.45373693389996	105.26052270781572	15.356915969553757
GSM4138115_HNSCC_3_TIL_GCGACCAAGCTGATAA	0.0	0.0	0.0	0.0	0.0	4652.6053093880755	0.0
GSM4138115_HNSCC_3_TIL_GGAAAGCCATGCAACT	1789.0323815977856	0.0	67.00328609248139	113.39928192120206	0.0	0.0	16.570053988020497
GSM4138115_HNSCC_3_TIL_GTCTCGTAGGAGTCTG	783.0705473679117	169.95688978520238	157.8190261746502	209.0507598622023	57.33050934179666	134.0307014179601	119.83853860656814
GSM4138115_HNSCC_3_TIL_GTCTCGTCAATGTTGC	1395.025055762519	97.96141400610999	0.0	79.01063503580681	1.872146841454928	73.63608624018899	0.0
GSM4138115_HNSCC_3_TIL_TAAGTGCCATTGGGCC	1350.185258189816	0.0	109.2690651424778	348.6213111816822	0.0	98.91604762078813	46.43228295184352
GSM4138115_HNSCC_3_TIL_TACACGATCACCATAG	2346.5267998266145	69.51607192763703	26.48970554543753	444.23589180761707	16.951121828028256	219.94355892925367	233.92019749296318
GSM4138115_HNSCC_3_TIL_TCCACACCATTCTTAC	1141.3931770534691	268.4500122570743	56.97456208155206	0.0	0.0	301.0442296738519	19.969626617579976
GSM4138115_HNSCC_3_TIL_TCTTCGGTCCGAGCCA	157.6595442982973	144.78441442387353	27.007990362539957	478.13506616318955	32.36840336180824	56.174846593395706	267.7815409576377
GSM4138115_HNSCC_3_TIL_TCTTTCCTCGCCATAA	483.2247601218417	0.0	37.93341159242483	5.245833491614537	0.0	1.842651395518791	9.928211512709598
GSM4138115_HNSCC_3_TIL_TTGGCAATCGAACTGT	1050.421939903175	136.4864843424619	146.2888611274468	429.6609808234052	84.19217153491572	130.4198711043639	116.50393627973996
GSM4138115_HNSCC_3_TIL_AGCAGCCAGAGGGCTT	409.08837315468134	118.61662516211524	66.72874806610615	138.22143816354279	7.224444815018783	33.23906973268513	57.785825223334925
GSM4138115_HNSCC_3_TIL_CCGTACTAGAAACCGC	421.6686225651161	760.8980925477169	144.8741419698744	131.13513022370236	0.0	142.8114173862707	1.3614248906891573
GSM4138115_HNSCC_3_TIL_ACGCCAGGTTTGTGTG	984.6177096836398	14.910530951787774	45.192527125574415	0.0	0.0	98.61906457499185	38.50625896890741
GSM4138115_HNSCC_3_TIL_ATGTGTGCAAGCGTAG	647.1326583172694	266.980757654203	45.92496296885609	49.92762652441067	47.839787287494666	300.714068794801	0.0
GSM4138115_HNSCC_3_TIL_CAGCGACAGGTCATCT	2213.996751441605	0.0	131.21920943449487	42.357627382696954	9.89341617045711	50.33286935686085	0.0
GSM4138115_HNSCC_3_TIL_CATCGGGTCTACGAGT	756.2033344054252	81.86169599210594	50.56387915431656	48.38938839544145	16.981611786396986	17.433223215130706	119.12458279612854
GSM4138115_HNSCC_3_TIL_CTCGGGAGTGACCAAG	669.4111046129392	12.049487282073805	84.95573406711686	27.312317071091922	7.401511083176997	0.0	53.409639016735774
GSM4138115_HNSCC_3_TIL_TATTACCCAGGACGTA	453.61539852269783	54.401357370528665	88.5334305541949	105.92863574643275	13.766390029040586	37.62373215901763	77.90154841546831
GSM4138115_HNSCC_3_TIL_TCTGGAAGTCCGACGT	688.6322105027954	6.132858376969103	97.8022274870492	2.805221606863743	60.36235237067184	0.0	0.0
GSM4138115_HNSCC_3_TIL_TTGCGTCGTTCCACAA	583.5396129909277	32.83732076493667	103.30939572565335	127.79822209285027	0.0	105.12205191831548	9.248319011810473
GSM4138115_HNSCC_3_TIL_GATTCAGAGGCATTGG	0.0	67.32142568976518	591.6984647934248	101.29041235909361	0.0	84.12142221287726	3.9575320723453538
GSM4138115_HNSCC_3_TIL_AGAGCTTTCGCGTTTC	0.0	0.0	1934.12001040288	0.0	0.0	0.0	0.0
GSM4138115_HNSCC_3_TIL_CACACTCTCAACGGCC	154.71232917082403	11.416396012828793	1636.975212130733	96.35846811828871	0.0	0.0	0.0
GSM4138115_HNSCC_3_TIL_CACAGGCAGTAGCCGA	0.0	0.0	1165.4713813756975	145.0637660018457	0.0	0.0	38.94494104819346
GSM4138115_HNSCC_3_TIL_CAGCCGAAGCTCTCGG	91.11767046519307	426.10206184636564	1669.8099226564284	49.34350486239337	91.48703385269307	36.32430841719757	90.26244059375516
GSM4138115_HNSCC_3_TIL_CATATGGGTTGAGGTG	123.0737293366066	0.472053884926316	660.049394743698	0.0	0.0	39.7081521931035	0.0
GSM4138115_HNSCC_3_TIL_CCTTCGACATGTTCCC	0.0	0.0	2235.760436337421	0.0	0.0	0.0	0.0
GSM4138115_HNSCC_3_TIL_CGTGAGCTCGATAGAA	31.18963725337684	0.0	122.01487026457782	0.0	0.0	0.0	16.27187466364846
GSM4138115_HNSCC_3_TIL_CTCGGGAGTTGCCTCT	54.03863671426878	26.515560709011854	657.864896796223	43.59288913341683	32.040472024274735	0.0	0.0
GSM4138115_HNSCC_3_TIL_CTGATCCGTTCACGGC	0.0	0.0	2240.805521316813	79.89351221328263	0.0	0.0	49.05960196352302
GSM4138115_HNSCC_3_TIL_CTTACCGGTTCGCGAC	0.0	0.0	2252.7822893974367	0.0	0.0	0.0	0.0
GSM4138115_HNSCC_3_TIL_GACTACACATCTCGCT	0.0	0.0	2014.3101025614171	0.0	0.0	0.0	0.0
GSM4138115_HNSCC_3_TIL_GTAGTCACATTCACTT	86.6985382087192	0.0	338.48626885890087	7.9066945311265595	0.0	0.0	0.0
GSM4138115_HNSCC_3_TIL_GTCTCGTTCGGTTAAC	0.0	158.50779503307083	2056.930178268984	134.92165702671795	50.475978009512296	26.66384256644826	90.30752491373606
GSM4138115_HNSCC_3_TIL_GTTCATTCACTTAAGC	23.466281500186586	7.876946058879328	440.56623230319934	57.113757205996	12.87590447275346	0.0	0.0
GSM4138115_HNSCC_3_TIL_TACTCATTCGGAGCAA	4.921505760429058	334.528783654274	1765.1009233203463	0.0	135.51280145480422	202.79028376897324	324.7065126333414
GSM4138115_HNSCC_3_TIL_TGACTAGGTTAAGTAG	200.28769444036476	0.0	255.13623981245468	83.6429168453804	0.0	0.0	0.0
GSM4138115_HNSCC_3_TIL_TGTCCCATCTGCTGTC	0.0	58.76464438145607	501.9286608293744	52.24521256818242	0.0	31.05014240972647	0.0
GSM4138115_HNSCC_3_TIL_TGTTCCGTCTGCGTAA	185.45611379824365	82.80059941666241	878.4197033382558	15.915413391653649	35.219563400468644	0.0	62.532283817154315
GSM4138115_HNSCC_3_TIL_TTTACTGGTCGGCATC	126.34392074643921	61.88410558300143	1404.3998638111414	46.07797206137503	29.55660923392501	10.886132487051198	33.4667487290149
GSM4138115_HNSCC_3_TIL_ATTATCCTCGGCATCG	242.71679711357035	295.36286797008756	276.97860220898275	52.72775742976914	52.48716657925069	0.0	131.62726781388298
GSM4138115_HNSCC_3_TIL_AGAGCGAAGCAGGCTA	858.969582894532	46.872990425975466	20.515741895945734	183.82921886698907	33.14495910802571	76.56127463457115	0.0
GSM4138115_HNSCC_3_TIL_ATCCACCGTTGTGGAG	364.5889437389618	0.0	19.862501308484227	70.27965282217245	7.824911861325735	5.4906415913155975	0.0
GSM4138115_HNSCC_3_TIL_ACACTGAGTAGCTAAA	0.0	0.0	0.0	0.0	2043.1334679556735	0.0	0.0
GSM4138115_HNSCC_3_TIL_AGCGGTCAGTGAATTG	0.0	55.24021944417888	0.0	132.19945438020295	467.74162561907826	54.644227762722196	49.21090397007047
GSM4138115_HNSCC_3_TIL_CCACCTAGTGCAGGTA	0.0	0.0	0.0	0.0	1446.702924420913	0.0	0.0
GSM4138115_HNSCC_3_TIL_CTCACACCAACTTGAC	88.48874545794719	103.61775227662564	0.0	0.0	1112.9995322380526	12.34322004122508	33.88604436202076
GSM4138115_HNSCC_3_TIL_GACGTGCAGGTGCACA	124.56985285392015	22.537628850720694	0.0	0.0	1460.7651361350042	53.25651379601777	5.340924370706871
GSM4138115_HNSCC_3_TIL_GAGGTGACAGTCAGAG	0.5163537403121845	41.55835398008802	10.304566091819265	110.82920078610299	926.6607644237954	14.801150898349851	81.33392068240137
GSM4138115_HNSCC_3_TIL_GCAGCCAAGGTGTGGT	21.550586307846583	0.0	19.996873576080414	0.0	1060.7277244292861	38.27385977420745	0.0
GSM4138115_HNSCC_3_TIL_TACCTTACAAGCTGAG	0.0	46.610103674464334	11.151405345146305	47.51285281486038	1246.6194253889155	41.62736775963472	11.018011006546017
GSM4138115_HNSCC_3_TIL_TCACGAAAGCTACCTA	0.0	0.0	0.0	0.0	1406.1331953328593	295.9596665203206	0.0
GSM4138115_HNSCC_3_TIL_TCGAGGCCAGCGTTCG	0.0	23.821082506778875	109.81622386179995	15.87242141302313	2319.6861230792993	0.0	94.74717814380675
GSM4138115_HNSCC_3_TIL_TCGAGGCAGAACAACT	95.09691604034636	62.709961785300756	24.3817275977868	230.9671414953854	0.6127619284975954	26.283292610623345	11.314074503967191
GSM4138115_HNSCC_3_TIL_ACACTGATCAACACTG	177.62484828566255	299.9931756678009	40.96652254829489	357.33890177277647	101.5810176312913	74.29596943394795	0.0
GSM4138115_HNSCC_3_TIL_CAGCATACACGTCAGC	360.60129079433034	62.60236360916334	90.52376146927519	3021.8321771880956	0.0	2.9604985549527827	0.0
GSM4138115_HNSCC_3_TIL_CATATGGAGTACACCT	217.29458715616042	39.58126394423952	16.33738015159344	282.6104912341793	3.48784723288653	21.99499015196956	72.51477668720447
GSM4138115_HNSCC_3_TIL_CCCTCCTAGGGCTTGA	0.0	66.31778381696402	0.0	3522.160753867973	0.0	189.7469945820524	0.0
GSM4138115_HNSCC_3_TIL_CGAATGTCAGATGGGT	373.82042734141316	233.10954641544163	47.100184945262505	519.1143048394365	23.090228786471137	185.47679512446487	26.01809200633053
GSM4138115_HNSCC_3_TIL_CGGCTAGCAGCTGGCT	0.0	0.0	165.23138668094293	2631.3832967159697	82.38002100668733	129.61308459835737	408.3100077257225
GSM4138115_HNSCC_3_TIL_CGTGTCTTCTTCGGTC	249.33023459682911	139.79897648207597	87.06198406513535	576.0317508841384	54.594811112322844	58.10469916111264	130.9547357682224
GSM4138115_HNSCC_3_TIL_CTCGTCAGTCGCATAT	387.8458754769388	205.44995981059247	257.68940641142575	500.4755106023766	0.0	64.63862291260251	116.82279214495424
GSM4138115_HNSCC_3_TIL_GGTGCGTTCTCCTATA	0.0	0.0	0.0	0.0	0.0	0.0	5735.93452304983
GSM4138115_HNSCC_3_TIL_GTTCGGGAGACTACAA	0.0	0.0	0.0	3612.603699070936	0.0	0.0	0.0
GSM4138115_HNSCC_3_TIL_GTTCGGGTCACAATGC	220.7364409418874	0.0	80.84137883756352	2623.547003388804	0.0	0.0	0.0
GSM4138115_HNSCC_3_TIL_TGGCGCAGTTAGTGGG	186.52100273277242	213.6902460006767	126.78015325247738	981.8213383043836	47.30996049700949	36.78413971017229	205.46333382772028
GSM4138115_HNSCC_3_TIL_TTTATGCTCACCTCGT	523.7738978297234	290.25915313079787	105.53190578625335	358.6090822262756	41.422176994589705	204.7445130752111	108.99805590449084
