	1	2	3	4	5	6	7	8	9	10	11	12	13	14	15	16	17	18	19	20	21	22	23	24	25	26	27	28	29
GSM4138115_HNSCC_3_TIL_ACCTTTAGTACATCCA	131.5564186192152	81.0035351305422	81.25263373390528	129.18822548369553	58.54679757842181	7.929450481833432	0.0	0.0	0.0	106.55370725782747	0.0	21.11373409532764	70.83167652632095	0.729454806134183	0.0	0.0	28.260177806254152	24.066712797579672	1.5080891191437316	16.66371348454705	0.0	0.0	16.42152747101976	0.0	0.0	0.0	16.143052501964977	0.0	0.0
GSM4138115_HNSCC_3_TIL_CAACCTCCATGCAATC	162.81006612161912	36.550421843639526	122.96076671040217	125.75413602270699	56.963522775326204	14.143996918539589	61.208666432973615	53.7711376532534	29.815239978601927	5.293825485430103	0.0	27.470623348806672	0.0	33.02828583057489	0.0	0.0	47.05725404864547	31.02485213760126	0.0	23.32990597172729	0.0	0.0	7.659245142556583	0.0	0.0	0.0	1.6171886245711988	0.0	0.0
GSM4138115_HNSCC_3_TIL_CACACTCAGCCGCCTA	92.59780872861825	47.98577013222398	48.34943725512301	111.27160032732628	98.2119755780896	36.25989572083529	15.676208170307568	0.0	55.23114124801672	71.85548220802443	0.0	24.664759294276866	0.0	0.0	31.308809542890646	0.0	10.727962183147847	0.0	0.0	15.987944851889253	42.2792070138519	14.159259077587489	15.107233440775984	0.0	0.0	0.0	0.0	0.0	0.0
GSM4138115_HNSCC_3_TIL_CATGCCTTCAAAGTAG	224.14830698326966	94.37247841493577	103.70275840774987	226.70706000830427	117.68041715117515	68.88996080480976	40.850800673362535	15.771696479625849	0.0	110.24794024462179	0.0	36.22552027193882	31.057796073443498	12.816709371741904	13.665276151398741	0.0	24.26507536265624	0.0	29.6023755210207	39.1539582753354	0.0	0.0	10.107171844924082	0.0	0.0	0.0	0.0	0.0	0.0
GSM4138115_HNSCC_3_TIL_CATGGCGTCATCTGCC	80.28785037465707	45.68107131824307	111.06771292459477	109.06245788656423	54.62354262060983	3.233778980312824	15.33368615848263	0.0	72.4284583449669	77.94673351015925	0.0	41.054334519145186	0.0	5.9154540370357935	0.0	0.0	17.538829492498333	6.2817465834665205	17.318075035790326	40.7541728392027	0.0	0.0	14.12699469144017	0.0	0.0	0.0	17.740613426693336	0.0	0.0
GSM4138115_HNSCC_3_TIL_CCTTCGAGTTAAGAAC	56.83061754729106	70.11838158758971	106.73087452345358	138.58083171136695	84.34677560912533	0.0	0.0	0.0	40.7106691915972	44.782273077497145	0.0	53.64491950424475	35.17962453068463	3.413686943982315	0.0	0.0	8.700684235931766	0.0	0.0	12.482876305584622	0.0	9.031305315652883	25.53553714998985	0.0	0.0	0.0	0.0	0.0	0.0
GSM4138115_HNSCC_3_TIL_CGTGAGCAGATATGCA	47.051836035010744	256.2296822146815	32.53429995431082	0.0	103.5953860005705	49.950401170811325	0.0	0.0	154.1673384923907	56.644192784937076	178.62386881943794	17.9549829497614	0.0	96.94953535234268	0.0	48.503300088046004	0.0	6.104280488217858	10.672321200751767	0.0	0.0	0.0	0.0	0.0	26.311448677093818	4.78467208065002	19.976246133260375	0.0	0.0
GSM4138115_HNSCC_3_TIL_CTAATGGTCCTGCCAT	125.93552413396742	80.31345028650985	45.54298213081165	119.31656907407418	54.14449319086669	0.0	2.236714105376269	0.0	55.64302433925518	110.13151777647919	0.0	0.0	0.0	3.7989811636088664	0.0	0.0	27.61811687960023	7.7867366854340005	7.147521329223222	27.923882526436667	0.0	0.0	4.975680065994636	0.0	0.0	0.0	0.21789810686798117	0.0	0.0
GSM4138115_HNSCC_3_TIL_TACTCGCAGCTAAACA	58.964947269506716	1.485719036931103	60.461553189709804	58.55996374837981	17.28541176899038	10.118335658161925	4.730585753142824	29.27714081835237	0.0	0.0	0.30465055375571953	0.0	14.603527134576257	5.4209628384041135	9.343600427118718	0.0	0.0	13.58893700245127	0.0	0.0	0.0	0.0	2.2061025541255415	0.0	0.0	0.23612322573030617	0.0	0.0	0.0
GSM4138115_HNSCC_3_TIL_TTCTACACAGAAGCAC	39.005100958865185	12.685547166074393	54.380959631257596	0.0	46.24071230434927	0.0	8.70970551481826	42.602498086776556	22.375191501060332	0.0	33.46421740864924	19.58122962969297	0.0	0.0	0.0	0.0	4.544920308862287	0.0	1.2343341028212762	0.0	0.0	4.3512332331272425	5.657263971594471	0.0	0.0	0.0	2.4862075265377404	0.0	0.0
GSM4138115_HNSCC_3_TIL_TTGGAACTCGTCGTTC	115.28292923580662	43.22048577142296	61.51503329814101	0.0	101.14513787268763	7.40741590950047	45.44976940198124	27.531997903569717	0.0	0.0	100.19459914770924	2.5141326264971218	25.012183416696903	10.281278047930602	0.0	3.9870022096710347	0.0	8.372690796036453	0.0	6.823751573186163	0.0	0.0	0.0	0.0	6.73611990114472	10.158567353007692	0.0	0.0	0.0
GSM4138115_HNSCC_3_TIL_GACCAATGTCGCTTCT	130.70938404302683	60.570898641199605	54.68144579048984	44.80468975240437	0.0	50.596044322970414	113.43857584383834	0.0	14.497320546687572	88.58232578473412	0.0	27.580223463315406	0.0	0.0	0.0	0.0	0.0	6.28994437071945	5.053513893076166	7.211253323826656	0.0	6.884132805334471	17.398325907648182	0.0	0.0	10.930155349514225	0.0	0.0	0.0
GSM4138115_HNSCC_3_TIL_AAACGGGCAGATCCAT	152.87092811592026	74.50816769866086	91.75234616915806	87.98328384819578	155.42476772631593	15.84670679866457	92.3368246795449	0.0	55.737526239801674	98.92544522889088	0.0	20.644316942439094	0.0	51.326468982153344	8.270860837042157	0.0	0.0	33.08707512302725	0.0	28.258174279948882	0.0	0.0	14.442141141004095	0.0	0.0	12.001554237428554	0.0	0.0	0.0
GSM4138115_HNSCC_3_TIL_AACTCAGGTAAGTAGT	118.76170309457461	67.54548418609723	24.721769157900823	0.0	37.018089620079934	76.14627371204254	44.34471629527357	4.447766069818063	0.0	0.0	98.58941457897048	26.381914107157634	53.093514702235964	5.348734376651296	17.97348443083794	11.249123245560671	17.02939917690208	10.156523121877706	7.657063603517197	0.0	0.0	0.0	0.0	0.0	0.0	13.30193051222058	0.0	0.0	0.0
GSM4138115_HNSCC_3_TIL_ACTTGTTGTGCGATAG	68.77049250011949	71.52471336393006	94.21661350888294	179.63147151940603	67.85969050173634	75.22164687571441	32.86263026736006	0.0	0.0	45.4639302577644	0.0	21.84602628943338	36.54017241256566	27.05781384528575	0.0	0.0	43.831950148429975	0.0	0.0	29.553325921609694	0.0	23.891243952915882	0.0	0.0	0.0	0.0	29.133022400842354	0.0	0.0
GSM4138115_HNSCC_3_TIL_AGTCTTTCACTGAAGG	241.69580276305604	62.875564792801654	88.32659584907911	17.948270650024643	104.93495390957527	84.13538871117133	29.39351642394379	0.0	41.39972408427708	90.94584960750687	114.58079469536833	18.42837710079467	0.0	18.52697144752306	11.808177531341848	19.37251415018391	0.0	0.0	0.0	0.0	0.0	46.916854942882935	6.708386846383512	0.0	0.0	2.2977854020636514	0.0	0.0	0.0
GSM4138115_HNSCC_3_TIL_CAAGATCGTGCAACGA	268.8316257565884	118.65764318576079	150.7887327376004	92.24713216124952	127.01741283739815	181.3524784978248	18.756799879385433	28.79390660385484	72.13760679370473	0.0	0.0	27.730871875468093	4.451009586495354	21.549407074295548	59.79158797682791	0.0	0.0010663718378972555	16.748642691676874	0.0	9.11326798769139	0.0	0.0	21.34967538311906	0.0	0.0	0.0	13.729204932935037	0.0	0.0
GSM4138115_HNSCC_3_TIL_CAGAATCAGCCCAACC	128.71143387566295	56.85086819796281	108.95554849128008	0.0	140.83413311116604	36.97023850005644	93.29064254483345	0.0	0.0	48.57003979794408	110.52149755587695	45.22472451007895	53.44646443276906	11.122861345057522	40.42717613073269	0.0	7.412319223063272	0.0	31.717788017041823	24.299498078377763	0.0	3.019944136977544	9.291305649242702	0.0	0.0	0.0	0.0	3.2831269113425723	0.0
GSM4138115_HNSCC_3_TIL_CCGGTAGTCATAACCG	146.47629079662522	79.61018450289575	77.91323615039686	38.660804291153745	142.69154630875133	82.75148291443912	133.14987340987759	97.01813636125323	0.0	0.0	24.70311091211973	52.911734608822066	77.27234358761584	11.493115360732238	39.13157377987414	46.632959076520756	0.0	54.52566461602786	1.8015837271592126	0.0	0.0	0.0	30.443328550490232	0.0	0.0	29.9239221736108	0.0	17.644427370283903	0.0
GSM4138115_HNSCC_3_TIL_CTCCTAGCAGATAATG	424.83613222575957	141.20303374481975	211.15963081134836	186.92394161130454	171.40319280759394	165.00923034922454	100.4197833208112	44.85869642594569	0.0	0.0	0.0	53.08925595422604	189.80675747783337	8.72562183424989	121.54894849483064	19.083597578516095	0.0	19.137973366148582	8.092401731102367	0.0	0.0	0.0	0.8319310880901662	0.0	23.065724265727845	2.22499989959006	0.0	0.0	0.0
GSM4138115_HNSCC_3_TIL_GAACCTACATTGGGCC	121.7540662484182	19.46769055017274	77.30839963586087	64.4009709750999	8.927097709169164	0.0	21.819051344987823	0.0	49.9409758358012	55.679955606072944	0.0	26.39680142300155	0.0	6.04484641686519	0.5460042914350671	8.312725573430617	0.0	0.0	1.2696714077307478	0.0	0.0	0.0	6.649822243571927	0.0	0.0	25.04901251733244	0.0	0.0	0.0
GSM4138115_HNSCC_3_TIL_GGACGTCTCCTCAACC	132.6064988861929	67.25702988689201	68.57502058954601	0.0	21.15695967356941	40.1302217590047	0.0	0.0	14.782060511723282	30.60111889577983	25.612296339890896	11.125812450925258	0.0	0.0	52.757368733943665	0.0	13.42308541044672	0.0	0.0	0.0	0.0	5.292892876697794	16.72222109120532	0.0	0.0	0.0	0.0	0.0	0.0
GSM4138115_HNSCC_3_TIL_GGATGTTGTGTTTGTG	205.72909062023157	80.42250765726266	68.52218271527092	0.0	57.22547386768408	86.37685274534773	80.35636570035645	0.0	42.86710364955064	52.820435883916645	59.31280018937109	25.851109438780135	54.698304329697216	25.347555681650416	56.46398131810591	35.21229490174995	0.0	24.707546668311387	5.214954240479793	0.0	0.0	0.0	0.0	0.0	0.0	0.0	0.0	0.0	0.0
GSM4138115_HNSCC_3_TIL_GGCAATTCATGGAATA	219.57547934395728	39.82248499841936	58.66059404202422	0.0	65.66717573182248	80.75669838473436	13.490326768727748	132.16374237328907	28.24659233735152	0.0	112.43573194943382	25.879851197058105	0.0	0.44605180032463504	19.63695621766349	3.6647239216725933	3.5580991166387053	36.678512725756946	6.928978340796582	0.0	0.0	0.0	22.782728028967746	0.0	0.0	0.0	30.424973616498136	0.0	0.0
GSM4138115_HNSCC_3_TIL_GTCTCGTAGAAACCTA	27.510478102923766	31.257500823372457	12.5544678463347	41.15350377894839	6.170496352762218	18.918485016763864	10.806942093546317	27.18825545436778	0.0	0.0	0.0	4.713782411789591	19.70966467522053	0.0	0.0	0.0	0.0	0.0	3.3772639073037443	0.0	0.0	0.0	0.0	0.0	0.0	4.885214607333992	0.0	0.0	0.0
GSM4138115_HNSCC_3_TIL_TAGCCGGAGTCGTTTG	319.57978619971914	60.68662446487516	96.62462616239326	71.17407401631777	33.63176694588673	47.37649784185236	13.114617958426951	30.077378216399307	40.141304854185876	0.0	0.0	14.12836649996	3.2480427391198865	16.0299005066464	0.0	0.0	8.546617451012668	4.550481242908723	29.648358448559446	0.0	0.0	25.805224042426822	0.0	0.0	28.977559593232357	0.0	34.20380187936562	0.0	0.0
GSM4138115_HNSCC_3_TIL_TTAGTTCAGACAAGCC	120.31048830570833	104.10396813337431	2.4141143205900977	61.72781746001299	158.66868803407954	53.70057840570485	34.011188518867066	0.0	57.97448138842755	22.01335711599681	0.0	35.53907164051999	0.0	2.075458800324482	10.977798798136048	0.0	18.037733754014347	0.0	12.780901555592282	19.717621479829997	0.0	3.8505860152209266	31.278648527591074	0.0	0.0	0.0	0.0	0.0	0.0
GSM4138115_HNSCC_3_TIL_ACACCAAGTCCAGTGC	65.57369687087139	20.71112920756968	102.99095911964059	160.7072436804783	2.354750644052993	29.230506470718108	51.587361446848746	0.0	17.03502603492101	21.470733426794748	0.0	13.996126653718118	0.0	10.077042126470815	0.0	0.0	7.589943942977886	10.850974914360004	0.0	6.323242599719394	0.0	0.0	12.193773282427161	0.0	0.0	0.0	0.0	0.0	0.0
GSM4138115_HNSCC_3_TIL_AGCCTAACACACCGAC	0.0	148.1047293876407	7.61010160358393	180.9218103712502	46.27755179866089	84.4527045004812	46.95485034365135	0.0	27.07702790461119	12.654388886829556	0.0	0.0	0.0	2.4414302253934492	0.0	0.0	0.0	3.1015342769243306	0.0	0.0	0.0	0.0	4.691583029433714	0.0	0.0	14.07450627543965	17.93089312915939	0.0	0.0
GSM4138115_HNSCC_3_TIL_CTAATGGCACCCATGG	114.96811124616163	56.4825196189766	60.41188213531894	141.62953511229676	3.3279811036417626	13.462223970960924	58.92350974363723	0.0	39.74038424728304	61.06955415022046	0.0	29.18316765605654	0.0	5.733534244241593	0.0	0.0	8.584186667891304	7.799334494295804	0.0	6.874635810497884	0.0	6.296325332052245	17.013725237505994	0.0	0.0	14.81110372553772	4.422420824168879	0.0	0.0
GSM4138115_HNSCC_3_TIL_ATGAGGGTCCATTCTA	0.0	50.0603396126939	46.89449991104399	0.0	76.78195138168259	27.465032472385108	0.0	0.0	58.59021492141876	119.16099818785038	249.47325910625653	5.46488964302798	0.0	7.711805762638213	0.0	15.920395511040969	23.767929619144002	0.0	4.275707553089103	17.270302369824503	20.469471774032943	11.812795665650258	15.63920775005345	0.0	2.658626189976301	0.0	13.391350128731574	0.0	0.0
GSM4138115_HNSCC_3_TIL_GTCATTTGTATGGTTC	88.81482481426463	86.08430362692367	24.673439082668686	165.17457416858525	11.585628980126877	20.779117102767007	2.5364607464939035	0.0	10.58202132202368	87.62374638494937	0.0	0.0	0.0	0.0	0.0	0.0	0.0	6.505027205180418	0.0	22.881160304553283	0.0	4.398458353246147	6.5103302493671045	0.0	0.0	42.77428264307781	10.067764676424314	0.0	0.0
GSM4138115_HNSCC_3_TIL_CAGATCACAGACGCAA	56.21794419273483	77.08085981182428	73.80187944661957	149.51370290142904	19.703931315367345	27.21420532909787	11.659878893918501	141.84168442785509	0.0	0.0	0.0	9.724926372245664	29.28483454506699	11.853349100151188	9.50401726632136	0.0	0.0	5.511804758629902	9.318598382633596	11.413681862737672	0.0	0.0	0.0	0.0	8.700138937714575	45.200859220043874	0.0	0.0	0.0
GSM4138115_HNSCC_3_TIL_AAACCTGAGCGATAGC	56.52841359936241	34.00673958752604	38.48667388709375	51.76686689649672	25.853733518286656	37.54559991946154	31.555327033205735	38.57579914262741	0.0	0.0	0.0	4.2802377683579	29.450938887538786	0.0	0.0	2.1028849718265405	0.0	0.0	0.0	8.144172320853567	0.0	0.0	7.383074156691245	0.0	0.0	3.3357720305789638	7.646828947789808	0.0	0.0
GSM4138115_HNSCC_3_TIL_AGAGTGGAGGCGTACA	95.33661153302351	98.28287146042211	52.19990711516075	129.0344478661727	37.327063065251714	29.08705291609053	28.422852734217354	60.311691350956146	37.39879139810101	0.0	0.0	1.4075760952744052	0.0	4.3701037003715255	0.0	0.025333254505294705	9.564926136759778	28.45646771324905	5.43250389296137	14.431001824309229	0.0	0.0	8.648203185267283	0.0	0.0	7.572752284956014	7.291222914580387	0.0	0.0
GSM4138115_HNSCC_3_TIL_ATTACTCGTAAATGAC	223.43546196322532	97.33587631158103	0.0	50.30618669617122	0.0	0.4174978685456839	55.41272464476475	116.61569750700043	34.77229311225419	0.0	0.0	65.39097870858522	0.0	0.0	0.0	2.416665385033742	0.0	0.0	5.956608550621802	42.70469498953356	0.0	8.409300810913841	0.0	0.0	0.0	25.021547889508113	0.0	9.177827147227699	0.0
GSM4138115_HNSCC_3_TIL_CCATGTCCAATGGATA	39.046588864207386	18.17454801126223	22.94440388193349	73.03721416827068	35.857574924954896	36.71762283977515	15.822440649334228	13.086319670030907	93.49524131826735	1.997596145467518	0.0	20.92486724464421	0.0	12.020287650020549	35.93023860025484	0.0	0.0	10.5621051636344	2.7233533649126778	12.38867176228587	81.49380924063676	0.0	16.156878057866216	0.0	0.0	10.570298039908701	10.909718069341572	0.0	0.0
GSM4138115_HNSCC_3_TIL_CGTTAGATCGCAAGCC	102.51481265166511	72.21931330739068	49.07485244607128	142.14103549782732	0.0	0.0	0.0	0.0	27.770555232849784	62.341322072418606	0.0	5.605520935656669	0.0	30.05426356539113	0.0	138.50184638526204	0.0	0.0	0.0	0.0	69.1786547359962	0.0	0.0	0.0	0.0	2.470592743404769	54.64444368140337	85.92556842861184	0.0
GSM4138115_HNSCC_3_TIL_GTTCATTTCGCACTCT	77.4209204959473	78.22726382736825	80.96099531252067	100.80522792664786	62.7816779147982	18.388150959147268	18.90161240473239	171.07712984331005	81.53632572068442	0.0	0.0	17.038121967696647	0.0	6.900646881689694	10.153823345586106	8.514378361654149	0.0	0.0	0.0	0.0	41.134863492135054	0.0	0.0	0.0	0.0	19.416305497521446	0.0	0.0	0.0
GSM4138115_HNSCC_3_TIL_ACTGATGTCCACGTTC	71.07787243891109	36.66313594914323	57.01814437049192	102.68337805733836	102.40406821422476	21.706366035717092	25.385293597927756	78.16280869792456	0.0	0.0	0.0	2.631380832849256	42.76110497809964	52.59577627523256	0.0	0.0	11.146861574853185	17.260620045911406	13.741450967827339	7.249895933723768	0.0	0.0	14.996934101532254	0.0	0.0	0.0	0.0	0.0	0.0
GSM4138115_HNSCC_3_TIL_CGGCTAGAGCGTTGCC	86.76262172682594	53.749251760831925	39.99589602671144	96.32759013175368	72.82672923915142	54.809637739699134	2.308087206395252	60.086990355250556	26.478756843101213	5.7829793398480644	0.0	8.152142333703624	0.0	0.0	3.2240326426371633	7.699260218628672	7.241725985823275	0.0	0.0	0.0	0.0	2.9254938950956104	3.237215980170187	0.0	0.0	0.0	7.886782549067655	0.0	0.0
GSM4138115_HNSCC_3_TIL_GACTACAGTGCGATAG	92.52100673344678	62.29945478524714	107.85346362173524	0.0	6.778153791626432	6.06652787443727	88.6428984652337	35.92975418817278	0.0	0.0	92.07601334553317	1.179869226439333	51.43305148219692	14.321154505412379	8.487050223144236	4.541654162618701	7.300845617457533	29.499377213829423	6.554674869165452	0.0	0.0	0.0	0.0	0.0	0.0	0.0	0.0	0.0	0.0
GSM4138115_HNSCC_3_TIL_AACTTTCTCCCTCAGT	70.16815880994486	107.05173209162278	166.6131042027439	0.0	161.44808452711968	77.55493242026604	59.46294156617812	35.61576195566884	79.04548510341418	120.08201133909766	214.97885447765654	18.30551298834782	0.0	17.1485132856291	27.757243844235486	0.0	10.72255857735823	37.720772061882236	25.16085673696783	25.887606248889252	0.0	0.0	5.869498794238326	0.0	0.0	0.0	0.0	0.0	0.0
GSM4138115_HNSCC_3_TIL_ACGGGCTTCACCTTAT	38.79332218767611	87.43345314682342	58.27367042569196	157.57367324021698	58.4683002025081	24.82320207365429	40.57338480547263	116.84892726960135	0.0	0.0	0.0	44.40677988644174	44.48968408153707	9.052208193755522	0.0	0.0	39.50423283028659	0.0	6.181412639948962	29.599061751986465	0.0	7.654583732313262	3.602756297684094	0.0	0.0	0.0	0.0	0.0	0.0
GSM4138115_HNSCC_3_TIL_ATTATCCGTGCCTGCA	104.33795993123054	66.14427052201285	75.73091255161305	137.2574359232449	158.7395350912441	31.699896133338584	52.72623021412875	154.1361776952905	99.82834982146701	0.0	0.0	65.93677024168137	32.2821494885059	4.312400462512365	64.5670150971073	0.0	2.8072939400845907	25.6008500033694	10.12621329262955	35.091553623552365	10.72593163988127	0.0	1.9218465610890099	0.0	0.0	15.219770421052575	0.0	0.0	0.0
GSM4138115_HNSCC_3_TIL_CCTCAGTAGCGTGTCC	82.63380325293434	120.72235494195267	118.39100903888449	0.0	64.3910635170962	19.14219008897164	22.049796798693823	107.56347534181158	0.0	0.0	79.74667344282761	41.08482658521126	50.07673760531264	27.078314774553604	46.382703637839825	0.0	0.0	14.668210069211575	10.073918257793563	21.98092019649419	0.0	0.0	0.0	0.0	0.0	16.706936415731047	0.0	0.0	0.0
GSM4138115_HNSCC_3_TIL_CGCCAAGCACGAAACG	65.69736881287642	82.84314468471283	106.89939137506141	0.0	147.34105301141395	48.54922856817076	16.644547599596613	0.0	105.56985634751055	81.92388141507578	105.92667027736658	22.817413182447854	0.0	11.704313483331527	4.18199995167409	39.423052063634124	6.00116389960272	0.0	14.38838678953323	0.0	0.0	5.527244073369973	23.04722584101362	0.0	0.0	0.0	0.0	0.0	0.0
GSM4138115_HNSCC_3_TIL_CGCTATCAGCCAGGAT	155.15647410414866	122.47759124039639	116.12243528826247	105.71537515932755	127.0005476292746	37.041268782388556	91.8641318214659	0.0	21.835106282704956	74.5245433301132	0.0	68.84516627862209	0.0	5.338389532585244	0.0	0.0	0.0	17.399799631418333	1.4879465372324476	24.816176817861624	0.0	0.0	0.0	0.0	1.5398778438810592	14.095377584486222	10.273178294591501	0.0	0.0
GSM4138115_HNSCC_3_TIL_CGTGAGCAGAACTCGG	110.53321257144587	78.68155958478539	45.90298384523543	114.2886300240732	70.76378625996135	52.683093620966716	72.0354983239843	41.08473932301223	62.21012862712602	66.17701901282284	0.0	20.584753086681655	0.0	13.479472454670617	12.735325723979116	0.0	0.0	28.604267529052574	2.6414693629081536	5.660055774533594	0.0	0.0	5.452626332714136	0.0	0.0	0.0	0.0	0.0	0.0
GSM4138115_HNSCC_3_TIL_CTCGTACCAAACCCAT	75.99325082101005	81.81407580440758	108.1925996975266	85.97407677806932	128.55371138762354	42.54887143013278	35.71722486459313	137.844825935703	18.126002408512267	0.0	0.0	42.30038948313847	41.90093499739194	18.740529277402203	1.0640988681732737	32.967267120130174	5.473263075266326	0.0	12.30584182489262	0.0	0.0	0.0	23.295277687323864	0.0	0.0	0.0	0.0	0.0	0.0
GSM4138115_HNSCC_3_TIL_GATCTAGTCATGCATG	130.69442162547713	263.83121617370523	209.0547836875732	199.11476885990936	273.30017037276036	94.44973317251151	107.43937407314645	280.47534922142194	127.47049970414714	0.0	0.0	70.67104464219733	61.37129231791235	39.45891685171218	23.70830640732432	0.0	46.54614688486779	40.719893361509605	28.16030258045296	66.94885308481115	128.15689635939063	0.0	22.80703910028141	0.0	0.0	0.0	0.0	0.0	0.0
GSM4138115_HNSCC_3_TIL_GCATGATAGCAGCGTA	85.6151632770773	29.989596913064716	24.638529586653263	7.351117343036178	93.12375163421031	23.31340957346669	12.926627442002887	123.69497751660782	0.0	0.0	0.0	4.976603815822131	21.57941794629822	0.0	13.85079775872668	0.0	6.438516082872031	12.895448431645974	0.9308185947331614	11.95579915608533	0.0	0.0	12.52933151386047	0.0	0.0	0.0	0.0	0.0	0.0
GSM4138115_HNSCC_3_TIL_GCATGCGCAAGTCTAC	35.23218450891859	34.35850749152867	34.39893217244579	66.93299222817896	106.89507349211983	80.32045284514514	33.19862535170073	24.700981387085573	50.968986272322894	0.0	0.0	4.2156162423833505	0.0	0.0	3.482029744831367	2.8483473258111602	0.0	0.0	0.0	0.0	2.4664137363963423	0.0	5.632110240170006	0.0	0.0	5.071113017142522	0.0	0.0	0.0
GSM4138115_HNSCC_3_TIL_GTAACTGCAGGTCCAC	138.27870327712677	62.51134643569443	88.65611283564567	0.0	146.2286886793503	61.06428099787589	91.62118134729634	49.303995408596336	48.140117468275676	21.41139607493329	134.94061647622544	44.45398683442577	0.0	2.570150246968435	12.102733853662842	0.0	0.0	6.615500970415449	24.876444961203347	40.02720719958553	0.0	0.0	12.665247240861687	0.0	0.0	6.558725606344237	0.0	44.41770617587022	0.0
GSM4138115_HNSCC_3_TIL_GTACTTTTCTCATTCA	119.00536640935638	74.59176359637557	55.47372989325202	0.0	96.311140210756	39.92804198099342	90.75973908185019	25.329855852088848	0.0	0.0	82.00652440622588	66.93083474092188	30.09362318747932	63.45740935647349	42.003492817801295	38.0366206617232	10.494046506252973	0.0	50.14301408952618	0.0	0.0	14.89591732581938	4.245513863461695	0.0	0.0	0.0	0.0	0.0	0.0
GSM4138115_HNSCC_3_TIL_GTGCAGCAGTGCCATT	100.42151355083038	59.3797079939542	11.409014785456394	153.45281946175066	74.69274272614852	73.40819521970575	42.985751681890065	0.0	69.85347387110842	32.64897952273145	0.0	43.62797606178973	0.0	14.611473578192694	0.0	0.0	25.94265937216182	1.1534057752127045	22.884298517563753	57.62969826951017	0.0	0.0	4.135904309534652	0.0	0.0	1.4555341601212823	8.96573916786623	0.0	0.0
GSM4138115_HNSCC_3_TIL_GTTCGGGCAAACGCGA	59.79257951969322	65.66291752205862	117.41626685577344	114.26795162569952	96.1343304706942	64.97138352616564	69.54593724295329	71.36153556931181	0.0	7.149119264053153	0.0	42.201659245456256	12.440513043135223	31.550337283096713	0.0	64.88221133101177	0.0	0.0	0.08123784593400858	0.8816770224488697	0.0	2.399317833307225	0.8945241720082011	0.0	19.343771548434813	0.17652497375841214	16.154031780758434	0.0	0.0
GSM4138115_HNSCC_3_TIL_TCTCTAATCGGTCTAA	53.945206620353886	73.0810483244328	78.21857450887326	76.90181201006423	112.78421527323226	126.10953831939563	77.20057703176872	0.0	75.6214099678894	45.285287456302626	0.0	26.129674118495334	0.0	7.244683939681183	13.230024693171158	0.0	59.90564032342185	0.0	18.825492901692204	3.154073562927902	0.0	0.0	0.2324731576272754	0.0	0.0	0.0	0.0	4.703245822370523	0.0
GSM4138115_HNSCC_3_TIL_TGCCAAAAGGATCGCA	113.76026245304281	37.53432163070241	108.37262301646749	148.9308064963461	69.2092967000811	58.421357147380945	45.08183381290671	0.0	46.02133315902454	102.08855096993	0.0	1.6363663711166543	0.0	6.087763410118426	0.621894034394917	30.046973683604335	14.47961032025055	22.020762335170524	4.470672165920701	0.0	0.0	2.998281583327802	19.675592655609673	0.0	0.0	0.0	0.0	0.0	0.0
GSM4138115_HNSCC_3_TIL_TGTGGTATCAACGCTA	86.85295059037024	61.35100976508232	106.82290170838029	121.12883013898238	139.57646780236087	6.798593493116516	55.78031182491067	45.28489854911689	13.148029705263758	0.0	0.0	47.26679304302089	62.261275147140005	35.66870613787372	7.7946964812831965	0.0	34.257627210294636	0.0	10.88059933612159	20.27147689174322	0.0	4.940624636172025	8.184196076773784	0.0	0.0	0.0	0.0	0.0	0.0
GSM4138115_HNSCC_3_TIL_TTGGAACTCTTGAGGT	75.01896747411163	49.57330916252098	84.42506186258557	85.93872776768609	73.11081391205964	67.30284030399828	69.42388072543245	0.0	54.33163148262913	55.27008047374546	0.0	16.482414313651567	0.0	12.814764919670402	5.707139188328425	19.375767825028436	0.0	0.0	2.263364277613884	27.780229973424056	0.0	8.257979191272298	20.455785542605494	0.0	0.0	0.0	0.0	0.0	0.0
GSM4138115_HNSCC_3_TIL_ACGTCAATCCGATATG	64.71188597437136	18.908218651009328	61.118744008726615	113.52013260163922	3.3236862376740355	10.241031558796367	43.998754081455246	0.0	61.95936374161962	66.36416630910435	0.0	3.632114025007696	0.0	15.602345700555805	0.0	0.0	13.11745598215776	20.13948393297567	0.0	41.27559493330373	0.0	0.0	5.319176009265709	0.0	0.0	0.0	1.091016999161177	0.0	0.0
GSM4138115_HNSCC_3_TIL_AACCGCGAGACTAGAT	290.8532389189045	110.59927691461812	111.62357600616798	169.356074960273	146.76255985382934	62.30893865364002	44.510969726179	16.870717913117247	26.19266372601223	23.320194900450574	0.0	49.76363421215277	0.0	14.465745984831837	4.152025823603019	14.455972129571679	0.0	0.0	0.5217053940026803	0.0	0.0	0.0	0.0	0.0	6.092341601709929	11.428407495692886	0.0	0.0	0.0
GSM4138115_HNSCC_3_TIL_AACTCCCAGACTTTCG	276.47973423477333	121.22812855848053	96.19294266691651	0.0	140.02788938486	87.36544382992015	26.96499967725945	28.069545090805626	0.0	58.887437635091054	142.93802752803572	33.957028408656804	41.38291238667118	15.595205985537474	37.14384168889159	27.37873182275399	0.0	19.484178587687637	11.307793776766312	0.0	0.0	0.0	11.856802803674924	0.0	0.0	22.45816853925475	0.0	0.0	0.0
GSM4138115_HNSCC_3_TIL_ACTTGTTTCAGCTGGC	201.8932425270555	43.30434931188413	141.22924729024965	0.0	164.01673639172014	75.95530025799358	112.33021242292534	151.214077958126	0.0	0.0	86.35911460898672	48.10798141264763	87.07143514087733	8.962760228933115	50.2855358225031	34.21657209350836	7.98931438595759	8.576733208191202	5.2783791765682135	0.0	0.0	17.812300963220704	0.0	0.0	0.0	0.0	0.0	0.0	0.0
GSM4138115_HNSCC_3_TIL_AGTGAGGGTTGGTAAA	136.34394885401454	100.2777148296604	54.863118761829156	0.0	83.85230769566661	4.268612032924181	10.306771317966094	0.0	53.41848488842044	67.26827115936878	106.74408223549962	16.713018471427667	0.0	15.65374528094408	10.086527292410247	20.181545901951548	0.0	1.2304662065802219	6.623546321466633	0.0	0.0	3.0621181660360115	14.694828890581435	0.0	0.0	3.0258051867025517	0.0	0.0	0.0
GSM4138115_HNSCC_3_TIL_ATCCGAACATACTCTT	158.21334096292534	90.09552018591307	89.46434147013527	39.88398186496841	56.11000364859823	16.439075470911245	63.35192659124377	0.0	24.059052904546117	89.24699562781313	4.187016549744302	17.485057523941954	0.0	0.525078279623383	13.51538421355392	16.764192949992047	3.527119680591522	2.187496772754451	6.745936092512847	0.0	0.0	0.0	14.718423802192508	0.0	0.9192169725677566	0.0	0.0	25.310895063073957	0.0
GSM4138115_HNSCC_3_TIL_ATCGAGTGTACGAAAT	120.59909984312033	25.16453840368131	32.891761373338745	26.39225118968765	35.29945444591026	52.987296044869574	44.62464287485198	0.0	76.35600693473341	14.124583770657289	0.0	17.397019474277325	0.0	18.28708484690339	0.0	13.374823742796533	33.563333748328496	4.570237402367379	0.0	0.0	0.0	0.0	0.0	0.0	0.0	0.0	0.0	8.747010657914975	0.0
GSM4138115_HNSCC_3_TIL_ATGTGTGGTTACCAGT	80.29285361864328	90.75345762035029	65.0142443937589	0.0	69.66253712729889	64.80800152977913	4.484541241328616	0.0	33.98830011970512	31.230760515610196	0.0	4.589559857906509	0.0	0.0	0.0	0.0	10.811463448256582	10.696152593652258	7.863748303069736	1.8817418830819503	0.0	0.6134146992752386	8.027955819036729	0.0	0.0	0.0	16.19617422016098	0.0	0.0
GSM4138115_HNSCC_3_TIL_CAAGATCGTCGAATCT	66.4365326433477	10.053617131258099	51.088968167842346	53.14099608084355	23.367819694360662	20.36963635021406	43.151180431337835	0.0	23.87090988007237	23.904949902224175	0.0	0.0	0.0	0.0	0.0	10.031751963498321	6.503859795908335	1.6481056331873336	0.0	0.0	0.0	0.0	0.0	0.0	0.0	0.0	3.7071892600544034	0.0	0.0
GSM4138115_HNSCC_3_TIL_CATGACAGTCCGTGAC	213.17387779768234	37.75956971409229	79.17694206692907	0.0	85.87652854641564	45.51589913212761	60.16680703272039	131.71363748574285	0.8041768562328053	0.0	45.281909828347615	33.1939477823893	0.0	16.31857101205248	22.591277622638135	20.494823101159614	1.9007227811656886	2.6035660056051544	7.563614814238209	0.0	0.0	0.0	2.846551385985238	0.0	0.0	0.0	0.0	0.0	0.0
GSM4138115_HNSCC_3_TIL_CCACTACAGACAAAGG	80.12376831817188	54.79996278850449	108.4243678281263	75.12973428726502	65.07232418657009	25.22656304916101	99.15751270137896	0.0	0.0	72.75494376950927	0.0	18.34445969452877	56.666359783330996	3.377911323670795	1.3188775189214772	18.084433701599508	6.682480977802739	9.670479790993976	20.79354133313192	0.0	0.0	0.0	5.402462799300048	0.0	0.0	0.0	0.0	0.0	0.0
GSM4138115_HNSCC_3_TIL_CCTATTAAGAGTACCG	188.93841157473096	81.39998796116338	90.40204615584406	132.84617082677778	84.49131821430973	23.529136054831866	51.033454122068974	0.0	48.04746291289646	58.901934962712296	11.73839387281128	14.455690269801607	0.0	0.0	7.965083790327547	62.04274826405402	0.0	0.0	25.196575297548918	0.0	0.0	0.0	0.0	0.0	16.83338126149629	19.114884323158098	0.0	0.0	0.0
GSM4138115_HNSCC_3_TIL_CCTTACGGTTCAGACT	77.23798373468271	57.97268826407375	0.36585036641065366	21.64931595716876	60.00591173358019	93.06415709492788	122.7486097831754	0.0	75.83028532284116	70.76781348317222	0.0	23.023086578695168	0.0	19.85219009522092	0.0	49.48643897848122	0.0	0.0	32.061358359399854	0.0	0.0	15.836379528811767	0.0	0.0	0.0	18.04124746210009	0.0	27.06036189154479	0.0
GSM4138115_HNSCC_3_TIL_CCTTCCCGTGTGTGCC	130.3598496790739	69.90446257909012	163.7365978492452	159.41536949970057	205.43835087160576	16.63608082982575	39.87941337089836	0.0	52.30835034181796	93.24634403265436	0.0	21.28463585589047	0.0	35.86681424545031	14.204619845571203	0.0	8.544288989696614	7.513270496752051	19.079101715002956	41.85912284500846	0.0	8.610182052657729	2.4243472332593705	0.0	0.0	0.0	0.0	0.0	0.0
GSM4138115_HNSCC_3_TIL_CGAGCACGTTCCACAA	151.84539136850572	84.25680588576783	88.1420149741782	134.2306856409651	246.83306632762242	36.9314397902528	109.12755829543886	0.0	58.983028887061764	44.33024928655674	0.0	29.215894332897015	0.0	20.427422170931845	15.761741866688133	9.696040380268139	0.0	33.591146369018105	9.503285471277374	0.0	0.0	0.0	17.490445420606875	0.0	7.326602019620635	46.30396428003399	0.0	0.0	0.0
GSM4138115_HNSCC_3_TIL_CGGACTGAGCCCGAAA	146.40953845822673	66.18117161908265	92.68751019652174	181.00819828789335	81.35281381158242	50.341915103312076	12.723603090972066	173.96394364371693	22.510867503385043	0.0	0.0	19.121037003518733	0.0	20.14095034467106	10.23476990446304	0.0	28.7355842423965	10.48165506464335	0.0	21.06790879187691	0.0	6.892019463183719	5.541412151561581	0.0	0.0	0.0	0.0	0.0	0.0
GSM4138115_HNSCC_3_TIL_CTAGCCTGTCGGGTCT	0.0	0.0	0.0	0.0	0.0	0.0	0.0	0.0	0.0	0.0	0.0	0.0	0.0	0.0	1364.65301297629	0.0	0.0	0.0	0.0	0.0	0.0	0.0	0.0	0.0	0.0	0.0	93.40393717814473	0.0	0.0
GSM4138115_HNSCC_3_TIL_CTGCCTACATGCATGT	302.2612692824386	84.85664376295594	162.04348769875753	316.80531383127203	71.42931169274279	93.61682170875852	114.14322287887116	190.0710946729544	97.95090609935626	0.0	0.0	28.885387090583873	0.0	12.035962421857478	30.17043433586555	0.0	5.268031081502393	27.1215822944618	0.0	38.84000383577922	0.0	1.3674116090533854	26.694494061858173	0.0	0.0	0.0	36.56289382084676	0.0	0.0
GSM4138115_HNSCC_3_TIL_GACCTGGTCGTCCGTT	91.71462676415472	100.39053315729002	35.95194574070302	0.0	65.31932194685012	0.0	92.26682858076562	0.0	116.71581985553335	93.14946544012244	0.0	0.0	0.0	0.08007404859322732	3.596977041651116	89.28538444433917	0.0	5.395723976605814	22.735197465082347	0.0	0.0	0.0	0.0	0.0	40.919512310536106	8.687317709071655	0.0	57.389906770030045	0.0
GSM4138115_HNSCC_3_TIL_GCACTCTCACGTTGGC	247.78375634219478	75.1406546427704	166.31848632568466	357.7604041448179	130.51552985197253	72.71156653088177	22.28523005636692	60.70100171554433	0.0	63.89300060168305	0.0	25.293739810258977	72.99119778846497	21.673543276876316	0.0	0.0	40.97487132917151	2.0134004198714535	0.0	90.18415943137853	0.0	0.0	16.677532909001414	0.0	0.0	0.0	63.36378382918103	0.0	0.0
GSM4138115_HNSCC_3_TIL_GCTTGAATCAACGGCC	130.77867250469788	127.39370172722076	62.85256928003967	84.68228140828269	74.30966146383282	127.66717516824518	101.8870527818976	0.0	31.958655035830386	0.0	11.562991669219734	26.120917900235945	45.659038515828826	0.0	14.775543055950937	10.438296464839418	2.7030262200514867	1.544297278075259	18.576915561988866	0.0	0.0	0.0	21.86379910423699	0.0	0.0	0.0	0.0	0.0	0.0
GSM4138115_HNSCC_3_TIL_GTCACAAGTTGGAGGT	84.8670690013529	61.455573686219644	6.041775799435426	88.29608910545707	79.10303970922409	18.402123430395633	27.397918304054567	23.30694317989657	1.5996381617885382	1.8899554926731181	0.0	0.0	18.068580656351873	0.0	0.0	0.0	0.0	0.0	0.0	13.089488294538658	0.0	7.26273632789265	8.608579052248317	0.0	0.0	0.0	0.0	2.4617418834266647	0.0
GSM4138115_HNSCC_3_TIL_TCAGCAAGTGGCAAAC	165.55341213317024	6.5097720574795925	106.93773603754265	0.0	86.01138591227557	56.54019508244844	38.644730493261726	0.0	120.59506415716916	80.18736233581836	132.17008961858593	93.93291303937326	0.0	21.19221515746615	0.0	24.963698883545437	0.0	3.399498619883923	1.092215248327215	0.0	0.0	0.0	10.248020352374168	0.0	0.0	0.7344635337731419	5.46856841457741	0.0	0.0
GSM4138115_HNSCC_3_TIL_TCAGCAATCAGTTAGC	302.46934425421944	91.68989416967378	176.06143563237478	210.26644927691436	66.57975159081641	99.47322311879445	76.28922207722759	229.23403888860983	54.85843394125368	0.0	15.084994659264147	28.654473493226543	47.88171497342887	21.75277668557348	57.05170188080572	24.51363069450593	45.61315286664832	15.566113313786582	53.550308135290656	28.480757956698874	192.15105537909653	0.0	33.0352201370793	0.0	0.0	0.0	3.071867705117357	0.0	0.0
GSM4138115_HNSCC_3_TIL_TCTTTCCCAGACAAGC	125.01161557400384	53.90376954667746	31.34337305805283	75.50547476778128	80.43992878448638	4.785885104105166	14.23502735622489	81.59784050983684	29.506687681698622	0.0	0.0	26.935324898901246	0.0	19.29509326902354	0.0	15.982844199439578	10.791728427098482	33.07601059478178	4.78649426174898	0.1700864425072609	0.0	0.0	6.416168027332464	0.0	6.287593282030649	1.8700884764785415	0.0	0.0	0.0
GSM4138115_HNSCC_3_TIL_TGGCGCATCGAACTGT	81.02377109952293	46.19745989000798	19.717633934308164	102.13139246608087	38.74284684985033	17.215862893087778	13.054616402040585	31.149578662655568	63.78896950746723	0.0	0.0	18.298951024760893	23.785938857478047	0.0	21.35912581443002	7.9883847084539	0.0	14.193285217248022	21.870821728196717	0.0	0.0	0.0	0.0	0.0	0.0	14.295662866799143	0.6106758454112109	0.0	0.0
GSM4138115_HNSCC_3_TIL_AACCATGGTAAATGAC	283.06519740115795	200.0175865788869	284.2343463876234	286.6161283175759	212.24673558110246	95.42851556321752	70.08056689310403	0.0	24.943410956189574	157.18161304620295	0.0	79.47087616047277	7.537038635072142	0.0	51.78773785213946	0.0	1.4627684872919593	0.0	14.521614717324328	39.846491867464174	0.0	0.0	28.69525671529509	0.0	0.0	0.0	0.0	0.0	0.0
GSM4138115_HNSCC_3_TIL_AACCGCGAGAAACCAT	136.69880015996145	89.87845191632972	63.92898494330384	79.63182038859968	120.51753393569193	118.91789580397845	50.363457313490315	0.0	56.55304269024298	65.87456479242503	0.0	33.23917829217787	0.0	10.003472582085156	17.176879762054096	7.990308992739214	6.485375789769474	0.0	0.0	0.0	0.0	16.25124430159564	0.0	0.0	0.0	0.0	0.0	0.0	0.0
GSM4138115_HNSCC_3_TIL_AAGCCGCGTACGCACC	460.2376361833906	40.325613210522775	115.04690473278247	0.0	207.6139835830302	77.5822585500004	91.14549245638038	0.0	237.3038328610731	39.31270462477472	162.29534394032981	21.753263461114265	0.0	0.0	27.652255750785066	25.16949705734207	0.0	24.824717839487107	49.73492746261689	0.0	0.0	0.0	4.056341897995415	0.0	0.0	22.471312730395347	0.0	0.0	0.0
GSM4138115_HNSCC_3_TIL_ACATCAGAGGCTAGGT	273.77501190392036	66.35529174095946	116.25640742255281	0.0	71.80471887463531	83.05967818238199	85.18039143634203	0.0	107.49590017797767	69.14089533408307	94.77096590815069	6.271120347747095	0.0	15.660360807410639	21.1083877097714	23.62188895403066	0.0	24.971466487586284	9.917826788826186	0.0	0.0	0.0	25.882563761885375	0.0	0.0	3.7363478786001525	0.0	0.0	0.0
GSM4138115_HNSCC_3_TIL_ACCTTTATCACCTTAT	288.20515400822467	63.69572465166581	73.57170477191612	150.15587687485115	71.05278486077917	31.378073237244635	16.857940431722028	137.12313933223297	0.0	0.0	5.292022652079768	29.530837493374165	9.453433950186374	4.676033316188793	15.798009021514169	18.117504281148527	17.314704619474515	0.0	0.0	0.0	0.0	16.083978699240657	12.381968239278295	0.0	0.0	0.0	0.0	47.74473853608144	0.0
GSM4138115_HNSCC_3_TIL_ACGATGTTCCCACTTG	196.9925449209276	116.31018537010458	183.72729958196413	236.57014890860145	32.802797610926866	0.0	14.804890005669325	96.87570052137845	19.666275142555662	132.97535222749994	0.0	6.3847004982436	0.0	4.113378317194305	32.47050051157267	0.0	61.405409035973996	9.311417162605675	0.0	85.8941297996847	0.0	0.0	26.615933512631692	0.0	0.0	0.0	5.074210373997879	0.0	0.0
GSM4138115_HNSCC_3_TIL_ATTGGACCACCTCGGA	153.90694403662062	78.6106201323068	93.4763863802343	200.64281913943634	77.08495858877998	26.48158132767422	23.95835536615141	176.11681985692553	0.0	0.0	0.0	19.136049889200827	62.56991521802893	27.564430235831114	3.7339701498868534	0.0	0.0	0.0	31.739372954740297	29.07656763692723	0.0	0.0	17.81982461101305	0.0	0.0	11.199607207057472	0.0	0.0	0.0
GSM4138115_HNSCC_3_TIL_ATTTCTGTCCTCAACC	124.63349752303013	72.18071394608278	67.91126262766666	206.14686432058582	73.50472176036972	127.7334647751084	0.0	0.0	19.788167153797573	31.87626729789796	0.0	3.9808099301680677	0.0	0.0	30.47918151457949	8.772223432721516	12.340519188342277	5.195850046957199	6.079203249398671	0.0	0.0	0.14069460629406982	7.621042901092939	0.0	0.0	0.0	0.0	0.0	0.0
GSM4138115_HNSCC_3_TIL_CACACTCTCCGCAAGC	186.91560250337398	60.118221304389444	68.90072741589009	0.20741205248072836	139.45341994114588	65.03930952318451	26.86971855934232	78.77894435891592	0.0	0.0	51.4515496098419	8.502851449688723	15.42499662075335	7.854139613523081	9.665002589571195	20.990256877771905	0.0	5.219478704821394	22.142147922138918	0.0	0.0	0.0	0.0	0.0	0.0	0.0	0.0	12.247649000828332	0.0
GSM4138115_HNSCC_3_TIL_CCTTACGTCTTGTCAT	177.56397209094234	93.36231443490432	29.34711898023649	53.43105649471236	0.0	53.45026967857325	61.19967078086946	0.0	20.79472696145064	139.3725167369722	0.0	27.09086656360468	0.0	0.9168899637358752	10.015384872421093	14.210643780933124	6.509050202704707	0.0	4.851273355355842	0.0	0.0	5.218625713742042	0.0	0.0	0.6810363186399118	0.0	1.678639795209984	0.0	0.0
GSM4138115_HNSCC_3_TIL_CTAAGACCACGAAGCA	189.38504166602863	33.72497492120495	18.827547430366067	0.0	130.1390935816187	40.884784745957205	55.75867390276095	0.0	0.0	30.052229113493965	106.86218971687954	0.0	22.25001183342708	4.10680325633409	16.28683480461156	17.318575559809428	0.0	0.0	0.08862350951556984	0.0	0.0	0.0	0.0	0.0	0.0	0.0	0.0	0.0	0.0
GSM4138115_HNSCC_3_TIL_CTAGCCTCATGGTCAT	492.69782617413415	124.82705701149688	178.99897645727705	0.0	102.31306909232734	105.97975805554053	95.04692663397205	170.55063206407377	0.0	0.0	205.67009423664686	61.22442446734112	75.83207933943785	0.0	58.75621066936392	32.27627115697541	0.0	0.0	5.5067823226962656	0.0	0.0	0.0	52.65313584189031	0.0	0.0	25.344562145472565	0.0	0.0	0.0
GSM4138115_HNSCC_3_TIL_CTGGTCTTCTGGGCCA	315.7018951756184	73.68311044497374	197.55083262571148	207.85260024158592	114.42136471178434	45.319590443403804	74.91615690912654	154.66221385967626	67.30119926481204	3.331076301453926	0.0	41.146304991782785	60.20006162251399	1.126937899092668	0.0	22.473695706423577	67.28165717138292	22.398593524435196	15.50994520877886	0.0	0.0	8.896585768758413	17.152842655998203	0.0	37.32074077589777	0.0	10.059843126868456	0.0	0.0
GSM4138115_HNSCC_3_TIL_GACTGCGCAGCCTATA	108.08991329408174	45.17223151821038	63.8713244159614	55.539352874137016	3.8086841906012863	33.64900376435507	42.041310702226966	0.0	0.0	86.03644052955114	0.0	0.0	0.0	7.310008993247532	0.0	67.30640061052313	0.0	7.064703086903753	0.0	0.0	0.0	0.0	7.495289741825351	0.0	0.0	18.43759397367042	55.698824568858285	0.0	0.0
GSM4138115_HNSCC_3_TIL_GCATGCGGTCAGCTAT	76.13603828151594	88.15197595025556	69.7353513524315	0.0	73.8384725477202	47.44354433728977	11.621973831515616	96.06182347694943	0.0	0.0	72.19264902664555	10.052743922306247	85.28930329512384	1.3075765649087827	26.870635669951536	29.09183055885745	0.0	12.731699225146697	20.058780007957484	0.0	0.0	0.0	10.315513643967202	0.0	0.0	0.0	0.0	0.0	0.0
GSM4138115_HNSCC_3_TIL_GCATGTATCACAAACC	349.840781153979	109.1449611124694	246.91219230757798	220.8657046871369	135.04587308604295	124.88060971052721	118.35007791423287	144.887480942625	24.272758614205326	0.0	0.0	65.62546166465968	86.49508418208252	14.49277165235801	37.87108666963071	0.0	30.78105976641979	35.764018863169	33.41820129656035	41.39743188360451	0.0	1.1151035810289023	21.054804610926496	0.0	0.0	0.0	0.0	0.0	0.0
GSM4138115_HNSCC_3_TIL_GCGACCAAGCTGATAA	0.0	0.0	0.0	0.0	0.0	0.0	0.0	0.0	0.0	0.0	4405.344862388563	0.0	0.0	0.0	0.0	0.0	0.0	0.0	0.0	0.0	0.0	0.0	0.0	0.0	0.0	0.0	0.0	0.0	0.0
GSM4138115_HNSCC_3_TIL_GGAAAGCCATGCAACT	323.50658390402407	84.29553070358818	109.89155264351132	0.0	103.97362842745254	146.0967901654059	84.59275854414676	62.17038240786625	0.0	0.0	144.3051051001259	48.65863665664483	151.69793450710952	0.0	27.92017539993697	30.69800344338734	8.910809860776402	0.0	10.909531446031034	0.0	0.0	20.776488683814208	18.86560718513739	0.0	0.0	0.0	0.0	0.0	0.0
GSM4138115_HNSCC_3_TIL_GTCTCGTAGGAGTCTG	275.7534668485481	223.1293277725522	112.29798801615709	162.04236319698782	142.68782128060238	83.25886226024573	64.05032749661216	0.0	20.55196427283174	102.32962433489429	0.0	27.274071532151257	0.0	54.00111399834523	0.0	2.4305368778357512	0.0	30.785717440409343	0.0	20.116023988931754	0.0	0.0	10.955228406508033	0.0	0.0	7.704565806549398	0.0	0.0	0.0
GSM4138115_HNSCC_3_TIL_GTCTCGTCAATGTTGC	291.4878826066058	145.47021995344247	110.06224221588487	0.0	50.051560013072205	2.897938286218191	40.19742527413554	119.04518164318593	59.05106615297485	52.12884696816801	139.31550138309095	57.263169125481014	0.0	30.646422940781257	35.67816283665777	27.320578596043312	8.265754639730702	0.0	0.0	0.0	0.0	0.0	13.463989287084088	0.0	0.0	10.969061242571678	19.973880479552808	0.0	0.0
GSM4138115_HNSCC_3_TIL_TAAGTGCCATTGGGCC	332.65464577239896	68.68093196394717	151.07214524761753	189.37689167170942	110.00740442128203	109.76308419993677	12.110501257507162	19.028685805329037	187.0256443238656	150.64789327213398	0.0	77.16044880776774	0.0	0.0	22.301201636406145	17.84458778269146	0.0	0.0	7.560029276066737	0.0	0.0	0.0	0.0	0.0	0.7497599957739555	0.0	0.0	0.0	0.0
GSM4138115_HNSCC_3_TIL_TACACGATCACCATAG	3301.6398745875017	0.0	0.0	0.0	0.0	0.0	0.0	0.0	0.0	0.0	0.0	0.0	0.0	0.0	0.0	0.0	0.0	0.0	0.0	0.0	0.0	0.0	0.0	0.0	0.0	0.0	0.0	0.0	0.0
GSM4138115_HNSCC_3_TIL_TCCACACCATTCTTAC	193.2778481604655	172.69911939351985	114.37079782916673	315.64805185941054	91.11507018014774	43.1950637477857	0.9754110493319328	0.0	0.0	115.15333779416184	0.0	12.75077428044865	95.98025605832368	31.512287588656406	32.796249756668566	0.0	46.63035880461232	0.5296611632084521	0.0	35.3644555036281	0.0	0.0	6.749890639427231	0.0	0.0	0.0	0.0	0.0	0.0
GSM4138115_HNSCC_3_TIL_TCTTCGGTCCGAGCCA	73.09822887596482	0.0	0.0	64.99432889685475	60.27982020474308	0.0	342.91280295305415	39.20563218281583	193.15696282958595	48.14495988793683	0.0	23.87024776026725	0.0	24.31496648169237	26.342717555226965	14.116488936139238	0.0	0.0	0.0	0.0	163.48438012297225	0.0	0.0	0.0	0.0	20.78946888769537	0.0	0.0	0.0
GSM4138115_HNSCC_3_TIL_TCTTTCCTCGCCATAA	124.31645354490436	22.776474639354483	42.45819799882779	41.84372058001096	35.14588340647037	16.374204189606605	36.71252974789336	9.12732132443258	0.0	0.0	0.0	0.0	13.95935775796664	0.0	6.428564032258855	0.0	1.1715934779199026	0.0	1.1424514385212852	0.0	0.0	11.256293573484227	0.8253468359513597	0.0	0.0	0.0	1.3691145961951008	0.0	0.0
GSM4138115_HNSCC_3_TIL_TTGGCAATCGAACTGT	250.5579716855366	94.31050768273694	184.48812930222246	219.43125660677507	177.48066360706858	135.97355109946204	146.6311814816577	55.679391674671265	116.56265487866168	0.0	0.0	46.09959693826763	0.0	40.20601732818964	0.0	0.0	0.0	18.712317338534863	54.29430860838384	38.23400469170701	0.0	0.0	13.879504729719086	0.0	0.0	19.5595754721412	38.206912548757124	0.0	0.0
GSM4138115_HNSCC_3_TIL_AGCAGCCAGAGGGCTT	163.2033870861298	9.926530899448847	66.43773063500164	65.74824397497977	65.81623231980282	41.718198075945935	63.24451371024289	0.0	89.91893210864059	0.0	0.0	23.109157219999137	0.0	9.886187733548361	30.54106466547353	10.403828803861336	0.0	0.0	8.702139974998111	0.0	0.0	0.5007695463660857	0.0	0.0	0.0	7.044215727043794	0.0	0.0	0.0
GSM4138115_HNSCC_3_TIL_CCGTACTAGAAACCGC	163.13723480508753	104.8025355677652	54.71416665299785	238.7066513503636	98.11924113728166	70.08640908856172	37.979922621110774	89.40144052646534	159.38519490268217	32.710842549996926	0.0	26.914880165019092	0.0	31.571495162540316	9.370888307790883	0.0	10.911927823122497	0.0	12.116206997991126	9.367139595844627	0.0	5.848511643585155	10.403915890438114	0.0	0.0	0.0	0.0	0.0	0.0
GSM4138115_HNSCC_3_TIL_ACGCCAGGTTTGTGTG	167.67190723434035	46.06187845473815	65.19241914322521	167.9074688650289	99.89697369862489	62.47678989047585	7.980422477245945	0.0	25.731131478107567	80.57287755492106	0.0	22.544942444991165	0.0	6.45764706434568	28.19788800507469	0.0	12.61709978108732	13.079908073085043	0.0	9.857962610556752	0.0	0.0	11.287819172857267	0.0	0.0	0.0	0.0	0.0	0.0
GSM4138115_HNSCC_3_TIL_ATGTGTGCAAGCGTAG	147.4012699128422	108.90266027354575	76.78449194135526	297.37706899727544	23.948374314651513	59.905950806337124	6.351975813895169	11.502706088165569	37.437020289077445	91.73397823971422	0.0	47.52437191015457	0.0	10.243387636833893	16.31703659339733	0.0	38.42569807596314	4.371204714114562	3.29806281836451	39.32041025568883	0.0	4.583077356860779	8.43709445969304	0.0	0.0	0.0	0.0	0.0	0.0
GSM4138115_HNSCC_3_TIL_CAGCGACAGGTCATCT	347.69803278580144	194.3708343428955	223.12002549046693	0.0	93.11598958875408	127.27324344857539	56.586545079328076	66.73430442762887	5.561344851163002	23.6602448322775	220.16466600696324	33.945230714284975	99.2656748807233	30.789663356018234	57.7757771522798	16.785810049094138	26.95780269317179	20.317693146233413	34.29509061728103	0.0	0.0	0.0	0.0	0.0	41.87793847533965	0.0	0.0	0.0	0.0
GSM4138115_HNSCC_3_TIL_CATCGGGTCTACGAGT	196.49624479574715	102.55505180266151	150.58609973007998	69.25584057724747	132.2572688110002	25.089303637933412	43.34031487680747	0.0	0.0	0.0	4.272260127633725	45.006432556038774	20.320124778555	6.620776705332574	12.612505872422918	7.2264480195792835	0.0	0.0	0.0	0.0	0.0	2.84632083268754	10.097820335774125	0.0	0.0	0.0	0.0	0.0	0.0
GSM4138115_HNSCC_3_TIL_CTCGGGAGTGACCAAG	123.94882765308199	64.0059810452774	31.42245628713067	0.0	81.193003421261	23.859782837099196	22.873529050595685	65.17037797435579	0.0	0.0	56.027153898222466	36.62932414607542	52.40094263872626	6.816958767852006	28.116635112105758	14.908638729664856	0.0	8.96826866091087	0.0	0.0	0.0	0.0	0.0	0.0	0.0	0.0	0.0	0.0	0.0
GSM4138115_HNSCC_3_TIL_TATTACCCAGGACGTA	125.84038290252403	120.9365249364316	49.61813675455216	55.06466775053656	70.69257531731189	32.95288914471745	44.48615495358447	0.0	0.0	0.0	0.0	46.089751428081016	111.05154065011764	0.0	0.0	2.8703990683009133	7.749579200456362	0.0	3.9168506473273315	0.0	0.0	0.0	0.40183397416499594	0.0	0.0	0.0	0.0	0.0	0.0
GSM4138115_HNSCC_3_TIL_TCTGGAAGTCCGACGT	101.47174362669449	44.7173054715588	104.17985021762604	47.13294624009245	23.54117497658637	31.069583364639833	7.939370872470502	0.0	71.30540039829073	0.0	0.0	19.890789299802137	0.0	47.81164001159414	30.862902292778696	0.32455011631087527	0.6731691194134882	0.0	20.201530853619854	5.3875126567841365	0.0	15.886502895961561	0.0	0.0	22.563709980648007	0.0	0.0	0.0	0.0
GSM4138115_HNSCC_3_TIL_TTGCGTCGTTCCACAA	121.07440682396575	40.26524988698216	54.11126599872714	135.95667195955713	57.01632347972265	105.65077697031037	36.962361991797145	71.4285695391168	17.642968193359973	0.0	0.0	38.78400637222589	0.0	2.044141762188564	0.0	0.0	0.8950649530929803	0.0	0.0	26.11788411165486	0.0	10.352333111045807	0.0	0.0	0.0	0.0	0.0	0.0	0.0
GSM4138115_HNSCC_3_TIL_GATTCAGAGGCATTGG	36.61025304628998	109.41552579125351	33.9455461936541	0.0	44.021537948049016	57.38493501577122	99.25053228359751	0.0	26.29036253706666	14.3057992135841	5.247381411385059	2.5687490309003853	55.48591442940062	0.0	0.0	6.36753637310319	1.346942960895023	0.0	0.0	0.0	0.0	0.0	1.0671014778433725	0.0	0.0	0.0	2.039955401037578	142.74303630954404	0.0
GSM4138115_HNSCC_3_TIL_AGAGCTTTCGCGTTTC	148.88985872473773	344.9853588284639	160.37549880470607	45.60735385731521	117.96646258611716	32.76553036659069	0.0	63.957706107654346	0.0	0.0	0.0	19.339697110246327	74.24942034049475	0.20654067205368057	0.0	0.0	6.819920754820301	0.0	0.0	31.04005096285867	0.0	0.0	0.0	0.0	0.0	0.0	32.729111615476235	69.98424904653918	0.0
GSM4138115_HNSCC_3_TIL_CACACTCTCAACGGCC	112.87495747687942	393.4013024565859	96.06930210308236	106.61188846205505	83.31356550591721	145.3283509713618	55.54404972116892	152.19247185524011	0.0	0.0	0.0	80.23818108112216	98.45821519256883	0.0	14.796586044142115	0.0	14.129816774097756	0.0	0.0	22.455214161878708	0.0	9.358157145945274	0.0	0.0	0.0	0.0	0.0	0.0	0.0
GSM4138115_HNSCC_3_TIL_CACAGGCAGTAGCCGA	79.017199228527	246.39789544986513	96.50789097330966	74.65773080594056	94.30742701484175	110.34817554612955	47.99602640328331	48.85854328678436	0.0	0.0	0.0	20.35322554639079	145.18301310962767	2.4839102038138767	51.26680272017246	0.0	0.3496760848459105	0.283665745333751	5.674816855797123	0.0	3.4811161458261646	0.0	0.0	0.0	0.0	0.0	0.0	0.0	0.0
GSM4138115_HNSCC_3_TIL_CAGCCGAAGCTCTCGG	168.0397237182969	398.5826619024269	163.8607255306437	0.0	206.92187005397824	81.23540061551238	29.375926791813967	0.0	174.08461634936052	163.90705670856943	184.34282483516154	47.2821120625688	0.0	42.73928539961253	26.79314122126942	0.6301689440373741	0.0	38.845237466709484	15.697318487592108	0.0	0.0	0.0	21.89469594175793	0.0	0.0	64.64690064807493	0.0	0.0	0.0
GSM4138115_HNSCC_3_TIL_CATATGGGTTGAGGTG	71.6350845502137	172.14343236526454	46.01800929843593	0.0	51.40115912352455	47.51948292437289	3.5681840474947144	0.0	0.6704256321020831	33.401830982779664	99.46860459117572	8.204287654707006	0.0	22.855167669728726	0.0	6.597985738502783	0.7730594741409719	5.115260453104782	16.031119194077757	0.0	0.0	0.0	1.059152260950364	0.0	0.0	0.0	0.0	0.0	0.0
GSM4138115_HNSCC_3_TIL_CCTTCGACATGTTCCC	84.46734354665503	435.32091905852343	178.81732012416575	190.20964085282898	127.08295712220338	87.37456163748179	43.072424745267256	105.66807729378276	0.0	0.0	0.0	30.200707379012197	113.42621040471319	0.0	0.0	0.0	5.377766694180044	20.776038013885323	3.8588344813798843	13.912729955669123	0.0	0.0	0.0	0.0	0.0	0.0	0.0	0.0	0.0
GSM4138115_HNSCC_3_TIL_CGTGAGCTCGATAGAA	25.285719761231743	28.345056845002638	8.259886979149893	4.518824024265139	25.649345099837813	0.0	1.1227953709269656	0.0	10.398477006678473	7.746228556853773	0.0	4.706572442684124	0.0	0.0	2.434939171617778	0.0	0.0	6.299726740985124	0.0	0.0	0.0	0.0	0.11673380212905296	0.172427088480617	0.0	0.0	0.0	0.0	0.0
GSM4138115_HNSCC_3_TIL_CTCGGGAGTTGCCTCT	93.00107296392589	273.7963383361782	95.34863775353952	0.0	0.0	23.93170067578469	5.547079068670142	39.19360316462677	20.33934794799591	0.0	16.642899513366334	30.313998378906263	0.0	6.284842904426409	7.3299487285345215	11.040459977078703	0.1709099739550177	1.297404175984704	24.796111588761956	0.0	0.0	0.0	0.0	0.0	0.0	0.0	0.0	0.0	0.0
GSM4138115_HNSCC_3_TIL_CTGATCCGTTCACGGC	74.959961207994	445.5627727454009	139.4316284587705	0.0	200.36886663748783	142.10453836312954	154.84657537578215	91.51145959424821	0.0	0.0	129.6476304189988	89.97167522290883	162.71717690693117	16.42382227378724	0.0	0.0	0.0	9.560672503159745	11.046667314935283	26.419157362317325	0.0	0.0	9.452684989732138	0.0	0.0	0.0	13.198542747421486	0.0	0.0
GSM4138115_HNSCC_3_TIL_CTTACCGGTTCGCGAC	146.67707547591164	523.5971831347143	137.9155332893837	147.42848445835395	83.31986557829461	75.03188449527192	36.84541423350223	95.6954001223057	0.0	0.0	0.0	20.39311568813702	105.84023568572091	18.732955648310092	43.69350510298297	0.0	26.361382387106595	26.937355408390555	29.509607968907	27.323272219456314	0.0	0.0	0.0	0.0	9.261744423801517	0.0	0.0	0.0	0.0
GSM4138115_HNSCC_3_TIL_GACTACACATCTCGCT	175.8389669915378	333.2456309440251	153.37067176473892	139.36852761771965	113.12467064503393	70.88682380904199	71.36928451925398	79.57214727169749	0.0	0.0	0.0	33.278222512977486	125.01228112183044	23.77092398616647	35.79674409563376	19.856876843050134	16.92255102354879	16.69512509364104	0.0	0.0	0.0	0.0	7.721406774140731	0.0	0.0	0.0	0.0	0.0	0.0
GSM4138115_HNSCC_3_TIL_GTAGTCACATTCACTT	57.69989273991397	75.36788750853601	30.21546910811675	30.991151382733165	4.1522626229478306	34.43032967224251	19.392450036884387	0.0	17.62134761066693	19.042311939314477	0.0	5.128273170783929	0.0	0.9248985158582317	1.5365362020462159	0.6259889513019883	0.0	3.4225174571904975	0.0	0.0	0.0	0.0	2.5837606916420146	0.0	0.0	0.0	0.0	0.0	0.0
GSM4138115_HNSCC_3_TIL_GTCTCGTTCGGTTAAC	118.63225374340173	419.97835699731473	170.4755513051613	160.1590878589165	207.05724408616246	59.019855223201525	12.114796117956185	0.0	222.95672746396707	278.18354418220713	0.0	40.588081617586006	0.0	57.881573334725914	0.0	34.088530029225915	0.0	20.753902301456623	29.754172241159697	0.0	0.0	3.910190098865562	12.174422117781724	0.0	0.0	34.052006362142464	26.38601189547455	0.0	0.0
GSM4138115_HNSCC_3_TIL_GTTCATTCACTTAAGC	45.655095316115585	143.7143263313985	0.0	0.0	0.0	61.71399088256216	8.766007685250909	21.77860795679303	0.0	0.0	0.0	5.580899907581537	76.04833805878424	0.6413857579759665	35.06629240109457	9.023268500182345	20.462131834439546	0.0	11.017083533487465	0.0	0.0	2.7808088232322037	0.0	0.0	0.0	0.0	0.0	0.0	0.0
GSM4138115_HNSCC_3_TIL_TACTCATTCGGAGCAA	0.0	2881.130627069774	0.0	0.0	0.0	0.0	0.0	0.0	0.0	0.0	0.0	0.0	0.0	0.0	0.0	0.0	0.0	0.0	0.0	0.0	0.0	0.0	0.0	0.0	0.0	0.0	0.0	0.0	0.0
GSM4138115_HNSCC_3_TIL_TGACTAGGTTAAGTAG	39.31180328539502	25.023555113604704	82.5133550475901	35.9816417854441	39.40943640732833	86.38322503923887	2.665416916732168	19.489028977287575	34.83119035331413	0.0	0.0	0.7741772195192212	0.0	3.3007095090037555	0.0	0.0	0.09162171645922944	0.0	0.0	0.0	0.0	0.0	0.0	0.0	0.0	0.0	0.0	0.0	0.0
GSM4138115_HNSCC_3_TIL_TGTCCCATCTGCTGTC	60.9452062502828	167.55177918088947	56.1930597092319	39.70156102103255	0.0	14.46336924316849	34.82342386934894	0.0	32.39454482170926	39.16675715326145	0.0	5.486394527849405	0.0	0.0	0.0	0.0	15.378205370460215	0.0	2.2475816240540274	23.94815489132501	0.0	0.0	0.0	0.0	0.0	0.0	0.0	11.183006670331608	0.0
GSM4138115_HNSCC_3_TIL_TGTTCCGTCTGCGTAA	78.09792200965452	246.56398150131508	95.5833554188161	64.7738019119661	111.42297477101171	53.0138967910178	9.104389797232317	38.75249130537135	0.0	0.0	0.0	59.43078391558095	114.50117911899754	2.561245830196601	21.692012645624168	0.0	7.636033344658189	13.055023249543993	0.0	2.8969743948028475	0.0	0.0	15.113677152150208	0.0	0.0	0.0	0.0	0.0	0.0
GSM4138115_HNSCC_3_TIL_TTTACTGGTCGGCATC	50.07925914000159	399.2042975411087	65.04350664693507	121.15593046658087	111.54920894035509	111.85143623268894	106.29445956699189	73.51365105956866	0.0	0.0	0.0	42.65140279128691	71.17767675964133	21.640301820689388	52.038254951485236	13.296330060816134	19.84561401083533	0.0	0.0	10.136596189489188	0.0	3.5025846956103277	20.123392890413506	0.0	0.0	0.0	0.0	0.0	0.0
GSM4138115_HNSCC_3_TIL_ATTATCCTCGGCATCG	94.69149654781327	111.72889112571508	64.02740721026848	44.98863369733395	119.06186972345654	36.33076413765061	4.419385660062244	63.10206250421862	0.0	0.0	0.0	54.70203506033381	55.39565702147525	13.41237786290669	42.859887883732135	0.0	6.100717823972689	0.0	30.554192313057346	31.39946718495707	44.13115984270901	3.836366436494989	3.345710406686064	0.0	0.0	0.0	0.0	0.0	0.0
GSM4138115_HNSCC_3_TIL_AGAGCGAAGCAGGCTA	138.22078223812483	97.60270598969653	199.1830048005696	110.7444474470508	26.888975905657794	24.78788792735352	50.886263986328665	80.05141117044936	0.0	7.572187324311712	0.0	14.387498801911972	40.062033982068385	60.25764605603395	0.0	0.0	4.150874608127342	35.90634871476941	0.3613733170350927	14.743066455175567	0.0	3.4226323449785325	1.8814052343641947	0.0	0.0	0.0	4.089944518233325	0.0	0.0
GSM4138115_HNSCC_3_TIL_ATCCACCGTTGTGGAG	54.17513939384301	35.47061736282409	59.40696478576974	14.23647676519747	12.235602199147854	17.42823954200316	23.218970262476198	0.0	6.836960955165306	34.25845222332075	0.0	26.916962352550083	24.924751574324866	0.0	0.0	0.0	0.0	0.0	0.0	0.0	0.0	0.0	10.44705686601691	0.0	0.0	4.747192001027968	5.809793969184265	14.06751598778897	0.0
GSM4138115_HNSCC_3_TIL_ACACTGAGTAGCTAAA	0.0	0.0	0.0	0.0	0.0	0.0	0.0	0.0	0.0	0.0	0.0	0.0	0.0	0.0	0.0	0.0	0.0	0.0	0.0	0.0	0.0	0.0	68.49237947029742	0.0	1775.0739695974546	0.0	0.0	0.0	0.0
GSM4138115_HNSCC_3_TIL_AGCGGTCAGTGAATTG	45.05953686092562	0.0	34.99807019854668	58.481963205834525	35.63588672997212	0.0	57.626999940054965	49.46058446877429	0.0	0.0	0.0	0.0	0.9025569303812033	31.621704411027203	0.0	0.0	0.0	73.74905794413887	57.71301843130207	0.0	0.0	46.8313424022057	7.060139021451141	0.0	0.0	15.2694753780569	2.5593888548064903	0.0	201.90432967139085
GSM4138115_HNSCC_3_TIL_CCACCTAGTGCAGGTA	0.0	0.0	0.0	0.0	0.0	0.0	0.0	0.0	0.0	0.0	0.0	0.0	0.0	0.0	0.0	0.0	0.0	0.0	0.0	0.0	0.0	1503.1784123053965	0.0	0.0	0.0	0.0	0.0	0.0	0.0
GSM4138115_HNSCC_3_TIL_CTCACACCAACTTGAC	60.141345522428274	33.816479565948804	0.0	75.91333715187369	89.32978117558002	23.866729350403904	11.618239178423556	0.0	73.19374609718832	10.384201577938821	0.0	104.38146767629419	0.0	72.71244885253262	5.805214809816631	0.0	79.0501243148111	129.55721325238997	64.94580012504831	14.803578249720388	0.0	5.791076507540678	92.39778625856479	0.0	0.0	0.0	0.0	0.0	0.0
GSM4138115_HNSCC_3_TIL_GACGTGCAGGTGCACA	65.88822548241711	0.0	0.0	58.393047496839856	6.966961031239238	21.443546818612027	3.3121188665665877	0.0	0.0	0.0	0.0	0.0	28.236536983090442	197.7055782752904	0.0	0.0	142.33892811659436	306.5029796123005	53.299941430463655	11.751644895035144	0.0	0.0	149.4538000516661	0.0	0.0	0.2951034545262	7.8510699010306135	0.0	479.8633230093816
GSM4138115_HNSCC_3_TIL_GAGGTGACAGTCAGAG	0.0	0.0	0.0	0.0	0.0	0.0	0.0	0.0	0.0	0.0	0.0	0.0	0.0	0.0	0.0	0.0	0.0	0.0	1512.9077158026998	0.0	0.0	0.0	0.0	0.0	0.0	0.0	0.0	0.0	0.0
GSM4138115_HNSCC_3_TIL_GCAGCCAAGGTGTGGT	4.9001093224089365	19.227751281814665	11.682257867264157	0.0	0.0	0.0	0.0	0.0	0.0	0.0	0.0	0.0	0.0	1.321771742162173	0.0	0.0	0.0	998.9224536396429	9.619670336500173	3.757822913592846	0.0	0.0	0.0	0.0	0.0	17.899485920952653	0.0	58.7395571900895	49.508961252760436
GSM4138115_HNSCC_3_TIL_TACCTTACAAGCTGAG	0.0	0.0	0.0	0.0	0.0	0.0	0.0	0.0	0.0	0.0	0.0	0.0	0.0	1736.4028608769345	0.0	0.0	0.0	0.0	0.0	0.0	0.0	0.0	0.0	0.0	0.0	0.0	0.0	0.0	0.0
GSM4138115_HNSCC_3_TIL_TCACGAAAGCTACCTA	0.0	0.0	0.0	0.0	0.0	0.0	0.0	0.0	0.0	0.0	0.0	0.0	0.0	0.0	0.0	0.0	1868.0344258806513	0.0	0.0	0.0	0.0	0.0	0.0	0.0	0.0	3.5489845897726253	0.0	0.0	0.0
GSM4138115_HNSCC_3_TIL_TCGAGGCCAGCGTTCG	0.0	0.0	0.0	0.0	0.0	0.0	0.0	0.0	0.0	0.0	0.0	2369.601752660953	0.0	0.0	0.0	0.0	0.0	0.0	0.0	0.0	0.0	0.0	0.0	0.0	0.0	0.0	0.0	0.0	0.0
GSM4138115_HNSCC_3_TIL_TCGAGGCAGAACAACT	0.0	39.96694639203225	13.10045686337183	0.0	18.628708179882388	94.047202101898	67.40311019225288	0.0	0.0	97.43048600640714	31.385452788568237	0.0	0.0	3.6305614753729705	23.247619272614983	4.131073776340465	11.943051477718132	0.0	1.1866376294225516	0.0	0.0	0.0	4.772073013359639	0.0	0.0	0.0	0.0	0.0	0.0
GSM4138115_HNSCC_3_TIL_ACACTGATCAACACTG	0.0	0.0	0.0	0.0	0.0	0.0	0.0	0.0	0.0	0.0	0.0	0.0	0.0	0.0	0.0	1557.184497605059	0.0	0.0	0.0	13.26452235911198	0.0	0.0	0.0	0.0	0.0	0.0	0.0	0.0	0.0
GSM4138115_HNSCC_3_TIL_CAGCATACACGTCAGC	0.0	0.0	3483.6605691585773	0.0	0.0	0.0	0.0	0.0	0.0	0.0	0.0	0.0	0.0	0.0	0.0	0.0	0.0	0.0	0.0	0.0	0.0	0.0	0.0	0.0	0.0	0.0	0.0	0.0	0.0
GSM4138115_HNSCC_3_TIL_CATATGGAGTACACCT	41.63006646725562	28.415924364788122	8.46482671408108	26.532352570011966	52.26349315392158	0.0	34.070648967377814	0.0	67.13799628037988	2.3428091227693595	0.0	9.654607089466912	0.0	0.0	0.0	0.0	0.0	0.0	7.019457783067613	36.432926630178066	23.159985530225338	0.0	2.1521079413635844	234.54652535524994	0.0	10.012882512569321	1.250428146129404	0.0	0.0
GSM4138115_HNSCC_3_TIL_CCCTCCTAGGGCTTGA	0.0	0.0	0.0	0.0	0.0	0.0	0.0	3701.3893549605277	0.0	0.0	0.0	0.0	0.0	0.0	0.0	0.0	0.0	0.0	0.0	0.0	0.0	0.0	0.0	0.0	0.0	0.0	0.0	0.0	0.0
GSM4138115_HNSCC_3_TIL_CGAATGTCAGATGGGT	89.00647519304889	56.83085024358936	0.0	176.60461153462452	71.40029046700336	0.0	61.766127205719805	0.0	35.201412050857435	183.35985154144453	0.0	9.429793212797549	0.0	20.406143277951898	0.0	0.0	24.723417001589663	0.0	25.90053155758078	98.04606609757636	0.0	13.707788527803567	0.5546587809059838	369.4173667711121	0.0	0.0	0.0	0.0	0.0
GSM4138115_HNSCC_3_TIL_CGGCTAGCAGCTGGCT	0.0	0.0	0.0	0.0	0.0	0.0	0.0	0.0	3191.5568394931743	0.0	0.0	0.0	270.78720911269863	0.0	0.0	0.0	0.0	0.0	0.0	0.0	0.0	0.0	0.0	0.0	0.0	0.0	0.0	0.0	0.0
GSM4138115_HNSCC_3_TIL_CGTGTCTTCTTCGGTC	55.13916554656013	118.11798857996926	0.0	53.29031873745863	0.0	51.109063930688414	58.47154249348022	0.0	161.15438794399094	127.6419475153372	0.0	19.895150569795696	0.0	8.278622250848343	0.0	0.0	32.65287108569362	0.0	20.381317784234614	29.02626908569836	122.76497609284087	0.0	1.5259105081259183	288.6399566014108	0.0	0.0	41.90114366698996	0.0	0.0
GSM4138115_HNSCC_3_TIL_CTCGTCAGTCGCATAT	60.95438510354563	95.32509581572165	52.82442069357012	0.0	175.84490904970846	0.0	49.11798418611814	63.482448837306805	0.0	0.0	125.83191162111716	40.18954780225507	80.5224382084721	0.0	11.851461394375228	0.0	0.0	0.0	0.0	0.0	0.0	0.0	0.0	480.1080103258251	0.0	3.967134247625313	0.0	0.0	0.0
GSM4138115_HNSCC_3_TIL_GGTGCGTTCTCCTATA	0.0	0.0	0.0	0.0	900.9329805453976	0.0	0.0	0.0	0.0	0.0	0.0	0.0	0.0	0.0	0.0	0.0	0.0	0.0	0.0	0.0	4720.893465604604	0.0	0.0	0.0	0.0	0.0	0.0	0.0	0.0
GSM4138115_HNSCC_3_TIL_GTTCGGGAGACTACAA	0.0	0.0	0.0	0.0	0.0	0.0	3535.96625864593	0.0	0.0	0.0	0.0	0.0	0.0	0.0	0.0	0.0	0.0	0.0	0.0	0.0	0.0	0.0	0.0	0.0	0.0	0.0	0.0	0.0	0.0
GSM4138115_HNSCC_3_TIL_GTTCGGGTCACAATGC	0.0	0.0	0.0	0.0	0.0	2985.4429780288638	0.0	0.0	0.0	0.0	0.0	0.0	0.0	0.0	0.0	0.0	0.0	0.0	0.0	0.0	0.0	0.0	0.0	0.0	0.0	0.0	0.0	0.0	0.0
GSM4138115_HNSCC_3_TIL_TGGCGCAGTTAGTGGG	71.9577243699072	82.24155636701005	292.1994784789215	58.036468020284396	221.56953445716928	28.298083953238955	246.40645742168675	0.0	132.80243505510145	382.2674717635935	0.0	48.30898328896825	0.0	0.0	0.0	16.229091333886835	0.0	0.0	1.6006515685123344	0.0	0.0	44.805759731821986	0.0	0.0	11.930407595902384	0.0	23.05358957401899	0.0	0.0
GSM4138115_HNSCC_3_TIL_TTTATGCTCACCTCGT	162.08404304772563	141.49553478875924	0.0	201.93689068669224	152.4322829324898	27.541074323872987	7.451710602868264	0.9656395241372411	68.11770727496662	120.67126469517382	0.0	29.200461293908504	0.0	28.62672258027371	10.085939948020366	0.0	33.16294290022876	0.0	11.102653991505214	22.061558397099112	0.0	0.0	10.062916032121919	329.43338287137846	0.0	0.0	0.0	0.0	0.0
