	1	2	3	4	5	6	7	8	9	10	11	12	13	14	15	16	17	18	19	20	21	22	23	24
GSM4138115_HNSCC_3_TIL_ACCTTTAGTACATCCA	159.28846816690495	0.0	33.90494084938515	0.0	146.84910919512473	185.4368962361423	0.0	27.237300334973494	0.0	0.0	36.46300816060513	11.45689754961978	1.5418134358611557	0.0	22.165507432909024	25.4298964007142	0.0	0.0	6.484511311349248	0.0	0.0	0.0	0.0	0.0
GSM4138115_HNSCC_3_TIL_CAACCTCCATGCAATC	112.90479322555255	0.0	99.39527597638256	0.0	136.7919829177758	180.7476493839029	0.0	17.997392820822522	0.0	0.0	44.49218973123323	55.803250177015805	0.0	39.4063890864414	14.11611876628627	0.0	15.32117604731834	0.0	0.0	0.0	0.0	0.0	0.0	0.0
GSM4138115_HNSCC_3_TIL_CACACTCAGCCGCCTA	114.80630105925083	154.29081991205197	47.256664511128086	0.0	213.5304291071559	0.0	0.0	24.528740018463665	0.0	0.0	23.58466613343784	0.0	0.0	0.0	21.61589242217027	16.62834721477621	0.0	0.0	3.437790764045097	0.0	0.0	0.0	0.0	0.0
GSM4138115_HNSCC_3_TIL_CATGCCTTCAAAGTAG	205.42106366001548	310.68811907762534	93.34918901404687	0.0	235.76457544315076	0.0	0.0	54.95529832909949	0.0	5.04240823250172	0.0	0.0	23.352563020794825	0.0	0.0	35.79545740780032	0.0	0.0	0.0	0.0	23.188519951296435	0.0	0.0	0.0
GSM4138115_HNSCC_3_TIL_CATGGCGTCATCTGCC	128.04124307150704	0.0	52.44267148174713	0.0	134.56068915541945	158.58720562875743	0.0	51.52847007772126	0.0	21.233567083711392	0.0	26.143638023699378	21.985732703146336	0.0	0.0	0.0	0.0	0.0	12.070198779189559	0.0	0.0	0.0	0.0	0.0
GSM4138115_HNSCC_3_TIL_CCTTCGAGTTAAGAAC	91.68451520044214	184.79852189257994	37.072773628963326	0.0	160.1285046451282	0.0	0.0	22.32025631631643	0.0	10.454847417882878	0.0	0.0	32.957202554752136	9.390401452379471	0.0	16.923825242837296	0.0	0.0	0.0	0.0	0.0	12.620226302950831	0.0	0.0
GSM4138115_HNSCC_3_TIL_CGTGAGCAGATATGCA	130.85564536640834	0.0	50.111536835078965	68.81685619366752	0.0	0.0	162.24947356185294	0.0	258.2260361092826	0.0	20.928679766774437	0.0	37.888051996154886	61.96752909379399	0.0	0.0	0.0	63.6155926385569	0.0	16.396524846404702	46.11455592427226	0.0	0.0	0.0
GSM4138115_HNSCC_3_TIL_CTAATGGTCCTGCCAT	150.92229606799197	0.0	30.4805274022658	0.0	119.3075023252377	166.71014022942396	0.0	35.53028776599938	0.0	15.957491620775052	0.0	0.0	10.509505759701419	0.0	0.0	33.52079501146504	0.0	0.0	7.693701358663994	0.0	0.0	0.0	0.0	0.0
GSM4138115_HNSCC_3_TIL_TACTCGCAGCTAAACA	51.37873520938366	79.83443087273776	21.264162334354744	0.0	50.20662639904884	0.0	0.0	1.4897997431153922	0.0	0.0	17.610438508016436	0.0	0.0	7.258148522272316	4.368976922049987	0.0	0.0	0.0	0.0	2.641561689984034	0.0	0.0	0.0	0.0
GSM4138115_HNSCC_3_TIL_TTCTACACAGAAGCAC	64.15663045898407	54.536803441465494	24.548797540810558	16.06036484179246	0.0	0.0	62.12455788893	0.0	0.0	0.0	6.323838242779046	0.0	0.0	0.0	9.226016090392852	8.015685839757484	0.0	0.0	0.0	0.0	0.0	0.0	0.0	0.0
GSM4138115_HNSCC_3_TIL_TTGGAACTCGTCGTTC	61.60056824278863	0.0	70.41803707993485	0.0	0.0	139.0065285029983	152.9511020195544	17.342239194323245	0.0	15.044993922027246	0.0	14.248164694183211	10.73159315868337	13.567097835348719	0.0	0.0	0.0	0.0	0.0	0.752509925178101	0.0	0.0	0.0	0.0
GSM4138115_HNSCC_3_TIL_GACCAATGTCGCTTCT	131.16307281946925	91.09489822388127	166.23806975729764	0.0	51.21713686532567	0.0	0.0	0.0	0.0	0.0	29.4419987141311	18.60462909695751	0.0	1.511746749167337	24.411217964872254	0.0	15.538388513129107	0.0	0.0	0.0	0.0	0.0	0.0	0.0
GSM4138115_HNSCC_3_TIL_AAACGGGCAGATCCAT	145.5338512037471	0.0	148.51979311391096	0.0	241.25807963680148	142.72780121712262	0.0	0.0	0.0	0.0	46.694703588901305	20.081283485569497	0.0	73.85903158247201	20.078120458569547	0.0	37.612830048858356	0.0	0.0	0.0	0.0	0.0	0.0	0.0
GSM4138115_HNSCC_3_TIL_AACTCAGGTAAGTAGT	55.30850102345432	0.0	82.12387262905057	0.0	113.88621683054973	151.375410355928	0.0	20.467228212846162	0.0	22.109544855273963	0.0	0.0	0.0	13.149862273731099	0.0	51.67336006520352	0.0	0.0	0.0	0.0	0.0	0.0	0.0	0.0
GSM4138115_HNSCC_3_TIL_ACTTGTTGTGCGATAG	96.69603627398071	0.0	70.96882908706557	0.0	151.6086802660637	228.04008975245398	0.0	0.0	0.0	34.23968898438273	0.0	63.95634267330215	0.0	0.0	5.232754585890993	0.0	39.080309065755756	0.0	37.91346521567566	0.0	0.0	0.0	0.0	0.0
GSM4138115_HNSCC_3_TIL_AGTCTTTCACTGAAGG	168.8418193781723	210.81283943568246	80.06852188506038	213.97185068177538	0.0	0.0	0.0	33.02807251648179	0.0	6.1311251032823	56.00866812199246	0.0	0.0	26.225388433877114	16.47411409460146	10.853226339727787	0.0	0.0	0.0	0.0	0.0	0.0	0.0	0.0
GSM4138115_HNSCC_3_TIL_CAAGATCGTGCAACGA	153.93271034489575	73.28014670619281	105.78729048925298	307.94811633627245	0.0	134.9450269223492	0.0	32.2069743463671	0.0	42.65862588164095	0.0	0.0	0.0	0.0	35.7670101363349	0.0	0.0	0.0	0.0	13.74013394211878	33.17866524148815	0.0	0.0	0.0
GSM4138115_HNSCC_3_TIL_CAGAATCAGCCCAACC	112.67726980343947	0.0	138.92198144805133	0.0	0.0	0.0	241.69182930992378	0.0	0.0	0.0	0.0	0.0	20.083072392396385	0.0	0.0	16.86232606531685	0.0	0.0	18.156769530696362	0.0	1.9872104147635694	15.25375990048419	178.31158660287034	37.16939882849703
GSM4138115_HNSCC_3_TIL_CCGGTAGTCATAACCG	169.9627531200143	152.58016904655906	184.32908235322444	254.4131894976081	0.0	0.0	0.0	64.61763580719644	0.0	78.85580999034647	0.0	0.0	0.0	0.0	40.81039347466548	24.476630122647908	0.0	0.0	19.407122995010916	15.76940204527924	0.0	0.0	0.0	0.0
GSM4138115_HNSCC_3_TIL_CTCCTAGCAGATAATG	221.28701806283146	360.3420171297073	226.73753277925007	232.26643880235923	14.408343622816776	0.0	190.74967660606714	0.0	0.0	0.0	0.0	24.69691911269053	45.62034430432477	27.21904247284648	0.0	0.0	0.0	50.44214149066513	0.0	0.0	0.0	55.375635703251106	0.0	0.0
GSM4138115_HNSCC_3_TIL_GAACCTACATTGGGCC	96.53075977593026	105.584728298715	50.00184562966732	68.77977856786057	0.0	0.0	0.0	15.973676555126515	0.0	0.0	8.450933383583989	31.700477813777237	0.0	3.967580043983681	12.045626562199704	0.0	0.0	0.0	0.0	0.0	6.228958316669397	0.0	0.0	0.0
GSM4138115_HNSCC_3_TIL_GGACGTCTCCTCAACC	80.70004921349181	73.84427109798246	29.870510207015123	23.553158386687297	70.31466474065284	3.5932795615636244	7.118926859446451	9.052379018687294	0.0	16.389587645581774	0.0	0.0	0.0	0.0	24.054963731993347	20.366378453763044	0.0	0.0	0.0	0.0	0.0	0.0	0.0	0.0
GSM4138115_HNSCC_3_TIL_GGATGTTGTGTTTGTG	135.3812265786773	142.27480733492104	141.09938036717864	184.6754440580193	0.0	0.0	0.01947317230548923	50.470813955307946	0.0	0.0	42.26570955239211	0.0	0.0	10.812257992188712	10.05816853596977	0.0	0.0	0.0	0.0	8.645676276749414	24.517436269242303	0.0	0.0	0.0
GSM4138115_HNSCC_3_TIL_GGCAATTCATGGAATA	202.15735112233668	181.44909285661916	56.47700893415982	164.97935162360045	0.0	0.0	0.0	15.8435142120547	0.0	53.05928723862452	0.0	0.0	0.0	0.0	31.87574370959453	11.45965566605424	0.0	0.0	0.0	0.0	8.0759636112014	0.0	0.0	0.0
GSM4138115_HNSCC_3_TIL_GTCTCGTAGAAACCTA	44.07599823649082	57.63614231409486	22.67321830891628	0.0	0.0	0.0	30.477705015965622	0.0	0.0	2.103794303391459	0.0	0.0	0.0	0.0	1.2084472958700971	0.0	0.0	0.0	0.0	7.5423289710510595	0.0	0.0	0.0	0.0
GSM4138115_HNSCC_3_TIL_TAGCCGGAGTCGTTTG	115.03891230049892	161.03197826108217	68.19913464839257	119.71342152518929	38.42797743919942	0.0	0.0	13.745576403101264	0.0	55.26431547052926	0.0	0.0	41.31023527161658	0.0	0.0	19.03322121849485	0.0	0.0	25.257534333958272	0.0	0.0	0.0	0.0	0.0
GSM4138115_HNSCC_3_TIL_TTAGTTCAGACAAGCC	70.27572999697277	114.43315636474718	71.77768363795887	0.0	238.50526352153747	0.0	0.0	29.26882063054644	0.0	12.250785470178428	0.0	27.50846928417468	0.0	10.8353430074108	40.66600680081921	0.0	0.0	0.0	0.0	0.0	0.0	0.0	0.0	0.0
GSM4138115_HNSCC_3_TIL_ACACCAAGTCCAGTGC	58.177488334011834	0.0	77.56801670171564	0.0	54.17151197941978	193.46146239016548	0.0	13.678532072197504	0.0	18.74739447215142	0.0	0.0	0.0	0.0	16.158565854296125	11.909408363749655	0.0	0.0	12.456403933869913	0.0	0.0	0.0	0.0	0.0
GSM4138115_HNSCC_3_TIL_AGCCTAACACACCGAC	48.40510272012822	0.0	73.00960771968397	0.0	105.7532189922612	223.87204713410722	0.0	0.0	0.0	0.0	8.357177401572592	19.173653871184253	0.0	0.0	10.030632833307301	0.0	6.363476488251947	0.0	5.916660832383204	0.0	0.0	0.0	0.0	0.0
GSM4138115_HNSCC_3_TIL_CTAATGGCACCCATGG	102.29931067300102	0.0	86.17896868170206	0.0	67.93524746439878	187.51390051287362	0.0	15.14768922375333	0.0	0.0	0.0	29.984456450851976	0.0	0.0	22.985745404530146	0.0	0.0	0.0	10.521012263313162	0.0	0.0	26.313024384849538	0.0	0.0
GSM4138115_HNSCC_3_TIL_ATGAGGGTCCATTCTA	145.6762828833589	0.0	0.0	0.0	141.63428209269574	312.7840887911027	0.0	0.0	0.0	0.0	0.0	26.323162867702923	21.77175300182719	9.546756809747395	0.0	0.0	0.0	38.65283160380454	0.0	0.0	0.0	15.214251825328926	0.0	0.0
GSM4138115_HNSCC_3_TIL_GTCATTTGTATGGTTC	117.30077138112509	0.0	22.266039959980017	0.0	60.682660937357944	202.77333315225653	0.0	0.0	0.0	0.0	17.436678916862125	48.93628084841702	0.0	0.0	10.884725067213568	0.0	28.411731571362484	0.0	0.0	0.0	0.0	0.0	0.0	0.0
GSM4138115_HNSCC_3_TIL_CAGATCACAGACGCAA	181.89818545243537	0.0	40.24440737037545	0.0	0.0	188.527199662917	79.09412462354291	19.531481602481467	0.0	13.990185504236155	0.0	50.61629723223359	14.098172171086574	15.577326538494997	0.0	0.0	0.0	0.0	0.0	0.0	0.0	0.0	0.0	0.0
GSM4138115_HNSCC_3_TIL_AAACCTGAGCGATAGC	68.39772285600664	0.0	52.78494569123866	0.0	69.14211339917473	79.57024742733601	0.0	15.796993537434453	0.0	2.945241926629992	0.0	6.77433186837415	11.05183718461652	0.0	0.0	0.0	0.0	0.0	0.0	0.0	1.627715607467887	0.0	0.0	0.0
GSM4138115_HNSCC_3_TIL_AGAGTGGAGGCGTACA	102.83518824828066	0.0	59.22453909784602	0.0	103.98159845118765	175.1401730992305	0.0	22.67256987965592	0.0	0.0	37.0338363073424	23.60752258042518	0.6391330148612504	8.655473621997887	13.656420096449793	0.0	0.0	0.0	0.0	0.0	0.0	0.0	0.0	0.0
GSM4138115_HNSCC_3_TIL_ATTACTCGTAAATGAC	168.95564713612555	124.77153528680448	90.04552959557842	0.0	0.0	0.0	70.36753264193354	56.71280689582974	0.0	0.0	24.755644952955365	36.039643915142484	2.615296872497377	6.9361915459287955	0.0	0.0	0.0	0.0	0.0	0.0	0.0	0.0	0.0	0.0
GSM4138115_HNSCC_3_TIL_CCATGTCCAATGGATA	50.134807565599665	0.0	44.37025632364461	0.0	180.98481962981214	105.58811944757153	0.0	18.994260044577086	0.0	0.0	18.461406512675598	16.092135088893396	13.122282855610722	0.0	8.000290507636214	0.0	0.0	0.0	0.0	0.0	17.397603088808076	0.0	0.0	0.0
GSM4138115_HNSCC_3_TIL_CGTTAGATCGCAAGCC	97.62480099806676	37.201166561720406	23.667377145703497	0.0	138.32395337158653	233.04558893125045	0.0	0.0	0.0	0.0	5.811536304004133	8.376725715907616	0.0	0.0	0.0	0.0	145.8756531781231	0.0	0.0	0.0	36.66309015618135	0.0	0.0	0.0
GSM4138115_HNSCC_3_TIL_GTTCATTTCGCACTCT	221.0954938507514	150.83642722455346	57.925459395933466	181.89830839546298	0.0	0.0	0.0	17.844598879058072	0.0	6.596396940229725	0.0	0.0	0.0	0.0	0.0	0.0	0.0	0.0	0.0	26.78594378333809	11.888490193693448	0.0	0.0	0.0
GSM4138115_HNSCC_3_TIL_ACTGATGTCCACGTTC	112.49290102037827	0.0	49.09507188205988	0.0	153.7557043103921	135.07665950563694	0.0	13.704341841804126	0.0	24.554312063261307	0.0	0.0	19.518758246798242	0.0	0.0	15.715490325122945	0.0	0.0	55.67394688991732	0.0	0.0	0.0	0.0	0.0
GSM4138115_HNSCC_3_TIL_CGGCTAGAGCGTTGCC	105.46279642150061	134.6409776471762	30.137698588425962	130.33222783035544	0.0	0.0	0.0	0.0	0.0	0.0	10.674075572708512	0.0	0.0	0.0	8.161885765938411	11.551774272477873	0.0	14.745173509893393	0.0	0.0	0.0	0.0	0.0	0.0
GSM4138115_HNSCC_3_TIL_GACTACAGTGCGATAG	80.83486263805386	138.56075435036811	126.51149437060147	77.00818509107992	0.0	0.0	0.0	0.0	0.0	38.18830461766792	0.0	0.0	5.186861710917666	18.332197350436424	0.0	0.0	0.0	12.825589549040798	0.0	13.148145060915743	0.0	0.0	0.0	0.0
GSM4138115_HNSCC_3_TIL_AACTTTCTCCCTCAGT	234.18515269355115	0.0	120.37958076913507	0.0	223.41973657444763	289.24001710095746	56.72657824515902	40.805555023221366	0.0	0.0	53.71940883659676	19.851119006040967	12.077203705574984	0.0	3.844257374479375	0.0	0.0	0.0	24.022804386074476	0.0	0.0	0.0	0.0	0.0
GSM4138115_HNSCC_3_TIL_ACGGGCTTCACCTTAT	155.29099474268625	196.72108468387918	70.45156431066161	0.0	119.73457819543484	0.0	0.0	37.9269542369328	0.0	0.0	11.758047680302274	0.0	0.0	0.0	11.032471109054775	46.82477143779144	0.0	0.0	15.103023369702303	0.0	0.0	0.0	0.0	0.0
GSM4138115_HNSCC_3_TIL_ATTATCCGTGCCTGCA	220.60823703263492	0.0	104.29586817444537	0.0	286.35852546772935	204.50845224755517	0.0	48.86248223940754	0.0	45.47462916277872	0.0	30.021409393177606	12.796549419458207	0.0	0.0	0.0	0.0	0.0	13.81229540374209	0.0	0.0	0.0	0.0	0.0
GSM4138115_HNSCC_3_TIL_CCTCAGTAGCGTGTCC	166.3993667700513	0.0	67.21810941932463	0.0	164.8458527417863	143.36854781494074	0.0	34.48903888327745	0.0	0.0	31.192179355221455	26.28466304809155	2.484805784353452	0.0	4.889031842438668	0.0	0.0	0.0	34.64564441632285	0.0	0.0	0.0	0.0	0.0
GSM4138115_HNSCC_3_TIL_CGCCAAGCACGAAACG	145.3043028841414	163.22658029259793	64.79996678635231	157.73464454375852	0.0	0.0	84.58820267863199	51.64916030986611	0.0	16.194855968136885	0.0	0.0	31.658199403728336	17.573768550984244	0.0	14.403461080192132	0.0	0.0	0.0	0.0	0.0	0.0	0.0	0.0
GSM4138115_HNSCC_3_TIL_CGCTATCAGCCAGGAT	141.57975410933219	177.26435748627955	139.8836624424555	0.0	0.0	0.0	231.2689786977146	39.14463939971251	0.0	38.43758383934269	0.0	25.408930460797304	12.271934713287703	13.78812984501233	0.0	0.0	0.0	0.0	0.0	0.0	0.0	0.0	0.0	0.0
GSM4138115_HNSCC_3_TIL_CGTGAGCAGAACTCGG	159.06837885945515	165.9452685588343	110.93295422423336	0.0	149.0091487911323	0.0	0.0	15.333364592816539	0.0	40.28090007520209	0.0	0.0	0.0	6.087480613001356	12.398725976607047	0.0	0.0	0.0	0.0	4.181575371064558	13.406329942278076	0.0	0.0	0.0
GSM4138115_HNSCC_3_TIL_CTCGTACCAAACCCAT	196.07489668017783	141.19212869123857	79.01505050907632	197.72354151419353	0.0	0.0	16.88519701569042	44.625086484893615	0.0	4.953918127135585	0.0	0.0	0.0	14.72648080776624	32.5454449470965	14.255500279586046	0.0	0.0	10.99118133886499	0.0	0.0	0.0	0.0	0.0
GSM4138115_HNSCC_3_TIL_GATCTAGTCATGCATG	415.07590737931855	0.0	210.55791871264123	157.61609800080697	452.9219191651743	176.34251164064122	0.4714715648739954	92.68388266822298	151.66011508177723	0.0	0.0	0.0	42.27973813636549	50.52981258157054	0.0	66.11982586952418	0.0	0.0	2.840064844415242	0.0	0.0	73.06190245711724	0.0	0.0
GSM4138115_HNSCC_3_TIL_GCATGATAGCAGCGTA	149.90944101528356	0.0	32.71368871096735	136.82922191238606	0.0	0.0	0.0	0.0	35.7463195844265	18.89333192180869	0.0	0.0	0.0	0.0	16.119770009617344	0.0	0.0	17.02096063120442	0.0	9.901133016369455	0.0	0.0	0.0	0.0
GSM4138115_HNSCC_3_TIL_GCATGCGCAAGTCTAC	62.26718633466146	0.0	61.727227125482344	161.81477461048607	0.0	0.0	0.0	0.0	98.03805221531779	0.0	0.0	0.0	0.0	1.666400338048565	9.90621381183648	0.0	0.0	9.326423476205715	0.0	8.818875674211894	0.0	0.0	0.0	0.0
GSM4138115_HNSCC_3_TIL_GTAACTGCAGGTCCAC	134.2586084763798	53.57829687463965	139.41950655558307	116.76659866112651	122.64627569527646	0.0	0.0	0.0	22.47601114940588	25.08378526889349	0.0	15.62229815448566	22.177497296111905	1.1841036467732307	0.0	0.0	34.60271455421035	17.377010733569108	9.583456948835376	0.0	0.0	0.0	165.10230733524003	0.0
GSM4138115_HNSCC_3_TIL_GTACTTTTCTCATTCA	79.14568043059606	13.329777644746297	132.0055806878658	158.44394394493048	0.0	0.0	26.922822516063682	0.0	114.47369194631744	38.631219606105184	0.0	0.0	15.881032682471384	0.0	0.0	0.0	0.0	49.73312304469669	74.44402850556236	20.67284324520882	0.0	0.0	12.305267664343225	0.0
GSM4138115_HNSCC_3_TIL_GTGCAGCAGTGCCATT	83.49706085247745	202.6124161951498	79.14873960803212	0.0	150.02513410017013	0.0	0.0	68.2478188116871	0.0	16.558664045952874	0.0	35.38768500534652	0.0	0.0	12.302721460154709	0.0	0.0	0.0	22.22758231456111	0.0	0.0	0.0	0.0	0.0
GSM4138115_HNSCC_3_TIL_GTTCGGGCAAACGCGA	130.68903025152088	8.82422496426145	106.85831722773992	0.0	172.99091790879731	152.71490048337856	0.0	76.81341631960474	0.0	0.0	13.128497692139945	7.030597657951675	27.654467393918466	0.0	0.0	0.0	0.0	0.0	37.17076813411931	0.0	0.0	0.0	0.0	0.0
GSM4138115_HNSCC_3_TIL_TCTCTAATCGGTCTAA	112.96716096245713	137.81200589042263	126.33718310575908	0.0	208.30934284578	0.0	0.0	15.365593649289773	0.0	5.613923270374704	0.0	0.0	9.50535190012113	0.0	0.0	69.58378207875761	0.0	0.0	14.522777110654406	0.0	0.0	0.0	0.0	0.0
GSM4138115_HNSCC_3_TIL_TGCCAAAAGGATCGCA	157.8212090351844	198.52344840199956	83.56967884397635	0.0	146.28645465308043	0.0	0.0	40.143976229179174	0.0	0.0	34.68960723115995	0.0	19.106532512137758	0.0	6.354183874679375	19.809053530839737	0.0	0.0	9.666913810734183	0.0	0.0	0.0	0.0	0.0
GSM4138115_HNSCC_3_TIL_TGTGGTATCAACGCTA	97.4021412972184	0.0	96.26026632636692	33.858442467672916	132.8096147602326	173.37959822168483	55.22028731888277	30.749330134707336	0.0	0.0	19.28335352124468	43.664863334015735	16.338920946876954	0.0	0.0	0.0	0.0	0.0	42.49697608864591	0.0	0.0	0.0	0.0	0.0
GSM4138115_HNSCC_3_TIL_TTGGAACTCTTGAGGT	107.6328555217647	35.485102946385446	106.28003049625943	0.0	29.020822861933752	96.54286620479999	118.51788729821813	57.51521395215308	0.0	16.69307734709347	0.0	1.0563166215598583	0.0	17.426157028367566	27.159035543339257	0.0	0.0	0.0	0.0	0.0	0.0	0.0	0.0	0.0
GSM4138115_HNSCC_3_TIL_ACGTCAATCCGATATG	98.45450220944599	0.0	66.63938684211196	0.0	52.18214037136341	144.98249661787503	0.0	0.0	0.0	0.0	25.612775331958066	17.75643024483991	0.0	18.1603524093148	8.560582609579775	0.0	45.99544542764894	0.0	0.0	0.0	0.0	0.0	0.0	0.0
GSM4138115_HNSCC_3_TIL_AACCGCGAGACTAGAT	127.17768450376722	265.7125639452972	103.10695905985929	274.6960828211515	0.0	0.0	0.0	31.038068732215255	0.0	0.0	12.31284086274467	23.97447936203087	18.82559673264585	25.066313208832252	0.0	0.0	0.0	0.0	0.0	0.0	0.0	0.0	0.0	0.0
GSM4138115_HNSCC_3_TIL_AACTCCCAGACTTTCG	178.40687425017356	240.42324915248827	90.0537595245094	280.4062041116827	0.0	0.0	0.0	0.0	0.0	0.0	41.087499439082784	0.0	24.486496111132357	26.581844280174526	0.0	0.0	0.0	24.97095555353262	0.0	34.924762802359396	0.0	0.0	0.0	19.253392334385374
GSM4138115_HNSCC_3_TIL_ACTTGTTTCAGCTGGC	238.9235102104458	169.2645022152036	177.52017738840235	298.8108032841239	0.0	0.0	0.0	50.99995857281382	0.0	49.83965072687925	0.0	0.0	9.61331080662272	17.84283185107535	0.0	0.0	0.0	0.0	0.0	19.087574638861827	0.0	0.0	0.0	0.0
GSM4138115_HNSCC_3_TIL_AGTGAGGGTTGGTAAA	115.12521802092607	161.87426126201652	44.00005817543856	30.182049528938464	0.0	0.0	131.18115194008837	29.495960748477856	0.0	0.0	16.258914723784336	0.0	0.0	14.623130678489629	22.02608306254933	0.0	0.0	0.0	0.0	10.207303829447433	6.628541565361982	0.0	0.0	0.0
GSM4138115_HNSCC_3_TIL_ATCCGAACATACTCTT	141.99978240356816	128.39066511462417	103.32652784625031	138.06441426494962	0.0	0.0	0.0	27.05929250731936	0.0	14.831507914019896	0.0	11.047000460836067	23.206117758325874	2.7543676026644754	0.0	0.0	0.0	0.0	0.0	0.0	3.5191188234400594	0.0	0.0	0.0
GSM4138115_HNSCC_3_TIL_ATCGAGTGTACGAAAT	61.049151181134135	79.6808573257005	79.0951318105381	53.00437140315325	0.0	0.0	48.87801220514674	22.05351264414576	0.0	14.985380801168308	0.0	0.0	0.0	23.051858351419884	0.0	39.36830405465914	0.0	0.0	0.0	0.0	0.0	0.0	0.0	0.0
GSM4138115_HNSCC_3_TIL_ATGTGTGGTTACCAGT	81.85960764530627	43.35770485911498	41.84295618719764	145.04491099212095	0.0	0.0	0.0	0.0	0.0	21.4588979791156	0.0	0.0	10.448507642466337	0.0	4.166114298625248	17.212416869499176	0.0	11.282149321346017	0.0	0.0	0.2760399825951099	0.0	0.0	0.0
GSM4138115_HNSCC_3_TIL_CAAGATCGTCGAATCT	50.32680320846576	77.6693237341833	61.661232669534606	59.92134827881529	0.0	0.0	0.0	14.697622329890518	0.0	0.0	6.149744995454869	0.0	0.0	0.0	2.2180045953480567	9.24330384676286	0.0	0.0	0.0	0.0	0.0	0.0	0.0	0.0
GSM4138115_HNSCC_3_TIL_CATGACAGTCCGTGAC	190.13061314786262	105.9107707820643	98.36952679978485	170.68388113228852	0.0	0.0	0.0	0.0	0.0	0.0	17.97798923107271	0.0	0.0	0.0	10.84335991801025	0.0	0.0	31.257065342649963	0.0	9.213867326369295	23.252210102917907	0.0	0.0	0.0
GSM4138115_HNSCC_3_TIL_CCACTACAGACAAAGG	122.43820096098982	122.59133567661124	140.21774303479114	138.42851338027248	0.0	0.0	0.0	27.297534585008474	0.0	0.0	0.0	13.463588711681837	12.171554963416776	8.259257751363883	0.0	0.0	0.0	0.0	0.0	0.0	0.0	21.88777794599904	0.0	0.0
GSM4138115_HNSCC_3_TIL_CCTATTAAGAGTACCG	122.62590923727883	213.72451227327724	94.87773417096383	137.35825724076167	0.0	0.0	43.055278012519715	74.87913973314349	0.0	1.0617863145808704	0.0	29.843701693079748	27.77474431824691	0.36276557983016017	0.0	0.0	0.0	0.0	0.0	0.0	0.0	0.0	0.0	0.0
GSM4138115_HNSCC_3_TIL_CCTTACGGTTCAGACT	122.29026710308028	93.98526947881747	158.8159061194642	0.0	0.0	0.0	130.90579960618135	0.0	0.0	0.0	20.96335226967789	0.0	0.0	29.110907980461615	0.0	0.0	0.0	15.915686758295275	0.0	26.89346638069229	0.0	0.0	0.0	42.08991706127257
GSM4138115_HNSCC_3_TIL_CCTTCCCGTGTGTGCC	159.94537966371212	225.30563225262216	86.16091817410141	23.004348919835483	0.0	0.0	282.6802629112928	56.33988214699376	0.0	32.61626317777437	0.0	0.0	11.045518753593498	0.0	0.0	16.746037821910527	0.0	0.0	0.0	0.0	41.38633879506441	0.0	0.0	0.0
GSM4138115_HNSCC_3_TIL_CGAGCACGTTCCACAA	105.90913129680563	198.01152889759732	157.00153958264522	0.0	0.0	0.0	342.73374821394015	21.398993248789324	0.0	0.0	20.745707749329803	55.875123217979514	33.53124581106267	27.892397572894172	0.0	0.0	0.0	0.0	0.0	0.0	0.0	28.293137967320007	0.0	0.0
GSM4138115_HNSCC_3_TIL_CGGACTGAGCCCGAAA	230.49024081092162	236.72074326052967	48.84459282787045	0.0	164.58721384633765	0.0	0.0	32.51650939609018	0.0	30.40415740625545	0.0	0.0	0.0	0.0	12.473538600534905	35.05325867826492	0.0	0.0	25.173072360111128	0.0	0.0	0.0	0.0	0.0
GSM4138115_HNSCC_3_TIL_CTAGCCTGTCGGGTCT	36.71824712670744	0.0	66.01215177939659	0.0	367.93774933594597	82.38984883373728	0.0	15.849002208652745	7.457617862948712	7.966468924116714	0.0	2.8157467221057937	0.0	0.0	26.61992632076328	0.0	0.0	0.0	35.24005314111142	4.201770742454001	0.0	0.0	0.0	0.0
GSM4138115_HNSCC_3_TIL_CTGCCTACATGCATGT	302.22076661612317	0.0	190.37182289394914	0.0	249.73860917690573	428.1325998369671	0.0	60.90465908352798	0.0	51.32988686819233	0.0	0.0	0.0	0.0	40.17106774305302	18.556617368609242	0.0	0.0	22.168627960327367	0.0	0.0	0.0	0.0	0.0
GSM4138115_HNSCC_3_TIL_GACCTGGTCGTCCGTT	139.5785099159431	106.70679251505408	138.1896373398531	140.71601583992327	0.0	0.0	0.0	0.0	0.0	0.0	15.147292209091331	0.0	47.79648576516951	4.58284962873243	0.0	0.0	0.0	99.64330293806913	0.0	16.15462174618012	0.0	0.0	0.0	0.0
GSM4138115_HNSCC_3_TIL_GCACTCTCACGTTGGC	221.02999573690906	454.9655356101902	87.09398545363814	0.0	282.2140154431002	0.0	0.0	112.54013731862096	0.0	21.194337005311816	0.0	0.0	0.0	0.0	28.367010670869806	52.12539444011234	0.0	0.0	30.414618208477272	0.0	0.0	0.0	0.0	0.0
GSM4138115_HNSCC_3_TIL_GCTTGAATCAACGGCC	79.67723026801286	173.41521525303696	160.71203432259512	191.74087375019334	0.0	0.0	0.0	25.247293324606126	0.0	0.0	18.944477461279202	0.0	33.200899303704176	5.951000917497281	0.0	0.0	0.0	0.0	0.0	12.432646175408573	0.0	0.0	0.0	0.0
GSM4138115_HNSCC_3_TIL_GTCACAAGTTGGAGGT	50.623589718407935	121.34373722923178	44.15902078426402	116.8025244639736	0.0	0.0	0.0	17.97680116600869	0.0	8.57834218977036	0.9786567226822703	0.0	0.0	0.0	12.554702817965586	1.2793509525818505	0.0	0.0	0.0	0.0	0.0	0.0	0.0	0.0
GSM4138115_HNSCC_3_TIL_TCAGCAAGTGGCAAAC	156.75686577014716	203.8446330002849	94.80564608037419	110.60118849305562	0.0	0.0	85.63933589362102	0.0	0.0	0.0	27.506405049649782	0.0	0.0	31.527952738251923	20.805058499903804	0.0	0.0	39.38650979444198	0.0	12.70630676933476	0.0	0.0	0.0	0.0
GSM4138115_HNSCC_3_TIL_TCAGCAATCAGTTAGC	353.4723979573081	346.58300447872347	157.94247732724438	63.150776869125124	0.0	0.0	383.3458962591461	78.85024353538142	0.0	0.0	43.419461686819716	60.80794189419982	50.61719184717792	0.0	0.0	0.0	0.0	0.0	33.81657044399597	0.0	0.0	0.0	0.0	0.0
GSM4138115_HNSCC_3_TIL_TCTTTCCCAGACAAGC	116.90002231717986	115.71564080090789	36.897105931657144	132.99087725608905	0.0	0.0	0.0	23.158846752288994	0.0	43.08997918678957	0.8297374800233143	18.67457694518068	18.23853084024398	23.680312354917856	0.0	0.0	0.0	0.0	0.0	0.0	0.0	0.0	0.0	0.0
GSM4138115_HNSCC_3_TIL_TGGCGCATCGAACTGT	70.03807566429312	0.0	44.131435470423654	103.27969163558808	0.0	0.0	0.0	0.0	142.4307116618781	25.53491893910997	0.0	21.83886548147686	6.34042314015167	1.7374694635769958	0.0	0.0	0.0	15.058666713417246	0.0	0.0	0.0	0.0	0.0	0.0
GSM4138115_HNSCC_3_TIL_AACCATGGTAAATGAC	294.84075763475676	426.2419266128468	160.85685724919097	0.0	423.24401867014853	0.0	0.0	0.0	0.0	0.0	24.295955789728975	0.0	42.771826345081344	0.0	6.675157497837149	21.216966020939964	67.18114547556864	0.0	10.239559008901058	0.0	0.0	0.0	0.0	0.0
GSM4138115_HNSCC_3_TIL_AACCGCGAGAAACCAT	138.42488923095272	148.03678065487088	102.41755181127894	226.3363274691355	0.0	0.0	0.0	8.846710055654418	0.0	10.939083449669806	17.688826399064023	0.0	0.0	16.806423221094157	0.9045611857242989	15.257617860596941	0.0	12.488579657992704	0.0	0.0	1.6168433367670756	0.0	0.0	0.0
GSM4138115_HNSCC_3_TIL_AAGCCGCGTACGCACC	181.54190588260022	302.62832374509566	190.64187517633692	0.0	0.0	0.0	417.90759892122327	48.83628651410721	0.0	56.93901685490718	0.0	0.0	21.657091229674524	12.512243214195106	0.0	0.0	0.0	0.0	0.0	41.61269102658596	0.0	0.0	0.0	0.0
GSM4138115_HNSCC_3_TIL_ACATCAGAGGCTAGGT	165.4853658450777	188.15562249964384	155.6499909792505	210.95938584884766	0.0	0.0	0.0	0.0	0.0	5.484744831050972	37.35316990285697	0.0	0.0	24.031087398132648	36.79846824113758	0.0	0.0	34.411263453983985	0.0	15.376210104827281	0.0	0.0	0.0	5.442459496038337
GSM4138115_HNSCC_3_TIL_ACCTTTATCACCTTAT	203.7962327161617	280.1686144038928	58.66442638895471	169.07969867664318	0.0	0.0	0.0	30.616039091018862	0.0	0.0	33.79853938665428	25.898425611852602	0.0	11.750260214420992	21.473378295262496	0.0	0.0	0.0	0.0	0.0	0.0	0.0	0.0	0.0
GSM4138115_HNSCC_3_TIL_ACGATGTTCCCACTTG	303.95769220259086	0.0	64.04663125191372	0.0	150.4661274481125	316.6341622683694	0.0	101.03852659644626	0.0	23.315907442804015	0.0	0.0	0.0	0.0	35.92386245086708	70.1570284766705	0.0	0.0	9.60272346165661	0.0	0.0	0.0	0.0	0.0
GSM4138115_HNSCC_3_TIL_ATTGGACCACCTCGGA	238.58832288738796	261.7295503930539	66.62913537196606	0.0	172.00854305722174	0.0	0.0	40.93298603869764	0.0	15.6228603993929	0.0	20.25007000713315	27.33904693314365	0.0	0.0	0.0	0.0	0.0	34.16766749612573	0.0	0.0	0.0	0.0	0.0
GSM4138115_HNSCC_3_TIL_ATTTCTGTCCTCAACC	97.80907465403703	267.0085204178201	37.42025396411107	167.27272472763997	0.0	0.0	0.0	20.52142995627157	0.0	16.856814952606484	0.0	0.0	6.6528841939922065	0.0	8.699313681424593	18.682545531224445	0.0	0.0	0.0	0.0	0.43623639430712147	0.0	0.0	0.0
GSM4138115_HNSCC_3_TIL_CACACTCTCCGCAAGC	137.99852840297407	124.82714629467164	67.92941720554602	174.18230041881247	0.0	0.0	50.81500622839781	0.0	0.0	18.95695411715925	0.0	0.0	6.466112506043235	0.0	0.0	0.0	0.0	31.60258470823891	0.0	4.4996833104963505	14.24747989362322	0.0	0.0	0.0
GSM4138115_HNSCC_3_TIL_CCTTACGTCTTGTCAT	194.19396533967048	112.8227094389348	103.88694193862777	2.139020635662821	0.0	0.0	68.21130263076799	0.0	0.0	0.0	18.809388650922283	0.0	7.179713333142138	8.126098844811056	1.5788827327672663	0.0	0.0	24.352543152496544	0.0	14.68463091869839	0.0	0.0	0.0	0.0
GSM4138115_HNSCC_3_TIL_CTAAGACCACGAAGCA	73.38791161943556	155.0574519754262	84.5777878067096	189.14882310081097	0.0	0.0	5.220935005222471	24.92783765179092	0.0	6.131201643609177	0.0	0.0	1.4560083386773186	9.146751729912763	0.0	0.0	0.0	0.0	0.0	5.096501166081722	0.0	0.0	0.0	0.0
GSM4138115_HNSCC_3_TIL_CTAGCCTCATGGTCAT	320.08497133533047	359.4654227517926	191.66776095317118	191.61977985552522	0.0	0.0	128.67985442592945	0.0	0.0	0.0	30.555446469228876	26.536706935157746	0.0	15.572132130569557	73.17671306722067	0.0	0.0	0.0	0.0	18.49852801648353	0.0	0.0	0.0	58.72135428465223
GSM4138115_HNSCC_3_TIL_CTGGTCTTCTGGGCCA	274.0730992585577	324.40720542678145	153.63715961860737	281.3516732704646	0.0	0.0	0.0	43.706100881513116	0.0	58.526948658195984	0.0	0.0	69.70386223028957	0.0	0.0	81.13805403706012	0.0	0.0	10.574677358783815	0.0	0.0	0.0	0.0	0.0
GSM4138115_HNSCC_3_TIL_GACTGCGCAGCCTATA	124.06787371776684	95.48858553035416	69.13620232224336	0.0	66.7603719900613	0.0	0.0	76.69484299474847	0.0	13.724092318538125	0.0	22.508046036765435	0.0	0.0	12.535350715630589	0.0	0.0	0.0	11.27208050585862	0.0	0.0	0.0	0.0	0.0
GSM4138115_HNSCC_3_TIL_GCATGCGGTCAGCTAT	152.48237104039046	125.70846488717042	54.874469662149345	162.29961253571773	0.0	0.0	0.0	0.0	0.0	24.67732775663488	0.0	0.0	18.219807684727396	7.32470528976171	0.0	0.0	0.0	17.482207107269225	0.0	6.080276209727991	0.0	0.0	0.0	21.806824850673863
GSM4138115_HNSCC_3_TIL_GCATGTATCACAAACC	281.0154607861243	0.0	258.6054623411479	344.70405991883393	0.0	0.0	0.0	0.0	361.6877383156937	73.58036435658029	0.0	49.76501853356512	26.713499072305257	30.184946863676476	12.257233451486432	0.0	0.0	71.88892466905463	0.0	0.0	0.0	0.0	0.0	0.0
GSM4138115_HNSCC_3_TIL_GCGACCAAGCTGATAA	0.0	3880.031663616607	0.0	0.0	0.0	0.0	0.0	0.0	211.18233576770703	0.0	0.0	0.0	0.0	0.0	0.0	0.0	0.0	0.0	0.0	0.0	0.0	0.0	321.3413267756533	0.0
GSM4138115_HNSCC_3_TIL_GGAAAGCCATGCAACT	188.52465013816274	264.9594887341409	176.62150047354658	284.8202647686812	0.0	0.0	0.0	0.0	0.0	48.662103320143025	0.0	0.0	0.0	10.57970564880046	34.65311186892558	0.0	0.0	0.0	0.0	24.58750127559513	0.0	0.0	0.0	52.407497526708
GSM4138115_HNSCC_3_TIL_GTCTCGTAGGAGTCTG	198.87161527717794	0.0	134.8888250392513	180.95205234871435	105.5863475488613	0.0	0.0	41.08796394188359	268.75744748757285	0.0	52.226415188415245	0.0	0.0	67.09369871562032	24.054622853522734	0.0	0.0	0.0	0.0	20.628808805955597	0.0	0.0	0.0	0.0
GSM4138115_HNSCC_3_TIL_GTCTCGTCAATGTTGC	259.2931008224117	242.1546874564506	101.47128206112434	193.87718862860206	0.0	0.0	0.0	45.08711481014158	0.0	0.0	9.208022744990625	34.33369728233936	0.0	0.0	28.43694062542417	0.0	0.0	0.0	0.0	0.0	42.99884655216942	0.0	0.0	0.0
GSM4138115_HNSCC_3_TIL_TAAGTGCCATTGGGCC	301.02493992861423	0.0	110.24237117940834	304.8711760747588	0.0	0.0	0.0	0.0	319.6764113528292	0.0	32.164565301599694	0.0	0.0	9.77151612310727	17.52557170009016	0.0	0.0	41.550396453867265	0.0	13.081272770782094	0.0	0.0	0.0	0.0
GSM4138115_HNSCC_3_TIL_TACACGATCACCATAG	426.8394129989221	542.4655811992783	200.4141267534974	321.4819773198779	274.7554324434308	0.0	0.0	0.0	0.0	0.0	91.87374692280859	52.71373290153175	49.49216844768316	0.0	0.0	0.0	60.68610352348494	0.0	45.129595074419605	0.0	0.0	0.0	0.0	0.0
GSM4138115_HNSCC_3_TIL_TCCACACCATTCTTAC	201.43322330520888	408.1487670024799	62.29593347053291	0.0	230.50588216326213	0.0	0.0	52.69939671663965	0.0	16.867910618030646	0.0	0.0	0.0	0.0	18.236475958681158	58.190545135660635	0.0	0.0	39.24516710766528	0.0	0.0	0.0	0.0	0.0
GSM4138115_HNSCC_3_TIL_TCTTCGGTCCGAGCCA	129.5073658755468	0.0	384.6887400099936	217.46699955343564	0.0	0.0	78.7878953315451	0.0	104.75473955206454	1.720301008013599	0.0	0.0	0.0	30.799021903041112	2.857488717949007	0.0	0.0	21.69990130722295	0.0	28.64562388132331	0.0	0.0	0.0	0.0
GSM4138115_HNSCC_3_TIL_TCTTTCCTCGCCATAA	41.132311286257604	76.2986943555637	57.329323732821024	81.62952332753031	0.0	0.0	0.0	1.494805113207044	0.0	9.1957600296428	8.960896006616583	0.0	1.756908316990307	0.0	2.9919374244005454	4.720589997674398	0.0	0.0	0.0	0.0	0.0	0.0	0.0	0.0
GSM4138115_HNSCC_3_TIL_TTGGCAATCGAACTGT	171.48909625173061	0.0	265.0402442390032	359.6829722366913	0.0	0.0	0.0	0.0	337.23165185161423	47.50870299591097	0.0	0.0	29.550692279407784	61.83596498169004	0.0	0.0	0.0	62.14345444376756	0.0	34.673139969373146	0.0	0.0	0.0	0.0
GSM4138115_HNSCC_3_TIL_AGCAGCCAGAGGGCTT	36.642554007900905	82.20929408486556	115.8365589793576	160.18311676446433	0.0	0.0	0.0	0.0	43.23013401063541	12.215835623943597	0.0	0.0	1.029313195340075	17.772264390075108	1.375994528076043	0.0	0.0	21.341385416303748	0.0	15.452991241636967	0.0	0.0	0.0	0.0
GSM4138115_HNSCC_3_TIL_CCGTACTAGAAACCGC	202.46436932190565	0.0	101.79147142587469	223.2818254913254	0.0	0.0	0.0	0.0	320.71003594729723	18.488071900946032	0.0	0.0	21.049502304117773	46.26380698424048	0.0	21.98868376207222	0.0	23.73625070974937	0.0	0.0	0.0	0.0	0.0	0.0
GSM4138115_HNSCC_3_TIL_ACGCCAGGTTTGTGTG	137.58960782918197	223.95604212721818	44.49322220090029	183.35994840642945	0.0	0.0	0.0	20.26182074513797	0.0	25.959118117379056	0.0	19.68427912740375	0.0	6.558882154192568	18.527983269958543	0.0	0.0	0.0	0.0	0.0	5.964288115459723	0.0	0.0	0.0
GSM4138115_HNSCC_3_TIL_ATGTGTGCAAGCGTAG	167.8342472616736	364.856255829842	51.3883959961057	0.0	121.33249369877296	0.0	0.0	52.630440255282544	0.0	7.974362021028875	18.578060064437466	0.0	0.0	0.0	18.041353773492062	46.84476719912334	0.0	0.0	17.92486200663998	0.0	0.0	0.0	0.0	0.0
GSM4138115_HNSCC_3_TIL_CAGCGACAGGTCATCT	240.73327921764127	372.162919241005	160.2404846960548	239.42014557419054	0.0	0.0	79.25671677131048	44.4013097525119	0.0	52.95677059214678	0.0	0.0	62.91815560355941	46.33146099669148	0.0	16.627627207001602	0.0	0.0	0.0	28.899970807886515	0.0	0.0	0.0	0.0
GSM4138115_HNSCC_3_TIL_CATCGGGTCTACGAGT	52.88842844984321	154.50559652994974	98.16832693455058	248.1045952398429	0.0	0.0	0.0	0.0	0.0	0.0	17.007783011270554	0.0	0.0	15.477953579688846	20.88787347044372	0.0	0.0	21.88709799524529	0.0	8.23344612474728	0.0	0.0	0.0	0.0
GSM4138115_HNSCC_3_TIL_CTCGGGAGTGACCAAG	108.51518732417419	105.07905653862798	55.67708121658449	153.97497551335658	0.0	0.0	0.0	0.0	0.0	0.0	21.735333935313125	0.0	0.0	0.0	6.288618115074565	0.0	0.0	23.72675507147584	0.0	6.522137277781613	13.078816671461341	0.0	0.0	0.0
GSM4138115_HNSCC_3_TIL_TATTACCCAGGACGTA	63.54699390966773	122.65595348733554	94.93862960329194	141.12945985924725	0.0	0.0	29.204578065380375	15.23303001283825	0.0	0.0	5.830397595087455	19.45761032514856	0.0	2.31998072594538	11.260810881933507	0.0	0.0	0.0	0.0	0.0	0.0	0.0	0.0	0.0
GSM4138115_HNSCC_3_TIL_TCTGGAAGTCCGACGT	54.59915959172954	92.96700374982052	50.44551338877166	111.14174234260148	0.0	0.0	0.0	0.0	7.3594975040730715	0.0	28.991390978047935	0.0	30.724437816929015	0.0	0.0	8.364322924887507	13.615974837185993	2.3948786745160566	0.0	0.0	55.06516000521359	0.0	0.0	0.0
GSM4138115_HNSCC_3_TIL_TTGCGTCGTTCCACAA	126.25067061252794	185.82322963511825	75.28156487157412	8.357060644137524	121.43970536717943	0.0	0.0	36.46011237701485	0.0	20.160843244880915	0.0	7.416226832663063	0.0	8.57220788814174	2.434411556663032	0.0	0.0	0.0	0.0	0.0	0.0	0.0	0.0	0.0
GSM4138115_HNSCC_3_TIL_GATTCAGAGGCATTGG	60.25047770043638	190.01227832258678	134.72214159406658	30.586062129611054	0.0	0.0	82.75132490172132	14.656978440499254	0.0	0.0	5.033147850213204	0.0	0.0	0.0	7.044593771567016	0.0	0.0	0.0	0.0	7.6577556785126415	0.0	0.0	1.230139732943704	0.0
GSM4138115_HNSCC_3_TIL_AGAGCTTTCGCGTTTC	167.6893461537069	232.03045473904308	52.227540162026635	174.21681937067646	97.76863849278328	0.0	22.973853615900563	52.71819110825624	0.0	0.0	14.205855172308366	0.0	0.0	0.0	9.938800346166223	22.544816166685692	0.0	0.0	11.539798652149013	0.0	0.0	0.0	0.0	0.0
GSM4138115_HNSCC_3_TIL_CACACTCTCAACGGCC	270.6141851802549	231.9707170929523	148.45050161192535	271.77136326192857	0.0	0.0	0.0	46.829355341433086	0.0	0.0	36.68920626460844	33.20480179827084	0.0	15.113816265597931	12.135741527194048	0.0	0.0	0.0	0.0	0.0	0.0	0.0	0.0	0.0
GSM4138115_HNSCC_3_TIL_CACAGGCAGTAGCCGA	144.38522246179022	111.8923685005195	125.31922917320918	0.0	259.32837172111573	59.19523346542898	0.0	18.357552701354102	0.0	0.0	18.249066455812226	13.748427379050606	12.83990431418613	0.0	0.0	0.0	0.0	0.0	12.755369640166363	0.0	0.0	0.0	0.0	0.0
GSM4138115_HNSCC_3_TIL_CAGCCGAAGCTCTCGG	300.2292338872793	0.0	132.07039520787052	0.0	0.0	0.0	431.78669223937794	0.0	326.1095252224747	0.0	71.37588778476078	0.0	0.0	66.76277770486932	42.79055078296622	0.0	0.0	0.0	0.0	98.11148993619754	0.0	0.0	0.0	26.88523321169638
GSM4138115_HNSCC_3_TIL_CATATGGGTTGAGGTG	77.93909399945005	150.67650928089463	35.6142545890086	0.0	120.79924526998444	0.0	0.0	0.0	0.0	0.0	15.402495269504184	8.26703486917347	8.495493096582056	28.971165297322507	0.0	0.0	3.2345531380783337	0.0	0.0	0.0	0.0	0.0	0.0	12.39956483182096
GSM4138115_HNSCC_3_TIL_CCTTCGACATGTTCCC	224.09211412402024	317.66156411669704	136.3092724305381	17.332366101983236	244.80652451795365	0.0	58.72135317039167	38.698796622151285	0.0	0.0	45.70360298954022	0.0	10.879594276765223	0.0	0.0	22.913156429389474	0.0	0.0	9.919852458165101	0.0	0.0	0.0	0.0	0.0
GSM4138115_HNSCC_3_TIL_CGTGAGCTCGATAGAA	17.64238010601342	16.49251337167454	8.089018313875094	0.0	42.40776167514424	0.0	0.0	0.0	0.0	0.0	9.109514443542572	0.0	0.0	0.0	1.837083004143595	0.0	0.0	0.0	0.0	0.0	0.0	0.0	0.0	0.0
GSM4138115_HNSCC_3_TIL_CTCGGGAGTTGCCTCT	105.89903918257679	0.0	57.158707323508935	40.61135033859184	1.2266072978542388	0.0	68.99116640055534	0.0	96.24829017205234	0.0	21.028896333436972	12.787883720215952	0.0	10.395268801690941	0.0	0.0	0.0	0.0	5.734778936968938	0.0	0.0	0.0	0.0	25.816792159827113
GSM4138115_HNSCC_3_TIL_CTGATCCGTTCACGGC	221.58978899068978	21.24675077806054	266.84331549420205	423.03874097117244	0.0	71.37807761971547	0.0	0.0	180.67145879421432	0.0	44.43126577291585	0.0	31.74015063001401	33.217137507880246	0.0	10.595433836002236	0.0	54.446912973466254	0.0	0.0	0.0	0.0	0.0	0.0
GSM4138115_HNSCC_3_TIL_CTTACCGGTTCGCGAC	219.6966504884695	295.0147215521462	139.07123641549316	305.7787735587634	0.0	0.0	0.0	0.0	0.0	0.0	0.0	0.0	31.311111617791976	33.728609251417446	0.0	46.39879831786182	0.0	53.660543607433894	0.0	0.0	0.0	55.174896395075315	0.0	0.0
GSM4138115_HNSCC_3_TIL_GACTACACATCTCGCT	191.43405644767597	265.8285743034629	164.86011273218617	306.1656074620574	0.0	0.0	0.0	0.0	0.0	0.0	40.99934144231822	0.0	1.57634390771119	25.782878477516416	23.059509453996235	33.704261589581904	0.0	43.08355466478627	0.0	0.0	9.812733304644615	0.0	0.0	0.0
GSM4138115_HNSCC_3_TIL_GTAGTCACATTCACTT	49.329094249430234	62.61559040309488	40.01899777158729	0.0	0.0	0.0	49.11402703274204	6.331319096662942	0.0	0.0	9.380182529677349	0.0	0.0	0.0	6.662879590056921	0.0	0.0	0.0	3.8934146609212954	0.0	0.0	0.0	0.0	0.0
GSM4138115_HNSCC_3_TIL_GTCTCGTTCGGTTAAC	417.1307858639644	0.0	115.7792317854537	0.0	439.75785412065056	303.88739458280025	0.0	64.04250806605052	0.0	34.649470877787735	0.0	0.0	33.67777122513324	0.0	0.0	56.670906904697965	0.0	0.0	73.63373638967563	0.0	0.0	20.14918617946378	0.0	0.0
GSM4138115_HNSCC_3_TIL_GTTCATTCACTTAAGC	69.38301723594209	0.0	45.88057976594867	0.0	0.0	3.7663014786779616	78.59252322464461	18.464931972341592	40.08933134224723	0.0	12.872579354184397	0.0	0.0	0.0	1.4495614766218652	0.0	0.0	0.0	0.0	29.082131863567795	6.906509488474214	0.0	0.0	0.0
GSM4138115_HNSCC_3_TIL_TACTCATTCGGAGCAA	258.2439309672179	420.0282799482291	230.93654027143265	0.0	543.4046415702401	0.0	21.008945219304923	0.0	0.0	0.0	54.22030891067338	56.45135476107766	66.14683145166461	34.201989906943474	0.0	0.0	61.77396761106628	0.0	0.0	0.0	0.0	0.0	0.0	0.0
GSM4138115_HNSCC_3_TIL_TGACTAGGTTAAGTAG	64.02259713565863	70.1034245341405	33.875260388555674	96.99631438893582	0.0	0.0	0.0	0.0	0.0	0.0	2.4794415820030182	0.0	0.0	6.289283054646847	0.0	3.8424865382977176	3.8745893731580168	0.0	0.0	0.0	0.0	0.0	0.0	0.0
GSM4138115_HNSCC_3_TIL_TGTCCCATCTGCTGTC	83.08367772468796	47.68074017617675	68.85264292729308	0.0	60.60859811689457	52.9720630191828	0.0	0.0	0.0	0.0	6.339108369455893	7.99184727206981	0.0	0.0	6.855199136906882	0.0	33.08912750848898	0.0	4.446196884561038	14.226722730871503	0.0	0.0	0.0	0.0
GSM4138115_HNSCC_3_TIL_TGTTCCGTCTGCGTAA	119.92987937008294	152.1047876145306	75.30010833567654	0.0	0.0	0.0	249.8229957145441	0.0	0.0	0.0	34.307879894823124	22.453460430233193	0.0	12.972720179422874	28.634988205884202	0.0	0.0	19.860844196543116	0.0	0.0	0.0	0.0	0.0	0.0
GSM4138115_HNSCC_3_TIL_TTTACTGGTCGGCATC	163.88428456995223	0.0	183.96201691023816	0.0	0.0	0.0	272.8130470827589	0.0	225.97007000199164	0.0	23.734383127702714	36.02779631299847	0.0	34.91545498204999	36.72241579761577	0.0	0.0	43.74198804390452	0.0	0.0	0.0	0.0	0.0	0.0
GSM4138115_HNSCC_3_TIL_ATTATCCTCGGCATCG	117.59291817880187	0.0	50.05717189096265	263.1183308156905	0.0	0.0	0.0	0.0	105.52179005392176	0.0	21.35442399894709	0.0	0.0	0.0	13.887067896972628	0.0	0.0	44.42969401907225	0.0	16.476817893077705	24.676662874717316	0.0	0.0	0.0
GSM4138115_HNSCC_3_TIL_AGAGCGAAGCAGGCTA	160.43144844566226	180.69816672067813	103.86873083094896	0.0	135.50203032196248	0.0	0.0	28.798680326063522	0.0	0.0	54.362319773187224	12.991635119489786	10.185383925259684	65.24867550726086	0.0	0.0	0.0	0.0	0.0	0.0	0.0	0.0	0.0	0.0
GSM4138115_HNSCC_3_TIL_ATCCACCGTTGTGGAG	66.31415756181205	59.91736684455354	46.13004184242565	60.18050934735076	0.0	0.0	0.0	0.0	0.0	0.0	3.396873201612024	0.0	0.0	2.6098035354508595	15.477041184812128	9.648856065585012	0.0	0.0	0.0	0.0	0.0	0.0	0.0	0.0
GSM4138115_HNSCC_3_TIL_ACACTGAGTAGCTAAA	0.0	0.0	0.0	0.0	0.0	0.0	0.0	0.0	0.0	0.0	0.0	0.0	1718.2316301482433	0.0	131.17170334386833	0.0	0.0	0.0	0.0	0.0	0.0	0.0	0.0	0.0
GSM4138115_HNSCC_3_TIL_AGCGGTCAGTGAATTG	78.53916901276334	92.13928615167369	80.2738977930298	0.0	86.77546214065137	0.0	0.0	0.14617171227748624	0.0	26.883952036975966	0.0	26.663641642741293	20.870303899693045	0.0	0.0	0.0	0.0	0.0	46.37814047987737	0.0	0.0	137.23906596221417	0.0	0.0
GSM4138115_HNSCC_3_TIL_CCACCTAGTGCAGGTA	0.0	0.0	0.0	0.0	0.0	0.0	0.0	0.0	0.0	0.0	1666.6364296921545	0.0	0.0	0.0	0.0	0.0	0.0	0.0	0.0	0.0	0.0	0.0	0.0	0.0
GSM4138115_HNSCC_3_TIL_CTCACACCAACTTGAC	48.54954527145762	0.0	42.5762963108345	100.77604268314863	0.0	0.0	51.222217744312225	0.0	116.97958727437323	162.7226005463038	0.0	90.49184296373818	103.90295540007766	75.17398667361175	0.0	0.0	24.633556135955125	0.0	0.0	0.0	9.03879164633533	0.0	0.0	0.0
GSM4138115_HNSCC_3_TIL_GACGTGCAGGTGCACA	48.124497203548245	123.3354975000145	44.34103781745898	0.0	98.52350046615904	0.0	0.0	0.0	0.0	386.6609751745511	0.0	0.0	92.37505199841232	0.0	83.71790583277222	167.4154381235292	29.302183621241443	0.0	228.2790305501646	0.0	0.0	0.0	0.0	0.0
GSM4138115_HNSCC_3_TIL_GAGGTGACAGTCAGAG	104.47824404379553	104.49750290731326	65.56977497596279	162.02058810874095	0.0	0.0	0.0	0.0	0.0	112.54585497669238	0.0	0.0	75.93476854971622	0.0	0.0	30.277066373984397	0.0	14.243498217188144	0.0	0.0	55.30195357652717	18.979431942076822	0.0	0.0
GSM4138115_HNSCC_3_TIL_GCAGCCAAGGTGTGGT	8.887861211285284	0.0	2.4429503552609058	0.0	0.0	73.49651934797699	0.0	7.128660128828508	0.0	1021.7269616032045	0.0	0.0	0.0	4.75575215107725	0.0	0.0	0.0	0.0	0.0	19.58186636711577	0.0	0.0	0.0	0.0
GSM4138115_HNSCC_3_TIL_TACCTTACAAGCTGAG	0.0	0.0	0.0	0.0	0.0	0.0	0.0	0.0	0.0	0.0	0.0	0.0	0.0	1597.4831520046907	0.0	0.0	0.0	0.0	157.16774045534575	0.0	0.0	0.0	0.0	0.0
GSM4138115_HNSCC_3_TIL_TCACGAAAGCTACCTA	0.0	0.0	0.0	0.0	0.0	0.0	0.0	0.0	0.0	0.0	0.0	1548.8497371012804	0.0	0.0	0.0	344.6350971962003	0.0	0.0	0.0	0.0	0.0	0.0	0.0	0.0
GSM4138115_HNSCC_3_TIL_TCGAGGCCAGCGTTCG	139.99864017622167	208.20863638447585	127.55952914896218	58.380932276181134	0.0	0.0	239.50812551228586	0.0	0.0	0.0	300.5761735920932	97.13626524430929	0.0	107.99646761175373	90.85764584176219	0.0	0.0	72.06885002467962	0.0	0.0	0.0	0.0	0.0	0.0
GSM4138115_HNSCC_3_TIL_TCGAGGCAGAACAACT	123.99628153268071	0.0	86.80547534270794	53.71067421391524	0.0	0.0	0.0	0.0	50.422116492177324	0.0	0.0	0.0	0.0	0.0	7.933566405904674	13.53603985586636	0.0	8.779864191773587	0.0	0.0	6.186479063680386	0.0	0.0	0.0
GSM4138115_HNSCC_3_TIL_ACACTGATCAACACTG	0.0	0.0	0.0	0.0	0.0	0.0	0.0	0.0	0.0	0.0	0.0	0.0	0.0	0.0	0.0	0.0	1504.4456731799999	71.05632783466531	0.0	0.0	0.0	0.0	0.0	0.3396377849916215
GSM4138115_HNSCC_3_TIL_CAGCATACACGTCAGC	555.6429991754891	403.2282398476416	425.9771523747302	237.96695596271138	469.66543696708374	0.0	66.95186361514475	105.38174075608646	0.0	0.0	75.51627827288624	40.58350755555818	38.30630232130268	0.0	0.0	0.0	0.0	0.0	0.0	0.0	0.0	0.0	0.0	0.0
GSM4138115_HNSCC_3_TIL_CATATGGAGTACACCT	65.21306032888997	75.10734925618591	81.01908920589096	145.60699073176204	0.0	0.0	15.900629621459498	47.86725757472353	0.0	3.8420962058466355	0.0	16.144688009236194	8.742075458840075	3.800162249246501	0.0	0.0	0.0	0.0	0.0	0.0	0.0	0.0	0.0	0.0
GSM4138115_HNSCC_3_TIL_CCCTCCTAGGGCTTGA	3721.2199952010956	0.0	0.0	0.0	0.0	0.0	0.0	0.0	0.0	0.0	0.0	0.0	0.0	0.0	0.0	0.0	0.0	0.0	0.0	0.0	0.0	0.0	0.0	0.0
GSM4138115_HNSCC_3_TIL_CGAATGTCAGATGGGT	273.9264422182575	0.0	124.17663761875058	0.0	194.7154278120602	250.7196275737621	0.0	116.13029242683784	0.0	18.15988474378735	0.0	32.843269883760186	10.911160107254398	0.0	0.0	0.0	0.0	0.0	26.05194783434734	0.0	0.0	5.6928268386384655	0.0	0.0
GSM4138115_HNSCC_3_TIL_CGGCTAGCAGCTGGCT	544.1020085606798	0.0	470.2917138167195	0.0	853.8406927731073	393.20680526015525	0.0	70.58933081441333	0.0	56.88252863516423	0.0	76.99567661194405	44.00147812888644	28.66638788774916	0.0	0.0	0.0	0.0	0.0	0.0	0.0	0.0	0.0	0.0
GSM4138115_HNSCC_3_TIL_CGTGTCTTCTTCGGTC	238.15508047329445	144.66061875476	141.51797483073776	0.0	265.6147121686277	0.0	21.80289318042663	50.000381404775446	0.0	0.0	0.0	0.0	3.7548894872813676	18.063975045300335	12.10177050433849	45.56010175945291	0.0	0.0	0.0	0.0	0.0	0.0	0.0	0.0
GSM4138115_HNSCC_3_TIL_CTCGTCAGTCGCATAT	188.1388813073512	227.0866460297242	147.56830152101628	353.7332693051941	0.0	0.0	0.0	0.0	0.0	0.0	18.785097453865863	0.0	0.0	3.1616716743183986	5.98983910006505	0.0	0.0	23.34287794833086	0.0	16.515165338692466	0.0	0.0	0.0	0.0
GSM4138115_HNSCC_3_TIL_GGTGCGTTCTCCTATA	0.0	0.0	0.0	31.780202560244746	5600.445673753474	0.0	0.0	0.0	0.0	0.0	0.0	0.0	0.0	0.0	0.0	0.0	0.0	0.0	0.0	0.0	0.0	0.0	0.0	0.0
GSM4138115_HNSCC_3_TIL_GTTCGGGAGACTACAA	0.0	0.0	3566.8296632922484	0.0	0.0	0.0	0.0	0.0	0.0	0.0	0.0	0.0	0.0	0.0	0.0	0.0	0.0	0.0	0.0	0.0	0.0	0.0	0.0	0.0
GSM4138115_HNSCC_3_TIL_GTTCGGGTCACAATGC	590.8863880530054	0.0	341.5063386570913	564.983402616045	0.0	0.0	0.0	0.0	291.84992902732074	51.29993557699698	0.0	5.609062490701796	0.0	0.0	39.31498565375407	0.0	82.32786270726827	0.0	26.920272212631648	0.0	0.0	0.0	0.0	0.0
GSM4138115_HNSCC_3_TIL_TGGCGCAGTTAGTGGG	478.5919733265416	144.58597803773316	326.66681552939093	0.0	374.4388104584961	0.0	0.0	35.548618444524955	0.0	0.0	48.19077557784716	0.0	26.73142781969442	0.0	0.0	0.0	0.0	0.0	0.0	5.108328868341204	0.0	0.0	0.0	0.0
GSM4138115_HNSCC_3_TIL_TTTATGCTCACCTCGT	232.41131315605256	299.3297807688131	88.20213833199186	0.0	316.0545069464687	0.0	0.0	42.9967895989443	0.0	16.068630852307464	0.3901211130682232	0.0	23.81412330595917	38.53612872162178	0.0	45.40546336369186	0.0	0.0	0.0	0.0	0.0	0.0	0.0	0.0
