	1	2	3	4	5	6	7	8	9	10	11	12	13	14	15	16	17	18	19	20	21	22
GSM4138115_HNSCC_3_TIL_ACCTTTAGTACATCCA	144.85178407646242	103.66809478868895	176.04105568897575	0.0	0.0	0.0	22.274350521143642	0.0	121.94160468673131	0.0	0.0	0.0	0.0	38.21952741499588	0.0	23.88455750054001	8.295658634139638	25.50001073263421	0.0	0.0	0.0	0.0
GSM4138115_HNSCC_3_TIL_CAACCTCCATGCAATC	104.08178008786504	66.15798434972255	175.9558687872144	0.0	0.0	0.0	0.0	94.31483843033067	122.48709720604218	0.0	0.0	0.0	0.0	58.45496461494219	0.0	31.4984965421285	41.95787423068153	17.12847133413741	0.4862720016225571	0.0	0.0	0.0
GSM4138115_HNSCC_3_TIL_CACACTCAGCCGCCTA	103.21755455895439	82.65189585404926	146.01256104817102	0.0	0.0	0.0	0.0	38.059961856736095	194.23009364262865	0.0	0.0	0.0	22.16124322420507	0.0	0.0	0.0	4.6041252535488795	22.615230384121002	0.0	0.0	16.198752046301724	0.0
GSM4138115_HNSCC_3_TIL_CATGCCTTCAAAGTAG	192.1791914892923	87.55455654783808	300.32106314306543	214.38580944733172	0.0	0.0	83.22473122462651	0.0	0.0	0.0	0.0	0.0	0.0	34.78536818539557	0.0	51.62629311701274	4.984810448514882	0.0	17.693228614094945	22.53599531313884	0.0	0.0
GSM4138115_HNSCC_3_TIL_CATGGCGTCATCTGCC	113.34909885945123	101.31464766199294	148.3541671439523	21.612724684524785	0.0	0.0	40.176918585545735	0.0	0.0	0.0	88.80787577607273	0.0	0.0	26.053442015328198	0.0	47.943042535596064	0.0	0.0	12.662989695081372	22.50289837202718	0.0	0.0
GSM4138115_HNSCC_3_TIL_CCTTCGAGTTAAGAAC	75.38161881529292	111.90553724268078	172.96707780408562	0.0	0.0	0.0	0.0	22.736068202577098	135.30888271580625	0.0	0.0	0.0	19.76758314354256	0.0	0.0	0.0	0.0	33.37648257319072	10.006783576994533	0.0	15.75407262418471	0.0
GSM4138115_HNSCC_3_TIL_CGTGAGCAGATATGCA	99.27249780201565	209.97451998575985	0.0	0.0	0.0	0.0	0.0	22.25299032172172	0.0	234.47014311606938	182.803005067471	0.0	59.13369547880139	0.0	0.0	0.0	108.09208992753668	0.0	0.0	36.842890709153934	0.0	12.391837081715375
GSM4138115_HNSCC_3_TIL_CTAATGGTCCTGCCAT	140.54397005693232	76.36909466787324	158.80951655793424	0.0	100.96927593039153	0.0	0.0	21.270790245870767	0.0	0.0	0.0	0.0	0.0	33.640974629167275	0.0	32.79408630380098	8.122012759280643	0.0	0.0	10.858931878385661	0.0	0.0
GSM4138115_HNSCC_3_TIL_TACTCGCAGCTAAACA	47.662843522705614	30.29165377759363	47.98453108325001	43.728394436086774	0.0	0.0	18.081508903925272	0.0	0.0	0.0	0.0	29.676447949014815	0.0	3.0919469018630483	0.0	0.8474769705594776	0.0	5.536343404025586	8.501791751043912	0.0	0.0	0.0
GSM4138115_HNSCC_3_TIL_TTCTACACAGAAGCAC	59.052043702487936	36.75375691822942	0.0	69.51627165516204	0.0	46.65227804728805	0.0	20.26648415452297	0.0	0.0	0.0	3.1769105886602724	0.0	7.680347174615104	0.0	0.0	0.0	9.260312870133252	0.0	0.0	0.0	0.0
GSM4138115_HNSCC_3_TIL_TTGGAACTCGTCGTTC	54.415268542801606	50.114996230750464	134.2834350385859	0.0	141.68376615112376	0.0	0.0	65.16965525037718	0.0	0.0	0.0	0.0	15.865491208467795	14.887408533554463	0.0	0.0	0.0	0.0	14.233255245596967	11.416188045065983	0.0	0.0
GSM4138115_HNSCC_3_TIL_GACCAATGTCGCTTCT	124.38385998608291	47.37651902424806	0.0	0.0	0.0	0.0	0.0	164.26663067735385	0.0	87.54442778879553	41.187874127561976	0.0	14.500315322783576	19.318689696330967	0.0	0.0	0.0	0.0	3.4371137020549605	26.531753816984107	0.0	0.0
GSM4138115_HNSCC_3_TIL_AAACGGGCAGATCCAT	134.3998772076205	93.91032404660186	134.48638518880603	0.0	217.6747458756474	0.0	0.0	142.3540354861518	0.0	0.0	0.0	0.0	35.477080685637006	21.140865868853577	0.0	0.0	0.0	22.856695563958393	77.45871205456827	0.0	0.0	0.0
GSM4138115_HNSCC_3_TIL_AACTCAGGTAAGTAGT	42.61047883507799	87.88583443923109	142.18767254619854	0.0	92.96103087120314	0.0	0.0	74.19879372871077	0.0	0.0	0.0	0.0	18.406106399566795	0.0	0.0	0.0	14.23132999697852	0.0	0.0	0.0	50.83160603038483	0.0
GSM4138115_HNSCC_3_TIL_ACTTGTTGTGCGATAG	87.95433830733516	69.81255826305257	219.08119858275518	0.0	0.0	0.0	63.89009895404299	0.0	109.50809685006631	0.0	25.019907816792244	0.0	0.0	66.2333669487814	0.0	36.74466591988597	40.89414691532643	0.0	0.0	7.384073109286351	0.0	0.0
GSM4138115_HNSCC_3_TIL_AGTCTTTCACTGAAGG	157.1313538972776	98.63950805981402	0.0	0.0	0.0	0.0	69.6597444660597	0.0	195.20762244492266	0.0	0.0	201.17725680142422	13.375648526609199	12.646968929842377	0.0	17.38171523598703	0.0	20.7091668782643	30.723921060658515	0.0	0.0	0.0
GSM4138115_HNSCC_3_TIL_CAAGATCGTGCAACGA	132.11125053522701	161.4348624963447	0.0	270.5869835820532	0.0	0.0	0.0	0.0	0.0	0.0	0.0	190.97505788581157	0.0	13.451863673783897	85.94723247164205	28.150996216184993	0.0	37.32473673515862	35.441698891976195	0.0	0.0	0.0
GSM4138115_HNSCC_3_TIL_CAGAATCAGCCCAACC	89.11745436990516	88.32778140921609	0.0	0.0	0.0	0.0	0.0	163.2958699449307	221.9523757740758	166.24027913087085	0.0	0.0	36.248733892332304	0.0	0.0	0.0	19.454643399580718	0.0	0.0	19.22943779963379	0.0	15.123365210557019
GSM4138115_HNSCC_3_TIL_CCGGTAGTCATAACCG	156.19638539785583	126.21943742811347	0.0	228.72371890092836	0.0	141.24305507622537	170.65067921917537	0.0	0.0	0.0	0.0	0.0	0.0	0.0	0.0	60.322082139078084	0.0	46.330319512151114	24.71422635241508	0.0	43.350326518364156	0.0
GSM4138115_HNSCC_3_TIL_CTCCTAGCAGATAATG	174.44601929553005	319.0417847875067	327.09276235130903	363.9019909811561	0.0	0.0	0.0	185.4794964730128	0.0	0.0	0.0	0.0	44.08300524889769	0.0	0.0	0.0	0.0	0.0	27.96776147361687	46.05195058002287	0.0	20.13639847285964
GSM4138115_HNSCC_3_TIL_GAACCTACATTGGGCC	85.72952928148398	80.4225303991513	37.37243337946507	49.25216594761153	0.0	0.0	39.79553003182786	0.0	0.0	0.0	0.0	58.593272999467544	0.0	30.581529416852966	0.0	13.911464619602429	9.951006991428692	11.637622936959538	0.0	0.0	0.0	0.0
GSM4138115_HNSCC_3_TIL_GGACGTCTCCTCAACC	74.13166166759268	48.44199165268202	0.0	90.23916296898432	0.0	72.64780890749599	24.277120475942517	0.0	0.0	0.0	0.0	0.0	0.0	0.0	0.0	7.8714737166996	0.0	24.906252797698777	0.0	0.0	21.12852762724421	0.0
GSM4138115_HNSCC_3_TIL_GGATGTTGTGTTTGTG	113.16755610513349	156.9171626378261	0.0	0.0	0.0	0.0	0.0	123.61510329302862	0.0	0.0	149.10896346641366	125.4212586864155	47.08961819233173	0.6296099985625611	0.0	0.0	37.25490013283021	11.605780195397339	0.0	0.0	0.0	6.8528360680738025
GSM4138115_HNSCC_3_TIL_GGCAATTCATGGAATA	193.673717058807	78.05187758269012	0.0	33.27463120420546	0.0	174.2156358598523	48.54459220673869	0.0	84.1691993608984	0.0	31.96395116732498	0.0	12.194780171901291	0.0	0.0	1.9791988733359134	11.787123258948244	12.483228212435433	0.0	23.311535839869258	12.986761781524926	0.0
GSM4138115_HNSCC_3_TIL_GTCTCGTAGAAACCTA	39.27637059079235	31.537688054081595	0.0	0.0	0.0	0.0	0.0	18.520652132798826	23.123539969215958	53.77841381438093	0.0	0.0	0.0	6.918821133851182	0.0	0.0	0.0	0.9066260635237803	0.0	0.0	0.0	0.0
GSM4138115_HNSCC_3_TIL_TAGCCGGAGTCGTTTG	102.33277704492272	101.94363785777516	0.0	136.73669112844934	0.0	117.47449788372408	57.06414431988575	0.0	0.0	0.0	0.0	33.98406476818286	0.0	20.494114471544716	0.0	11.5563050415265	0.0	0.0	29.20125151406594	45.119110608462464	0.0	0.0
GSM4138115_HNSCC_3_TIL_TTAGTTCAGACAAGCC	56.5288694198761	91.32212331459289	34.55978312891699	0.0	0.0	0.0	0.0	59.3032272660407	220.8242720646353	68.72116413928318	0.0	0.0	26.633565968116436	27.052823959971096	0.0	0.0	0.0	0.0	10.988380660727087	40.69449759943944	0.0	0.0
GSM4138115_HNSCC_3_TIL_ACACCAAGTCCAGTGC	52.65588983899212	40.83779564598911	190.0611471983162	0.0	0.0	0.0	0.0	73.53996287099088	0.0	0.0	44.72885691113561	0.0	0.0	12.706991700323004	0.0	12.191412557868924	0.0	17.266957024677485	13.314387170974854	0.0	0.0	0.0
GSM4138115_HNSCC_3_TIL_AGCCTAACACACCGAC	40.412712053155865	51.33638347280194	218.69204952881898	0.0	0.0	0.0	0.0	0.0	0.0	0.0	93.33334269132781	0.0	0.0	19.376179073195022	66.74936646960217	4.7359794538850375	0.8979334101432521	9.99237540720925	5.102364312815516	0.0	0.0	0.0
GSM4138115_HNSCC_3_TIL_CTAATGGCACCCATGG	92.97101146235049	65.34298006664044	181.6970329540415	0.0	0.0	0.0	79.5881794061748	0.0	0.0	0.0	52.87715338585098	0.0	0.0	32.08188336510746	0.0	12.896831729606461	0.0	24.3334720952491	11.852439793081565	0.0	0.0	0.0
GSM4138115_HNSCC_3_TIL_ATGAGGGTCCATTCTA	137.82496937741809	66.64773277184469	305.84198077702627	12.361446798392182	108.30024470273153	0.0	0.0	0.0	0.0	0.0	0.0	0.0	37.216660583814146	26.951549311319134	0.0	0.0	0.0	0.0	9.799928575828075	21.99996422022333	0.0	0.0
GSM4138115_HNSCC_3_TIL_GTCATTTGTATGGTTC	113.33851629547237	30.932113216212546	200.26345043776828	0.0	0.0	0.0	19.49369718862502	0.0	0.0	0.0	53.013755186557546	0.0	0.0	52.23204634116268	0.0	26.990264966109887	0.0	11.973518425159387	0.0	0.0	0.0	0.0
GSM4138115_HNSCC_3_TIL_CAGATCACAGACGCAA	173.87908158077906	55.77172632393937	182.94129061368452	0.0	0.0	0.0	33.533360293828956	0.0	0.0	0.0	66.41478581877017	0.0	0.0	51.51519291395192	0.0	17.416678572661997	12.90821297882627	0.0	3.2933338541078223	14.544339751771298	0.0	0.0
GSM4138115_HNSCC_3_TIL_AAACCTGAGCGATAGC	60.81551673040292	49.98887571580373	73.9693330482186	0.0	0.0	0.0	46.15583103459774	0.0	0.0	0.0	57.25631972473981	0.0	0.0	5.926697417549487	0.0	14.323670459246232	1.330404728591006	0.0	0.0	10.557413695383598	0.0	0.0
GSM4138115_HNSCC_3_TIL_AGAGTGGAGGCGTACA	93.9991181799763	68.42129319006615	169.64199603760912	0.0	0.0	0.0	52.238435578960186	0.0	42.283498755514955	0.0	46.65010570740215	0.0	0.0	24.852949546695424	0.0	20.90984499596058	0.0	16.438950459628177	11.010308193623231	0.22674401198581073	0.0	0.0
GSM4138115_HNSCC_3_TIL_ATTACTCGTAAATGAC	158.9473584353421	73.84114715119684	0.0	0.0	18.442530763390767	116.2997753735108	0.0	83.27848366191951	11.157452306597035	0.0	24.351453569144994	0.0	0.0	36.02002984136094	0.0	54.124896086954365	0.0	0.0	8.102256004909302	3.88280600586423	0.0	0.0
GSM4138115_HNSCC_3_TIL_CCATGTCCAATGGATA	33.136856076269396	115.21874437565369	93.52225736123856	0.0	152.66144658955474	0.0	0.0	30.337778497942512	0.0	0.0	0.0	0.0	12.541342744478644	14.760778457040283	0.0	3.647812368926221	17.87916118497657	0.0	0.0	21.21116441161092	0.0	0.0
GSM4138115_HNSCC_3_TIL_CGTTAGATCGCAAGCC	90.38722819419395	56.791313274939384	264.36004345919207	0.0	124.17865368718445	0.0	0.0	16.226153800806816	0.0	0.0	0.0	0.0	144.0860135535145	7.598330980295829	0.0	0.0	36.80124842609684	0.0	0.0	0.0	0.0	0.0
GSM4138115_HNSCC_3_TIL_GTTCATTTCGCACTCT	204.62040088286605	119.0942436558342	0.0	153.50285138497037	0.0	0.0	0.0	0.0	0.0	94.6139743158733	0.0	40.650503555825146	0.0	0.0	41.884261334233265	15.072720473911028	10.982334215593747	0.0	0.0	0.0	0.0	24.667736367849674
GSM4138115_HNSCC_3_TIL_ACTGATGTCCACGTTC	103.5038156308527	64.54117709831863	129.35945475236377	0.0	138.5631622814124	0.0	0.0	42.54458511650687	0.0	0.0	0.0	0.0	0.0	16.088262753354705	0.0	11.8079501148945	0.0	0.0	57.064360647999095	20.86194088910329	0.0	0.0
GSM4138115_HNSCC_3_TIL_CGGCTAGAGCGTTGCC	98.32653692735572	57.79488735177727	0.0	0.0	116.64699609965515	0.0	0.0	22.8109392584605	0.0	128.26110772927737	0.0	0.0	13.529567638244703	0.0	0.0	0.0	0.0	8.302892417878306	0.0	0.0	10.79553444312248	0.0
GSM4138115_HNSCC_3_TIL_GACTACAGTGCGATAG	69.48651278837022	88.50629914532325	0.0	0.0	0.0	0.0	0.0	70.05480435306472	0.0	0.0	57.633683970526974	130.2506738649012	11.115884194527501	0.0	46.51135934711221	0.0	20.731748998220258	0.0	0.0	7.412421310406924	0.0	13.325284457120404
GSM4138115_HNSCC_3_TIL_AACTTTCTCCCTCAGT	215.95559320289277	134.8033321935335	277.10912785751685	54.73206691252812	195.3811801620091	0.0	0.0	105.57255173116884	0.0	0.0	0.0	0.0	0.0	20.17388980583148	0.0	37.863646150072846	27.200780171960456	0.0	0.0	18.896372158041267	0.0	0.0
GSM4138115_HNSCC_3_TIL_ACGGGCTTCACCTTAT	145.16304131933921	70.70299782086032	189.88113642387754	0.0	102.52282949837894	0.0	62.28137939074658	0.0	0.0	0.0	0.0	0.0	0.0	46.31354550505546	0.0	36.03669178215526	0.0	11.053932946243403	15.318061662526427	0.0	0.0	0.0
GSM4138115_HNSCC_3_TIL_ATTATCCGTGCCTGCA	197.42450853804516	166.77191690513916	187.92362585598184	0.0	247.39801353372482	0.0	84.43762400432848	0.0	0.0	0.0	0.0	0.0	0.0	29.525699040126373	0.0	44.654894193379405	15.900972372052102	0.0	0.0	14.541396111251844	0.0	0.0
GSM4138115_HNSCC_3_TIL_CCTCAGTAGCGTGTCC	153.70972234982614	92.96648639889783	134.63121779300727	128.9727907398592	14.653025231140921	0.0	0.0	56.6523656467316	0.0	0.0	0.0	0.0	0.0	26.13991526116327	0.0	32.47366162115758	36.15214996396326	0.0	0.0	8.910584493533355	0.0	0.0
GSM4138115_HNSCC_3_TIL_CGCCAAGCACGAAACG	123.71075362736507	140.9445283978995	107.34381246803413	208.60653625355937	0.0	40.73157756535889	47.117597080570484	0.0	0.0	0.0	0.0	0.0	0.0	0.0	0.0	48.491334953727396	0.0	0.0	17.556009432362668	31.108962300892088	12.119110044532627	0.0
GSM4138115_HNSCC_3_TIL_CGCTATCAGCCAGGAT	132.10626689844494	69.1740071031756	171.97271872040437	135.255796372534	81.01995459783743	0.0	135.15576020586678	0.0	0.0	0.0	0.0	0.0	0.0	26.612029918878275	0.0	37.31411867513242	0.0	0.0	16.31540587070102	14.712216345184894	0.0	0.0
GSM4138115_HNSCC_3_TIL_CGTGAGCAGAACTCGG	147.01807600324074	100.59692999457022	0.0	0.0	125.9429486553153	0.0	100.33734838208125	0.0	0.0	69.2060934917944	0.0	87.7191668066999	0.0	4.228524535072606	0.0	13.104982833024346	0.0	14.590990670276275	21.89985753387938	0.0	0.0	0.0
GSM4138115_HNSCC_3_TIL_CTCGTACCAAACCCAT	181.87787490691684	99.70082996670911	126.39473184810569	0.0	190.39339954602227	0.0	0.0	66.20244462398009	0.0	3.1314942105314274	0.0	0.0	42.22462487954512	12.416318709648078	0.0	0.0	0.0	31.568137188476324	24.98073767892913	0.0	0.0	0.0
GSM4138115_HNSCC_3_TIL_GATCTAGTCATGCATG	370.0963158827055	269.59802098774196	296.20310711848725	0.0	0.0	0.0	0.0	0.0	586.8578856998396	0.0	0.0	0.0	84.94376356686088	64.50576825685792	168.9432803614955	0.0	56.049578730916124	0.0	0.0	44.22117235870868	0.0	0.0
GSM4138115_HNSCC_3_TIL_GCATGATAGCAGCGTA	148.39127279483574	45.11002051575318	0.0	126.08346170797994	0.0	0.0	0.0	0.0	0.0	31.102701506087634	0.0	0.0	16.06373008927827	0.0	26.78764713596468	0.0	0.0	17.297747855398576	0.0	0.0	0.0	9.909291912911863
GSM4138115_HNSCC_3_TIL_GCATGCGCAAGTCTAC	50.29770062990596	81.67802571076457	0.0	141.9005680751649	0.0	0.0	0.0	39.13454418679577	0.0	88.44684213981496	0.0	0.0	7.506548605609875	0.0	11.439440129510043	0.0	0.0	8.713993015520032	0.6767045717875972	0.0	0.0	6.7450381785268245
GSM4138115_HNSCC_3_TIL_GTAACTGCAGGTCCAC	121.27135723063932	91.87859920837857	0.0	0.0	218.13133341306093	0.0	129.08033577232942	0.0	0.0	0.0	0.0	233.2033675731571	50.04345590463971	14.94387530986224	0.0	0.0	0.0	0.0	11.912695995113479	23.107200163258163	0.0	0.0
GSM4138115_HNSCC_3_TIL_GTACTTTTCTCATTCA	69.78324776878459	71.41032954278448	0.0	0.0	170.0177902094817	133.78442917119352	125.36630492114523	0.0	0.0	0.0	0.0	0.0	48.56889254572348	0.0	0.0	0.0	77.06942096672411	0.0	0.0	18.47276116860627	0.0	21.366747295483517
GSM4138115_HNSCC_3_TIL_GTGCAGCAGTGCCATT	68.5443606029717	98.73449123239351	193.21800097885767	0.0	125.97029824824693	0.0	67.48343507878648	0.0	0.0	0.0	0.0	0.0	0.0	34.522176993348644	0.0	65.51125594216563	16.297615959275085	8.580013581599845	6.1444489424761795	3.8343172070573073	0.0	0.0
GSM4138115_HNSCC_3_TIL_GTTCGGGCAAACGCGA	123.55382489215565	49.41480610609303	156.92323509585023	120.43736286680316	40.9160066658912	0.0	101.37221731810672	0.0	0.0	0.0	0.0	0.0	0.0	7.1283095153489135	0.0	75.36650830914645	0.0	0.0	37.90819854694173	28.135688656604263	0.0	0.0
GSM4138115_HNSCC_3_TIL_TCTCTAATCGGTCTAA	94.51986082275505	117.69174405507782	36.492512798861725	23.55290554575802	155.70952706848135	87.5280121794016	112.03255619452216	0.0	0.0	0.0	0.0	0.0	0.0	0.0	0.0	12.433981852983344	13.757239179189794	0.0	0.0	8.32535133174012	67.1532635911427	0.0
GSM4138115_HNSCC_3_TIL_TGCCAAAAGGATCGCA	147.27257101845996	85.64869792411906	0.0	4.245250447579964	122.64228230062638	189.95002740693994	74.19135301955808	0.0	0.0	0.0	0.0	0.0	0.0	20.293418857790606	0.0	38.21445389589761	0.0	7.465829756927765	11.46800564592117	20.015994561525815	0.0	0.0
GSM4138115_HNSCC_3_TIL_TGTGGTATCAACGCTA	81.57003203356365	107.58063616832271	162.16343159567995	0.1688992677873889	196.22935456557252	0.0	83.16664572109438	0.0	0.0	0.0	0.0	0.0	0.0	42.83920360153749	0.0	27.97468486797076	0.0	0.0	42.86508826683906	16.512478952777567	0.0	0.0
GSM4138115_HNSCC_3_TIL_TTGGAACTCTTGAGGT	94.74304775588608	88.51173890289003	122.85727874295411	126.21996752499585	0.0	0.0	96.20866401570805	0.0	0.0	0.0	0.0	0.0	0.0	0.1793856984188289	0.0	55.51373729346926	0.0	0.8284036487467972	17.80291054634289	26.810459823291573	0.0	0.0
GSM4138115_HNSCC_3_TIL_ACGTCAATCCGATATG	87.4700655418291	78.76670879536462	137.81026185683243	0.0	0.0	0.0	58.013847131780224	0.0	0.0	0.0	32.97522544516201	0.0	41.86772416443208	18.35428464398406	0.0	0.0	0.0	1.1913929219057202	19.473896741026213	8.612777124242108	0.0	0.0
GSM4138115_HNSCC_3_TIL_AACCGCGAGACTAGAT	114.83233211834141	93.86761612386029	0.0	166.2386343953493	87.11904589912362	0.0	0.0	91.8859074183081	0.0	0.0	0.0	252.23115336844265	28.693425903874868	22.873094706778343	0.0	0.0	0.0	0.0	25.054871359202973	18.64870636234907	0.0	0.0
GSM4138115_HNSCC_3_TIL_AACTCCCAGACTTTCG	163.38486034838874	114.00910987957508	0.0	0.0	256.0631528387022	183.83813697228746	0.0	77.12442169999281	0.0	0.0	0.0	44.21914541844121	42.046660609469996	0.0	0.0	0.0	0.0	0.0	28.825595341256495	26.696597341599148	0.0	34.66422798496592
GSM4138115_HNSCC_3_TIL_ACTTGTTTCAGCTGGC	219.18395310874166	148.00036720368968	0.0	202.03045988316245	0.0	154.7084664278693	160.18954801159208	0.0	0.0	0.0	63.53425271371772	0.0	47.521530841728534	18.758329527528506	0.0	0.0	20.45491303426198	0.0	0.0	12.033348821609502	0.0	0.0
GSM4138115_HNSCC_3_TIL_AGTGAGGGTTGGTAAA	102.62680974675857	89.2270928051669	0.0	60.50957047783992	80.1575588018618	150.77742958611736	33.38943584893428	0.0	0.0	0.0	0.0	0.0	0.0	9.3759210404369	0.0	27.284190046079676	21.73994772344588	22.2418723056134	0.0	0.0	0.0	0.0
GSM4138115_HNSCC_3_TIL_ATCCGAACATACTCTT	134.56113341098677	64.8503821358697	0.0	121.33946844730922	0.0	119.84538502412606	0.0	96.45059592560376	0.0	0.0	1.5955997918106652	0.0	0.0	10.564894932052244	0.0	25.389729695650143	6.887005486472169	0.0	0.0	23.684287415653255	0.0	0.0
GSM4138115_HNSCC_3_TIL_ATCGAGTGTACGAAAT	45.12774665000494	106.20336588607437	0.0	0.0	76.76622159028811	66.93727001429684	0.0	66.67983075573854	0.0	0.0	0.0	0.0	0.0	38.1821868796775	0.0	19.275141212225094	0.0	0.0	23.48311299356579	0.0	0.0	0.0
GSM4138115_HNSCC_3_TIL_ATGTGTGGTTACCAGT	72.38631296974236	73.0773178032461	0.0	110.91613398027962	17.512692674301697	0.0	0.0	33.14493431441187	0.0	0.0	0.0	35.83964073072247	9.792934863972503	0.0	0.0	0.0	1.259250903898781	0.0	0.0	15.555915672657914	16.778043233059854	0.0
GSM4138115_HNSCC_3_TIL_CAAGATCGTCGAATCT	44.75522909934103	42.57855020194614	0.0	0.0	0.0	0.0	56.15224435141866	0.0	0.0	72.50943035902165	50.11791827590303	0.0	0.0	0.0	0.0	13.612610987020691	0.0	2.1407302390207787	0.0	0.0	8.691981391918969	0.0
GSM4138115_HNSCC_3_TIL_CATGACAGTCCGTGAC	185.50537491955603	47.625792214690634	0.0	0.0	0.0	100.67221056150534	0.0	93.36013441309159	139.69110091366707	0.0	20.742844770000595	0.0	30.19686186314755	9.166921214100796	0.0	0.0	24.32426114642837	11.7812778470897	0.0	0.0	0.0	0.0
GSM4138115_HNSCC_3_TIL_CCACTACAGACAAAGG	109.30677912839082	92.19180075013774	0.0	0.0	0.0	0.0	0.0	131.82614651583663	117.86654117761309	0.0	0.0	112.24804887746302	25.026921566913835	12.672525826864447	0.0	0.0	0.0	0.0	8.990861916526693	12.78628348934748	0.0	0.0
GSM4138115_HNSCC_3_TIL_CCTATTAAGAGTACCG	108.6620397343374	91.13867714774922	203.55971563045227	0.0	0.0	0.0	83.0782877655335	0.0	0.0	0.0	159.07802145210943	0.0	0.0	28.272349858957142	0.0	71.36354237877667	0.0	0.0	0.0	26.482884852726755	0.0	0.0
GSM4138115_HNSCC_3_TIL_CCTTACGGTTCAGACT	105.72818201761663	118.33790744778327	0.0	0.0	103.02667695122365	80.14127141513899	0.0	0.0	0.0	0.0	0.0	0.0	0.0	0.0	144.4350427786495	55.88156296796387	0.0	0.0	29.945926269409203	0.0	0.0	25.280167254065585
GSM4138115_HNSCC_3_TIL_CCTTCCCGTGTGTGCC	147.00249078260813	96.80383832905768	214.0232494738429	252.65084034087346	3.819448068706268	0.0	76.17115053361042	0.0	13.303717425748196	0.0	15.220004279532546	0.0	0.0	17.141056025157813	0.0	51.89977321707475	0.0	0.0	43.28877242445766	12.606185600129402	0.0	0.0
GSM4138115_HNSCC_3_TIL_CGAGCACGTTCCACAA	90.6814519380235	104.04040341138298	0.0	0.0	0.0	0.0	0.0	147.97893892363342	271.0339861777768	36.939410264441385	53.351087574899836	150.08345687975398	19.00002270207027	0.0	0.0	0.0	0.0	0.0	30.606465424153484	36.5445192136451	0.0	56.417038866520876
GSM4138115_HNSCC_3_TIL_CGGACTGAGCCCGAAA	223.65512266572128	60.84417569021101	232.24524345762586	0.0	0.0	0.0	42.88429705391312	0.0	4.088679237079324	0.0	145.89492501730433	0.0	0.0	36.77807088861415	0.0	29.63627463660243	21.245984069802745	14.361609580919557	5.619353880513928	0.0	0.0	0.0
GSM4138115_HNSCC_3_TIL_CTAGCCTGTCGGGTCT	28.883549726864683	50.15282519459496	80.00711071009238	356.8152140988681	0.0	0.0	0.0	0.0	0.0	4.429953476653372	0.0	0.0	10.606505879834092	0.0	61.27230626469202	4.039882406557971	34.688500779708626	26.628420781036873	0.0	0.0	6.345859490872825	0.0
GSM4138115_HNSCC_3_TIL_CTGCCTACATGCATGT	278.8328031893183	173.11113634078933	412.587380763731	0.0	74.93150454341541	0.0	172.57896536192817	0.0	129.0880045014198	0.0	0.0	0.0	0.0	18.73885441424647	0.0	54.6996831721479	24.614159225604674	42.37042222853294	0.0	0.0	0.0	0.0
GSM4138115_HNSCC_3_TIL_GACCTGGTCGTCCGTT	118.91815164629979	159.37948392035955	0.0	0.0	0.0	87.55675319430243	0.0	118.28738949932229	101.71201476889152	0.0	0.0	0.0	96.2321559941885	13.241499930812086	0.0	0.0	0.0	0.0	3.944553746787706	47.37056679581031	0.0	0.0
GSM4138115_HNSCC_3_TIL_GCACTCTCACGTTGGC	202.33046006398996	137.50094830255145	437.362589750113	250.072628199646	0.0	0.0	71.4557019386141	0.0	0.0	0.0	0.0	0.0	0.0	52.44614438410622	0.0	102.11440841345012	30.40791196723128	28.440977597410672	0.0	0.0	0.0	0.0
GSM4138115_HNSCC_3_TIL_GCTTGAATCAACGGCC	59.87804052917216	135.89105660932256	0.0	78.40982375643306	0.0	156.57592954221911	50.03552293022318	94.29181619770874	81.46506292279774	0.0	0.0	0.0	2.9297707349621187	0.0	0.0	19.086999982677014	0.0	0.0	6.026744400678145	33.168598412167846	0.0	10.406788349946577
GSM4138115_HNSCC_3_TIL_GTCACAAGTTGGAGGT	45.64541964783015	37.08338985817567	0.0	108.91151814742221	0.0	115.62778355404313	40.180712616557805	0.0	0.0	0.0	0.0	0.0	13.20202643877772	0.0	0.0	3.5212180661116657	0.0	12.949632905314155	0.0	0.0	1.1666691897365051	0.0
GSM4138115_HNSCC_3_TIL_TCAGCAAGTGGCAAAC	132.1900665004238	170.0722182900453	0.0	0.0	156.1743625495369	0.0	0.0	73.70139722058217	0.0	0.0	0.0	184.9486500210167	35.88519293767405	10.381111905974366	0.0	0.0	0.0	20.843473869646402	32.01758735152444	0.0	0.0	0.0
GSM4138115_HNSCC_3_TIL_TCAGCAATCAGTTAGC	329.9847317302353	180.5015661028234	192.42013690035952	406.4524761348864	0.0	130.49913559876435	138.03027471947797	0.0	0.0	0.0	0.0	0.0	0.0	62.319293450537934	0.0	70.44046281693684	35.36676745870548	0.0	0.0	52.413819046306244	0.0	0.0
GSM4138115_HNSCC_3_TIL_TCTTTCCCAGACAAGC	110.57045772784143	56.937922982238796	0.0	26.702574921229758	0.0	110.80831385595215	31.300898775617267	0.0	0.0	0.0	95.42302680107065	0.0	0.0	20.161622978856993	0.0	21.836008861814882	0.0	0.0	26.859306437837798	21.484203787877497	0.0	0.0
GSM4138115_HNSCC_3_TIL_TGGCGCATCGAACTGT	53.214596677262946	118.26879014089587	0.0	0.0	0.0	0.0	0.0	0.0	11.538943705758042	62.87444406766745	64.47683734680037	67.23570359853512	12.59626934460987	0.0	28.837713362424353	0.0	2.666819766577571	0.0	0.0	6.973846062267305	0.0	20.66204292953194
GSM4138115_HNSCC_3_TIL_AACCATGGTAAATGAC	275.8068175788693	117.1400175946048	0.0	88.10113119312783	307.66359821164474	412.8356805735987	0.0	147.87615220931474	0.0	0.0	0.0	0.0	0.0	0.0	0.0	64.27950174248167	9.95335854540776	0.0	0.0	50.22507939740579	20.444794882422613	0.0
GSM4138115_HNSCC_3_TIL_AACCGCGAGAAACCAT	123.35074543911453	110.51952935252436	0.0	24.265932246338366	176.7323155250739	0.0	0.0	89.29721137789276	0.0	136.46122502222872	0.0	0.0	19.129239665308816	0.0	0.0	0.0	19.692748633583065	1.8981956311744894	0.0	0.0	14.369305978380186	0.0
GSM4138115_HNSCC_3_TIL_AAGCCGCGTACGCACC	133.29215734318123	326.62890390625864	0.0	0.0	0.0	265.8921313401107	149.92768283795	0.0	0.0	0.0	343.0803399846406	0.0	0.0	38.08422478806894	0.0	41.46330903735345	3.906240944455823	0.0	9.756454605568232	22.129123422376523	0.0	0.0
GSM4138115_HNSCC_3_TIL_ACATCAGAGGCTAGGT	139.5794699665232	184.09912820922924	0.0	13.994597935560472	0.0	0.0	0.0	135.10997149057326	130.17512574922407	169.32748194963278	23.462422103939673	0.0	35.997737756412256	0.0	0.0	0.0	24.998101102582556	38.13507847697381	0.4803264471931542	0.0	0.0	13.36026996508184
GSM4138115_HNSCC_3_TIL_ACCTTTATCACCTTAT	198.76032332088207	61.357957052056754	0.0	1.1076686305190295	18.83402374011532	0.0	0.0	52.13058855022052	136.3988118143393	0.0	0.0	272.8395785298496	28.90632118997297	26.90337943922244	0.0	0.0	0.0	23.727099522112216	13.822926720041286	0.0	0.0	0.0
GSM4138115_HNSCC_3_TIL_ACGATGTTCCCACTTG	295.4967706745358	70.79051480074594	310.33335704778625	98.20608411671823	25.568404964098733	0.0	56.37701105396355	0.0	8.73202140797801	0.0	0.0	0.0	96.87951499347395	71.61629042731481	0.0	0.0	10.333017999405017	37.12052623128511	0.0	0.0	0.0	0.0
GSM4138115_HNSCC_3_TIL_ATTGGACCACCTCGGA	224.3923610475731	101.5238611062714	251.7745910843478	146.9855808635286	0.0	0.0	54.15401435408899	0.0	0.0	0.0	0.0	0.0	0.0	19.403841369884027	0.0	37.31635432279428	0.0	0.0	34.58844665283722	27.348624315514744	0.0	0.0
GSM4138115_HNSCC_3_TIL_ATTTCTGTCCTCAACC	88.65958805388429	73.14350901248928	0.0	63.88356712414893	0.0	0.0	0.0	28.776976675508745	86.47146227167596	258.2864859354721	0.0	0.0	18.91560284133957	0.0	0.0	0.0	1.166871992216079	0.0	0.0	15.920606946321291	17.9743592305934	0.0
GSM4138115_HNSCC_3_TIL_CACACTCTCCGCAAGC	130.43072627950056	61.156358040648804	0.0	0.0	211.61393899581608	110.87526707838052	0.0	61.533926750281054	0.0	0.0	0.0	7.096164880448002	30.3430614821948	0.0	0.0	0.0	15.237414889475815	0.0	0.0	7.341902204762046	0.0	4.022541154377294
GSM4138115_HNSCC_3_TIL_CCTTACGTCTTGTCAT	190.4377745329448	65.84045622340396	0.0	0.0	0.0	0.0	0.0	96.11507797548366	0.0	105.44825560376316	54.32391656431937	0.0	22.795243869083215	0.0	0.0	0.0	8.960184780589671	0.0	0.0	9.515602103247145	0.0	14.077697917137156
GSM4138115_HNSCC_3_TIL_CTAAGACCACGAAGCA	65.88074643782086	54.344169183210916	0.0	174.1327829502486	8.022556200994542	148.03141994826134	0.0	0.0	0.0	0.0	0.0	0.0	0.0	0.0	77.61394993997014	23.29203091171235	0.0	0.0	9.029739596546401	1.2473740663740163	0.0	4.1820219915170735
GSM4138115_HNSCC_3_TIL_CTAGCCTCATGGTCAT	295.57169660291567	179.91169915841868	0.0	0.0	185.701466320977	337.7008920898181	169.46181229113776	0.0	92.56072381973327	0.0	0.0	0.0	0.0	42.80138441564647	0.0	54.81345580976952	15.989524686061689	73.63017155061338	0.0	0.0	0.0	0.0
GSM4138115_HNSCC_3_TIL_CTGGTCTTCTGGGCCA	248.15475195773678	201.99922740229937	301.40612667771563	235.01713668199017	0.0	0.0	129.88018184089609	0.0	0.0	0.0	0.0	0.0	0.0	82.69879621985152	0.0	38.45879866366837	0.0	0.0	13.081301722474198	72.30843440536043	0.0	0.0
GSM4138115_HNSCC_3_TIL_GACTGCGCAGCCTATA	122.13838144754534	26.239899976836412	91.60697470648014	0.0	0.0	0.0	36.924150460341394	0.0	0.0	1.2167044298170244	61.76179799651128	0.0	0.0	23.030652130066894	29.4184276126431	74.68335548548191	12.111246516338108	13.407949123043162	0.0	0.0	0.0	0.0
GSM4138115_HNSCC_3_TIL_GCATGCGGTCAGCTAT	135.53371447008368	126.7270703886403	0.0	0.0	0.0	111.80147614314765	0.0	38.71798864956946	116.2070536450359	0.0	16.526712067004357	0.0	36.698408959141155	0.0	0.0	0.0	2.69239584359179	0.0	5.26049066290319	18.73184409050094	0.0	4.498772788252356
GSM4138115_HNSCC_3_TIL_GCATGTATCACAAACC	255.63739545721526	243.07600936402446	0.0	189.37414011416502	0.0	0.0	0.0	232.03984865585142	96.16859450647246	336.2557576932774	0.0	0.0	66.76739920267092	0.0	0.0	0.0	33.39556010392315	0.0	0.0	42.277419251277195	0.0	49.35292493686997
GSM4138115_HNSCC_3_TIL_GCGACCAAGCTGATAA	0.0	0.0	2738.2868145799603	0.0	0.0	1685.843336984913	0.0	0.0	0.0	0.0	0.0	0.0	0.0	0.0	0.0	0.0	0.0	0.0	0.0	0.0	0.0	0.0
GSM4138115_HNSCC_3_TIL_GGAAAGCCATGCAACT	152.8869337891721	247.18626520268631	0.0	227.2310331833471	0.0	237.2527456628841	118.42748532656552	0.0	0.0	0.0	0.0	0.0	0.0	0.0	27.260087715092393	47.30596321126783	0.0	35.59438871490509	12.038563344892312	0.0	0.0	21.5402508502035
GSM4138115_HNSCC_3_TIL_GTCTCGTAGGAGTCTG	187.49260526273093	97.97041591998878	0.0	0.0	0.0	0.0	0.0	124.21901274598419	0.0	242.27616973324226	266.86606299940956	18.217043311613637	38.7801687477931	0.0	0.0	0.0	0.0	27.362766418954696	70.38093559069354	0.0	0.0	21.399738752516672
GSM4138115_HNSCC_3_TIL_GTCTCGTCAATGTTGC	243.0258540782804	119.66083875582929	21.42111681546181	165.33115958344723	0.0	205.31098431113026	0.0	85.90006774495733	0.0	0.0	0.0	0.0	41.849280997732976	32.70521745661637	0.0	0.0	42.44826218623537	27.56238539027667	0.0	0.0	0.0	0.0
GSM4138115_HNSCC_3_TIL_TAAGTGCCATTGGGCC	266.8458925370737	337.8139211650274	0.0	0.0	0.0	0.0	0.0	62.92141877759324	219.484516714397	279.89368000666803	0.0	0.0	33.80283124447864	0.0	0.0	0.0	8.128293529045862	14.315001893919922	0.0	1.1176109838906554	0.0	6.1330798992142475
GSM4138115_HNSCC_3_TIL_TACACGATCACCATAG	383.67753474572555	302.9630446506897	45.20289239871715	0.0	527.6930495651525	141.0757554930565	165.3099946205447	0.0	0.0	0.0	0.0	324.9132491318044	0.0	52.23452369160655	0.0	54.34447876433956	49.67931926360136	0.0	0.0	53.52467668052246	0.0	0.0
GSM4138115_HNSCC_3_TIL_TCCACACCATTCTTAC	179.77538334586202	151.09978556939882	388.24439272674186	9.692081596003566	183.77169227419938	0.0	44.124730696531735	0.0	0.0	0.0	0.0	0.0	0.0	57.49880330777166	0.0	47.78436183631046	38.787203898436644	17.645774075971946	0.0	0.0	0.0	0.0
GSM4138115_HNSCC_3_TIL_TCTTCGGTCCGAGCCA	98.69500973127587	216.25557144415666	0.0	162.75939856146076	0.0	0.0	0.0	0.0	0.0	0.0	80.0764515866143	79.48951559615395	16.80475711632996	0.0	354.6512417505559	0.0	28.749842995544128	0.0	0.0	0.0	0.0	23.484301198812286
GSM4138115_HNSCC_3_TIL_TCTTTCCTCGCCATAA	36.666331776111114	37.67785028796949	0.0	50.81599846502651	0.0	11.509379698073806	53.248271192421576	0.0	0.0	43.366018091569146	22.962476989723378	17.596618881439216	0.0	0.0	0.0	0.5831480825990201	0.0	5.945547360323464	0.0	0.0	5.047099898582662	0.0
GSM4138115_HNSCC_3_TIL_TTGGCAATCGAACTGT	138.14618427662327	242.03253428990178	0.0	286.4832693514111	15.719705808961107	0.0	0.0	235.93024131135473	0.0	162.85384257414185	0.0	148.6770221970807	57.07474347161115	0.0	0.0	0.0	0.0	0.0	64.27148212811286	30.380540919188103	0.0	31.800331860250058
GSM4138115_HNSCC_3_TIL_AGCAGCCAGAGGGCTT	15.021332188096244	152.5810056247372	0.0	91.58384802526218	31.304459463196295	0.0	0.0	96.03902026463373	0.0	59.30714164527419	0.0	48.9070955992081	18.023935427647203	0.0	0.0	0.0	17.125552267171525	0.0	0.0	1.3159640517391498	0.0	12.373096551969391
GSM4138115_HNSCC_3_TIL_CCGTACTAGAAACCGC	172.5722058739191	272.8737151566586	0.0	153.531953134453	0.0	0.0	0.0	0.0	0.0	289.0353661341365	0.0	0.0	17.431001210398733	0.0	63.10367302013742	0.0	44.97074861144226	0.0	0.0	18.616693812795393	16.286173611211556	0.0
GSM4138115_HNSCC_3_TIL_ACGCCAGGTTTGTGTG	129.70579285113521	68.59720132346055	0.0	168.69535588024615	0.0	0.0	0.0	0.0	0.0	217.01184472377267	0.0	0.0	16.844808796960603	19.896112624679567	36.03973607790642	1.5935903250228693	13.999851302761563	19.92234095797085	0.0	0.0	0.0	0.0
GSM4138115_HNSCC_3_TIL_ATGTGTGCAAGCGTAG	156.89987955618233	83.86327327957179	357.2217120231798	0.0	0.0	0.0	0.0	43.16649775253777	101.94553079717285	0.0	0.0	0.0	49.69578644990594	0.0	0.0	0.0	19.246217799101217	19.164975089586925	0.0	0.0	46.48847611225211	0.0
GSM4138115_HNSCC_3_TIL_CAGCGACAGGTCATCT	210.86893068377722	215.344014780407	0.0	269.2776791337806	0.0	346.8433277314945	134.36376147107143	0.0	0.0	0.0	0.0	0.0	0.0	44.32107351972622	0.0	39.720703302736865	0.0	0.0	48.883215326600464	65.22985216762264	0.0	0.0
GSM4138115_HNSCC_3_TIL_CATCGGGTCTACGAGT	41.60038950636199	81.41201249411365	0.0	204.0130375690074	0.0	54.46610464152011	0.0	88.37434476329862	25.986886200069524	0.0	0.0	90.12762379694686	20.20310673495224	7.432963693996265	0.0	0.0	15.9654110685423	21.34164992728099	0.0	0.0	0.0	0.0
GSM4138115_HNSCC_3_TIL_CTCGGGAGTGACCAAG	97.53655262042975	87.41326932488678	0.0	128.03356576797563	5.599697940306035	76.61409281701822	0.0	45.01602553341614	0.0	0.0	0.0	18.399002118592037	22.01669624371729	0.0	0.0	0.0	13.966283562732658	6.998213145192617	0.0	0.0	0.0	5.773649284875139
GSM4138115_HNSCC_3_TIL_TATTACCCAGGACGTA	40.37973373518363	150.339044971602	105.35331992538569	0.0	132.20177615328143	0.0	0.0	75.54880243994408	1.5844674114785817	0.0	0.0	0.0	11.70030923892181	0.0	0.0	0.0	0.0	9.565689807339918	1.0665145369752622	0.0	0.0	16.191761455261886
GSM4138115_HNSCC_3_TIL_TCTGGAAGTCCGACGT	38.492516153357386	115.38605355459715	0.0	0.0	0.0	0.0	0.0	0.0	60.96937403934673	88.94607469137091	23.531442533912237	0.0	13.64106407569267	0.0	35.698940936895276	0.0	56.48781227285423	0.0	0.0	31.855149322788293	7.364961580200782	0.0
GSM4138115_HNSCC_3_TIL_TTGCGTCGTTCCACAA	118.1344549026267	61.09244998337877	0.0	0.0	0.0	0.0	0.0	0.0	116.69709700386	179.47966211085685	0.0	0.0	35.11980783795926	0.0	67.97960977797338	0.0	0.0	3.3689498979615693	9.538683371623241	0.0	0.0	7.235687056452256
GSM4138115_HNSCC_3_TIL_GATTCAGAGGCATTGG	43.23191237510295	108.78729169818683	0.0	0.0	43.80761301173483	178.9315905335587	121.42982052602366	0.0	42.53439850163284	0.0	0.0	0.0	0.0	0.0	0.0	12.177000758583963	0.0	0.0	0.0	5.878295592411964	0.0	5.299803285545559
GSM4138115_HNSCC_3_TIL_AGAGCTTTCGCGTTTC	145.34589850618838	144.16776662456041	0.0	132.63037166849037	127.82317125328287	215.05266466058754	34.51737541082755	0.0	0.0	0.0	0.0	0.0	0.0	0.0	0.0	49.16803791333949	10.697056104658627	7.285340545402344	0.0	1.9284703894400324	19.905046581517762	0.0
GSM4138115_HNSCC_3_TIL_CACACTCTCAACGGCC	244.41159727896124	185.05934704530287	212.84730217067812	0.0	0.0	0.0	0.0	126.4949609783051	120.48663975331763	0.0	108.45197451984197	0.0	42.68376152481787	0.0	0.0	0.0	0.0	12.741884966641292	16.011422770622215	0.0	0.0	30.884681445851633
GSM4138115_HNSCC_3_TIL_CACAGGCAGTAGCCGA	112.74856513545502	207.84057833330107	148.3531635555458	0.0	0.0	0.0	98.34438588485757	0.0	209.58109529373766	0.0	0.0	0.0	0.8985377555748093	0.0	0.0	12.696133554136289	12.100218860658304	0.0	0.0	11.471999675030162	0.0	9.860777564509423
GSM4138115_HNSCC_3_TIL_CAGCCGAAGCTCTCGG	261.5113100772206	292.51219389406896	0.0	0.0	0.0	0.0	95.19524008011616	0.0	0.0	0.0	365.1057162529196	297.09149618305594	0.0	0.0	0.0	20.377719341311646	0.0	45.573367912931	69.08696365200656	0.0	0.0	95.3271732234638
GSM4138115_HNSCC_3_TIL_CATATGGGTTGAGGTG	73.32576233276036	36.19881214274689	0.0	0.0	83.7623193407955	146.9990666306438	0.0	31.63277044487653	0.0	0.0	29.283864104381124	0.0	0.0	8.36712291948833	0.0	14.908402474567009	0.0	0.0	30.051594666969645	9.494984425412959	0.0	0.0
GSM4138115_HNSCC_3_TIL_CCTTCGACATGTTCCC	195.72927207067056	193.315443401643	0.0	0.0	276.2134382261867	297.5803673142781	112.91201254014027	0.0	0.0	0.0	0.0	0.0	0.0	0.0	0.0	34.218983584466216	0.0	0.0	11.285813407607892	12.267774781011992	20.978889006026897	0.0
GSM4138115_HNSCC_3_TIL_CGTGAGCTCGATAGAA	15.473734055979692	17.279061104541256	2.4646015932416008	0.0	0.0	9.84223638741926	6.249686281833405	0.0	0.0	2.5669856144459784	38.84011373464149	0.0	0.0	0.0	0.0	0.0	0.0	2.4647467995145798	0.0	0.0	0.0	0.0
GSM4138115_HNSCC_3_TIL_CTCGGGAGTTGCCTCT	95.75686812112694	72.56981923244734	45.765688230838556	0.0	0.0	0.0	0.0	48.46297366608941	0.0	43.3727187167973	94.57508896012475	0.0	0.0	0.0	0.0	24.37284929360932	4.282987886609906	0.0	12.817809864743174	0.7698474697594536	0.0	12.398118692509401
GSM4138115_HNSCC_3_TIL_CTGATCCGTTCACGGC	183.58536508034967	251.65096038992024	247.57382911847577	0.0	0.0	0.0	238.2569184148957	0.0	361.97896819650776	0.0	0.0	0.0	49.19347830872537	7.074050824497325	0.0	0.0	15.121362978382404	31.871537893667483	19.02827363009372	0.0	0.0	0.0
GSM4138115_HNSCC_3_TIL_CTTACCGGTTCGCGAC	191.67081761600247	202.9195097092472	0.0	0.0	0.0	0.0	0.0	114.21915101275317	259.2976175242564	274.8114484473995	0.0	0.5938707861702558	49.78012984157151	0.0	0.0	0.0	36.33055527717032	0.0	0.0	33.50229269502572	44.412801404674084	0.0
GSM4138115_HNSCC_3_TIL_GACTACACATCTCGCT	161.50556720968754	206.7113013796004	237.49749237951718	182.2888824703799	75.14605250879174	0.0	0.0	0.0	0.0	7.4059124120438335	0.0	0.0	38.99542099245867	0.0	138.65469052132016	0.0	36.95866015086112	25.401313150728534	0.0	0.0	31.16265623511778	0.0
GSM4138115_HNSCC_3_TIL_GTAGTCACATTCACTT	43.67110224677324	39.0478182681692	45.80469733396677	0.0	0.0	12.613911563324613	21.658305737457262	0.0	0.0	0.0	40.22640135401919	0.0	0.0	0.0	13.504728062521401	5.482436124356046	0.0	6.966638652537385	4.22345937759413	0.0	0.0	0.0
GSM4138115_HNSCC_3_TIL_GTCTCGTTCGGTTAAC	374.0586593520772	303.97255771785694	271.51555873500547	0.0	0.0	0.0	76.23293085413322	0.0	0.0	0.0	369.852988377969	0.0	0.0	0.0	0.0	57.445858770483326	27.687061081531148	0.0	47.910382292068604	34.31173784984739	53.78648999156632	0.0
GSM4138115_HNSCC_3_TIL_GTTCATTCACTTAAGC	52.50055329320925	110.28513009769975	22.63367764045962	0.0	0.0	0.0	31.82495460750056	0.0	0.0	9.223504475369309	52.064715600855045	0.0	0.0	0.0	0.0	16.021720662850438	6.806399889560609	0.0	0.0	1.0114291445705739	0.0	27.302401402272363
GSM4138115_HNSCC_3_TIL_TACTCATTCGGAGCAA	226.1539639853376	230.76551401996306	397.7691822263281	184.11970507529537	327.06453519253904	0.0	0.0	0.0	0.0	0.0	0.0	0.0	0.0	0.0	202.5001595261138	56.94897157188796	24.430189592233596	0.0	11.702360197639424	67.82310064082911	54.0499570577454	0.0
GSM4138115_HNSCC_3_TIL_TGACTAGGTTAAGTAG	54.102296613031456	65.5578098526311	0.0	80.90074025050694	0.0	0.0	0.0	0.0	0.0	62.562952212093805	0.0	0.0	2.3283482906926802	0.0	24.953476377040474	0.0	0.0	0.0	5.7163023422222965	0.0	2.3489456295120683	0.0
GSM4138115_HNSCC_3_TIL_TGTCCCATCTGCTGTC	73.50935491358503	63.38824400733042	94.03299387636784	0.0	45.24866342861914	0.0	32.94371143424204	0.0	0.0	0.0	0.0	0.0	0.0	21.243512816298676	27.67255325195588	31.55781943093	4.110855115098726	0.0	0.0	6.5513217021206485	0.0	0.0
GSM4138115_HNSCC_3_TIL_TGTTCCGTCTGCGTAA	94.2426925272509	175.8312684901512	0.0	0.0	0.0	21.045413746369178	0.0	53.169546651510494	209.59628010145536	57.93838127548896	0.0	54.572740474745096	16.229073167248746	0.0	0.0	0.0	13.790337190961958	29.350136585234004	0.0	0.0	0.0	20.356270700540755
GSM4138115_HNSCC_3_TIL_TTTACTGGTCGGCATC	143.06117604161437	142.9076302154795	189.4132593670844	0.0	0.0	0.0	167.34763754455372	0.0	0.0	21.4548392312612	239.3258185362195	0.0	40.687469475497046	0.0	0.0	0.0	35.17243215699763	5.931044410228289	0.0	31.20708304509057	0.0	34.30605691103115
GSM4138115_HNSCC_3_TIL_ATTATCCTCGGCATCG	104.10389677932339	109.70104131988607	0.0	42.34108407728705	194.309155051839	0.0	0.0	36.324645105179535	0.0	93.72159277144996	0.0	0.0	42.19272496502309	0.0	0.0	0.0	25.487867434157096	0.0	0.0	14.281944781830703	0.0	15.04833747965675
GSM4138115_HNSCC_3_TIL_AGAGCGAAGCAGGCTA	148.2809127929772	95.58384805802861	173.33774347715377	114.36130752985281	0.0	0.0	94.49120348684116	0.0	0.0	0.0	0.0	0.0	8.750942590721655	14.428947101907564	0.0	17.770564960986327	68.87721251466878	13.725485964140208	0.0	0.0	0.0	0.0
GSM4138115_HNSCC_3_TIL_ATCCACCGTTGTGGAG	58.3478513468438	53.340172618522885	0.0	9.42469843832704	37.658152581018854	52.94798916606263	39.2187331850005	0.0	0.0	0.0	0.0	0.0	0.0	8.72493893147137	0.0	0.0	0.0	15.00683781867105	2.258834439789961	0.0	0.0	0.0
GSM4138115_HNSCC_3_TIL_ACACTGAGTAGCTAAA	0.0	0.0	0.0	0.0	0.0	0.0	0.0	0.0	0.0	0.0	0.0	0.0	0.0	0.0	0.0	0.0	0.0	1780.5069957377666	0.0	66.07153202088391	0.0	0.0
GSM4138115_HNSCC_3_TIL_AGCGGTCAGTGAATTG	81.41364011650833	29.47902383148588	0.0	0.0	0.0	94.72342132888639	83.81211701883011	0.0	90.60763510267269	4.844021299595206	0.0	0.0	0.0	36.3148630355706	0.0	0.298696566932528	0.0	0.0	60.77315112325499	35.52134889010347	0.0	0.0
GSM4138115_HNSCC_3_TIL_CCACCTAGTGCAGGTA	47.15885661261664	68.43622853664657	0.0	0.0	0.0	60.993323553471974	41.713973648388496	0.0	0.0	0.0	84.58196690459906	0.0	0.0	71.202306222786	6.002667016207807	2.8633420021337797	50.0228039625557	152.4244699261796	61.40225652348998	0.0	0.0	0.0
GSM4138115_HNSCC_3_TIL_CTCACACCAACTTGAC	39.206127857111085	104.2741931654521	0.0	140.47242494953016	0.0	0.0	0.0	0.0	0.0	115.43094811507908	0.0	0.0	22.65720208482833	0.0	35.41570758437185	0.0	97.51444755199618	0.0	0.028207303046711287	117.46398091872764	98.8848069185614	0.0
GSM4138115_HNSCC_3_TIL_GACGTGCAGGTGCACA	52.48459281672257	82.26270176314854	0.0	0.0	0.0	0.0	0.0	50.64187096256254	0.0	106.2277136299079	102.83815195886982	33.43893502961744	29.817502662262378	189.75144753750757	0.0	0.0	0.0	209.92933823355276	261.6782187680317	0.0	0.0	0.0
GSM4138115_HNSCC_3_TIL_GAGGTGACAGTCAGAG	111.07626509729477	59.03741219504287	0.0	0.0	154.10275219721296	0.0	0.0	62.11637056230434	0.0	104.67087840259508	0.0	0.0	13.484690842229837	0.0	0.0	0.0	0.0	0.0	69.37885786488074	88.9769246659183	0.0	36.61351590689266
GSM4138115_HNSCC_3_TIL_GCAGCCAAGGTGTGGT	49.96565741417806	52.042132850225656	0.0	0.0	0.0	139.83291203306842	0.0	0.0	0.0	0.0	45.87546467259797	0.0	0.0	82.98379859708558	44.02984388748517	14.199306743490697	0.0	61.627550040755516	94.8110701655184	0.0	0.0	0.0
GSM4138115_HNSCC_3_TIL_TACCTTACAAGCTGAG	0.0	0.0	0.0	0.0	0.0	0.0	0.0	0.0	0.0	0.0	0.0	0.0	0.0	0.0	0.0	0.0	1736.2959750618422	0.0	26.096209130340473	0.0	0.0	0.0
GSM4138115_HNSCC_3_TIL_TCACGAAAGCTACCTA	0.0	0.0	0.0	0.0	0.0	0.0	0.0	0.0	0.0	0.0	0.0	0.0	0.0	1271.0192288059145	0.0	0.0	0.0	0.0	0.0	0.0	626.3130887737818	0.0
GSM4138115_HNSCC_3_TIL_TCGAGGCCAGCGTTCG	131.33955663126562	136.3613460195419	0.0	0.0	0.0	123.18865928171118	0.0	123.2752521177421	0.0	0.0	284.38815228337273	89.34299274546737	71.39786739855256	0.0	0.0	0.0	125.80323557143106	116.512008108045	5.900378137931818	0.0	0.0	112.3556027733766
GSM4138115_HNSCC_3_TIL_TCGAGGCAGAACAACT	121.84872790415847	18.13591776275382	0.0	0.0	0.0	16.40587175583733	0.0	0.0	0.0	0.0	49.54622543007883	31.559222235913797	8.333005328626102	0.0	84.41571143975706	0.0	5.990930625836961	7.66688666031944	0.0	0.0	0.0	13.144620871385833
GSM4138115_HNSCC_3_TIL_ACACTGATCAACACTG	0.0	0.0	0.0	0.0	0.0	0.0	0.0	0.0	0.0	0.0	0.0	0.0	1517.8294905317846	0.0	0.0	58.60551138156965	0.0	0.0	0.0	0.0	0.0	0.0
GSM4138115_HNSCC_3_TIL_CAGCATACACGTCAGC	496.80140109968136	403.7399891100059	362.8815168313734	0.0	0.0	0.0	375.2442225059547	0.0	402.61052557249377	0.0	278.64777903265036	0.0	84.94716811790434	36.13230442570145	0.0	11.238243830128244	0.0	0.0	0.0	39.36623129946526	0.0	0.0
GSM4138115_HNSCC_3_TIL_CATATGGAGTACACCT	48.910536176046264	106.45222454611478	0.0	0.0	32.96350074126267	8.580826604644693	0.0	67.04218898035673	92.79495021640459	46.539369571406425	10.036872044212581	7.645899209313527	44.96541231160733	14.039560811452706	0.0	0.08642487937095342	2.6362251502861938	0.0	0.22689336232216314	7.543564997996751	0.0	0.0
GSM4138115_HNSCC_3_TIL_CCCTCCTAGGGCTTGA	3733.641306896011	0.0	0.0	0.0	0.0	0.0	0.0	0.0	0.0	0.0	0.0	0.0	0.0	0.0	0.0	0.0	0.0	0.0	0.0	0.0	0.0	0.0
GSM4138115_HNSCC_3_TIL_CGAATGTCAGATGGGT	263.46674594723976	92.51594159697264	241.76222817329963	52.603340026894585	118.73583164032206	0.0	113.56846662041808	0.0	0.0	0.0	0.0	0.0	30.424179448985836	33.31026092757212	0.0	80.91390110449139	0.0	0.0	27.182471778899345	11.780083266645498	0.0	0.0
GSM4138115_HNSCC_3_TIL_CGGCTAGCAGCTGGCT	0.0	3528.080958557659	0.0	0.0	0.0	0.0	0.0	0.0	0.0	0.0	0.0	0.0	0.0	0.0	0.0	0.0	0.0	0.0	0.0	0.0	0.0	0.0
GSM4138115_HNSCC_3_TIL_CGTGTCTTCTTCGGTC	203.87830390567305	223.6775677246171	117.9306096605788	0.0	0.0	0.0	0.0	0.0	233.70032784126246	0.0	0.0	0.0	0.0	0.0	110.87441648644149	43.97514674429922	15.644401378632217	5.802742730504067	0.0	6.708910532442058	41.44607450578956	0.0
GSM4138115_HNSCC_3_TIL_CTCGTCAGTCGCATAT	162.18319918153304	177.02666016855017	0.0	223.96413156270194	87.39592048209404	0.0	0.0	0.0	0.0	0.0	0.0	207.88553798508866	19.541045481687284	0.0	124.41900048550878	0.0	0.0	5.146988758484607	2.5609488427635867	0.0	0.0	13.207105685050662
GSM4138115_HNSCC_3_TIL_GGTGCGTTCTCCTATA	0.0	0.0	0.0	0.0	5513.885044395326	0.0	0.0	0.0	127.5330090128096	0.0	0.0	0.0	0.0	0.0	0.0	0.0	0.0	0.0	0.0	0.0	0.0	0.0
GSM4138115_HNSCC_3_TIL_GTTCGGGAGACTACAA	0.0	0.0	0.0	0.0	0.0	0.0	215.12168579358976	0.0	0.0	0.0	0.0	0.0	0.0	0.0	3354.2422347304173	0.0	0.0	0.0	0.0	0.0	0.0	0.0
GSM4138115_HNSCC_3_TIL_GTTCGGGTCACAATGC	531.8510479818866	400.98912645008386	59.904194333958365	55.17093790118646	84.88850135740505	88.62663882927376	289.45662886262386	0.0	272.39278923077944	0.0	56.58834032498771	99.3946814609239	73.71353611221866	0.0	0.0	0.0	0.0	5.093480274200896	26.991356449782018	33.11596971558536	0.0	0.0
GSM4138115_HNSCC_3_TIL_TGGCGCAGTTAGTGGG	452.1923501584045	197.71176070304386	0.0	0.0	328.4698205943445	0.0	302.8043530257159	0.0	0.0	0.0	0.0	125.04374745660542	31.378398778647494	0.0	0.0	0.0	0.8776850513150483	0.0	0.0	28.47302364838893	3.360424351367371	0.0
GSM4138115_HNSCC_3_TIL_TTTATGCTCACCTCGT	211.91029023826755	147.6686695485105	284.2921245775371	0.0	278.29445712687857	0.0	0.0	69.6737669575147	0.0	0.0	0.0	0.0	0.0	43.35075650335928	0.0	38.63049504546264	38.62542074630865	0.0	0.0	23.134056690347713	0.0	0.0
