	1	2	3	4	5	6	7	8	9	10
GSM4138115_HNSCC_3_TIL_ACCTTTAGTACATCCA	983.5412722529086	0.0	0.0	55.338244108352264	0.1397006806072198	12.339002245735891	0.0	33.72908179628596	0.0	6.120746186657648
GSM4138115_HNSCC_3_TIL_CAACCTCCATGCAATC	825.4147365707228	71.41203649539379	0.0	105.44150448518677	0.0	60.6613355429247	0.0	36.375002769217026	34.301852732703395	0.0
GSM4138115_HNSCC_3_TIL_CACACTCAGCCGCCTA	827.3833146538923	54.828664133908774	26.540787892548394	28.70587334897341	0.0	0.0	76.3683323049239	3.7922187550361124	0.0	5.4030975713927
GSM4138115_HNSCC_3_TIL_CATGCCTTCAAAGTAG	1610.854515393572	0.0	11.098034204924511	64.85333557490043	0.0	0.0	0.0	38.66658062970076	0.0	0.0
GSM4138115_HNSCC_3_TIL_CATGGCGTCATCTGCC	665.3139095127411	80.9181416534451	1.6558838740200414	102.8286118728694	51.5703530893128	38.85002995962565	6.893863273051416	31.51808728966486	0.0	4.401854028446735
GSM4138115_HNSCC_3_TIL_CCTTCGAGTTAAGAAC	421.3211004620983	220.1768459418416	49.81462978681616	1.5565540859073774	33.100267310623686	11.927841728135054	53.18138206698158	78.23384920022124	0.0	23.473765280936192
GSM4138115_HNSCC_3_TIL_CGTGAGCAGATATGCA	445.8878433357142	220.50840614611573	138.7020138833139	58.066969201011254	81.89608474412626	82.9599527032873	111.68953157564364	135.62126888159054	0.0	26.25682394435841
GSM4138115_HNSCC_3_TIL_CTAATGGTCCTGCCAT	610.6573782258512	81.79240886165267	12.811062387263815	0.0	31.721262570349918	0.0	30.978424316571967	73.7135354987019	0.0	0.0
GSM4138115_HNSCC_3_TIL_TACTCGCAGCTAAACA	170.43538880991935	0.0	0.0	127.34779413696515	46.44731799497289	0.0	0.9610401602327763	36.1148375341634	0.0	0.0
GSM4138115_HNSCC_3_TIL_TTCTACACAGAAGCAC	159.94205333492965	0.0	0.0	117.65493293145039	51.06236373267252	6.867597902775206	34.35186784696328	12.238521488650376	3.151210029760707	3.053367506759588
GSM4138115_HNSCC_3_TIL_TTGGAACTCGTCGTTC	510.62703877814783	73.93014705721635	44.545606436538726	29.554988102220577	0.0	0.0	56.87778378429447	37.101549720945854	25.10709516483625	0.0
GSM4138115_HNSCC_3_TIL_GACCAATGTCGCTTCT	461.16852305393337	65.07435004336783	32.287021270712586	38.48287083119025	70.19986334325404	18.15233833279384	0.0	0.0	119.10896589014938	14.595288997243578
GSM4138115_HNSCC_3_TIL_AAACGGGCAGATCCAT	586.5774421159925	96.5971062998121	0.0	593.0519549417147	0.0	22.183394215744833	65.13186129988398	0.0	80.12632389330425	2.4936532148780586
GSM4138115_HNSCC_3_TIL_AACTCAGGTAAGTAGT	226.40542569879526	115.7962547964303	0.0	532.4750794401293	0.0	26.080557304846483	0.0	46.94690894696954	18.988093328068402	0.0
GSM4138115_HNSCC_3_TIL_ACTTGTTGTGCGATAG	758.8933818937287	89.32526766983644	15.396470934347795	244.82707462195265	0.0	30.513733514126617	0.0	85.52055434658779	0.0	0.0
GSM4138115_HNSCC_3_TIL_AGTCTTTCACTGAAGG	923.0928065966665	0.0	0.0	329.89932829939494	46.722060889361586	17.738312486643785	37.400302278067436	20.724498794280986	0.0	0.0
GSM4138115_HNSCC_3_TIL_CAAGATCGTGCAACGA	0.0	0.0	0.0	2461.4426485834483	0.0	0.0	0.0	0.0	0.0	0.0
GSM4138115_HNSCC_3_TIL_CAGAATCAGCCCAACC	131.77778495711146	188.9293356696124	25.171731768329828	780.5227642305146	0.0	41.99469987193974	79.95904794598886	48.18154924333439	101.05518451660043	0.0
GSM4138115_HNSCC_3_TIL_CCGGTAGTCATAACCG	406.27204039805514	0.0	0.0	1139.6732417320568	0.0	92.74831795160019	41.13933846435886	0.0	85.01670598916594	11.161252254434196
GSM4138115_HNSCC_3_TIL_CTCCTAGCAGATAATG	0.0	0.0	46.0196250878517	2986.622220636188	2.183225000964951	0.0	6.648667146495256	37.05408778754173	13.209720307478563	0.0
GSM4138115_HNSCC_3_TIL_GAACCTACATTGGGCC	596.1218770170442	16.340998931618522	0.0	11.780848208324912	12.566527599114519	23.944969198626858	0.0	2.959760100375904	7.442416711322288	0.0
GSM4138115_HNSCC_3_TIL_GGACGTCTCCTCAACC	0.0	0.0	0.0	726.9394423774678	25.641671649070272	0.0	0.0	0.0	0.0	10.098798362825407
GSM4138115_HNSCC_3_TIL_GGATGTTGTGTTTGTG	723.8344421364595	51.63567846489224	0.0	570.8117186208407	0.0	0.0	0.0	0.0	53.494854699682584	0.0
GSM4138115_HNSCC_3_TIL_GGCAATTCATGGAATA	654.7207045996967	38.709565412493355	8.024876834127983	487.77595756842317	49.16358435652816	7.682027226875103	0.0	16.725152403936953	0.0	11.840742247463869
GSM4138115_HNSCC_3_TIL_GTCTCGTAGAAACCTA	158.808863473684	8.285657608151705	60.69137017011496	56.78542716790368	4.349395145628116	0.0	0.0	14.930189190619595	1.3158767053350584	0.0
GSM4138115_HNSCC_3_TIL_TAGCCGGAGTCGTTTG	160.19697633271375	0.0	0.0	1322.7535401169548	0.0	0.0	0.0	0.0	0.0	11.714601580957893
GSM4138115_HNSCC_3_TIL_TTAGTTCAGACAAGCC	248.51910082673933	118.92602057225875	65.08687053236706	596.0086721089765	0.0	10.278981397743696	86.52143851202128	0.0	0.0	24.323044339502722
GSM4138115_HNSCC_3_TIL_ACACCAAGTCCAGTGC	483.68221804850015	67.91434254385443	0.0	71.4843848528994	0.0	0.0	0.0	96.91791973238658	24.833258043411277	4.768539364230486
GSM4138115_HNSCC_3_TIL_AGCCTAACACACCGAC	386.6599074438317	9.230566165557004	20.58565704046316	32.37664333578736	1.356661373465614	0.0	40.022558216495106	177.8312237408262	46.35055721547491	3.307806273354089
GSM4138115_HNSCC_3_TIL_CTAATGGCACCCATGG	655.3374535249561	83.91024317703207	2.1185025500079764	0.0	0.0	8.843843193761721	0.0	75.64228457889817	32.42022671588547	12.242712048432074
GSM4138115_HNSCC_3_TIL_ATGAGGGTCCATTCTA	510.4604230258204	205.73901729402917	0.0	0.0	16.801579825333192	0.0	28.447703914503723	252.4398056626267	0.0	19.555123451488715
GSM4138115_HNSCC_3_TIL_GTCATTTGTATGGTTC	690.1776929859038	37.30513926472699	0.0	15.966442042223424	0.0	0.0	0.0	101.83338335302685	0.0	0.0
GSM4138115_HNSCC_3_TIL_CAGATCACAGACGCAA	438.25723953863934	184.82566502422932	0.0	80.37648120885763	89.76420982681118	17.866160215094734	0.0	101.05770346819205	0.0	1.6314342670783837
GSM4138115_HNSCC_3_TIL_AAACCTGAGCGATAGC	508.1558397767411	0.0	0.0	90.06728984749428	0.0	0.0	0.0	0.0	4.979700865355025	0.0
GSM4138115_HNSCC_3_TIL_AGAGTGGAGGCGTACA	620.4351431312228	14.257844495406491	37.45315967843314	83.55888759524348	10.779953600989167	6.999810355713487	0.10545944313351839	69.0935128594987	12.948416825877803	3.525540497634984
GSM4138115_HNSCC_3_TIL_ATTACTCGTAAATGAC	569.461318561085	118.18465080294519	85.75164665138233	0.0	5.940426400738487	62.50376812190886	0.0	12.832517897729085	51.02025083198503	0.0
GSM4138115_HNSCC_3_TIL_CCATGTCCAATGGATA	485.8709536980512	37.78046471378851	0.0	32.777143805573296	0.0	22.952710560565496	100.13040801534889	18.521398935218212	10.87456904288846	11.911503148810423
GSM4138115_HNSCC_3_TIL_CGTTAGATCGCAAGCC	504.73638579167584	146.9646569962843	0.0	0.0	27.098318172180896	0.0	61.45742393669036	193.87318749364917	0.0	0.0
GSM4138115_HNSCC_3_TIL_GTTCATTTCGCACTCT	454.1575233887701	81.92672491968477	49.965630255262774	0.0	204.1315650563939	10.108697784270264	84.88554117106787	54.23475783557332	13.571228548135823	0.0
GSM4138115_HNSCC_3_TIL_ACTGATGTCCACGTTC	629.21636469104	32.67847093451939	43.003230710582685	63.30297557799784	0.0	28.087671443701257	49.41098064075025	25.67409754439681	8.327770889208898	8.76772042214602
GSM4138115_HNSCC_3_TIL_CGGCTAGAGCGTTGCC	476.921473842342	0.0	3.6699298371101343	0.0	82.25830734386318	0.0	52.38003053065729	49.51483900506242	0.0	0.0
GSM4138115_HNSCC_3_TIL_GACTACAGTGCGATAG	465.1495201498123	6.592613537110394	15.805119029532957	36.67098175423619	73.97803256918688	22.522755022418615	0.0	45.921496329352465	87.03615447334974	0.0
GSM4138115_HNSCC_3_TIL_AACTTTCTCCCTCAGT	0.0	1884.4874183020804	0.0	0.0	3.6555391245891715	0.0	0.0	41.0701448697663	0.0	0.0
GSM4138115_HNSCC_3_TIL_ACGGGCTTCACCTTAT	0.0	1213.5997177986656	0.0	0.0	0.0	0.0	0.0	30.72852641092616	0.0	0.0
GSM4138115_HNSCC_3_TIL_ATTATCCGTGCCTGCA	138.48511899038232	1491.101089053754	0.08254795852426532	0.0	0.0	6.3335123303602865	35.83791399841873	0.0	0.0	0.0
GSM4138115_HNSCC_3_TIL_CCTCAGTAGCGTGTCC	0.0	1229.432615806314	0.0	45.349921106549324	0.0	1.6876680633900933	0.0	0.0	0.0	0.0
GSM4138115_HNSCC_3_TIL_CGCCAAGCACGAAACG	0.0	1401.1468677652183	0.0	4.029863376523224	0.0	0.0	0.0	0.0	0.0	6.084245167303919
GSM4138115_HNSCC_3_TIL_CGCTATCAGCCAGGAT	65.89214882636226	1228.5779558046577	41.12130029398911	23.701693668812922	0.0	6.842988080740684	10.740497126583405	0.0	40.68299923902777	0.0
GSM4138115_HNSCC_3_TIL_CGTGAGCAGAACTCGG	22.144962982721427	1107.1153370208708	0.0	26.201549794391067	0.0	0.0	0.0	12.969805775549494	27.88923828145249	0.0
GSM4138115_HNSCC_3_TIL_CTCGTACCAAACCCAT	94.56381374637779	957.9973834827308	30.360250873769733	0.0	109.17199815230015	0.0	33.660990163053384	0.0	0.0	13.649097422298683
GSM4138115_HNSCC_3_TIL_GATCTAGTCATGCATG	0.0	2852.6405658750787	0.0	0.0	91.08008449707053	0.0	206.92833975110295	0.0	0.0	0.5582220040457749
GSM4138115_HNSCC_3_TIL_GCATGATAGCAGCGTA	138.0921572451259	336.0868858513205	5.043676540617067	23.20847975815205	79.95888236801527	0.0	55.79463415873402	0.0	0.0	8.99228783491457
GSM4138115_HNSCC_3_TIL_GCATGCGCAAGTCTAC	199.9949712835727	255.1800757812891	15.657648478947102	0.0	64.2255647308956	0.0	74.91433939707058	18.415734910299392	21.35223093620392	0.0
GSM4138115_HNSCC_3_TIL_GTAACTGCAGGTCCAC	145.63324271379426	1196.4522861011394	0.0	16.508139672341226	0.0	0.0	19.78428013518664	56.66904872600372	39.704577962596645	0.0
GSM4138115_HNSCC_3_TIL_GTACTTTTCTCATTCA	0.0	1142.1391556984067	0.0	0.0	0.0	102.21980696863947	0.0	0.0	38.34922249755283	0.0
GSM4138115_HNSCC_3_TIL_GTGCAGCAGTGCCATT	17.525825037155503	1093.0649975945034	0.0	0.0	0.0	18.141446418542557	0.0	51.10462984271404	0.0	0.0
GSM4138115_HNSCC_3_TIL_GTTCGGGCAAACGCGA	0.0	1135.2127650180987	0.0	15.651133783338206	21.491581885523413	0.0	0.0	16.444189310503845	22.22195210818934	11.721053025452457
GSM4138115_HNSCC_3_TIL_TCTCTAATCGGTCTAA	0.0	1319.280891013552	0.0	13.369978560045492	0.0	0.0	0.0	0.0	9.588507060988398	0.0
GSM4138115_HNSCC_3_TIL_TGCCAAAAGGATCGCA	24.685333536190537	1117.3002648205074	0.0	0.0	39.063943904657236	0.0	0.0	41.465559284793756	0.0	6.844267628171818
GSM4138115_HNSCC_3_TIL_TGTGGTATCAACGCTA	0.0	1222.9283933755687	0.0	0.0	0.0	25.01523970660997	16.591353721942575	14.927736837260543	0.6059533498944846	0.0
GSM4138115_HNSCC_3_TIL_TTGGAACTCTTGAGGT	77.74106182297233	870.461548501382	0.0	11.975157436165373	38.30609892476815	0.0	0.0	0.0	32.1122070257475	13.609536674866835
GSM4138115_HNSCC_3_TIL_ACGTCAATCCGATATG	796.0548862352127	1.1466037357283934	0.0	10.03365300388248	0.0	0.0	0.0	16.844464211404418	3.7004296503287772	0.0
GSM4138115_HNSCC_3_TIL_AACCGCGAGACTAGAT	1057.5348408751975	90.73063042844791	55.16036563642527	22.971110264481585	0.0	8.734892367753975	99.54384079017024	60.89933454358499	18.305186813840507	0.0
GSM4138115_HNSCC_3_TIL_AACTCCCAGACTTTCG	1312.4828666291346	0.0	46.83290901077203	207.66380244760018	0.0	19.187439144182953	55.94235789029161	0.0	0.0	0.0
GSM4138115_HNSCC_3_TIL_ACTTGTTTCAGCTGGC	977.5899440950044	0.0	0.0	308.0419902894672	157.43931090710677	7.617695497408243	99.06823767485979	0.0	85.13310680685181	0.0
GSM4138115_HNSCC_3_TIL_AGTGAGGGTTGGTAAA	807.3175167444043	50.05281505064072	73.13550925548827	63.86098599979027	0.0	0.0	14.108389921459406	2.1088908711329024	0.0	4.532409916496246
GSM4138115_HNSCC_3_TIL_ATCCGAACATACTCTT	848.6298722700869	0.0	15.18931715851413	153.26882968376583	0.0	0.0	0.0	0.0	36.78708014013338	3.4037993963375324
GSM4138115_HNSCC_3_TIL_ATCGAGTGTACGAAAT	406.70566580013735	28.522785745285137	34.63456586390852	0.0	57.91409210297732	49.45590070067884	21.140659110432154	0.0	44.995641645073896	0.0
GSM4138115_HNSCC_3_TIL_ATGTGTGGTTACCAGT	336.03579528227493	0.0	22.171399831035572	119.71663429934239	91.14867221773937	7.80618689596394	53.936982597581775	0.0	0.0	5.6084875216378505
GSM4138115_HNSCC_3_TIL_CAAGATCGTCGAATCT	293.3150650099986	36.80190257493361	1.2236972182477608	41.96384502315397	32.491249585863564	0.0	0.0	16.19741249392968	33.196160005871434	0.0
GSM4138115_HNSCC_3_TIL_CATGACAGTCCGTGAC	751.7331051100351	39.91078692826572	0.0	149.79716372949022	60.624271599467676	1.522996408331211	36.5615431128204	0.0	38.87945864371764	0.0
GSM4138115_HNSCC_3_TIL_CCACTACAGACAAAGG	493.11806541473555	44.12590134265738	46.255167707129914	96.62582605733766	99.05433343277589	12.31412488680963	30.295743958486508	11.774366373042136	92.94550089608113	0.0
GSM4138115_HNSCC_3_TIL_CCTATTAAGAGTACCG	842.4817964046979	79.84296795319331	11.258194234462657	242.26559438485168	0.0	0.0	18.35001057366415	46.098206550559674	16.833077859234688	3.3848481414349716
GSM4138115_HNSCC_3_TIL_CCTTACGGTTCAGACT	628.9357095417425	35.381867520312966	110.68270844195936	65.39635362793231	1.8276678561561408	41.92463980547744	9.66417632847506	0.0	119.3332937022219	0.0
GSM4138115_HNSCC_3_TIL_CCTTCCCGTGTGTGCC	959.6021472844335	126.59235698956752	0.0	102.46508201191921	36.284125543247065	21.590828635619214	136.66533919405654	43.882431712258445	10.109667893315292	0.0
GSM4138115_HNSCC_3_TIL_CGAGCACGTTCCACAA	850.2294154039463	71.72516766563646	40.96989207587549	151.13014491019337	0.0	82.53548899402031	181.3830945608249	23.77983623191819	82.18470773857815	13.89130269594903
GSM4138115_HNSCC_3_TIL_CGGACTGAGCCCGAAA	1264.8753984586406	27.592141158002235	0.0	64.52576988653063	0.0	0.0	0.0	33.501526224638745	0.0	0.0
GSM4138115_HNSCC_3_TIL_CTAGCCTGTCGGGTCT	125.9420190256186	62.34557202718492	50.626452289202824	374.55738577536744	1.7614497107574387	0.0	280.07538893103174	15.60419492148627	28.534675105479707	18.774272187010954
GSM4138115_HNSCC_3_TIL_CTGCCTACATGCATGT	2139.374377400794	80.8032851899966	0.0	0.0	0.0	0.0	0.0	67.94292617388913	33.08680355679248	0.0
GSM4138115_HNSCC_3_TIL_GACCTGGTCGTCCGTT	693.518958528171	110.1746840431469	23.67245508980059	34.228571717626195	18.707185231906607	0.0	31.570533263651004	0.0	105.77564213692054	37.139731886609255
GSM4138115_HNSCC_3_TIL_GCACTCTCACGTTGGC	1735.5608368361122	10.033796969009362	48.779855681566275	17.840349751576287	1.186413399864431	0.0	24.699860545737028	178.2535398928159	0.0	0.0
GSM4138115_HNSCC_3_TIL_GCTTGAATCAACGGCC	874.4409191852242	37.4989335612194	129.1894005796901	19.33199374173385	0.0	0.0	27.07917849187825	0.0	88.31508338375272	14.059538617730343
GSM4138115_HNSCC_3_TIL_GTCACAAGTTGGAGGT	464.78007138482053	6.226773340626315	0.0	10.299564527133468	0.0	0.0	48.834996919732646	40.019720709746615	12.167511661053569	4.694904198092511
GSM4138115_HNSCC_3_TIL_TCAGCAAGTGGCAAAC	778.4937060284681	0.0	0.0	146.7750462999198	128.52098634753352	71.62312039365666	44.544713518520076	41.40504815447458	26.2494035475189	0.0
GSM4138115_HNSCC_3_TIL_TCAGCAATCAGTTAGC	2212.612364579848	61.47224269117976	39.24198995582837	0.0	52.25211995060727	0.0	123.55951117474277	0.0	13.088278842253496	10.283373352014088
GSM4138115_HNSCC_3_TIL_TCTTTCCCAGACAAGC	684.6177523443472	0.0	74.86958901896786	127.44994853007383	0.0	33.696346515732934	0.0	0.0	0.0	2.8424238496257055
GSM4138115_HNSCC_3_TIL_TGGCGCATCGAACTGT	523.3067335177941	0.0	14.191526949121519	67.61040767766575	0.0	23.7090362460823	20.386164508970737	48.83049743693317	4.7764244280205155	0.0
GSM4138115_HNSCC_3_TIL_AACCATGGTAAATGAC	1898.776563009238	0.0	611.7427025839836	0.0	0.0	0.0	47.73243866135471	10.251985549348019	0.0	0.0
GSM4138115_HNSCC_3_TIL_AACCGCGAGAAACCAT	616.9401211841425	0.0	102.06747741535123	0.0	152.65217858514052	36.40559641431103	97.27609768205492	11.734990712937025	38.52901046537962	0.0
GSM4138115_HNSCC_3_TIL_AAGCCGCGTACGCACC	1584.1122604615773	43.30427217537339	0.0	163.68818857917086	18.89181638461639	10.277411075123494	168.28148112501688	1.9673778876190502	78.12279674163851	0.0
GSM4138115_HNSCC_3_TIL_ACATCAGAGGCTAGGT	1116.6323367952443	26.682828588277733	65.15737103448289	238.8136558492285	24.868084040358276	0.0	0.0	0.0	59.88278540276372	12.98455223431692
GSM4138115_HNSCC_3_TIL_ACCTTTATCACCTTAT	1091.330208727691	90.45788042574867	1.040335799845527	81.60282721160468	0.0	0.0	0.0	87.13654109354133	0.0	0.0
GSM4138115_HNSCC_3_TIL_ACGATGTTCCCACTTG	1077.5297899929094	236.46819842730267	3.657052769846387	6.576812723651971	123.5893892818804	4.251818690282604	0.0	132.22228954161469	0.0	15.696782908349292
GSM4138115_HNSCC_3_TIL_ATTGGACCACCTCGGA	1071.306020742148	53.72972746411615	0.0	2.8805074064985248	91.96688423862604	6.24611988552506	14.7262863900472	92.63972712523382	0.0	7.182027028135783
GSM4138115_HNSCC_3_TIL_ATTTCTGTCCTCAACC	902.5061066229856	0.0	82.20299549427719	38.33620965968929	0.0	0.0	0.0	90.00336230611641	0.0	0.0
GSM4138115_HNSCC_3_TIL_CACACTCTCCGCAAGC	640.2234189276463	96.86724814224317	78.74712568383822	9.124947520188279	65.22878745169939	0.0	98.16071169275317	0.0	9.690221295571188	0.0
GSM4138115_HNSCC_3_TIL_CCTTACGTCTTGTCAT	651.9096385561093	73.0385245520782	33.18662788333426	93.46478595206136	46.05503428079302	0.0	0.0	0.0	48.43168841354885	0.0
GSM4138115_HNSCC_3_TIL_CTAAGACCACGAAGCA	542.5735689245464	25.02954238551379	28.77881066998765	68.63549290149822	0.0	0.0	101.35254662362621	45.719886156150395	40.65669268250812	0.0
GSM4138115_HNSCC_3_TIL_CTAGCCTCATGGTCAT	2004.1668268138326	0.0	3.732503135624654	366.2680436054321	17.548560488561947	0.0	0.0	0.0	36.82100447923098	25.3807802886839
GSM4138115_HNSCC_3_TIL_CTGGTCTTCTGGGCCA	1683.9220041578765	0.0	0.0	118.23008283963453	104.05577722570582	37.394344808713	18.800848256871646	33.07116378883287	29.896889794675694	39.14623689422485
GSM4138115_HNSCC_3_TIL_GACTGCGCAGCCTATA	432.2660101146744	87.8005936015417	63.69626436681548	13.769283260131633	78.13037429487106	0.0	0.0	8.491935611999645	28.571309368692066	3.364474909457451
GSM4138115_HNSCC_3_TIL_GCATGCGGTCAGCTAT	548.3590350149054	0.9701475493552939	83.27156484518372	119.67812697411217	117.87596705056856	0.0	48.93096128748919	4.5250100800703	3.8211711761208313	5.549240611669956
GSM4138115_HNSCC_3_TIL_GCATGTATCACAAACC	1745.194466782075	30.578291977036102	175.59363076848817	0.0	254.06512025185597	99.49406111962459	8.112678056026496	0.0	97.55258379207478	0.0
GSM4138115_HNSCC_3_TIL_GCGACCAAGCTGATAA	0.0	0.0	0.0	0.0	0.0	0.0	0.0	4508.041442885279	0.0	0.0
GSM4138115_HNSCC_3_TIL_GGAAAGCCATGCAACT	1468.4435677560634	0.0	33.099996692929174	461.2816409866439	0.0	0.0	0.0	0.0	41.39915499451349	0.0
GSM4138115_HNSCC_3_TIL_GTCTCGTAGGAGTCTG	980.8001585258219	106.07746390196672	125.54706508209924	46.713922001779615	96.9066552037641	46.188777587464685	105.65116359101853	65.18343052984426	46.71032900329267	4.6561822486738365
GSM4138115_HNSCC_3_TIL_GTCTCGTCAATGTTGC	1449.4362251496404	9.10916739285076	0.0	194.11519536454492	0.0	0.0	0.0	0.0	0.0	0.0
GSM4138115_HNSCC_3_TIL_TAAGTGCCATTGGGCC	1541.7200363559539	0.0	53.78675106748605	101.41342785796708	242.56359238866426	0.0	23.793583950312975	0.4621616518260192	0.0	0.0
GSM4138115_HNSCC_3_TIL_TACACGATCACCATAG	3293.9132191420545	0.0	0.0	0.0	22.825211256912013	0.0	145.22996165032922	0.0	0.0	0.0
GSM4138115_HNSCC_3_TIL_TCCACACCATTCTTAC	1515.6804862033175	128.84442147325814	0.0	0.0	0.0	0.0	0.0	152.90095517032998	0.0	0.0
GSM4138115_HNSCC_3_TIL_TCTTCGGTCCGAGCCA	212.10417285211804	137.0188149164286	31.101091055664952	34.026211285275835	30.072873989079962	36.31591752645763	256.1331968520129	52.92639498034366	397.948252219482	0.0
GSM4138115_HNSCC_3_TIL_TCTTTCCTCGCCATAA	361.7099807428841	0.0	26.59530349605826	147.4731944576817	0.0	0.0	0.0	0.0	13.339436096387479	0.0
GSM4138115_HNSCC_3_TIL_TTGGCAATCGAACTGT	1398.64048773346	54.475818929098125	101.40846791555111	31.064909476982034	141.77351406792482	78.6904918562275	102.33369575199849	38.87000226917668	145.68816758855792	0.0
GSM4138115_HNSCC_3_TIL_AGCAGCCAGAGGGCTT	616.0805382371817	67.53437806341603	39.27690218652673	0.0	0.0	10.829625749654017	45.1406711683161	0.0	68.78548523214702	0.0
GSM4138115_HNSCC_3_TIL_CCGTACTAGAAACCGC	558.7520574300337	701.6631884015557	124.48401802999717	20.051744201247107	82.4829377612299	0.0	0.7109902111695481	107.4251726446221	2.402173814605695	0.0
GSM4138115_HNSCC_3_TIL_ACGCCAGGTTTGTGTG	783.0408354701104	0.0	28.186265168224224	292.8702321402515	0.0	0.0	20.36902942200451	61.50278961207957	0.0	0.0
GSM4138115_HNSCC_3_TIL_ATGTGTGCAAGCGTAG	1005.6980024854215	152.83354682584707	0.0	0.0	0.0	41.94544097167867	0.0	182.55871036747422	0.0	0.0
GSM4138115_HNSCC_3_TIL_CAGCGACAGGTCATCT	1668.7215060072358	0.0	100.91572077592733	669.2553970665182	0.0	0.0	0.0	0.6161277131018933	0.0	20.97556710024159
GSM4138115_HNSCC_3_TIL_CATCGGGTCTACGAGT	748.6988677516229	44.60547345962421	30.51469034600539	128.29999082613995	0.0	8.361539578332778	101.44903793274884	0.0	24.926458501399384	3.172148761640021
GSM4138115_HNSCC_3_TIL_CTCGGGAGTGACCAAG	548.2244997885707	0.0	69.35602179985912	184.64910733983905	0.0	13.071531316716335	41.36532145556517	0.0	6.3995090391161105	0.0
GSM4138115_HNSCC_3_TIL_TATTACCCAGGACGTA	545.8789490674266	24.81799716225197	73.9644303181849	32.05045252975738	13.842954481361424	15.322111975294163	69.02929312932756	6.562711164639278	51.488879432823495	0.0
GSM4138115_HNSCC_3_TIL_TCTGGAAGTCCGACGT	494.68662696258036	0.0	82.10891589089049	230.70821024417515	0.0	36.38299638444861	0.0	0.0	0.0	17.76733211859504
GSM4138115_HNSCC_3_TIL_TTGCGTCGTTCCACAA	758.4449797946311	0.0	79.69186136709632	5.638049674497594	56.31576123942593	0.0	0.9054199743920353	44.97605621192036	14.495765485683435	0.0
GSM4138115_HNSCC_3_TIL_GATTCAGAGGCATTGG	0.0	73.78101262743377	584.0669494122526	0.0	6.143297774268223	0.0	0.0	92.74099443157311	96.03524291303884	0.0
GSM4138115_HNSCC_3_TIL_AGAGCTTTCGCGTTTC	0.0	0.0	1918.1988969830481	0.0	0.0	0.0	0.0	0.0	0.0	0.0
GSM4138115_HNSCC_3_TIL_CACACTCTCAACGGCC	122.01075921748985	9.373281255937366	1604.4634642760655	67.97250793591171	82.6227487993129	0.0	0.0	0.0	15.851137650072415	0.0
GSM4138115_HNSCC_3_TIL_CACAGGCAGTAGCCGA	0.0	0.0	1142.4222064785981	42.33540665971233	111.06766234352187	0.0	38.27460476026363	0.0	29.094160751298116	0.0
GSM4138115_HNSCC_3_TIL_CAGCCGAAGCTCTCGG	163.20827011440187	388.6646523480044	1628.7408037842445	0.0	76.41856779718927	89.59006223156865	79.11239640235843	24.77917503437167	0.0	11.69722504922438
GSM4138115_HNSCC_3_TIL_CATATGGGTTGAGGTG	92.86166733370813	0.17214064796627007	649.2986416365133	42.581327716945836	0.0	0.0	0.0	37.51722299547079	0.0	0.0
GSM4138115_HNSCC_3_TIL_CCTTCGACATGTTCCC	0.0	0.0	2218.638943649524	0.0	0.0	0.0	0.0	0.0	0.0	0.0
GSM4138115_HNSCC_3_TIL_CGTGAGCTCGATAGAA	40.0934013054841	0.0	118.00795206517815	0.0	0.0	0.0	13.926052330153796	0.0	0.0	0.0
GSM4138115_HNSCC_3_TIL_CTCGGGAGTTGCCTCT	56.46947348078397	19.16999076636081	640.5375106452832	4.597919350749469	53.231974996611946	46.880468493662036	0.0	0.0	0.0	0.0
GSM4138115_HNSCC_3_TIL_CTGATCCGTTCACGGC	0.0	0.0	2217.9723251140713	0.0	0.0	0.0	42.874672818986284	0.0	111.15870507046988	0.0
GSM4138115_HNSCC_3_TIL_CTTACCGGTTCGCGAC	0.0	0.0	2232.657322973368	0.0	0.0	0.0	0.0	0.0	0.0	0.0
GSM4138115_HNSCC_3_TIL_GACTACACATCTCGCT	20.57976174841785	0.0	1981.0776442925994	0.0	0.0	0.0	0.0	0.0	12.560859043364841	0.0
GSM4138115_HNSCC_3_TIL_GTAGTCACATTCACTT	58.6567259507609	0.0	332.5281134856395	32.61167558085151	6.035726036002066	0.0	0.0	0.0	3.256485023906564	0.0
GSM4138115_HNSCC_3_TIL_GTCTCGTTCGGTTAAC	5.06548154422953	136.6142537287678	2013.3433654620471	0.0	216.12047759055696	57.60721139625593	77.43472261639627	11.542316876174905	0.0	1.7492780892482542
GSM4138115_HNSCC_3_TIL_GTTCATTCACTTAAGC	47.561879441408166	2.5123205950973584	428.0874230989865	0.0	40.89247534174309	21.464207244640036	0.0	0.0	6.741202725876983	0.0
GSM4138115_HNSCC_3_TIL_TACTCATTCGGAGCAA	75.90573019809558	303.01455359729874	1719.073634799706	0.0	0.0	74.55809665820641	289.48725576770073	189.47664477513365	79.17001788716492	53.88775883757119
GSM4138115_HNSCC_3_TIL_TGACTAGGTTAAGTAG	149.13238254314268	0.0	240.8903004082566	60.06613470471515	93.85585304126818	0.0	0.0	0.0	0.0	0.0
GSM4138115_HNSCC_3_TIL_TGTCCCATCTGCTGTC	66.24009901821087	45.836769964004816	484.5284154883399	0.0	18.251295934690667	0.0	0.0	18.476940916367266	20.951854401378725	0.0
GSM4138115_HNSCC_3_TIL_TGTTCCGTCTGCGTAA	181.77654789818132	70.24717902344325	855.8002507280553	39.8983083740928	21.442974835072313	25.844982634884985	57.06525496639902	0.0	0.0	9.242022829113605
GSM4138115_HNSCC_3_TIL_TTTACTGGTCGGCATC	47.3654503344026	60.19241144644955	1379.562015175586	91.52838828444632	0.0	14.106176536434221	21.468796932177522	15.968797285043216	78.91933508168839	16.63031501248547
GSM4138115_HNSCC_3_TIL_ATTATCCTCGGCATCG	386.8967585556391	238.67017568605183	247.2412102553362	0.0	19.944032770466137	51.16977866135196	119.8573390202892	0.0	0.0	0.0
GSM4138115_HNSCC_3_TIL_AGAGCGAAGCAGGCTA	1067.1439304054834	0.0	0.0	28.659290812428576	74.32299705281785	26.037644540536895	0.0	0.0	23.874983288282607	0.0
GSM4138115_HNSCC_3_TIL_ATCCACCGTTGTGGAG	342.0439637932213	0.0	9.351136017812225	67.86227373713764	34.54764544780488	0.0	0.0	0.0	12.691573864766427	5.700033312113827
GSM4138115_HNSCC_3_TIL_ACACTGAGTAGCTAAA	0.0	0.0	0.0	0.0	0.0	0.0	0.0	0.0	0.0	1922.5053691342093
GSM4138115_HNSCC_3_TIL_AGCGGTCAGTGAATTG	0.0	44.68190054626766	0.0	28.324286167155705	69.94798323937756	481.29440361304853	41.37097604099678	44.00917550288318	58.179295741968154	4.903240751870773
GSM4138115_HNSCC_3_TIL_CCACCTAGTGCAGGTA	0.0	0.0	0.0	0.0	0.0	1274.1368443124063	0.0	0.0	0.0	133.63238379438624
GSM4138115_HNSCC_3_TIL_CTCACACCAACTTGAC	75.67744227309899	93.9447464658917	0.0	33.03658079219839	0.0	990.4585174267496	32.3670170269892	0.15457978793018787	0.0	104.42626412722916
GSM4138115_HNSCC_3_TIL_GACGTGCAGGTGCACA	128.2080846533877	1.0920044513915999	0.0	29.856612325501214	0.0	1352.3924513529907	0.0	22.329806739598443	0.0	120.33557226727336
GSM4138115_HNSCC_3_TIL_GAGGTGACAGTCAGAG	30.199705152911992	25.909069688253577	0.0	0.0	69.11676371075767	953.9267850200035	76.50486378010122	0.0	22.746927483959954	7.781273741224452
GSM4138115_HNSCC_3_TIL_GCAGCCAAGGTGTGGT	0.0	0.0	0.0	31.137427407392426	0.0	1137.0165111265906	0.0	6.712674773762443	0.0	0.0
GSM4138115_HNSCC_3_TIL_TACCTTACAAGCTGAG	0.0	21.049038116472865	0.0	0.0	0.0	1285.2905012148979	0.0	14.960531135627935	77.63859116270388	8.461833965699165
GSM4138115_HNSCC_3_TIL_TCACGAAAGCTACCTA	0.0	0.0	0.0	0.0	0.0	1744.462551055827	0.0	117.73395070392117	0.0	0.0
GSM4138115_HNSCC_3_TIL_TCGAGGCCAGCGTTCG	0.0	0.0	39.63363796809885	0.0	0.0	2583.4491340281124	48.25905140251496	0.0	0.0	0.0
GSM4138115_HNSCC_3_TIL_TCGAGGCAGAACAACT	101.48229433929356	52.46872523492996	18.116586006144978	19.250895188513145	169.54459339192007	0.0	8.265327141251088	17.11762725730394	65.05446613820908	3.255446235070857
GSM4138115_HNSCC_3_TIL_ACACTGATCAACACTG	370.17009529049426	222.28382380797015	14.680512940661842	0.0	308.97764301448916	94.06297130839917	0.0	21.243374061626927	16.900986363330407	9.024414699564918
GSM4138115_HNSCC_3_TIL_CAGCATACACGTCAGC	83.7836521636191	0.0	0.0	57.16499414000003	3360.6462057122417	0.0	0.0	0.0	0.0	0.0
GSM4138115_HNSCC_3_TIL_CATATGGAGTACACCT	267.19536277678026	15.975586120005598	4.429726021330737	10.579926309535566	244.93700943971575	3.4790947459236525	70.64895989723922	0.0	32.01917626636678	0.0
GSM4138115_HNSCC_3_TIL_CCCTCCTAGGGCTTGA	0.0	0.0	0.0	0.0	3718.034963148125	0.0	0.0	43.62150890399414	0.0	0.0
GSM4138115_HNSCC_3_TIL_CGAATGTCAGATGGGT	530.4878622459423	169.27313630621572	19.976666836008523	0.0	470.07339588945945	28.666466440561653	23.651948608818287	120.52605272769802	37.60515506818693	0.0
GSM4138115_HNSCC_3_TIL_CGGCTAGCAGCTGGCT	0.0	0.0	133.07146502817184	39.6911994398398	2193.0772140103036	93.2380656490062	483.4981304670398	103.45699447163291	352.1658436756272	8.284935618945097
GSM4138115_HNSCC_3_TIL_CGTGTCTTCTTCGGTC	355.4556277565563	96.12460898731248	62.70032436060176	0.0	503.00227834848283	61.626331090878466	133.13579592942034	19.975205007040024	59.269213584346836	0.0
GSM4138115_HNSCC_3_TIL_CTCGTCAGTCGCATAT	525.2944903505703	154.1756750308001	223.00409118003094	0.0	460.6894192839415	0.0	116.12152803100248	23.804471778878536	20.33247892103519	0.0
GSM4138115_HNSCC_3_TIL_GGTGCGTTCTCCTATA	0.0	0.0	0.0	0.0	0.0	0.0	5716.017266328703	0.0	0.0	0.0
GSM4138115_HNSCC_3_TIL_GTTCGGGAGACTACAA	0.0	0.0	0.0	0.0	0.0	0.0	0.0	0.0	3664.367684479122	0.0
GSM4138115_HNSCC_3_TIL_GTTCGGGTCACAATGC	0.0	0.0	0.0	157.54157711978644	2828.135598253112	0.0	0.0	0.0	0.0	0.0
GSM4138115_HNSCC_3_TIL_TGGCGCAGTTAGTGGG	144.17772150638064	198.7232541408524	112.21415891850278	78.871274419376	727.9251637014403	33.73660675381737	210.12440731905326	30.595439423067624	248.34087894361707	15.30540416577233
GSM4138115_HNSCC_3_TIL_TTTATGCTCACCTCGT	871.2873321467238	183.91137078092578	54.743620618767316	0.0	307.80014598527856	33.7232138303727	93.11629190527378	102.32382353215387	0.0	0.5393313652541631
