	1	2	3	4	5	6	7	8	9	10	11	12	13	14	15	16	17	18	19	20
GSM4138115_HNSCC_3_TIL_ACCTTTAGTACATCCA	144.76414361947553	103.23262417556816	0.0	176.34966088712017	122.23964274249681	0.0	23.42910279749543	0.0	0.0	0.0	22.530245655851154	16.98571414742632	38.3008562347458	0.0	8.274372073348234	0.0	0.0	0.0	8.661895437611289	0.0
GSM4138115_HNSCC_3_TIL_CAACCTCCATGCAATC	103.94104586205331	65.68233418972581	0.0	176.3508031492966	122.35528212795622	0.0	31.14157117638741	0.0	0.0	0.0	95.17602442301693	0.0	58.61447967521891	0.0	34.210972586136606	0.0	8.385342403214203	0.0	17.091888015991202	0.0
GSM4138115_HNSCC_3_TIL_CACACTCAGCCGCCTA	103.09707103751792	82.43628115767773	0.0	146.15161698207567	194.49103903600522	0.0	22.09425935978256	0.0	0.0	0.0	38.39051714204711	22.742307597042288	16.260718836750133	0.0	0.0	0.0	4.561382215273299	0.0	0.0	0.0
GSM4138115_HNSCC_3_TIL_CATGCCTTCAAAGTAG	192.31171288841924	87.01708531569439	214.71646599928812	227.83957423737073	0.0	0.0	50.91302021994159	0.0	0.0	72.93731538040579	0.0	22.620320231857104	34.868124700715256	83.21753267322843	0.0	0.0	22.59549940865765	0.0	0.0	0.0
GSM4138115_HNSCC_3_TIL_CATGGCGTCATCTGCC	113.12081000514245	101.18059050775263	110.2210164090565	148.55239914681707	0.0	0.0	47.966835040807155	0.0	0.0	0.0	40.86963294371002	0.0	26.152104752429636	0.0	12.60089044370614	0.0	0.0	0.0	22.600381697050544	0.0
GSM4138115_HNSCC_3_TIL_CCTTCGAGTTAAGAAC	75.28323218096233	111.81377764466033	0.0	173.25775824263607	135.58770999949286	0.0	19.593420347616973	0.0	0.0	0.0	0.0	33.55501304396933	15.679329744812462	0.0	0.0	0.0	10.045288094495872	4.637817119852529	0.0	18.052987915656868
GSM4138115_HNSCC_3_TIL_CGTGAGCAGATATGCA	99.23797180195506	210.56512093836753	0.0	0.0	183.14707655724172	233.84262367378986	58.76694105256826	22.52511581467827	0.0	0.0	0.0	36.960220448367245	0.0	0.0	0.0	12.384319038299086	108.4616872347525	0.0	0.0	0.0
GSM4138115_HNSCC_3_TIL_CTAATGGTCCTGCCAT	140.12471940915097	76.28390254678779	73.83142450218924	159.0420334386778	27.195502843001616	0.0	32.86412206695394	0.0	0.0	0.0	21.726131243414265	10.87936885843692	33.70159852126072	0.0	0.0	0.0	8.064388448867401	0.0	0.0	0.0
GSM4138115_HNSCC_3_TIL_TACTCGCAGCTAAACA	47.75700434292344	30.23913367477635	43.74283755279411	12.509348453637111	0.0	22.14844898367349	0.7211519205635029	0.0	0.0	43.11968502301464	0.0	0.0	3.121928557608204	18.07211804980632	8.49798857435245	0.0	0.0	0.0	5.53083204619929	0.0
GSM4138115_HNSCC_3_TIL_TTCTACACAGAAGCAC	59.0199899024326	36.53790323548802	69.61152320164776	0.0	0.0	49.96033669671674	0.0	20.35111928076527	0.0	0.0	0.0	0.0	7.711385097774702	0.0	0.0	0.0	0.0	0.0	9.330890803473904	0.0
GSM4138115_HNSCC_3_TIL_TTGGAACTCGTCGTTC	54.40419361303259	49.671199778610045	103.44957502026189	134.52169979527406	38.42672860965928	0.0	15.717785228178196	0.0	0.0	0.0	65.65880983799926	11.448255112249953	14.94585889579768	0.0	0.0	0.0	14.291244432722465	0.0	0.0	0.0
GSM4138115_HNSCC_3_TIL_GACCAATGTCGCTTCT	123.8620494638527	46.988220897332425	0.0	80.25997509912047	40.982175519813694	0.0	14.292912825095955	166.3173516632702	7.244003695756196	0.0	0.0	26.67026551624487	19.32895405363394	0.0	0.0	0.0	3.3885653156336684	0.0	0.0	0.0
GSM4138115_HNSCC_3_TIL_AAACGGGCAGATCCAT	134.56145038185795	92.85238149925326	217.4923297980809	68.70622758807927	0.0	0.0	35.391418507276285	0.0	0.0	65.98559801978875	143.7303679772233	22.849264958381358	21.20630521259647	0.0	0.0	0.0	78.14470427619705	0.0	0.0	0.0
GSM4138115_HNSCC_3_TIL_AACTCAGGTAAGTAGT	42.40420418978267	87.20376133366415	92.83277761076185	0.0	0.0	0.0	18.24354631613548	0.0	0.0	143.3813048794895	74.67331370735597	0.0	0.0	0.0	0.0	50.71677096062109	14.419590440343718	0.0	0.0	0.0
GSM4138115_HNSCC_3_TIL_ACTTGTTGTGCGATAG	88.03352141824665	69.23490857105679	0.0	156.8209321583803	134.6608236537384	0.0	36.162088468322004	0.0	0.0	62.68894374157293	0.0	7.067439135216073	66.103514624935	63.98457400063105	41.425245220962395	0.0	0.0	0.0	0.3195171308208268	0.0
GSM4138115_HNSCC_3_TIL_AGTCTTTCACTGAAGG	157.16404525866088	98.11642505374044	0.0	0.0	195.80765712964399	201.33186129913025	30.588606866479925	0.0	0.0	0.0	0.0	0.0	12.72283008910059	69.74210661903534	30.5584460694237	0.0	0.0	0.0	20.7108416498159	0.0
GSM4138115_HNSCC_3_TIL_CAAGATCGTGCAACGA	132.4400689914291	160.79781939560394	269.91332630727186	0.0	0.0	15.333261797142617	28.45348032992873	0.0	176.20980807908833	0.0	0.0	0.0	13.722281451396412	0.0	35.6626855188536	0.0	0.0	86.30173265680442	37.29361780859617	0.0
GSM4138115_HNSCC_3_TIL_CAGAATCAGCCCAACC	88.39736379670653	87.3023906862897	217.83367810632353	170.43673960086602	0.0	0.0	38.932672556768175	0.0	0.0	0.0	165.06067674870576	19.1369673508913	0.0	0.0	0.0	15.252309737366902	19.549610434412575	0.0	0.0	0.0
GSM4138115_HNSCC_3_TIL_CCGGTAGTCATAACCG	157.13119965872087	125.29247307901298	0.0	0.0	228.81906515943845	141.2999935795347	60.55968314649474	0.0	0.0	0.0	0.0	0.0	0.0	170.6921409850749	24.692056654540657	43.52344661420427	0.0	0.0	46.67911717718544	0.0
GSM4138115_HNSCC_3_TIL_CTCCTAGCAGATAATG	173.90772561275188	321.4706510160873	363.0066649621345	327.26697553909213	0.0	0.0	42.77232586635558	185.74872822395042	0.0	0.0	0.0	28.23238318621625	0.0	0.0	0.0	20.038859849717475	27.846275277377384	0.0	17.85073687513711	0.0
GSM4138115_HNSCC_3_TIL_GAACCTACATTGGGCC	85.89953476938233	80.20063340396051	49.253117816904314	0.0	0.0	0.0	13.667112447743536	0.0	0.0	96.48769222481909	0.0	0.0	30.60381559471245	39.70612529200867	0.0	0.0	9.921974551156863	0.0	11.588735411440208	0.0
GSM4138115_HNSCC_3_TIL_GGACGTCTCCTCAACC	74.08749152042877	48.213179185539055	90.05283804321853	0.0	0.0	72.86118015945112	7.892660669425649	0.0	0.0	0.0	0.0	0.0	21.144527842771293	24.444103489814864	0.0	0.0	0.0	0.0	25.161975820057773	0.0
GSM4138115_HNSCC_3_TIL_GGATGTTGTGTTTGTG	112.83070828448255	156.738386308705	0.0	0.0	149.2432376329178	125.41089274328588	47.06380746354325	0.0	0.0	0.0	124.54563769792532	0.0	0.0	0.0	0.0	7.548461795472487	37.33419913529943	0.0	11.587088028088075	0.0
GSM4138115_HNSCC_3_TIL_GGCAATTCATGGAATA	194.30238020282036	77.51209130085361	0.0	0.0	149.55954189104537	174.62577528500427	13.943324868369059	0.0	0.0	0.0	0.0	0.0	12.958420661504727	48.52526954538218	0.0	0.0	11.704460579915288	0.0	35.94223173792001	0.0
GSM4138115_HNSCC_3_TIL_GTCTCGTAGAAACCTA	39.24022563727196	31.408103835533772	0.0	0.0	23.215838146092484	0.0	0.0	0.0	41.657711632136795	12.262868821818232	18.523568431308107	0.0	1.9370293086876396	0.0	0.0	4.956516508017188	0.0	0.0	0.9099828136823268	0.0
GSM4138115_HNSCC_3_TIL_TAGCCGGAGTCGTTTG	102.42958741216933	101.64918633695959	136.08119025865523	0.0	0.0	0.0	11.181294901947162	0.0	50.03425364030251	102.561756147752	0.0	45.327584708512084	20.516149102522775	57.30288394076392	29.123202065168755	0.0	0.0	0.0	0.0	0.0
GSM4138115_HNSCC_3_TIL_TTAGTTCAGACAAGCC	56.46814829805964	90.74315956059723	0.0	103.38036868211702	220.74307200457545	0.0	26.68965972916996	0.0	0.0	0.0	0.0	41.280516276975554	27.500542667403792	0.0	0.0	0.0	10.882199177033472	0.0	0.0	59.96972453859445
GSM4138115_HNSCC_3_TIL_ACACCAAGTCCAGTGC	52.41677351311107	40.69563108603079	0.0	190.5003412134824	44.77010708998986	0.0	11.975288402512287	73.9014378999961	0.0	0.0	0.0	0.0	12.733845339653605	0.0	13.348674900176137	0.0	0.0	0.0	17.368012907340482	0.0
GSM4138115_HNSCC_3_TIL_AGCCTAACACACCGAC	40.1668280078213	51.21849790423902	0.0	219.1532338866649	93.32343197772907	0.0	4.502969748259809	0.0	0.0	0.0	0.0	10.034175884131377	19.546891076645945	0.0	6.007797308020318	0.0	0.0	67.30654458523401	0.0	0.0
GSM4138115_HNSCC_3_TIL_CTAATGGCACCCATGG	92.71760386028997	65.0444396331849	0.0	182.1458409437971	52.746321631351854	0.0	12.601331859409779	0.0	0.0	0.0	80.6876906432877	24.65023097947484	32.27660719605329	0.0	0.0	0.0	11.766395057365031	0.0	0.0	0.0
GSM4138115_HNSCC_3_TIL_ATGAGGGTCCATTCTA	136.67684466826228	66.69194650606366	121.17840839572074	306.3619516722727	0.0	0.0	37.39487857640753	0.0	0.0	0.0	0.0	22.216909481429425	27.312045433337378	0.0	0.0	0.0	9.866337769920285	0.0	0.0	0.0
GSM4138115_HNSCC_3_TIL_GTCATTTGTATGGTTC	113.41688252639291	30.83555904486731	0.0	200.51673175998377	52.9083647371625	0.0	26.724459862669345	0.0	0.0	0.0	0.0	0.0	52.45176719215798	19.474874463676574	0.0	0.0	0.0	0.0	12.059478970574808	0.0
GSM4138115_HNSCC_3_TIL_CAGATCACAGACGCAA	174.2594658878571	55.516967467379814	0.0	183.33216596694828	66.3976707787773	0.0	17.027676807449105	0.0	0.0	0.0	33.71562908651499	14.320674173365969	51.68202907455359	0.0	16.24599874225421	0.0	0.0	0.0	0.27615396980157536	0.0
GSM4138115_HNSCC_3_TIL_AAACCTGAGCGATAGC	60.815591278088235	49.95489010508361	0.0	74.028564728557	57.337785954341754	0.0	14.126025474061173	0.0	0.0	0.0	0.0	0.0	5.934398963039732	46.179252986352246	1.30784628740355	0.0	0.0	0.0	10.610498837058248	0.0
GSM4138115_HNSCC_3_TIL_AGAGTGGAGGCGTACA	94.06835822884925	67.99790393654888	0.0	169.88150550145542	89.08518783776827	0.0	20.72549014253858	0.0	0.0	0.0	52.63791838150721	16.768995135366577	24.946675307276973	0.0	0.0	0.0	10.94572176757694	0.0	0.0	0.0
GSM4138115_HNSCC_3_TIL_ATTACTCGTAAATGAC	158.52142282184508	73.4219658758763	0.0	95.50946405008023	53.95469929133657	21.261531528884973	54.26574461427965	84.92305855757796	0.0	0.0	0.0	3.824433091722661	0.0	0.0	0.0	35.87407051653958	8.003365992924698	0.0	0.0	0.0
GSM4138115_HNSCC_3_TIL_CCATGTCCAATGGATA	33.098294505807154	114.82719548968313	152.92881275845602	93.54778150351434	0.0	0.0	16.05398157540123	0.0	0.0	0.0	30.764982861258098	21.367796142101593	14.838424317202826	0.0	0.0	0.0	18.083947527774928	0.0	0.0	0.0
GSM4138115_HNSCC_3_TIL_CGTTAGATCGCAAGCC	90.95227272045567	56.760057581315195	124.04760184120856	236.26270845899444	0.0	0.0	143.6390344236676	16.349066361456035	0.0	28.390143024852883	0.0	0.0	7.494172862960071	0.0	0.0	0.0	37.39287627134964	0.0	0.0	0.0
GSM4138115_HNSCC_3_TIL_GTTCATTTCGCACTCT	204.57406460179843	119.02904550011868	153.40292234732465	0.0	0.0	15.02162519947306	14.783321147478459	42.46499389525523	120.35740116683353	0.0	0.0	0.0	0.0	0.0	0.0	24.91644399624183	10.956841220635853	0.0	0.0	0.0
GSM4138115_HNSCC_3_TIL_ACTGATGTCCACGTTC	103.47662789576425	64.1761582270148	138.52543028949972	34.010696822500115	0.0	0.0	11.593879103360502	0.0	0.0	95.63322514882766	43.21615347098725	20.911219011576037	16.102539568619974	0.0	57.06061995451057	0.0	0.0	0.0	0.0	0.0
GSM4138115_HNSCC_3_TIL_CGGCTAGAGCGTTGCC	98.28942279340426	57.40118180146435	116.70078482226143	0.0	0.0	0.0	13.395960058011052	23.216799510348018	128.3749056434631	0.0	0.0	8.274450930877274	0.0	0.0	0.0	10.76123776961923	0.0	0.0	0.0	0.0
GSM4138115_HNSCC_3_TIL_GACTACAGTGCGATAG	69.27335778827452	88.45235967138551	0.0	0.0	57.70992281873526	118.40359728821545	10.938831734051828	117.06392752521512	11.887715974307296	0.0	0.0	7.402455853530179	0.0	0.0	0.0	13.373462383856076	20.843630099748975	0.0	0.0	0.0
GSM4138115_HNSCC_3_TIL_AACTTTCTCCCTCAGT	214.938819049005	134.0864467750566	249.73903207401236	0.0	0.0	0.0	37.26260684593665	106.18260776159899	0.0	281.29929379356304	0.0	18.888683164462122	19.982445772531733	0.0	27.143968896998565	0.0	0.0	0.0	0.0	0.0
GSM4138115_HNSCC_3_TIL_ACGGGCTTCACCTTAT	144.75884272971135	70.40789918156713	102.34315153315234	0.0	0.0	0.0	35.47171212428859	62.529903181593816	0.0	192.09243740122633	0.0	0.0	46.11770278107058	0.0	15.255412022421785	0.0	0.0	0.0	11.04434624977813	0.0
GSM4138115_HNSCC_3_TIL_ATTATCCGTGCCTGCA	196.90934108001335	166.92704971438235	247.66242603997475	119.86680585037091	0.0	0.0	44.15985241723217	85.1730985536866	0.0	68.35235869035384	0.0	14.639273110303938	29.535912532049668	0.0	0.0	0.0	16.003184037765532	0.0	0.0	0.0
GSM4138115_HNSCC_3_TIL_CCTCAGTAGCGTGTCC	153.59331617323824	92.86641222373308	143.6342011056343	134.77836123585774	0.0	0.0	32.006943775275786	57.16535400925308	0.0	0.0	0.0	8.89994208904464	26.231262590671804	0.0	27.499414112350465	0.0	8.700832256335135	0.0	0.0	0.0
GSM4138115_HNSCC_3_TIL_CGCCAAGCACGAAACG	123.56372676887742	140.52301777372878	208.64489348001305	0.0	0.0	0.0	47.543599727508955	47.61052241673019	0.0	149.20082897147307	0.0	0.0	12.20474456692271	0.0	17.475301565823738	0.0	0.0	0.0	31.25958500481657	0.0
GSM4138115_HNSCC_3_TIL_CGCTATCAGCCAGGAT	131.84274517527342	69.12472142314894	216.93152622568843	0.0	0.0	0.0	36.711870656369626	135.07993136939476	0.0	172.50366566387348	0.0	0.0	26.632446280775227	0.0	16.186681220813295	0.0	0.0	0.0	14.846604300887982	0.0
GSM4138115_HNSCC_3_TIL_CGTGAGCAGAACTCGG	146.54157321004877	100.12616138183861	125.87440792775472	0.0	0.0	0.0	12.558434291008457	101.2872499817914	0.0	158.77933482798628	0.0	0.0	4.146783964170196	0.0	21.900487705736825	0.0	0.0	0.0	14.627418367939953	0.0
GSM4138115_HNSCC_3_TIL_CTCGTACCAAACCCAT	181.66229203098467	99.34917853108932	190.48336874789317	0.0	0.0	0.0	42.00380029330486	66.64339331424186	0.0	130.1063615996747	0.0	0.0	12.431682138202097	0.0	25.03096371018893	0.0	0.0	0.0	31.66700679688452	0.0
GSM4138115_HNSCC_3_TIL_GATCTAGTCATGCATG	369.67586118511207	270.5611872355143	0.0	296.75762930416323	587.4215764489905	0.0	85.19111781258705	0.0	0.0	0.0	110.45942066502825	42.512029318248395	64.51617479592423	0.0	2.836109818818636	0.0	52.95920471665259	0.0	1.6809875328245671	58.53152987190268
GSM4138115_HNSCC_3_TIL_GCATGATAGCAGCGTA	148.29676928856836	44.99834451266917	126.04394909182274	0.0	0.0	0.0	15.907249589420676	0.0	31.278516298853482	0.0	0.0	0.0	0.0	0.0	0.0	9.995238322840414	0.0	26.915463221142286	17.38688025454607	0.0
GSM4138115_HNSCC_3_TIL_GCATGCGCAAGTCTAC	50.11479357589942	81.29056603746646	141.853886379694	0.0	0.0	0.0	7.412250765035378	51.123622350016596	29.775809722219464	59.18279465127273	0.0	8.71152545463893	0.0	0.0	0.0	6.765350766744162	0.6783324698531152	0.0	0.0	0.0
GSM4138115_HNSCC_3_TIL_GTAACTGCAGGTCCAC	120.90089091505632	91.71031021977076	218.33294501594366	0.0	0.0	0.0	49.88146947650742	129.73858293810827	0.0	234.55278132452676	0.0	5.613823067016238	0.0	0.0	11.836808490667355	14.874467607645158	0.0	0.0	17.48446175671019	0.0
GSM4138115_HNSCC_3_TIL_GTACTTTTCTCATTCA	69.11314520573568	71.090113647727	169.9585608050668	0.0	0.0	0.0	48.17204113743888	127.08154774522407	134.69633402618493	0.0	0.0	18.451899479195042	0.0	0.0	77.28852270705436	21.38869755187823	0.0	0.0	0.0	0.0
GSM4138115_HNSCC_3_TIL_GTGCAGCAGTGCCATT	68.25606699768439	98.52054733015653	125.95260632997966	0.0	0.0	0.0	65.26546200988666	67.35010982910006	0.0	194.91199256563374	0.0	12.481180936287869	34.54337650914865	0.0	18.965398276823606	0.0	3.501618802795516	0.0	0.0	0.0
GSM4138115_HNSCC_3_TIL_GTTCGGGCAAACGCGA	123.20330273785488	49.32827096082873	161.27654740271396	0.0	0.0	0.0	74.82848938080512	101.71385859424284	0.0	158.27006031908212	0.0	4.321342555766127	7.093230373837578	0.0	38.01453218240575	0.0	0.0	0.0	23.893918693415007	0.0
GSM4138115_HNSCC_3_TIL_TCTCTAATCGGTCTAA	94.38479574329065	117.67048085718663	179.38497695248475	0.0	0.0	0.0	12.029098085382527	0.0	0.0	124.77894951268156	0.0	8.387050397772127	67.4118710669863	111.7970543665459	0.0	0.0	13.768873825434385	0.0	0.0	0.0
GSM4138115_HNSCC_3_TIL_TGCCAAAAGGATCGCA	146.74617871129047	85.28466660426943	126.9108421933028	0.0	0.0	0.0	37.853602531680785	74.27730630290795	0.0	192.73825597818157	0.0	27.547764820398804	20.19542019176808	0.0	11.371697222485821	0.0	0.0	0.0	0.0	0.0
GSM4138115_HNSCC_3_TIL_TGTGGTATCAACGCTA	81.00744890324717	107.11969572456938	196.48405467169528	0.0	0.0	0.0	27.52526631694416	83.52822819387441	0.0	164.16423389367745	0.0	0.0	42.71215632733281	0.0	42.92129627283281	0.0	0.0	0.0	16.5567754348801	0.0
GSM4138115_HNSCC_3_TIL_TTGGAACTCTTGAGGT	94.89739156483726	88.53085714475198	126.31986413207018	0.0	0.0	0.0	54.9741792950016	0.0	0.0	123.32624503704842	0.0	27.91953944737494	0.23732622618068513	95.88288735771933	8.647481883327274	0.0	9.038362233400873	0.0	0.0	0.0
GSM4138115_HNSCC_3_TIL_ACGTCAATCCGATATG	87.3155628790609	78.60262598499733	0.0	137.88998225780577	32.93703265077517	0.0	41.93634338866105	0.0	0.0	0.0	58.40333439798607	9.840333330691305	18.365726696069437	0.0	19.57506566422564	0.0	0.0	0.0	0.0	0.0
GSM4138115_HNSCC_3_TIL_AACCGCGAGACTAGAT	114.45897031528857	93.30709900207292	253.61804836625075	0.0	0.0	252.3693399942156	28.631107700449252	92.86189996009338	0.0	0.0	0.0	11.196078633631386	22.925391036123486	0.0	0.0	0.0	24.818983562790304	0.0	7.447472074558579	0.0
GSM4138115_HNSCC_3_TIL_AACTCCCAGACTTTCG	163.37855310245124	113.10502454648258	256.51994448770995	0.0	0.0	228.67626421791286	41.668945423223185	0.0	0.0	0.0	77.74446109905087	19.922922682191885	0.0	0.0	0.0	34.678566715739564	28.816815391589856	0.0	6.780696559845977	0.0
GSM4138115_HNSCC_3_TIL_ACTTGTTTCAGCTGGC	219.2809055795491	147.9292740193283	74.8855479264162	107.50889241335314	190.77253684105622	48.07970505499236	47.18641693650649	0.0	0.0	0.0	12.831246996420466	2.8822459980606134	7.259415081893813	147.67204192083585	0.0	11.433082751121837	20.37643977131319	0.0	9.181231872827778	0.0
GSM4138115_HNSCC_3_TIL_AGTGAGGGTTGGTAAA	102.54582263180468	88.7222881099507	138.26864251885985	0.0	2.5266779338411243	151.14383728322824	27.11788751394718	0.0	0.0	0.0	33.99720893495571	3.0896275674891367	9.429844007140698	0.0	0.0	0.0	21.774445375993135	0.0	19.250726083554177	0.0
GSM4138115_HNSCC_3_TIL_ATCCGAACATACTCTT	134.33727008321625	64.44596415575991	103.7589527994809	0.0	19.158423952445553	117.64098781853798	25.238419308852926	97.34348799900775	2.4044453809332715	0.0	0.0	23.74299214618081	8.323362425113933	0.0	0.0	2.257794962383036	6.879956914827852	0.0	0.0	0.0
GSM4138115_HNSCC_3_TIL_ATCGAGTGTACGAAAT	44.93449236993667	105.86372933691325	76.87171134392311	0.0	0.0	67.18127262750427	19.165852910098724	67.10905740112064	0.0	0.0	0.0	0.0	38.21268122676546	0.0	19.259339117731475	0.0	4.181491985252772	0.0	0.0	0.0
GSM4138115_HNSCC_3_TIL_ATGTGTGGTTACCAGT	72.3886768502947	72.80749901533416	128.51951249381955	0.0	0.0	0.0	9.755280461707247	33.29853425140479	36.002241672838764	0.0	0.0	0.0	0.0	0.0	1.2843682372873602	16.80696141310826	0.0	0.0	15.597048786527262	0.0
GSM4138115_HNSCC_3_TIL_CAAGATCGTCGAATCT	44.8144911819826	42.4972861600844	0.0	0.0	50.0558294115653	0.0	13.607377899121404	0.0	72.54268735786458	0.0	0.0	2.123632798869166	8.740032983841818	56.18591040021824	0.0	0.0	0.0	0.0	0.0	0.0
GSM4138115_HNSCC_3_TIL_CATGACAGTCCGTGAC	185.40241905777344	47.279644942006136	0.0	0.0	160.99714671126256	94.36244344502272	30.07636286583672	93.71223539949081	6.525300670761925	0.0	0.0	0.0	9.129518354860204	0.0	0.0	0.0	24.283746335839563	0.0	11.832786184439883	0.0
GSM4138115_HNSCC_3_TIL_CCACTACAGACAAAGG	109.08264011466211	92.28151930993856	0.0	0.0	117.67840840311158	112.28819297065787	24.705855090697703	0.0	0.0	0.0	132.7751392185643	1.572754254974785	8.34767804089866	0.0	0.0	4.3309722024187804	8.937746303982015	0.0	11.222145801007363	0.0
GSM4138115_HNSCC_3_TIL_CCTATTAAGAGTACCG	108.61829198915217	90.7028723013674	0.0	203.88280619552327	159.33611134467787	0.0	71.07463631390658	0.0	0.0	0.0	0.0	26.521175326787798	28.340977136367318	83.17273711174771	0.0	0.0	0.0	0.0	0.0	0.0
GSM4138115_HNSCC_3_TIL_CCTTACGGTTCAGACT	105.94307222968419	118.75534956974712	52.42026006045019	0.0	50.27938319282035	77.48037027526628	55.354361183626196	0.0	2.4549543218061443	0.0	0.0	0.0	0.0	0.0	0.0	25.225282051402335	30.367445609224887	145.44309255124844	0.0	0.0
GSM4138115_HNSCC_3_TIL_CCTTCCCGTGTGTGCC	146.85842384933096	96.23151825495519	204.68766787788326	214.37794538107224	80.80755980239618	0.0	51.257248302793315	0.0	0.0	0.0	77.16025459604558	0.0	17.15224260473093	0.0	43.38698359502516	0.0	0.0	0.0	12.6560030348724	0.0
GSM4138115_HNSCC_3_TIL_CGAGCACGTTCCACAA	90.05771155408905	104.26210067334019	0.0	0.0	325.7083104767868	179.87564288958978	18.805205969167705	148.364121287247	6.836192771119013	0.0	0.0	36.55909271544598	0.0	0.0	0.0	56.27282567939906	30.66212850324005	0.0	0.0	0.0
GSM4138115_HNSCC_3_TIL_CGGACTGAGCCCGAAA	223.65511540517613	60.45394347381121	0.0	232.52836818981578	150.25122284601466	0.0	29.2039616703747	0.0	0.0	0.0	0.0	0.0	36.86042699430586	42.87975075208274	26.899731969540237	0.0	0.0	0.0	14.328456590490491	0.0
GSM4138115_HNSCC_3_TIL_CTAGCCTGTCGGGTCT	28.68382535945751	49.65817516534394	356.6025632919507	85.09558491566503	0.0	0.0	14.487347110579046	0.0	0.0	0.0	0.0	0.0	0.0	0.0	0.0	6.438114650037545	34.64736768170117	62.220735512153055	27.62236452981762	0.0
GSM4138115_HNSCC_3_TIL_CTGCCTACATGCATGT	278.56406961206983	172.2853597480015	164.66777993548843	413.34363504007257	39.70794570706155	0.0	54.02611881299837	0.0	0.0	0.0	165.29015022917815	0.0	18.655446148441683	8.375581402541817	0.0	0.0	24.456443654095423	0.0	42.56367369239872	0.0
GSM4138115_HNSCC_3_TIL_GACCTGGTCGTCCGTT	118.55733729814628	159.88121882503327	0.0	0.0	101.30416215251361	86.83267311338106	95.52883883525455	120.61992430869238	0.0	0.0	0.0	47.91581597780154	13.24081070256467	0.0	0.0	0.0	3.905070340974833	0.0	0.0	0.0
GSM4138115_HNSCC_3_TIL_GCACTCTCACGTTGGC	202.27194216220641	136.89823101610924	250.2685179406643	438.23011836780563	0.0	0.0	101.33865455715816	0.0	0.0	0.0	0.0	19.122816548738108	52.46052706818072	71.4991924642572	30.371044243659874	0.0	0.0	0.0	9.406735880029396	0.0
GSM4138115_HNSCC_3_TIL_GCTTGAATCAACGGCC	59.547967365226434	135.4526731324643	0.0	0.0	160.23527329277638	100.2101544756929	21.86460897042829	145.4651163139903	56.64531532496027	0.0	0.0	33.32964265828503	0.0	0.0	0.0	10.414706195649437	5.954136834569896	0.0	0.0	0.0
GSM4138115_HNSCC_3_TIL_GTCACAAGTTGGAGGT	45.65265622101322	36.90652389901288	108.77717275554652	0.0	0.0	115.9197480798864	16.656680405112038	0.0	0.0	0.0	40.57922657254914	12.983326731968157	1.1165754217023562	0.0	0.0	0.0	0.0	0.0	0.0	0.0
GSM4138115_HNSCC_3_TIL_TCAGCAAGTGGCAAAC	132.30577387491192	169.71924310065205	156.45458739395724	0.0	0.0	184.96833603771591	35.7248295372898	0.0	0.0	0.0	73.99283594654473	0.0	10.411252152347586	0.0	0.0	0.0	32.00958611881886	0.0	20.867954839645463	0.0
GSM4138115_HNSCC_3_TIL_TCAGCAATCAGTTAGC	330.1328072872941	180.06065477480905	406.7061088903992	308.8389295859212	0.0	0.0	69.50972743123786	0.0	0.0	14.848966585684982	0.0	0.0	62.441601220879996	138.09226407200228	0.0	0.0	35.28188338801478	0.0	52.95033379552448	0.0
GSM4138115_HNSCC_3_TIL_TCTTTCCCAGACAAGC	110.63834008120821	56.67022975311536	37.015065685676156	0.0	85.27514304258192	55.68801777163341	21.703115311534795	0.0	55.51535523441669	0.0	0.0	21.49128013381048	11.176666348403213	31.355457444323264	26.69573475263274	9.004559494590584	0.0	0.0	0.0	0.0
GSM4138115_HNSCC_3_TIL_TGGCGCATCGAACTGT	53.21495402253398	117.83852533449164	0.0	0.0	76.23963562341734	0.0	12.541550085734793	28.979153047816702	130.3362640154504	0.0	0.0	6.983465064559048	0.0	0.0	0.0	20.79741236706376	2.7157966200713783	0.0	0.0	0.0
GSM4138115_HNSCC_3_TIL_AACCATGGTAAATGAC	275.0809682780402	119.13262525906516	396.35680883790786	0.0	0.0	0.0	64.11093075919302	0.0	411.7022566752685	0.0	0.0	50.2071695404826	0.0	0.0	10.045568524066647	19.651650299060307	0.0	0.0	0.0	147.2728578071554
GSM4138115_HNSCC_3_TIL_AACCGCGAGAAACCAT	123.21533096815804	110.2975924386596	201.40260324058937	0.0	0.0	0.0	18.992219951278642	71.185924036052	136.64525562114716	0.0	0.0	1.7856147215936014	0.0	0.0	0.0	14.239144019084263	19.707683019544604	0.0	0.0	18.198117356334077
GSM4138115_HNSCC_3_TIL_AAGCCGCGTACGCACC	132.8852838190834	326.7361599996751	0.0	184.1195728092157	343.68573580661354	82.6169431048534	41.1617256977058	0.0	0.0	0.0	151.29230097286168	22.104551724702734	38.19057347819277	0.0	0.0	0.0	13.659606732322779	0.0	0.0	0.0
GSM4138115_HNSCC_3_TIL_ACATCAGAGGCTAGGT	139.1415080794936	183.79798348493313	0.0	0.0	168.01879386210328	0.0	35.89279911279316	135.8849027493162	169.29408606349517	0.0	0.0	38.34472681932343	0.0	0.0	0.0	13.457882702716072	25.45851588871621	0.0	0.0	0.0
GSM4138115_HNSCC_3_TIL_ACCTTTATCACCTTAT	198.66486829077903	61.10930718601982	74.1185787532894	0.0	82.50853868231091	273.08470111802023	28.83633443534432	52.20389062720789	0.0	0.0	0.0	0.0	26.863656500941378	0.0	0.0	0.0	13.725375931415204	0.0	23.714587819776526	0.0
GSM4138115_HNSCC_3_TIL_ACGATGTTCCCACTTG	295.38682054540175	70.29308604760946	132.6711614124163	310.8019031694195	0.0	0.0	97.05819296558212	0.0	0.0	0.0	0.0	37.39692185001464	71.96837225857236	56.25121638821566	0.0	0.0	10.194184387095051	0.0	0.0	0.0
GSM4138115_HNSCC_3_TIL_ATTGGACCACCTCGGA	224.49085377887462	101.23992133784597	146.99582120917916	252.1784310693485	0.0	0.0	36.83974574028336	0.0	0.0	0.0	54.613739140883006	27.470803766155424	19.43534482815537	0.0	34.52411569813111	0.0	0.0	0.0	0.0	0.0
GSM4138115_HNSCC_3_TIL_ATTTCTGTCCTCAACC	88.63900923683956	72.77521375369747	28.86937625561056	0.0	121.70551003214149	0.0	18.876386563274732	28.831051903264157	258.3550429007416	0.0	0.0	15.940492501991038	0.0	0.0	0.0	18.108690597669625	1.1539997887348443	0.0	0.0	0.0
GSM4138115_HNSCC_3_TIL_CACACTCTCCGCAAGC	130.53429067832425	60.872124501060696	211.79146586547026	0.0	0.0	118.25216275672547	30.16842424834086	61.88916520077305	0.0	0.0	0.0	7.330303901746508	0.0	0.0	0.0	4.055417834624246	15.246540176224837	0.0	0.0	0.0
GSM4138115_HNSCC_3_TIL_CCTTACGTCTTGTCAT	190.25231998590812	65.4743206531216	0.0	0.0	54.15721500852873	0.0	22.796577124399644	97.69268507727567	105.27958024114264	0.0	0.0	9.497339118597969	0.0	0.0	0.0	14.171480986814329	8.938090287703822	0.0	0.0	0.0
GSM4138115_HNSCC_3_TIL_CTAAGACCACGAAGCA	65.86493631459757	54.087416033837464	182.3457495215498	0.0	0.0	148.43416411695796	23.211476521046688	0.0	0.0	0.0	0.0	1.2247887099715489	0.0	0.0	0.0	4.165289524461657	9.04732629850979	77.71852499625176	0.0	0.0
GSM4138115_HNSCC_3_TIL_CTAGCCTCATGGTCAT	295.49777442112486	178.94461521456597	0.0	0.0	279.32114578661685	337.68883310950423	54.019334486715685	0.0	0.0	0.0	170.8757471864765	0.0	42.82191177586143	0.0	0.0	0.0	15.880745464948694	0.0	73.65387133413735	0.0
GSM4138115_HNSCC_3_TIL_CTGGTCTTCTGGGCCA	248.08995868697986	201.29873842907008	235.29042623000313	301.83571016678815	0.0	0.0	37.939651182877874	0.0	0.0	0.0	130.56431321266032	72.60702119123198	83.08183777832511	0.0	0.0	0.0	12.895636971386843	0.0	0.0	0.0
GSM4138115_HNSCC_3_TIL_GACTGCGCAGCCTATA	122.28491535692919	25.908492884296695	0.0	92.93000501083783	61.76319947170677	0.0	74.74221131822264	0.0	0.0	0.0	0.0	0.0	23.181811400156842	66.73158821823564	0.0	0.0	12.093943036310737	0.0	13.502267083260673	0.0
GSM4138115_HNSCC_3_TIL_GCATGCGGTCAGCTAT	135.56765550106465	126.49928470750875	0.0	0.0	133.0649845545417	112.03998796916245	36.44594870280307	38.96487081567642	0.0	0.0	0.0	18.7528051785173	0.0	0.0	0.0	4.511566527738641	7.933278804781339	0.0	0.0	0.0
GSM4138115_HNSCC_3_TIL_GCATGTATCACAAACC	255.56299100710558	241.98752025855882	122.98088692746461	0.0	162.6023247874731	0.0	66.21144779370512	232.43448433382687	336.7819316349465	0.0	0.0	42.36843865455739	0.0	0.0	33.242861840577554	50.41011428296058	0.0	0.0	0.0	0.0
GSM4138115_HNSCC_3_TIL_GCGACCAAGCTGATAA	0.0	0.0	0.0	0.0	0.0	4422.017832205929	0.0	0.0	0.0	0.0	0.0	0.0	0.0	0.0	0.0	0.0	0.0	0.0	0.0	0.0
GSM4138115_HNSCC_3_TIL_GGAAAGCCATGCAACT	153.18612656280192	246.7091957912157	184.88594630214467	0.0	42.309485146781846	237.36091939100803	46.90981853638514	0.0	0.0	0.0	0.0	34.01893088719795	0.0	98.38562656007245	0.0	21.67264350102354	11.964415243215386	47.74589455167981	1.7014976963813362	0.0
GSM4138115_HNSCC_3_TIL_GTCTCGTAGGAGTCTG	187.3096173891166	97.26915203491033	0.0	0.0	267.2207896384691	0.0	38.64952207519531	125.42836815486547	260.6305004656964	0.0	0.0	27.30253974636444	0.0	0.0	0.0	21.43758379765795	70.50885378596004	0.0	0.0	0.0
GSM4138115_HNSCC_3_TIL_GTCTCGTCAATGTTGC	242.78480043311455	119.11490844206553	165.38996292992016	145.87732367118696	0.0	81.82430371899696	41.58048286171373	86.44447379826855	0.0	0.0	0.0	0.0	32.77208671151702	0.0	0.0	0.0	42.38739672017019	0.0	27.619723143173225	0.0
GSM4138115_HNSCC_3_TIL_TAAGTGCCATTGGGCC	266.72247475225487	337.0333733903239	0.0	0.0	219.59184566508108	0.0	33.4344196818056	63.27382247243914	280.3491344728621	0.0	0.0	15.494937447768073	0.0	0.0	0.0	6.180334873661203	7.9748597590321095	0.0	0.0	0.0
GSM4138115_HNSCC_3_TIL_TACACGATCACCATAG	383.5563275954892	302.2835772436949	528.3786418062745	0.0	0.0	511.7563238751982	53.937142228197864	0.0	0.0	0.0	165.96163997036373	0.0	52.30716164561739	0.0	49.43943245575014	0.0	0.0	0.0	53.60889263909762	0.0
GSM4138115_HNSCC_3_TIL_TCCACACCATTCTTAC	179.68156483724627	150.48676060527376	193.7576690608821	388.81801610123676	0.0	0.0	47.31749047980049	0.0	0.0	0.0	44.68759824484155	0.0	57.54400761682508	0.0	0.0	0.0	38.78858151378674	0.0	17.599435744312828	0.0
GSM4138115_HNSCC_3_TIL_TCTTCGGTCCGAGCCA	98.26433584879844	216.84471932745126	202.04078912359526	0.0	40.30220842306088	79.36736921484354	16.556543554519592	356.7421056391692	0.0	0.0	0.0	0.0	0.0	0.0	0.0	23.683046437057207	29.54732747578444	0.0	0.0	0.0
GSM4138115_HNSCC_3_TIL_TCTTTCCTCGCCATAA	36.672392165432036	37.42801989031108	0.0	0.0	73.85342374277623	0.0	0.5515247658800413	0.0	72.64447018619758	0.0	0.0	0.0	5.023144675579388	53.31048773790933	0.0	0.0	0.0	0.0	5.965339256864461	0.0
GSM4138115_HNSCC_3_TIL_TTGGCAATCGAACTGT	137.25185665236296	240.4959369988186	302.5300471781523	0.0	0.0	0.0	56.39868369206403	238.04848230843515	312.4520145214024	0.0	0.0	30.353913651110812	0.0	0.0	0.0	32.0765925811686	64.80593869975837	0.0	0.0	0.0
GSM4138115_HNSCC_3_TIL_AGCAGCCAGAGGGCTT	14.63205326873496	152.11442472802668	122.8550420518252	0.0	0.0	0.0	17.918993491485033	97.19791068442744	108.39145112401425	0.0	0.0	0.0	0.0	0.0	0.0	12.417725612357538	17.26231550745285	0.0	1.3151271422801905	0.0
GSM4138115_HNSCC_3_TIL_CCGTACTAGAAACCGC	172.15212471251795	271.4178100645497	153.20512071436346	0.0	0.0	0.0	17.00440921338262	0.0	291.1727117092558	0.0	0.0	18.682407531617162	0.0	0.0	44.84947039874061	16.022301073585666	0.0	63.45401010938879	0.0	0.0
GSM4138115_HNSCC_3_TIL_ACGCCAGGTTTGTGTG	129.80606268116472	68.20340908734117	168.69097396634345	0.0	0.0	0.0	18.33969498760912	0.0	217.32120183148015	0.0	0.0	0.0	19.931581798184478	0.0	13.958195688190484	0.0	0.0	36.04568564135207	19.917088929885967	0.0
GSM4138115_HNSCC_3_TIL_ATGTGTGCAAGCGTAG	156.53393188671814	83.41895694499766	42.861203579901094	357.83215476759887	59.18325976910721	0.0	49.63831518008181	43.37284523949618	0.0	0.0	0.0	19.197946874622005	46.82858110187068	0.0	0.0	0.0	19.162410117656396	0.0	0.0	0.0
GSM4138115_HNSCC_3_TIL_CAGCGACAGGTCATCT	211.02120975960608	214.4110905263371	203.01612952205883	0.0	66.68309319993313	347.7523819502981	39.05981051733986	0.0	0.0	0.0	15.461216058174408	65.4879495006109	44.413983094244465	118.99091534510298	48.879479724436926	0.0	0.0	0.0	0.0	0.0
GSM4138115_HNSCC_3_TIL_CATCGGGTCTACGAGT	41.32677445192897	81.11260688655722	89.74821683149658	0.0	140.4581430929017	144.69731572888998	20.097289322860604	89.21462156145166	0.0	0.0	0.0	21.394093092336497	7.450161750045416	0.0	0.0	0.0	16.02106976585329	0.0	0.0	0.0
GSM4138115_HNSCC_3_TIL_CTCGGGAGTGACCAAG	97.32282519274406	87.25894855553578	133.73693809431464	0.0	0.0	66.93948401177009	21.981701329396177	45.14287117045119	28.44525216777447	0.0	0.0	0.0	0.0	0.0	0.0	5.794146894516548	13.9139315941348	0.0	6.932842149959085	0.0
GSM4138115_HNSCC_3_TIL_TATTACCCAGGACGTA	40.313985359757005	149.9881690858779	108.6784467879526	105.40015260818555	25.16342455558975	0.0	11.568734198672795	0.0	0.0	0.0	76.43931563659044	3.0396664029906746	0.0	0.0	0.0	16.20649139525633	0.8971276020794198	0.0	6.528957972292034	0.0
GSM4138115_HNSCC_3_TIL_TCTGGAAGTCCGACGT	38.46401611276415	115.1098965626266	0.0	0.0	84.73187798308776	0.0	13.526374649827687	0.0	88.94014808660151	0.0	0.0	31.99081086656336	0.0	0.0	0.0	7.421927103192862	56.51489069153048	35.714350680001225	0.0	0.0
GSM4138115_HNSCC_3_TIL_TTGCGTCGTTCCACAA	118.31917093449749	60.714171543063	0.0	0.0	116.89826115406976	0.0	35.15723887347534	0.0	179.65876646876924	0.0	0.0	0.610386109474197	0.0	0.0	0.0	7.2512640333241905	9.358343508019498	68.0726923434219	2.6320685583327674	0.0
GSM4138115_HNSCC_3_TIL_GATTCAGAGGCATTGG	42.95878102588468	109.91440210570701	17.215626176998974	0.0	68.62356915559711	179.19922370071572	11.993779391870211	0.0	0.0	0.0	122.66217304689008	5.848326940174515	0.0	0.0	0.0	5.258920341316905	0.0	0.0	0.0	0.0
GSM4138115_HNSCC_3_TIL_AGAGCTTTCGCGTTTC	145.12334232478872	144.282166933699	260.51407861644446	204.1224430245356	0.0	11.894165606008473	48.74292931117405	0.0	0.0	0.0	0.0	0.0	19.618130045587773	34.662493270562905	10.714172256630544	0.0	0.0	0.0	9.289480197012297	0.0
GSM4138115_HNSCC_3_TIL_CACACTCTCAACGGCC	244.7415155175071	184.93051744423127	0.0	210.10181203076996	229.01621245025217	0.0	42.418766046727626	0.0	2.7901206223824437	0.0	127.184336125171	0.0	0.0	0.0	15.877125646562027	30.912247685617125	0.0	0.0	12.629044466918756	0.0
GSM4138115_HNSCC_3_TIL_CACAGGCAGTAGCCGA	112.75144849584571	208.5855211571179	75.81905268271714	112.91105076496646	133.02622205463058	25.248805214698198	13.379977939183318	0.0	0.0	10.25411466247442	0.0	11.527434006506514	0.0	98.63838278964843	0.0	9.866342416332754	12.193327173865395	0.0	0.0	0.0
GSM4138115_HNSCC_3_TIL_CAGCCGAAGCTCTCGG	262.628785940621	294.51617651068875	150.48082739762958	0.0	212.39306132447086	296.4392047691923	20.506407018229844	0.0	0.0	0.0	0.0	0.0	88.30671685315038	19.124655148953895	0.0	7.599301687175053	69.95050920634381	75.81300700396953	46.127857497346525	0.0
GSM4138115_HNSCC_3_TIL_CATATGGGTTGAGGTG	73.18520955233826	36.38833092226117	102.83795954810023	0.0	10.197197881547721	130.27260938518955	14.830810428393223	0.0	17.246466454797257	0.0	31.70955083765822	9.539495162006592	8.392653873478483	0.0	0.0	0.0	30.044514776459437	0.0	0.0	0.0
GSM4138115_HNSCC_3_TIL_CCTTCGACATGTTCCC	195.80511825601806	193.62075258175759	276.29946444546135	119.3155012237097	0.0	135.68187848308852	33.689208241044376	0.0	18.968635109093036	24.056645646898893	0.0	0.0	20.73880616975797	113.04750754701975	11.120637992984054	0.0	0.0	0.0	12.369954052753059	0.0
GSM4138115_HNSCC_3_TIL_CGTGAGCTCGATAGAA	15.46490832682232	17.298699402955975	3.477286572548398	0.0	35.27165581293132	0.0	0.0	0.0	14.957151920064453	0.0	0.0	0.0	0.0	6.276054882333002	0.0	0.0	0.0	0.0	2.4494743335510396	0.0
GSM4138115_HNSCC_3_TIL_CTCGGGAGTTGCCTCT	95.7051794727731	72.71053150954423	29.197450581553095	36.213711033106456	65.34399760855706	13.53720787453446	24.34533693370419	0.0	25.036556019646046	14.357891508622613	48.704485299918545	0.7961328849079481	0.0	0.0	17.174170007637866	12.467648082071124	0.0	0.0	0.0	0.0
GSM4138115_HNSCC_3_TIL_CTGATCCGTTCACGGC	183.51541682297602	251.34602999472173	196.7965506517489	152.16545859339072	164.68926955758633	30.985153852934182	49.034739392430936	0.0	0.0	64.45489022509102	240.3308342739289	0.0	0.0	0.0	34.15861133321501	6.9894180310566405	0.0	0.0	31.830090999173546	0.0
GSM4138115_HNSCC_3_TIL_CTTACCGGTTCGCGAC	191.67724620801198	203.0541092877747	258.7934794294392	0.0	0.0	0.0	49.41088408349918	0.0	226.61916567353623	49.473412410570795	0.0	33.733071382850795	0.0	0.0	36.334782950202175	44.07046957698836	0.0	99.57901832562827	0.0	14.43985750761745
GSM4138115_HNSCC_3_TIL_GACTACACATCTCGCT	161.42492140345027	206.6181802459207	257.57130186261537	0.0	0.0	0.0	38.579461154083816	0.0	91.99257198580364	153.2314475443026	0.0	25.448856596179656	0.0	0.0	37.08656336473569	30.98649986763588	0.0	139.01591284847416	0.0	0.0
GSM4138115_HNSCC_3_TIL_GTAGTCACATTCACTT	43.63108063952451	39.06960226889015	9.228437670315563	22.722019200837355	30.974898266618524	33.10453719364065	5.409433381239105	0.0	2.5939436688973254	0.0	0.0	0.0	0.0	0.0	4.219174433016248	0.0	0.0	35.26064808184303	6.960809705226019	0.0
GSM4138115_HNSCC_3_TIL_GTCTCGTTCGGTTAAC	373.7630249907417	306.0002586306074	115.73859836189504	272.3079409102958	251.42033332410665	0.0	57.89961172989713	0.0	0.0	0.0	77.1677920913211	0.0	53.07128898626715	0.0	76.55025736347353	0.0	0.0	0.0	34.374656684797515	0.0
GSM4138115_HNSCC_3_TIL_GTTCATTCACTTAAGC	52.49932974165902	110.51133695602438	52.06890952149381	0.0	0.0	0.0	16.040946996573545	0.0	5.674194669354552	26.16044099802866	0.0	1.0510863679108537	0.0	31.79576510333977	0.0	27.38605934463742	6.834834020562781	0.0	0.0	0.0
GSM4138115_HNSCC_3_TIL_TACTCATTCGGAGCAA	224.21566104304898	228.92457637460157	509.52806472355957	231.81583092280698	0.0	0.0	55.68926830663508	211.69112549838795	0.0	166.01354607281587	0.0	67.78174117686883	55.03694832962733	0.0	0.0	0.0	36.01459891673518	0.0	0.0	0.0
GSM4138115_HNSCC_3_TIL_TGACTAGGTTAAGTAG	54.045842873680144	65.54818017692365	80.88570951266013	0.0	0.0	0.0	2.2487787546486806	0.0	62.726887079755	0.0	0.0	0.0	0.0	0.0	5.663582960904419	2.293136490104499	0.0	24.97693614145046	0.0	0.0
GSM4138115_HNSCC_3_TIL_TGTCCCATCTGCTGTC	73.42890615820592	63.38709550197689	45.24668719030114	94.11945542359693	0.0	0.0	31.739196844516126	0.0	0.0	0.0	0.0	4.699546376499043	21.314075024218713	0.0	4.089140549767432	0.0	0.0	60.79322603299532	1.8555435455423508	0.0
GSM4138115_HNSCC_3_TIL_TGTTCCGTCTGCGTAA	94.09180124845395	175.89637964663987	0.0	0.0	210.0278694936594	120.24877486712316	16.106108584153404	4.965080410369636	13.300289588260004	0.0	0.0	29.269265790586875	0.0	0.0	0.0	20.42402717726802	13.804905603567414	0.0	0.0	48.16598144511218
GSM4138115_HNSCC_3_TIL_TTTACTGGTCGGCATC	142.76209630205327	143.02491968917343	63.26909644541315	195.87642963192008	176.0146219899523	0.0	40.052962613449004	0.0	14.937844114142843	0.0	0.0	37.82897186174771	0.0	0.0	0.0	34.47392059831447	35.958221934245	168.47078930410473	0.0	0.0
GSM4138115_HNSCC_3_TIL_ATTATCCTCGGCATCG	104.06969958851417	109.22171274676613	236.89700233924756	0.0	0.0	0.0	41.88942952179546	36.747999523791236	94.02132826477295	0.0	0.0	14.31336078962868	0.0	0.0	0.0	15.081373988040895	25.455509472556205	0.0	0.0	0.0
GSM4138115_HNSCC_3_TIL_AGAGCGAAGCAGGCTA	148.39319002137904	95.11088001409247	114.51419667360088	136.43355739302862	0.0	0.0	26.147681699470116	0.0	0.0	37.074087061641485	95.0681295139716	0.0	14.427813136313347	0.0	0.0	0.0	69.02021571608512	0.0	13.791762342735552	0.0
GSM4138115_HNSCC_3_TIL_ATCCACCGTTGTGGAG	58.39201746034232	53.14401628538356	47.19537723567577	0.0	0.0	26.32138884521595	0.0	0.0	0.0	26.857215682266958	0.0	0.0	8.707865001829704	39.22868802436081	2.19930517025739	0.0	0.0	0.0	14.997894093302188	0.0
GSM4138115_HNSCC_3_TIL_ACACTGAGTAGCTAAA	0.0	0.0	0.0	0.0	0.0	0.0	0.0	0.0	0.0	0.0	0.0	1855.1425105491962	0.0	0.0	0.0	0.0	0.0	0.0	0.0	0.0
GSM4138115_HNSCC_3_TIL_AGCGGTCAGTGAATTG	81.61268965453138	29.296014868932556	0.0	0.0	90.81418260788571	99.843454888609	0.03834575377136894	0.0	0.0	0.0	0.0	0.0	36.253809640257195	83.80560557194158	60.95603224153487	0.0	0.0	0.0	35.70044802786895	0.0
GSM4138115_HNSCC_3_TIL_CCACCTAGTGCAGGTA	47.35349935252791	67.50275923241054	0.0	0.0	84.47242533060613	0.0	2.818930968814726	0.0	61.82516615462848	0.0	0.0	0.0	70.90178439511504	48.08309984671429	111.7110466096736	0.0	0.0	0.0	153.05775475106205	0.0
GSM4138115_HNSCC_3_TIL_CTCACACCAACTTGAC	39.7253877489852	105.60646191354932	0.0	115.81232035357107	137.67092406969638	0.0	21.509543871809566	37.3001899695032	0.0	0.0	0.0	117.73544117132604	0.0	0.0	97.757695847	99.34519392456185	0.0	0.0	0.0	0.0
GSM4138115_HNSCC_3_TIL_GACGTGCAGGTGCACA	52.64491688484944	82.35962986930733	0.0	0.0	102.67878385089166	49.32175765828104	28.993844957919553	0.0	90.76057524742835	0.0	50.54248898053323	0.0	38.66707331026781	0.0	262.74058495598166	149.80337083407227	0.0	0.0	211.8085810351579	0.0
GSM4138115_HNSCC_3_TIL_GAGGTGACAGTCAGAG	110.70279342061161	58.862854913551146	155.58831834559825	0.0	0.0	0.0	13.369122189854561	62.73237620458596	104.51693130859414	0.0	0.0	89.67470240420369	0.0	0.0	0.0	36.669550816475784	69.44044968886385	0.0	0.0	0.0
GSM4138115_HNSCC_3_TIL_GCAGCCAAGGTGTGGT	50.298717876387734	51.74682937401023	0.0	0.0	45.74416754638041	101.5794754346164	14.145115482784657	0.0	37.881822857995274	0.0	0.0	0.0	82.93261950781218	0.0	95.0242522515066	0.0	0.0	44.207745515347334	62.17321405487966	0.0
GSM4138115_HNSCC_3_TIL_TACCTTACAAGCTGAG	0.0	0.0	0.0	0.0	0.0	0.0	0.0	0.0	0.0	0.0	0.0	0.0	0.0	0.0	1487.6101177054563	0.0	277.8958880113428	0.0	0.0	0.0
GSM4138115_HNSCC_3_TIL_TCACGAAAGCTACCTA	0.0	0.0	0.0	0.0	0.0	0.0	0.0	0.0	0.0	0.0	0.0	0.0	0.0	0.0	0.0	1896.667983029028	0.0	0.0	0.0	0.0
GSM4138115_HNSCC_3_TIL_TCGAGGCCAGCGTTCG	131.03884944166288	136.04459773051673	0.0	0.0	284.96717202784816	212.78125553932728	71.29039514975378	0.0	0.0	0.0	0.0	0.0	0.0	0.0	131.6704807919892	112.51445340415118	0.0	0.0	115.54377214002474	123.50956710399974
GSM4138115_HNSCC_3_TIL_TCGAGGCAGAACAACT	121.83701329818948	18.154586972183814	0.0	0.0	49.66864424880607	48.02059998791814	8.127014978803718	30.409184428185743	0.0	0.0	0.0	5.0666417654082645	0.0	0.0	0.0	13.150895540032158	5.967619932096554	54.27052666070815	2.6259876082260782	0.0
GSM4138115_HNSCC_3_TIL_ACACTGATCAACACTG	0.0	0.0	0.0	0.0	0.0	0.0	1578.925842109085	0.0	0.0	0.0	0.0	0.0	0.0	0.0	0.0	0.0	0.0	0.0	0.0	0.0
GSM4138115_HNSCC_3_TIL_CAGCATACACGTCAGC	495.83432552470776	403.59462104469566	168.39685424075518	363.60689994891186	513.7288049785215	0.0	95.80880045529608	0.0	0.0	0.0	377.09047854138765	0.0	36.24307354006774	0.0	0.0	0.0	0.0	0.0	39.41275383860155	0.0
GSM4138115_HNSCC_3_TIL_CATATGGAGTACACCT	48.796926175261596	106.21707176700859	27.028896213211155	0.0	109.03078017498933	0.0	45.045249961726554	0.0	62.903094149983104	0.0	0.0	7.569800424975349	14.066374078341237	0.0	0.0	0.0	2.8340350290341147	0.0	0.0	67.12799277516059
GSM4138115_HNSCC_3_TIL_CCCTCCTAGGGCTTGA	3734.9670583246716	0.0	0.0	0.0	0.0	0.0	0.0	0.0	0.0	0.0	0.0	0.0	0.0	0.0	0.0	0.0	0.0	0.0	0.0	0.0
GSM4138115_HNSCC_3_TIL_CGAATGTCAGATGGGT	263.1977281360212	92.4379421688743	171.59139528474552	242.12374312968115	0.0	0.0	111.42506325508121	0.0	0.0	0.0	102.38857710001722	11.7793665304118	33.4270916111899	11.344546050927976	27.123577701685257	0.0	0.0	0.0	0.0	0.0
GSM4138115_HNSCC_3_TIL_CGGCTAGCAGCTGGCT	0.0	3527.6413592848126	0.0	0.0	0.0	0.0	0.0	0.0	0.0	0.0	0.0	0.0	0.0	0.0	0.0	0.0	0.0	0.0	0.0	0.0
GSM4138115_HNSCC_3_TIL_CGTGTCTTCTTCGGTC	203.58810917100462	224.04082516579302	0.0	118.13351190153537	233.82775112869328	0.0	43.611923434859584	24.728236131162735	0.0	0.0	58.71641735338973	12.580627511241056	0.0	0.0	0.0	40.91370596617974	15.993631093423321	0.0	0.0	28.14649920217573
GSM4138115_HNSCC_3_TIL_CTCGTCAGTCGCATAT	162.05395814851224	176.36201866453533	311.7916337648168	0.0	0.0	114.81607412431605	19.307923292375385	0.0	93.43522135561552	0.0	0.0	0.0	0.0	0.0	0.0	13.220004751519342	2.46628643927133	124.77549718506397	5.067759006948431	0.0
GSM4138115_HNSCC_3_TIL_GGTGCGTTCTCCTATA	0.0	0.0	5602.0035007061515	0.0	42.173126450755895	0.0	0.0	0.0	0.0	0.0	0.0	0.0	0.0	0.0	0.0	0.0	0.0	0.0	0.0	0.0
GSM4138115_HNSCC_3_TIL_GTTCGGGAGACTACAA	0.0	0.0	0.0	0.0	0.0	0.0	0.0	2400.814445845384	0.0	0.0	0.0	0.0	0.0	296.7886482999939	0.0	0.0	0.0	883.2908863856601	0.0	0.0
GSM4138115_HNSCC_3_TIL_GTTCGGGTCACAATGC	533.3030682901475	400.39931121352924	274.46360879762744	216.15323742512012	194.93861236311642	32.574989048046156	72.87774897443968	0.0	0.0	0.0	280.74653777893417	38.24844134756709	0.0	9.624193544594943	0.0	0.0	26.61936016704503	0.0	0.0	0.0
GSM4138115_HNSCC_3_TIL_TGGCGCAGTTAGTGGG	450.9891195041499	197.27586259647262	329.0876941144038	0.0	0.0	0.0	31.029466941203957	305.6057759021278	0.0	125.68972612698154	0.0	28.571383227551685	0.0	0.0	0.7908153423546662	3.3323893108912093	0.0	0.0	0.0	0.0
GSM4138115_HNSCC_3_TIL_TTTATGCTCACCTCGT	211.63123158948403	147.15653353966565	278.6081951755447	0.0	0.0	0.0	38.04757641947494	3.040835998214669	0.0	285.4082391979432	66.6597763329158	23.17507876693894	43.320842096443045	0.0	0.0	0.0	38.70271724785902	0.0	0.0	0.0
