	1	2	3	4	5	6
GSM4138115_HNSCC_3_TIL_ACCTTTAGTACATCCA	863.8305051987336	74.05008275673136	0.0	9.583749822906627	26.13718716930511	118.62976385029071
GSM4138115_HNSCC_3_TIL_CAACCTCCATGCAATC	810.7249903547745	134.35693066662628	0.44042263785064717	28.095230687384092	60.08630779347749	94.54801628784514
GSM4138115_HNSCC_3_TIL_CACACTCAGCCGCCTA	691.7819144344803	120.82986202170959	51.82651815692382	92.05437987229973	0.0	62.36218421874898
GSM4138115_HNSCC_3_TIL_CATGCCTTCAAAGTAG	1400.5671483618187	69.05217851370608	59.568932216183626	7.566910294099397	0.0	170.06355703300892
GSM4138115_HNSCC_3_TIL_CATGGCGTCATCTGCC	678.0102058793973	132.60239296891072	15.297207653642095	41.305517359297184	43.200901939740675	77.07479262354741
GSM4138115_HNSCC_3_TIL_CCTTCGAGTTAAGAAC	316.0353673760519	276.8247107518849	66.16371814728109	80.09404562377155	41.07616658805182	115.5121041502039
GSM4138115_HNSCC_3_TIL_CGTGAGCAGATATGCA	426.21923422668704	264.99800710636816	159.60171085520062	172.74933268547085	115.34689760757104	168.15371586257072
GSM4138115_HNSCC_3_TIL_CTAATGGTCCTGCCAT	456.31081184231044	152.42131900846763	33.53030307577815	62.27900473877504	0.0	136.05320999762526
GSM4138115_HNSCC_3_TIL_TACTCGCAGCTAAACA	317.6413827683087	0.0	0.0	21.059432616637725	0.0	41.492771243420556
GSM4138115_HNSCC_3_TIL_TTCTACACAGAAGCAC	291.4393159984463	0.34072976311288317	0.0	68.80267671020152	9.24867434699005	16.59572751192128
GSM4138115_HNSCC_3_TIL_TTGGAACTCGTCGTTC	449.86196445749545	108.23684928957078	59.59515819364547	85.62422580853892	0.0	70.40266405496949
GSM4138115_HNSCC_3_TIL_GACCAATGTCGCTTCT	459.51872449704894	132.24440563953715	56.8056755872947	90.00739332739069	42.26252627623581	27.317799464717886
GSM4138115_HNSCC_3_TIL_AAACGGGCAGATCCAT	1227.450095086303	82.77943791489626	0.0	95.40004892322594	20.77524274487678	0.0
GSM4138115_HNSCC_3_TIL_AACTCAGGTAAGTAGT	847.6234970961623	74.09662543286176	0.0	0.0	0.0	17.282630562276225
GSM4138115_HNSCC_3_TIL_ACTTGTTGTGCGATAG	932.0532653294714	114.57097981450924	28.04380475431949	0.0	13.470529133431544	125.20893887336383
GSM4138115_HNSCC_3_TIL_AGTCTTTCACTGAAGG	1191.9201776815653	4.843887168034301	0.0	90.29393855791422	21.95219942381291	60.50288627823093
GSM4138115_HNSCC_3_TIL_CAAGATCGTGCAACGA	2318.9625921915786	0.0	0.0	0.0	0.0	0.0
GSM4138115_HNSCC_3_TIL_CAGAATCAGCCCAACC	1070.8143187764188	123.47449689884526	12.313546004236223	121.63561861955276	25.333262084749204	0.0
GSM4138115_HNSCC_3_TIL_CCGGTAGTCATAACCG	1700.0203802968852	0.0	0.0	10.706386380363114	67.19696481067656	0.0
GSM4138115_HNSCC_3_TIL_CTCCTAGCAGATAATG	3224.093989101961	0.0	0.0	0.0	0.0	0.0
GSM4138115_HNSCC_3_TIL_GAACCTACATTGGGCC	510.92939277035134	64.1500309702261	2.652858964946472	17.358493910015422	24.407885327694782	50.02916470460414
GSM4138115_HNSCC_3_TIL_GGACGTCTCCTCAACC	776.3859421431064	0.0	0.0	0.0	0.0	0.0
GSM4138115_HNSCC_3_TIL_GGATGTTGTGTTTGTG	1329.049911201072	48.615288264501	0.0	9.295435525066889	0.0	0.0
GSM4138115_HNSCC_3_TIL_GGCAATTCATGGAATA	1160.7789987868946	51.28674771653715	12.750058506585342	0.0	16.377716499702508	23.372318997462177
GSM4138115_HNSCC_3_TIL_GTCTCGTAGAAACCTA	200.37468387820076	13.431748839756551	65.34389318174942	0.0	0.0	24.11083473838779
GSM4138115_HNSCC_3_TIL_TAGCCGGAGTCGTTTG	1579.6653920347385	0.0	0.0	0.0	0.0	0.0
GSM4138115_HNSCC_3_TIL_TTAGTTCAGACAAGCC	926.4913881026166	75.67575768438354	55.266246601362504	37.91403002305807	28.416723605724133	0.0
GSM4138115_HNSCC_3_TIL_ACACCAAGTCCAGTGC	498.51856155652996	105.54490088705586	0.0	0.0	10.176996925228025	133.34246489529718
GSM4138115_HNSCC_3_TIL_AGCCTAACACACCGAC	349.8027781040268	28.813867187117726	30.277879752417004	93.16642677821775	0.0	214.1034455120451
GSM4138115_HNSCC_3_TIL_CTAATGGCACCCATGG	493.54891070742184	156.83042040512814	29.562048187349465	2.0409749743617045	31.592224947869145	145.83839876323216
GSM4138115_HNSCC_3_TIL_ATGAGGGTCCATTCTA	305.72702790009106	309.5941663427783	0.0	29.3709028636116	23.046934663499812	349.0754004320348
GSM4138115_HNSCC_3_TIL_GTCATTTGTATGGTTC	545.1075969212428	100.54169794765235	12.681560139208141	0.0	0.0	181.96603993424608
GSM4138115_HNSCC_3_TIL_CAGATCACAGACGCAA	465.1210383857353	255.83192026312457	13.258588904796678	16.276134640523658	17.69093950786774	144.97094710574598
GSM4138115_HNSCC_3_TIL_AAACCTGAGCGATAGC	569.1985859733995	0.0	0.0	3.8956929006480165	0.0	12.340545303194661
GSM4138115_HNSCC_3_TIL_AGAGTGGAGGCGTACA	607.9380713185398	46.44885542121355	51.94372245729394	31.349275111079088	13.140262285291197	111.3307504635081
GSM4138115_HNSCC_3_TIL_ATTACTCGTAAATGAC	374.1274999582358	205.77228301955412	124.37059686705544	43.40563799187534	51.97113279671683	76.29523244032053
GSM4138115_HNSCC_3_TIL_CCATGTCCAATGGATA	419.9672260972552	67.14143248623273	5.340136948832819	140.53924346396386	38.83225568611096	52.325587236576084
GSM4138115_HNSCC_3_TIL_CGTTAGATCGCAAGCC	307.82482385978733	218.60900454447471	19.78902810784287	110.56442235004269	0.0	264.08944088281714
GSM4138115_HNSCC_3_TIL_GTTCATTTCGCACTCT	343.6410258454097	161.58701534980088	83.70147063267714	241.3460969576711	0.0	117.02241547161033
GSM4138115_HNSCC_3_TIL_ACTGATGTCCACGTTC	581.2696975356199	63.46306207078491	56.06504140024355	79.31037422248649	41.5528684619826	70.84872806380763
GSM4138115_HNSCC_3_TIL_CGGCTAGAGCGTTGCC	384.9616909079468	45.385035178180935	23.732008163835406	117.80483209443747	0.0	94.5615650015559
GSM4138115_HNSCC_3_TIL_GACTACAGTGCGATAG	455.5109393039482	50.27135965984064	34.308136856755176	106.02447525693384	21.415012992682186	80.8279325144298
GSM4138115_HNSCC_3_TIL_AACTTTCTCCCTCAGT	0.0	1963.9174370593553	0.0	0.0	0.0	4.8976769115245
GSM4138115_HNSCC_3_TIL_ACGGGCTTCACCTTAT	0.0	1257.4584221735051	0.0	0.0	0.0	12.446462434292638
GSM4138115_HNSCC_3_TIL_ATTATCCGTGCCTGCA	60.11692948298349	1600.045568407365	2.494542534084283	1.3868744992647901	0.0	0.0
GSM4138115_HNSCC_3_TIL_CCTCAGTAGCGTGTCC	0.0	1280.5526087515282	0.0	0.0	0.0	0.0
GSM4138115_HNSCC_3_TIL_CGCCAAGCACGAAACG	0.0	1439.4349333421649	0.0	0.0	0.0	0.0
GSM4138115_HNSCC_3_TIL_CGCTATCAGCCAGGAT	47.50642598292101	1304.8850136658778	43.91088486737534	11.919503758237061	0.0	0.0
GSM4138115_HNSCC_3_TIL_CGTGAGCAGAACTCGG	30.365304284952355	1167.7741755775755	0.0	0.0	0.0	0.0
GSM4138115_HNSCC_3_TIL_CTCGTACCAAACCCAT	44.90701812671362	1055.1040159532517	46.42246593178448	75.93902463500464	7.587527285693843	0.0
GSM4138115_HNSCC_3_TIL_GATCTAGTCATGCATG	0.0	3016.6067752711424	0.0	181.8547816702687	0.0	0.0
GSM4138115_HNSCC_3_TIL_GCATGATAGCAGCGTA	142.666907390954	382.12724502378586	13.118229817699412	104.56777462579325	1.7029715518085307	0.0
GSM4138115_HNSCC_3_TIL_GCATGCGCAAGTCTAC	145.235294265013	297.0881340745743	29.236848530629608	141.70314673526778	0.0	34.42372297451741
GSM4138115_HNSCC_3_TIL_GTAACTGCAGGTCCAC	110.2775975662945	1278.7072790588866	0.0	25.69527412435245	0.0	51.26293148041276
GSM4138115_HNSCC_3_TIL_GTACTTTTCTCATTCA	0.0	1183.0893760161073	0.0	0.0	93.29446959635911	0.0
GSM4138115_HNSCC_3_TIL_GTGCAGCAGTGCCATT	0.0	1144.448809435191	0.0	0.0	2.9054840316866337	39.99083180898301
GSM4138115_HNSCC_3_TIL_GTTCGGGCAAACGCGA	0.0	1210.6006199434091	0.0	0.0	0.0	2.594533494631712
GSM4138115_HNSCC_3_TIL_TCTCTAATCGGTCTAA	0.0	1363.006716634223	0.0	0.0	0.0	0.0
GSM4138115_HNSCC_3_TIL_TGCCAAAAGGATCGCA	0.0	1198.571320043093	0.0	0.0	0.0	32.17564900953334
GSM4138115_HNSCC_3_TIL_TGTGGTATCAACGCTA	0.0	1277.2267629913856	0.0	0.0	14.006371465558688	0.0
GSM4138115_HNSCC_3_TIL_TTGGAACTCTTGAGGT	79.11720710482516	939.2046307988481	3.907452657638374	11.649861930493731	0.0	0.0
GSM4138115_HNSCC_3_TIL_ACGTCAATCCGATATG	655.4740128849235	66.23155475422769	0.0	0.0	0.0	97.57498921366683
GSM4138115_HNSCC_3_TIL_AACCGCGAGACTAGAT	873.6456757901856	160.57613011469937	84.97363234320565	158.69619524643852	9.853696994156687	131.679030504748
GSM4138115_HNSCC_3_TIL_AACTCCCAGACTTTCG	1377.4673431981155	0.0	79.34863159783382	90.60734266573381	30.24053819458389	53.52961349303389
GSM4138115_HNSCC_3_TIL_ACTTGTTTCAGCTGGC	1267.251304343446	50.49930302892875	0.0	297.49974038671184	1.1935344308030278	0.700436178341678
GSM4138115_HNSCC_3_TIL_AGTGAGGGTTGGTAAA	747.7677627738791	101.11416059237973	96.78960615160655	7.193056426726635	0.0	53.29301261790678
GSM4138115_HNSCC_3_TIL_ATCCGAACATACTCTT	937.4762374707927	4.668775129578571	42.84593125635865	43.59156795451895	0.0	6.645139447244183
GSM4138115_HNSCC_3_TIL_ATCGAGTGTACGAAAT	325.14658803654083	74.93673203375772	55.70312694908534	112.53746719306679	35.57526214517258	29.618549000436293
GSM4138115_HNSCC_3_TIL_ATGTGTGGTTACCAGT	456.7202401914049	2.8302317914636257	36.11879141559192	120.94593205971563	15.340525245392218	0.0
GSM4138115_HNSCC_3_TIL_CAAGATCGTCGAATCT	303.96473690121013	62.32210364510826	9.174475370530406	43.67504939017349	0.0	35.5961634988741
GSM4138115_HNSCC_3_TIL_CATGACAGTCCGTGAC	847.678400412076	97.5674923318425	0.0	125.62822653155634	0.07037462639966435	0.0
GSM4138115_HNSCC_3_TIL_CCACTACAGACAAAGG	549.4371761656834	85.28917443493083	65.48049323160782	167.3793805136224	13.933783994506772	43.20381378663604
GSM4138115_HNSCC_3_TIL_CCTATTAAGAGTACCG	994.3920923050179	120.07710498543544	25.584387761366347	31.571612646488443	0.0	84.97938480231545
GSM4138115_HNSCC_3_TIL_CCTTACGGTTCAGACT	622.872565159633	89.06549161260746	138.37651410063953	120.19343304120062	23.851619089233694	0.0
GSM4138115_HNSCC_3_TIL_CCTTCCCGTGTGTGCC	895.2660144387826	202.9215912594467	15.480484435828906	205.2802045826126	17.349074274571514	105.23461401739002
GSM4138115_HNSCC_3_TIL_CGAGCACGTTCCACAA	883.4647971934419	110.45957997851418	57.95747483504916	276.05762996517365	104.59224127570899	63.54881582250592
GSM4138115_HNSCC_3_TIL_CGGACTGAGCCCGAAA	1112.1853551956704	130.6618675191284	4.735412855509744	0.0	0.0	139.4108677647966
GSM4138115_HNSCC_3_TIL_CTAGCCTGTCGGGTCT	533.7275800643879	28.747624690078307	45.290083030932465	328.376990209052	1.74771177802399	0.0
GSM4138115_HNSCC_3_TIL_CTGCCTACATGCATGT	1662.923093789696	307.78230672201687	0.0	36.26777975679822	0.0	277.2789630412447
GSM4138115_HNSCC_3_TIL_GACCTGGTCGTCCGTT	608.342632582903	194.70556909627624	46.91467109989606	148.88564072548814	24.1565373205628	15.50231678096853
GSM4138115_HNSCC_3_TIL_GCACTCTCACGTTGGC	1388.718882641451	133.8487460274525	98.36192967957946	63.73415012069408	0.0	334.7047235803209
GSM4138115_HNSCC_3_TIL_GCTTGAATCAACGGCC	752.8176453464163	95.67414229079543	162.2743265012012	120.86247382498954	14.95964377110775	36.11757810670758
GSM4138115_HNSCC_3_TIL_GTCACAAGTTGGAGGT	392.8504950658904	34.43173717572538	5.840338674428019	72.96437960889557	0.0	75.82321565661834
GSM4138115_HNSCC_3_TIL_TCAGCAAGTGGCAAAC	857.0994910260339	38.821954334947584	15.474880488836174	163.46250062798404	70.24890939883274	90.25645647911061
GSM4138115_HNSCC_3_TIL_TCAGCAATCAGTTAGC	1702.5932506248682	270.50887220706096	116.91578597463574	264.52422580176017	17.956230410399932	131.8013904793551
GSM4138115_HNSCC_3_TIL_TCTTTCCCAGACAAGC	745.3213543425487	0.0	99.65844528422959	0.0	46.82250084571845	14.392883359648367
GSM4138115_HNSCC_3_TIL_TGGCGCATCGAACTGT	517.140431492541	23.51722512462596	26.2021242785394	37.90995194919778	19.454852904651208	78.97203183088502
GSM4138115_HNSCC_3_TIL_AACCATGGTAAATGAC	1533.5875689883703	50.55498065699665	712.6528612634554	112.6712190078794	0.0	145.42591015808043
GSM4138115_HNSCC_3_TIL_AACCGCGAGAAACCAT	512.1281951612193	58.50767129713349	135.97278127938188	252.34040232602783	29.179566085966748	65.74220118139453
GSM4138115_HNSCC_3_TIL_AAGCCGCGTACGCACC	1514.677770758797	130.06619477115723	0.0	322.30397597646333	9.700065918595064	89.51231094809454
GSM4138115_HNSCC_3_TIL_ACATCAGAGGCTAGGT	1270.124587911795	95.89601815998066	95.21268553750664	67.75032358266544	5.546437579335638	0.0
GSM4138115_HNSCC_3_TIL_ACCTTTATCACCTTAT	977.07944120998	168.1694416472304	27.67596015429618	7.878783166497218	4.035277403480569	167.340339222922
GSM4138115_HNSCC_3_TIL_ACGATGTTCCCACTTG	874.72641551569	388.7390593326509	47.94587032883084	11.133460719715812	28.66086212993824	250.70682456601293
GSM4138115_HNSCC_3_TIL_ATTGGACCACCTCGGA	875.2925050767665	157.12307840008427	6.797237539209432	90.50473647062825	24.281597572711632	194.504594269623
GSM4138115_HNSCC_3_TIL_ATTTCTGTCCTCAACC	797.1469111880134	19.71249174554079	114.74573383070222	16.166402595458184	0.0	156.76562598925432
GSM4138115_HNSCC_3_TIL_CACACTCTCCGCAAGC	538.6998051449576	152.74138180821836	104.71539446573387	178.44629649289715	0.0	24.685944240811647
GSM4138115_HNSCC_3_TIL_CCTTACGTCTTGTCAT	679.9217911216034	147.4747073671691	62.79344184817911	26.805317855574298	0.0	16.367258080871878
GSM4138115_HNSCC_3_TIL_CTAAGACCACGAAGCA	518.8998159515963	57.01029793941289	43.52983035268909	152.92374931476587	0.0	79.96671240471859
GSM4138115_HNSCC_3_TIL_CTAGCCTCATGGTCAT	2192.972402586739	0.0	47.84945592392304	99.9364613229392	10.244803752020378	76.33434226067457
GSM4138115_HNSCC_3_TIL_CTGGTCTTCTGGGCCA	1550.5345172882728	108.72623294718748	0.0	159.3080004099166	94.38488613843047	156.5048351402222
GSM4138115_HNSCC_3_TIL_GACTGCGCAGCCTATA	385.63329927975843	149.76292456033428	86.00015661107184	43.39802466212412	0.0	47.97417167215911
GSM4138115_HNSCC_3_TIL_GCATGCGGTCAGCTAT	627.4524259894832	35.993231535072816	102.61037351689555	131.79208580059333	9.259609339377329	32.064400291527924
GSM4138115_HNSCC_3_TIL_GCATGTATCACAAACC	1410.10093045743	208.23243296902845	261.3787327454848	294.09782299480776	119.33388741995583	117.84388276534216
GSM4138115_HNSCC_3_TIL_GCGACCAAGCTGATAA	0.0	0.0	0.0	0.0	0.0	4690.797747967929
GSM4138115_HNSCC_3_TIL_GGAAAGCCATGCAACT	1870.104218065829	0.0	60.964698766914815	51.65068886994985	0.0	0.0
GSM4138115_HNSCC_3_TIL_GTCTCGTAGGAGTCTG	855.660849997542	186.01854411717133	161.9860833619995	231.23572949412988	59.01195639934444	137.57159015291813
GSM4138115_HNSCC_3_TIL_GTCTCGTCAATGTTGC	1459.1521038098804	105.37239748861376	0.0	1.8298340437442413	3.471902240576297	74.67148144994478
GSM4138115_HNSCC_3_TIL_TAAGTGCCATTGGGCC	1483.6026756322071	30.91428067917004	117.53155796479615	213.85895038196207	0.0	107.26827672944094
GSM4138115_HNSCC_3_TIL_TACACGATCACCATAG	2542.861767638745	95.24942313972107	26.660467926500708	452.59195045194406	18.163249205513115	226.20665464037216
GSM4138115_HNSCC_3_TIL_TCCACACCATTCTTAC	1179.5578732302613	263.74513204724053	48.981968713412826	0.0	0.0	295.90980054280766
GSM4138115_HNSCC_3_TIL_TCTTCGGTCCGAGCCA	211.26110608777668	178.62398685693853	44.483521769740214	614.0445635165257	34.72511583716365	74.70432132765636
GSM4138115_HNSCC_3_TIL_TCTTTCCTCGCCATAA	495.435592267866	0.0	35.245858018489734	7.732842003129122	0.0	0.0
GSM4138115_HNSCC_3_TIL_TTGGCAATCGAACTGT	1187.1975111291329	160.67473470247288	157.36955454604416	365.4169149006529	85.67875802993166	137.35888101047126
GSM4138115_HNSCC_3_TIL_AGCAGCCAGAGGGCTT	455.9568441980615	125.45264174471558	69.82193498852094	137.2836113263654	7.935165398844948	33.90277845707737
GSM4138115_HNSCC_3_TIL_CCGTACTAGAAACCGC	459.5202332526099	791.808604635127	147.86575481935122	54.85680683551326	0.0	145.49955972611525
GSM4138115_HNSCC_3_TIL_ACGCCAGGTTTGTGTG	1014.4173631542894	11.437962937789697	42.45000810602868	10.823617145106882	0.0	98.06070371452256
GSM4138115_HNSCC_3_TIL_ATGTGTGCAAGCGTAG	689.7388917055301	279.7449463301258	43.664767336650776	0.0	47.99519250815833	300.17388277006717
GSM4138115_HNSCC_3_TIL_CAGCGACAGGTCATCT	2280.3203229613937	0.0	117.32256599067661	0.0	9.74759283077292	40.947102141635426
GSM4138115_HNSCC_3_TIL_CATCGGGTCTACGAGT	788.0534637204495	71.96481072610497	49.388837681084716	146.79796852423848	19.4884522570263	12.571370415272508
GSM4138115_HNSCC_3_TIL_CTCGGGAGTGACCAAG	692.1222951087823	8.693203312065023	83.09243648664597	60.834333278789856	8.434785173793816	0.0
GSM4138115_HNSCC_3_TIL_TATTACCCAGGACGTA	487.7916441150766	53.90338705105435	90.69595595389421	145.38888017934264	15.270127709936736	37.37913183378241
GSM4138115_HNSCC_3_TIL_TCTGGAAGTCCGACGT	705.5567565042817	0.0	93.53395853921947	0.0	59.54786060486616	0.0
GSM4138115_HNSCC_3_TIL_TTGCGTCGTTCCACAA	635.2317708187778	44.166450012180015	106.041054207083	66.40601618564087	0.0	108.90164840268396
GSM4138115_HNSCC_3_TIL_GATTCAGAGGCATTGG	0.0	71.98104461011302	604.1577716785545	76.38469976271894	0.0	89.40594068206988
GSM4138115_HNSCC_3_TIL_AGAGCTTTCGCGTTTC	0.0	0.0	1938.1914808735212	0.0	0.0	0.0
GSM4138115_HNSCC_3_TIL_CACACTCTCAACGGCC	191.68468484128525	30.568786768125353	1658.2537691842078	13.94465748522106	0.0	0.0
GSM4138115_HNSCC_3_TIL_CACAGGCAGTAGCCGA	13.781444258246394	0.0	1185.693142171792	141.34468307776442	0.0	0.0
GSM4138115_HNSCC_3_TIL_CAGCCGAAGCTCTCGG	96.04948332823076	440.0556946680299	1684.4817984320791	101.78513838066213	94.4752482047315	37.69218684104194
GSM4138115_HNSCC_3_TIL_CATATGGGTTGAGGTG	121.07943665380574	0.0	663.1592199126648	0.0	0.0	37.153766475415594
GSM4138115_HNSCC_3_TIL_CCTTCGACATGTTCCC	0.0	0.0	2244.28840323058	0.0	0.0	0.0
GSM4138115_HNSCC_3_TIL_CGTGAGCTCGATAGAA	32.062155069532785	0.0	122.04241310376334	15.6496559023652	0.0	0.0
GSM4138115_HNSCC_3_TIL_CTCGGGAGTTGCCTCT	72.2825737982066	38.7997739550161	667.5823712036503	0.0	33.20751561491152	0.0
GSM4138115_HNSCC_3_TIL_CTGATCCGTTCACGGC	0.0	0.0	2255.572315849294	117.67168998238103	0.0	0.0
GSM4138115_HNSCC_3_TIL_CTTACCGGTTCGCGAC	0.0	0.0	2259.5049617994796	0.0	0.0	0.0
GSM4138115_HNSCC_3_TIL_GACTACACATCTCGCT	0.0	0.0	2021.6702446010916	0.0	0.0	0.0
GSM4138115_HNSCC_3_TIL_GTAGTCACATTCACTT	93.19674747871458	0.0	340.78014727155494	0.0	0.0	0.0
GSM4138115_HNSCC_3_TIL_GTCTCGTTCGGTTAAC	0.0	185.21615642427668	2082.150749358472	162.561670401316	51.2213051897823	36.49798101975534
GSM4138115_HNSCC_3_TIL_GTTCATTCACTTAAGC	37.82306708008427	14.193102554957244	447.98116594598093	26.56015196293331	13.690741554679377	0.0
GSM4138115_HNSCC_3_TIL_TACTCATTCGGAGCAA	0.0	318.1473892781413	1770.1794981074315	349.6148145309973	142.11895920217228	193.84620614487514
GSM4138115_HNSCC_3_TIL_TGACTAGGTTAAGTAG	231.69986157801543	0.0	260.5182753169786	44.48145857659047	0.0	0.0
GSM4138115_HNSCC_3_TIL_TGTCCCATCTGCTGTC	6.755699636358031	75.42619900851668	515.1224292803453	0.0	0.0	37.01957898082288
GSM4138115_HNSCC_3_TIL_TGTTCCGTCTGCGTAA	190.2163743984256	79.29418519541099	884.395628124155	70.46753369090229	36.35465682627281	0.0
GSM4138115_HNSCC_3_TIL_TTTACTGGTCGGCATC	130.18335061534154	58.36645275003583	1415.8443360436452	63.781002224833294	31.60850360656989	10.559950466898671
GSM4138115_HNSCC_3_TIL_ATTATCCTCGGCATCG	252.54309914918747	303.1307636163747	277.72311240563283	165.48213308094574	53.97265548112709	0.0
GSM4138115_HNSCC_3_TIL_AGAGCGAAGCAGGCTA	942.9759939869871	67.06462448326351	26.011924659903013	60.428742006791836	35.108516059827416	83.13538348835765
GSM4138115_HNSCC_3_TIL_ATCCACCGTTGTGGAG	394.0346941670495	0.0	21.329106076763686	33.44775378034856	8.786561063021779	7.150759820608636
GSM4138115_HNSCC_3_TIL_ACACTGAGTAGCTAAA	0.0	0.0	0.0	0.0	2044.112963741968	0.0
GSM4138115_HNSCC_3_TIL_AGCGGTCAGTGAATTG	5.358794271330533	71.6438930403259	0.0	147.21746691116465	468.81485303047873	62.90724742827509
GSM4138115_HNSCC_3_TIL_CCACCTAGTGCAGGTA	0.0	0.0	0.0	0.0	1447.4571993635273	0.0
GSM4138115_HNSCC_3_TIL_CTCACACCAACTTGAC	93.88375273635651	102.71423732414247	0.0	23.568617662365256	1115.8580517271228	13.595425023411677
GSM4138115_HNSCC_3_TIL_GACGTGCAGGTGCACA	130.44280656202488	21.109795014258786	0.0	0.0	1462.4350808188385	52.831482350840275
GSM4138115_HNSCC_3_TIL_GAGGTGACAGTCAGAG	20.288571962128184	55.704483225315414	11.005084299957442	157.52903786613453	927.0560339223497	16.795756282833757
GSM4138115_HNSCC_3_TIL_GCAGCCAAGGTGTGGT	21.196435877255738	0.0	18.907529690362242	0.0	1061.4238592252395	39.61509293185197
GSM4138115_HNSCC_3_TIL_TACCTTACAAGCTGAG	0.0	50.89129613569104	11.699499577980832	48.7458739316357	1247.590301375242	46.78227857096203
GSM4138115_HNSCC_3_TIL_TCACGAAAGCTACCTA	0.0	0.0	0.0	0.0	1405.6381910844011	298.2236692632131
GSM4138115_HNSCC_3_TIL_TCGAGGCCAGCGTTCG	0.0	22.45535327722878	109.60571541898483	110.3935526077691	2323.2196926300608	0.0
GSM4138115_HNSCC_3_TIL_TCGAGGCAGAACAACT	141.56561451990765	89.58323592490466	33.19400275162345	150.76099681454966	0.4077177233586113	35.544813235208466
GSM4138115_HNSCC_3_TIL_ACACTGATCAACACTG	271.484133370442	371.5657407598799	56.45105702710172	163.02371637942952	100.61020740000632	88.83578304056776
GSM4138115_HNSCC_3_TIL_CAGCATACACGTCAGC	1060.55406844587	432.18855755221017	227.04054835590753	1715.9921714192822	0.0	99.17117005737377
GSM4138115_HNSCC_3_TIL_CATATGGAGTACACCT	282.44696685342836	65.6840790543753	26.382384977901904	246.48167561953755	3.4559631771080537	29.638865531442402
GSM4138115_HNSCC_3_TIL_CCCTCCTAGGGCTTGA	478.7638444407388	705.9324642675442	136.71671901710087	1930.2254830151624	0.0	448.4358021694357
GSM4138115_HNSCC_3_TIL_CGAATGTCAGATGGGT	492.56746613008056	306.02637923600844	67.6111583936398	313.64329696637486	22.313391510194872	204.80675824081325
GSM4138115_HNSCC_3_TIL_CGGCTAGCAGCTGGCT	360.4128089650253	254.16729317575837	292.6248596999341	2154.5427736343995	79.09557742320723	252.9017456397625
GSM4138115_HNSCC_3_TIL_CGTGTCTTCTTCGGTC	372.47913805190933	204.39492056568622	108.71423072993257	483.54669359179996	53.33425986480263	77.0646545241224
GSM4138115_HNSCC_3_TIL_CTCGTCAGTCGCATAT	504.4578855622487	263.9826721638724	281.1593097615155	408.948048796951	0.0	75.30396836893205
GSM4138115_HNSCC_3_TIL_GGTGCGTTCTCCTATA	0.0	0.0	0.0	6216.738827726464	0.0	0.0
GSM4138115_HNSCC_3_TIL_GTTCGGGAGACTACAA	194.51757629149384	124.75140581222631	40.85626291059271	2827.5022259586062	26.923455837644084	0.0
GSM4138115_HNSCC_3_TIL_GTTCGGGTCACAATGC	897.9280356329089	263.56424189704427	236.3438624138463	1440.1364372631	0.0	40.08364640224069
GSM4138115_HNSCC_3_TIL_TGGCGCAGTTAGTGGG	358.06528586889686	328.6478871370808	168.14600879034117	825.0921452011518	46.61937674514396	70.44195440996921
GSM4138115_HNSCC_3_TIL_TTTATGCTCACCTCGT	627.6694530300501	338.0078781626107	117.5955822591266	300.17940396772315	40.9575346086385	213.1319837889277
