	1	2	3	4	5	6	7	8	9	10	11	12	13	14	15	16	17	18	19	20	21	22	23	24	25	26	27	28	29	30	31	32
GSM4138111_HNSCC_1_TIL_AACTCCCGTCATATCG	0.0	72.72559111644027	0.0	0.0	0.0	0.0	36.078710107093286	88.98727107151983	0.0	0.0	0.0	0.0	0.0	0.0	0.0	0.0	47.959167092887974	0.0	0.0	0.0	0.0	0.0	0.0	0.0	0.0	0.0	0.0	0.0	0.0	0.0	0.0	0.0
GSM4138111_HNSCC_1_TIL_AGTGGGATCACCCGAG	0.0	180.2924410789641	0.0	0.0	0.0	0.0	0.0	0.0	0.0	0.0	0.0	0.0	0.0	0.0	0.0	0.0	0.0	0.0	0.0	0.0	0.0	0.0	0.0	0.0	0.0	0.0	0.0	0.0	0.0	0.0	0.0	0.0
GSM4138111_HNSCC_1_TIL_ATCCGAAGTCGTTGTA	0.0	131.76788031184577	0.0	0.0	0.0	0.0	1.7823367852514191	0.3028790522280823	0.0	0.0	0.0	0.0	0.0	0.0	4.112381515138683	0.0	0.0	0.0	0.0	0.0	0.0	0.0	96.18908004553697	0.0	0.0	0.0	0.0	0.0	0.0	0.0	0.0	0.0
GSM4138111_HNSCC_1_TIL_CAGCGACAGGGATGGG	0.0	0.0	0.0	0.0	0.0	0.0	0.0	0.0	0.0	0.0	0.0	271.90893303928294	0.0	0.0	0.0	0.0	0.0	0.0	0.0	0.0	0.0	0.0	0.0	0.0	0.0	0.0	0.0	0.0	0.0	0.0	0.0	0.0
GSM4138111_HNSCC_1_TIL_CGGACACTCATATCGG	0.0	58.27197373926376	0.0	0.0	196.13539158852035	0.0	0.0	0.0	0.0	0.0	0.0	0.0	0.0	0.0	0.0	0.0	0.0	0.0	0.0	0.0	0.0	0.0	0.0	0.0	0.0	0.0	0.0	0.0	0.0	0.0	0.0	0.0
GSM4138111_HNSCC_1_TIL_TAGTTGGGTCTCCACT	0.0	0.0	0.0	0.0	201.4999405379102	0.0	0.0	0.0	0.0	0.0	0.0	0.0	0.0	0.0	0.0	0.0	0.0	0.0	0.0	0.0	0.0	0.0	0.0	0.0	0.0	0.0	0.0	0.0	0.0	0.0	0.0	0.0
GSM4138111_HNSCC_1_TIL_AAAGATGAGCATGGCA	246.5011313134092	0.0	0.0	0.0	0.0	0.0	0.0	0.0	0.0	0.0	0.0	0.0	0.0	0.0	0.0	0.0	0.0	0.0	0.0	0.0	0.0	0.0	0.0	0.0	0.0	0.0	0.0	0.0	0.0	0.0	0.0	0.0
GSM4138111_HNSCC_1_TIL_AGCAGCCTCCTACAGA	81.66255366783157	0.0	0.0	0.0	0.0	0.0	0.0	0.0	0.0	0.0	0.0	0.0	0.0	0.0	0.0	164.11596289406862	0.0	0.0	0.0	0.0	0.0	0.0	0.0	0.0	0.0	0.0	0.0	0.0	0.0	0.0	0.0	0.0
GSM4138111_HNSCC_1_TIL_AGGTCATTCAAGCCTA	0.0	186.55578015411044	0.0	0.0	57.18423925568362	0.0	0.0	0.0	0.0	0.0	0.0	0.0	0.0	0.0	0.0	0.0	0.0	0.0	0.0	0.0	0.0	0.0	0.0	0.0	0.0	0.0	0.0	0.0	0.0	0.0	0.0	0.0
GSM4138111_HNSCC_1_TIL_ATGCGATGTGATGTCT	0.0	206.26284787262514	0.0	168.85584066398405	196.49427370182968	0.0	0.0	0.0	0.0	0.0	0.0	0.0	0.0	0.0	55.38979793991034	0.0	0.0	0.0	0.0	0.0	0.0	0.0	0.0	0.0	0.0	0.0	0.0	0.0	0.0	0.0	0.0	0.0
GSM4138111_HNSCC_1_TIL_CCAGCGATCACTTCAT	0.0	0.0	0.0	0.0	227.44572941571985	0.0	0.0	0.0	0.0	94.17083296661616	0.0	0.0	0.0	0.0	0.0	0.0	0.0	0.0	0.0	0.0	0.0	0.0	0.0	0.0	0.0	0.0	0.0	0.0	0.0	0.0	0.0	0.0
GSM4138111_HNSCC_1_TIL_CCCATACGTCTGATTG	0.0	0.0	0.0	0.0	0.0	0.0	0.0	45.80157291185683	0.0	0.0	0.0	0.0	0.0	0.0	0.0	0.0	0.0	0.0	0.0	0.0	0.0	0.0	0.0	229.7030255926957	0.0	0.0	0.0	0.0	0.0	0.0	0.0	0.0
GSM4138111_HNSCC_1_TIL_CGTTAGAGTTTACTCT	0.0	23.83918327608092	0.0	0.0	0.0	0.0	184.61391786840866	67.90767556497546	0.0	12.409157895415596	0.0	51.616737972223554	0.0	0.0	0.0	0.0	0.0	0.0	0.0	0.0	0.0	0.0	0.0	0.0	0.0	75.13920178603227	0.0	0.0	0.0	0.0	0.0	0.0
GSM4138111_HNSCC_1_TIL_CTAGCCTAGGTCATCT	28.335874883649442	0.0	0.0	0.0	0.0	0.0	0.0	144.81032188234457	0.0	0.0	0.0	0.0	0.0	0.0	0.0	0.0	252.00807130597303	0.0	0.0	0.0	0.0	0.0	0.0	0.0	0.0	0.0	0.0	0.0	0.0	0.0	0.0	0.0
GSM4138111_HNSCC_1_TIL_CTCGTACTCAGCCTAA	277.4476069717941	0.0	0.0	0.0	0.0	0.0	0.0	0.0	0.0	0.0	0.0	0.0	0.0	0.0	0.0	0.0	0.0	0.0	0.0	0.0	0.0	0.0	0.0	0.0	0.0	0.0	0.0	0.0	0.0	0.0	0.0	0.0
GSM4138111_HNSCC_1_TIL_GAAATGATCTAACCGA	0.0	401.437672580217	0.0	0.0	236.15755157678254	0.0	0.0	0.0	0.0	0.0	0.0	0.0	0.0	0.0	0.0	0.0	0.0	213.76544265028744	0.0	0.0	0.0	0.0	0.0	0.0	0.0	0.0	0.0	0.0	0.0	11.433586440173686	0.0	0.0
GSM4138111_HNSCC_1_TIL_GGCCGATAGAAGCCCA	55.29514418095561	0.0	0.0	145.782272708012	0.0	0.0	0.0	28.014721526091474	0.0	0.0	0.0	0.0	0.0	0.0	0.0	0.0	0.0	0.0	0.0	0.0	0.0	0.0	0.0	0.0	0.0	0.0	0.0	0.0	0.0	0.0	0.0	0.0
GSM4138111_HNSCC_1_TIL_GGCCGATAGCCCTAAT	0.0	0.0	0.0	0.0	281.40965000446533	0.0	0.0	0.0	0.0	0.0	255.75286067444125	0.0	0.0	0.0	0.0	0.0	0.0	0.0	0.0	0.0	0.0	0.0	0.0	0.0	0.0	0.0	0.0	0.0	0.0	0.0	0.0	0.0
GSM4138111_HNSCC_1_TIL_GGCGACTAGTTTCCTT	0.0	245.52683243546193	0.0	0.0	0.0	0.0	0.0	0.0	0.0	0.0	0.0	0.0	0.0	0.0	0.0	0.0	0.0	0.0	0.0	0.0	0.0	0.0	0.0	0.0	0.0	0.0	0.0	0.0	0.0	0.0	0.0	0.0
GSM4138111_HNSCC_1_TIL_GGGACCTAGTTAGGTA	0.0	0.0	0.0	0.0	171.75339245147464	0.0	0.0	0.0	0.0	0.0	0.0	0.0	0.0	0.0	569.1411134456456	0.0	0.0	0.0	0.0	0.0	0.0	0.0	0.0	0.0	0.0	0.0	0.0	0.0	0.0	0.0	0.0	0.0
GSM4138111_HNSCC_1_TIL_GTCAAGTTCAGCACAT	0.0	63.83273220568816	0.0	0.0	284.7867253567431	0.0	0.0	0.0	0.0	0.0	0.0	0.0	0.0	0.0	0.0	0.0	0.0	0.0	0.0	0.0	0.0	0.0	0.0	0.0	0.0	0.0	0.0	0.0	0.0	0.0	0.0	0.0
GSM4138111_HNSCC_1_TIL_TAAACCGTCCAGTATG	0.0	0.0	0.0	0.0	0.0	0.0	0.0	0.0	0.0	417.341838412962	0.0	0.0	0.0	0.0	0.0	0.0	0.0	0.0	0.0	0.0	0.0	0.0	0.0	0.0	0.0	0.0	0.0	0.0	0.0	0.0	0.0	0.0
GSM4138111_HNSCC_1_TIL_TATGCCCGTCTCATCC	48.21188146577906	0.0	0.0	0.0	0.0	0.0	0.0	0.0	0.0	0.0	0.0	0.0	0.0	0.0	223.15102830333012	0.0	0.0	0.0	0.0	0.0	0.0	0.0	0.0	0.0	0.0	0.0	0.0	0.0	0.0	0.0	0.0	0.0
GSM4138111_HNSCC_1_TIL_TTTACTGAGTAGGCCA	96.6300072004895	0.0	0.0	32.68357788658412	165.27414095517184	0.0	16.895195237339642	0.0	0.0	0.0	0.0	0.0	0.0	0.0	47.04404713739175	0.0	0.0	0.0	0.0	0.0	0.0	0.0	0.0	0.0	0.0	0.0	0.0	0.0	0.0	0.0	0.0	0.0
GSM4138111_HNSCC_1_TIL_AACTTTCTCGCCAAAT	0.0	0.0	0.0	0.0	0.0	0.0	21.92897237013198	0.0	694.8714242445501	0.0	0.0	0.0	0.0	0.0	0.0	0.0	0.0	0.0	4.022079793918011	0.0	0.0	0.0	0.0	0.0	0.0	0.0	0.0	0.0	0.0	0.0	0.0	0.0
GSM4138111_HNSCC_1_TIL_ACATCAGGTGTTCTTT	0.0	0.0	0.0	0.0	0.0	0.0	93.54818354945864	0.0	0.0	0.0	0.0	0.0	0.0	0.0	0.0	0.0	0.0	0.0	0.0	0.0	274.05223259493926	0.0	0.0	0.0	0.0	0.0	0.0	0.0	0.0	0.0	0.0	0.0
GSM4138111_HNSCC_1_TIL_ACGATACCACATTCGA	394.26402797843093	0.0	0.0	0.0	0.0	0.0	0.0	0.0	0.0	345.5686823692396	0.0	0.0	0.0	0.0	0.0	0.0	0.0	0.0	0.0	0.0	0.0	0.0	0.0	0.0	0.0	0.0	0.0	0.0	0.0	0.0	0.0	0.0
GSM4138111_HNSCC_1_TIL_ACGGCCAAGGGTCGAT	161.0517574562363	0.0	0.0	0.0	49.04171718872672	0.0	0.0	0.0	0.0	0.0	0.0	0.0	0.0	0.0	0.0	59.49079426070306	0.0	0.0	0.0	0.0	0.0	0.0	0.0	0.0	0.0	0.0	0.0	0.0	0.0	0.0	0.0	0.0
GSM4138111_HNSCC_1_TIL_ACTGAGTTCTCTGTCG	339.5091529422986	0.0	0.0	0.0	0.0	0.0	0.0	0.0	0.0	0.0	0.0	0.0	0.0	0.0	0.0	34.12294894771205	0.0	0.0	0.0	0.0	0.0	0.0	0.0	0.0	0.0	0.0	0.0	0.0	0.0	0.0	0.0	0.0
GSM4138111_HNSCC_1_TIL_ACTTTCATCCCACTTG	0.0	521.6410430359579	0.0	0.0	0.0	0.0	0.0	0.0	0.0	0.0	0.0	0.0	0.0	0.0	0.0	0.0	0.0	0.0	0.0	0.0	0.0	0.0	0.0	0.0	0.0	0.0	0.0	0.0	0.0	0.0	0.0	0.0
GSM4138111_HNSCC_1_TIL_AGCAGCCGTGAACCTT	0.0	0.0	111.98844861526196	0.0	0.0	0.0	0.0	0.0	110.00769759327558	0.0	0.0	0.0	0.0	0.0	0.0	0.0	12.760034501174577	0.0	0.0	29.97654263011506	0.0	0.0	0.0	0.0	0.0	0.0	0.0	0.0	0.0	0.29879940407120276	0.0	0.0
GSM4138111_HNSCC_1_TIL_AGGGATGTCGCCGTGA	0.0	0.0	0.0	0.0	0.0	0.0	0.0	91.82165367827729	0.0	40.39247129713532	0.0	0.0	0.0	0.0	0.0	103.61494331123961	0.0	0.0	0.0	0.0	0.0	0.0	0.0	0.0	0.0	0.0	0.0	0.0	0.0	0.0	0.0	0.0
GSM4138111_HNSCC_1_TIL_ATCATCTGTAGCGTGA	0.0	0.0	0.0	0.0	0.0	0.0	0.0	0.0	476.6907880345781	0.0	0.0	0.0	0.0	0.0	0.0	0.0	0.0	0.0	96.29088268447671	0.0	0.0	0.0	0.0	0.0	0.0	0.0	0.0	0.0	0.0	0.0	0.0	0.0
GSM4138111_HNSCC_1_TIL_ATCGAGTTCATTATCC	0.0	251.50592816570935	0.0	0.0	204.19919485891626	0.0	0.0	0.0	0.0	0.0	0.0	0.0	0.0	0.0	0.0	0.0	0.0	0.0	0.0	0.0	0.0	0.0	0.0	0.0	0.0	0.0	0.0	0.0	0.0	0.0	0.0	0.0
GSM4138111_HNSCC_1_TIL_ATCTGCCAGGATGGTC	0.0	0.0	0.0	20.431350193252133	0.0	0.0	7.647373672798668	0.0	0.0	0.0	0.0	0.0	69.98930337564441	0.0	156.4978029324173	0.0	0.0	0.0	0.0	0.0	0.0	44.73896504431625	0.0	0.0	0.0	0.0	13.18514419978112	0.0	0.0	0.0	0.0	0.0
GSM4138111_HNSCC_1_TIL_ATTTCTGGTACACCGC	0.0	0.0	0.0	0.0	283.9163113964545	0.0	0.0	0.0	0.0	0.0	0.0	0.0	0.0	0.0	56.080267010836586	0.0	0.0	0.0	0.0	0.0	0.0	0.0	0.0	0.0	0.0	0.0	0.0	0.0	0.0	0.0	0.0	0.0
GSM4138111_HNSCC_1_TIL_CAACCAATCTATCCCG	174.63821210238976	0.0	0.0	0.0	0.0	0.0	0.0	0.0	0.0	148.99146972128344	0.0	0.0	0.0	0.0	0.0	298.89136437251653	0.0	0.0	0.0	0.0	0.0	0.0	0.0	0.0	0.0	0.0	0.0	0.0	0.0	0.0	0.0	0.0
GSM4138111_HNSCC_1_TIL_CACACAACATCTACGA	0.0	0.0	0.0	0.0	0.0	0.0	0.0	0.0	0.0	15.285307871471169	0.0	0.0	0.0	0.0	0.0	247.3261687792273	0.0	0.0	0.0	0.0	0.0	0.0	0.0	0.0	0.0	0.0	0.0	0.0	0.0	0.0	0.0	0.0
GSM4138111_HNSCC_1_TIL_CACCTTGTCCGGGTGT	1335.011622253765	0.0	0.0	0.0	0.0	0.0	0.0	0.0	0.0	0.0	0.0	0.0	0.0	0.0	0.0	0.0	0.0	0.0	0.0	0.0	0.0	0.0	0.0	0.0	0.0	0.0	0.0	0.0	0.0	0.0	0.0	0.0
GSM4138111_HNSCC_1_TIL_CATGACACAATGGAGC	256.7377530612165	170.16077035597127	0.0	0.0	162.21334756726313	0.0	0.0	0.0	7.067259221759882	7.050195573898974	0.0	0.0	0.0	0.0	0.0	0.0	0.0	0.0	0.0	0.0	0.0	0.0	0.0	0.0	0.0	0.0	0.0	0.0	78.70649230332384	0.0	0.0	0.0
GSM4138111_HNSCC_1_TIL_CCACTACTCACAATGC	297.8277922350899	0.0	0.0	0.0	0.0	0.0	0.0	0.0	0.0	0.0	0.0	0.0	0.0	0.0	0.0	54.0942631680434	0.0	0.0	0.0	0.0	0.0	0.0	0.0	0.0	0.0	0.0	0.0	0.0	0.0	0.0	0.0	0.0
GSM4138111_HNSCC_1_TIL_CCCAGTTGTAGTAGTA	0.0	0.0	0.0	0.0	78.66265347700151	0.0	0.0	0.0	0.0	0.0	0.0	0.0	0.0	0.0	0.0	0.0	0.0	0.0	0.0	0.0	0.0	0.0	0.0	0.0	192.57875261025302	0.0	0.0	0.0	0.0	0.0	0.0	0.0
GSM4138111_HNSCC_1_TIL_CCGTGGATCCCTTGCA	0.0	0.0	0.0	0.0	0.0	0.0	0.0	162.21638110537714	0.0	11.911797603104246	0.0	0.0	0.0	0.0	0.0	203.35461782798328	0.0	0.0	0.0	0.0	0.0	0.0	0.0	0.0	0.0	0.0	0.0	0.0	0.0	0.0	0.0	0.0
GSM4138111_HNSCC_1_TIL_CGCGGTATCATACGGT	0.0	149.75257444413913	0.0	0.0	0.0	0.0	0.0	0.0	0.0	0.0	0.0	0.0	0.0	0.0	0.0	0.0	219.65914748806276	0.0	0.0	0.0	0.0	0.0	0.0	0.0	0.0	0.0	0.0	0.0	0.0	0.0	0.0	0.0
GSM4138111_HNSCC_1_TIL_CGGACTGAGCCGTCGT	0.0	106.22976990980649	0.0	0.0	52.3591021952582	0.0	0.0	0.0	0.0	0.0	0.0	0.0	0.0	0.0	0.0	147.1797042120337	0.0	0.0	0.0	0.0	0.0	0.0	0.0	0.0	0.0	0.0	0.0	0.0	0.0	0.0	0.0	0.0
GSM4138111_HNSCC_1_TIL_CGGAGCTTCGAACTGT	0.0	0.0	0.0	0.0	824.3000646155162	0.0	115.03137564363321	0.0	0.0	0.0	0.0	0.0	0.0	0.0	110.39209688218548	0.0	0.0	0.0	0.0	0.0	0.0	175.62670281244684	0.0	0.0	0.0	0.0	0.0	0.0	0.0	0.0	0.0	0.0
GSM4138111_HNSCC_1_TIL_CGGAGTCGTATGAATG	207.64529406973693	0.0	0.0	0.0	83.81567391473462	0.0	0.0	0.0	0.0	0.0	0.0	0.0	0.0	0.0	0.0	0.0	0.0	0.0	0.0	0.0	0.0	0.0	0.0	0.0	0.0	0.0	0.0	0.0	0.0	0.0	0.0	0.0
GSM4138111_HNSCC_1_TIL_CGGTTAAGTCGACTAT	162.43298552503362	0.0	0.0	0.0	10.610467820988621	0.0	0.0	148.47391697867835	0.0	0.0	0.0	0.0	0.0	0.0	65.4231994137303	0.0	0.0	0.0	0.0	0.0	0.0	0.0	0.0	0.0	0.0	0.0	0.0	0.0	0.0	0.0	44.99066550083693	0.0
GSM4138111_HNSCC_1_TIL_CGTCTACAGCCTATGT	183.33907725736054	0.0	0.0	0.0	167.8716478933698	0.0	0.0	0.0	0.0	0.0	0.0	0.0	0.0	0.0	39.28839413552877	0.0	0.0	0.0	0.0	0.0	0.0	0.0	0.0	0.0	0.0	0.0	0.0	0.0	0.0	0.0	0.0	0.0
GSM4138111_HNSCC_1_TIL_CGTGTCTGTCTCCACT	688.3043910723229	173.54317578861296	0.0	0.0	0.0	0.0	0.0	0.0	0.0	0.0	0.0	0.0	0.0	0.0	0.0	0.0	0.0	0.0	0.0	0.0	0.0	0.0	0.0	0.0	0.0	0.0	0.0	0.0	0.0	0.0	0.0	0.0
GSM4138111_HNSCC_1_TIL_CGTTAGAAGAGCTATA	0.0	138.31570142064083	0.0	0.0	67.24447543451416	21.842679069834652	0.0	0.0	0.0	0.0	0.0	0.0	0.0	0.0	0.0	0.0	0.0	0.0	0.0	0.0	0.0	0.0	0.0	0.0	0.0	0.0	0.0	0.0	0.0	0.0	0.0	0.0
GSM4138111_HNSCC_1_TIL_CTGCTGTGTCCGAGTC	290.9483967494494	0.0	0.0	0.0	0.0	0.0	0.0	0.0	0.0	0.0	0.0	0.0	0.0	0.0	0.0	0.0	0.0	0.0	0.0	0.0	0.0	0.0	0.0	0.0	0.0	0.0	0.0	0.0	0.0	0.0	0.0	0.0
GSM4138111_HNSCC_1_TIL_CTGGTCTGTCCGTGAC	0.0	0.0	0.0	0.0	0.0	0.0	672.028370959436	0.0	0.0	0.0	0.0	231.06522170322793	0.0	0.0	0.0	0.0	0.0	0.0	0.0	0.0	0.0	0.0	0.0	0.0	0.0	0.0	0.0	0.0	0.0	0.0	0.0	0.0
GSM4138111_HNSCC_1_TIL_CTGTGCTTCGTCCGTT	101.02642742233748	0.0	0.0	0.0	0.0	0.0	0.0	0.0	0.0	0.0	0.0	0.0	0.0	0.0	0.0	287.20690292784093	0.0	0.0	0.0	0.0	0.0	0.0	0.0	0.0	0.0	0.0	0.0	0.0	0.0	0.0	0.0	0.0
GSM4138111_HNSCC_1_TIL_CTTCTCTGTCTTGCGG	0.0	0.0	0.0	0.0	206.76905055097401	0.0	0.0	0.0	0.0	0.0	0.0	0.0	0.0	0.0	0.0	0.0	0.0	0.0	0.0	0.0	0.0	0.0	0.0	0.0	0.0	0.0	0.0	0.0	0.0	0.0	0.0	0.0
GSM4138111_HNSCC_1_TIL_GAATGAACACGTCAGC	0.0	0.0	0.0	0.0	107.81571864880102	0.0	5359.069017675587	0.0	130.20658920732495	329.0545650652363	0.0	0.0	0.0	0.0	0.0	1.2774240397923278	0.0	0.0	0.0	0.0	0.0	0.0	0.0	0.0	0.0	0.0	0.0	0.0	0.0	0.0	0.0	0.0
GSM4138111_HNSCC_1_TIL_GACTAACGTAGAAGGA	276.9180586238729	74.43883118268637	0.0	0.0	0.0	0.0	0.0	0.0	0.0	6.844284452621621	0.0	0.0	0.0	0.0	0.0	0.0	0.0	0.0	0.0	0.0	0.0	0.0	0.0	0.0	0.0	0.0	0.0	0.0	0.0	0.0	0.0	0.0
GSM4138111_HNSCC_1_TIL_GATCGATTCAGAGACG	0.0	0.0	461.1920861847474	0.0	0.0	0.0	0.0	0.0	241.94162530969086	0.0	0.0	0.0	0.0	0.0	0.0	0.0	0.0	0.0	0.0	0.0	0.0	0.0	0.0	0.0	0.0	0.0	0.0	0.0	0.0	0.0	0.0	0.0
GSM4138111_HNSCC_1_TIL_GGGAATGAGCTGTCTA	321.97707587836794	0.0	0.0	0.0	0.0	0.0	0.0	0.0	0.0	0.0	0.0	0.0	0.0	0.0	0.0	0.0	0.0	0.0	0.0	0.0	0.0	0.0	0.0	0.0	0.0	0.0	0.0	0.0	0.0	0.0	0.0	0.0
GSM4138111_HNSCC_1_TIL_GGGAGATGTGTGCCTG	63.04270417248327	0.0	0.0	500.1241979093192	0.0	0.0	0.0	0.0	0.0	0.0	0.0	0.0	0.0	0.0	0.0	0.0	0.0	0.0	0.0	0.0	0.0	0.0	0.0	0.0	0.0	0.0	0.0	0.0	0.0	0.0	0.0	0.0
GSM4138111_HNSCC_1_TIL_GGGTCTGTCCACGAAT	272.66153433557986	0.0	0.0	0.0	754.3116827451292	10.604789943504821	0.0	0.0	0.0	0.0	51.1076983577483	0.0	0.0	0.0	0.0	0.0	0.0	0.0	0.0	0.0	0.0	0.0	0.0	0.0	0.0	0.0	0.0	0.0	0.0	0.0	0.0	0.0
GSM4138111_HNSCC_1_TIL_GTCGGGTAGTCAATAG	206.00100397986733	0.0	0.0	0.0	0.0	0.0	0.0	0.0	0.0	0.0	0.0	0.0	0.0	0.0	0.0	0.0	0.0	0.0	0.0	0.0	0.0	0.0	0.0	0.0	0.0	0.0	0.0	0.0	0.0	0.0	0.0	0.0
GSM4138111_HNSCC_1_TIL_GTCTCGTCACCCATGG	144.05506253067566	0.0	0.0	0.0	0.0	0.0	0.0	65.2123970961196	0.0	0.0	0.0	0.0	0.0	0.0	5.582258884473206	0.0	0.0	0.0	0.0	0.0	0.0	0.0	0.0	0.0	0.0	0.0	0.0	0.0	0.0	0.0	52.78515790126663	0.0
GSM4138111_HNSCC_1_TIL_GTCTTCGGTTGATTCG	0.0	0.0	0.0	0.0	0.0	0.0	0.0	527.1642730592375	0.0	0.0	0.0	0.0	0.0	0.0	0.0	0.0	0.0	0.0	0.0	0.0	0.0	0.0	0.0	0.0	0.0	0.0	0.0	0.0	0.0	0.0	0.0	0.0
GSM4138111_HNSCC_1_TIL_GTGCAGCCAGTTTACG	0.0	0.0	0.0	0.0	0.0	0.0	0.0	281.0423047293632	0.0	0.0	0.0	0.0	0.0	0.0	0.0	0.0	0.0	0.0	0.0	0.0	0.0	0.0	0.0	0.0	0.0	0.0	0.0	0.0	0.0	0.0	0.0	0.0
GSM4138111_HNSCC_1_TIL_GTTAAGCGTGCTGTAT	182.27581082594565	0.0	0.0	0.0	0.0	0.0	0.0	0.0	0.0	0.0	0.0	0.0	0.0	0.0	0.0	300.9826990668874	0.0	0.0	0.0	0.0	0.0	0.0	0.0	0.0	0.0	0.0	0.0	0.0	0.0	0.0	0.0	0.0
GSM4138111_HNSCC_1_TIL_TACTCGCCACACATGT	0.0	143.93454843624147	0.0	0.0	0.0	0.0	0.0	526.2198548836775	0.0	0.0	0.0	0.0	0.0	0.0	0.0	0.0	0.0	0.0	0.0	0.0	0.0	0.0	0.0	0.0	215.62707876453834	0.0	0.0	0.0	0.0	0.0	0.0	0.0
GSM4138111_HNSCC_1_TIL_TACTTACGTGTGACCC	0.0	0.0	0.0	0.0	315.38922337700006	0.0	0.0	0.0	0.0	76.84292606960187	0.0	0.0	0.0	0.0	0.0	0.0	0.0	0.0	0.0	0.0	0.0	0.0	0.0	0.0	0.0	0.0	0.0	0.0	0.0	0.0	0.0	0.0
GSM4138111_HNSCC_1_TIL_TCATTTGCAAGTAATG	291.1089424220028	0.0	0.0	0.0	0.0	0.0	0.0	0.0	0.0	0.0	0.0	0.0	0.0	0.0	0.0	0.0	0.0	0.0	0.0	0.0	0.0	0.0	0.0	0.0	0.0	0.0	0.0	0.0	0.0	0.0	0.0	0.0
GSM4138111_HNSCC_1_TIL_TCTATTGGTGTTTGTG	0.0	0.0	0.0	0.0	0.0	0.0	0.0	0.0	0.0	370.26252108338883	0.0	0.0	0.0	0.0	55.32296230380316	0.0	0.0	0.0	0.0	0.0	0.0	0.0	0.0	0.0	0.0	0.0	0.0	0.0	0.0	0.0	0.0	0.0
GSM4138111_HNSCC_1_TIL_TCTCTAATCGTCTGCT	0.0	0.0	0.0	0.0	16.84043315026516	0.0	112.71749923435544	0.0	0.0	0.0	0.0	0.0	0.0	0.0	152.97234644410756	0.0	0.0	0.0	0.0	0.0	0.0	0.0	0.0	0.0	0.0	0.0	0.0	0.0	0.0	0.0	0.0	0.0
GSM4138111_HNSCC_1_TIL_TTCTACACACCGGAAA	0.0	682.7716844470185	0.0	0.0	0.0	1.3716559202614491	0.0	0.0	0.0	0.0	0.0	0.0	0.0	0.0	0.0	0.0	0.0	0.0	0.0	0.0	0.0	0.0	0.0	0.0	0.0	0.0	0.0	0.0	0.0	0.0	0.0	0.0
GSM4138111_HNSCC_1_TIL_AGTGTCACATTAGCCA	0.0	0.0	0.0	0.0	0.0	336.7687326712856	0.0	0.0	0.0	0.0	0.0	0.0	0.0	0.0	0.0	0.0	0.0	0.0	0.0	0.0	0.0	0.0	0.0	0.0	0.0	0.0	0.0	0.0	0.0	0.0	0.0	0.0
GSM4138111_HNSCC_1_TIL_GCGGGTTTCTCAACTT	0.0	0.0	0.0	0.0	0.0	80.92974850511055	0.0	0.0	0.0	0.0	0.0	0.0	0.0	452.6781275066565	0.0	0.0	0.0	0.0	0.0	0.0	0.0	0.0	0.0	0.0	0.0	0.0	0.0	0.0	0.0	0.0	0.0	0.0
GSM4138111_HNSCC_1_TIL_GCTCTGTGTCTAGTCA	0.0	528.598335627306	0.0	0.0	0.0	322.7972344974492	0.0	0.0	0.0	0.0	0.0	0.0	0.0	19.640432974126742	0.0	0.0	0.0	0.0	0.0	0.0	0.0	0.0	0.0	0.0	0.0	0.0	0.0	0.0	0.0	0.0	0.0	0.0
GSM4138111_HNSCC_1_TIL_GGACAAGAGGAGTACC	0.0	0.0	0.0	0.0	0.0	382.6370712877347	0.0	0.0	42.83033661015325	0.0	0.0	0.0	0.0	0.0	0.0	0.0	0.0	0.0	0.0	0.0	0.0	0.0	0.0	0.0	0.0	0.0	0.0	0.0	0.0	0.0	0.0	0.0
GSM4138111_HNSCC_1_TIL_GTCCTCAAGATGCCTT	0.0	0.0	0.0	0.0	0.0	656.5244488705698	0.0	0.0	0.0	0.0	0.0	0.0	0.0	0.0	0.0	0.0	0.0	0.0	0.0	0.0	0.0	0.0	0.0	0.0	0.0	0.0	0.0	0.0	0.0	0.0	0.0	0.0
GSM4138111_HNSCC_1_TIL_TTTCCTCTCTCGCTTG	0.0	620.5652499361664	0.0	0.0	0.0	0.0	0.0	0.0	0.0	0.0	0.0	0.0	0.0	0.0	0.0	0.0	0.0	0.0	0.0	0.0	0.0	0.0	0.0	0.0	0.0	0.0	0.0	0.0	0.0	0.0	0.0	0.0
GSM4138111_HNSCC_1_TIL_AAACCTGTCTTCGAGA	0.0	0.0	272.9357247855791	0.0	0.0	0.0	0.0	0.0	0.0	0.0	0.0	0.0	0.0	0.0	0.0	0.0	0.0	0.0	0.0	0.0	0.0	22.89283583049435	0.0	0.0	0.0	0.0	0.0	0.0	0.0	0.0	0.0	0.0
GSM4138111_HNSCC_1_TIL_ACACCCTTCACAGGCC	0.0	0.0	0.0	0.0	0.0	306.21181852261526	0.0	0.0	0.0	0.0	0.0	0.0	0.0	57.57399931896815	0.0	0.0	0.0	0.0	0.0	0.0	0.0	149.69788425943386	0.0	0.0	0.0	0.0	0.0	0.0	0.0	0.0	0.0	0.0
GSM4138111_HNSCC_1_TIL_ACGGCCAAGTGGAGTC	0.0	0.0	0.0	0.0	0.0	0.0	0.0	0.0	0.0	0.0	0.0	0.0	188.72436659823592	0.0	0.0	0.0	0.0	0.0	82.86181764682917	0.0	0.0	0.0	0.0	0.0	0.0	0.0	0.0	0.0	0.0	0.0	0.0	0.0
GSM4138111_HNSCC_1_TIL_ACGTCAAGTAACGCGA	0.0	0.0	223.3461620252763	0.0	0.0	0.0	0.0	0.0	0.0	0.0	0.0	0.0	78.84690493861574	0.0	0.0	0.0	0.0	0.0	0.0	0.0	0.0	0.0	0.0	0.0	0.0	0.0	0.0	0.0	0.0	0.0	0.0	0.0
GSM4138111_HNSCC_1_TIL_ACTATCTGTCTCTCTG	0.0	0.0	267.43250644684	0.0	0.0	2.3976208743774245	0.0	0.0	0.0	0.0	0.0	0.0	0.0	0.0	0.0	0.0	0.0	0.0	0.0	0.0	0.0	0.0	0.0	0.0	0.0	0.0	0.0	0.0	0.0	0.0	0.0	0.0
GSM4138111_HNSCC_1_TIL_ACTTACTAGCTAGTGG	0.0	0.0	0.0	0.0	0.0	0.0	0.0	0.0	0.0	0.0	0.0	0.0	0.0	203.25277836208005	0.0	0.0	0.0	0.0	0.0	0.0	0.0	0.0	0.0	0.0	0.0	0.0	0.0	0.0	0.0	0.0	0.0	0.0
GSM4138111_HNSCC_1_TIL_ACTTGTTAGCTGTTCA	0.0	0.0	21.855328413703376	0.0	0.0	0.0	0.0	0.0	0.0	0.0	0.0	0.0	179.94101265819208	0.0	0.0	0.0	0.0	0.0	0.0	150.10482324809857	0.0	0.0	0.0	0.0	0.0	0.0	0.0	0.0	0.0	0.0	0.0	0.0
GSM4138111_HNSCC_1_TIL_ATAACGCTCGCGCCAA	0.0	0.0	120.41600191233478	0.0	0.0	40.37283981229441	0.0	0.0	0.0	0.0	0.0	0.0	0.0	49.93638573234436	0.0	0.0	0.0	0.0	0.0	7.053561157594695	0.0	50.5740821183139	0.0	0.0	0.0	0.0	0.0	0.0	0.0	0.0	0.0	0.0
GSM4138111_HNSCC_1_TIL_ATCATCTGTACCGCTG	0.0	0.0	0.0	0.0	0.0	0.0	0.0	0.0	0.0	0.0	0.0	0.0	0.0	276.7029563042536	0.0	0.0	0.0	0.0	0.0	0.0	0.0	0.0	0.0	0.0	0.0	0.0	0.0	0.0	0.0	0.0	0.0	0.0
GSM4138111_HNSCC_1_TIL_ATTGGTGCACACCGCA	0.0	0.0	152.12790547050247	0.0	0.0	0.0	0.0	0.0	0.0	0.0	0.0	0.0	0.0	0.0	0.0	0.0	0.0	0.0	0.0	93.21997530435453	0.0	0.0	0.0	0.0	0.0	0.0	0.0	0.0	0.0	0.0	0.0	0.0
GSM4138111_HNSCC_1_TIL_CAAGAAAAGGCCCGTT	0.0	0.0	254.08151762875818	0.0	0.0	0.0	0.0	0.0	0.0	0.0	0.0	0.0	0.0	0.0	0.0	0.0	0.0	0.0	0.0	0.0	0.0	0.0	0.0	0.0	0.0	0.0	0.0	0.0	0.0	0.0	0.0	0.0
GSM4138111_HNSCC_1_TIL_CAGGTGCGTCATGCCG	0.0	0.0	139.7940921599456	0.0	0.0	311.12037150986345	0.0	0.0	0.0	0.0	0.0	0.0	0.0	0.0	0.0	0.0	0.0	0.0	0.0	0.0	0.0	0.0	0.0	0.0	0.0	0.0	0.0	0.0	0.0	0.0	0.0	0.0
GSM4138111_HNSCC_1_TIL_CGGACGTCACTCTGTC	0.0	0.0	224.5548315455023	0.0	0.0	0.0	0.0	0.0	0.0	0.0	0.0	0.0	0.0	0.0	0.0	0.0	0.0	0.0	0.0	0.0	0.0	0.0	0.0	0.0	0.0	0.0	0.0	0.0	0.0	0.0	0.0	0.0
GSM4138111_HNSCC_1_TIL_CGTCACTGTCCAGTGC	0.0	0.0	0.0	0.0	0.0	0.0	0.0	0.0	0.0	0.0	0.0	0.0	56.101012246389104	68.05896175711271	0.0	0.0	0.0	170.51148060877054	0.0	0.0	0.0	0.0	0.0	0.0	0.0	0.0	0.0	0.0	0.0	0.0	0.0	0.0
GSM4138111_HNSCC_1_TIL_CTAATGGTCTGCAGTA	0.0	0.0	60.06130255289115	0.0	0.0	0.0	0.0	0.0	0.0	0.0	0.0	0.0	248.3822347016162	109.0507926200815	0.0	0.0	0.0	0.0	0.0	134.37758548336876	0.0	0.0	0.0	0.0	0.0	0.0	0.0	0.0	0.0	0.0	0.0	0.0
GSM4138111_HNSCC_1_TIL_CTGAAACGTTCCCGAG	0.0	0.0	228.30626900700597	0.0	0.0	0.0	0.0	0.0	0.0	0.0	0.0	0.0	0.0	0.0	0.0	0.0	0.0	0.0	0.0	0.0	0.0	0.0	0.0	0.0	0.0	0.0	0.0	0.0	0.0	0.0	0.0	0.0
GSM4138111_HNSCC_1_TIL_CTGCTGTCATGTCGAT	0.0	0.0	0.0	0.0	0.0	124.3083661764274	0.0	0.0	0.0	0.0	0.0	0.0	0.0	0.0	0.0	0.0	0.0	0.0	0.0	63.20800210659579	0.0	7.132211113168252	0.0	0.0	0.0	0.0	0.0	0.0	0.0	39.403012401040876	0.0	0.0
GSM4138111_HNSCC_1_TIL_GACAGAGCAGCCAGAA	0.0	0.0	270.90736301649616	0.0	0.0	0.0	0.0	0.0	0.0	0.0	0.0	0.0	0.0	0.0	0.0	0.0	0.0	0.0	0.0	0.0	0.0	0.0	0.0	0.0	0.0	0.0	0.0	0.0	0.0	0.0	0.0	0.0
GSM4138111_HNSCC_1_TIL_GCGCCAAGTCATGCCG	0.0	0.0	0.0	0.0	0.0	0.0	0.0	0.0	0.0	0.0	0.0	0.0	0.0	213.58365846373977	0.0	0.0	0.0	0.0	0.0	0.0	0.0	246.24739372475236	0.0	0.0	0.0	0.0	0.0	0.0	0.0	0.0	0.0	0.0
GSM4138111_HNSCC_1_TIL_GCTGCAGAGCGCTCCA	0.0	0.0	0.0	0.0	0.0	0.0	0.0	0.0	0.0	0.0	0.0	0.0	0.0	222.71752149459437	0.0	0.0	0.0	0.0	20.635227706556766	0.0	0.0	0.0	0.0	0.0	0.0	0.0	0.0	0.0	0.0	0.0	0.0	0.0
GSM4138111_HNSCC_1_TIL_GGCTGGTAGGCCCTCA	0.0	0.0	137.2730064771971	0.0	0.0	0.0	0.0	0.0	0.0	0.0	0.0	0.0	0.0	77.81583856748765	0.0	0.0	0.0	0.0	0.0	0.0	0.0	0.0	0.0	0.0	0.0	0.0	0.0	0.0	0.0	0.0	0.0	0.0
GSM4138111_HNSCC_1_TIL_GTGTTAGCAAAGAATC	0.0	0.0	239.03745455161462	0.0	0.0	0.0	0.0	0.0	0.0	0.0	0.0	0.0	0.0	0.0	0.0	0.0	0.0	0.0	0.0	0.0	0.0	0.0	0.0	0.0	0.0	0.0	0.0	0.0	0.0	0.0	0.0	0.0
GSM4138111_HNSCC_1_TIL_TACTCGCGTTCCACTC	0.0	0.0	148.9643864207254	0.0	0.0	0.0	0.0	0.0	0.0	0.0	0.0	0.0	0.0	0.0	0.0	0.0	0.0	0.0	0.0	134.99507219826725	0.0	0.0	0.0	0.0	0.0	0.0	0.0	0.0	0.0	0.0	0.0	0.0
GSM4138111_HNSCC_1_TIL_TAGGCATGTAGCTGCC	0.0	0.0	93.54367861467729	0.0	0.0	44.16055903384138	0.0	0.0	0.0	0.0	0.0	0.0	0.0	82.64932565841724	0.0	0.0	0.0	0.0	0.0	0.0	0.0	0.0	0.0	0.0	0.0	0.0	0.0	0.0	0.0	0.0	0.0	0.0
GSM4138111_HNSCC_1_TIL_TGAGCCGCAGTAACGG	0.0	0.0	213.60789356077422	0.0	0.0	0.0	0.0	0.0	0.0	0.0	0.0	0.0	0.0	0.0	0.0	0.0	0.0	45.184853942467534	0.0	0.0	0.0	0.0	0.0	0.0	0.0	0.0	0.0	0.0	0.0	0.0	0.0	0.0
GSM4138111_HNSCC_1_TIL_TGAGGGAGTCTTCTCG	0.0	0.0	86.43969072890272	0.0	0.0	0.0	0.0	0.0	0.0	0.0	0.0	0.0	0.0	0.0	0.0	0.0	0.0	0.0	16.68867680960147	0.0	0.0	117.97515413943434	0.0	0.0	0.0	0.0	0.0	0.0	0.0	0.0	0.0	0.0
GSM4138111_HNSCC_1_TIL_TGCCCATAGAGCTATA	0.0	0.0	195.71205065770192	0.0	0.0	0.0	0.0	0.0	0.0	0.0	0.0	0.0	0.0	0.0	0.0	0.0	0.0	0.0	0.0	243.54602892764055	0.0	0.0	0.0	0.0	0.0	0.0	0.0	0.0	0.0	0.0	0.0	0.0
GSM4138111_HNSCC_1_TIL_TGTATTCGTAAGGATT	0.0	0.0	208.99254889824672	0.0	0.0	66.63233553144364	0.0	0.0	0.0	0.0	0.0	0.0	0.0	0.0	0.0	0.0	0.0	0.0	0.0	0.0	0.0	0.0	0.0	0.0	0.0	0.0	0.0	0.0	0.0	0.0	0.0	0.0
GSM4138111_HNSCC_1_TIL_TTCGAAGAGACGCACA	0.0	0.0	196.46489258044278	0.0	0.0	85.04419878344144	0.0	0.0	0.0	0.0	0.0	0.0	0.0	0.0	0.0	0.0	0.0	0.0	0.0	0.0	0.0	0.0	0.0	0.0	0.0	0.0	0.0	0.0	0.0	0.0	0.0	0.0
GSM4138111_HNSCC_1_TIL_AGAGCTTAGTCTCAAC	104.00913338248495	0.0	0.0	28.81226408106253	0.0	0.0	0.0	0.0	0.0	0.0	0.0	0.0	0.0	0.0	50.255958943851674	0.0	0.0	0.0	0.0	0.0	0.0	0.0	0.0	0.0	0.0	0.0	0.0	0.0	0.0	0.0	0.0	0.0
GSM4138111_HNSCC_1_TIL_AGCGTATTCAAAGACA	0.0	370.0169769262951	0.0	0.0	0.0	0.0	0.0	0.0	0.0	0.0	0.0	0.0	0.0	0.0	0.0	0.0	0.0	0.0	0.0	0.0	0.0	0.0	0.0	0.0	0.0	0.0	0.0	0.0	0.0	0.0	0.0	0.0
GSM4138111_HNSCC_1_TIL_ATCCACCAGGTGTTAA	0.0	0.0	0.0	333.92387124899585	0.0	0.0	0.0	0.0	0.0	0.0	0.0	0.0	0.0	0.0	0.0	0.0	0.0	0.0	0.0	0.0	0.0	0.0	0.0	0.0	0.0	0.0	0.0	0.0	0.0	0.0	0.0	0.0
GSM4138111_HNSCC_1_TIL_CAACCAACACAGACTT	0.0	163.66723787571112	0.0	0.0	0.0	0.0	213.87294202446046	0.0	0.0	0.0	0.0	0.0	0.0	0.0	0.0	0.0	0.0	0.0	0.0	0.0	0.0	0.0	0.0	0.0	0.0	0.0	0.0	0.0	0.0	0.0	0.0	0.0
GSM4138111_HNSCC_1_TIL_CAACTAGTCGCGTTTC	0.0	0.0	0.0	0.0	0.0	0.0	0.0	0.0	0.0	0.0	0.0	231.1580736381104	0.0	0.0	0.0	0.0	0.0	0.0	0.0	0.0	130.47261040747352	0.0	0.0	0.0	0.0	207.85706205001034	0.0	0.0	0.0	0.0	0.0	0.0
GSM4138111_HNSCC_1_TIL_CAGCTGGCAATAGAGT	0.0	136.47512085097114	0.0	0.0	0.0	0.0	61.22169726765655	0.0	0.0	0.0	0.0	0.0	0.0	0.0	0.0	0.0	0.0	0.0	0.0	0.0	115.58044583299086	0.0	0.0	0.0	0.0	0.0	0.0	0.0	0.0	0.0	0.0	0.0
GSM4138111_HNSCC_1_TIL_CAGTCCTAGGCATGTG	0.0	303.0188341819108	0.0	0.0	0.0	0.0	0.0	0.0	0.0	0.0	0.0	0.0	0.0	0.0	0.0	0.0	0.0	0.0	0.0	0.0	0.0	0.0	0.0	0.0	0.0	0.0	0.0	0.0	0.0	0.0	0.0	0.0
GSM4138111_HNSCC_1_TIL_CCACTACAGCACAGGT	0.0	0.0	0.0	0.0	0.0	0.0	0.0	223.3547624495773	0.0	0.0	0.0	0.0	0.0	0.0	0.0	0.0	0.0	0.0	0.0	0.0	0.0	0.0	0.0	0.0	0.0	0.0	0.0	0.0	0.0	0.0	0.0	0.0
GSM4138111_HNSCC_1_TIL_CCACTACCATTAGCCA	0.0	248.9051581766587	0.0	0.0	0.0	0.0	0.0	0.0	0.0	0.0	0.0	0.0	0.0	0.0	0.0	0.0	0.0	0.0	0.0	0.0	0.0	0.0	0.0	0.0	0.0	0.0	0.0	0.0	0.0	0.0	0.0	0.0
GSM4138111_HNSCC_1_TIL_CCAGCGATCAATCACG	84.57107977420337	0.0	0.0	0.0	0.0	0.0	0.0	136.53535644379926	0.0	0.0	0.0	0.0	0.0	0.0	0.0	84.98870169713342	0.0	0.0	0.0	0.0	0.0	0.0	0.0	0.0	0.0	0.0	0.0	0.0	0.0	0.0	0.0	0.0
GSM4138111_HNSCC_1_TIL_CGGACGTTCTTGCAAG	0.0	0.0	0.0	0.0	0.0	0.0	91.96135135695663	0.0	0.0	0.0	0.0	0.0	0.0	0.0	0.0	0.0	229.89541670659543	0.0	0.0	0.0	0.0	0.0	0.0	0.0	0.0	0.0	0.0	0.0	0.0	0.0	0.0	0.0
GSM4138111_HNSCC_1_TIL_CGTTAGACAACACCCG	0.0	0.0	0.0	0.0	0.0	0.0	0.0	0.0	0.0	0.0	0.0	123.88280303225207	0.0	0.0	0.0	0.0	0.0	0.0	0.0	0.0	0.0	0.0	0.0	0.0	0.0	91.35427023943801	0.0	0.0	0.0	0.0	0.0	0.0
GSM4138111_HNSCC_1_TIL_CTGCGGACAGTCAGCC	0.0	47.51307013679146	0.0	0.0	38.01407854765395	56.53212106262165	0.0	0.0	0.0	0.0	0.0	0.0	0.0	0.0	4.626325649939	0.0	11.692652576725733	0.0	0.0	0.0	0.0	0.0	0.0	0.0	0.0	0.0	0.0	0.0	0.0	8.5307348190521	0.0	0.0
GSM4138111_HNSCC_1_TIL_GCAGCCAGTGATGCCC	58.718845381529846	0.0	0.0	0.0	119.63056842289568	0.0	0.0	0.0	0.0	28.000970072135193	0.0	0.0	0.0	0.0	0.0	0.0	0.0	0.0	0.0	0.0	0.0	0.0	0.0	0.0	0.0	0.0	0.0	32.97130812502997	0.0	0.0	0.0	0.0
GSM4138111_HNSCC_1_TIL_GGCTGGTGTGCCTGTG	0.0	0.0	0.0	0.0	0.0	0.0	0.0	0.0	0.0	0.0	0.0	260.2398334085693	0.0	0.0	0.0	0.0	0.0	0.0	0.0	0.0	0.0	0.0	0.0	0.0	0.0	0.0	0.0	0.0	0.0	0.0	0.0	0.0
GSM4138111_HNSCC_1_TIL_TGACGGCAGCGTCAAG	229.9019430614896	0.0	0.0	86.41742705323678	0.0	0.0	0.0	0.0	0.0	0.0	0.0	0.0	0.0	0.0	0.0	0.0	3.218937569224531	0.0	0.0	0.0	0.0	0.0	0.0	0.0	0.0	0.0	0.0	0.0	0.0	0.0	0.0	0.0
GSM4138111_HNSCC_1_TIL_TGCGCAGAGCATGGCA	0.0	51.539538555176236	0.0	0.0	0.0	0.0	0.0	0.0	0.0	0.0	0.0	136.8636212464747	0.0	0.0	0.0	0.0	0.0	0.0	0.0	0.0	0.0	0.0	9.05165518397984	0.0	0.0	4.291842043924937	0.0	0.0	0.0	0.0	0.0	0.0
GSM4138111_HNSCC_1_TIL_ACGGAGACAGGACGTA	0.0	251.35140446406427	0.0	0.0	0.0	0.0	0.0	0.0	0.0	0.0	0.0	0.0	0.0	0.0	0.0	0.0	0.0	0.0	0.0	0.0	0.0	0.0	0.0	0.0	0.0	0.0	0.0	0.0	0.0	0.0	0.0	0.0
GSM4138111_HNSCC_1_TIL_AGATCTGAGTCAAGCG	0.0	644.0582266396153	0.0	0.0	0.0	0.0	0.0	0.0	0.0	0.0	0.0	0.0	0.0	0.0	0.0	0.0	0.0	0.0	0.0	0.0	0.0	0.0	0.0	0.0	0.0	0.0	0.0	0.0	0.0	0.0	0.0	0.0
GSM4138111_HNSCC_1_TIL_ATAAGAGAGAGTCTGG	81.97874602878314	0.0	0.0	204.71931385052454	0.0	0.0	0.0	0.0	0.0	0.0	59.06745197739051	0.0	0.0	0.0	0.0	0.0	0.0	0.0	0.0	0.0	0.0	0.0	0.0	0.0	0.0	0.0	0.0	0.0	0.0	0.0	0.0	0.0
GSM4138111_HNSCC_1_TIL_GAACGGAAGGGATACC	155.03178306949434	78.0302759477718	0.0	218.6367927543946	0.0	0.0	0.0	0.0	0.0	0.0	0.0	0.0	0.0	0.0	0.0	0.0	0.0	0.0	0.0	0.0	0.0	0.0	0.0	0.0	0.0	0.0	0.0	0.0	0.0	0.0	0.0	0.0
GSM4138111_HNSCC_1_TIL_GACGCGTTCTAACTCT	0.0	303.1156427090003	0.0	0.0	0.0	0.0	8.776765994340833	0.0	0.0	0.0	0.0	0.0	0.0	0.0	0.0	0.0	0.0	0.0	0.0	0.0	0.0	0.0	0.0	0.0	0.0	0.0	0.0	0.0	0.013637383570603602	0.0	0.0	0.0
GSM4138111_HNSCC_1_TIL_GATGCTAGTAAATGTG	0.0	229.59821979025602	0.0	0.0	0.0	0.0	0.0	0.0	0.0	0.0	115.56120535685808	0.0	0.0	0.0	0.0	0.0	0.0	0.0	0.0	0.0	0.0	0.0	0.0	0.0	0.0	0.0	0.0	0.0	0.0	0.0	0.0	0.0
GSM4138111_HNSCC_1_TIL_GTGAAGGTCGTACCGG	0.0	76.81876310480241	0.0	425.3848850807183	0.0	0.0	0.0	0.0	0.0	0.0	0.0	0.0	0.0	0.0	0.0	0.0	167.84022666137963	0.0	0.0	0.0	0.0	0.0	0.0	0.0	0.0	0.0	0.0	0.0	0.0	0.0	0.0	0.0
GSM4138111_HNSCC_1_TIL_TGCTACCTCGGATGGA	0.0	59.21772486685166	0.0	0.0	0.0	0.0	254.47206833084365	0.0	0.0	0.0	0.0	0.0	0.0	0.0	0.0	0.0	0.0	0.0	0.0	0.0	0.0	0.0	0.0	0.0	0.0	0.0	0.0	0.0	0.0	0.0	0.0	0.0
GSM4138111_HNSCC_1_TIL_ACATACGAGTCATGCT	0.0	44.419571475959955	0.0	0.0	217.9261819867254	0.0	0.0	0.0	0.0	0.0	0.0	0.0	0.0	0.0	0.0	0.0	0.0	0.0	0.0	0.0	0.0	0.0	0.0	0.0	0.0	0.0	0.0	0.0	0.0	0.0	0.0	0.0
GSM4138111_HNSCC_1_TIL_CAACCTCGTTCAACCA	181.10843441308296	0.0	0.0	0.0	0.0	0.0	0.0	0.0	0.0	0.0	0.0	0.0	0.0	0.0	0.0	11.466951285018245	0.0	0.0	0.0	0.0	0.0	0.0	0.0	0.0	0.0	0.0	0.0	0.0	0.0	0.0	0.0	0.0
GSM4138111_HNSCC_1_TIL_CAACTAGTCACCATAG	133.61583179340528	0.0	0.0	0.0	0.0	0.0	0.0	246.51708519747328	0.0	0.0	0.0	0.0	0.0	0.0	36.32197337597153	0.0	0.0	0.0	0.0	0.0	0.0	0.0	0.0	0.0	0.0	0.0	0.0	0.0	0.0	0.0	0.0	0.0
GSM4138111_HNSCC_1_TIL_CCAGCGAAGGGATACC	14.939957802369207	0.0	0.0	0.0	0.0	0.0	0.0	95.35990751881751	0.0	8.835423462805558	0.0	0.0	0.0	0.0	0.0	136.24964109439318	0.0	0.0	0.0	0.0	0.0	0.0	0.0	0.0	0.0	0.0	0.0	0.0	0.0	0.0	0.0	0.0
GSM4138111_HNSCC_1_TIL_GAAATGAGTCTAGTCA	0.0	104.51632988012345	0.0	0.0	90.54718450677487	0.0	0.0	16.731066985459933	0.0	0.0	0.0	0.0	0.0	0.0	0.0	0.0	0.0	0.0	0.0	0.0	0.0	0.0	0.0	0.0	0.0	0.0	0.0	0.0	0.0	0.0	0.0	0.0
GSM4138111_HNSCC_1_TIL_GCAGTTACATAGAAAC	0.0	86.89333407940319	0.0	0.0	0.0	0.0	0.0	177.76288377830463	0.0	0.0	0.0	0.0	0.0	0.0	0.0	0.0	0.0	0.0	0.0	0.0	0.0	0.0	0.0	0.0	0.0	0.0	0.0	0.0	0.0	0.0	0.0	0.0
GSM4138111_HNSCC_1_TIL_GGTATTGCAGGAATGC	0.0	26.29469299420718	0.0	0.0	208.1176212605677	0.0	0.0	0.0	0.0	0.0	0.0	0.0	0.0	0.0	0.0	0.0	0.0	0.0	0.0	0.0	0.0	0.0	0.0	0.0	0.0	0.0	0.0	0.0	0.0	0.0	0.0	0.0
GSM4138111_HNSCC_1_TIL_GGTGTTACATTAGCCA	229.69784248484663	0.0	0.0	0.0	0.0	0.0	0.0	0.0	0.0	0.0	0.0	0.0	0.0	0.0	0.0	0.0	0.0	0.0	0.0	0.0	0.0	0.0	0.0	0.0	0.0	0.0	0.0	0.0	0.0	0.0	0.0	0.0
GSM4138111_HNSCC_1_TIL_GTCTTCGAGCTAGTGG	6.376267118821923	0.0	0.0	22.499203104036976	0.0	0.0	0.0	200.10030069551019	0.0	0.0	0.0	0.0	0.0	0.0	0.0	0.0	0.0	0.0	0.0	0.0	0.0	0.0	0.0	0.0	0.0	0.0	0.0	0.0	0.0	0.0	0.0	0.0
GSM4138111_HNSCC_1_TIL_TTGCGTCCATCGGACC	0.0	0.0	0.0	0.0	0.0	0.0	0.0	272.70644186432605	0.0	0.0	0.0	0.0	0.0	0.0	0.0	0.0	0.0	0.0	0.0	0.0	0.0	0.0	0.0	0.0	0.0	0.0	0.0	0.0	0.0	0.0	0.0	0.0
GSM4138111_HNSCC_1_TIL_CACACCTGTACGCTGC	0.0	183.94458284281603	0.0	0.0	50.347990648776936	0.0	9.812499730701488	0.0	0.0	12.54567827277392	0.0	0.0	0.0	0.0	2.8322251265830265	0.0	0.0	0.0	0.0	0.0	0.0	0.0	0.0	0.0	0.0	0.0	0.0	0.0	0.0	0.0	0.0	0.0
GSM4138111_HNSCC_1_TIL_CAGAGAGCATAAAGGT	0.0	4.564875496933006	0.0	0.0	0.0	0.0	90.5085058529866	0.0	0.0	0.0	0.0	75.03871697596105	0.0	0.0	0.0	0.0	41.35247428542608	0.0	0.0	0.0	0.0	0.0	46.85609014241795	0.0	0.0	0.0	0.0	0.0	0.0	0.0	0.0	0.0
GSM4138111_HNSCC_1_TIL_CCCTCCTCACTTAACG	0.0	182.43183093445714	0.0	0.0	0.0	0.0	52.69894220768343	0.0	0.0	0.0	0.0	0.0	0.0	0.0	0.0	0.0	0.0	0.0	0.0	0.0	0.0	0.0	0.0	0.0	0.0	0.0	0.0	0.0	0.0	0.0	0.0	0.0
GSM4138111_HNSCC_1_TIL_CCTAAAGGTGACGGTA	0.0	226.57429312335555	0.0	0.0	0.0	0.0	34.420033282635075	0.0	0.0	0.0	0.0	0.0	0.0	0.0	0.0	0.0	0.0	0.0	0.0	0.0	0.0	0.0	0.0	0.0	0.0	0.0	0.0	0.0	0.0	0.0	0.0	0.0
GSM4138111_HNSCC_1_TIL_CCTTCGATCTTTACAC	0.0	80.51018158859935	0.0	0.0	61.95397092585812	0.0	0.0	0.0	0.0	0.0	113.59523622184196	0.0	0.0	0.0	0.0	0.0	0.0	0.0	0.0	0.0	0.0	0.0	38.2316695724039	0.0	0.0	0.0	0.0	0.0	0.0	0.0	0.0	0.0
GSM4138111_HNSCC_1_TIL_GAGCAGAGTTCAGCGC	0.0	0.0	0.0	0.0	0.0	0.0	25.896386413888514	0.0	0.0	0.0	0.0	0.0	0.0	0.0	0.0	0.0	0.0	0.0	0.0	0.0	145.22588736733908	0.0	0.0	0.0	0.0	0.0	0.0	0.0	0.0	0.0	0.0	0.0
GSM4138111_HNSCC_1_TIL_GGTGCGTCAGCTGTAT	0.0	0.0	0.0	0.0	0.0	0.0	0.0	0.0	0.0	0.0	0.0	264.77677106988085	0.0	0.0	0.0	0.0	0.0	0.0	0.0	0.0	0.0	0.0	0.0	0.0	0.0	0.0	0.0	0.0	0.0	0.0	0.0	0.0
GSM4138111_HNSCC_1_TIL_TATTACCCATCCCATC	0.0	0.0	0.0	0.0	0.0	0.0	83.1139756943794	0.0	0.0	0.0	0.0	0.0	0.0	0.0	0.0	0.0	0.0	0.0	0.0	0.0	32.623818343865395	0.0	0.0	0.0	0.0	0.0	0.0	0.0	94.0878203596391	0.0	0.0	0.0
GSM4138111_HNSCC_1_TIL_TGAGAGGAGCCGCCTA	0.0	0.0	0.0	0.0	0.0	0.0	0.0	0.0	0.0	34.6358363090723	0.0	219.30256833943776	0.0	0.0	0.0	9.818857479205723	0.0	0.0	0.0	0.0	0.0	0.0	0.0	0.0	0.0	0.0	0.0	0.0	0.0	0.0	0.0	0.0
GSM4138111_HNSCC_1_TIL_AGTTGGTAGTACGTTC	0.0	0.0	0.0	76.08625439018162	0.0	0.0	0.0	105.06180091311046	0.0	0.0	0.0	0.0	0.0	0.0	0.0	0.0	0.0	0.0	0.0	0.0	0.0	0.0	0.0	0.0	0.0	0.0	0.0	0.0	0.0	0.0	0.0	0.0
GSM4138111_HNSCC_1_TIL_CCCAGTTTCAGTACGT	0.0	0.0	248.30898190345866	0.0	0.0	55.63275270983036	0.0	0.0	0.0	0.0	0.0	0.0	0.0	0.0	0.0	0.0	0.0	0.0	0.0	0.0	0.0	0.0	0.0	0.0	0.0	0.0	0.0	0.0	0.0	0.0	0.0	0.0
GSM4138111_HNSCC_1_TIL_CCTAAAGCAAGGACTG	0.0	0.0	174.80959455058206	0.0	0.0	0.0	0.0	0.0	0.0	0.0	0.0	0.0	0.0	0.0	0.0	0.0	0.0	0.0	0.0	23.38217110126875	0.0	0.0	0.0	0.0	0.0	0.0	0.0	0.0	0.0	0.0	0.0	0.0
GSM4138111_HNSCC_1_TIL_GACGCGTTCAAACCGT	0.0	0.0	0.0	132.7823459587522	0.0	0.0	0.0	0.0	0.0	0.0	0.0	0.0	0.0	0.0	106.00626551745444	0.0	0.0	0.0	0.0	0.0	0.0	0.0	0.0	0.0	0.0	0.0	9.288656966791066	0.0	0.0	0.0	0.0	0.0
GSM4138111_HNSCC_1_TIL_GGATGTTGTGGCTCCA	0.0	0.0	0.0	0.0	0.0	0.0	0.0	0.0	0.0	0.0	0.0	0.0	0.0	0.0	0.0	0.0	0.0	0.0	0.0	232.89363788959992	0.0	0.0	0.0	0.0	0.0	0.0	0.0	0.0	0.0	0.0	0.0	0.0
GSM4138111_HNSCC_1_TIL_ACTGATGGTGCTAGCC	0.0	0.0	0.0	0.0	0.0	0.0	0.0	0.0	5.677845671074969	0.0	0.0	0.0	200.30833897442272	0.0	0.0	0.0	0.0	0.0	82.05907668872574	0.0	0.0	7.597477096845207	0.0	0.0	0.0	0.0	0.0	0.0	0.0	0.0	0.0	0.0
GSM4138111_HNSCC_1_TIL_CCTACCACATCGGGTC	0.0	0.0	0.0	0.0	0.0	0.0	0.0	0.0	0.0	0.0	0.0	0.0	148.681514455549	0.0	0.0	0.0	0.0	0.0	120.3947903052514	0.0	0.0	0.0	0.0	0.0	0.0	0.0	0.0	0.0	0.0	0.0	0.0	0.0
GSM4138111_HNSCC_1_TIL_CTCACACAGTTGTCGT	0.0	0.0	150.26020201278985	0.0	0.0	219.89345077211684	0.0	0.0	0.0	0.0	0.0	0.0	0.0	0.0	0.0	0.0	0.0	0.0	0.0	0.0	0.0	0.0	0.0	0.0	0.0	0.0	0.0	0.0	0.0	0.0	0.0	0.0
GSM4138111_HNSCC_1_TIL_TACTTGTTCCGCATCT	0.0	0.0	0.0	0.0	0.0	0.0	0.0	0.0	138.06918137905186	0.0	0.0	0.0	0.0	0.0	0.0	0.0	0.0	54.357545193266034	237.5288635188861	0.0	0.0	0.0	0.0	0.0	0.0	0.0	0.0	0.0	0.0	0.0	0.0	0.0
GSM4138111_HNSCC_1_TIL_TGGCGCACATTATCTC	0.0	0.0	51.85359039406239	0.0	0.0	0.0	0.0	0.0	0.0	0.0	0.0	0.0	0.0	0.0	0.0	0.0	0.0	0.0	0.0	157.13642629775262	0.0	0.0	0.0	0.0	0.0	0.0	0.0	0.0	0.0	0.0	0.0	0.0
GSM4138111_HNSCC_1_TIL_AGAATAGTCTCCAACC	186.30820169182468	0.0	0.0	0.0	0.0	0.0	0.0	0.0	0.0	0.0	0.0	0.0	0.0	0.0	0.0	0.0	0.0	0.0	0.0	0.0	0.0	0.0	0.0	0.0	0.0	0.0	0.0	0.0	0.0	0.0	0.0	0.0
GSM4138111_HNSCC_1_TIL_AGCTCTCTCTAACTCT	359.715272447728	0.0	0.0	0.0	123.8366231243907	0.0	0.0	0.0	0.0	0.0	0.0	0.0	0.0	0.0	0.0	0.0	0.0	0.0	0.0	0.0	0.0	0.0	0.0	0.0	0.0	0.0	0.0	48.54939593412751	0.0	0.0	0.0	0.0
GSM4138111_HNSCC_1_TIL_CACACAATCCCAAGAT	364.00043925872893	0.0	0.0	0.0	0.0	0.0	0.0	0.0	0.0	0.0	0.0	0.0	0.0	0.0	0.0	0.0	0.0	0.0	0.0	0.0	0.0	0.0	0.0	0.0	0.0	0.0	0.0	0.0	0.0	0.0	0.0	0.0
GSM4138111_HNSCC_1_TIL_CCTAAAGTCTAACCGA	0.0	73.88232580349151	0.0	0.0	87.67927271914313	0.0	0.0	0.0	0.0	0.0	0.0	0.0	0.0	0.0	0.0	0.0	0.0	0.0	0.0	0.0	0.0	0.0	0.0	0.0	0.0	0.0	0.0	0.0	0.0	0.0	0.0	0.0
GSM4138111_HNSCC_1_TIL_TCAACGAAGCGTAATA	133.2239253582247	0.0	0.0	0.0	0.0	0.0	0.0	0.0	0.0	0.0	0.0	0.0	0.0	0.0	0.0	151.35132385239626	0.0	0.0	0.0	0.0	0.0	0.0	0.0	0.0	0.0	0.0	0.0	0.0	0.0	0.0	0.0	0.0
GSM4138111_HNSCC_1_TIL_TCGGTAACATTACGAC	161.45683367675636	0.0	0.0	0.0	0.0	0.0	0.0	0.0	0.0	0.0	0.0	0.0	0.0	0.0	0.0	0.0	0.0	0.0	0.0	0.0	0.0	0.0	0.0	0.0	0.0	0.0	0.0	0.0	0.0	0.0	0.0	0.0
GSM4138111_HNSCC_1_TIL_AACTCCCAGATGAGAG	67.63034746282302	0.0	185.00746526632844	0.0	0.0	0.0	0.0	0.0	0.0	0.0	0.0	0.0	0.0	0.0	0.0	0.0	0.0	0.0	0.0	0.0	0.0	0.0	0.0	0.0	0.0	0.0	0.0	0.0	0.0	0.0	0.0	0.0
GSM4138111_HNSCC_1_TIL_CACACAACAATTCCTT	0.0	174.44299145321605	0.0	76.9495154805012	0.0	0.0	0.0	0.0	0.0	0.0	0.0	0.0	0.0	0.0	0.0	0.0	0.0	0.0	0.0	0.0	0.0	0.0	0.0	0.0	0.0	0.0	0.0	0.0	0.0	0.0	0.0	0.0
GSM4138111_HNSCC_1_TIL_CATGCCTCAGAGTGTG	0.0	49.89661121825161	0.0	0.0	211.6112244464877	0.0	0.0	0.0	0.0	0.0	0.0	0.0	0.0	0.0	0.0	0.0	0.0	0.0	0.0	0.0	0.0	0.0	0.0	0.0	0.0	0.0	0.0	0.0	0.0	0.0	0.0	0.0
GSM4138111_HNSCC_1_TIL_GACCTGGTCAATAAGG	0.0	42.44667739962972	0.0	0.0	0.0	0.0	0.0	144.71500989322888	0.0	0.0	0.0	0.0	0.0	0.0	67.76829566676935	0.0	0.0	0.0	0.0	0.0	0.0	0.0	0.0	0.0	0.0	0.0	0.0	0.0	0.0	0.0	0.0	0.0
GSM4138111_HNSCC_1_TIL_ACCGTAAAGAGGGATA	206.54688296881508	0.0	0.0	0.0	0.0	0.0	0.0	0.0	0.0	0.0	0.0	0.0	0.0	0.0	0.0	0.0	66.27314439050646	0.0	0.0	0.0	0.0	0.0	0.0	0.0	0.0	0.0	0.0	0.0	0.0	0.0	0.0	0.0
GSM4138111_HNSCC_1_TIL_ACGTCAAGTAGTACCT	0.0	132.79457328276206	0.0	0.0	0.0	429.35879525175386	0.0	0.0	0.0	0.0	0.0	0.0	0.0	0.0	0.0	0.0	0.0	0.0	0.0	0.0	0.0	0.0	0.0	0.0	0.0	0.0	0.0	0.0	0.0	0.0	0.0	0.0
GSM4138111_HNSCC_1_TIL_ACTGAACGTCTGGTCG	0.0	365.81487017677324	0.0	0.0	0.0	0.0	0.0	0.0	0.0	0.0	0.0	0.0	0.0	0.0	0.0	0.0	41.85493526605775	0.0	0.0	0.0	0.0	0.0	0.0	0.0	0.0	0.0	0.0	0.0	0.0	0.0	0.0	0.0
GSM4138111_HNSCC_1_TIL_AGGTCATGTCGCTTTC	307.05815900302633	0.0	0.0	0.0	0.0	0.0	0.0	0.0	0.0	0.0	0.0	0.0	0.0	0.0	0.0	0.0	0.0	0.0	0.0	0.0	0.0	0.0	0.0	0.0	0.0	0.0	0.0	0.0	0.0	0.0	0.0	0.0
GSM4138111_HNSCC_1_TIL_CCTCTGACACTTCTGC	0.0	0.0	0.0	0.0	0.0	0.0	81.00506172351933	234.5851582448951	0.0	0.0	0.0	0.0	0.0	0.0	0.0	0.0	0.0	0.0	0.0	0.0	0.0	0.0	0.0	0.0	0.0	0.0	0.0	0.0	0.0	0.0	0.0	0.0
GSM4138111_HNSCC_1_TIL_CTGCGGAGTTTAGCTG	0.0	149.26522134348863	0.0	0.0	0.0	0.0	0.0	88.37122599099247	0.0	0.0	0.0	0.0	0.0	0.0	0.0	0.0	0.0	0.0	0.0	0.0	0.0	0.0	0.0	0.0	0.0	0.0	0.0	0.0	0.0	0.0	0.0	0.0
GSM4138111_HNSCC_1_TIL_GAAACTCAGCTTTGGT	0.0	0.0	0.0	0.0	154.50406036495255	0.0	0.0	0.0	0.0	0.0	0.0	0.0	0.0	0.0	0.0	0.0	0.0	0.0	0.0	0.0	0.0	0.0	0.0	0.0	0.0	0.0	0.0	0.0	0.0	0.0	0.0	0.0
GSM4138111_HNSCC_1_TIL_GAAGCAGAGAAGATTC	0.0	48.98031657862009	25.656205435570335	0.0	0.0	0.0	44.32357965080512	0.0	0.0	0.0	0.0	0.0	0.0	0.0	0.0	0.0	95.76011618160138	0.0	0.0	0.0	0.0	0.0	0.0	0.0	0.0	0.0	0.0	0.0	0.0	0.0	0.0	0.0
GSM4138111_HNSCC_1_TIL_GATCGCGTCTGGTTCC	0.0	6.941047263663032	3.7116753871309314	0.0	0.0	0.0	315.55662833077696	0.0	0.0	0.0	0.0	0.0	0.0	0.0	0.0	0.0	0.0	0.0	0.0	145.89093768610985	0.0	131.89437715745453	0.0	0.0	0.0	85.72286641887942	0.0	0.0	0.0	0.0	0.0	0.0
GSM4138111_HNSCC_1_TIL_GCAGCCATCACTATTC	0.0	195.6821844686887	0.0	0.0	0.0	0.0	47.71621227168692	0.0	0.0	0.0	0.0	0.0	0.0	0.0	0.0	0.0	32.99017718336896	0.0	0.0	0.0	0.0	0.0	0.0	0.0	0.0	0.0	0.0	0.0	0.0	0.0	0.0	0.0
GSM4138111_HNSCC_1_TIL_GGGCATCGTAGATTAG	133.15809582404736	0.0	278.68135086059897	0.0	0.0	0.0	0.0	0.0	0.0	0.0	0.0	0.0	0.0	0.0	0.0	0.0	0.0	0.0	0.0	0.0	0.0	0.0	0.0	0.0	0.0	0.0	0.0	0.0	0.0	0.0	0.0	0.0
GSM4138111_HNSCC_1_TIL_GTGCTTCTCGCCAGCA	133.50631775860995	0.0	0.0	0.0	53.18745798448752	0.0	0.0	0.0	0.0	0.0	0.0	0.0	0.0	0.0	0.0	0.0	0.0	0.0	0.0	0.0	0.0	0.0	0.0	0.0	0.0	0.0	0.0	0.0	0.0	0.0	0.0	0.0
GSM4138111_HNSCC_1_TIL_TCGTAGAAGATAGCAT	0.0	30.590121147136212	0.0	0.0	0.0	0.0	115.69759724696084	48.62362572965953	0.0	0.0	0.0	54.00094426299271	0.0	0.0	0.0	0.0	0.0	0.0	0.0	0.0	0.0	0.0	0.0	0.0	0.0	0.0	0.0	0.0	0.0	0.0	0.0	0.0
GSM4138111_HNSCC_1_TIL_TGAAAGAGTGTTCTTT	0.0	186.71436683226815	202.11231146834152	121.33206995463388	0.0	175.72828406622324	0.0	0.0	0.0	0.0	0.0	0.0	0.0	0.0	0.0	0.0	219.56280891167782	0.0	0.0	0.0	0.0	0.0	0.0	0.0	0.0	0.0	0.0	0.0	0.0	0.0	0.0	0.0
GSM4138111_HNSCC_1_TIL_TGAGCATTCCAATGGT	0.0	73.92139479369871	0.0	0.0	0.0	0.0	78.62418022087961	0.0	0.0	0.0	0.0	19.299847352621946	0.0	0.0	0.0	0.0	0.0	0.0	0.0	0.0	0.0	0.0	40.4991369713741	0.0	0.0	0.0	0.0	0.0	0.0	0.0	0.0	0.0
GSM4138111_HNSCC_1_TIL_TTGACTTGTGGTTTCA	0.0	61.42903839473322	0.0	0.0	0.0	0.0	0.0	0.0	0.0	27.387297218098777	54.13586050205912	0.0	0.0	0.0	0.0	11.053381373825959	0.0	0.0	132.83725472979347	0.0	0.0	0.0	0.0	0.0	0.0	0.0	0.0	0.0	0.0	0.0	0.0	7.82617148721381
GSM4138111_HNSCC_1_TIL_TTGGCAACAAACCTAC	0.0	198.7135237143101	0.0	0.0	0.0	0.0	463.047956097288	0.0	0.0	0.0	0.0	0.0	0.0	0.0	0.0	0.0	0.0	0.0	0.0	0.0	0.0	0.0	0.0	0.0	0.0	0.0	0.0	0.0	0.0	0.0	0.0	0.0
GSM4138111_HNSCC_1_TIL_AACACGTAGGAGTCTG	0.0	0.0	0.0	0.0	0.0	0.0	33.25360643037341	82.53159352363832	131.20341091775467	88.86883239508171	0.0	0.0	0.0	0.0	0.40932684217650606	0.0	0.0	0.0	0.0	0.0	0.0	0.0	0.0	0.0	0.0	0.0	0.0	0.0	0.0	0.0	0.0	0.0
GSM4138111_HNSCC_1_TIL_ACGCCGACATGCGCAC	0.0	0.0	0.0	0.0	0.0	0.0	0.0	0.0	0.0	0.0	217.58127586178307	0.0	0.0	0.0	0.0	0.0	0.0	0.0	0.0	0.0	0.0	0.0	0.0	0.0	0.0	0.0	0.0	0.0	0.0	0.0	0.0	0.0
GSM4138111_HNSCC_1_TIL_ACGGAGACAGGGTACA	0.0	0.0	0.0	0.0	5.28173545754241	89.43641720119552	45.127488519639186	0.0	0.0	0.0	0.0	0.0	0.0	0.0	0.0	0.0	0.0	0.0	148.016042024772	0.0	22.09132292378592	0.0	0.0	0.0	0.0	0.0	0.0	0.0	0.0	0.0	0.0	0.0
GSM4138111_HNSCC_1_TIL_ACGGGCTCAGGAATGC	0.0	0.0	0.0	387.4127711447118	0.0	0.0	0.0	87.92122755909666	0.0	0.0	0.0	0.0	0.0	0.0	0.0	0.0	0.0	0.0	0.0	0.0	0.0	0.0	0.0	0.0	0.0	0.0	0.0	0.0	0.0	0.0	0.0	0.0
GSM4138111_HNSCC_1_TIL_ACGTCAAAGAGCTGCA	0.0	0.0	0.0	0.0	0.0	0.0	0.0	0.0	0.0	49.15549157325569	0.0	0.0	0.0	0.0	0.0	0.0	0.0	0.0	0.0	0.0	241.74873422259253	0.0	0.0	0.0	90.25039373845249	0.0	0.0	0.0	0.0	0.0	0.0	0.0
GSM4138111_HNSCC_1_TIL_ACTATCTAGAGTACAT	0.0	21.810616941037836	0.0	0.0	0.0	198.60580751941245	0.0	0.0	0.0	100.38591180516403	49.202907927901464	0.0	0.0	0.0	0.0	0.0	0.0	0.0	0.0	0.0	0.0	0.0	0.0	0.0	0.0	0.0	0.0	0.0	0.0	0.0	0.0	0.0
GSM4138111_HNSCC_1_TIL_ACTGAGTCACCCAGTG	0.0	0.0	0.0	0.0	0.0	291.7172359008145	0.0	0.0	0.0	0.0	0.0	0.0	0.0	0.0	0.0	0.0	0.0	0.0	0.0	0.0	0.0	0.0	0.0	0.0	0.0	0.0	0.0	0.0	0.0	0.0	0.0	0.0
GSM4138111_HNSCC_1_TIL_ACTTGTTCAATCCGAT	0.0	0.0	0.0	0.0	0.0	139.3261581514635	0.0	0.0	0.0	0.0	0.0	0.0	0.0	0.0	0.0	0.0	0.0	174.09375972902998	0.0	0.0	0.0	0.0	0.0	0.0	0.0	0.0	0.0	0.0	0.0	0.0	0.0	0.0
GSM4138111_HNSCC_1_TIL_AGATCTGCACTCAGGC	0.0	0.0	0.0	273.08887502373216	0.0	0.0	0.0	10.27382089308092	0.0	0.0	0.0	0.0	0.0	0.0	0.0	0.0	0.0	0.0	0.0	0.0	0.0	0.0	0.0	0.0	0.0	0.0	0.0	0.0	0.0	0.0	0.0	0.0
GSM4138111_HNSCC_1_TIL_AGCAGCCCACATTAGC	0.0	0.0	0.0	0.0	0.0	0.0	2.2023892753248138	75.3959523399276	0.0	92.8718198359163	0.833933025521643	0.0	0.0	0.0	54.62359453167241	0.0	0.0	0.0	0.0	0.0	0.0	0.0	0.0	0.0	0.0	0.0	0.0	0.0	0.0	0.0	0.0	0.0
GSM4138111_HNSCC_1_TIL_AGCTCCTTCACCTCGT	0.0	0.0	0.0	340.4869841327556	0.0	0.0	0.0	0.0	0.0	0.0	27.66254488846962	0.0	0.0	0.0	0.0	0.0	0.0	0.0	0.0	0.0	0.0	0.0	0.0	0.0	0.0	0.0	0.0	0.0	0.0	0.0	0.0	0.0
GSM4138111_HNSCC_1_TIL_AGGCCACGTCCTCTTG	0.0	0.0	0.0	0.0	0.0	0.0	0.0	0.0	0.0	453.77879487372115	0.0	0.0	0.0	0.0	0.0	0.0	0.0	0.0	0.0	0.0	0.0	0.0	0.0	0.0	0.0	0.0	0.0	0.0	0.0	0.0	0.0	0.0
GSM4138111_HNSCC_1_TIL_AGGCCGTGTTTGACAC	0.0	0.0	0.0	0.0	0.0	0.0	189.05766599938244	0.0	0.0	0.0	0.0	101.14646717584326	0.0	0.0	0.0	0.0	0.0	0.0	0.0	0.0	0.0	0.0	0.0	0.0	0.0	0.0	0.0	0.0	0.0	0.0	0.0	0.0
GSM4138111_HNSCC_1_TIL_AGTAGTCCAGTTTACG	0.0	0.0	0.0	0.0	0.0	179.05488111116279	0.0	0.0	101.67692789055161	0.0	0.0	0.0	0.0	0.0	0.0	0.0	0.0	0.0	0.0	0.0	0.0	0.0	0.0	0.0	0.0	0.0	0.0	0.0	0.0	0.0	0.0	0.0
GSM4138111_HNSCC_1_TIL_AGTGGGAGTGTCCTCT	0.0	0.0	338.46833195016706	0.0	0.0	0.0	0.0	0.0	0.0	0.0	0.0	0.0	0.0	0.0	0.0	0.0	0.0	0.0	0.0	0.0	0.0	0.0	0.0	0.0	0.0	0.0	0.0	0.0	0.0	0.0	0.0	0.0
GSM4138111_HNSCC_1_TIL_ATCACGACAAGGACTG	0.0	0.0	0.0	295.0372238983389	0.0	0.0	0.0	0.0	0.0	0.0	0.0	0.0	0.0	0.0	0.0	0.0	0.0	0.0	0.0	0.0	0.0	0.0	0.0	0.0	0.0	0.0	0.0	0.0	0.0	0.0	0.0	0.0
GSM4138111_HNSCC_1_TIL_ATGCGATAGAATTCCC	0.0	0.0	119.2591477677014	0.0	0.0	196.05340616303235	0.0	0.0	0.0	0.0	0.0	0.0	0.0	0.0	0.0	0.0	0.0	0.0	0.0	0.0	0.0	0.0	0.0	0.0	0.0	0.0	0.0	0.0	0.0	0.0	0.0	0.0
GSM4138111_HNSCC_1_TIL_ATGCGATGTAGCTGCC	0.0	0.0	0.0	41.30568358480874	0.0	251.88310989005285	0.0	0.0	0.0	0.0	0.0	0.0	0.0	0.0	0.0	0.0	0.0	0.0	0.0	0.0	0.0	0.0	0.0	0.0	0.0	0.0	0.0	0.0	0.0	0.0	0.0	0.0
GSM4138111_HNSCC_1_TIL_ATTATCCAGTGTTAGA	0.0	0.0	277.2191774731495	0.0	0.0	47.8589842443548	0.0	0.0	0.0	0.0	0.0	0.0	0.0	0.0	0.0	0.0	0.0	0.0	0.0	0.0	0.0	0.0	0.0	0.0	0.0	0.0	0.0	0.0	0.0	0.0	0.0	0.0
GSM4138111_HNSCC_1_TIL_ATTCTACGTCGAATCT	130.88922979150666	0.0	0.0	174.56989492722863	0.0	0.0	0.0	88.40205306006455	0.0	0.0	0.0	0.0	0.0	0.0	0.0	0.0	0.0	0.0	0.0	0.0	0.0	0.0	0.0	0.0	0.0	0.0	0.0	0.0	0.0	0.0	0.0	0.0
GSM4138111_HNSCC_1_TIL_ATTGGACAGCAATCTC	0.0	0.0	66.14358248825847	194.01317517640913	0.0	0.0	0.0	0.0	0.0	0.0	0.0	0.0	0.0	0.0	0.0	0.0	0.0	0.0	17.50025683418465	0.0	0.0	0.0	0.0	0.0	0.0	0.0	0.0	0.0	0.0	0.0	0.0	0.0
GSM4138111_HNSCC_1_TIL_CACATTTGTTGTTTGG	0.0	0.0	0.0	583.6390305423613	0.0	17.32176349202784	0.0	0.0	0.0	0.0	0.0	0.0	0.0	0.0	0.0	0.0	54.946278025181336	0.0	0.0	0.0	0.0	0.0	0.0	0.0	0.0	0.0	0.0	0.0	0.0	0.0	0.0	0.0
GSM4138111_HNSCC_1_TIL_CCCAGTTTCTCGTTTA	0.0	0.0	0.0	0.0	182.09445313805264	0.0	38.71997438070877	279.13501349913196	0.0	0.0	0.0	0.0	0.0	0.0	0.0	0.0	0.0	0.0	0.0	0.0	0.0	0.0	0.0	0.0	0.0	0.0	0.0	0.0	0.0	0.0	0.0	0.0
GSM4138111_HNSCC_1_TIL_CCCATACAGACGCAAC	18.263405578972343	0.0	0.0	148.4004133438729	0.0	0.0	0.0	0.0	0.0	0.0	0.0	0.0	0.0	0.0	0.0	0.0	32.66592811132081	0.0	0.0	0.0	0.0	0.0	0.0	0.0	0.0	0.0	0.0	0.0	0.0	0.0	0.0	0.0
GSM4138111_HNSCC_1_TIL_CCGTGGAAGGCATTGG	0.0	0.0	0.0	199.60908042986225	0.0	95.90913327420435	3.693621056495568	4.526645206924202	119.60056261433562	0.0	0.0	0.0	0.0	0.0	28.130429539102458	0.0	0.0	0.0	0.0	0.0	0.0	0.0	0.0	0.0	0.0	0.0	0.0	0.0	0.0	0.0	0.0	0.0
GSM4138111_HNSCC_1_TIL_CCGTGGAAGTAACCCT	0.0	0.0	0.0	0.0	37.18711162833718	12.891888281312745	0.0	0.0	0.0	265.3551967741956	0.0	0.0	0.0	0.0	0.0	0.0	0.0	0.0	0.0	0.0	0.0	0.0	0.0	0.0	0.0	0.0	0.0	0.0	0.0	0.0	0.0	0.0
GSM4138111_HNSCC_1_TIL_CCTAAAGTCTCCCTGA	0.0	0.0	9.836124270089723	187.2730390760976	0.0	0.0	0.0	148.907667453586	0.0	7.1381926612032425	0.0	0.0	0.0	0.0	0.0	0.0	0.0	0.0	0.0	0.0	0.0	0.0	0.0	0.0	0.0	0.0	0.0	0.0	0.0	0.0	0.0	0.0
GSM4138111_HNSCC_1_TIL_CCTTACGAGTGGCACA	263.246371325065	0.0	0.0	37.21625340974002	34.93560221409766	0.0	0.0	0.0	0.0	0.0	0.0	0.0	0.0	0.0	0.0	0.0	0.0	0.0	0.0	0.0	0.0	0.0	0.0	0.0	0.0	0.0	0.0	0.0	0.0	0.0	0.0	0.0
GSM4138111_HNSCC_1_TIL_CGCTGGATCCTCAACC	107.54932032786897	0.0	0.0	0.0	0.0	0.0	0.0	0.0	0.0	0.0	0.0	0.0	0.0	0.0	0.0	0.0	0.0	0.0	0.0	0.0	0.0	0.0	0.0	0.0	0.0	0.0	183.12019396545375	0.0	0.0	0.0	0.0	0.0
GSM4138111_HNSCC_1_TIL_CGGAGTCCATCCGCGA	0.0	0.0	0.0	0.0	0.0	235.2191213565238	0.0	0.0	0.0	0.0	0.0	0.0	0.0	0.0	0.0	0.0	0.0	0.0	0.0	0.0	0.0	0.0	0.0	0.0	0.0	0.0	0.0	0.0	0.0	0.0	0.0	0.0
GSM4138111_HNSCC_1_TIL_CGTCACTTCCCATTTA	0.0	0.0	0.0	0.0	36.790540692428465	81.81113219556978	0.0	0.0	0.0	0.0	0.0	0.0	0.0	0.0	0.0	0.0	0.0	69.22572320531346	0.0	0.0	0.0	0.0	0.0	0.0	0.0	0.0	0.0	0.0	0.0	0.0	0.0	0.0
GSM4138111_HNSCC_1_TIL_CTCGTCATCGATGAGG	0.0	0.0	0.0	0.0	123.32543950426482	203.00614675756196	8.725528434014759	0.0	0.0	53.991445955840035	0.0	0.0	0.0	0.0	0.0	0.0	0.0	0.0	0.0	0.0	0.0	0.0	0.0	0.0	0.0	0.0	0.0	0.0	0.0	0.0	0.0	0.0
GSM4138111_HNSCC_1_TIL_CTGATCCAGCTGAACG	0.0	0.0	0.0	0.0	287.8576150804568	0.0	0.0	0.0	0.0	0.0	104.99608419494054	0.0	0.0	0.0	0.0	0.0	0.0	0.0	0.0	0.0	0.0	0.0	0.0	0.0	84.47748685051388	0.0	0.0	0.0	0.0	0.0	0.0	0.0
GSM4138111_HNSCC_1_TIL_CTTAACTCATGGTCAT	0.0	20.395531565309643	0.0	0.0	0.0	0.0	0.0	169.1662892855731	0.0	0.0	0.0	0.0	158.60475059041198	0.0	0.0	0.0	0.0	0.0	0.0	0.0	85.7232744880538	0.0	0.0	0.0	0.0	0.0	0.0	0.0	0.0	0.0	0.0	0.0
GSM4138111_HNSCC_1_TIL_CTTACCGTCACAGTAC	0.0	0.0	0.0	81.41421795052855	67.82414153794403	80.22792053093508	0.0	0.0	0.0	0.0	0.0	0.0	0.0	0.0	0.0	0.0	0.0	65.60312111761043	0.0	0.0	0.0	0.0	0.0	0.0	0.0	0.0	0.0	0.0	0.0	0.0	0.0	0.0
GSM4138111_HNSCC_1_TIL_GAACGGATCTGAGTGT	0.0	0.0	0.0	0.0	0.0	0.0	0.0	0.0	169.38337127206276	81.07395992770506	0.0	12.521934822481203	0.0	0.0	0.0	0.0	0.0	0.0	0.0	0.0	0.0	0.0	0.0	0.0	0.0	0.0	0.0	0.0	0.0	0.0	0.0	0.0
GSM4138111_HNSCC_1_TIL_GACCAATCAAAGCGGT	0.0	0.0	0.0	0.0	0.0	368.65827644972495	0.0	0.0	0.0	0.0	0.0	0.0	0.0	0.0	0.0	0.0	0.0	0.0	0.0	0.0	0.0	0.0	0.0	0.0	0.0	0.0	0.0	0.0	0.0	0.0	0.0	0.0
GSM4138111_HNSCC_1_TIL_GATCTAGGTCAAACTC	0.0	0.0	0.0	0.0	0.0	0.0	0.0	0.0	0.0	106.54938620876803	0.0	0.0	0.0	0.0	0.0	0.0	0.0	0.0	0.0	0.0	72.38329481233038	0.0	118.4329418944926	0.0	0.0	0.0	0.0	0.0	0.0	0.0	0.0	0.0
GSM4138111_HNSCC_1_TIL_GCAATCATCTCTAGGA	99.31315766419831	0.0	141.1504023628336	105.17169435959873	0.0	0.0	0.0	0.0	0.0	0.0	0.0	0.0	0.0	0.0	0.0	0.0	0.0	0.0	0.0	0.0	0.0	0.0	0.0	0.0	0.0	0.0	0.0	0.0	0.0	0.0	0.0	0.0
GSM4138111_HNSCC_1_TIL_GCAGCCACAAGTCTGT	0.0	0.0	0.0	428.87301166577464	0.0	0.0	0.0	0.0	0.0	0.0	0.0	0.0	0.0	0.0	0.0	0.0	0.0	0.0	0.0	0.0	0.0	0.0	0.0	0.0	0.0	0.0	0.0	0.0	0.0	0.0	0.0	0.0
GSM4138111_HNSCC_1_TIL_GCAGTTATCTTCGAGA	0.0	73.12564887005063	412.6686138900128	0.0	0.0	24.6881611763554	0.0	0.0	0.0	0.0	0.0	0.0	0.0	0.0	0.0	0.0	0.0	0.0	0.0	0.0	0.0	0.0	0.0	0.0	0.0	0.0	0.0	0.0	0.0	0.0	0.0	0.0
GSM4138111_HNSCC_1_TIL_GCCTCTAAGCTAACTC	34.09727247578909	0.0	58.22909608658176	0.0	76.11758890402861	0.0	0.0	142.7924778793468	0.0	0.0	0.0	0.0	0.0	0.0	0.0	0.0	0.0	0.0	0.0	0.0	0.0	0.0	0.0	0.0	0.0	0.0	0.0	0.0	0.0	0.0	0.0	0.0
GSM4138111_HNSCC_1_TIL_GCGCCAAGTACAGTTC	0.0	0.0	0.0	0.0	0.0	28.38413728664782	137.59292703598328	0.0	0.0	0.0	33.462803063984396	38.13303380436616	0.0	0.0	0.0	0.0	0.0	0.0	0.0	0.0	100.29256205691333	0.0	0.0	0.0	0.0	0.0	0.0	0.0	0.0	0.0	0.0	0.0
GSM4138111_HNSCC_1_TIL_GCTCTGTTCAACTCTT	0.0	345.1248879565908	0.0	0.0	14.27446543484808	0.0	0.0	0.0	0.0	0.0	0.0	0.0	0.0	0.0	0.0	0.0	0.0	0.0	0.0	0.0	0.0	0.0	0.0	0.0	0.0	0.0	0.0	0.0	0.0	0.0	0.0	0.0
GSM4138111_HNSCC_1_TIL_GCTGCGATCTCGAGTA	0.0	0.0	32.83367197531567	0.0	0.0	0.0	0.0	0.0	229.2657007430367	0.0	0.0	0.0	78.19198577504088	0.0	0.0	0.0	0.0	114.95923603953942	0.0	0.0	0.0	0.0	0.0	0.0	0.0	0.0	0.0	0.0	0.0	0.0	0.0	0.0
GSM4138111_HNSCC_1_TIL_GCTTGAAGTGACCAAG	0.0	0.0	0.0	0.0	0.0	0.0	200.3719050224593	31.76677854971158	0.0	24.63643799851642	0.0	0.0	0.0	0.0	0.0	0.0	0.0	0.0	32.237629873882064	0.0	0.0	0.0	0.0	0.0	0.0	0.0	0.0	0.0	0.0	0.0	0.0	0.0
GSM4138111_HNSCC_1_TIL_GGAATAACATCGACGC	0.0	0.0	0.0	0.0	158.08388777922175	120.1671238441658	42.91590359754143	0.0	0.0	0.0	0.0	0.0	0.0	0.0	0.0	0.0	0.0	84.87407620132525	0.0	0.0	0.0	0.0	0.0	0.0	0.0	0.0	0.0	0.0	0.0	0.0	0.0	0.0
GSM4138111_HNSCC_1_TIL_GGACGTCTCCGTTGCT	0.0	0.0	0.0	387.110381652469	0.0	0.0	0.0	0.0	0.0	0.0	0.0	0.0	0.0	0.0	0.0	0.0	0.0	0.0	0.0	0.0	0.0	0.0	0.0	0.0	0.0	0.0	0.0	0.0	0.0	0.0	0.0	0.0
GSM4138111_HNSCC_1_TIL_GGAGCAATCCGTAGGC	0.0	111.77607921171715	0.0	78.40831705997918	0.0	73.61312630479667	21.28642529695953	0.0	0.0	0.0	0.0	0.0	0.0	0.0	0.0	0.0	0.0	0.0	0.0	0.0	0.0	0.0	0.0	0.0	0.0	0.0	0.0	0.0	0.0	0.0	0.0	0.0
GSM4138111_HNSCC_1_TIL_GGCTGGTCACCAGCAC	0.0	0.0	0.0	0.0	0.0	127.0639795689083	0.0	0.0	62.582952386586705	0.0	0.0	0.0	0.0	0.0	0.0	0.0	0.0	0.0	108.34010797810761	0.0	0.0	0.0	0.0	0.0	0.0	0.0	0.0	0.0	0.0	0.0	0.0	0.0
GSM4138111_HNSCC_1_TIL_GGGAGATAGGGTTCCC	0.0	0.0	111.96729581568381	0.0	16.99099958500975	80.94998409497084	29.243545528429944	0.0	0.0	42.3486624322473	6.1200068181195615	0.3211059884346572	0.0	0.0	0.0	0.0	0.0	0.0	0.0	0.0	0.0	0.0	0.0	0.0	0.0	0.0	0.0	0.0	0.0	0.0	0.0	0.0
GSM4138111_HNSCC_1_TIL_GGGTTGCCAGCCAATT	0.0	0.0	0.0	237.9747759228325	0.0	0.0	0.0	0.0	0.0	0.0	0.0	0.0	0.0	0.0	0.0	0.0	0.0	0.0	0.0	0.0	0.0	0.0	0.0	0.0	0.0	0.0	0.0	0.0	0.0	0.0	0.0	0.0
GSM4138111_HNSCC_1_TIL_GTAGTCACATCACGAT	0.0	37.389675831495495	0.0	0.0	0.0	0.0	0.0	0.0	0.0	0.0	0.0	0.0	0.0	0.0	0.0	0.0	285.6214944575324	0.0	0.0	0.0	0.0	0.0	0.0	0.0	0.0	0.0	0.0	0.0	0.0	0.0	0.0	0.0
GSM4138111_HNSCC_1_TIL_GTATTCTCAACTGCTA	0.0	0.0	0.0	0.0	0.0	0.0	0.0	0.0	0.0	0.0	340.230074747486	0.0	0.0	0.0	0.0	0.0	0.0	0.0	0.0	0.0	0.0	0.0	0.0	0.0	0.0	0.0	0.0	0.0	0.0	0.0	0.0	0.0
GSM4138111_HNSCC_1_TIL_GTCACGGGTCTTGTCC	0.0	0.0	0.0	0.0	0.0	145.08746767054268	119.73278231831557	0.0	0.0	0.0	0.0	0.0	0.0	0.0	0.0	0.0	0.0	56.051636115536226	0.0	0.0	0.0	0.0	0.0	0.0	0.0	0.0	0.0	0.0	0.0	0.0	0.0	0.0
GSM4138111_HNSCC_1_TIL_GTCCTCATCCCTCAGT	0.0	831.8532962608118	0.0	0.0	0.0	0.0	0.0	0.0	0.0	0.0	0.0	0.0	0.0	0.0	0.0	0.0	0.0	0.0	0.0	0.0	0.0	0.0	0.0	0.0	0.0	0.0	0.0	0.0	0.0	0.0	0.0	0.0
GSM4138111_HNSCC_1_TIL_GTGCATACATCACAAC	0.0	0.0	0.0	0.0	0.0	0.0	314.8696739617303	17.079385905118947	0.0	0.0	0.0	0.0	0.0	0.0	0.0	0.0	0.0	0.0	0.0	0.0	0.0	0.0	0.0	0.0	0.0	0.0	0.0	0.0	0.0	0.0	0.0	0.0
GSM4138111_HNSCC_1_TIL_GTGTGCGAGTGGGATC	0.0	0.0	51.95646023321821	0.0	0.0	157.24447305822915	4.9033414750577275	0.0	43.1914948770651	0.0	0.0	0.0	0.0	0.0	0.0	0.0	0.0	0.0	0.0	0.0	0.0	0.0	0.0	0.0	0.0	0.0	0.0	0.0	0.0	0.0	0.0	0.0
GSM4138111_HNSCC_1_TIL_GTTCATTGTGCCTGGT	376.1930946966194	0.0	202.54748284894058	0.0	0.0	0.0	0.0	0.0	0.0	0.0	0.0	0.0	0.0	0.0	0.0	0.0	0.0	0.0	0.0	0.0	0.0	0.0	0.0	0.0	0.0	0.0	0.0	0.0	0.0	0.0	0.0	0.0
GSM4138111_HNSCC_1_TIL_GTTCATTTCATGTAGC	0.0	0.0	4.000727233809812	176.1465741706427	0.0	0.0	0.0	159.77962091330386	0.0	0.0	0.0	0.0	0.0	0.0	0.0	0.0	0.0	0.0	0.0	0.0	0.0	0.0	0.0	0.0	0.0	0.0	0.0	0.0	0.0	0.0	0.0	0.0
GSM4138111_HNSCC_1_TIL_TAAGCGTTCGGATGGA	0.0	0.0	0.0	245.51578237581757	47.7282235366983	0.0	0.0	0.0	0.0	0.0	0.0	0.0	0.0	0.0	0.0	0.0	0.0	0.0	0.0	0.0	0.0	0.0	0.0	0.0	0.0	0.0	0.0	0.0	0.0	0.0	0.0	0.0
GSM4138111_HNSCC_1_TIL_TACGGATGTCGTGGCT	0.0	0.0	0.0	248.5235425809177	0.0	0.0	0.0	0.0	0.0	0.0	0.0	0.0	0.0	0.0	0.0	0.0	0.0	0.0	0.0	0.0	0.0	0.0	0.0	0.0	0.0	0.0	0.0	0.0	0.0	0.0	0.0	0.0
GSM4138111_HNSCC_1_TIL_TATCAGGTCTACCAGA	0.0	0.0	0.0	0.0	0.0	0.0	42.25971442072238	15.257990434770079	0.0	196.55344065061377	0.0	0.0	0.0	0.0	0.0	0.0	0.0	0.0	0.0	0.0	0.0	0.0	0.0	0.0	0.0	0.0	0.0	0.0	0.0	0.0	0.0	0.0
GSM4138111_HNSCC_1_TIL_TCGCGAGTCCGCATAA	0.0	0.0	18.721674325352975	268.3613321495868	0.0	0.0	0.0	0.0	0.0	0.0	0.0	0.0	0.0	0.0	0.0	0.0	0.0	0.0	0.0	0.0	0.0	0.0	0.0	0.0	0.0	0.0	0.0	0.0	0.0	0.0	0.0	0.0
GSM4138111_HNSCC_1_TIL_TGACTAGAGCGTAATA	0.0	0.0	0.0	0.0	0.0	0.0	137.55525774018074	0.0	26.606970955976724	0.0	0.0	0.0	17.81769767415184	0.0	0.0	0.0	0.0	41.12815120394538	7.554927392266076	0.0	0.0	0.0	0.0	0.0	0.0	0.0	0.0	0.0	0.0	0.0	0.0	0.0
GSM4138111_HNSCC_1_TIL_TGCTACCCACTGTCGG	126.18172953338562	0.0	0.0	0.0	40.15462438789918	0.0	0.0	0.0	0.0	54.76839527048325	60.36796516011298	0.0	0.0	0.0	0.0	0.0	0.0	0.0	0.0	0.0	0.0	0.0	0.0	0.0	0.0	0.0	0.0	0.0	0.0	0.0	0.0	0.0
GSM4138111_HNSCC_1_TIL_TTGCCGTCAAGACACG	0.0	0.0	46.97791664007014	0.0	0.0	48.388722374508696	39.12414957073687	0.0	0.0	0.0	0.0	0.0	256.63805440886614	0.0	0.0	0.0	0.0	0.0	24.783870031510666	0.0	0.0	0.0	0.0	0.0	0.0	0.0	0.0	0.0	0.0	0.0	0.0	0.0
GSM4138111_HNSCC_1_TIL_TTGTAGGCACAGGAGT	0.0	0.0	0.0	287.32842955373553	0.0	0.0	0.0	0.0	0.0	0.0	0.0	0.0	0.0	0.0	0.0	0.0	0.0	0.0	0.0	0.0	0.0	0.0	0.0	0.0	0.0	0.0	0.0	0.0	0.0	0.0	0.0	0.0
GSM4138111_HNSCC_1_TIL_ACACCAAAGACTACAA	48.34633935002788	0.0	0.0	0.0	0.0	0.0	0.0	140.57470759010343	0.0	71.17715749604706	0.0	0.0	0.0	0.0	0.0	0.0	0.0	0.0	0.0	0.0	0.0	0.0	0.0	0.0	0.0	0.0	0.0	0.0	0.0	0.0	0.0	0.0
GSM4138111_HNSCC_1_TIL_CTCATTAAGCTCCTTC	0.0	0.0	0.0	168.9975031939705	0.0	0.0	0.0	35.18525332241463	0.0	0.0	0.0	0.0	0.0	0.0	5.540310129349951	0.0	65.48349926804033	0.0	0.0	0.0	0.0	0.0	0.0	0.0	0.0	0.0	0.0	0.0	0.0	0.0	0.0	0.0
GSM4138111_HNSCC_1_TIL_TAGTGGTGTACCATCA	0.0	0.0	0.0	0.0	0.0	0.0	0.0	77.6479350038881	0.0	112.29015668870646	0.0	0.0	0.0	0.0	0.0	0.0	0.0	0.0	0.0	0.0	0.0	0.0	43.00824411235438	0.0	50.75307844674973	0.0	0.0	0.0	0.0	0.0	0.0	0.0
GSM4138111_HNSCC_1_TIL_TTATGCTTCCGATATG	0.0	0.0	0.0	0.0	0.0	0.0	0.0	194.8760561141774	0.0	0.0	0.0	0.0	0.0	0.0	0.0	0.0	0.0	0.0	0.0	0.0	0.0	0.0	0.0	0.0	0.0	0.0	0.0	0.0	0.0	0.0	0.0	0.0
GSM4138111_HNSCC_1_TIL_ATCCGAATCAACACTG	174.58171083327898	0.0	0.0	0.0	0.0	0.0	0.0	0.0	0.0	0.0	0.0	0.0	0.0	0.0	0.0	0.0	0.0	0.0	4.746797366326854	0.0	0.0	0.0	0.0	0.0	0.0	0.0	0.0	0.0	0.0	0.0	0.0	0.0
GSM4138111_HNSCC_1_TIL_CGTCTACTCTGGCGAC	563.2442117800283	0.0	0.0	276.19487845801353	0.0	0.0	0.0	0.0	0.0	0.0	0.0	0.0	0.0	0.0	0.0	0.0	21.31110616506086	0.0	0.0	0.0	0.0	0.0	0.0	0.0	0.0	0.0	0.0	0.0	0.0	0.0	0.0	0.0
GSM4138111_HNSCC_1_TIL_GTTTCTAAGGAGTTTA	0.0	0.0	0.0	0.0	152.9571063018951	0.0	0.0	0.0	0.0	0.0	77.7136739460347	0.0	0.0	0.0	0.0	0.0	0.0	0.0	0.0	0.0	0.0	0.0	0.0	0.0	0.0	0.0	0.0	0.0	0.0	0.0	0.0	0.0
GSM4138111_HNSCC_1_TIL_AAACGGGTCTTGCCGT	66.2164361787679	891.552705851175	47.540381419933	43.94549576401083	0.0	45.386750224928385	0.0	0.0	0.0	0.0	0.0	0.0	0.0	0.0	0.0	0.0	0.0	0.0	0.0	0.0	0.0	0.0	0.0	0.0	0.0	0.0	0.0	0.0	0.0	0.0	0.0	0.0
GSM4138111_HNSCC_1_TIL_AAAGATGAGCTAGTCT	0.0	0.0	0.0	0.0	0.0	0.0	0.0	0.0	26.27662964550277	301.18021663313937	0.0	0.0	0.0	0.0	0.0	0.0	0.0	0.0	0.0	0.0	0.0	0.0	0.0	0.0	0.0	0.0	0.0	0.0	0.0	33.986086026163655	0.0	0.0
GSM4138111_HNSCC_1_TIL_AACTGGTTCCTCATTA	450.37714369330047	0.0	0.0	495.73315439537	308.266961307449	0.0	0.0	0.0	0.0	0.0	0.0	0.0	0.0	0.0	383.0214302802588	0.0	0.0	0.0	0.0	0.0	0.0	0.0	0.0	0.0	0.0	0.0	0.0	0.0	0.0	0.0	0.0	0.0
GSM4138111_HNSCC_1_TIL_ACACTGACATTAACCG	548.0344024736346	0.0	0.0	0.0	0.0	0.0	0.0	0.0	0.0	0.0	0.0	0.0	0.0	0.0	0.0	0.0	0.0	0.0	0.0	0.0	0.0	0.0	0.0	0.0	0.0	0.0	0.0	0.0	0.0	0.0	0.0	0.0
GSM4138111_HNSCC_1_TIL_ACCTTTATCAATCACG	0.0	0.0	7.6450561267451675	0.0	0.0	0.0	594.7519332171611	106.02805197342516	0.0	0.0	0.0	0.0	258.4923729552403	0.0	176.38339969191378	0.0	0.0	0.0	0.0	0.0	0.0	76.74439894377159	0.0	0.0	0.0	0.0	0.0	0.0	0.0	0.0	0.0	0.0
GSM4138111_HNSCC_1_TIL_AGCTTGAAGAGGACGG	0.0	0.0	0.0	0.0	0.0	0.0	104.20062506279795	0.0	0.0	315.3798325061059	0.0	124.82583514998387	0.0	0.0	0.0	0.0	0.0	0.0	0.0	0.0	0.0	0.0	0.0	0.0	0.0	0.0	0.0	0.0	0.0	0.0	0.0	0.0
GSM4138111_HNSCC_1_TIL_ATGCGATAGACGCTTT	0.0	0.0	0.0	0.0	0.0	0.0	0.0	966.5050537854999	0.0	0.0	0.0	0.0	178.0185404181951	0.0	0.0	0.0	0.0	0.0	0.0	0.0	0.0	0.0	0.0	0.0	0.0	0.0	0.0	0.0	0.0	0.0	0.0	0.0
GSM4138111_HNSCC_1_TIL_ATTGGACAGACACTAA	57.37423688345272	0.0	0.0	0.0	0.0	0.0	0.0	0.0	416.81176305949435	0.0	0.0	0.0	0.0	0.0	0.0	0.0	0.0	0.0	0.0	0.0	0.0	0.0	0.0	0.0	0.0	0.0	0.0	0.0	0.0	0.0	0.0	0.0
GSM4138111_HNSCC_1_TIL_ATTGGACAGCTAGGCA	582.753101918911	0.0	198.1185709947982	0.0	0.0	0.0	0.0	0.0	0.0	0.0	0.0	0.0	0.0	0.0	0.0	0.0	0.0	0.0	0.0	0.0	0.0	0.0	0.0	0.0	0.0	0.0	0.0	0.0	0.0	0.0	0.0	0.0
GSM4138111_HNSCC_1_TIL_CAACTAGAGACTTTCG	0.0	691.3972138624497	0.0	0.0	0.0	0.0	0.0	0.0	0.0	0.0	0.0	0.0	0.0	0.0	0.0	0.0	0.0	0.0	0.0	0.0	0.0	0.0	0.0	0.0	0.0	0.0	0.0	0.0	0.0	0.0	0.0	0.0
GSM4138111_HNSCC_1_TIL_CAGCTAACAGTATGCT	0.0	0.0	437.10186111292916	0.0	0.0	0.0	0.0	0.0	0.0	0.0	0.0	0.0	0.0	0.0	0.0	0.0	0.0	0.0	0.0	0.0	0.0	0.0	0.0	0.0	0.0	0.0	0.0	0.0	0.0	0.0	0.0	0.0
GSM4138111_HNSCC_1_TIL_CATTCGCCAAGGACAC	551.7026743830654	0.0	0.0	0.0	0.0	0.0	0.0	0.0	0.0	0.0	0.0	0.0	0.0	0.0	0.0	0.0	0.0	0.0	0.0	0.0	0.0	0.0	0.0	0.0	0.0	0.0	0.0	0.0	0.0	0.0	0.0	0.0
GSM4138111_HNSCC_1_TIL_CCCTCCTAGCCGTCGT	0.0	0.0	0.0	0.0	0.0	98.82335077417643	0.0	0.0	215.4429827352603	0.0	0.0	0.0	0.0	0.0	0.0	0.0	0.0	0.0	94.72556137571908	0.0	0.0	0.0	0.0	0.0	0.0	0.0	0.0	0.0	0.0	0.0	0.0	0.0
GSM4138111_HNSCC_1_TIL_CCTTCCCGTCCCGACA	222.28092629940903	38.65990637781148	0.0	0.0	0.0	0.0	0.0	0.0	226.88604109961292	0.0	0.0	0.0	0.0	0.0	0.0	0.0	0.0	0.0	0.0	0.0	0.0	0.0	0.0	5.466337895284707	0.0	0.0	0.0	0.0	0.0	0.0	0.0	0.0
GSM4138111_HNSCC_1_TIL_CGTGAGCGTATCAGTC	0.0	253.28990279972092	0.0	0.0	0.0	0.0	70.43164021367366	0.0	0.0	0.0	0.0	0.0	0.0	0.0	0.0	0.0	0.0	0.0	0.0	0.0	0.0	0.0	0.0	0.0	0.0	0.0	0.0	0.0	0.0	0.0	0.0	0.0
GSM4138111_HNSCC_1_TIL_CGTGTAAAGCCAGGAT	0.0	0.0	0.0	0.0	0.0	0.0	0.0	0.0	0.0	0.0	0.0	0.0	0.0	130.2895130036459	0.0	0.0	0.0	645.8317506742728	0.0	0.0	0.0	0.0	0.0	0.0	0.0	0.0	0.0	0.0	0.0	0.0	0.0	0.0
GSM4138111_HNSCC_1_TIL_CTAGCCTCAGCTTCGG	653.2270216059227	0.0	304.15359738386536	132.04483262307457	0.0	0.0	0.0	0.0	183.5904888252001	0.0	0.0	0.0	0.0	0.0	209.88199441353197	0.0	0.0	0.0	0.0	0.0	0.0	0.0	0.0	0.0	0.0	0.0	0.0	0.0	0.0	0.0	0.0	0.0
GSM4138111_HNSCC_1_TIL_CTCAGAAAGTGCTGCC	0.0	0.0	0.0	0.0	0.0	0.0	0.0	0.0	0.0	0.0	0.0	0.0	0.0	0.0	0.0	0.0	0.0	0.0	17.722242711635406	18.99871460813656	0.0	205.29114151832857	0.0	0.0	0.0	0.0	0.0	0.0	0.0	0.0	0.0	0.0
GSM4138111_HNSCC_1_TIL_CTCAGAAGTCAAGCGA	0.0	0.0	0.0	0.0	0.0	1034.6495517141518	0.0	0.0	0.0	0.0	0.0	0.0	0.0	0.0	0.0	0.0	0.0	0.0	0.0	0.0	0.0	0.0	0.0	0.0	0.0	0.0	0.0	0.0	0.0	0.0	0.0	0.0
GSM4138111_HNSCC_1_TIL_CTCGAAAAGGCCCTCA	237.0005789092358	0.0	0.0	0.0	0.0	0.0	0.0	0.0	0.0	0.0	0.0	0.0	0.0	0.0	0.0	129.36287064542103	0.0	0.0	0.0	0.0	0.0	0.0	0.0	0.0	0.0	0.0	0.0	0.0	0.0	0.0	0.0	0.0
GSM4138111_HNSCC_1_TIL_GAAATGAAGGATATAC	102.83870334235193	370.40207444305383	0.0	0.0	0.0	0.0	0.0	0.0	0.0	0.0	0.0	0.0	0.0	0.0	0.0	0.0	0.0	0.0	0.0	0.0	0.0	0.0	0.0	0.0	0.0	0.0	0.0	0.0	0.0	0.0	0.0	0.0
GSM4138111_HNSCC_1_TIL_GGCAATTTCCCACTTG	71.4138982896729	15.135416341208266	0.0	0.0	0.0	0.0	0.0	178.0665455332737	0.0	0.0	0.0	0.0	0.0	0.0	0.0	0.0	219.82768815187595	0.0	0.0	0.0	0.0	0.0	0.0	0.0	0.0	0.0	0.0	0.0	0.0	0.0	0.0	0.0
GSM4138111_HNSCC_1_TIL_GGTGCGTGTCTAACGT	0.0	296.1863545452281	0.0	0.0	119.47662649542136	142.14740228438293	0.0	0.0	0.0	0.0	0.0	0.0	0.0	0.0	0.0	0.0	0.0	0.0	0.0	0.0	0.0	0.0	0.0	0.0	0.0	0.0	0.0	0.0	0.0	0.0	0.0	0.0
GSM4138111_HNSCC_1_TIL_GTAGGCCAGATGTGTA	0.0	0.0	0.0	0.0	0.0	159.87894660310357	0.0	0.0	243.19787028369043	0.0	0.0	0.0	0.0	0.0	0.0	0.0	0.0	0.0	0.0	0.0	0.0	0.0	0.0	0.0	0.0	0.0	0.0	0.0	0.0	0.0	0.0	0.0
GSM4138111_HNSCC_1_TIL_GTCCTCAAGTGCCAGA	0.0	0.0	0.0	711.7196925395162	0.0	0.0	0.0	136.83648926440907	0.0	0.0	0.0	0.0	0.0	0.0	146.77801265743702	0.0	54.60782155945267	0.0	0.0	0.0	0.0	0.0	0.0	0.0	0.0	0.0	0.0	0.0	0.0	0.0	0.0	0.0
GSM4138111_HNSCC_1_TIL_TAAGTGCGTCAAAGCG	1061.4330012258215	0.0	0.0	0.0	0.0	0.0	0.0	0.0	0.0	0.0	0.0	0.0	0.0	0.0	0.0	0.0	0.0	0.0	0.0	0.0	0.0	0.0	0.0	0.0	0.0	0.0	0.0	0.0	0.0	0.0	0.0	0.0
GSM4138111_HNSCC_1_TIL_TAGCCGGCAGGTGGAT	130.83874269891606	607.487716106449	0.0	0.0	35.54791476598142	0.0	232.8345639262512	0.0	28.80465066109803	0.0	0.0	0.0	0.0	0.0	170.0277059675199	0.0	0.0	0.0	0.0	0.0	0.0	0.0	0.0	0.0	0.0	0.0	0.0	0.0	0.0	0.0	0.0	0.0
GSM4138111_HNSCC_1_TIL_TAGGCATTCCACGTGG	259.5647630046431	0.0	0.0	0.0	0.0	0.0	0.0	155.2541747779494	0.0	0.0	0.0	0.0	0.0	0.0	0.0	0.0	0.0	0.0	0.0	0.0	0.0	0.0	0.0	0.0	0.0	0.0	0.0	0.0	0.0	0.0	0.0	0.0
GSM4138111_HNSCC_1_TIL_TCGGGACGTCACTTCC	0.0	0.0	957.6498706977983	0.0	0.0	0.0	0.0	0.0	0.0	0.0	0.0	0.0	0.0	0.0	0.0	0.0	0.0	0.0	0.0	0.0	0.0	0.0	0.0	0.0	0.0	0.0	0.0	0.0	0.0	0.0	0.0	0.0
GSM4138111_HNSCC_1_TIL_TGCACCTGTCTCCACT	0.0	0.0	103.04423463052775	70.3313022663146	26.374945406105862	0.0	0.0	0.0	0.0	204.30313363247163	0.0	0.0	0.0	0.0	0.0	0.0	0.0	0.0	0.0	0.0	0.0	0.0	0.0	0.0	0.0	0.0	0.0	0.0	0.0	0.0	0.0	0.0
GSM4138111_HNSCC_1_TIL_TGCGCAGTCTTGTCAT	0.0	0.0	53.14842694727129	0.0	0.0	251.4948300709286	0.0	0.0	403.0951846765615	0.0	0.0	0.0	0.0	165.90297678613624	0.0	0.0	0.0	0.0	0.0	0.0	0.0	152.15062728259645	0.0	0.0	0.0	0.0	0.0	0.0	0.0	0.0	0.0	0.0
GSM4138111_HNSCC_1_TIL_TGTCCCAAGAGGTTGC	0.0	0.0	0.0	0.0	0.0	0.0	0.0	0.0	0.0	0.0	0.0	0.0	0.0	669.1587057003534	0.0	0.0	0.0	0.0	0.0	0.0	0.0	0.0	0.0	0.0	0.0	0.0	0.0	0.0	0.0	0.0	0.0	0.0
GSM4138111_HNSCC_1_TIL_ATTGGTGGTGAAGGCT	141.58181720139834	7.573129406019428	0.0	0.0	0.0	80.36836122023853	0.0	179.86282500336793	70.19255002298067	0.0	0.0	0.0	0.0	0.0	0.0	0.0	0.0	0.0	0.0	0.0	0.0	0.0	0.0	0.0	0.0	0.0	0.0	0.0	0.0	0.0	0.0	0.0
GSM4138111_HNSCC_1_TIL_CAGAATCGTGTGTGCC	0.0	0.0	220.50734114340355	0.0	0.0	0.0	0.0	0.0	0.0	96.8406875664034	0.0	0.5590910791097723	0.0	0.0	0.0	0.0	0.0	0.0	0.0	0.0	0.0	0.0	0.0	0.0	0.0	0.0	0.0	0.0	0.0	0.0	0.0	0.0
GSM4138111_HNSCC_1_TIL_CGTCTACAGCGATCCC	0.0	50.172555424102846	175.8491150358337	0.0	0.0	71.44304876923823	51.758129006376635	0.0	80.72785934444708	0.0	0.0	0.0	19.19602523677416	0.0	0.0	0.0	0.0	0.0	0.0	0.0	0.0	0.0	0.0	0.0	0.0	0.0	0.0	0.0	0.0	0.0	0.0	0.0
GSM4138111_HNSCC_1_TIL_TGCGGGTTCTTGCAAG	0.0	0.0	370.27037895626245	0.0	0.0	0.0	0.0	0.0	0.0	0.0	0.0	0.0	0.0	0.0	0.0	0.0	0.0	0.0	0.0	0.0	0.0	0.0	0.0	0.0	0.0	0.0	0.0	0.0	0.0	0.0	0.0	0.0
GSM4138111_HNSCC_1_TIL_ACCGTAACAACACCTA	0.0	0.0	353.8955515703842	0.0	0.0	0.0	0.0	0.0	290.8651317044102	0.0	0.0	0.0	0.0	0.0	0.0	0.0	0.0	0.0	0.0	0.0	0.0	0.0	0.0	0.0	0.0	0.0	0.0	0.0	0.0	0.0	0.0	0.0
GSM4138111_HNSCC_1_TIL_ACGGGTCAGCAATCTC	0.0	0.0	306.97599014158374	0.0	0.0	0.0	0.0	0.0	0.0	188.72589621654978	0.0	0.0	0.0	0.0	0.0	0.0	0.0	0.0	0.0	0.0	0.0	0.0	0.0	0.0	0.0	0.0	0.0	0.0	0.0	0.0	0.0	0.0
GSM4138111_HNSCC_1_TIL_CTAGCCTAGAGTCGGT	0.0	365.45153115473556	0.0	901.9378180980692	92.49504816624466	122.15797600512772	0.0	0.0	0.0	0.0	0.0	0.0	0.0	0.0	19.84805949749323	0.0	0.0	0.0	0.0	0.0	0.0	0.0	0.0	0.0	0.0	0.0	0.0	0.0	0.0	0.0	0.0	0.0
GSM4138111_HNSCC_1_TIL_TGACTAGAGCCTCGTG	440.8256526994198	0.0	0.0	0.0	0.0	0.0	0.0	0.0	0.0	0.0	270.4564420611798	0.0	0.0	0.0	0.0	53.440653848929955	0.0	0.0	0.0	0.0	0.0	0.0	0.0	0.0	0.0	0.0	0.0	0.0	0.0	0.0	0.0	0.0
GSM4138111_HNSCC_1_TIL_AGTGGGACAACTGCGC	0.0	0.0	76.50563127936279	0.0	0.0	0.0	251.79083002411738	0.0	125.53944752837442	0.0	0.0	0.0	0.0	0.0	0.0	0.0	0.0	0.0	0.0	0.0	0.0	0.0	0.0	86.88418669104088	0.0	0.0	0.0	0.0	0.0	0.0	0.0	0.0
GSM4138111_HNSCC_1_TIL_CAGCGACTCCACGAAT	0.0	836.371262413989	0.0	0.0	0.0	0.0	0.0	0.0	0.0	0.0	0.0	0.0	0.0	0.0	0.0	0.0	0.0	0.0	0.0	0.0	0.0	0.0	0.0	0.0	0.0	0.0	0.0	0.0	0.0	0.0	0.0	0.0
GSM4138111_HNSCC_1_TIL_CCTATTAAGAATCTCC	0.0	0.0	0.0	0.0	0.0	0.0	107.65054932421367	0.0	207.12176076161543	0.0	0.0	0.0	0.0	0.0	0.0	0.0	0.0	0.0	215.2573774738566	0.0	21.940499480391946	0.0	0.0	0.0	0.0	0.0	0.0	0.0	0.0	0.0	0.0	0.0
GSM4138111_HNSCC_1_TIL_CCTCTGAAGTCTTGCA	0.0	508.7408850797544	0.0	0.0	0.0	0.0	86.41589235768835	0.0	0.0	0.0	0.0	0.0	0.0	0.0	0.0	0.0	0.0	0.0	0.0	0.0	0.0	0.0	0.0	155.71416687335224	0.0	0.0	0.0	0.0	0.0	0.0	0.0	0.0
GSM4138111_HNSCC_1_TIL_CTAGCCTCACGAAAGC	0.0	0.0	191.3465896025518	0.0	0.0	0.0	858.7804876393665	0.0	469.2184645843794	0.0	0.0	0.0	0.0	0.0	0.0	0.0	0.0	0.0	0.0	0.0	0.0	0.0	0.0	0.0	0.0	0.0	0.0	0.0	0.0	0.0	0.0	0.0
GSM4138111_HNSCC_1_TIL_GATGAAAGTGCAACTT	0.0	0.0	0.0	833.3630108352902	0.0	0.0	0.0	0.0	0.0	0.0	0.0	0.0	0.0	0.0	0.0	0.0	0.0	0.0	0.0	0.0	0.0	0.0	0.0	0.0	0.0	0.0	0.0	0.0	0.0	0.0	0.0	0.0
GSM4138111_HNSCC_1_TIL_GCGGGTTTCTTTACGT	0.0	0.0	292.4532977162619	202.4151556754675	0.0	0.0	0.0	0.0	81.9671702066891	0.0	0.0	0.0	0.0	0.0	0.0	0.0	0.0	0.0	0.0	0.0	0.0	0.0	0.0	0.0	0.0	0.0	0.0	0.0	0.0	0.0	0.0	0.0
GSM4138111_HNSCC_1_TIL_TCAGGTATCAGTGTTG	0.0	0.0	0.0	0.0	0.0	0.0	327.08498585916493	0.0	0.0	0.0	0.0	0.0	0.0	0.0	0.0	0.0	0.0	0.0	0.0	0.0	0.0	0.0	0.0	107.64494269601224	0.0	0.0	0.0	0.0	0.0	0.0	0.0	0.0
GSM4138111_HNSCC_1_TIL_TCGGGACAGATGAGAG	0.0	0.0	0.0	0.0	0.0	0.0	293.0419257378021	0.0	192.08635064535332	0.0	0.0	0.0	0.0	0.0	0.0	0.0	0.0	0.0	0.0	0.0	0.0	0.0	0.0	0.0	0.0	57.70996880041108	0.0	0.0	0.0	0.0	0.0	0.0
GSM4138111_HNSCC_1_TIL_TGCGCAGAGCGCCTCA	0.0	0.0	0.0	866.6993800350795	0.0	0.0	0.0	0.0	0.0	0.0	0.0	0.0	0.0	0.0	0.0	0.0	0.0	0.0	0.0	0.0	0.0	0.0	0.0	0.0	0.0	0.0	0.0	0.0	0.0	0.0	0.0	0.0
GSM4138111_HNSCC_1_TIL_AACCGCGCACACTGCG	0.0	0.0	0.0	0.0	0.0	15.536806981036381	0.0	0.0	0.0	0.0	642.1632424384394	0.0	0.0	0.0	0.0	0.0	0.0	0.0	0.0	0.0	0.0	0.0	0.0	0.0	0.0	0.0	0.0	0.0	0.0	0.0	0.0	0.0
GSM4138111_HNSCC_1_TIL_ACACTGATCATGCATG	0.0	0.0	0.0	425.8935500235748	0.0	0.0	0.0	0.0	216.88185309523138	0.0	139.57060549624532	0.0	0.0	0.0	0.0	0.0	0.0	0.0	0.0	0.0	0.0	0.0	0.0	0.0	0.0	0.0	0.0	0.0	0.0	0.0	0.0	0.0
GSM4138111_HNSCC_1_TIL_AGTAGTCTCTGTCCGT	0.0	493.54948858857796	0.0	0.0	0.0	137.12843932432637	0.0	0.0	0.0	0.0	0.0	0.0	0.0	0.0	0.0	0.0	0.0	0.0	0.0	0.0	0.0	0.0	0.0	0.0	0.0	0.0	0.0	0.0	0.0	0.0	0.0	0.0
GSM4138111_HNSCC_1_TIL_ATCCGAAGTGTTAAGA	0.0	26.405821413903013	0.0	0.0	150.75952100341388	0.0	89.84473216505376	0.0	0.0	0.0	0.0	0.0	0.0	0.0	0.0	0.0	0.0	0.0	0.0	0.0	0.0	0.0	0.0	0.0	0.0	0.0	52.74527343167011	0.0	0.0	0.0	0.0	0.0
GSM4138111_HNSCC_1_TIL_CATCGGGCAAGACACG	0.0	0.0	123.51126016433717	0.0	0.0	0.0	0.0	0.0	86.81395172277472	0.0	140.1202312925518	0.0	0.0	0.0	0.0	0.0	0.0	0.0	0.0	0.0	0.0	0.0	355.5716713722848	0.0	0.0	0.0	0.0	0.0	0.0	0.0	0.0	0.0
GSM4138111_HNSCC_1_TIL_CCCTCCTTCCCACTTG	0.0	0.0	0.0	0.0	0.0	0.0	0.0	0.0	0.0	0.0	0.0	0.0	790.8737319176016	0.0	0.0	0.0	0.0	0.0	0.0	0.0	0.0	0.0	0.0	0.0	0.0	0.0	0.0	0.0	0.0	0.0	0.0	0.0
GSM4138111_HNSCC_1_TIL_CGGACTGTCGCTTGTC	0.0	0.0	0.0	0.0	103.21652042010103	0.0	0.0	0.0	0.0	179.29026298792553	148.52661808497075	0.0	0.0	0.0	0.0	0.0	0.0	0.0	0.0	0.0	0.0	0.0	0.0	0.0	0.0	0.0	0.0	0.0	0.0	0.0	0.0	0.0
GSM4138111_HNSCC_1_TIL_CTGATAGAGACTGGGT	0.0	0.0	0.0	0.0	265.2519022873939	14.536428257891625	0.0	0.0	0.0	0.0	0.0	0.0	0.0	0.0	0.0	0.0	0.0	0.0	0.0	0.0	0.0	0.0	0.0	0.0	0.0	0.0	0.0	0.0	0.0	0.0	0.0	0.0
GSM4138111_HNSCC_1_TIL_GACGTTAAGGCTACGA	0.0	114.34951333724578	0.0	0.0	85.26005076041776	23.177402376280764	0.0	0.0	0.0	0.0	0.0	0.0	0.0	0.0	0.0	0.0	0.0	0.0	0.0	0.0	0.0	0.0	0.0	0.0	0.0	0.0	0.0	0.0	0.0	0.0	0.0	0.0
GSM4138111_HNSCC_1_TIL_GCGCGATTCGCCTGAG	0.0	888.5037328882518	0.0	0.0	0.0	0.0	0.0	0.0	0.0	0.0	0.0	0.0	0.0	0.0	0.0	0.0	0.0	0.0	0.0	0.0	0.0	0.0	0.0	0.0	0.0	0.0	0.0	0.0	0.0	0.0	0.0	0.0
GSM4138111_HNSCC_1_TIL_GCTTCCAGTCTAGTGT	0.0	150.25376941094888	0.0	0.0	182.72855699827787	0.0	9.635469821676592	0.0	0.0	0.0	0.0	0.0	0.0	0.0	0.0	0.0	0.0	0.0	0.0	0.0	0.0	0.0	0.0	0.0	0.0	0.0	0.0	0.0	0.0	0.0	0.0	0.0
GSM4138111_HNSCC_1_TIL_GCTTCCAGTTGCTCCT	0.0	0.0	0.0	0.0	0.0	0.0	0.0	0.0	0.0	12.150244417011047	600.7091498067631	0.0	0.0	0.0	0.0	0.0	0.0	0.0	0.0	0.0	0.0	0.0	0.0	0.0	0.0	0.0	0.0	0.0	0.0	0.0	0.0	0.0
GSM4138111_HNSCC_1_TIL_GGACGTCGTCCTCCAT	0.0	0.0	0.0	0.0	0.0	0.0	488.6934954574987	0.0	140.9063847641799	0.0	0.0	0.0	11.292684772380625	0.0	0.0	0.0	0.0	0.0	0.0	0.0	0.0	0.0	0.0	72.10921720278246	0.0	0.0	0.0	0.0	0.0	0.0	0.0	0.0
GSM4138111_HNSCC_1_TIL_GGGTCTGTCTATCCTA	0.0	807.7106750166431	0.0	0.0	107.72197918957646	0.0	771.6867022473579	0.0	0.0	0.0	0.0	0.0	0.0	0.0	0.0	0.0	0.0	0.0	0.0	0.0	0.0	0.0	0.0	0.0	0.0	0.0	0.0	0.0	0.0	0.0	0.0	0.0
GSM4138111_HNSCC_1_TIL_GTTACAGCAATGTTGC	0.0	0.056129452399649615	0.0	0.0	68.09782874640327	0.0	0.0	0.0	0.0	180.7834674953626	371.25011016674415	0.0	0.0	0.0	0.0	0.0	0.0	0.0	0.0	0.0	0.0	0.0	0.0	0.0	0.0	0.0	0.0	0.0	0.0	0.0	0.0	0.0
GSM4138111_HNSCC_1_TIL_TACGGGCAGTGGGATC	0.0	0.0	0.0	0.0	44.94494037281663	0.0	0.0	0.0	0.0	64.86556522061262	0.0	0.0	0.0	0.0	0.0	0.0	0.0	0.0	148.10352290052307	0.0	0.0	0.0	0.0	0.0	0.0	0.0	0.0	0.0	0.0	0.0	0.0	1.731449634585274
GSM4138111_HNSCC_1_TIL_TACGGGCTCTACTATC	0.0	0.0	0.0	0.0	187.50379136600537	131.84897941377423	0.0	0.0	0.0	0.0	0.0	0.0	0.0	0.0	0.0	0.0	0.0	0.0	0.0	0.0	0.0	0.0	0.0	0.0	0.0	0.0	0.0	0.0	0.0	0.0	0.0	0.0
GSM4138111_HNSCC_1_TIL_TGTGGTAGTTACGTCA	0.0	0.0	0.0	0.0	0.0	0.0	0.0	114.88419231846824	0.0	0.0	0.0	0.0	0.0	0.0	0.0	0.0	0.0	0.0	0.0	0.0	0.0	0.0	0.0	0.0	0.0	0.0	0.0	138.34595385808177	0.0	0.0	0.0	0.0
GSM4138111_HNSCC_1_TIL_GTGGGTCGTACGACCC	0.0	125.26553674058547	0.0	0.0	76.38869020836901	0.0	138.19464031727088	0.0	0.0	0.0	0.0	0.0	0.0	0.0	0.0	0.0	0.0	0.0	0.0	0.0	0.0	0.0	0.0	0.0	0.0	0.0	0.0	0.0	0.0	0.0	0.0	0.0
GSM4138111_HNSCC_1_TIL_AACTCCCTCTCTTGAT	94.41284258450517	0.0	215.22172542437252	46.69590244303447	0.0	0.0	0.0	0.0	0.0	0.0	0.0	0.0	0.0	0.0	48.28935476404408	0.0	0.0	0.0	0.0	0.0	0.0	0.0	0.0	0.0	0.0	0.0	0.0	0.0	0.0	0.0	0.0	0.0
GSM4138111_HNSCC_1_TIL_AAGTCTGGTCTTTCAT	178.0789618621203	0.0	0.0	0.0	0.0	0.0	0.0	0.0	0.0	0.0	0.0	0.0	0.0	0.0	0.0	0.0	0.0	0.0	0.0	0.0	0.0	0.0	0.0	0.0	0.0	0.0	0.0	0.0	0.0	0.0	0.0	0.0
GSM4138111_HNSCC_1_TIL_ACACCAAAGCTACCTA	0.0	0.0	0.0	0.0	0.0	0.0	0.0	0.0	0.0	0.0	201.0767161229862	0.0	0.0	0.0	0.0	0.0	85.1409809480227	0.0	0.0	0.0	0.0	0.0	0.0	0.0	0.0	0.0	0.0	0.0	0.0	0.0	0.0	0.0
GSM4138111_HNSCC_1_TIL_ACCGTAATCGGCATCG	0.0	0.0	0.0	0.0	129.65285112208682	256.79125233589286	0.0	0.0	0.0	0.0	0.0	0.0	0.0	0.0	0.0	0.0	0.0	0.0	0.0	0.0	0.0	0.0	0.0	0.0	0.0	0.0	0.0	0.0	0.0	0.0	0.0	0.0
GSM4138111_HNSCC_1_TIL_AGATTGCCATACCATG	0.0	0.0	0.0	0.0	0.0	219.5621703395025	0.0	0.0	0.0	0.0	0.0	0.0	0.0	0.0	0.0	0.0	0.0	0.0	0.0	0.0	0.0	0.0	0.0	0.0	0.0	0.0	0.0	0.0	0.0	0.0	0.0	0.0
GSM4138111_HNSCC_1_TIL_AGTAGTCGTAGGGTAC	0.0	0.0	0.0	219.52986675977357	0.0	0.0	0.0	0.0	0.0	0.0	2.6334539316819794	0.0	0.0	0.0	0.0	0.0	0.0	0.0	0.0	0.0	0.0	0.0	0.0	0.0	0.0	0.0	0.0	0.0	0.0	0.0	0.0	0.0
GSM4138111_HNSCC_1_TIL_CATCGGGGTATTCGTG	0.0	99.76913760446358	0.0	0.0	48.02344881231045	185.8071416644242	28.65325677317424	0.0	0.0	0.0	0.0	0.0	0.0	0.0	0.0	0.0	0.0	0.0	0.0	0.0	0.0	0.0	0.0	0.0	0.0	0.0	0.0	0.0	0.0	0.0	0.0	0.0
GSM4138111_HNSCC_1_TIL_CCGGTAGTCACCGTAA	587.6615606286412	0.0	0.0	20.809600924145954	0.0	0.0	0.0	0.0	0.0	0.0	0.0	0.0	0.0	0.0	0.0	0.0	0.0	0.0	0.0	0.0	0.0	0.0	0.0	0.0	0.0	0.0	0.0	0.0	0.0	0.0	0.0	0.0
GSM4138111_HNSCC_1_TIL_CCTCAGTAGATCCCGC	0.0	21.02449697255778	0.0	0.0	0.0	0.0	0.0	0.0	0.0	0.0	0.0	174.2900712649785	0.0	0.0	0.0	0.0	0.0	0.0	0.0	0.0	0.0	0.0	0.0	0.0	0.0	0.0	0.0	0.0	0.0	0.0	0.0	0.0
GSM4138111_HNSCC_1_TIL_CGGACTGAGGGTTCCC	0.0	0.0	219.36742243012705	0.0	0.0	0.0	0.0	0.0	0.0	0.0	0.0	0.0	0.0	0.0	0.0	0.0	0.0	0.0	0.0	0.0	0.0	0.0	0.0	0.0	0.0	0.0	0.0	0.0	0.0	0.0	0.0	0.0
GSM4138111_HNSCC_1_TIL_CGTGTAAAGAGGTTAT	1.87069249894482	0.0	208.67959550403032	0.0	0.0	56.70095062671781	0.0	0.0	0.0	0.0	0.0	0.0	0.0	0.0	0.0	0.0	0.0	0.0	0.0	0.0	0.0	0.0	0.0	0.0	0.0	0.0	0.0	0.0	0.0	0.0	0.0	0.0
GSM4138111_HNSCC_1_TIL_CTCGTACAGCAATATG	0.0	0.0	0.0	0.0	0.0	0.0	0.0	0.0	0.0	0.0	0.0	315.8957428294086	0.0	0.0	0.0	0.0	0.0	0.0	0.0	0.0	0.0	0.0	0.0	0.0	0.0	0.0	0.0	0.0	0.0	0.0	0.0	0.0
GSM4138111_HNSCC_1_TIL_GACTACACAACGATCT	0.0	0.0	0.0	0.0	0.0	26.733076130578524	0.0	0.0	0.0	0.0	0.0	0.0	0.0	0.0	0.0	0.0	0.0	423.5803015237339	0.0	0.0	0.0	0.0	0.0	0.0	0.0	0.0	0.0	0.0	0.0	0.0	0.0	0.0
GSM4138111_HNSCC_1_TIL_GATCTAGCAGCTCCGA	151.2307624392412	0.0	0.0	0.09135691717688321	0.0	0.0	0.0	0.0	0.0	0.0	0.0	0.0	0.0	0.0	0.0	0.0	0.0	0.0	0.0	0.0	0.0	0.0	0.0	0.0	0.0	0.0	0.0	0.0	0.0	0.0	0.0	0.0
GSM4138111_HNSCC_1_TIL_GCAGCCATCAAACAAG	132.52747840734406	0.0	0.0	249.83223819470723	0.0	0.0	0.0	0.0	0.0	0.0	0.0	0.0	0.0	0.0	0.0	0.0	0.0	0.0	0.0	0.0	0.0	0.0	0.0	0.0	0.0	0.0	0.0	0.0	0.0	0.0	0.0	0.0
GSM4138111_HNSCC_1_TIL_GCTCCTAGTACGAAAT	0.0	0.0	0.0	0.0	0.0	23.448258969057903	34.40136075169789	0.0	0.0	15.044791098036848	108.47147648321784	0.0	0.0	0.0	0.0	0.0	0.0	0.0	0.0	0.0	0.0	0.0	48.44657608063673	0.0	0.0	0.0	0.0	0.0	0.0	0.0	0.0	0.0
GSM4138111_HNSCC_1_TIL_GGCAATTGTTGAGTTC	0.0	0.0	0.0	88.75523335424228	0.0	0.0	5.192668524476191	0.0	0.0	0.0	0.0	0.0	0.0	0.0	97.91902895599085	0.0	0.0	0.0	0.0	0.0	0.0	0.0	0.0	0.0	0.0	0.0	0.0	0.0	0.0	0.0	0.0	0.0
GSM4138111_HNSCC_1_TIL_GTACTTTGTGCATCTA	172.83747917598197	0.0	0.0	0.0	0.0	0.0	0.0	0.0	0.0	0.0	0.0	0.0	0.0	0.0	0.0	0.0	46.38890091904001	0.0	0.0	0.0	0.0	0.0	0.0	0.0	0.0	0.0	0.0	0.0	0.0	0.0	0.0	0.0
GSM4138111_HNSCC_1_TIL_GTCAAGTAGTCCCACG	0.0	0.0	0.0	0.0	0.0	0.0	45.34865607171458	0.0	0.0	0.0	0.0	0.0	0.0	0.0	128.86454863123853	0.0	0.0	0.0	0.0	0.0	0.0	0.0	0.0	0.0	0.0	0.0	0.0	0.0	0.0	0.0	0.0	0.0
GSM4138111_HNSCC_1_TIL_GTCAAGTGTATATGGA	0.0	0.0	0.0	0.0	0.0	10.020345631877811	0.0	0.0	0.0	0.0	230.10096939693574	0.0	0.0	0.0	0.0	0.0	0.0	0.0	0.0	0.0	0.0	0.0	0.0	0.0	0.0	0.0	0.0	0.0	0.0	0.0	0.0	0.0
GSM4138111_HNSCC_1_TIL_GTTCTCGCACGCCAGT	0.0	0.0	95.09440817702895	0.0	0.0	0.0	98.58740551435686	0.0	68.3294449589644	0.0	0.0	0.0	0.0	0.0	0.0	0.0	0.0	0.0	0.0	0.0	0.0	0.0	0.0	0.0	0.0	0.0	0.0	0.0	0.0	0.0	0.0	0.0
GSM4138111_HNSCC_1_TIL_GTTCTCGTCCTGTACC	157.44792489800253	0.0	0.0	0.0	0.0	0.0	0.0	0.0	0.0	0.0	0.0	0.0	0.0	0.0	0.0	0.0	0.0	0.0	0.0	0.0	0.0	0.0	0.0	0.0	0.0	0.0	0.0	0.0	0.0	0.0	0.0	0.0
GSM4138111_HNSCC_1_TIL_TATCAGGCAGCCAGAA	102.9620346360807	0.0	115.2475435061542	0.0	0.0	0.0	0.0	0.0	0.0	0.0	0.0	0.0	0.0	0.0	0.0	0.0	0.0	0.0	0.0	0.0	0.0	0.0	0.0	0.0	0.0	0.0	0.0	0.0	0.0	0.0	0.0	0.0
GSM4138111_HNSCC_1_TIL_TCAGCTCGTACCGTAT	0.0	274.33243901708227	0.0	0.0	0.0	0.0	10.24752843864092	0.0	0.0	0.0	0.0	0.0	0.0	0.0	0.0	0.0	0.0	0.0	76.99639558592176	0.0	0.0	0.0	0.0	0.0	0.0	0.0	0.0	0.0	0.0	0.0	0.0	0.0
GSM4138111_HNSCC_1_TIL_TCTTCGGCACATCTTT	174.31927124941126	0.0	14.91131115257052	0.0	0.0	0.0	0.0	0.0	0.0	0.0	22.787336465507522	0.0	0.0	0.0	0.0	0.0	0.0	0.0	0.0	0.0	0.0	0.0	0.0	0.0	0.0	0.0	0.0	0.0	0.0	0.0	0.0	0.0
GSM4138111_HNSCC_1_TIL_TGAGAGGTCGGCGGTT	141.13463567067237	0.0	0.0	0.0	0.0	0.0	0.0	0.0	0.0	0.0	0.0	0.0	0.0	0.0	229.3041943707678	0.0	0.0	0.0	0.0	0.0	0.0	0.0	0.0	0.0	0.0	0.0	0.0	0.0	0.0	0.0	0.0	0.0
GSM4138111_HNSCC_1_TIL_TGCACCTTCTTTACAC	74.58757909236215	0.0	0.0	0.0	0.0	0.0	0.0	153.668580021042	0.0	0.0	0.0	0.0	0.0	0.0	0.0	0.0	0.0	0.0	0.0	0.0	0.0	0.0	0.0	0.0	0.0	0.0	0.0	0.0	0.0	0.0	0.0	0.0
GSM4138111_HNSCC_1_TIL_TTAGTTCTCTTCATGT	0.0	0.0	0.0	0.0	0.0	0.0	128.45155628741398	0.0	0.0	0.0	0.0	91.03322872131473	0.0	0.0	0.0	0.0	0.0	0.0	0.0	0.0	21.903465477340827	0.0	0.0	0.0	0.0	0.0	0.0	0.0	4.7015333287305285	0.0	0.0	0.0
GSM4138111_HNSCC_1_TIL_TTTACTGTCTTGACGA	127.80431610228156	9.97187277318145	0.0	0.0	0.0	61.374588702055874	0.0	0.0	0.0	0.0	0.0	0.0	27.27031325851669	0.0	52.4962334214542	0.0	0.0	0.0	0.0	0.0	0.0	0.0	0.0	0.0	0.0	0.0	0.0	0.0	0.0	0.0	0.0	0.0
GSM4138111_HNSCC_1_TIL_ATCTGCCCATGCCCGA	0.0	119.32050152961315	22.326449259272025	0.0	0.0	149.748782884842	0.0	0.0	0.0	0.0	0.0	0.0	0.0	0.0	0.0	0.0	0.0	0.0	0.0	0.0	0.0	0.0	0.0	0.0	0.0	0.0	0.0	0.0	0.0	0.0	0.0	0.0
GSM4138111_HNSCC_1_TIL_CAACCTCGTAGCTCCG	0.0	0.0	0.0	0.0	0.0	91.35808719566735	0.0	0.0	0.0	0.0	0.0	0.0	0.0	0.0	0.0	0.0	0.0	107.91981706938726	0.0	0.0	0.0	0.0	0.0	0.0	0.0	0.0	0.0	0.0	0.0	0.0	0.0	0.0
GSM4138111_HNSCC_1_TIL_CATCGGGAGCTAGTTC	0.0	123.93498627525727	0.0	0.0	0.0	0.0	133.82272482332561	0.0	0.0	0.0	0.0	0.0	77.47569878043235	0.0	0.0	0.0	0.0	0.0	0.0	0.0	0.0	0.0	0.0	0.0	0.0	0.0	0.0	0.0	0.0	0.0	0.0	0.0
GSM4138111_HNSCC_1_TIL_CCACGGACAGATGAGC	0.0	0.0	0.0	67.2966959762146	0.0	0.0	0.0	0.0	0.0	0.0	0.0	0.0	625.713601081879	0.0	0.0	0.0	0.0	0.0	0.0	0.0	0.0	0.0	0.0	0.0	0.0	0.0	0.0	0.0	0.0	0.0	0.0	0.0
GSM4138111_HNSCC_1_TIL_CGGCTAGTCGGAAACG	0.0	3.9848378389439	65.79716840802197	0.0	0.0	54.73462363845313	18.592448200709093	0.0	0.0	0.0	0.0	0.0	0.0	0.0	0.0	0.0	0.0	0.0	0.0	0.0	0.0	0.0	0.0	0.0	0.0	0.0	0.0	0.0	0.0	0.0	0.0	0.0
GSM4138111_HNSCC_1_TIL_CGTCTACGTCCGAACC	0.0	0.0	0.0	0.0	0.0	0.0	0.0	28.225456939222482	0.0	0.0	0.0	0.0	0.0	0.0	0.0	0.0	196.15961205321554	0.0	0.0	0.0	0.0	0.0	0.0	0.0	0.0	0.0	0.0	0.0	0.0	0.0	0.0	0.0
GSM4138111_HNSCC_1_TIL_CGTCTACGTGTGAATA	0.0	407.5752446288681	0.0	0.0	0.0	0.0	0.0	0.0	0.0	0.0	0.0	0.0	0.0	0.0	0.0	0.0	0.0	0.0	0.0	0.0	0.0	0.0	0.0	0.0	0.0	0.0	0.0	0.0	0.0	0.0	0.0	0.0
GSM4138111_HNSCC_1_TIL_CGTTCTGGTCCAGTAT	0.0	0.0	0.0	0.0	0.0	0.0	0.0	0.0	0.0	0.0	0.0	0.0	0.0	1018.2004620845913	0.0	0.0	0.0	0.0	0.0	0.0	0.0	0.0	0.0	0.0	0.0	0.0	0.0	0.0	0.0	0.0	0.0	0.0
GSM4138111_HNSCC_1_TIL_CTCGTCAGTTGCTCCT	0.0	0.0	0.0	198.49902789676958	0.0	0.0	0.0	0.0	0.0	0.0	215.08566215239944	0.0	0.0	0.0	46.57978329453607	0.0	0.0	0.0	3.104553791074749	0.0	0.0	0.0	0.0	0.0	0.0	0.0	0.0	0.0	0.0	0.0	0.0	0.0
GSM4138111_HNSCC_1_TIL_CTTAGGAAGACAAGCC	112.22015079952969	140.4018108962893	0.0	0.0	111.31015981536098	0.0	0.0	0.0	0.0	0.0	0.0	0.0	0.0	0.0	0.0	0.0	0.0	0.0	0.0	0.0	0.0	0.0	0.0	0.0	0.0	0.0	0.0	0.0	0.0	0.0	0.0	0.0
GSM4138111_HNSCC_1_TIL_CTTGGCTCATAGTAAG	0.0	0.0	0.0	0.0	0.0	0.0	0.0	0.0	339.0901323912168	0.0	0.0	0.0	0.0	0.0	0.0	0.0	0.0	0.0	65.63327311349694	0.0	0.0	0.0	0.0	0.0	0.0	0.0	0.0	0.0	0.0	0.0	0.0	0.0
GSM4138111_HNSCC_1_TIL_GAAACTCTCAACACAC	0.0	21.69050448375579	0.0	0.0	0.0	0.0	229.2860723500763	0.0	0.0	0.0	0.0	0.0	15.880534662576945	0.0	0.0	0.0	0.0	0.0	63.64876980393217	0.0	0.0	0.0	0.0	15.337113781669682	0.0	0.0	0.0	0.0	0.0	0.0	0.0	0.0
GSM4138111_HNSCC_1_TIL_GATTCAGGTGAGCGAT	0.0	198.50866716050018	0.0	0.0	0.0	0.0	0.0	0.0	0.0	0.0	0.0	0.0	0.0	0.0	0.0	0.0	0.0	0.0	0.0	0.0	0.0	0.0	0.0	0.0	0.0	0.0	0.0	0.0	0.0	0.0	0.0	0.0
GSM4138111_HNSCC_1_TIL_GGATTACAGTTGCAGG	0.0	522.5174541183094	0.0	0.0	0.0	0.0	119.53103370284343	0.0	0.0	0.0	0.0	0.0	0.0	0.0	0.0	0.0	0.0	0.0	0.0	0.0	0.0	0.0	0.0	0.0	0.0	0.0	0.0	0.0	0.0	0.0	0.0	0.0
GSM4138111_HNSCC_1_TIL_GGTGAAGTCATCTGCC	0.0	18.595537244183742	0.0	0.0	0.0	0.0	31.346296521385458	0.0	0.0	0.0	0.0	0.0	111.58672126334947	0.0	0.0	0.0	0.0	0.0	0.0	0.0	321.9177465290526	0.0	0.0	0.0	0.0	0.0	0.0	0.0	0.0	0.0	0.0	0.0
GSM4138111_HNSCC_1_TIL_GTGAAGGGTATATGAG	0.0	397.94315391931985	0.0	0.0	187.09744730705927	0.0	133.08934833758082	0.0	0.0	0.0	0.0	0.0	0.0	0.0	0.0	0.0	0.0	0.0	0.0	0.0	0.0	0.0	0.0	0.0	0.0	0.0	0.0	0.0	0.0	0.0	0.0	0.0
GSM4138111_HNSCC_1_TIL_GTTTCTAAGCCAGAAC	0.0	0.0	16.09203201546439	0.0	0.0	0.0	81.34962919058755	0.0	4.605307869471654	0.0	0.0	0.0	148.91089594422732	0.0	0.0	0.0	0.0	0.0	0.0	0.0	0.0	0.0	0.0	0.0	0.0	0.0	0.0	0.0	0.0	0.0	0.0	0.0
GSM4138111_HNSCC_1_TIL_TAAGAGACATCGGTTA	30.94030431513073	0.0	499.21711239928635	0.0	0.0	0.0	0.0	0.0	0.0	0.0	0.0	0.0	0.0	0.0	0.0	0.0	0.0	0.0	0.0	0.0	0.0	0.0	0.0	0.0	0.0	0.0	0.0	0.0	0.0	0.0	0.0	0.0
GSM4138111_HNSCC_1_TIL_TATTACCGTTGTTTGG	0.0	0.0	0.0	0.0	0.0	0.0	0.0	0.0	686.3126574204852	0.0	0.0	0.0	0.0	0.0	0.0	0.0	0.0	0.0	0.0	0.0	0.0	0.0	0.0	0.0	0.0	0.0	0.0	0.0	0.0	0.0	0.0	0.0
GSM4138111_HNSCC_1_TIL_TGGTTAGAGTTTAGGA	0.0	0.0	0.0	5.150102529557197	0.0	0.0	138.47535998642084	45.17166096963889	95.4569870626167	0.0	0.0	0.0	72.76629398845884	0.0	0.0	0.0	11.696139364058043	0.0	0.0	0.0	0.0	0.0	0.0	0.0	0.0	0.0	0.0	0.0	0.0	0.0	0.0	0.0
GSM4138111_HNSCC_1_TIL_TTGACTTCATCGACGC	0.0	0.0	181.02417858642207	0.0	0.0	0.0	0.0	0.0	89.99516785505296	0.0	0.0	0.0	38.473705615459956	0.0	0.0	0.0	0.0	0.0	0.0	0.0	0.0	0.0	0.0	0.0	0.0	0.0	0.0	0.0	0.0	0.0	0.0	0.0
