	1	2	3	4	5	6	7	8	9	10	11	12	13	14	15	16	17	18	19	20	21	22	23
GSM4138111_HNSCC_1_TIL_AACTCCCGTCATATCG	0.0	64.47053807405209	18.894308021872195	0.0	0.0	35.19475339300275	15.166466652857936	10.488865508607853	0.0	0.0	0.0	21.632077213958752	122.04872778499069	0.0	0.0	0.0	0.0	0.0	31.52246188896399	0.0	0.0	0.0	0.0
GSM4138111_HNSCC_1_TIL_AGTGGGATCACCCGAG	0.0	112.22986146157339	0.0	131.12356567988536	0.0	0.0	8.425395358164684	0.0	0.0	0.0	0.0	0.0	4.818147898773823	0.0	0.0	0.0	0.0	0.0	0.0	0.0	0.0	0.0	0.0
GSM4138111_HNSCC_1_TIL_ATCCGAAGTCGTTGTA	0.0	0.0	0.0	0.0	105.79469156340426	0.0	15.37699694461946	0.0	2.322035708518399	0.0	0.0	4.167659446126997	184.22865623914137	0.0	0.0	0.0	0.0	0.0	0.0	0.0	0.0	0.0	0.0
GSM4138111_HNSCC_1_TIL_CAGCGACAGGGATGGG	43.7346313023661	75.31912042932532	0.0	0.0	0.0	0.0	9.047988713924603	0.0	112.75849390794744	0.0	0.0	33.04599261799856	50.38719843202106	0.0	0.0	0.0	0.0	0.0	0.0	0.0	0.0	0.0	0.0
GSM4138111_HNSCC_1_TIL_CGGACACTCATATCGG	0.0	0.0	0.0	0.0	111.94645876748093	0.0	0.0	0.0	204.33167040207982	0.0	0.0	0.0	0.0	0.0	0.0	0.0	0.0	33.55387967821897	0.0	0.0	0.0	0.0	0.0
GSM4138111_HNSCC_1_TIL_TAGTTGGGTCTCCACT	30.53527776159855	0.0	0.0	0.0	0.0	0.0	20.06914316097169	0.0	49.88798373486749	0.0	73.88505529162073	31.295873902212595	57.38295199458493	0.0	0.0	0.0	0.0	0.0	0.0	0.0	0.0	0.0	0.0
GSM4138111_HNSCC_1_TIL_AAAGATGAGCATGGCA	193.0240271522145	130.37176878740289	0.0	0.0	0.0	0.0	0.0	0.0	0.0	0.0	0.0	0.0	0.0	0.0	0.0	0.0	0.0	17.922382128730398	0.0	0.0	0.0	0.0	0.0
GSM4138111_HNSCC_1_TIL_AGCAGCCTCCTACAGA	212.77987776426647	79.2567251590228	0.0	0.0	0.0	0.0	15.389358115787811	0.0	0.0	0.0	0.0	0.0	0.0	0.0	0.0	0.0	0.0	0.0	0.0	0.0	0.0	0.0	0.0
GSM4138111_HNSCC_1_TIL_AGGTCATTCAAGCCTA	30.89172958556927	0.0	64.35311978324229	0.0	0.0	126.25065945267242	12.464332692812865	0.0	0.0	0.0	0.0	0.0	0.0	0.0	0.0	0.0	0.0	0.0	98.1106612402998	0.0	0.0	0.0	0.0
GSM4138111_HNSCC_1_TIL_ATGCGATGTGATGTCT	451.74617933578475	0.0	0.0	0.0	451.7343730926379	0.0	0.0	0.0	0.0	0.0	0.0	0.6734121974376123	0.0	0.0	0.0	0.0	0.0	23.866206004337965	0.0	0.0	0.0	0.0	0.0
GSM4138111_HNSCC_1_TIL_CCAGCGATCACTTCAT	104.92353420518342	0.0	13.244776570643863	0.0	0.0	0.0	25.07380565376919	0.0	95.82191796276656	0.0	101.04515761639288	22.640557858425655	0.0	0.0	41.29860564108027	0.0	0.0	0.0	0.0	0.0	0.0	0.0	0.0
GSM4138111_HNSCC_1_TIL_CCCATACGTCTGATTG	0.0	0.0	0.0	0.0	0.0	26.317299941923963	0.0	0.0	0.0	0.0	0.0	0.0	0.0	0.0	0.0	222.36009450135222	0.0	16.967251622205026	0.0	0.0	110.29580758420465	0.0	0.0
GSM4138111_HNSCC_1_TIL_CGTTAGAGTTTACTCT	0.0	207.9532607656323	0.0	0.0	0.0	0.0	0.0	87.12743482495924	0.0	0.0	0.0	0.0	0.0	2.0277664947504395	76.73031599348954	0.0	0.0	24.73417866791832	166.30984170434002	0.0	0.0	0.0	0.0
GSM4138111_HNSCC_1_TIL_CTAGCCTAGGTCATCT	354.370791181725	174.38876137942043	0.0	0.0	0.0	0.0	23.25694536765534	0.0	0.0	0.0	0.0	0.0	0.0	0.0	0.0	0.0	0.0	0.0006155704410356553	0.0	0.0	0.0	0.0	0.0
GSM4138111_HNSCC_1_TIL_CTCGTACTCAGCCTAA	238.58887838762433	0.0	0.0	0.0	0.0	0.0	10.192302934586527	0.0	0.0	0.0	92.63125571562759	1.9640805477614596	0.0	0.0	0.0	0.0	0.0	0.0	0.0	0.0	0.0	0.0	0.0
GSM4138111_HNSCC_1_TIL_GAAATGATCTAACCGA	707.0118374265144	29.22186385167704	0.0	0.0	366.89713257407294	0.0	48.74650498392149	0.0	0.0	0.0	0.0	0.0	0.0	0.0	0.0	0.0	0.0	0.0	0.0	0.0	0.0	0.0	0.0
GSM4138111_HNSCC_1_TIL_GGCCGATAGAAGCCCA	111.77489297495725	45.67454163515012	79.69180549841423	0.0	0.41494463769158313	33.41884002214542	32.465259767612906	0.0	0.0	0.0	0.0	0.0	0.0	0.0	0.0	0.0	0.0	0.0	0.0	0.0	0.0	0.0	0.0
GSM4138111_HNSCC_1_TIL_GGCCGATAGCCCTAAT	10.952170361809587	179.1777956856487	0.0	0.0	0.0	0.0	0.0	0.0	0.0	0.0	0.0	441.8597285276295	0.8952589986934004	0.0	0.0	0.0	0.0	24.288992006642477	0.0	0.0	0.0	0.0	28.719686392652857
GSM4138111_HNSCC_1_TIL_GGCGACTAGTTTCCTT	0.0	58.456698287085075	0.0	0.0	0.0	17.09039791219443	7.436566710992923	73.79800856571231	0.0	0.0	0.0	141.91598739934764	0.0	0.0	0.0	0.0	0.0	0.0	0.0	0.0	0.0	0.0	0.0
GSM4138111_HNSCC_1_TIL_GGGACCTAGTTAGGTA	0.0	0.0	0.0	0.0	0.0	0.0	0.0	0.0	591.4351477460267	0.0	387.83804317034117	0.0	0.0	0.0	0.0	0.0	0.0	28.284362496337653	0.0	0.0	0.0	0.0	0.0
GSM4138111_HNSCC_1_TIL_GTCAAGTTCAGCACAT	42.2494730975419	153.24650371966428	0.0	0.0	0.0	0.0	0.0	95.3760020157399	0.0	0.0	0.0	151.0299017055247	0.0	0.0	0.0	0.0	0.0	12.413098135922224	0.0	0.0	0.0	0.0	0.0
GSM4138111_HNSCC_1_TIL_TAAACCGTCCAGTATG	264.40994967202494	0.0	0.0	0.0	109.70332918379958	0.0	31.453715258245357	0.0	0.0	0.0	35.26138712130812	5.95141253353215	85.37682128168842	0.0	0.0	0.0	0.0	0.0	0.0	0.0	0.0	0.0	0.0
GSM4138111_HNSCC_1_TIL_TATGCCCGTCTCATCC	219.2980531074467	70.33154039981942	17.168481236324123	0.0	0.0	0.0	0.0	0.0	0.0	0.0	5.264048119802807	0.0	0.0	0.0	0.0	0.0	14.375739509391366	7.478623270072008	0.0	0.0	0.0	0.0	0.0
GSM4138111_HNSCC_1_TIL_TTTACTGAGTAGGCCA	0.0	181.3306023135023	162.92212377423553	0.0	0.0	0.0	37.643407419227565	47.34638785521908	0.0	0.0	0.0	0.0	35.14649351421836	0.0	0.0	0.0	0.0	0.0	36.18113817235546	0.0	0.0	0.0	0.0
GSM4138111_HNSCC_1_TIL_AACTTTCTCGCCAAAT	0.0	0.0	341.1386644488304	0.0	0.0	43.52842186211398	55.841653968082476	0.0	0.0	215.16366447919523	0.0	0.0	0.0	0.0	0.0	208.47871348253383	0.0	0.0	0.0	63.33978619619802	0.0	0.0	0.0
GSM4138111_HNSCC_1_TIL_ACATCAGGTGTTCTTT	0.0	0.0	0.0	0.0	43.150594474498945	0.0	9.511615140044194	0.0	63.40496745124516	0.0	0.0	0.0	247.31774533293844	0.0	0.0	0.0	100.43591899365846	0.0	0.0	0.0	0.0	1.5662759714856143	0.0
GSM4138111_HNSCC_1_TIL_ACGATACCACATTCGA	0.0	240.31466526055812	458.5466200966501	0.0	0.0	0.0	15.712133844198068	0.0	0.0	0.0	0.0	98.13513559270639	0.0	90.58580402120279	0.0	0.0	0.0	0.0	0.0	0.0	0.0	0.0	0.0
GSM4138111_HNSCC_1_TIL_ACGGCCAAGGGTCGAT	76.43127799811298	12.20455736705422	0.0	0.0	0.0	0.0	0.0	0.0	162.18941837680944	0.0	60.49437463524209	0.0	0.0	0.0	0.0	0.0	0.0	15.004571993320532	0.0	0.0	0.0	0.0	0.0
GSM4138111_HNSCC_1_TIL_ACTGAGTTCTCTGTCG	68.81982659563113	0.0	0.0	0.0	0.0	0.0	0.0	0.0	0.0	0.0	0.0	0.0	245.49897555023756	0.0	0.0	0.0	103.94824770027819	17.944219054584458	0.0	0.0	0.0	0.0	41.608883134056796
GSM4138111_HNSCC_1_TIL_ACTTTCATCCCACTTG	0.0	330.9280044218967	0.0	53.5457060809094	0.0	0.0	0.0	0.0	0.0	0.0	0.0	336.7375662651261	0.0	0.0	0.0	0.0	0.0	30.628582926447642	0.0	0.0	0.0	0.0	0.0
GSM4138111_HNSCC_1_TIL_AGCAGCCGTGAACCTT	0.0	11.48446130473318	0.0	216.61007740730582	115.4508003038234	0.0	9.078921439213172	0.0	0.0	0.0	0.0	0.0	0.0	0.0	0.0	0.0	0.0	0.0	0.0	0.0	0.0	0.0	0.0
GSM4138111_HNSCC_1_TIL_AGGGATGTCGCCGTGA	198.2490401516831	0.0	0.0	0.0	93.71447134190976	0.0	11.260132119304853	0.0	0.0	0.0	0.0	0.0	0.0	0.0	0.0	0.0	0.0	0.0	0.0	0.0	0.0	0.0	0.0
GSM4138111_HNSCC_1_TIL_ATCATCTGTAGCGTGA	0.0	0.0	0.0	0.0	0.0	0.0	23.208813413425542	0.0	0.0	0.0	0.0	0.0	0.0	0.0	93.97520533356148	0.0	227.3027842878398	0.0	388.84872520425273	0.0	0.0	0.0	0.0
GSM4138111_HNSCC_1_TIL_ATCGAGTTCATTATCC	0.0	0.0	0.0	343.7625189168186	232.0306545877435	0.0	0.0	0.0	0.0	0.0	0.0	0.0	0.0	0.0	0.0	20.864452086624006	0.0	21.310959275331076	0.0	0.0	0.0	0.0	0.0
GSM4138111_HNSCC_1_TIL_ATCTGCCAGGATGGTC	249.79225942405668	0.0	14.506777983041067	0.0	0.0	0.0	1.8519144004841788	0.0	0.0	0.0	0.0	0.0	0.0	0.0	0.0	0.0	0.0	0.0	0.0	0.0	129.74104671061667	0.0	0.0
GSM4138111_HNSCC_1_TIL_ATTTCTGGTACACCGC	214.96283545242838	65.8800694562233	0.0	0.0	9.521593600824358	0.0	4.436976778277491	0.0	24.391726958404693	0.0	36.57084170489063	6.543918770187602	50.27260791626029	0.0	0.0	0.0	0.0	5.883581778602647	0.0	0.0	0.0	0.0	0.0
GSM4138111_HNSCC_1_TIL_CAACCAATCTATCCCG	0.0	92.10292193509875	364.6482723245857	0.0	0.0	0.0	0.0	0.0	0.0	0.0	113.26774778973156	0.0	0.0	0.0	0.0	0.0	0.0	20.47156347126657	0.0	177.30856057635827	0.0	0.0	0.0
GSM4138111_HNSCC_1_TIL_CACACAACATCTACGA	192.89869104214625	14.203063575467832	0.0	0.0	0.0	0.0	0.0	0.0	0.0	0.0	89.56859951020873	0.0	25.651883774361476	0.0	0.0	0.0	0.0	21.37776853295312	0.0	0.0	0.0	0.0	0.0
GSM4138111_HNSCC_1_TIL_CACCTTGTCCGGGTGT	869.434790167887	520.129883598775	0.0	0.0	0.0	0.0	0.0	0.0	0.0	0.0	0.0	262.03144647754374	0.0	0.0	0.0	0.0	0.0	46.391907042664926	0.0	0.0	0.0	0.0	0.0
GSM4138111_HNSCC_1_TIL_CATGACACAATGGAGC	0.0	36.61515757700437	0.0	550.6665627066645	0.0	0.0	13.334034928596767	0.0	0.0	0.0	0.0	0.0	0.0	0.0	22.305542445759325	0.0	0.0	0.0	0.0	0.0	0.0	0.0	248.55087014082767
GSM4138111_HNSCC_1_TIL_CCACTACTCACAATGC	299.0001840953478	64.37477139447083	0.0	0.0	2.980536731612416	66.75337585890773	0.0	0.0	0.0	0.0	0.0	0.0	0.0	0.0	0.0	0.0	0.0	11.313122554079477	0.0	0.0	0.0	0.0	0.0
GSM4138111_HNSCC_1_TIL_CCCAGTTGTAGTAGTA	0.0	0.0	0.0	0.0	0.0	0.0	0.0	0.0	91.07137124704798	0.0	71.2267517180513	0.0	147.3119075926549	0.0	0.0	0.0	0.0	26.98499669431697	0.0	0.0	0.0	0.0	0.0
GSM4138111_HNSCC_1_TIL_CCGTGGATCCCTTGCA	314.9776360796073	157.9471821789004	0.0	0.0	0.0	0.0	0.0	0.0	0.0	0.0	0.0	0.0	0.0	0.0	0.0	0.0	0.0	14.3577780134121	0.0	0.0	0.0	0.0	0.0
GSM4138111_HNSCC_1_TIL_CGCGGTATCATACGGT	0.0	0.0	0.0	167.4389365014107	0.0	156.74336293421507	4.139962192876865	0.0	0.0	0.0	0.0	0.0	0.0	0.0	0.0	143.5665605533797	0.0	0.0	0.0	0.0	0.0	0.0	0.0
GSM4138111_HNSCC_1_TIL_CGGACTGAGCCGTCGT	0.0	0.0	0.0	0.0	0.0	0.0	0.0	0.0	264.71163497959685	0.0	105.43750775538047	0.0	0.0	0.0	0.0	0.0	0.0	5.257300867394442	0.0	0.0	0.0	0.0	0.0
GSM4138111_HNSCC_1_TIL_CGGAGCTTCGAACTGT	0.0	0.0	0.0	991.4605905711396	0.0	0.0	20.354509505862957	0.0	23.566190107749318	0.0	554.7454337385469	0.0	0.0	0.0	1.3203902958274294	0.0	0.0	0.0	0.0	0.0	0.0	0.0	0.0
GSM4138111_HNSCC_1_TIL_CGGAGTCGTATGAATG	21.630559411920718	0.0	0.0	0.0	0.0	0.0	0.0	0.0	238.40940580280207	0.0	75.25029888336053	0.0	0.0	0.0	0.0	0.0	0.0	11.242119119161371	0.0	0.0	0.0	0.0	0.0
GSM4138111_HNSCC_1_TIL_CGGTTAAGTCGACTAT	380.6804383382328	0.0	0.0	0.0	0.0	0.0	19.147083883179715	0.0	0.0	0.0	125.89134608245702	0.0	0.0	0.0	0.0	0.0	0.0	0.0	0.0	0.0	0.0	0.0	0.0
GSM4138111_HNSCC_1_TIL_CGTCTACAGCCTATGT	45.87079098233161	0.0	0.0	175.21000628710556	32.071186926208654	0.0	0.0	0.0	0.0	0.0	0.0	96.52342054474049	0.0	0.0	0.0	0.0	152.65996136181315	18.72934215485741	0.0	0.0	0.0	0.0	0.0
GSM4138111_HNSCC_1_TIL_CGTGTCTGTCTCCACT	142.09414154314786	330.9560930526118	193.68087420360524	0.0	0.0	0.0	17.297794801060185	0.0	0.0	0.0	0.0	398.1967429381272	0.0	0.0	0.0	0.0	0.0	0.0	0.0	0.0	0.0	0.0	0.0
GSM4138111_HNSCC_1_TIL_CGTTAGAAGAGCTATA	86.59158662315278	115.11192879011566	0.0	0.0	0.0	0.0	0.0	0.0	83.15138160198408	0.0	11.9541117360004	5.827339927625656	0.0	0.0	0.0	0.0	0.0	16.73171147482019	0.0	0.0	0.0	0.0	0.0
GSM4138111_HNSCC_1_TIL_CTGCTGTGTCCGAGTC	197.59820725497934	139.5541465788298	0.0	0.0	0.0	0.0	0.0	0.0	0.0	0.0	0.0	39.2741476280009	0.0	0.0	0.0	0.0	0.0	7.132309067127336	0.0	0.0	0.0	0.0	0.0
GSM4138111_HNSCC_1_TIL_CTGGTCTGTCCGTGAC	0.0	0.0	0.0	0.0	302.24658440712454	0.0	27.586542956144065	0.0	0.0	0.0	0.0	0.0	0.0	0.0	0.0	0.0	0.0	0.0	0.0	783.1827844486289	0.0	0.0	0.0
GSM4138111_HNSCC_1_TIL_CTGTGCTTCGTCCGTT	316.9755811080868	0.0	0.0	0.0	0.0	0.0	0.0	0.0	0.0	0.0	185.98612951120478	0.0	0.0	0.0	0.0	0.0	0.0	7.459367965362145	0.0	0.0	0.0	0.0	0.0
GSM4138111_HNSCC_1_TIL_CTTCTCTGTCTTGCGG	0.0	0.0	0.0	0.0	0.0	0.0	0.0	0.0	185.44093134546625	0.0	53.535173813328555	0.0	0.0	0.0	0.0	0.0	0.0	6.420412204325871	0.0	0.0	0.0	0.0	0.0
GSM4138111_HNSCC_1_TIL_GAATGAACACGTCAGC	264.36977837561125	0.0	5233.465374215653	0.0	0.0	0.0	0.0	85.70662909623373	140.602442476672	0.0	0.0	0.0	29.362164041096488	0.0	168.04278305170044	0.0	0.0	0.0	19.846313330723007	0.0	0.0	0.0	0.0
GSM4138111_HNSCC_1_TIL_GACTAACGTAGAAGGA	211.82452947152788	300.36545762489357	0.0	0.0	0.0	0.0	2.3227183326011565	0.0	0.0	0.0	0.0	33.53076759203401	0.0	0.0	0.0	0.0	0.0	0.0	0.0	0.0	0.0	0.0	0.0
GSM4138111_HNSCC_1_TIL_GATCGATTCAGAGACG	0.0	0.0	41.28888496788488	0.0	171.20467042472225	3.8339877300681673	10.249448266391346	0.0	0.0	0.0	0.0	0.0	0.0	0.0	285.04842324505233	0.0	0.0	0.0	0.0	308.8204061272417	0.0	0.0	0.0
GSM4138111_HNSCC_1_TIL_GGGAATGAGCTGTCTA	122.52798140142956	81.3679819118541	0.0	0.0	0.0	0.0	3.805265687255461	0.0	111.26665767776979	0.0	0.0	57.245693288158456	0.0	0.0	0.0	0.0	0.0	0.0	0.0	0.0	0.0	0.0	0.0
GSM4138111_HNSCC_1_TIL_GGGAGATGTGTGCCTG	0.0	186.17688502021412	418.5818321293838	0.0	0.0	0.0	15.748327892946453	0.0	0.0	0.0	0.0	72.23655508761975	0.0	0.0	0.0	0.0	0.0	0.0	0.0	0.0	0.0	0.0	0.0
GSM4138111_HNSCC_1_TIL_GGGTCTGTCCACGAAT	0.0	0.0	0.0	0.0	404.0838533278353	0.0	36.52851387727764	0.0	934.2361543683858	0.0	0.0	0.0	0.0	0.0	0.0	0.0	0.0	0.0	0.0	0.0	0.0	0.0	0.0
GSM4138111_HNSCC_1_TIL_GTCGGGTAGTCAATAG	176.41607240937554	70.75569331609586	0.0	0.0	0.0	0.0	0.0	0.0	0.0	0.0	0.0	0.0	0.0	0.0	0.0	0.0	0.0	11.027815641444505	0.0	0.0	0.0	0.0	0.0
GSM4138111_HNSCC_1_TIL_GTCTCGTCACCCATGG	0.0	114.49363036765244	224.63047980665561	0.0	0.0	0.0	0.0	0.0	0.0	0.0	0.0	0.0	0.0	0.0	0.0	0.0	0.0	2.811734548123497	0.0	0.0	0.0	0.0	0.0
GSM4138111_HNSCC_1_TIL_GTCTTCGGTTGATTCG	0.0	0.0	0.0	476.18945648372846	131.01997941395814	0.0	0.0	0.0	0.0	0.0	0.0	0.0	0.0	0.0	0.0	0.0	0.0	15.907311035248698	0.0	0.0	0.0	0.0	0.0
GSM4138111_HNSCC_1_TIL_GTGCAGCCAGTTTACG	0.0	0.0	0.0	0.0	98.70980311605175	0.0	0.0	0.0	95.20020785439806	0.0	0.0	0.0	147.8367977965441	0.0	0.0	0.0	0.0	5.306014743668985	0.0	0.0	0.0	0.0	0.0
GSM4138111_HNSCC_1_TIL_GTTAAGCGTGCTGTAT	398.5530626152071	210.41387009134124	0.0	0.0	0.0	0.0	0.0	0.0	0.0	0.0	0.0	0.0	0.0	0.0	0.0	0.0	0.0	23.318874571860555	0.0	0.0	0.0	0.0	0.0
GSM4138111_HNSCC_1_TIL_TACTCGCCACACATGT	0.0	349.0429920048728	0.0	0.0	0.0	0.0	0.0	0.0	750.1747377226728	0.0	0.0	0.0	0.0	0.0	0.0	0.0	0.0	24.162706406782178	0.0	0.0	0.0	0.0	0.0
GSM4138111_HNSCC_1_TIL_TACTTACGTGTGACCC	0.0	96.01273384546252	0.0	0.0	0.0	0.0	0.0	0.0	233.18407372313888	0.0	51.24552382044655	99.95275609227058	0.0	0.0	0.0	0.0	0.0	17.833990479871606	0.0	0.0	0.0	0.0	0.0
GSM4138111_HNSCC_1_TIL_TCATTTGCAAGTAATG	243.50297276534113	77.24424857796292	0.0	0.0	0.0	0.0	0.0	0.0	0.0	0.0	0.0	0.0	0.0	0.0	0.0	0.0	37.36610752818492	18.168181085099025	0.0	0.0	0.0	0.0	0.0
GSM4138111_HNSCC_1_TIL_TCTATTGGTGTTTGTG	0.0	0.0	0.0	244.32721093735793	159.2920666549497	0.0	4.238470754225077	0.0	0.0	0.0	0.0	0.0	0.0	0.0	0.0	123.07758812567916	0.0	0.0	0.0	0.0	0.0	0.0	0.0
GSM4138111_HNSCC_1_TIL_TCTCTAATCGTCTGCT	47.593101013593014	75.76008283320903	0.0	0.0	0.0	0.0	10.100854254191551	0.0	117.9832457278766	0.0	67.38453012988127	48.94520924046243	12.369220479955903	0.0	0.0	0.0	0.0	0.0	0.0	0.0	0.0	0.0	0.0
GSM4138111_HNSCC_1_TIL_TTCTACACACCGGAAA	0.0	0.0	0.0	0.0	12.602493568718577	0.0	0.0	0.0	447.0063874775496	0.0	210.07419003625157	0.0	0.0	0.0	0.0	0.0	0.0	11.430874152644853	150.2935416850946	0.0	0.0	0.0	0.0
GSM4138111_HNSCC_1_TIL_AGTGTCACATTAGCCA	0.0	146.11367252622145	280.3454309089719	0.0	0.0	0.0	11.422375141277778	0.0	0.0	0.0	0.0	0.0	0.0	0.0	0.0	0.0	0.0	0.0	0.0	0.0	0.0	0.0	0.0
GSM4138111_HNSCC_1_TIL_GCGGGTTTCTCAACTT	0.0	0.0	0.0	456.33087587426843	205.67531873760956	0.0	16.935873710073935	0.0	0.0	0.0	0.0	0.0	0.0	0.0	0.0	0.0	0.0	0.0	0.0	0.0	0.0	0.0	0.0
GSM4138111_HNSCC_1_TIL_GCTCTGTGTCTAGTCA	0.0	0.0	0.0	731.3099916165339	206.51157183043347	0.0	23.125203793334997	0.0	0.0	78.51391191482226	0.0	0.0	0.0	0.0	0.0	0.0	0.0	0.0	0.0	0.0	98.19548550819756	0.0	0.0
GSM4138111_HNSCC_1_TIL_GGACAAGAGGAGTACC	0.0	0.0	0.0	361.8201405494659	0.0	0.0	7.66541910808944	0.0	0.0	173.25824886576112	0.0	0.0	0.0	0.0	0.0	0.0	0.0	0.0	0.0	0.0	0.0	0.0	0.0
GSM4138111_HNSCC_1_TIL_GTCCTCAAGATGCCTT	0.0	228.46293976711388	0.0	540.8217223619309	0.0	0.0	29.629819642015907	0.0	0.0	72.14785440817258	0.0	0.0	0.0	0.0	0.0	0.0	0.0	0.0	0.0	0.0	0.0	0.0	0.0
GSM4138111_HNSCC_1_TIL_TTTCCTCTCTCGCTTG	0.0	0.0	0.0	511.1566830898313	0.0	0.0	23.610781389345025	0.0	0.0	284.0915513553241	0.0	0.0	0.0	0.0	0.0	0.0	0.0	0.0	0.0	0.0	0.0	0.0	0.0
GSM4138111_HNSCC_1_TIL_AAACCTGTCTTCGAGA	0.0	0.0	209.8651126327627	0.0	0.0	0.0	4.765394364572446	0.0	0.0	109.04433916673213	0.0	0.0	0.0	0.0	44.79419924836834	0.0	0.0	0.0	0.0	0.0	0.0	0.0	0.0
GSM4138111_HNSCC_1_TIL_ACACCCTTCACAGGCC	0.0	0.0	0.0	415.7776406782682	0.0	0.0	21.69906553714551	0.0	0.0	206.3247605358525	0.0	0.0	0.0	0.0	0.0	0.0	0.0	0.0	0.0	0.0	0.0	0.0	47.67688570169712
GSM4138111_HNSCC_1_TIL_ACGGCCAAGTGGAGTC	0.0	0.0	185.5451563619615	0.0	0.0	67.8467885095399	18.468722415914545	0.0	0.0	0.0	0.0	0.0	0.0	0.0	17.722935697563628	39.08747602422686	0.0	0.0	0.0	0.0	0.0	0.0	0.0
GSM4138111_HNSCC_1_TIL_ACGTCAAGTAACGCGA	0.0	0.0	12.465952115344548	0.0	0.0	72.53671852110956	4.340195148552152	0.0	0.0	0.0	0.0	0.0	0.0	0.0	29.91645151112487	40.91210659146486	0.0	0.0	73.50583922277038	118.02973732986	0.0	0.0	0.0
GSM4138111_HNSCC_1_TIL_ACTATCTGTCTCTCTG	0.0	90.76528092199328	191.1027360942	0.0	0.0	0.0	14.747608053633945	27.285711104213263	0.0	38.566797070954976	0.0	0.0	0.0	0.0	0.0	0.0	0.0	0.0	0.0	0.0	0.0	0.0	0.0
GSM4138111_HNSCC_1_TIL_ACTTACTAGCTAGTGG	0.0	0.0	0.0	22.420690346547243	0.0	0.0	11.610643926443728	0.0	0.0	0.0	117.05115268219176	0.0	0.0	0.0	134.48507241884067	0.0	0.0	0.0	0.0	0.0	0.0	0.0	0.0
GSM4138111_HNSCC_1_TIL_ACTTGTTAGCTGTTCA	0.0	0.0	306.5484218907925	0.0	56.638468638749885	0.0	0.2722737404782458	0.0	0.0	0.0	0.0	0.0	0.0	17.955921747211615	0.0	0.0	0.0	0.0	0.0	0.0	18.765992630576207	0.0	0.0
GSM4138111_HNSCC_1_TIL_ATAACGCTCGCGCCAA	0.0	0.0	148.227207809259	0.0	0.0	117.05364587876046	7.281367531326335	0.0	0.0	0.0	0.0	0.0	0.0	0.0	75.35389916586061	0.0	0.0	0.0	0.0	0.0	0.0	0.0	0.0
GSM4138111_HNSCC_1_TIL_ATCATCTGTACCGCTG	0.0	48.55752785361356	144.22237855301557	0.0	0.0	29.38307581377981	7.181802597809668	97.97025080950553	0.0	11.559930404812352	0.0	0.0	0.0	0.0	0.0	0.0	0.0	0.0	0.0	0.0	0.0	0.0	0.0
GSM4138111_HNSCC_1_TIL_ATTGGTGCACACCGCA	0.0	0.0	205.96749721757996	0.0	0.0	0.0	17.954604364212575	0.0	0.0	61.838457727039774	0.0	0.0	0.0	0.0	0.0	0.0	0.0	0.0	0.0	0.0	33.414010708363854	0.0	0.0
GSM4138111_HNSCC_1_TIL_CAAGAAAAGGCCCGTT	0.0	0.0	70.83585357256905	0.0	0.0	0.0	12.279371507754584	0.0	0.0	69.81182219229446	0.0	0.0	0.0	154.88100151312307	0.0	0.0	0.0	0.0	0.0	0.0	0.0	0.0	0.0
GSM4138111_HNSCC_1_TIL_CAGGTGCGTCATGCCG	0.0	107.37808406002483	148.46997121422743	0.0	0.0	0.0	55.560020406701284	130.58448587939154	0.0	84.46171349315335	0.0	0.0	0.0	30.887843358018348	0.0	0.0	0.0	0.0	55.888909534355726	0.0	0.0	0.0	0.0
GSM4138111_HNSCC_1_TIL_CGGACGTCACTCTGTC	0.0	0.0	158.5143029512645	0.0	0.0	0.0	13.667669222264896	0.0	0.0	78.09635320092359	0.0	0.0	0.0	33.87226067332458	0.0	0.0	0.0	0.0	0.0	0.0	0.0	0.0	0.0
GSM4138111_HNSCC_1_TIL_CGTCACTGTCCAGTGC	0.0	0.0	252.76183591224037	0.0	0.0	56.49256508435021	7.277773692865898	0.0	0.0	0.0	0.0	0.0	0.0	0.0	0.0	0.0	0.0	0.0	0.0	0.0	0.0	53.37860664668811	0.0
GSM4138111_HNSCC_1_TIL_CTAATGGTCTGCAGTA	0.0	158.5615784287306	0.0	0.0	0.0	0.0	29.87751136932075	267.6464801344942	0.0	0.0	47.449575509222065	0.0	0.0	0.0	0.0	0.0	0.0	0.0	201.19165805901144	0.0	0.0	0.0	0.0
GSM4138111_HNSCC_1_TIL_CTGAAACGTTCCCGAG	0.0	0.0	25.990122672059908	0.0	0.0	37.035070780949354	14.363109679398018	0.0	0.0	0.0	0.0	0.0	0.0	63.44609137413053	104.26151689133468	0.0	0.0	0.0	0.0	0.0	0.0	47.49878310804034	0.0
GSM4138111_HNSCC_1_TIL_CTGCTGTCATGTCGAT	0.0	0.0	0.0	125.37940647855098	0.0	120.29573196165904	6.980124302929978	0.0	0.0	0.0	0.0	0.0	0.0	0.0	41.73609016683593	0.0	0.0	2.631040714550361	20.273384534682357	0.0	0.0	0.0	0.0
GSM4138111_HNSCC_1_TIL_GACAGAGCAGCCAGAA	0.0	0.0	214.13325445956664	0.0	0.0	0.0	22.152292982911607	0.0	0.0	0.0	0.0	0.0	0.0	0.0	0.0	13.164630678370665	0.0	0.0	0.0	0.0	104.19970629142072	0.0	0.0
GSM4138111_HNSCC_1_TIL_GCGCCAAGTCATGCCG	0.0	0.0	0.0	381.0852771230635	0.0	106.4581354467396	26.377951813666314	0.0	0.0	90.84473664877083	0.0	0.0	0.0	0.0	0.0	0.0	0.0	0.0	0.0	0.0	0.0	0.0	0.0
GSM4138111_HNSCC_1_TIL_GCTGCAGAGCGCTCCA	0.0	0.0	58.88302012848997	0.0	0.0	0.0	16.167665219744155	69.35178580869625	0.0	94.8295039678404	0.0	0.0	0.0	0.0	76.11540385538879	0.0	0.0	0.0	0.0	0.0	0.0	0.0	0.0
GSM4138111_HNSCC_1_TIL_GGCTGGTAGGCCCTCA	0.0	0.0	57.72817415911338	0.0	0.0	119.49746666875956	15.135578631236584	0.0	0.0	0.0	0.0	0.0	0.0	0.0	15.916019208913612	93.73776258427631	0.0	0.0	0.0	0.0	0.0	0.0	0.0
GSM4138111_HNSCC_1_TIL_GTGTTAGCAAAGAATC	0.0	0.0	12.091582082611495	0.0	0.0	59.357322185044815	6.296494310825379	94.44174885312927	0.0	19.09195961066586	0.0	0.0	0.0	102.12036627765764	0.0	0.0	0.0	0.0	0.0	0.0	0.0	0.0	0.0
GSM4138111_HNSCC_1_TIL_TACTCGCGTTCCACTC	0.0	0.0	123.87829706139358	0.0	0.0	81.71128353993474	14.191221313320607	0.0	0.0	0.0	0.0	0.0	0.0	126.84787188063878	0.0	0.0	0.0	0.0	0.0	0.0	0.0	0.0	0.0
GSM4138111_HNSCC_1_TIL_TAGGCATGTAGCTGCC	0.0	0.0	82.40337860824947	4.1551335317995655	0.0	0.0	10.002478790101565	56.03279281441976	0.0	0.0	0.0	0.0	0.0	0.0	35.69362561171607	0.0	0.0	0.0	0.0	0.0	0.0	107.7080872104686	0.0
GSM4138111_HNSCC_1_TIL_TGAGCCGCAGTAACGG	0.0	0.0	161.91490561242506	0.0	0.0	0.0	14.539535360558661	0.0	0.0	98.85587397420544	0.0	0.0	0.0	0.0	56.80140895926986	0.0	0.0	0.0	0.0	0.0	0.0	0.0	0.0
GSM4138111_HNSCC_1_TIL_TGAGGGAGTCTTCTCG	0.0	0.0	180.12886971165744	0.0	0.0	0.0	11.348714003295333	11.1775417812905	0.0	57.05667460721578	0.0	0.0	0.0	0.0	0.0	0.0	16.522915127260273	0.0	0.0	0.0	0.0	0.0	0.0
GSM4138111_HNSCC_1_TIL_TGCCCATAGAGCTATA	0.0	60.231808715908805	0.0	366.77748101367513	29.443104751318895	105.57165055270721	6.328565483998278	0.0	0.0	0.0	0.0	0.0	0.0	0.0	0.0	0.0	0.0	0.0	0.0	0.0	0.0	0.0	0.0
GSM4138111_HNSCC_1_TIL_TGTATTCGTAAGGATT	0.0	0.0	128.3954317931505	0.0	0.0	0.0	13.122656245606688	0.0	0.0	74.3915394805849	0.0	0.0	0.0	43.91774864992544	0.0	66.65334825676207	0.0	0.0	0.0	0.0	17.603114478705695	0.0	0.0
GSM4138111_HNSCC_1_TIL_TTCGAAGAGACGCACA	0.0	0.0	210.1857953485828	0.0	0.0	0.0	13.429356909223795	0.0	0.0	101.53638375667605	0.0	0.0	0.0	30.61932500480296	0.0	0.0	0.0	0.0	0.0	0.0	0.0	0.0	0.0
GSM4138111_HNSCC_1_TIL_AGAGCTTAGTCTCAAC	0.0	79.96531200848632	0.0	0.0	0.0	0.0	0.0	0.0	0.0	0.0	0.0	145.255302167553	0.0	0.0	0.0	0.0	0.0	32.16605032386539	0.0	0.0	0.0	0.0	0.0
GSM4138111_HNSCC_1_TIL_AGCGTATTCAAAGACA	311.524691788223	69.68457894396371	0.0	0.0	69.24236294165847	0.0	23.362404148749302	0.0	0.0	0.0	0.0	0.0	0.0	0.0	0.0	0.0	0.0	0.0	0.0	0.0	0.0	0.0	0.0
GSM4138111_HNSCC_1_TIL_ATCCACCAGGTGTTAA	123.09941795371643	20.243473838597964	16.592264001908926	0.0	0.0	0.0	34.589912063377824	0.0	0.0	129.39992925308013	0.0	129.7092382508681	0.0	0.0	0.0	0.0	0.0	0.0	0.0	0.0	0.0	0.0	0.0
GSM4138111_HNSCC_1_TIL_CAACCAACACAGACTT	193.63959448226836	201.26158758217713	0.0	104.63961232978374	0.0	0.0	17.321543611913544	0.0	0.0	0.0	0.0	0.0	0.0	0.0	0.0	0.0	0.0	0.0	0.0	0.0	0.0	0.0	0.0
GSM4138111_HNSCC_1_TIL_CAACTAGTCGCGTTTC	0.0	0.0	0.0	0.0	258.3101621665831	0.0	25.02536865113814	0.0	0.0	0.0	3.777014001829882	0.0	464.89318021073194	0.0	0.0	0.0	0.0	0.0	0.0	0.0	0.0	0.0	0.0
GSM4138111_HNSCC_1_TIL_CAGCTGGCAATAGAGT	0.0	0.0	0.0	0.0	0.0	0.0	15.605594158939796	0.0	0.0	0.0	20.622629914458766	0.0	112.41035569271484	0.0	0.0	0.0	138.96614369100215	0.0	137.0643633800212	0.0	0.0	0.0	0.0
GSM4138111_HNSCC_1_TIL_CAGTCCTAGGCATGTG	0.0	0.0	0.0	221.91312289166765	0.0	0.0	8.053479773546204	0.0	0.0	213.02094134166705	0.0	0.0	0.0	0.0	0.0	0.0	0.0	0.0	0.0	0.0	0.0	0.0	0.0
GSM4138111_HNSCC_1_TIL_CCACTACAGCACAGGT	177.21777011910385	11.848936036752805	0.0	0.0	105.95815143223905	0.0	7.649941692971189	0.0	0.0	0.0	0.0	0.0	0.0	0.0	0.0	0.0	0.0	0.0	0.0	0.0	0.0	0.0	0.0
GSM4138111_HNSCC_1_TIL_CCACTACCATTAGCCA	0.0	109.8881089160947	186.85485055952248	0.0	0.0	0.0	8.248550680552263	19.072232038514716	0.0	0.0	0.0	0.0	0.0	0.0	0.0	0.0	0.0	0.0	0.0	0.0	0.0	0.0	0.0
GSM4138111_HNSCC_1_TIL_CCAGCGATCAATCACG	227.1063897085981	0.0	0.0	0.0	0.0	0.0	16.386015278192982	0.0	0.0	0.0	0.0	0.0	0.0	0.0	0.0	0.0	200.86600947454804	0.0	0.0	0.0	0.0	0.0	0.0
GSM4138111_HNSCC_1_TIL_CGGACGTTCTTGCAAG	0.0	104.61272148188017	0.0	246.6313509863873	0.0	0.0	39.45955873881305	0.0	0.0	0.0	28.637019821028783	0.0	0.0	0.0	0.0	0.0	43.190782987143095	0.013877226371582058	0.0	0.0	0.0	0.0	0.0
GSM4138111_HNSCC_1_TIL_CGTTAGACAACACCCG	174.35785902095597	98.73726099113323	0.0	0.0	0.0	0.0	15.678187369933037	0.0	0.0	0.0	0.0	0.0	0.0	0.0	0.0	0.0	0.0	0.0	0.0	0.0	0.0	0.0	0.0
GSM4138111_HNSCC_1_TIL_CTGCGGACAGTCAGCC	0.0	0.0	49.56889895938724	0.0	5.084075031529756	74.76960293993902	2.893561590244377	0.0	0.0	0.0	4.3791894221302	0.0	0.0	85.39097934764716	0.0	0.0	0.0	0.0	0.0	0.0	0.0	0.0	0.0
GSM4138111_HNSCC_1_TIL_GCAGCCAGTGATGCCC	165.25000887669776	63.55456331419237	29.7730110344334	0.0	50.07900657595515	0.0	7.602190408324594	0.0	0.0	0.0	0.0	0.0	0.0	0.0	0.0	0.0	0.0	0.0	0.0	0.0	0.0	0.0	0.0
GSM4138111_HNSCC_1_TIL_GGCTGGTGTGCCTGTG	220.15804779718152	0.0	0.0	0.0	99.17415804917593	0.0	11.26152261885241	0.0	0.0	0.0	0.0	0.0	0.0	0.0	0.0	0.0	0.0	0.0	0.0	0.0	0.0	0.0	0.0
GSM4138111_HNSCC_1_TIL_TGACGGCAGCGTCAAG	184.2208440749617	133.81249580608633	0.0	0.04003813091595413	0.0	0.0	32.94672330946306	46.510108047255066	0.0	0.0	0.0	30.67041180836459	0.0	0.0	0.0	0.0	0.0	0.0	0.0	0.0	0.0	0.0	0.0
GSM4138111_HNSCC_1_TIL_TGCGCAGAGCATGGCA	164.4051215095159	58.716603073867134	0.0	0.0	22.45517508069577	0.0	10.568860846122892	0.0	0.0	0.0	0.0	0.0	1.9473919629120453	0.0	0.0	0.0	0.0	0.0	0.0	0.0	6.600099895834396	0.0	0.0
GSM4138111_HNSCC_1_TIL_ACGGAGACAGGACGTA	0.0	0.0	0.0	196.87781258414995	0.0	0.0	8.96939859059253	0.0	0.0	0.0	0.0	0.0	0.0	0.0	0.0	0.0	0.0	0.0	0.0	0.0	142.26755350483003	0.0	0.0
GSM4138111_HNSCC_1_TIL_AGATCTGAGTCAAGCG	0.0	321.49801846493125	0.0	517.1788159376099	0.0	0.0	31.03785675920386	0.0	0.0	0.0	0.0	0.0	0.0	0.0	0.0	0.0	0.0	0.0	0.0	0.0	0.0	0.0	0.0
GSM4138111_HNSCC_1_TIL_ATAAGAGAGAGTCTGG	0.0	236.3143884831274	0.0	254.91443014193644	0.0	0.0	13.478505546943456	0.0	0.0	0.0	0.0	0.0	0.0	0.0	0.0	0.0	0.0	0.0	0.0	0.0	0.0	0.0	0.0
GSM4138111_HNSCC_1_TIL_GAACGGAAGGGATACC	0.0	188.15223897253358	0.0	360.15796604773095	0.0	0.0	0.0	0.0	0.0	51.56864053684037	0.0	0.0	0.0	0.0	0.0	0.0	0.0	13.139203698357921	0.0	0.0	0.0	0.0	0.0
GSM4138111_HNSCC_1_TIL_GACGCGTTCTAACTCT	0.0	0.0	0.0	236.0753915602806	201.22663162613637	0.0	6.4438465499426485	0.0	0.0	0.0	0.0	0.0	0.0	0.0	0.0	0.0	0.0	0.0	0.0	0.0	0.0	0.0	0.0
GSM4138111_HNSCC_1_TIL_GATGCTAGTAAATGTG	0.0	50.16232392327223	0.0	298.47841440408234	71.82339792920648	0.0	7.223438352325843	0.0	0.0	0.0	0.0	0.0	0.0	0.0	0.0	0.0	0.0	0.0	0.0	0.0	0.0	0.0	0.0
GSM4138111_HNSCC_1_TIL_GTGAAGGTCGTACCGG	291.9923993080045	23.421715954080177	257.52278041139516	0.0	0.0	0.0	29.659774383670317	0.0	0.0	236.9393488243835	0.0	16.285923946535174	0.0	0.0	0.0	0.0	0.0	0.0	0.0	0.0	0.0	0.0	0.0
GSM4138111_HNSCC_1_TIL_TGCTACCTCGGATGGA	0.0	0.0	0.0	250.34997435788623	163.88268304329154	0.0	15.099083824542403	0.0	0.0	0.0	0.0	0.0	0.0	0.0	0.0	0.0	0.0	0.0	0.0	0.0	0.0	0.0	0.0
GSM4138111_HNSCC_1_TIL_ACATACGAGTCATGCT	136.51560964948885	0.0	0.0	0.0	0.0	0.0	0.0	0.0	77.12205476363191	0.0	125.23482473436826	0.0	0.0	0.0	0.0	0.0	0.0	7.839207482950408	0.0	0.0	0.0	0.0	0.0
GSM4138111_HNSCC_1_TIL_CAACCTCGTTCAACCA	164.87931208073977	19.181091596670058	0.0	0.0	0.0	0.0	3.7228005717356756	0.0	0.0	0.0	50.987591374381985	0.0	0.0	0.0	0.0	0.0	0.0	0.0	0.0	0.0	0.0	0.0	0.0
GSM4138111_HNSCC_1_TIL_CAACTAGTCACCATAG	58.01049292025486	100.09880103117001	146.0851541366397	0.0	74.17050637961322	0.0	22.19736233132977	141.9719800405639	0.0	0.0	0.0	0.0	0.0	0.0	0.0	0.0	0.0	0.0	0.0	0.0	0.0	0.0	0.0
GSM4138111_HNSCC_1_TIL_CCAGCGAAGGGATACC	154.2825350383507	0.0	0.0	0.0	0.0	0.0	11.699371703971039	0.0	0.0	0.0	117.883046148861	0.0	53.998409859364735	0.0	0.0	0.0	0.0	0.0	0.0	0.0	0.0	0.0	0.0
GSM4138111_HNSCC_1_TIL_GAAATGAGTCTAGTCA	76.99866921254234	88.08326505251604	0.0	0.0	0.0	0.0	13.148294564000311	0.0	17.99083521646453	0.0	7.846901996147315	0.0	77.58165818183649	0.0	0.0	0.0	0.0	0.0	0.0	0.0	0.0	0.0	0.0
GSM4138111_HNSCC_1_TIL_GCAGTTACATAGAAAC	79.08019129371694	81.80544541826616	0.0	0.0	0.0	0.0	11.133369784308174	0.0	0.0	0.0	29.29378446659956	0.0	141.0572475001671	0.0	0.0	0.0	0.0	0.0	0.0	0.0	0.0	0.0	0.0
GSM4138111_HNSCC_1_TIL_GGTATTGCAGGAATGC	0.0	0.0	0.0	0.0	0.0	0.0	0.0	0.0	0.0	0.0	72.73856314430436	0.0	206.19539315228943	0.0	0.0	0.0	0.0	3.179410608913378	0.0	0.0	0.0	0.0	0.0
GSM4138111_HNSCC_1_TIL_GGTGTTACATTAGCCA	206.1487094639808	59.009386491462685	0.0	0.0	0.0	0.0	4.039331928036449	0.0	0.0	0.0	0.0	0.0	0.0	0.0	0.0	0.0	0.0	1.9403445217693214	0.0	0.0	0.0	0.0	0.0
GSM4138111_HNSCC_1_TIL_GTCTTCGAGCTAGTGG	201.56192606782798	0.0	0.0	0.0	64.35860300513465	0.0	13.873890630124201	0.0	0.0	0.0	0.0	0.0	0.0	0.0	0.0	0.0	0.0	0.0	0.0	0.0	0.0	0.0	0.0
GSM4138111_HNSCC_1_TIL_TTGCGTCCATCGGACC	228.74929181968014	0.0	0.0	0.0	0.0	0.0	16.51969515876051	0.0	0.0	0.0	106.63449039402724	0.0	0.0	0.0	0.0	0.0	0.0	0.0	0.0	0.0	0.0	0.0	0.0
GSM4138111_HNSCC_1_TIL_CACACCTGTACGCTGC	0.0	88.0551407021089	225.92544649147646	0.0	0.0	0.0	3.7998089549978102	0.0	0.0	0.0	0.0	0.0	0.0	0.0	0.0	0.0	0.0	0.0	0.0	0.0	0.0	0.0	0.0
GSM4138111_HNSCC_1_TIL_CAGAGAGCATAAAGGT	4.090975717654025	0.0	0.0	9.08126012720327	128.5648424103448	0.0	6.887737881896984	33.275078814750714	0.0	0.0	0.0	43.59690179743488	34.52112361466776	0.0	0.0	0.0	0.0	3.0311371303280175	0.0	83.45423197272996	0.0	0.0	0.0
GSM4138111_HNSCC_1_TIL_CCCTCCTCACTTAACG	0.0	39.59761447779183	126.1293407993065	0.0	0.0	0.0	45.65848305592612	34.0611521577443	0.0	0.0	81.82289760654157	0.0	0.0	0.0	0.0	18.33841743062272	0.0	0.0	0.0	0.0	0.0	0.0	0.0
GSM4138111_HNSCC_1_TIL_CCTAAAGGTGACGGTA	0.0	94.32717232616116	0.0	0.0	0.0	0.0	0.0	0.0	0.0	0.0	8.812779282141415	99.72005478225181	119.55423885615292	0.0	0.0	0.0	0.0	12.202257811882555	0.0	0.0	0.0	0.0	0.0
GSM4138111_HNSCC_1_TIL_CCTTCGATCTTTACAC	0.0	0.0	0.0	0.0	150.14566917802512	0.0	0.0	0.0	0.0	0.0	0.0	235.36057438197858	0.0	0.0	0.0	0.0	0.0	10.343308784501367	0.0	0.0	0.0	0.0	0.0
GSM4138111_HNSCC_1_TIL_GAGCAGAGTTCAGCGC	0.0	40.05654487676879	0.0	0.0	0.0	0.0	16.547386927673397	0.0	0.0	0.0	32.329688499524984	0.0	20.565437784628237	0.0	119.06598216143662	0.0	0.0	0.0	0.0	0.0	0.0	0.0	0.0
GSM4138111_HNSCC_1_TIL_GGTGCGTCAGCTGTAT	0.0	81.82799369654832	0.0	0.0	0.0	0.0	0.0	0.0	0.0	0.0	0.0	0.0	228.3472643222117	0.0	0.0	0.0	0.0	19.53278315008633	0.0	0.0	0.0	0.0	0.0
GSM4138111_HNSCC_1_TIL_TATTACCCATCCCATC	25.336223399485014	0.0	0.0	0.0	0.0	18.52006841335826	24.536061917778344	0.0	0.0	0.0	131.6435044615149	0.0	121.83063224910738	0.0	0.0	0.0	0.0	0.0	0.0	0.0	0.0	0.0	0.0
GSM4138111_HNSCC_1_TIL_TGAGAGGAGCCGCCTA	226.06742244121332	52.66592002783597	0.0	0.0	0.0	40.01685295879694	0.0	0.0	0.0	0.0	0.0	0.0	0.0	0.0	0.0	0.0	0.0	12.287000392607121	0.0	0.0	0.0	0.0	0.0
GSM4138111_HNSCC_1_TIL_AGTTGGTAGTACGTTC	0.0	90.67066638859443	41.52802749298474	1.0747682494278068	0.0	0.0	2.5920439614391824	104.26736585818314	0.0	0.0	0.0	0.0	0.0	0.0	0.0	0.0	0.0	0.0	0.0	0.0	0.0	0.0	0.0
GSM4138111_HNSCC_1_TIL_CCCAGTTTCAGTACGT	0.0	0.0	0.0	242.7864078902524	161.57617349203215	0.0	11.989416647501395	0.0	0.0	0.0	0.0	0.0	0.0	0.0	0.0	0.0	0.0	0.0	0.0	0.0	0.0	0.0	0.0
GSM4138111_HNSCC_1_TIL_CCTAAAGCAAGGACTG	0.0	0.0	161.03425447288348	0.0	0.0	96.80056671463713	7.318612077044045	0.0	0.0	0.0	0.0	0.0	0.0	0.0	0.0	0.0	0.0	0.0	0.0	0.0	0.0	0.0	0.0
GSM4138111_HNSCC_1_TIL_GACGCGTTCAAACCGT	0.0	81.52716179709924	163.53303536925648	0.0	23.982534708824115	0.0	7.279910097956872	34.510230271507666	0.0	0.0	0.0	9.180879288084256	0.0	0.0	0.0	0.0	0.0	0.0	0.0	0.0	0.0	0.0	0.0
GSM4138111_HNSCC_1_TIL_GGATGTTGTGGCTCCA	0.0	0.0	199.37927959780777	0.0	0.0	0.0	7.449561444590559	0.0	0.0	70.8546400165207	0.0	0.0	0.0	6.0227519633220865	0.0	0.0	0.0	0.0	0.0	0.0	0.0	0.0	0.0
GSM4138111_HNSCC_1_TIL_ACTGATGGTGCTAGCC	0.0	0.0	54.76499109436167	0.0	0.0	110.56425817273848	25.197800605167938	3.275774773277344	0.0	0.0	0.0	0.0	0.0	0.0	0.0	27.936596746935326	0.0	0.0	159.6769649924449	2.864347085142508	0.0	0.0	0.0
GSM4138111_HNSCC_1_TIL_CCTACCACATCGGGTC	0.0	92.99278716455662	164.58489761770494	0.0	0.6185625106796004	0.0	13.00115554340856	0.0	0.0	0.0	0.0	0.0	0.0	0.0	0.0	0.0	0.0	0.0	67.05984750317467	0.0	0.0	0.0	0.0
GSM4138111_HNSCC_1_TIL_CTCACACAGTTGTCGT	0.0	0.0	208.2715355146195	0.0	0.0	0.0	16.06852062794928	122.26924716051327	0.0	97.54339677189793	0.0	0.0	0.0	0.0	0.0	0.0	0.0	0.0	0.0	0.0	0.0	0.0	0.0
GSM4138111_HNSCC_1_TIL_TACTTGTTCCGCATCT	0.0	0.0	0.0	350.48470635469056	0.0	0.0	8.801857979381346	0.0	0.0	161.93383538890885	0.0	0.0	0.0	0.0	0.0	0.0	48.900118027511	0.0	0.0	0.0	0.0	0.0	0.0
GSM4138111_HNSCC_1_TIL_TGGCGCACATTATCTC	0.0	0.0	95.08817111561468	0.0	0.0	15.367959270758522	14.71411272176819	5.69275280663402	0.0	0.0	0.0	0.0	0.0	72.5264926809505	8.912804891249944	0.0	0.0	0.0	0.0	0.0	0.0	47.15432995031729	0.0
GSM4138111_HNSCC_1_TIL_AGAATAGTCTCCAACC	148.06625956175432	57.52915158315191	0.0	0.0	3.11546711386948	0.0	2.567399974647497	0.0	0.0	0.0	0.0	12.981907141981557	0.0	0.0	0.0	0.0	0.0	7.51684990308788	0.0	0.0	0.0	0.0	0.0
GSM4138111_HNSCC_1_TIL_AGCTCTCTCTAACTCT	0.0	103.9888491740649	0.0	0.0	0.0	0.0	0.0	0.0	488.4793513281971	0.0	0.0	0.0	0.0	0.0	0.0	0.0	0.0	19.56474317510804	0.0	0.0	0.0	0.0	0.0
GSM4138111_HNSCC_1_TIL_CACACAATCCCAAGAT	126.87019797396813	80.54948672870297	203.74215175745832	0.0	0.0	0.0	11.888305407286886	0.0	0.0	0.0	0.0	0.0	0.0	0.0	0.0	0.0	0.0	0.0	0.0	0.0	0.0	0.0	0.0
GSM4138111_HNSCC_1_TIL_CCTAAAGTCTAACCGA	0.0	18.32298363677538	0.0	0.0	0.0	0.0	0.0	0.0	129.97677557955126	0.0	59.198435366163196	0.0	0.0	0.0	0.0	0.0	0.0	9.298011563611292	0.0	0.0	0.0	0.0	0.0
GSM4138111_HNSCC_1_TIL_TCAACGAAGCGTAATA	225.21543984581803	0.0	0.0	0.0	0.0	0.0	0.0	0.0	0.0	0.0	157.31593370661574	0.0	0.0	0.0	0.0	0.0	0.0	2.5823242219589195	0.0	0.0	0.0	0.0	0.0
GSM4138111_HNSCC_1_TIL_TCGGTAACATTACGAC	80.95627569793865	119.13583369607966	0.0	0.0	0.0	0.0	0.0	0.0	0.0	0.0	0.0	31.849555589980575	0.0	0.0	0.0	0.0	0.0	15.335000917341313	0.0	0.0	0.0	0.0	0.0
GSM4138111_HNSCC_1_TIL_AACTCCCAGATGAGAG	71.24206886840955	0.0	39.54866667474921	0.0	0.0	0.0	0.0	0.0	0.0	117.5929155250582	0.0	0.0	0.0	0.0	0.0	0.0	0.0	15.639761562692328	94.72041180799366	0.0	0.0	0.0	0.0
GSM4138111_HNSCC_1_TIL_CACACAACAATTCCTT	0.0	106.41013702561132	0.0	0.0	0.0	0.0	0.0	0.0	210.7873332502662	0.0	0.0	0.0	0.0	0.0	0.0	0.0	0.0	6.379228212770817	0.0	0.0	0.0	0.0	0.0
GSM4138111_HNSCC_1_TIL_CATGCCTCAGAGTGTG	190.38513223352638	32.4851509710423	0.0	0.0	60.218544069775604	35.66526501679922	17.760281537811824	0.0	0.0	0.0	0.0	17.303059072754355	0.0	0.0	0.0	0.0	0.0	7.212859740716209	0.0	0.0	0.0	0.0	0.0
GSM4138111_HNSCC_1_TIL_GACCTGGTCAATAAGG	69.25234423777052	53.18108595799718	118.93752773597342	0.0	0.0	59.23876849327567	16.456043582764057	0.0	0.0	0.0	0.0	20.881952921832916	0.0	0.0	0.0	0.0	0.0	0.0	0.0	0.0	0.0	0.0	0.0
GSM4138111_HNSCC_1_TIL_ACCGTAAAGAGGGATA	210.54116235258238	104.8694260048522	0.0	0.0	39.2129452008883	0.0	25.650401040403622	0.0	0.0	0.0	0.0	0.0	0.0	0.0	0.0	0.0	0.0	8.511437566586617	0.0	0.0	0.0	0.0	0.0
GSM4138111_HNSCC_1_TIL_ACGTCAAGTAGTACCT	0.0	0.0	0.0	446.34081614523535	292.0641049808061	0.0	35.24251914971083	0.0	0.0	0.0	0.0	0.0	0.0	0.0	0.0	0.0	0.0	0.0	0.0	0.0	0.0	0.0	0.0
GSM4138111_HNSCC_1_TIL_ACTGAACGTCTGGTCG	162.9417231948175	227.7834573947608	0.0	0.0	0.0	0.0	0.0	0.0	0.0	0.0	0.0	150.34979964561884	0.0	0.0	0.0	0.0	0.0	38.185979511360195	0.0	0.0	0.0	0.0	0.0
GSM4138111_HNSCC_1_TIL_AGGTCATGTCGCTTTC	241.31045540850755	0.0	0.0	0.0	0.0	0.0	0.0	0.0	0.0	0.0	161.0093540869077	0.0	0.0	0.0	0.0	0.0	0.0	20.767755151537678	0.0	0.0	0.0	0.0	0.0
GSM4138111_HNSCC_1_TIL_CCTCTGACACTTCTGC	97.05362245816515	97.6090704837858	0.0	0.0	0.0	27.084618594703755	33.9104657719092	0.0	0.0	0.0	0.0	163.85213042359914	0.0	0.0	0.0	0.0	0.0	0.0	0.0	0.0	0.0	0.0	0.0
GSM4138111_HNSCC_1_TIL_CTGCGGAGTTTAGCTG	180.68227993297575	0.0	0.0	0.0	0.0	49.281553817159164	23.28446267010116	0.0	0.0	0.0	0.0	0.0	0.0	0.0	0.0	0.0	0.0	0.0	0.0	0.0	87.24118546980966	0.0	0.0
GSM4138111_HNSCC_1_TIL_GAAACTCAGCTTTGGT	38.993744836438	0.0	0.0	0.0	0.0	0.0	0.0	0.0	59.04822474792594	0.0	89.05738067620632	12.413323743912088	8.151781836371388	0.0	0.0	0.0	0.0	10.424858261514915	0.0	0.0	0.0	0.0	0.0
GSM4138111_HNSCC_1_TIL_GAAGCAGAGAAGATTC	0.0	0.0	166.05320139885285	0.0	117.8355900868448	0.0	13.89754440101116	0.0	0.0	0.0	4.316781003248664	0.0	0.0	0.0	0.0	0.0	0.0	0.0	0.0	0.0	0.0	0.0	0.0
GSM4138111_HNSCC_1_TIL_GATCGCGTCTGGTTCC	0.0	184.23511539734943	0.0	562.9805946640124	115.13480276206353	0.0	74.6506913605296	0.0	0.0	0.0	0.0	0.0	0.0	0.0	0.0	0.0	0.0	0.0	0.0	0.0	0.0	0.0	0.0
GSM4138111_HNSCC_1_TIL_GCAGCCATCACTATTC	0.0	0.0	199.35580629430083	0.0	0.0	137.00537257919447	35.841423231757176	0.0	0.0	0.0	0.0	0.0	0.0	0.0	17.18276024292447	0.0	0.0	0.0	0.0	0.0	0.0	0.0	0.0
GSM4138111_HNSCC_1_TIL_GGGCATCGTAGATTAG	0.0	0.0	0.0	0.0	24.433744814342433	59.104346915945236	24.09577208029199	0.0	0.0	158.48560393823846	0.0	0.0	0.0	315.8347945394092	0.0	0.0	0.0	0.0	0.0	0.0	0.0	0.0	0.0
GSM4138111_HNSCC_1_TIL_GTGCTTCTCGCCAGCA	140.26613791114585	0.0	0.0	0.0	77.5207483784304	29.693957841277257	0.0	0.0	0.0	0.0	0.0	0.0	0.0	0.0	0.0	0.0	0.0	25.32727971452631	0.0	0.0	0.0	0.0	0.0
GSM4138111_HNSCC_1_TIL_TCGTAGAAGATAGCAT	6.984304914383801	0.0	111.4141235816175	0.0	95.91748374278617	0.0	28.8651300010851	59.14159544809291	0.0	0.0	0.0	0.0	2.8607657036093106	25.81172048200116	0.0	0.0	0.0	0.0	0.0	0.0	0.0	0.0	0.0
GSM4138111_HNSCC_1_TIL_TGAAAGAGTGTTCTTT	0.0	410.63827064214075	0.0	606.5866027464855	0.0	0.0	46.40322334015072	119.10388474654239	0.0	0.0	0.0	0.0	0.0	0.0	0.0	0.0	0.0	0.0	0.0	0.0	0.0	0.0	43.52441750236843
GSM4138111_HNSCC_1_TIL_TGAGCATTCCAATGGT	0.0	0.0	0.0	0.0	0.0	145.0628986751857	48.56543690455392	0.0	0.0	0.0	0.0	0.0	0.0	0.0	0.0	0.0	0.0	0.0	106.42755492824723	39.63826409275708	0.0	0.0	0.0
GSM4138111_HNSCC_1_TIL_TTGACTTGTGGTTTCA	231.05048467446719	0.0	0.0	0.0	41.33608062681926	114.7200199278694	0.0	0.0	1.5774843719268241	0.0	0.0	0.0	0.0	0.0	0.0	0.0	0.0	15.356396083929882	0.0	0.0	0.0	0.0	0.0
GSM4138111_HNSCC_1_TIL_TTGGCAACAAACCTAC	0.0	0.0	0.0	520.1363180812197	350.15470369535274	0.0	49.20571075493352	0.0	0.0	0.0	0.0	0.0	0.0	0.0	0.0	0.0	0.0	0.0	0.0	0.0	0.0	0.0	0.0
GSM4138111_HNSCC_1_TIL_AACACGTAGGAGTCTG	192.37696030378623	0.0	0.0	0.0	0.0	0.0	84.24266787630148	78.20937864680293	0.0	0.0	0.0	0.0	0.0	0.0	0.0	0.0	121.27613584278434	0.0	0.0	0.0	0.0	0.0	0.0
GSM4138111_HNSCC_1_TIL_ACGCCGACATGCGCAC	0.0	0.0	125.80239259588701	0.0	0.0	0.0	68.00836447061229	0.0	0.0	64.91524118642258	0.0	50.66714557027349	0.0	0.0	0.0	0.0	0.0	0.0	0.0	0.0	0.0	0.0	0.0
GSM4138111_HNSCC_1_TIL_ACGGAGACAGGGTACA	0.0	0.0	124.72567417222218	0.0	0.0	0.0	0.0	0.0	0.0	0.0	0.0	0.0	0.0	0.0	120.5076729159239	0.0	118.02394013688789	83.71618966937653	0.0	0.0	0.0	0.0	0.0
GSM4138111_HNSCC_1_TIL_ACGGGCTCAGGAATGC	138.311013365948	263.766107738187	0.0	0.0	0.0	0.0	65.11524459318991	110.41624065849427	0.0	0.0	0.0	12.804226101765552	98.6250354880445	0.0	0.0	0.0	0.0	0.0	0.0	0.0	0.0	0.0	0.0
GSM4138111_HNSCC_1_TIL_ACGTCAAAGAGCTGCA	0.0	0.0	0.0	0.0	0.0	135.90946812482127	77.82127040376406	0.0	108.87408545745133	0.0	0.0	0.0	0.0	0.0	202.80630482841522	0.0	0.0	0.0	0.0	0.0	0.0	0.0	0.0
GSM4138111_HNSCC_1_TIL_ACTATCTAGAGTACAT	0.0	180.67006038706842	132.1712627801745	0.0	0.0	0.0	95.08012356504996	0.0	0.0	0.0	0.0	146.59087950855795	0.0	0.0	0.0	0.0	0.0	0.0	0.0	0.0	0.0	0.0	0.0
GSM4138111_HNSCC_1_TIL_ACTGAGTCACCCAGTG	0.0	0.0	185.72000661033294	40.07948486444801	0.0	0.0	59.54431166384144	0.0	0.0	0.0	0.0	0.0	0.0	0.0	0.0	1.5100960326592532	72.38503704881373	0.0	0.0	0.0	20.769697876390325	40.5819013756576	0.0
GSM4138111_HNSCC_1_TIL_ACTTGTTCAATCCGAT	12.168178597112151	0.0	63.93027558882611	0.0	196.3920631599488	0.0	0.0	0.0	0.0	0.0	0.0	0.0	89.8799106503091	0.0	54.06790311686842	0.0	0.0	78.8846169144537	0.0	0.0	0.0	0.0	0.0
GSM4138111_HNSCC_1_TIL_AGATCTGCACTCAGGC	225.34032447752173	0.0	0.0	0.0	0.0	5.3030295534368665	0.0	0.0	0.0	0.0	0.0	0.0	0.0	0.0	0.0	0.0	21.36069567561591	80.84004260970025	0.0	0.0	75.17190887096673	0.0	0.0
GSM4138111_HNSCC_1_TIL_AGCAGCCCACATTAGC	85.33630484326162	0.0	69.07185780791153	0.0	0.0	0.0	47.82384599909866	0.0	0.0	96.96478533391964	0.0	0.0	23.80021452167866	0.0	0.0	0.0	0.0	0.0	0.0	0.0	0.0	0.0	0.0
GSM4138111_HNSCC_1_TIL_AGCTCCTTCACCTCGT	163.4976899209066	0.0	115.62943500084738	0.0	0.0	0.0	50.92205578341409	0.0	0.0	0.0	0.0	0.0	0.0	0.0	0.0	0.0	0.0	13.889809522974028	0.0	0.0	196.71113704444463	0.0	0.0
GSM4138111_HNSCC_1_TIL_AGGCCACGTCCTCTTG	384.49550250416047	0.0	0.0	0.0	0.0	14.650745780062861	76.18515518026943	0.0	0.0	47.93766666903027	0.0	0.0	0.0	0.0	0.0	0.0	0.0	0.0	0.0	0.0	75.0314862966472	0.0	0.0
GSM4138111_HNSCC_1_TIL_AGGCCGTGTTTGACAC	0.0	0.0	186.50502605009623	0.0	0.0	0.0	83.96690924399171	36.69257672560332	0.0	0.0	0.0	0.0	0.0	0.0	0.0	0.0	0.0	0.0	0.0	0.0	0.0	124.438576769862	0.0
GSM4138111_HNSCC_1_TIL_AGTAGTCCAGTTTACG	0.0	0.0	86.3247629187347	0.0	0.0	173.52998996927153	31.021066019137972	110.83901143454807	0.0	0.0	0.0	0.0	0.0	0.0	0.0	0.0	0.0	45.28275763977052	0.0	0.0	0.0	0.0	0.0
GSM4138111_HNSCC_1_TIL_AGTGGGAGTGTCCTCT	0.0	107.7511800584906	39.61000536167674	0.0	0.0	0.0	49.578822880322555	0.0	0.0	22.1382364119978	0.0	0.0	0.0	0.0	0.0	64.93777064399242	0.0	0.0	0.0	174.23384142810613	0.0	0.0	0.0
GSM4138111_HNSCC_1_TIL_ATCACGACAAGGACTG	17.44273360375842	0.0	0.0	0.0	0.0	28.150541445111614	34.793015777814205	66.84686598339111	0.0	17.485131826194458	0.0	0.0	0.0	172.88626536118295	0.0	0.0	0.0	1.7707008596238032	0.0	0.0	28.221342797716556	0.0	5.2503236541853395
GSM4138111_HNSCC_1_TIL_ATGCGATAGAATTCCC	0.0	124.32811685446309	0.0	0.0	0.0	0.0	77.8404571526206	0.0	0.0	0.0	0.0	0.0	0.0	249.76542019359962	0.0	0.0	0.0	0.0	0.0	0.0	0.0	0.0	0.0
GSM4138111_HNSCC_1_TIL_ATGCGATGTAGCTGCC	0.0	0.0	234.19328091185497	0.0	0.0	0.0	73.59841178425035	0.0	0.0	110.00787161179085	0.0	0.0	0.0	0.0	0.0	0.0	0.0	0.0	0.0	0.0	0.0	0.0	0.0
GSM4138111_HNSCC_1_TIL_ATTATCCAGTGTTAGA	0.0	0.0	154.98456800387288	0.0	0.0	0.0	83.70850123286459	0.0	0.0	0.0	0.0	0.0	0.0	0.0	0.0	85.84824532848042	0.0	0.0	0.0	0.0	170.07983140815318	0.0	0.0
GSM4138111_HNSCC_1_TIL_ATTCTACGTCGAATCT	221.84256303765613	132.2213153692618	99.0602611694023	0.0	0.6300786520978151	0.0	94.34464074724757	0.0	0.0	0.0	0.0	0.0	0.0	0.0	0.0	0.0	0.0	0.0	0.0	0.0	0.0	0.0	0.0
GSM4138111_HNSCC_1_TIL_ATTGGACAGCAATCTC	9.3181267894162	0.0	190.28484837257437	0.0	0.0	0.0	53.740017966604476	0.0	0.0	144.26362149179803	0.0	5.391031868923692	0.0	0.0	0.0	0.0	0.0	22.472457999739365	0.0	0.0	0.0	0.0	0.0
GSM4138111_HNSCC_1_TIL_CACATTTGTTGTTTGG	0.0	330.55196977841734	0.0	514.7677804174648	0.0	0.0	13.327297360090693	0.0	0.0	0.0	0.0	0.0	0.0	0.0	0.0	0.0	0.0	60.77264414820403	0.0	0.0	0.0	0.0	0.0
GSM4138111_HNSCC_1_TIL_CCCAGTTTCTCGTTTA	0.0	0.0	0.0	0.0	0.0	0.0	82.76844338249381	0.0	0.0	0.0	0.0	0.0	0.0	0.0	0.0	405.8876898860383	199.6641647653519	0.0	0.0	0.0	0.0	0.0	0.0
GSM4138111_HNSCC_1_TIL_CCCATACAGACGCAAC	114.8629223908194	76.93200716121461	0.0	0.0	0.0	0.0	25.804171821037958	13.910319186815933	0.0	0.0	0.0	0.0	0.0	0.0	0.0	0.0	95.38137517596864	0.0	0.0	0.0	0.0	0.0	0.0
GSM4138111_HNSCC_1_TIL_CCGTGGAAGGCATTGG	0.0	159.09477073850695	191.232218666046	0.0	0.0	0.0	122.50493187781619	152.43514601171333	0.0	48.83952193719365	0.0	0.0	0.0	0.0	0.0	0.0	0.0	0.0	0.0	0.0	0.0	0.0	0.0
GSM4138111_HNSCC_1_TIL_CCGTGGAAGTAACCCT	0.0	44.87026268310925	237.19010356074492	0.0	0.0	0.0	93.14221764740275	0.0	0.0	27.68672590590468	0.0	0.0	0.0	20.562958531348656	0.0	0.0	0.0	0.0	0.0	0.0	8.429322533384028	0.0	13.229653096116987
GSM4138111_HNSCC_1_TIL_CCTAAAGTCTCCCTGA	9.649092042155141	5.446102698999155	232.7419160116435	0.0	28.071604246305935	104.17434726404426	87.88301309184848	0.0	0.0	0.0	0.0	0.0	0.0	35.39044844157981	2.7475418142002956	0.0	0.0	0.0	0.0	0.0	0.0	0.0	0.0
GSM4138111_HNSCC_1_TIL_CCTTACGAGTGGCACA	271.42646124063253	0.0	0.0	0.0	0.0	0.0	69.17646401587298	0.0	0.0	0.0	0.0	0.0	0.0	0.0	0.0	0.0	121.99745284760165	4.668984537192934	0.0	0.0	0.0	0.0	0.0
GSM4138111_HNSCC_1_TIL_CGCTGGATCCTCAACC	45.37586298486604	0.0	0.0	0.0	0.0	0.0	57.9942571779674	0.0	0.0	0.0	0.0	0.0	179.10771862293996	0.0	0.0	0.0	141.41577342700302	0.0	0.0	0.0	0.0	0.0	0.0
GSM4138111_HNSCC_1_TIL_CGGAGTCCATCCGCGA	0.0	0.0	102.29660279537299	0.0	0.0	111.82161158162735	0.0	6.584943666963394	0.0	0.0	0.0	0.0	0.0	0.0	0.0	59.19744406606789	0.0	50.013492085377706	0.0	13.229135522527901	0.0	0.0	0.0
GSM4138111_HNSCC_1_TIL_CGTCACTTCCCATTTA	0.0	0.0	0.0	0.0	0.0	14.109549038302337	52.27674871203207	0.0	0.0	22.3541721479952	0.0	0.0	0.0	0.0	129.95531575534218	0.0	83.95822623996783	0.0	0.0	0.0	0.0	0.0	0.0
GSM4138111_HNSCC_1_TIL_CTCGTCATCGATGAGG	0.0	0.0	42.699566786678346	0.0	0.0	0.0	77.96239212027984	0.0	0.0	0.0	0.0	0.0	0.0	0.0	251.66147201941502	0.0	0.0	21.11491480569845	0.0	0.0	0.0	187.76085845273022	0.0
GSM4138111_HNSCC_1_TIL_CTGATCCAGCTGAACG	0.0	0.0	0.0	375.0930288675748	8.267985049638435	0.0	72.01088528306833	0.0	0.0	0.0	160.3677016413808	0.0	0.0	0.0	0.0	0.0	0.0	0.0	0.0	0.0	0.0	0.0	60.773321381190634
GSM4138111_HNSCC_1_TIL_CTTAACTCATGGTCAT	0.0	0.0	0.0	0.0	0.0	16.509712060154758	85.11318519891168	0.0	0.0	145.31601734217762	0.0	0.0	0.0	0.0	0.0	352.8128930735361	0.0	0.0	0.0	0.0	0.0	0.0	0.0
GSM4138111_HNSCC_1_TIL_CTTACCGTCACAGTAC	20.136395678732892	0.0	195.9695793540276	0.0	0.0	0.0	18.492783081252323	2.948296473407516	0.0	0.0	18.22536871826128	0.0	0.0	0.0	0.0	0.0	124.63638928052151	73.07739778102444	0.0	0.0	0.0	0.0	0.0
GSM4138111_HNSCC_1_TIL_GAACGGATCTGAGTGT	0.0	0.0	0.0	0.0	0.0	0.0	107.55318720518538	0.0	0.0	0.0	0.0	0.0	0.0	0.0	190.99163078915163	0.0	0.0	0.0	0.0	0.0	121.09426599221472	0.0	0.0
GSM4138111_HNSCC_1_TIL_GACCAATCAAAGCGGT	21.112004713295235	50.50296319194934	213.04375474556429	22.389748877663937	93.24118392121333	0.0	29.991748635353776	35.25595860388548	0.0	0.0	0.0	0.0	0.0	0.0	0.0	0.0	0.0	63.15457909376613	0.0	0.0	0.0	0.0	0.0
GSM4138111_HNSCC_1_TIL_GATCTAGGTCAAACTC	0.0	0.0	0.0	0.0	0.0	212.11086012351558	77.65878314383406	0.0	0.0	0.0	0.0	0.0	0.0	0.0	0.0	0.0	0.0	0.0	198.6657051530525	0.0	0.0	0.0	0.0
GSM4138111_HNSCC_1_TIL_GCAATCATCTCTAGGA	51.18497634491417	0.0	210.6141362216286	0.0	0.0	182.52639457401747	62.708435817625414	0.0	0.0	0.0	0.0	0.0	0.0	0.0	0.0	0.0	0.0	0.0	0.0	0.0	0.0	0.0	0.0
GSM4138111_HNSCC_1_TIL_GCAGCCACAAGTCTGT	145.05052493142512	82.13565128925626	188.44496943651674	0.0	0.0	81.43506488789578	138.26414804461788	0.0	0.0	0.0	0.0	0.0	0.0	0.0	0.0	0.0	0.0	0.0	0.0	0.0	0.0	0.0	0.0
GSM4138111_HNSCC_1_TIL_GCAGTTATCTTCGAGA	0.0	0.0	0.0	406.5698998586852	238.45226649307884	0.0	71.57722664154198	0.0	0.0	0.0	0.0	0.0	0.0	0.0	0.0	0.0	0.0	0.0	0.0	0.0	0.0	0.0	0.0
GSM4138111_HNSCC_1_TIL_GCCTCTAAGCTAACTC	138.6596452815237	1.0473919659683477	50.79934699301648	0.0	0.0	101.88570111276316	0.0	63.9577028281332	0.0	0.0	0.0	0.0	0.0	0.0	0.0	0.0	0.0	79.02823903608966	0.0	0.0	0.0	0.0	0.0
GSM4138111_HNSCC_1_TIL_GCGCCAAGTACAGTTC	0.0	109.48808124321272	0.0	0.0	0.0	42.67737731514601	1.5110229521995187	40.339845244200255	0.0	0.0	0.0	0.0	0.0	0.0	214.14129001411158	0.0	0.0	106.39724400357629	0.0	0.0	0.0	0.0	0.0
GSM4138111_HNSCC_1_TIL_GCTCTGTTCAACTCTT	27.932954126235263	0.0	138.46475353116543	0.0	0.0	0.0	85.52600888039271	0.0	0.0	159.05488751729104	0.0	0.0	0.0	0.0	0.0	104.18345710210352	0.0	0.0	0.009455220877722726	7.908997118401409	0.0	0.0	0.0
GSM4138111_HNSCC_1_TIL_GCTGCGATCTCGAGTA	286.1586763905497	191.26196721361885	75.62663419197497	0.0	0.0	0.0	78.46414905322015	0.0	0.0	0.0	0.0	0.0	0.0	0.0	0.0	0.0	0.0	11.21596347531395	0.0	0.0	0.0	0.0	0.0
GSM4138111_HNSCC_1_TIL_GCTTGAAGTGACCAAG	0.0	78.36014420245509	90.56851842513346	0.0	0.0	0.0	69.89883503063308	0.0	0.0	0.0	0.0	0.0	129.27593573774612	0.0	0.0	0.0	61.19243241537773	0.0	0.0	0.0	0.0	0.0	0.0
GSM4138111_HNSCC_1_TIL_GGAATAACATCGACGC	12.397030957528283	0.0	229.35601099578045	0.0	0.0	0.0	82.00034126613392	0.0	0.0	169.46349454264455	0.0	0.0	38.94369106182296	0.0	0.0	0.0	0.0	0.0	41.79368085582207	0.0	0.0	0.0	0.0
GSM4138111_HNSCC_1_TIL_GGACGTCTCCGTTGCT	0.0	91.89475512629397	134.70870169571256	0.0	0.0	0.0	72.80104127342737	0.0	0.0	89.45189191554672	0.0	161.7405792266334	0.0	0.0	0.0	0.0	0.0	19.55529802615401	0.0	0.0	0.0	0.0	0.0
GSM4138111_HNSCC_1_TIL_GGAGCAATCCGTAGGC	0.0	137.83306982347264	40.82147628599999	0.0	0.0	0.0	93.50425857345377	0.0	0.0	0.0	0.0	0.0	0.0	0.0	0.0	169.86980894681008	0.0	0.0	0.0	0.0	0.0	0.0	0.0
GSM4138111_HNSCC_1_TIL_GGCTGGTCACCAGCAC	0.0	0.0	25.615631516786667	205.61056353996102	19.56517864419541	113.12782938329919	71.6473262439429	0.0	0.0	0.0	0.0	0.0	0.0	0.0	0.0	0.0	0.0	0.0	0.0	0.0	0.0	0.0	0.0
GSM4138111_HNSCC_1_TIL_GGGAGATAGGGTTCCC	0.0	0.0	0.0	0.0	0.0	0.0	1241.4909244011794	0.0	0.0	0.0	0.0	0.0	0.0	0.0	0.0	0.0	0.0	94.86678661619189	0.0	0.0	0.0	0.0	0.0
GSM4138111_HNSCC_1_TIL_GGGTTGCCAGCCAATT	0.0	0.0	60.71659901190715	0.0	115.91357300428963	0.0	0.0	0.0	0.0	0.0	0.0	0.0	0.0	0.0	0.0	116.77784359458725	0.0	48.19764180404031	0.0	0.0	14.640078283483408	0.0	0.0
GSM4138111_HNSCC_1_TIL_GTAGTCACATCACGAT	263.19724547169807	0.0	0.0	0.0	0.0	70.96866937523501	63.5477704698359	0.0	0.0	0.0	0.0	0.0	0.0	0.0	0.0	0.0	1.6238094956478766	0.0	0.0	0.0	0.0	47.98173367480122	0.0
GSM4138111_HNSCC_1_TIL_GTATTCTCAACTGCTA	0.0	90.30928862328548	0.0	0.0	0.0	37.249441604395436	0.0	0.0	122.46762150770037	0.0	0.0	154.24809381770547	0.0	0.0	0.0	0.0	0.0	65.43442941250436	0.0	0.0	0.0	0.0	0.0
GSM4138111_HNSCC_1_TIL_GTCACGGGTCTTGTCC	0.0	0.0	223.87907315197666	0.0	0.0	0.0	84.24694652592954	0.0	31.13266745324213	0.0	0.0	2.941080888142393	1.9821823618910794	0.0	0.0	0.0	107.77907423419406	0.0	0.0	0.0	0.0	0.0	0.0
GSM4138111_HNSCC_1_TIL_GTCCTCATCCCTCAGT	0.0	366.17189868085194	354.27940235260934	285.1266506521546	0.0	0.0	86.75642741446322	21.51023198754271	0.0	0.0	0.0	0.0	0.0	11.523492146458816	0.0	0.0	0.0	6.174559092338539	0.0	0.0	0.0	0.0	0.0
GSM4138111_HNSCC_1_TIL_GTGCATACATCACAAC	134.47297398996577	108.44664307438197	0.0	0.0	0.0	35.00139359459298	0.0	41.87179208278731	0.0	0.0	0.0	62.90904263806904	27.15061764517749	0.0	0.0	0.0	0.0	49.31512486685877	0.0	0.0	0.0	0.0	0.0
GSM4138111_HNSCC_1_TIL_GTGTGCGAGTGGGATC	0.0	0.0	198.69423504225927	0.0	0.0	0.0	75.96259727057183	0.0	0.0	107.35683670372248	0.0	0.0	0.0	0.0	0.0	0.0	0.0	0.0	0.0	0.0	0.0	0.0	0.0
GSM4138111_HNSCC_1_TIL_GTTCATTGTGCCTGGT	53.02899076574542	0.0	0.0	0.0	4.802065568092159	270.76489188995447	61.67784155803727	154.18305630383	0.0	102.04695314046828	0.0	0.0	0.0	213.94993332491123	0.0	0.0	0.0	4.459576330057783	0.0	0.0	0.0	0.0	0.0
GSM4138111_HNSCC_1_TIL_GTTCATTTCATGTAGC	266.0874803428653	20.592519208362933	0.0	0.0	0.0	54.08477662625665	74.68855090383053	0.0	0.0	21.109876894312006	0.0	0.0	0.0	0.0	0.0	0.0	0.0	15.46766538276332	0.0	0.0	0.0	0.0	42.622940669661936
GSM4138111_HNSCC_1_TIL_TAAGCGTTCGGATGGA	0.0	0.0	0.0	17.160981349272998	0.0	0.0	80.69522114250688	75.52746782282388	0.0	0.0	0.0	140.539815051013	0.0	0.0	0.0	0.0	0.0	0.0	0.0	0.0	0.0	107.16790410712623	0.0
GSM4138111_HNSCC_1_TIL_TACGGATGTCGTGGCT	0.0	86.25675375879456	0.0	0.0	0.0	0.0	8.930694722877075	0.0	39.37505252487029	0.0	0.0	135.88229795898914	0.0	0.0	0.0	0.0	0.0	143.67852638250343	0.0	0.0	0.0	0.0	7.785572425035078
GSM4138111_HNSCC_1_TIL_TATCAGGTCTACCAGA	157.54471290669068	15.514770741930029	0.0	0.0	0.0	109.53745340754959	72.13261850872843	0.0	0.0	0.0	0.0	0.0	21.860507414937047	0.0	0.0	0.0	0.0	24.40403405228337	0.0	0.0	0.0	0.0	11.249658704882672
GSM4138111_HNSCC_1_TIL_TCGCGAGTCCGCATAA	82.62612015891665	50.72172545574877	82.91321669089469	0.0	105.9919322383826	0.0	117.1608799904678	0.0	0.0	0.0	0.0	0.0	0.0	0.0	0.0	33.901600311064314	0.0	0.0	0.0	0.0	0.0	0.0	0.0
GSM4138111_HNSCC_1_TIL_TGACTAGAGCGTAATA	29.585992630019387	0.0	0.0	0.0	115.23681637856046	0.0	60.6276900571201	0.0	0.0	0.0	0.0	0.0	141.37248754525754	0.0	0.0	0.0	0.0	0.0	0.0	0.0	0.0	4.485236483220813	0.0
GSM4138111_HNSCC_1_TIL_TGCTACCCACTGTCGG	213.16570135620145	162.64431601616963	0.0	0.0	0.0	0.0	0.0	0.0	0.0	0.0	0.0	0.0	0.0	0.0	0.0	0.0	0.0	30.62035405917438	0.0	0.0	0.0	0.0	0.0
GSM4138111_HNSCC_1_TIL_TTGCCGTCAAGACACG	0.0	0.0	294.10775989499757	0.0	0.0	0.0	30.261997848618506	11.686999215044242	0.0	0.0	0.0	0.0	0.0	0.0	0.0	0.0	0.0	68.37570105734174	0.0	38.23468616551473	129.2979884403778	0.0	0.0
GSM4138111_HNSCC_1_TIL_TTGTAGGCACAGGAGT	213.35100481224208	0.0	0.0	0.0	0.0	149.75708201064126	45.746750654164714	0.0	6.757577179133079	0.0	0.0	0.0	0.0	0.0	0.0	0.0	0.0	0.0	0.0	0.0	0.0	0.0	0.0
GSM4138111_HNSCC_1_TIL_ACACCAAAGACTACAA	208.13893011951615	128.41317988932911	0.0	0.0	0.0	0.0	16.1370520011935	0.0	0.0	0.0	0.0	0.0	0.0	0.0	0.0	0.0	0.0	0.0	0.0	0.0	0.0	0.0	0.0
GSM4138111_HNSCC_1_TIL_CTCATTAAGCTCCTTC	234.34350797011533	25.329862817583603	0.0	0.0	74.7496650652021	0.0	15.338446088058214	0.0	0.0	0.0	0.0	0.0	0.0	0.0	0.0	0.0	0.0	0.0	0.0	0.0	0.0	0.0	0.0
GSM4138111_HNSCC_1_TIL_TAGTGGTGTACCATCA	0.0	51.22806724090943	0.0	0.0	0.0	0.0	0.0	0.0	0.0	0.0	0.0	0.0	261.7418831745152	0.0	0.0	0.0	0.0	10.991880982054322	0.0	0.0	0.0	0.0	0.0
GSM4138111_HNSCC_1_TIL_TTATGCTTCCGATATG	71.08749727800202	85.76452986568202	0.0	0.0	0.0	0.0	8.839962781605358	36.94066559391224	0.0	0.0	0.0	46.19717876474937	6.030489516325313	0.0	0.0	0.0	0.0	0.0	0.0	0.0	0.0	0.0	0.0
GSM4138111_HNSCC_1_TIL_ATCCGAATCAACACTG	0.0	0.0	52.7815046806821	0.0	136.88265257907491	0.0	0.0	71.57699496855156	0.0	0.0	0.0	0.0	0.0	0.0	0.0	0.0	0.0	15.169110562990344	0.0	0.0	0.0	0.0	0.0
GSM4138111_HNSCC_1_TIL_CGTCTACTCTGGCGAC	685.9843158115914	0.0	0.0	0.0	0.0	433.63607021482056	0.0	0.0	0.0	0.0	0.0	0.0	0.0	0.0	0.0	0.0	0.0	51.967357216060364	0.0	0.0	0.0	0.0	0.0
GSM4138111_HNSCC_1_TIL_GTTTCTAAGGAGTTTA	0.0	114.13133083700122	0.0	0.0	0.0	0.0	0.0	29.475665065769018	0.0	0.0	0.0	157.86764880510557	0.0	0.0	0.0	0.0	0.0	4.714370754125146	0.0	0.0	0.0	0.0	0.0
GSM4138111_HNSCC_1_TIL_AAACGGGTCTTGCCGT	0.0	0.0	0.0	913.6601590873615	346.86544227346604	134.14275797216482	30.04451518093459	0.0	0.0	0.0	0.0	0.0	0.0	0.0	0.0	0.0	0.0	0.0	0.0	0.0	0.0	0.0	0.0
GSM4138111_HNSCC_1_TIL_AAAGATGAGCTAGTCT	76.49214246025161	0.0	136.27675967960656	0.0	13.359342998641992	180.19935586922597	0.0	0.0	0.0	0.0	0.0	0.0	0.0	69.08271862925213	0.0	0.0	0.0	29.724740545057507	0.0	0.0	0.0	0.0	0.0
GSM4138111_HNSCC_1_TIL_AACTGGTTCCTCATTA	357.94798946498463	578.6988730388791	960.4921055018497	0.0	180.2800459133824	42.06642672280297	85.56602994491368	0.0	0.0	0.0	0.0	0.0	0.0	0.0	0.0	0.0	0.0	0.0	0.0	0.0	0.0	0.0	0.0
GSM4138111_HNSCC_1_TIL_ACACTGACATTAACCG	429.09785385234443	296.0795185717928	0.0	0.0	0.0	0.0	0.0	0.0	0.0	0.0	0.0	0.0	0.0	0.0	0.0	0.0	0.0	28.952773604678423	0.0	0.0	0.0	0.0	0.0
GSM4138111_HNSCC_1_TIL_ACCTTTATCAATCACG	0.0	379.0174112382278	0.0	0.0	254.30591896574057	0.0	62.469999422469996	0.0	0.0	0.0	0.0	0.0	0.0	0.0	0.0	961.50838571083	0.0	0.0	0.0	0.0	28.623531562907278	0.0	0.0
GSM4138111_HNSCC_1_TIL_AGCTTGAAGAGGACGG	0.0	120.86454223368466	0.0	0.0	0.0	0.0	0.873136298584244	0.0	0.0	0.0	164.79753788545858	0.0	423.07287026836104	0.0	0.0	0.0	25.342764498339843	20.91098606912055	0.0	0.0	0.0	0.0	0.0
GSM4138111_HNSCC_1_TIL_ATGCGATAGACGCTTT	458.8041517196759	0.0	0.0	0.0	659.8347900716601	0.0	0.0	133.58302354205054	0.0	0.0	0.0	0.0	0.0	284.29372981920875	0.0	0.0	0.0	80.10944422481599	0.0	0.0	0.0	0.0	0.0
GSM4138111_HNSCC_1_TIL_ATTGGACAGACACTAA	0.0	0.0	0.0	0.0	371.97271551288736	0.0	0.0	265.2655768566981	0.0	0.0	0.0	0.0	0.0	61.790436742183886	0.0	0.0	0.0	32.67801079737714	0.0	0.0	0.0	0.0	0.0
GSM4138111_HNSCC_1_TIL_ATTGGACAGCTAGGCA	0.0	0.0	343.95824569850856	227.36286319852434	0.0	426.5305770836898	40.80961693272204	0.0	0.0	0.0	0.0	0.0	0.0	41.505742217798804	0.0	0.0	0.0	0.0	0.0	0.0	0.0	0.0	0.0
GSM4138111_HNSCC_1_TIL_CAACTAGAGACTTTCG	0.0	392.9188472518377	0.0	542.1887919310445	0.0	0.0	19.29606560674273	0.0	0.0	0.0	0.0	0.0	0.0	0.0	0.0	0.0	0.0	0.0	0.0	0.0	0.0	0.0	0.0
GSM4138111_HNSCC_1_TIL_CAGCTAACAGTATGCT	0.0	0.0	0.0	0.0	0.0	297.2585066826497	38.73612190464921	0.0	0.0	0.0	0.0	0.0	0.0	199.79885576012904	0.0	116.82468755875993	0.0	0.0	0.0	0.0	0.0	0.0	0.0
GSM4138111_HNSCC_1_TIL_CATTCGCCAAGGACAC	284.2321476146785	0.0	0.0	0.0	379.5625980608783	0.0	0.0	122.61031038376801	0.0	0.0	0.0	0.0	0.0	0.0	0.0	0.0	0.0	9.41141252469233	0.0	0.0	0.0	0.0	0.0
GSM4138111_HNSCC_1_TIL_CCCTCCTAGCCGTCGT	0.0	0.0	0.0	0.0	0.0	0.0	0.0	305.96394438754595	0.0	0.0	261.2264476626222	0.0	0.0	0.0	0.0	0.0	0.0	21.310071038431555	0.0	0.0	0.0	0.0	0.0
GSM4138111_HNSCC_1_TIL_CCTTCCCGTCCCGACA	343.0755957254482	0.0	0.0	0.0	387.5456692235537	0.0	0.0	0.0	0.0	0.0	0.0	0.0	0.0	0.0	0.0	0.0	0.0	20.435597685767426	0.0	0.0	0.0	0.0	0.0
GSM4138111_HNSCC_1_TIL_CGTGAGCGTATCAGTC	134.96185930828096	0.0	116.53722557772994	0.0	152.138346340997	0.0	11.914123314432153	0.0	0.0	0.0	0.0	0.0	0.0	0.0	0.0	0.0	0.0	0.0	0.0	12.467813520104173	0.0	0.0	0.0
GSM4138111_HNSCC_1_TIL_CGTGTAAAGCCAGGAT	0.0	0.0	0.0	0.0	331.14015390202474	0.0	22.399389395514298	0.0	0.0	0.0	0.0	0.0	0.0	0.0	0.0	645.7417614838749	0.0	6.063574830703757	0.0	0.0	0.0	0.0	0.0
GSM4138111_HNSCC_1_TIL_CTAGCCTCAGCTTCGG	0.0	874.3203643371896	939.7537961413174	0.0	0.0	0.0	59.634891604498584	0.0	0.0	0.0	0.0	0.0	0.0	202.76114110429768	0.0	0.0	0.0	0.0	0.0	0.0	0.0	0.0	0.0
GSM4138111_HNSCC_1_TIL_CTCAGAAAGTGCTGCC	0.0	152.43852508942433	0.0	0.0	0.0	0.0	26.959393715080218	0.0	0.0	0.0	0.0	0.0	0.0	0.0	0.0	0.0	0.0	0.0	178.6129444622744	0.0	0.0	0.0	0.0
GSM4138111_HNSCC_1_TIL_CTCAGAAGTCAAGCGA	0.0	680.9045099237316	0.0	0.0	0.0	0.0	0.0	761.0208366021071	0.0	0.0	0.0	0.0	0.0	0.0	0.0	0.0	0.0	69.40930479993455	0.0	0.0	0.0	0.0	0.0
GSM4138111_HNSCC_1_TIL_CTCGAAAAGGCCCTCA	300.1048064363526	86.46419475539383	0.0	0.0	19.040830147217605	61.54237902929653	0.0	0.0	0.0	0.0	0.0	0.0	0.0	0.0	0.0	0.0	0.0	15.59566248348938	0.0	0.0	0.0	0.0	0.0
GSM4138111_HNSCC_1_TIL_GAAATGAAGGATATAC	0.0	88.95453507379867	0.0	370.5407149286307	177.22149233804026	0.0	0.0	0.0	0.0	0.0	0.0	0.0	0.0	0.0	0.0	0.0	0.0	18.043586005158655	0.0	0.0	0.0	0.0	0.0
GSM4138111_HNSCC_1_TIL_GGCAATTTCCCACTTG	374.0869942711941	273.41465712632527	0.0	0.0	0.0	0.0	0.0	0.0	0.0	0.0	0.0	0.0	0.0	0.0	0.0	0.0	0.0	32.878471443765406	0.0	0.0	0.0	0.0	0.0
GSM4138111_HNSCC_1_TIL_GGTGCGTGTCTAACGT	0.0	0.0	218.1704677222884	0.0	140.3909504695484	167.031095098632	0.0	0.0	0.0	0.0	0.0	0.0	0.0	0.0	0.0	215.41344896806513	0.0	38.417683106693	0.0	0.0	0.0	0.0	0.0
GSM4138111_HNSCC_1_TIL_GTAGGCCAGATGTGTA	0.0	0.0	0.0	0.0	319.8918647209202	0.0	0.0	0.0	0.0	0.0	0.0	0.0	0.0	277.3362618366786	0.0	0.0	0.0	23.757584303301492	0.0	0.0	0.0	0.0	0.0
GSM4138111_HNSCC_1_TIL_GTCCTCAAGTGCCAGA	0.0	0.0	816.7177787243228	0.0	0.0	0.0	75.82109864896498	0.0	0.0	575.1745567088341	0.0	0.0	0.0	0.0	0.0	0.0	0.0	0.0	0.0	0.0	0.0	0.0	0.0
GSM4138111_HNSCC_1_TIL_TAAGTGCGTCAAAGCG	806.8747351983601	0.0	0.0	0.0	0.0	0.0	0.0	0.0	0.0	0.0	0.0	0.0	0.0	0.0	0.0	0.0	0.0	47.41339278833323	0.0	0.0	347.2380887717428	0.0	301.48639429469137
GSM4138111_HNSCC_1_TIL_TAGCCGGCAGGTGGAT	0.0	0.0	841.5881067812726	0.0	0.0	513.4298248220781	68.95020898970424	63.874550069967135	0.0	0.0	0.0	0.0	0.0	17.5176905982776	0.0	0.0	0.0	0.0	0.0	0.0	0.0	201.3311641117556	0.0
GSM4138111_HNSCC_1_TIL_TAGGCATTCCACGTGG	316.00566357782793	229.96888747831778	0.0	0.0	14.559370755409232	0.0	0.0	0.0	0.0	0.0	0.0	0.0	0.0	0.0	0.0	0.0	0.0	29.38575991121077	0.0	0.0	0.0	0.0	0.0
GSM4138111_HNSCC_1_TIL_TCGGGACGTCACTTCC	0.0	0.0	376.5223082875361	0.0	0.0	0.0	0.0	0.0	0.0	652.8465190409039	0.0	0.0	0.0	325.9651742801657	0.0	0.0	0.0	42.568754075946885	0.0	0.0	0.0	0.0	0.0
GSM4138111_HNSCC_1_TIL_TGCACCTGTCTCCACT	20.91661899608237	0.0	59.56034299718614	0.0	0.0	244.86427241592628	0.0	143.6717175612689	0.0	0.0	0.0	0.0	0.0	73.19380959559095	0.0	0.0	0.0	63.18242042586805	0.0	0.0	0.0	0.0	0.0
GSM4138111_HNSCC_1_TIL_TGCGCAGTCTTGTCAT	0.0	213.52359400425422	0.0	839.7591027362603	0.0	0.0	0.0	0.0	0.0	0.0	188.47336400759244	0.0	0.0	0.0	0.0	0.0	0.0	58.22244665643479	0.0	0.0	0.0	0.0	78.64474105364842
GSM4138111_HNSCC_1_TIL_TGTCCCAAGAGGTTGC	0.0	151.6355809941413	0.0	385.4949407117529	0.0	0.0	0.0	0.0	0.0	0.0	151.24492467177814	0.0	0.0	0.0	167.23630814026455	0.0	0.0	31.215877639655712	0.0	0.0	0.0	0.0	0.0
GSM4138111_HNSCC_1_TIL_ATTGGTGGTGAAGGCT	185.17373359396439	275.7411217155836	148.18370979335126	0.0	81.2824894345124	0.0	1.3709932228187058	0.0	0.0	0.0	0.0	0.0	0.0	0.0	0.0	0.0	0.0	50.449415428578334	0.0	0.0	0.0	0.0	0.0
GSM4138111_HNSCC_1_TIL_CAGAATCGTGTGTGCC	0.0	0.0	0.0	0.0	0.0	238.92053164548324	43.136211998824294	0.0	0.0	0.0	0.0	0.0	0.0	218.3313153408302	0.0	0.0	0.0	0.0	0.0	0.0	0.0	0.0	0.0
GSM4138111_HNSCC_1_TIL_CGTCTACAGCGATCCC	0.0	0.0	49.39291348389251	0.0	0.0	367.8765505573938	22.54712916829511	0.0	0.0	0.0	0.0	0.0	0.0	0.0	0.0	88.89161922065082	0.0	108.81306183512962	54.20472709317976	86.61273832496641	0.0	0.0	0.0
GSM4138111_HNSCC_1_TIL_TGCGGGTTCTTGCAAG	0.0	0.0	248.5092301650861	0.0	0.0	295.7010355534949	44.57242215666639	0.0	0.0	0.0	0.0	0.0	0.0	0.0	0.0	0.0	0.0	0.0	0.0	0.0	0.0	0.0	0.0
GSM4138111_HNSCC_1_TIL_ACCGTAACAACACCTA	0.0	361.57364258596664	0.0	0.0	0.0	158.27643945461662	44.53042690870774	0.0	0.0	0.0	0.0	0.0	0.0	440.5793571391818	0.0	0.0	0.0	0.0	0.0	0.0	0.0	0.0	0.0
GSM4138111_HNSCC_1_TIL_ACGGGTCAGCAATCTC	0.0	0.0	0.0	0.0	0.0	0.0	0.0	0.0	0.0	169.39376713757036	0.0	0.0	0.0	363.4764172241174	0.0	0.0	0.0	21.384959494450378	0.0	0.0	0.0	0.0	172.83209205210883
GSM4138111_HNSCC_1_TIL_CTAGCCTAGAGTCGGT	288.46437038581655	942.3968986275912	266.3332026220955	456.71773453197056	0.0	0.0	77.9712740099799	111.33527825562173	0.0	0.0	0.0	4.157133231144306	0.0	0.0	0.0	0.0	0.0	0.0	0.0	0.0	0.0	0.0	13.804521962021507
GSM4138111_HNSCC_1_TIL_TGACTAGAGCCTCGTG	586.0619959525346	72.13080007965827	0.0	0.0	0.0	0.0	0.0	0.0	0.0	0.0	374.90231918121117	0.0	0.0	0.0	0.0	0.0	0.0	27.019308153813572	0.0	0.0	0.0	0.0	9.427315107134914
GSM4138111_HNSCC_1_TIL_AGTGGGACAACTGCGC	0.0	0.0	0.0	0.0	9.059007221848287	0.0	25.070103909855202	0.0	0.0	0.0	166.17997931707623	0.0	0.0	0.0	469.4526920569581	0.0	0.0	0.0	0.0	0.0	0.0	0.0	0.0
GSM4138111_HNSCC_1_TIL_CAGCGACTCCACGAAT	0.0	381.7217886995373	0.0	688.5166628563385	0.0	0.0	39.01100948715534	0.0	0.0	0.0	0.0	0.0	0.0	0.0	0.0	0.0	0.0	0.0	0.0	0.0	0.0	0.0	0.0
GSM4138111_HNSCC_1_TIL_CCTATTAAGAATCTCC	0.0	0.0	0.0	0.0	0.0	0.0	16.51936361562908	0.0	33.002800985534726	0.0	151.81557176856313	0.0	0.0	0.0	458.5357728811954	0.0	0.0	0.0	0.0	0.0	0.0	0.0	0.0
GSM4138111_HNSCC_1_TIL_CCTCTGAAGTCTTGCA	0.0	0.0	0.0	631.9809183604157	0.0	309.4936103419816	15.900520084594707	0.0	0.0	0.0	0.0	0.0	0.0	0.0	0.0	0.0	0.0	0.0	0.0	0.0	0.0	0.0	0.0
GSM4138111_HNSCC_1_TIL_CTAGCCTCACGAAAGC	0.0	431.1049285481426	97.69329240663782	542.8930393390303	227.5127712038448	0.0	87.92307956021472	287.9292081193999	0.0	0.0	0.0	0.0	0.0	0.0	325.49175405051847	0.0	0.0	0.0	0.0	0.0	0.0	0.0	0.0
GSM4138111_HNSCC_1_TIL_GATGAAAGTGCAACTT	0.0	0.0	183.03720100836898	0.0	206.97288120516984	214.31268117638427	25.774966380820207	243.12061345742873	0.0	0.0	0.0	141.88134512903756	0.0	0.0	0.0	0.0	0.0	0.0	0.0	98.73717816723583	0.0	0.0	0.0
GSM4138111_HNSCC_1_TIL_GCGGGTTTCTTTACGT	0.0	0.0	67.79586917443747	0.0	239.93580203875663	0.0	23.6958148319294	0.0	0.0	0.0	0.0	0.0	0.0	0.0	0.0	334.940293211719	0.0	0.0	0.0	78.5750171528603	0.0	0.0	0.0
GSM4138111_HNSCC_1_TIL_TCAGGTATCAGTGTTG	370.2153845891576	0.0	0.0	0.0	68.84990961115228	0.0	5.857343695833481	0.0	0.0	0.0	99.69404163963992	0.0	0.0	0.0	0.0	0.0	0.0	2.421412882188485	0.0	0.0	0.0	0.0	0.0
GSM4138111_HNSCC_1_TIL_TCGGGACAGATGAGAG	0.0	0.0	0.0	0.0	0.0	194.94494808393245	8.090182951940218	0.0	0.0	0.0	0.0	0.0	0.0	0.0	185.327171246972	0.0	0.0	0.0	182.37737809464957	100.52077970178392	0.0	0.0	0.0
GSM4138111_HNSCC_1_TIL_TGCGCAGAGCGCCTCA	0.0	0.0	0.0	681.9380085357012	0.0	0.0	42.380415676707685	0.0	0.0	468.8205127442722	0.0	0.0	0.0	0.0	0.0	0.0	0.0	0.0	0.0	0.0	0.0	0.0	0.0
GSM4138111_HNSCC_1_TIL_AACCGCGCACACTGCG	0.0	323.46931404419036	0.0	410.84345613908664	0.0	0.0	0.0	0.0	0.0	332.4483473487611	0.0	0.0	0.0	0.0	0.0	0.0	0.0	15.85173957986563	0.0	0.0	0.0	0.0	0.0
GSM4138111_HNSCC_1_TIL_ACACTGATCATGCATG	0.0	685.7068198583069	156.10863980940798	193.4784117461599	0.0	49.00363902984078	38.173320073795836	0.0	0.0	0.0	0.0	0.0	0.0	149.18241040890962	0.0	0.0	0.0	0.0	0.0	0.0	0.0	0.0	0.0
GSM4138111_HNSCC_1_TIL_AGTAGTCTCTGTCCGT	0.0	0.0	24.531040445662775	93.22669369525708	0.0	621.031980644604	0.0	0.0	152.04777053102944	0.0	0.0	0.0	0.0	0.0	127.09523442025362	0.0	0.0	8.79208043864439	0.0	0.0	0.0	0.0	0.0
GSM4138111_HNSCC_1_TIL_ATCCGAAGTGTTAAGA	0.0	322.9649694297533	0.0	0.0	23.750063748304957	7.282037747201949	20.64765626651799	26.55707830007128	0.0	0.0	0.0	138.8802070491285	17.20488244952744	0.0	0.0	0.0	0.0	0.0	0.0	0.0	0.0	0.0	0.0
GSM4138111_HNSCC_1_TIL_CATCGGGCAAGACACG	0.0	0.0	49.5893345566337	0.0	0.0	0.0	22.292655156031287	73.8671358743137	0.0	0.0	0.0	338.84192281637917	0.0	0.0	0.0	0.0	0.0	16.698076216218755	0.0	0.0	629.968324435738	0.0	0.0
GSM4138111_HNSCC_1_TIL_CCCTCCTTCCCACTTG	0.0	157.34666911476378	0.0	560.3256436992667	435.4613227192204	8.833955183213996	0.0	0.0	0.0	0.0	0.0	0.0	0.0	0.0	0.0	0.0	0.0	34.29695615526249	0.0	0.0	0.0	0.0	0.0
GSM4138111_HNSCC_1_TIL_CGGACTGTCGCTTGTC	0.0	305.99299230393865	0.0	0.0	21.647440452576326	0.0	0.0	15.987904948652957	0.0	0.0	137.2438246723634	0.0	0.0	0.0	0.0	0.0	0.0	22.39101788288158	235.8740749681284	0.0	0.0	0.0	0.0
GSM4138111_HNSCC_1_TIL_CTGATAGAGACTGGGT	0.0	69.00537594285765	125.41566563861653	0.0	0.0	0.0	0.0	25.876314171515965	0.0	0.0	0.0	3.6532545583842118	0.0	0.0	0.0	0.0	256.49058630195645	14.658214419482329	0.0	0.0	0.0	0.0	0.0
GSM4138111_HNSCC_1_TIL_GACGTTAAGGCTACGA	0.0	0.0	0.0	0.0	323.6763585541747	0.0	0.9499459029814206	0.0	100.01975624700492	0.0	0.0	0.0	0.0	0.0	0.0	0.0	0.0	5.916333579259197	0.0	0.0	0.0	0.0	0.0
GSM4138111_HNSCC_1_TIL_GCGCGATTCGCCTGAG	0.0	0.0	0.0	631.5320739947708	694.0663071921398	0.0	0.0	0.0	0.0	0.0	0.0	0.0	0.0	0.0	0.0	0.0	0.0	18.052588353953475	0.0	0.0	0.0	0.0	0.0
GSM4138111_HNSCC_1_TIL_GCTTCCAGTCTAGTGT	203.2390187874515	174.9937330833548	0.0	0.0	186.10879558565256	0.0	17.934088523373635	0.0	0.0	0.0	0.0	0.0	0.0	0.0	0.0	0.0	0.0	0.0	0.0	0.0	0.0	0.0	0.0
GSM4138111_HNSCC_1_TIL_GCTTCCAGTTGCTCCT	0.0	631.9305297407551	160.6761436259402	0.0	0.0	0.0	66.2765444318698	200.03687789944797	0.0	0.0	0.0	0.0	0.0	0.0	0.0	0.0	0.0	0.0	0.0	0.0	0.0	0.0	0.0
GSM4138111_HNSCC_1_TIL_GGACGTCGTCCTCCAT	0.0	609.3435039741229	0.0	0.0	0.0	0.0	86.0146927992991	0.0	0.0	0.0	0.0	0.0	0.0	0.0	464.7860274087105	0.0	0.0	0.0	0.0	0.0	0.0	0.0	0.0
GSM4138111_HNSCC_1_TIL_GGGTCTGTCTATCCTA	0.0	3243.1713523793696	0.0	0.0	0.0	0.0	0.0	0.0	0.0	0.0	0.0	0.0	0.0	0.0	0.0	0.0	1096.153074499096	0.0	0.0	0.0	0.0	275.22544038449945	0.0
GSM4138111_HNSCC_1_TIL_GTTACAGCAATGTTGC	0.0	688.2069365289539	23.479369666826972	0.0	0.0	0.0	0.0	182.67465896603267	0.0	0.0	0.0	0.0	0.0	152.39665343019902	0.0	0.0	0.0	21.13609016981259	0.0	0.0	0.0	0.0	0.0
GSM4138111_HNSCC_1_TIL_TACGGGCAGTGGGATC	0.0	244.49813152961184	37.16201566436037	0.0	0.0	0.0	0.0	49.46621197489723	0.0	0.0	36.12041840562307	0.0	0.0	0.0	0.0	0.0	0.0	37.856877722671456	59.0080602911438	0.0	0.0	0.0	0.0
GSM4138111_HNSCC_1_TIL_TACGGGCTCTACTATC	0.0	470.04178652001195	0.0	0.0	0.0	0.0	26.25247141045206	137.81744655663437	0.0	0.0	0.0	0.0	0.0	0.0	0.0	0.0	0.0	0.0	0.0	0.0	0.0	0.0	0.0
GSM4138111_HNSCC_1_TIL_TGTGGTAGTTACGTCA	0.0	0.0	0.0	0.0	0.0	0.0	77.36572740136685	0.0	168.8476485625786	170.20280561590715	0.0	0.0	0.0	0.0	0.0	0.0	0.0	7.475111463303363	0.0	0.0	0.0	0.0	0.0
GSM4138111_HNSCC_1_TIL_GTGGGTCGTACGACCC	0.0	0.0	0.0	0.0	202.27292751741942	0.0	30.83706478863536	0.0	0.0	0.0	0.0	0.0	0.0	0.0	12.67954184333639	151.5861267985071	0.0	0.0	49.18197208150442	44.04059894857385	0.0	0.0	0.0
GSM4138111_HNSCC_1_TIL_AACTCCCTCTCTTGAT	133.5016973271315	0.0	42.411516972137235	0.0	0.0	0.0	25.604577661338315	0.0	0.0	0.0	0.0	0.0	0.0	65.0876652290839	0.0	0.0	421.7161441298556	0.0	0.0	0.0	0.0	0.0	0.0
GSM4138111_HNSCC_1_TIL_AAGTCTGGTCTTTCAT	122.13810013757788	0.0	11.92710697614652	0.0	0.0	0.0	7.711393200239352	0.0	0.0	111.64360601289042	0.0	0.0	0.0	0.0	0.0	0.0	0.0	2.109386165071376	0.0	0.0	0.0	0.0	0.0
GSM4138111_HNSCC_1_TIL_ACACCAAAGCTACCTA	225.796381976769	22.691804595686353	0.0	0.0	130.51948984922478	0.0	17.74120691980744	0.0	0.0	0.0	0.0	0.0	0.0	0.0	0.0	0.0	0.0	0.0	0.0	0.0	0.0	0.0	0.0
GSM4138111_HNSCC_1_TIL_ACCGTAATCGGCATCG	0.0	0.0	0.0	189.1746066601082	262.9928825306776	0.0	0.0	95.5816031810919	1.7622625635629021	0.0	0.0	0.0	0.0	0.0	0.0	0.0	0.0	8.870830975693316	0.0	0.0	0.0	0.0	0.0
GSM4138111_HNSCC_1_TIL_AGATTGCCATACCATG	0.0	51.241388574669635	0.0	91.23945487696277	89.39278610574792	0.0	32.71301148800627	68.04561861023731	0.0	0.0	0.0	0.0	0.0	0.0	0.0	0.0	0.0	0.0	0.0	0.0	0.0	0.0	0.0
GSM4138111_HNSCC_1_TIL_AGTAGTCGTAGGGTAC	26.739664610714417	20.945749219162863	146.39912356069814	0.0	0.0	0.0	0.0	0.0	0.0	44.20031000934139	0.0	0.0	0.0	0.0	0.0	0.0	0.0	13.96259968428023	0.0	0.0	0.0	0.0	57.554967530734636
GSM4138111_HNSCC_1_TIL_CATCGGGGTATTCGTG	0.0	0.0	0.0	80.93234786554625	0.0	0.0	0.0	0.0	0.0	201.44898320881003	0.0	0.0	0.0	0.0	29.242344197249245	0.0	0.0	21.78173028049274	171.75935113014555	0.0	0.17612422670326155	0.0	0.0
GSM4138111_HNSCC_1_TIL_CCGGTAGTCACCGTAA	149.48420231867524	100.95867745645894	0.0	0.0	269.95487522866046	0.0	0.0	221.14159639109417	0.0	0.0	0.0	88.41617913968491	0.0	0.0	0.0	0.0	0.0	44.00855419423289	0.0	0.0	0.0	0.0	0.0
GSM4138111_HNSCC_1_TIL_CCTCAGTAGATCCCGC	139.1033780601047	0.0	0.0	0.0	138.96412806855355	0.0	18.31909708558436	0.0	0.0	0.0	0.0	0.0	0.0	0.0	0.0	0.0	0.0	0.0	0.0	0.0	0.0	0.0	0.0
GSM4138111_HNSCC_1_TIL_CGGACTGAGGGTTCCC	0.0	86.67090816678471	0.0	0.0	0.0	17.887581020413332	16.230773097150923	0.0	0.0	0.0	0.0	0.0	0.0	176.55583218378422	0.0	0.0	0.0	0.0	0.0	0.0	0.0	0.0	0.0
GSM4138111_HNSCC_1_TIL_CGTGTAAAGAGGTTAT	0.0	114.8798516115408	221.481425492545	0.0	0.0	0.0	14.58881294711424	0.0	0.0	0.0	0.0	0.0	0.0	0.0	0.0	0.0	0.0	0.0	0.0	0.0	0.0	0.0	0.0
GSM4138111_HNSCC_1_TIL_CTCGTACAGCAATATG	0.0	0.0	0.0	0.0	0.0	0.0	0.0	0.0	269.8270608416239	24.009482374147805	0.0	0.0	0.0	0.0	0.0	0.0	0.0	17.685205045231385	0.0	0.0	0.0	0.0	93.54214318227548
GSM4138111_HNSCC_1_TIL_GACTACACAACGATCT	0.0	260.54777606998556	0.0	350.73030192302554	0.0	0.0	14.79262174544368	0.0	0.0	0.0	0.0	0.0	0.0	0.0	0.0	0.0	0.0	0.0	0.0	0.0	0.0	0.0	0.0
GSM4138111_HNSCC_1_TIL_GATCTAGCAGCTCCGA	0.0	0.0	12.240514162551367	0.0	120.85209784026786	0.0	29.19473524028905	86.67289992488736	0.0	0.0	0.0	0.0	0.0	0.0	0.0	0.0	0.0	0.0	0.0	0.0	0.0	0.0	0.0
GSM4138111_HNSCC_1_TIL_GCAGCCATCAAACAAG	0.0	261.2940266931237	0.0	26.918272317856857	0.0	0.0	9.820626373272612	88.30244239998014	0.0	0.0	0.0	165.0434795098385	0.0	0.0	0.0	0.0	0.0	9.750548732043642	0.0	0.0	0.0	0.0	0.0
GSM4138111_HNSCC_1_TIL_GCTCCTAGTACGAAAT	0.0	0.0	0.0	168.41236017095977	0.0	0.0	13.566650669983877	0.0	3.0358677774494884	0.0	0.0	0.0	0.0	0.0	0.0	0.0	148.8845230675553	0.0	0.0	0.0	0.0	0.0	0.0
GSM4138111_HNSCC_1_TIL_GGCAATTGTTGAGTTC	6.529385161327805	0.0	54.9246967971529	0.0	0.0	0.0	0.0	0.0	0.0	0.0	0.0	96.07571919857781	0.0	0.0	0.0	0.0	67.6574408731039	7.504546510640232	0.0	0.0	20.430592566861513	0.0	0.0
GSM4138111_HNSCC_1_TIL_GTACTTTGTGCATCTA	184.22659144129523	0.0	0.0	0.0	89.86799187986512	0.0	6.946573971638955	0.0	0.0	0.0	0.0	0.0	0.0	0.0	0.0	0.0	0.0	0.0	0.0	0.0	0.0	0.0	0.0
GSM4138111_HNSCC_1_TIL_GTCAAGTAGTCCCACG	118.54219259320521	2.1453063766248124	0.0	0.0	0.0	131.23979036766949	25.436330357665554	0.0	0.0	0.0	0.0	0.0	0.0	0.0	0.0	0.0	0.0	0.0	0.0	0.0	0.0	0.0	0.0
GSM4138111_HNSCC_1_TIL_GTCAAGTGTATATGGA	0.0	137.10600811658753	0.0	186.1272475356656	0.0	0.0	0.0	0.0	0.0	0.0	0.0	0.0	0.0	0.0	0.0	0.0	0.0	13.780467569392782	0.0	0.0	0.0	0.0	0.0
GSM4138111_HNSCC_1_TIL_GTTCTCGCACGCCAGT	0.0	0.0	0.0	0.0	0.0	0.0	7.979602137891305	130.91442980622966	0.0	0.0	0.0	0.0	0.0	0.0	0.0	0.0	167.25254232062605	0.0	66.95590885478046	0.0	0.0	0.0	0.0
GSM4138111_HNSCC_1_TIL_GTTCTCGTCCTGTACC	96.75910993015546	0.0	0.0	0.0	0.0	0.0	10.766225944523596	0.0	0.0	136.1038423269272	0.0	7.3970680186625515	0.0	0.0	0.0	0.0	0.0	0.0	0.0	0.0	0.0	0.0	0.0
GSM4138111_HNSCC_1_TIL_TATCAGGCAGCCAGAA	128.34079358922168	0.0	0.0	0.0	0.0	0.0	24.0549634852421	0.0	0.0	0.0	0.0	0.0	0.0	47.8893742675335	0.0	0.0	42.44538734064553	0.0	0.0	10.684647408947544	25.900007955904186	0.0	1.995711486008492
GSM4138111_HNSCC_1_TIL_TCAGCTCGTACCGTAT	0.0	262.0749693247733	0.0	19.81347459499381	0.0	0.0	0.0	236.85139177439657	0.0	0.0	0.0	0.0	0.0	0.0	0.0	0.0	0.0	29.529747209059725	0.0	0.0	0.0	0.0	0.0
GSM4138111_HNSCC_1_TIL_TCTTCGGCACATCTTT	0.0	0.0	0.0	0.0	0.0	0.0	0.0	0.0	0.0	0.0	0.0	0.0	0.0	0.0	0.0	0.0	0.0	6.426178631615093	0.0	172.70016523803767	106.32958852714205	0.0	0.0
GSM4138111_HNSCC_1_TIL_TGAGAGGTCGGCGGTT	0.0	183.38758235186768	0.0	0.0	0.0	0.0	22.420385194025254	0.0	148.7980115217773	0.0	37.587105424280544	133.94563641755346	0.0	0.0	0.0	0.0	0.0	0.0	0.0	0.0	0.0	0.0	0.0
GSM4138111_HNSCC_1_TIL_TGCACCTTCTTTACAC	145.6740760765356	0.0	0.0	0.0	118.28784034913937	0.0	0.0	0.0	0.0	0.0	0.0	31.311844377507587	0.0	0.0	0.0	0.0	0.0	19.594267407076316	0.0	0.0	6.946342412317501	0.0	0.0
GSM4138111_HNSCC_1_TIL_TTAGTTCTCTTCATGT	0.0	0.0	0.0	178.5008500906479	0.0	0.0	0.0	0.0	0.0	7.159424232176061	0.0	0.0	0.0	0.0	0.0	0.0	0.0	24.824223884033472	11.423596499574877	0.0	127.74382604356124	0.0	0.0
GSM4138111_HNSCC_1_TIL_TTTACTGTCTTGACGA	0.0	67.67158348825248	0.0	96.46747540401083	102.79198256784946	0.0	34.0800200013071	110.70816779358492	0.0	0.0	0.0	0.0	0.0	0.0	0.0	0.0	0.0	0.0	0.0	0.0	0.0	0.0	0.0
GSM4138111_HNSCC_1_TIL_ATCTGCCCATGCCCGA	0.0	202.69268993236213	0.0	73.40046003533699	0.0	0.0	0.0	119.50275436052868	0.0	0.0	30.976983704950523	0.0	0.0	0.0	0.0	8.43641364990978	0.0	13.45272159138202	0.0	0.0	0.0	0.0	0.0
GSM4138111_HNSCC_1_TIL_CAACCTCGTAGCTCCG	0.0	0.0	0.0	0.0	117.48253116735637	0.0	0.0	0.0	0.0	0.0	0.0	0.0	0.0	0.0	37.11323455673093	0.0	0.0	15.733645976075698	0.0	114.47230398983902	0.0	0.0	0.0
GSM4138111_HNSCC_1_TIL_CATCGGGAGCTAGTTC	0.0	0.0	11.220988971804752	0.0	87.00113466733659	124.1836801374862	0.0	208.61555088276634	0.0	0.0	0.0	0.0	0.0	0.0	0.0	0.0	0.0	20.407292325895856	0.0	32.00463173888597	0.0	0.0	0.0
GSM4138111_HNSCC_1_TIL_CCACGGACAGATGAGC	0.0	0.0	284.97650152300315	0.0	399.8620622933349	0.0	0.0	117.243001236183	0.0	0.0	0.0	0.0	0.0	0.0	0.0	113.36447475850265	0.0	44.7292552196768	14.48484758077279	3.357688500173173	0.0	0.0	0.0
GSM4138111_HNSCC_1_TIL_CGGCTAGTCGGAAACG	0.0	32.91046950663822	0.0	0.0	0.0	75.41395467508211	8.083807039014374	100.781069612613	0.0	0.0	0.0	0.0	0.0	0.0	0.0	0.0	0.0	0.0	0.0	0.0	0.0	0.0	0.0
GSM4138111_HNSCC_1_TIL_CGTCTACGTCCGAACC	0.0	132.29207128184376	0.0	0.0	24.062869581539687	12.11082611006632	12.751101100126512	0.0	0.0	0.0	0.0	0.0	2.1544163838345316	0.0	0.0	0.0	0.0	1.2958621255505842	0.0	155.77114824584743	0.0	0.0	0.0
GSM4138111_HNSCC_1_TIL_CGTCTACGTGTGAATA	0.0	0.0	0.0	242.51938421319105	229.08463755324905	0.0	33.87740960748344	0.0	71.99082770854183	0.0	0.0	0.0	0.0	0.0	0.0	0.0	0.0	0.0	0.0	0.0	0.0	0.0	0.0
GSM4138111_HNSCC_1_TIL_CGTTCTGGTCCAGTAT	0.0	76.69520178863284	0.0	610.028905757892	540.84062318731	0.0	44.66062183750786	69.37939604382976	0.0	0.0	265.842002302891	0.0	0.0	0.0	0.0	0.0	0.0	0.0	0.0	0.0	0.0	0.0	0.0
GSM4138111_HNSCC_1_TIL_CTCGTCAGTTGCTCCT	0.0	192.5355144015117	95.16550837165737	0.0	0.0	0.0	32.97918657106751	217.11464390041945	0.0	98.02149331587697	0.0	0.0	0.0	0.0	0.0	0.0	0.0	0.0	0.0	0.0	93.71227518449652	0.0	0.0
GSM4138111_HNSCC_1_TIL_CTTAGGAAGACAAGCC	224.60372291393193	0.0	10.527881901631751	0.0	226.16719385820247	0.0	25.107777094199633	27.882113212079087	10.465991216207163	0.0	0.0	0.0	0.0	0.0	0.0	0.0	0.0	0.0	0.0	0.0	0.0	0.0	0.0
GSM4138111_HNSCC_1_TIL_CTTGGCTCATAGTAAG	0.0	146.31024398583193	0.0	0.0	136.99704640026098	0.0	20.952726747622037	42.462278377356334	0.0	0.0	20.495796363058854	0.0	0.0	241.56876667793279	0.0	0.0	0.0	8.919783084933671	0.0	0.0	0.0	0.0	0.0
GSM4138111_HNSCC_1_TIL_GAAACTCTCAACACAC	0.0	0.0	0.0	0.0	205.5552238201592	0.0	27.247478816778152	53.46966911602406	0.0	0.0	0.0	0.0	0.0	0.0	0.0	45.094598632298066	0.0	0.0	75.49524762754808	88.8489862826155	0.0	0.0	0.0
GSM4138111_HNSCC_1_TIL_GATTCAGGTGAGCGAT	0.0	0.0	0.0	29.409788801364677	129.7136209579803	0.0	12.632551849935528	0.0	0.0	0.0	0.0	0.0	0.0	0.0	0.0	98.95211187780104	0.0	0.0	10.535813490705857	7.764137191552953	0.0	0.0	0.0
GSM4138111_HNSCC_1_TIL_GGATTACAGTTGCAGG	488.524750658165	146.72239054449363	0.0	0.0	233.1357363650689	0.0	24.317524371885522	0.0	0.0	0.0	0.0	0.0	0.0	0.0	0.0	0.0	0.0	0.0	0.0	6.514402859134648	0.0	0.0	0.0
GSM4138111_HNSCC_1_TIL_GGTGAAGTCATCTGCC	0.0	0.0	0.0	0.0	269.3141181155577	0.0	0.0	326.44791367968924	0.0	0.0	0.0	0.0	0.0	0.0	0.0	0.0	0.0	31.48249952528668	0.0	49.42806606654308	0.0	0.0	0.0
GSM4138111_HNSCC_1_TIL_GTGAAGGGTATATGAG	0.0	0.0	21.215319833055794	0.0	458.24063662365427	0.0	0.0	240.21321879332856	0.0	0.0	0.0	0.0	0.0	0.0	80.02287015675779	195.47331748536615	0.0	44.1673362600709	0.0	0.0	0.0	0.0	0.0
GSM4138111_HNSCC_1_TIL_GTTTCTAAGCCAGAAC	5.050925410978695	0.0	0.0	0.0	179.24787459889097	0.0	0.0	3.587610102399849	0.0	0.0	0.0	0.0	0.0	0.0	0.0	0.0	0.0	17.34177170349419	0.0	171.3263743979407	0.0	0.0	0.0
GSM4138111_HNSCC_1_TIL_TAAGAGACATCGGTTA	0.0	61.72841310788158	0.0	0.0	173.14450823834954	0.0	49.18574173939776	385.6313243459286	0.0	37.1579289525624	0.0	0.0	0.0	0.0	0.0	0.0	0.0	0.0	0.0	0.0	85.27840266966807	0.0	0.0
GSM4138111_HNSCC_1_TIL_TATTACCGTTGTTTGG	0.0	0.0	0.0	0.0	0.0	0.0	46.23074636614621	0.0	0.0	0.0	0.0	0.0	0.0	495.52393077613783	0.0	0.0	325.0658237494434	0.0	0.0	0.0	0.0	0.0	157.80855643501658
GSM4138111_HNSCC_1_TIL_TGGTTAGAGTTTAGGA	0.0	110.03922586257895	79.91020104144509	0.0	102.33129010674297	0.0	18.570915556336995	162.75380851619914	0.0	0.0	32.32608465081063	0.0	0.0	0.0	0.0	0.0	0.0	0.0	0.0	30.450231614500037	0.0	0.0	0.0
GSM4138111_HNSCC_1_TIL_TTGACTTCATCGACGC	0.0	0.0	0.0	0.0	241.01428101389314	0.0	26.545469867771445	95.32684438987752	0.0	0.0	0.0	0.0	0.0	0.0	0.0	0.0	0.0	0.0	0.0	118.08663303648332	0.0	0.0	0.0
