	1	2	3	4	5	6	7	8	9	10	11	12
GSM4138111_HNSCC_1_TIL_AACTCCCGTCATATCG	503.12205466940486	33.8247487955778	0.0	26.011093072071624	0.0	35.37703859235867	39.83695332403037	20.225486262133167	23.391281217456758	0.0	0.0	65.22016851288416
GSM4138111_HNSCC_1_TIL_AGTGGGATCACCCGAG	560.3285668351206	23.620509042345155	0.0	12.722029301647416	3.600810327437993	109.26999818780963	0.0	0.0	0.0	1.8155864028617732	0.0	13.15987495458503
GSM4138111_HNSCC_1_TIL_ATCCGAAGTCGTTGTA	504.45768549498445	22.883498446740035	0.0	50.131231437661036	0.0	35.33669064131386	31.147068575464555	2.7657304412743096	28.26140943885474	21.34975565418134	0.0	0.0
GSM4138111_HNSCC_1_TIL_CAGCGACAGGGATGGG	638.623756273879	27.280645103555344	0.0	13.507823636936816	0.0	0.0	0.0	0.0	62.373783879438086	0.0	0.0	0.0
GSM4138111_HNSCC_1_TIL_CGGACACTCATATCGG	391.1354659446836	80.02425579604518	1.1254167667437174	26.956044321293174	0.0	56.35551842661344	16.709946483737067	82.14907191483948	38.09045180061153	0.0	14.110384273198532	23.154148296009897
GSM4138111_HNSCC_1_TIL_TAGTTGGGTCTCCACT	553.4958614185822	0.0	0.0	0.0	72.64308057960429	0.0	0.0	39.84028248363639	0.0	0.0	0.0	51.58537462586873
GSM4138111_HNSCC_1_TIL_AAAGATGAGCATGGCA	355.9544028952185	0.0	196.81342225672051	18.782417829037804	0.0	126.25640426545785	27.008989349663455	29.99032004561184	0.0	0.0	19.360891311245947	0.0
GSM4138111_HNSCC_1_TIL_AGCAGCCTCCTACAGA	384.42623743858013	0.0	166.21669477443507	0.0	0.0	101.56083945443447	5.615415177963114	65.56215796234338	4.2940254262147235	0.0	0.0	0.0
GSM4138111_HNSCC_1_TIL_AGGTCATTCAAGCCTA	329.1782195830682	51.41428225865239	59.54902540707075	49.67788985899071	0.0	89.00386181914061	45.8591441948347	24.813456815513398	27.002554732309157	0.0	30.31527716673495	0.0
GSM4138111_HNSCC_1_TIL_ATGCGATGTGATGTCT	702.5967405629593	77.85373872756556	254.43251604564207	90.49837887612776	0.0	111.40097976173777	29.842434152442582	145.78100323319816	73.32483163025928	0.0	249.63816456814203	21.78421740117068
GSM4138111_HNSCC_1_TIL_CCAGCGATCACTTCAT	483.8859852672403	0.0	391.89444529070505	0.0	0.0	140.55011042002096	0.0	16.553621940246817	0.0	0.0	0.0	0.0
GSM4138111_HNSCC_1_TIL_CCCATACGTCTGATTG	162.98554928870416	53.92628726324451	113.48258369068088	34.40592722614236	0.0	46.428820231222886	59.534462662316216	84.32333541771162	80.84954975340337	0.0	47.63076431401132	0.623221663882756
GSM4138111_HNSCC_1_TIL_CGTTAGAGTTTACTCT	375.3232957225748	0.0	47.529714903304416	88.18877644965457	112.45230406156317	172.8738401464367	18.106898319728828	128.85193904632513	83.872602683496	59.92389051403581	0.0	34.318793690265146
GSM4138111_HNSCC_1_TIL_CTAGCCTAGGTCATCT	625.8108201662235	56.603883357354036	238.1116353098749	0.0	0.0	185.682934678079	26.165360814073587	143.7777061943645	0.4044039283683785	0.0	0.0	0.0
GSM4138111_HNSCC_1_TIL_CTCGTACTCAGCCTAA	497.05768085808586	0.0	105.78485068142685	3.237528870143569	0.0	109.95179901445195	14.697497250982485	0.0	41.0288820241005	0.0	0.0	0.0
GSM4138111_HNSCC_1_TIL_GAAATGATCTAACCGA	637.0106804512211	0.0	712.0321670799182	39.40832980503274	96.50502843932598	88.67703897916668	0.0	18.162127010494505	103.7106667840947	52.60935496355187	0.0	738.541990503827
GSM4138111_HNSCC_1_TIL_GGCCGATAGAAGCCCA	310.26307772087534	51.16325105301105	76.55369225709235	24.206352989314702	0.0	37.41875451693687	24.898028605557464	66.76183989044634	38.31111385926836	0.0	0.0	11.803186258244807
GSM4138111_HNSCC_1_TIL_GGCCGATAGCCCTAAT	434.9663608643387	67.32084706483289	202.96552071359596	92.07169828524263	0.0	144.13272510812794	25.89116280871979	176.74485385566862	144.0542701979312	0.0	39.448570560510085	18.672315158823
GSM4138111_HNSCC_1_TIL_GGCGACTAGTTTCCTT	165.312708340938	5.983948620496149	147.29428489501908	0.0	0.0	77.58549101878064	4.306548272789825	17.678141343243254	96.71640835037387	18.97683138860354	0.0	0.0
GSM4138111_HNSCC_1_TIL_GGGACCTAGTTAGGTA	386.6634867619334	37.27006237996277	521.5861335194085	29.385537632333108	0.0	254.61590282151275	94.0368605280718	225.38154409024122	153.135519131834	164.4868566455292	0.0	0.0
GSM4138111_HNSCC_1_TIL_GTCAAGTTCAGCACAT	360.55654265167124	50.50896253509343	173.07901305569152	34.88485611406551	0.0	100.80104989653063	29.401834584971454	50.449010485365015	66.46752985688457	38.83918114400137	0.0	27.06410926039855
GSM4138111_HNSCC_1_TIL_TAAACCGTCCAGTATG	715.125814155488	44.24976682050655	164.2385200170387	2.018516116742678	0.0	150.4041658924586	24.010246186815483	56.47752478086664	40.67666729677425	0.0	0.0	0.0
GSM4138111_HNSCC_1_TIL_TATGCCCGTCTCATCC	213.3027553342476	11.66271356842559	218.95715438394186	0.0	0.0	127.84464328164711	56.306765588565504	0.0	59.398036462825424	0.0	0.0	0.0
GSM4138111_HNSCC_1_TIL_TTTACTGAGTAGGCCA	562.1463445655869	43.122193584121995	281.5012157285917	13.279178988429042	0.0	90.63782255497081	6.11114531073411	33.54052658206875	0.0	0.0	57.40072176977641	2.667521946610706
GSM4138111_HNSCC_1_TIL_AACTTTCTCGCCAAAT	293.69840332577115	81.5371024016463	1268.5617936302524	56.75514298201529	0.0	126.65148181266548	28.499542637874942	0.0	65.44450002080409	35.07978397283014	0.0	0.0
GSM4138111_HNSCC_1_TIL_ACATCAGGTGTTCTTT	350.47923993805983	0.0	267.21563584118724	1.6772973838196907	0.0	97.52370701445139	0.0	34.27134630699335	84.49157141573811	41.647378583584576	0.0	45.960656512390266
GSM4138111_HNSCC_1_TIL_ACGATACCACATTCGA	348.24012795814315	64.78435125672131	1175.011783998418	42.904422468689496	0.0	133.88323201753067	54.56783240929853	0.0	108.37298038469328	11.17623586157829	0.0	2.9823362078461764
GSM4138111_HNSCC_1_TIL_ACGGCCAAGGGTCGAT	286.27427241329656	0.0	277.9814703555485	37.70601511970441	0.0	58.93670624845169	6.22702634461782	53.51513450583389	20.853009331536754	0.0	0.0	30.265013216333312
GSM4138111_HNSCC_1_TIL_ACTGAGTTCTCTGTCG	185.4305764947802	9.580652481042446	365.8879487848118	27.64050903086653	0.0	117.93107530848562	0.0	80.48177390200152	83.99899280397406	39.3764607502917	0.0	9.745778289435586
GSM4138111_HNSCC_1_TIL_ACTTTCATCCCACTTG	262.47921195649985	36.24660190944217	242.7857977484707	54.28800940122656	0.0	162.7340840713085	91.20059522373428	101.28551695745668	135.79825305703534	0.0	182.88648844977277	5.853754011005581
GSM4138111_HNSCC_1_TIL_AGCAGCCGTGAACCTT	81.54491533496167	30.422598880859315	133.2148088170687	25.492197231751415	0.0	65.02837047171816	60.42225180452665	69.82206802778092	94.68567107787757	46.77142525214478	0.0	0.0
GSM4138111_HNSCC_1_TIL_AGGGATGTCGCCGTGA	268.35753691197084	35.80909937516893	164.49966434531817	4.467632862280438	0.0	181.8531403028933	35.516948848522276	23.608844050571363	0.0	0.0	0.0	0.0
GSM4138111_HNSCC_1_TIL_ATCATCTGTAGCGTGA	174.30995337066472	0.0	1115.7107545133515	44.59132339702558	21.405074645640884	130.92540429742317	27.346028299490094	25.435002768949417	5.342119207604477	35.89202959425573	0.0	35.501024957977606
GSM4138111_HNSCC_1_TIL_ATCGAGTTCATTATCC	375.5830774463818	58.365911190430076	357.1260658183856	20.68729141575517	0.0	119.0227131973212	17.706416616074026	31.442070003255353	80.44484743112751	69.95472506220818	28.482748981399826	38.919398426472014
GSM4138111_HNSCC_1_TIL_ATCTGCCAGGATGGTC	0.0	8.535931015350693	513.3136628293124	10.73058111047099	0.0	41.98659927269815	24.712724186536214	179.11194261500924	30.0355859585935	0.0	16.280830259700807	0.0
GSM4138111_HNSCC_1_TIL_ATTTCTGGTACACCGC	439.35647096973236	0.0	503.7584571225781	0.0	0.0	20.30754469839894	5.14194019529509	16.453516339882977	5.62843587228122	0.0	0.0	0.0
GSM4138111_HNSCC_1_TIL_CAACCAATCTATCCCG	145.20552501333347	18.33493556022246	835.7097182639579	21.271512571468804	0.0	351.63504180984035	77.33502026546404	0.0	112.94839524778183	0.0	0.0	0.0
GSM4138111_HNSCC_1_TIL_CACACAACATCTACGA	114.19600768681532	0.0	356.58984543943086	14.21758098697941	0.0	108.60557604124784	42.6397382241622	72.99915710877433	15.421423006961756	0.0	0.0	0.0
GSM4138111_HNSCC_1_TIL_CACCTTGTCCGGGTGT	1369.5395481122096	60.76418202737748	891.0006053269451	14.82249224805138	0.0	288.77714037565954	127.62909742504243	266.13031193480424	302.74830653708494	95.678704966304	0.0	0.0
GSM4138111_HNSCC_1_TIL_CATGACACAATGGAGC	437.0811188457223	21.74717207378205	695.5973825972343	14.65895839202105	0.0	71.6851759502209	24.25853015489142	181.0565331947483	154.3722960222521	0.0	89.69344731537639	0.0
GSM4138111_HNSCC_1_TIL_CCACTACTCACAATGC	757.3661318949731	0.0	252.4602683524606	0.0	0.0	66.7213952436072	6.681331092114773	8.004145940241838	0.0	0.0	0.9547753324890015	0.0
GSM4138111_HNSCC_1_TIL_CCCAGTTGTAGTAGTA	235.60661505967437	0.0	214.12280859103393	1.360485059131116	0.0	79.80414719124526	79.1666361924825	11.293862436680332	63.956299273062285	0.0	0.0	0.0
GSM4138111_HNSCC_1_TIL_CCGTGGATCCCTTGCA	605.0648162136621	0.0	260.10870095589087	9.881516514353228	0.0	159.4734289780911	2.020832860097291	127.48973742182119	0.0	0.0	0.0	0.0
GSM4138111_HNSCC_1_TIL_CGCGGTATCATACGGT	100.45963148768396	11.850206015541204	652.5307533062205	0.0	0.0	0.0	52.41038235000077	35.256785235456725	53.16743900727226	46.27791048967768	0.0	0.0
GSM4138111_HNSCC_1_TIL_CGGACTGAGCCGTCGT	144.1585356247807	0.0	467.57552054787476	0.0	0.0	178.41537037134793	50.20583048649212	51.161982556197664	0.0	0.0	0.0	0.0
GSM4138111_HNSCC_1_TIL_CGGAGCTTCGAACTGT	105.91214008439776	73.78868296067475	1103.319747671905	121.25556560213553	0.0	94.6402961909104	178.91707085501665	240.49519276339046	457.0408506256089	251.631345554107	0.0	58.00525003148802
GSM4138111_HNSCC_1_TIL_CGGAGTCGTATGAATG	324.84710441784	0.0	246.40062543725693	21.06905263047211	0.0	192.84554233091885	0.0	37.64191261020945	10.32994514829436	0.0	0.0	5.500923791759866
GSM4138111_HNSCC_1_TIL_CGGTTAAGTCGACTAT	664.9375513565938	81.80532125167072	416.4803367994172	21.372566237713798	0.0	56.93838882393487	5.358241049293473	20.161136015249923	16.297610817605648	0.0	0.0	0.0
GSM4138111_HNSCC_1_TIL_CGTCTACAGCCTATGT	272.9117495303355	75.36618424733783	328.52249304202695	21.80359209894448	0.0	50.62195030561113	62.4574292774743	71.40395174392276	69.50148526438628	55.87883273706121	0.0	26.05067970897133
GSM4138111_HNSCC_1_TIL_CGTGTCTGTCTCCACT	350.811046876522	51.31102006585147	655.2333098590933	19.990914824815984	0.0	127.08384303991215	70.30575965390432	175.30975219229913	327.3563263579193	68.56120194665309	44.759796784156656	0.0
GSM4138111_HNSCC_1_TIL_CGTTAGAAGAGCTATA	93.79357429235309	7.141181503334809	368.16168834622226	0.1879000330404821	0.0	78.14833102303115	50.3615126917739	71.16938294249525	0.0	0.0	23.172145723650008	0.0
GSM4138111_HNSCC_1_TIL_CTGCTGTGTCCGAGTC	336.2871822621558	11.472816417537086	147.27005839196025	35.95621427081495	0.0	148.66947111777952	7.343285054794177	55.24311790026816	32.92701232365175	33.28729414709115	0.0	0.0
GSM4138111_HNSCC_1_TIL_CTGGTCTGTCCGTGAC	159.27704772877428	34.37216795824803	1496.2749683769266	0.0	0.0	153.32217657299776	149.33871699289298	54.52636262917436	164.63722299190658	26.342390861996236	0.0	8.561344549561024
GSM4138111_HNSCC_1_TIL_CTGTGCTTCGTCCGTT	463.24569044464715	0.0	512.6114332676921	24.183478683278288	0.0	112.99138814754927	0.0	44.554254968667955	0.0	28.934479129716212	0.0	24.724917501292406
GSM4138111_HNSCC_1_TIL_CTTCTCTGTCTTGCGG	136.79457607010377	0.0	417.2236767539362	25.15492542669606	0.0	16.037928412634553	14.094547204153157	0.0	0.0	0.0	0.0	38.62616665474273
GSM4138111_HNSCC_1_TIL_GAATGAACACGTCAGC	0.0	0.0	0.0	0.0	0.0	0.0	0.0	0.0	5959.409701419462	0.0	0.0	0.0
GSM4138111_HNSCC_1_TIL_GACTAACGTAGAAGGA	140.458893584934	25.030686344919978	331.82351212064185	0.0	35.83647040734361	78.82255420339999	0.0	0.0	55.956531088521	213.32212481347335	0.0	40.13815397296937
GSM4138111_HNSCC_1_TIL_GATCGATTCAGAGACG	0.0	0.0	2312.134816891981	0.0	0.0	0.0	0.0	0.0	0.0	0.0	0.0	0.0
GSM4138111_HNSCC_1_TIL_GGGAATGAGCTGTCTA	0.0	0.0	685.2177088012594	12.402556495974613	0.0	43.118292959646034	0.0	41.43767308089553	40.55529498995786	0.0	0.0	0.0
GSM4138111_HNSCC_1_TIL_GGGAGATGTGTGCCTG	379.9762687258451	50.35830609542967	435.90257464159237	23.33194019218042	0.0	54.34609046517488	69.65194884275859	37.84563996424769	197.28208133935388	44.74994009011142	0.0	0.0
GSM4138111_HNSCC_1_TIL_GGGTCTGTCCACGAAT	569.4797195193889	172.62645862541865	998.7470148577694	88.63840417049157	0.0	293.6016616412326	41.65825360694134	255.6045360154255	232.19569503857494	42.78854932846753	0.0	88.87601920830579
GSM4138111_HNSCC_1_TIL_GTCGGGTAGTCAATAG	192.7909042518903	0.0	230.5864558827543	9.58533531820119	0.0	109.07343339952985	12.085943257555215	76.99805924006759	0.0	0.0	0.0	0.0
GSM4138111_HNSCC_1_TIL_GTCTCGTCACCCATGG	204.325120044296	6.474360900269888	360.03881052932917	0.0	0.0	100.43500894444011	28.1329209832612	0.0	19.176652736089597	20.89284533584604	0.0	0.0
GSM4138111_HNSCC_1_TIL_GTCTTCGGTTGATTCG	108.26114569237723	0.0	847.180204293328	0.0	0.0	38.70479712470107	53.69194554035586	17.03211618933381	150.35805825736244	0.0	0.0	0.0
GSM4138111_HNSCC_1_TIL_GTGCAGCCAGTTTACG	301.1703801425217	0.0	320.7255407492082	0.0	0.0	0.0	20.999164523545897	12.706574202437638	52.250587900053894	20.019570793165627	0.0	0.09491430383010852
GSM4138111_HNSCC_1_TIL_GTTAAGCGTGCTGTAT	306.671643307871	24.82076099549641	561.7662673963262	0.0	0.0	240.53401717711913	120.54406096587607	132.49180384777117	5.069149770085093	0.0	0.0	0.0
GSM4138111_HNSCC_1_TIL_TACTCGCCACACATGT	234.67266827200203	0.0	972.5003755426698	46.49822047024245	0.0	155.7337891271647	80.72160027785439	95.45019470911399	291.21870053467535	133.31319328214306	0.0	0.0
GSM4138111_HNSCC_1_TIL_TACTTACGTGTGACCC	368.3483063469578	22.670335879768494	315.2380910657074	12.509079722556292	0.0	187.81266268691476	65.06160451508991	28.384288595674835	55.700423136263	0.0	1.7058537185789868	0.0
GSM4138111_HNSCC_1_TIL_TCATTTGCAAGTAATG	327.2476558251898	56.80036355249366	148.79619028650126	23.14529796695341	0.0	104.89674749196833	36.678776584887736	67.32190577961725	39.09699899011994	3.361082493420413	0.0	0.0
GSM4138111_HNSCC_1_TIL_TCTATTGGTGTTTGTG	134.82299291935837	0.0	467.8946769043407	0.7396015308118561	0.0	114.97313841869331	61.97573274361153	25.00687463693212	130.32346755281122	50.80113181435132	0.0	0.0
GSM4138111_HNSCC_1_TIL_TCTCTAATCGTCTGCT	445.7600472438344	0.0	264.61905842232085	0.0	0.0	38.99204970083102	13.815476251845167	0.0	8.339782905880863	50.321328324656896	0.0	8.023012252659857
GSM4138111_HNSCC_1_TIL_TTCTACACACCGGAAA	164.71199152956817	0.0	939.631511586915	23.464625352276762	0.0	195.2869417463722	45.029019238050665	129.2101923840153	147.61665898971566	14.460297634197385	0.0	0.0
GSM4138111_HNSCC_1_TIL_AGTGTCACATTAGCCA	420.62755794739627	0.0	0.0	0.0	0.0	73.59315076333772	0.0	30.523493121577456	143.40248169890884	0.0	78.25466769767134	0.0
GSM4138111_HNSCC_1_TIL_GCGGGTTTCTCAACTT	628.3295833541846	0.0	0.0	40.91467458235398	6.792043610146785	114.29163183808673	88.34510169953975	63.98724181874537	212.98923056497085	58.20595566203177	0.0	25.823287002760434
GSM4138111_HNSCC_1_TIL_GCTCTGTGTCTAGTCA	1052.577416092367	14.737378565815511	0.0	47.79655807725906	0.0	8.44005096329396	246.92261371072044	187.64438215550237	355.0251355712741	0.0	127.7934877843324	0.0
GSM4138111_HNSCC_1_TIL_GGACAAGAGGAGTACC	529.2523764534764	8.240425654352979	0.0	69.70681425149283	0.0	82.25843989385058	48.85392541377077	51.72318174386586	162.6327290512524	0.0	60.008627265886176	0.0
GSM4138111_HNSCC_1_TIL_GTCCTCAAGATGCCTT	962.319852550881	0.0	0.0	0.0	0.0	62.55212418976705	66.98140770101223	96.03544901949194	238.60136685737842	0.0	136.95424084153268	0.0
GSM4138111_HNSCC_1_TIL_TTTCCTCTCTCGCTTG	840.744336048558	156.33597043339302	0.0	91.63094050867255	0.0	42.09211478857259	76.13318720627902	71.02048143639523	188.56627071826972	0.0	99.54491731013748	28.48181670992476
GSM4138111_HNSCC_1_TIL_AAACCTGTCTTCGAGA	960.8881207754074	0.0	0.0	0.0	0.0	0.0	7.8446146854315835	0.0	0.0	0.0	0.0	0.0
GSM4138111_HNSCC_1_TIL_ACACCCTTCACAGGCC	644.1344630793031	39.01547267687222	0.0	105.03757207582098	0.0	43.76662293230354	20.375444054786257	84.07113947507001	178.00037835946102	0.0	128.39524654929048	16.260478413317273
GSM4138111_HNSCC_1_TIL_ACGGCCAAGTGGAGTC	824.1721987124617	0.0	0.0	0.0	0.0	0.0	0.0	0.0	19.266494766356242	0.0	0.0	0.0
GSM4138111_HNSCC_1_TIL_ACGTCAAGTAACGCGA	639.2550984888222	7.764081113229331	0.0	0.0	0.0	18.43479326492136	12.515827936330465	0.0	94.14355073326983	0.0	0.0	0.0
GSM4138111_HNSCC_1_TIL_ACTATCTGTCTCTCTG	1027.2220207490343	0.0	0.0	0.0	0.0	0.0	1.142754166702623	0.0	0.0	0.0	0.0	0.0
GSM4138111_HNSCC_1_TIL_ACTTACTAGCTAGTGG	611.2877735969587	3.8214213913776973	0.0	0.0	0.0	0.0	0.0	0.0	0.0	39.33780207691045	8.150358371121715	0.0
GSM4138111_HNSCC_1_TIL_ACTTGTTAGCTGTTCA	621.6184672202314	0.0	0.0	2.3915197523838407	0.0	0.0	0.7341764249320087	0.0	161.14491575231673	0.0	3.4128891888406607	0.0
GSM4138111_HNSCC_1_TIL_ATAACGCTCGCGCCAA	812.394005615403	0.0	0.0	0.0	0.0	0.0	39.69730374965577	1.2079877905673766	3.9406105173124453	0.0	9.110188612423427	0.0
GSM4138111_HNSCC_1_TIL_ATCATCTGTACCGCTG	762.6598653142672	0.0	0.0	0.0	0.0	0.0	17.452591867949664	6.904469215144058	35.538601989905075	0.0	0.0	0.0
GSM4138111_HNSCC_1_TIL_ATTGGTGCACACCGCA	772.2749356004417	10.278376334401255	13.452149076844295	21.18909946346402	0.0	7.397871475768628	5.204232706988943	24.599835721512314	0.0	0.0	0.0	0.0
GSM4138111_HNSCC_1_TIL_CAAGAAAAGGCCCGTT	593.5735953621046	14.661337825973277	6.7369904498822955	0.0	0.0	3.982701545694204	27.495321673271455	0.7284797477645125	56.00024125239646	0.0	0.0	0.0
GSM4138111_HNSCC_1_TIL_CAGGTGCGTCATGCCG	942.6998327050745	0.0	0.0	60.67308691349898	192.56804726805944	0.0	22.33611865534488	10.551177332529441	57.357231225849034	0.0	36.30200479992082	31.152598771473468
GSM4138111_HNSCC_1_TIL_CGGACGTCACTCTGTC	707.8350193395693	0.0	0.0	0.0	0.0	0.0	0.0	0.0	7.359102576582874	0.0	0.0	0.0
GSM4138111_HNSCC_1_TIL_CGTCACTGTCCAGTGC	782.372998793779	0.0	0.0	6.250321288235289	0.0	0.0	30.28521780554016	0.0	41.718848225650326	0.0	9.095615230182657	0.0
GSM4138111_HNSCC_1_TIL_CTAATGGTCTGCAGTA	941.9936431977848	0.0	0.0	41.25727402266282	126.56838572188728	0.0	54.60916720198213	46.38144921407065	153.97137284543734	0.0	28.950851345288505	73.37574747128608
GSM4138111_HNSCC_1_TIL_CTGAAACGTTCCCGAG	655.640028411053	0.0	0.0	6.085661598440703	0.0	0.0	6.793430191501069	0.0	22.517870594872235	6.477882821984244	0.0	0.0
GSM4138111_HNSCC_1_TIL_CTGCTGTCATGTCGAT	690.2579358824702	0.0	8.479240329849079	0.0	0.0	0.0	0.0	16.191196852700003	0.0	0.0	37.413430046518336	0.0
GSM4138111_HNSCC_1_TIL_GACAGAGCAGCCAGAA	729.9889479523629	29.856674600755742	0.0	3.861823429943909	0.0	0.0	15.778495008294122	0.0	29.105007866179257	0.0	11.548172499431445	0.0
GSM4138111_HNSCC_1_TIL_GCGCCAAGTCATGCCG	1046.4759126860372	28.140579788345597	0.0	26.563920558998234	0.0	50.25333102081299	17.736433485400774	43.872851720653124	67.96363974637268	0.0	47.82750836448005	0.0
GSM4138111_HNSCC_1_TIL_GCTGCAGAGCGCTCCA	786.9662541308577	0.0	0.0	0.0	0.0	3.578781797251019	0.0	0.0	0.0	0.0	4.736233314116044	0.0
GSM4138111_HNSCC_1_TIL_GGCTGGTAGGCCCTCA	627.2044675841611	0.0	0.0	0.0	0.0	23.783115154665524	0.0	0.0	0.0	0.0	45.164094758291	0.0
GSM4138111_HNSCC_1_TIL_GTGTTAGCAAAGAATC	403.1782415503516	0.0	27.70110524532946	6.189363011419543	0.0	0.0	10.654913839825246	0.0	93.6586229912567	0.0	22.689245592432385	0.0
GSM4138111_HNSCC_1_TIL_TACTCGCGTTCCACTC	828.5228412178199	10.544841957080061	0.0	0.0	0.0	0.0	0.0	0.0	20.786215491862976	0.0	0.0	24.122621471548754
GSM4138111_HNSCC_1_TIL_TAGGCATGTAGCTGCC	641.7984519221854	0.0	0.0	26.90858322762042	0.0	0.0	0.0	22.04336818557756	0.0	0.0	26.91777209223665	6.505763907446282
GSM4138111_HNSCC_1_TIL_TGAGCCGCAGTAACGG	760.3300259793776	4.282369093819735	0.0	7.556750994909495	0.0	21.935551079472617	0.0	0.0	12.96242128688405	0.0	5.222765320009858	0.0
GSM4138111_HNSCC_1_TIL_TGAGGGAGTCTTCTCG	591.6939199187385	2.2552694242786684	0.0	0.0	0.0	0.0	8.043173114008894	0.0	35.72983630918126	0.0	3.1413341088019076	0.0
GSM4138111_HNSCC_1_TIL_TGCCCATAGAGCTATA	814.093377631893	13.787597620154425	0.0	0.0	0.0	0.0	23.770260198473594	65.10952338823833	128.46139186105466	0.0	76.71472934524128	0.0
GSM4138111_HNSCC_1_TIL_TGTATTCGTAAGGATT	725.3869101240203	0.0	0.0	0.0	12.321202310508271	33.68071010661235	0.0	7.706281767205192	36.565891534874524	0.0	0.0	0.0
GSM4138111_HNSCC_1_TIL_TTCGAAGAGACGCACA	711.3467699365765	0.0	26.533792724047007	0.0	0.0	1.9609922311522352	52.11887799170876	20.366326591987974	30.704865498704596	0.0	0.0	0.0
GSM4138111_HNSCC_1_TIL_AGAGCTTAGTCTCAAC	681.3241607721262	0.0	0.0	0.0	0.0	0.0	0.0	27.16833020431498	0.0	0.0	0.0	10.159058225939086
GSM4138111_HNSCC_1_TIL_AGCGTATTCAAAGACA	750.6994619213001	34.59302746450326	0.0	8.056676944330924	0.0	55.76066005790661	10.31703088363306	44.29606969027114	76.88255998135794	25.540006693608973	0.0	0.0
GSM4138111_HNSCC_1_TIL_ATCCACCAGGTGTTAA	682.649508128596	48.26981437760052	0.0	11.872974844546988	0.0	48.015794200240734	70.79016725749953	40.93065538937246	41.38319963461656	0.0	20.366024476695717	15.379449373107631
GSM4138111_HNSCC_1_TIL_CAACCAACACAGACTT	644.0869882375949	63.71144349564913	0.0	18.598301771157203	0.0	48.26827300798256	46.330258414448174	76.60620946107771	65.14256121459019	69.23148305941055	0.0	24.48859278639462
GSM4138111_HNSCC_1_TIL_CAACTAGTCGCGTTTC	1070.0150185093096	0.0	38.775664422993366	37.3428776653046	72.587940067768	66.13344698567562	73.35363244640226	5.7987547156625245	93.5224208260608	56.16710046468449	0.0	109.2921307716646
GSM4138111_HNSCC_1_TIL_CAGCTGGCAATAGAGT	554.5127582785759	13.506068962578658	4.090744574471912	4.607861896828582	0.0	0.0	9.130518763941586	21.554320050487917	78.67731748740245	75.46512600088468	0.0	63.87131553689536
GSM4138111_HNSCC_1_TIL_CAGTCCTAGGCATGTG	484.97126087592784	21.04889869989707	0.0	47.89865585310178	0.0	74.86135394997672	20.197551930977287	23.600728204556805	44.540737880580345	128.2574706518909	0.0	8.550530939722307
GSM4138111_HNSCC_1_TIL_CCACTACAGCACAGGT	598.4897005159494	16.417073719879028	0.0	0.0	0.0	27.967910500856284	0.0	19.17742649110336	2.7678812732591007	0.0	35.765217963548935	0.0
GSM4138111_HNSCC_1_TIL_CCACTACCATTAGCCA	382.0735871786253	17.071113979523	13.766375863637142	26.178427938061716	0.0	32.35092722410009	64.77740467639387	65.33737382999242	55.6395092752567	16.833453691482987	0.0	0.0
GSM4138111_HNSCC_1_TIL_CCAGCGATCAATCACG	568.0397856955987	43.13872381768774	37.663980979065656	49.102166359598975	0.0	100.03279102364162	0.0	9.821736452098662	10.89281959729465	0.0	97.69962417871245	17.95682936617508
GSM4138111_HNSCC_1_TIL_CGGACGTTCTTGCAAG	639.1644670267044	29.79787785388078	0.0	33.233932751935995	0.0	30.726070984286707	0.0	44.050964895516344	51.203296720590956	0.0	84.16852487316528	0.0
GSM4138111_HNSCC_1_TIL_CGTTAGACAACACCCG	485.2862518808998	0.0	59.441818152387796	0.0	7.0139559560906095	34.724107334499166	0.0	18.543865882152755	10.341249830729343	0.0	23.56108466005757	10.453801252848562
GSM4138111_HNSCC_1_TIL_CTGCGGACAGTCAGCC	501.07893039389245	0.0	0.0	2.633820560741207	2.502509729384051	25.4406960185575	0.0	0.0	0.0	0.0	13.787582441553768	19.079510820340307
GSM4138111_HNSCC_1_TIL_GCAGCCAGTGATGCCC	337.40902171748246	19.68394349861935	67.4768780915107	21.62632885450423	0.0	106.11975148046392	18.510435725648023	44.76440190641163	30.951495949293044	8.413133441669542	16.19014425308483	0.0
GSM4138111_HNSCC_1_TIL_GGCTGGTGTGCCTGTG	591.1950705432515	13.524671067451871	0.0	0.0	0.0	18.496634816604487	0.0	9.542404165200676	53.93619682829735	21.95329262063202	0.0	6.079040353711311
GSM4138111_HNSCC_1_TIL_TGACGGCAGCGTCAAG	587.355357399978	21.33347751158461	0.0	37.444484272771476	0.0	38.52146502203991	25.92673687049015	40.245644136896715	75.07450822133147	0.0	35.56389887013605	0.0
GSM4138111_HNSCC_1_TIL_TGCGCAGAGCATGGCA	571.5345696138027	43.485965033074905	0.0	10.753629387619025	0.0	36.752635847343036	0.8977286663845949	6.723565510199241	0.0	0.0	0.0	21.74756312806368
GSM4138111_HNSCC_1_TIL_ACGGAGACAGGACGTA	274.4150744432305	8.328568683778665	0.0	30.443424137714054	0.0	21.596240502438345	22.102888399230068	54.11486904003616	82.4916826672785	74.33249804990557	0.0	51.854473733766696
GSM4138111_HNSCC_1_TIL_AGATCTGAGTCAAGCG	1167.4282184033573	74.88189156420077	0.0	13.109497438103494	0.0	25.67182012228631	30.0218159844397	85.95654078771895	158.1693052264871	0.0	142.32459678855116	0.0
GSM4138111_HNSCC_1_TIL_ATAAGAGAGAGTCTGG	442.29547154242897	0.0	0.0	52.85882089740261	39.302383494524335	25.76486953700424	64.0622307115433	134.6440221039827	67.31893477019115	0.0	115.54757924447865	4.86018889733846
GSM4138111_HNSCC_1_TIL_GAACGGAAGGGATACC	454.06881734382875	88.21549290437122	0.0	57.06554166847076	0.0	43.866982699670686	116.51245681565621	84.15042354500318	153.87800561451044	0.0	103.65340851311683	0.0
GSM4138111_HNSCC_1_TIL_GACGCGTTCTAACTCT	341.27132064366526	25.24710197212841	38.810509067742245	16.41935783628228	0.0	0.0	59.2592678775285	95.1562432912471	89.18798024259794	115.0995425107199	0.0	0.0
GSM4138111_HNSCC_1_TIL_GATGCTAGTAAATGTG	606.090146054536	8.574375336418026	0.0	15.325622682069053	0.0	18.205619565462793	100.81990455866816	53.198665497280686	91.80399621790733	0.0	0.0	19.484791972754305
GSM4138111_HNSCC_1_TIL_GTGAAGGTCGTACCGG	994.0977335716811	150.79862900937135	93.02452215803841	76.001099671053	0.0	175.54882687455535	48.779953393177685	130.7185947540913	132.20912692515614	0.0	30.471640636231516	0.0
GSM4138111_HNSCC_1_TIL_TGCTACCTCGGATGGA	499.3260832336506	0.0	0.0	0.0	0.0	0.0	40.76163968655615	139.5605274916153	76.45169467638442	62.354861814987665	5.125817794742905	0.0
GSM4138111_HNSCC_1_TIL_ACATACGAGTCATGCT	453.06115215113994	3.0983098121184454	83.13616749880134	23.562245517785687	0.0	46.44567003810281	24.065282660661087	68.73365125884993	25.679957088193795	32.19125916489217	0.0	0.0
GSM4138111_HNSCC_1_TIL_CAACCTCGTTCAACCA	604.9578266968814	0.0	51.033975735587205	0.0	0.0	64.94079569836859	0.0	0.0	0.0	0.0	0.0	0.0
GSM4138111_HNSCC_1_TIL_CAACTAGTCACCATAG	846.9959918563201	33.338079232384814	30.890539241860157	28.357963387742778	0.0	125.20033316634414	52.39247486762534	26.611116254542768	52.01808379484888	0.0	16.22924989901709	0.0
GSM4138111_HNSCC_1_TIL_CCAGCGAAGGGATACC	588.4921104588072	0.0	93.35841262472596	26.432976065510854	0.0	49.63291207646312	44.45719073259836	28.598823485506607	0.0	0.0	0.0	0.0
GSM4138111_HNSCC_1_TIL_GAAATGAGTCTAGTCA	661.4539504254161	6.302221207792411	0.0	0.0	0.0	56.66671057195963	0.0	12.510641233566867	0.0	0.0	0.0	0.0
GSM4138111_HNSCC_1_TIL_GCAGTTACATAGAAAC	900.1217015029473	0.0	31.65779943987536	0.0	0.0	0.0	0.0	33.601356609979234	0.0	0.0	0.0	0.0
GSM4138111_HNSCC_1_TIL_GGTATTGCAGGAATGC	832.0442760679678	0.0	43.10485894682618	0.0	0.0	0.0	0.0	57.53726950135595	0.0	0.0	0.0	0.0
GSM4138111_HNSCC_1_TIL_GGTGTTACATTAGCCA	413.038328920243	0.0	116.25953493321124	0.0	21.93537994963034	65.66854617603973	33.26361695630481	59.97906548607535	0.0	0.0	0.0	2.7247439333063372
GSM4138111_HNSCC_1_TIL_GTCTTCGAGCTAGTGG	687.8530184047811	0.0	47.366976830899475	0.0	0.0	34.152175630845086	0.0	65.26562209773037	0.0	0.0	0.0	0.0
GSM4138111_HNSCC_1_TIL_TTGCGTCCATCGGACC	836.2903056089945	0.0	55.48869630230921	0.0	0.0	0.0	0.0	0.32550347928284956	0.0	0.0	0.7932580941767503	0.0
GSM4138111_HNSCC_1_TIL_CACACCTGTACGCTGC	538.7169633348692	0.0	28.872141784624283	22.912050291701824	0.0	8.039280549088039	0.0	0.0	68.94869523074105	0.0	16.934126184019334	0.0
GSM4138111_HNSCC_1_TIL_CAGAGAGCATAAAGGT	624.7035454636537	39.13570959693924	0.0	52.913787332308644	0.0	24.711981461554974	0.0	0.0	18.85911377713891	38.76788889152562	0.0	0.0
GSM4138111_HNSCC_1_TIL_CCCTCCTCACTTAACG	782.5130896884607	8.967638013918764	35.67187819125831	1.2580563178975357	0.0	0.0	0.0	0.0	0.0	19.856041839381096	0.0	0.0
GSM4138111_HNSCC_1_TIL_CCTAAAGGTGACGGTA	778.4073869527275	0.0	11.327040380710852	0.0	0.0	0.0	7.444456969928067	0.0	9.644823930267856	11.865152937654013	0.0	0.0
GSM4138111_HNSCC_1_TIL_CCTTCGATCTTTACAC	669.4857546926756	9.15884168554577	12.046621365771669	16.675955360333408	0.0	74.76000840814511	0.0	27.32141969608508	20.457757041066046	51.38513485681435	0.0	0.0
GSM4138111_HNSCC_1_TIL_GAGCAGAGTTCAGCGC	566.7746757449174	2.1926002392311297	0.0	0.0	0.0	17.467725176877874	0.0	0.0	0.0	0.0	0.08812771998795886	0.0
GSM4138111_HNSCC_1_TIL_GGTGCGTCAGCTGTAT	594.8164429797291	0.0	19.308859538375295	0.0	22.85997739323617	0.0	0.0	0.0	60.7310133352306	0.0	8.655343286867122	9.590310205921025
GSM4138111_HNSCC_1_TIL_TATTACCCATCCCATC	631.1615018191638	3.155393810082268	2.660856286879772	0.0	0.0	24.139005401892106	0.0	0.0	0.0	67.50873738176483	0.0	0.0
GSM4138111_HNSCC_1_TIL_TGAGAGGAGCCGCCTA	657.4497313065195	0.0	18.71057647220562	0.0	0.0	25.1795649321978	0.0	0.0	40.69543780203088	0.0	8.882934846704506	0.0
GSM4138111_HNSCC_1_TIL_AGTTGGTAGTACGTTC	424.1380660049904	0.0	2.028812632437186	17.11835368108121	0.0	7.137486661431618	10.719483759170876	14.516900098713089	24.09921469012864	25.686368443553114	5.416776740996984	0.0
GSM4138111_HNSCC_1_TIL_CCCAGTTTCAGTACGT	520.3981445061431	3.5792119930160524	3.018582294407485	21.29820660712322	0.0	31.45223109234054	33.43913341791433	30.037608463485444	77.79058308624553	0.0	77.25930407522188	1.7531666724133277
GSM4138111_HNSCC_1_TIL_CCTAAAGCAAGGACTG	459.4067563436969	0.0	0.0	0.0	0.0	9.438079641404055	26.69463990190359	0.0	32.93915755969708	0.0	35.592220460402054	0.0
GSM4138111_HNSCC_1_TIL_GACGCGTTCAAACCGT	754.458785825667	3.2194243402119787	7.4278524411083815	23.498241783056432	0.0	0.0	20.854577391250945	0.0	0.0	7.464932758431331	0.0	0.0
GSM4138111_HNSCC_1_TIL_GGATGTTGTGGCTCCA	702.5861900217294	0.0	0.0	0.0	0.0	0.0	13.705656804834888	0.0	13.806705083185966	0.0	0.0	0.0
GSM4138111_HNSCC_1_TIL_ACTGATGGTGCTAGCC	708.3720048379156	109.33783372134182	0.0	20.400932069142577	0.0	61.71492278056827	19.67200005561523	0.0	11.635712353787493	0.0	0.0	0.0
GSM4138111_HNSCC_1_TIL_CCTACCACATCGGGTC	708.0734502451068	0.0	0.0	2.990252688872916	0.0	43.4206154537431	0.0	0.0	30.31806117920383	2.217821686640163	0.0	17.041511781734393
GSM4138111_HNSCC_1_TIL_CTCACACAGTTGTCGT	786.3746132060658	36.437678591282975	0.0	19.418056481918416	0.0	0.0	8.406659540898614	58.69229698996515	88.86591419055073	0.0	0.0	6.776569515667734
GSM4138111_HNSCC_1_TIL_TACTTGTTCCGCATCT	757.155869936245	0.0	33.65561454656904	0.0	0.0	58.83585574703879	0.0	39.013189153487104	114.10776116511329	0.0	99.71122694524566	0.0
GSM4138111_HNSCC_1_TIL_TGGCGCACATTATCTC	564.2345091912177	0.0	15.220362241346992	0.0	0.0	38.160032987900784	10.25005268204493	0.0	12.545053616791593	0.0	0.0	0.0
GSM4138111_HNSCC_1_TIL_AGAATAGTCTCCAACC	274.25907114709867	0.0	188.22353604618854	0.0	0.0	101.47339863257787	0.0	36.400417620094956	0.0	0.0	0.0	11.328424292626663
GSM4138111_HNSCC_1_TIL_AGCTCTCTCTAACTCT	350.5235105593903	20.575179739533546	659.44058162233	3.9855180839478344	0.0	68.97060810714154	21.07699909172771	3.392040049021375	143.1586752006949	0.0	0.0	0.23910474346345056
GSM4138111_HNSCC_1_TIL_CACACAATCCCAAGAT	760.7360700251365	0.0	212.2045211724058	0.0	0.0	78.5605789800085	0.0	25.07210563338274	14.713366676549024	0.0	0.0	0.0
GSM4138111_HNSCC_1_TIL_CCTAAAGTCTAACCGA	345.5509444575948	0.0	149.86778094310978	0.0	0.0	55.86107551407571	0.0	17.026174778879902	0.0	0.0	0.0	0.0
GSM4138111_HNSCC_1_TIL_TCAACGAAGCGTAATA	226.19510865674647	0.0	141.57035568866215	7.027862673788712	0.0	136.05899625232502	15.519179505578743	74.0946529108076	53.387735117741045	64.61019615854184	0.0	15.895456050681696
GSM4138111_HNSCC_1_TIL_TCGGTAACATTACGAC	167.21753888306466	0.0	132.2496831753983	0.0	0.0	87.64731051364195	17.112649296366616	82.80848375052986	0.0	34.12470083803808	0.0	13.228311236407146
GSM4138111_HNSCC_1_TIL_AACTCCCAGATGAGAG	214.56693689271233	0.0	53.02184864643549	137.759060624392	102.75954447862217	39.08588759976343	31.396099187594128	41.23698475797621	55.368610820705285	0.0	22.4206739041734	20.289308106727116
GSM4138111_HNSCC_1_TIL_CACACAACAATTCCTT	528.2180344195513	10.838544283880827	4.967669239409602	0.0	0.0	38.05601132145711	0.6442563308673485	7.259881416822296	50.546301168148595	0.0	27.042485778909914	29.9789186128667
GSM4138111_HNSCC_1_TIL_CATGCCTCAGAGTGTG	460.43257065845336	16.028825184366944	28.39318541068349	45.64351836168978	0.0	89.0890501071054	32.392846639450084	22.348936563746875	31.428979814612738	32.91998439292936	0.0	0.0
GSM4138111_HNSCC_1_TIL_GACCTGGTCAATAAGG	626.8764634957082	55.340381965592044	22.68177329968238	5.348465933387443	0.0	69.37648659340502	0.0	9.992083349471823	0.9021983567971892	16.046444845223277	0.0	0.0
GSM4138111_HNSCC_1_TIL_ACCGTAAAGAGGGATA	412.8588583615633	110.48892350435176	26.89535171896958	60.8769713461015	0.0	79.16079562157503	32.60400316744424	73.61308572005713	13.262164942992259	31.445449030642266	0.0	0.0
GSM4138111_HNSCC_1_TIL_ACGTCAAGTAGTACCT	495.36630327007634	0.0	0.0	83.66741609716894	231.47949368078415	229.14221405620194	57.08555217972528	127.90423678234879	135.71516708839843	107.78920379162423	0.0	2.026392793555633
GSM4138111_HNSCC_1_TIL_ACTGAACGTCTGGTCG	761.6036104631381	37.71505409988677	25.37362103312752	28.437658334365135	0.0	68.12474452268772	51.04565708131035	18.18706097094398	58.427736018069254	92.99041892647256	0.0	23.62868108647076
GSM4138111_HNSCC_1_TIL_AGGTCATGTCGCTTTC	454.2265979319965	49.32432000789534	137.10919991377403	15.38125211468389	0.0	175.7116137100768	33.02662045193311	83.09574155295353	0.0	0.0	14.92631232278644	0.0
GSM4138111_HNSCC_1_TIL_CCTCTGACACTTCTGC	613.7966437780954	62.11092977906041	12.308884961527122	65.7164083141788	60.99095278112233	54.82889585693085	0.0	36.84907436692411	34.5110977140763	10.029923546470355	0.0	0.0
GSM4138111_HNSCC_1_TIL_CTGCGGAGTTTAGCTG	397.77016037048605	122.03310832865648	0.0	22.936293203822665	0.0	127.05201617479244	57.35518332684969	106.532069807519	0.0	0.0	0.0	0.0
GSM4138111_HNSCC_1_TIL_GAAACTCAGCTTTGGT	249.56319763464998	0.0	60.380113561276445	33.89794354979246	28.929663184417766	69.45162008664241	41.64498038340642	61.09269620627812	0.0	0.9230402890499099	0.0	0.0
GSM4138111_HNSCC_1_TIL_GAAGCAGAGAAGATTC	443.47872178040325	53.44257678463582	3.728426024543555	21.451542323632495	0.0	20.096010442434423	6.852017468437201	27.77475130048865	16.767817821770937	28.38662575551875	20.98826506051936	6.710353077001209
GSM4138111_HNSCC_1_TIL_GATCGCGTCTGGTTCC	632.4179399805514	74.19083087349891	0.0	76.22730352121293	107.50459298076778	172.03950307428426	103.2571766278477	205.4735461336143	216.67284701408553	80.2174709769109	0.0	47.51961053821772
GSM4138111_HNSCC_1_TIL_GCAGCCATCACTATTC	482.9275488330765	126.60629331796969	0.0	60.29071945837689	0.0	18.604740130232756	73.60938280434046	25.909706920646403	28.374087338697784	0.0	23.424388000925504	4.342950307773779
GSM4138111_HNSCC_1_TIL_GGGCATCGTAGATTAG	538.9161829291158	30.763626119381573	20.722005080394972	59.24547294720054	77.57885649101402	68.09023166111814	33.89377768370272	108.89633564188817	75.6616534158464	0.0	101.20050508596394	22.5338477910555
GSM4138111_HNSCC_1_TIL_GTGCTTCTCGCCAGCA	167.67236221516075	16.399808829269002	8.95900926468311	17.569158344396715	33.54745565646666	125.05018974046445	19.056600619966197	171.45718875609012	0.0	0.7885556187092495	0.0	28.861043509039153
GSM4138111_HNSCC_1_TIL_TCGTAGAAGATAGCAT	506.7730590609698	95.44522718101697	0.0	7.335658694106548	0.0	16.140504385564682	31.263436894276794	58.051169542191424	27.033206735889426	0.0	0.0	0.0
GSM4138111_HNSCC_1_TIL_TGAAAGAGTGTTCTTT	455.8341347442033	167.89764903153429	0.0	128.55114667148004	0.0	268.94518310896945	96.77452902378717	301.09164741670764	362.305534023102	203.39138556027774	0.0	64.076516351886
GSM4138111_HNSCC_1_TIL_TGAGCATTCCAATGGT	273.1959593762927	0.0	0.0	45.74677701801816	160.04177918702177	108.50015320876948	32.20736141819162	46.9429186047238	0.0	40.52366152357717	0.0	15.476199425953443
GSM4138111_HNSCC_1_TIL_TTGACTTGTGGTTTCA	293.5364521001781	54.87126843750733	150.88144731625826	67.55999809126007	0.0	103.31855059168724	54.06881603802747	102.19780152717041	17.32821230074879	27.22160795354083	0.0	0.0
GSM4138111_HNSCC_1_TIL_TTGGCAACAAACCTAC	562.3830371777167	130.17974745194246	80.72091215876003	131.7389707557155	0.0	213.95773859465956	31.106510251975767	116.56919427578886	196.09479237313911	0.0	175.32620756467165	2.915966816349655
GSM4138111_HNSCC_1_TIL_AACACGTAGGAGTCTG	0.0	212.74391325869487	0.0	0.0	869.4205536005029	0.0	0.0	0.0	14.373530581974931	0.0	0.0	0.0
GSM4138111_HNSCC_1_TIL_ACGCCGACATGCGCAC	46.06414492067918	658.583377484757	0.0	18.75700911896372	0.0	0.0	0.0	0.0	2.2277805150149956	0.0	0.0	0.0
GSM4138111_HNSCC_1_TIL_ACGGAGACAGGGTACA	42.04037594473221	0.0	6.468102557933427	0.0	916.7097023768874	7.9292105897505	17.386202867051896	0.0	8.515283421256417	0.0	0.0	21.455282768570516
GSM4138111_HNSCC_1_TIL_ACGGGCTCAGGAATGC	0.0	497.66312779974965	15.779822931930958	99.28909687392947	219.24809850158172	157.77458963269387	25.916610646195274	73.7211979106673	100.84069015938955	20.819142695843436	84.8124395828779	0.0
GSM4138111_HNSCC_1_TIL_ACGTCAAAGAGCTGCA	0.0	131.44157994251898	9.286353611739596	0.0	1002.322947407578	0.0	0.0	0.0	41.937159097117124	0.0	0.0	0.0
GSM4138111_HNSCC_1_TIL_ACTATCTAGAGTACAT	0.0	1311.2354086534197	18.276795795157955	16.29425128234634	0.0	19.701434793733362	6.873361990583842	0.0	0.0	0.0	0.0	0.0
GSM4138111_HNSCC_1_TIL_ACTGAGTCACCCAGTG	0.0	974.5337267063773	0.0	14.909063458643265	0.0	0.0	0.0	21.079394037332086	0.0	4.781084063659858	0.0	0.0
GSM4138111_HNSCC_1_TIL_ACTTGTTCAATCCGAT	0.0	639.4640408921028	11.174223692416035	0.0	274.9249890742645	7.090216243785684	0.0	34.655982135365996	0.0	78.89692994626847	0.0	0.0
GSM4138111_HNSCC_1_TIL_AGATCTGCACTCAGGC	0.0	752.5777343702579	6.237643523434302	0.0	164.11045456269144	42.61076606492418	0.0	0.0	0.0	0.0	0.0	0.0
GSM4138111_HNSCC_1_TIL_AGCAGCCCACATTAGC	0.0	658.900397121851	0.0	14.30470013520216	0.0	10.905360542831188	0.0	54.21894294869338	3.2935090677563026	0.0	0.0	0.0
GSM4138111_HNSCC_1_TIL_AGCTCCTTCACCTCGT	0.0	916.2335692112067	0.10308514313845148	4.7614278783289405	57.58724420161496	51.08064748353012	0.0	29.50791401177695	26.891512950266822	0.0	59.328474191516676	0.0
GSM4138111_HNSCC_1_TIL_AGGCCACGTCCTCTTG	33.501798265141716	0.0	0.0	0.0	1091.5057781105224	26.965569119758364	0.0	0.0	109.63126143190945	0.0	0.0	1.575594601375856
GSM4138111_HNSCC_1_TIL_AGGCCGTGTTTGACAC	72.30151458206018	445.7779138884983	0.0	33.70829596975716	270.3339750533214	0.0	0.0	2.2885421149954777	34.910899953340234	32.30238989197398	0.0	0.0
GSM4138111_HNSCC_1_TIL_AGTAGTCCAGTTTACG	0.0	212.43705280488737	0.0	0.0	857.1415277294719	0.0	0.0	0.0	0.0	26.47863280796846	0.0	0.0
GSM4138111_HNSCC_1_TIL_AGTGGGAGTGTCCTCT	0.0	669.784579033104	0.0	23.383715260713753	0.0	50.34541934191398	92.38491870269861	59.38786915653204	67.9682433441586	0.0	0.0	0.0
GSM4138111_HNSCC_1_TIL_ATCACGACAAGGACTG	62.6954304080288	154.0756914948503	0.0	0.0	281.98345698067203	0.0	1.8589586130103486	64.23421382040642	122.69473569449124	5.580340749386183	0.0	0.0
GSM4138111_HNSCC_1_TIL_ATGCGATAGAATTCCC	37.86687845320796	706.0736175572076	0.0	0.0	0.0	15.123156894569409	0.0	0.0	74.6090912564201	36.16616798294109	0.0	0.0
GSM4138111_HNSCC_1_TIL_ATGCGATGTAGCTGCC	20.306399538691295	620.4818414332971	0.0	0.0	391.2287234285233	0.0	0.0	3.7900562207908512	0.0	0.0	0.0	0.0
GSM4138111_HNSCC_1_TIL_ATTATCCAGTGTTAGA	35.603495774634965	68.84152843322052	0.0	0.0	875.1196401851687	0.0	0.0	54.4098069110318	0.0	0.0	40.86398016489707	0.0
GSM4138111_HNSCC_1_TIL_ATTCTACGTCGAATCT	0.0	111.03183487730344	83.13849829688913	0.0	1160.7849594816973	0.0	0.0	0.0	0.0	0.0	0.0	0.0
GSM4138111_HNSCC_1_TIL_ATTGGACAGCAATCTC	0.0	964.7423098662076	0.0	0.0	0.0	27.714716121109028	0.0	21.79523249176204	0.0	7.227998802275388	0.0	0.0
GSM4138111_HNSCC_1_TIL_CACATTTGTTGTTTGG	175.91896590794906	1006.8624821821392	0.0	75.38841527435093	142.87482704710658	26.582708792122776	33.76211762013015	20.368254620782558	162.73231251079443	0.0	134.3536342987613	0.0
GSM4138111_HNSCC_1_TIL_CCCAGTTTCTCGTTTA	0.0	158.95121292614087	0.0	0.0	1139.771226539312	0.0	19.008081772371085	0.0	100.19699118917316	0.0	28.779556965989674	1.2492552501404577
GSM4138111_HNSCC_1_TIL_CCCATACAGACGCAAC	44.69210555772349	0.0	27.293459535420304	18.012022181935357	384.564158101556	25.1152668953681	0.0	27.513379207775838	0.0	93.65896922194503	0.0	42.62589652539749
GSM4138111_HNSCC_1_TIL_CCGTGGAAGGCATTGG	14.238417804192713	208.59697474347556	0.0	62.3807645650786	809.3031487245323	49.18516110805815	30.019766988188387	77.04080148677434	59.933417430744775	44.136246718691986	0.0	0.0
GSM4138111_HNSCC_1_TIL_CCGTGGAAGTAACCCT	36.920258747290504	624.6621736364546	0.0	39.61605726850467	353.25184981418147	16.375204000512074	0.0	0.0	0.0	0.0	0.0	0.0
GSM4138111_HNSCC_1_TIL_CCTAAAGTCTCCCTGA	0.0	64.70411425794357	26.179471173479588	0.0	854.5561904037094	13.522118583715041	42.75476865121543	5.4257028541063	49.31108013368827	7.574081477249163	0.0	0.0
GSM4138111_HNSCC_1_TIL_CCTTACGAGTGGCACA	0.0	1125.2817720193239	7.061312142088572	1.854991411224641	0.0	0.0	0.0	0.0	0.0	0.0	0.0	0.0
GSM4138111_HNSCC_1_TIL_CGCTGGATCCTCAACC	0.0	0.0	0.0	2.6229030815938206	797.2851651916822	15.22693946086491	11.29632258329545	19.64825044132746	23.018227800254277	31.07920360038944	0.0	10.434079899603587
GSM4138111_HNSCC_1_TIL_CGGAGTCCATCCGCGA	28.874358695521334	422.9182867308674	2.05809841459964	3.4972248370685803	138.027992682587	43.986111065377884	1.2904685713906603	7.4327867733080195	30.037492064150758	0.0	25.36336886856652	0.0
GSM4138111_HNSCC_1_TIL_CGTCACTTCCCATTTA	55.149282986999296	430.21007993904897	0.0	8.718326272506097	165.41079628357946	0.0	25.552856166035415	15.117084116922522	0.0	24.210981338006114	0.0	0.0
GSM4138111_HNSCC_1_TIL_CTCGTCATCGATGAGG	0.0	1122.670635032456	26.029699988636583	0.0	0.0	74.04498646984555	0.0	0.0	3.159269314329571	38.04473166544309	0.0	0.0
GSM4138111_HNSCC_1_TIL_CTGATCCAGCTGAACG	0.0	123.8888936714479	0.0	53.62287260299623	854.6739201369143	68.0267624569411	42.866267040037165	70.53692740968552	89.55736209633818	0.0	58.65335642759018	0.0
GSM4138111_HNSCC_1_TIL_CTTAACTCATGGTCAT	18.802805995918092	949.899581131463	0.0	17.266500758229743	0.0	0.0	62.84113477009757	0.0	115.78091786791131	0.0	19.746953335362047	0.0
GSM4138111_HNSCC_1_TIL_CTTACCGTCACAGTAC	39.055698765444816	634.7117484063853	21.122974537264493	0.0	238.14571380031225	13.411002453576394	0.0	11.279015999466738	0.0	27.72707454388797	0.0	0.0
GSM4138111_HNSCC_1_TIL_GAACGGATCTGAGTGT	0.0	323.371370479084	6.423951883026876	6.350314411606525	482.5721187670501	4.184404775490653	0.0	0.0	8.36262387354424	0.0	23.905983931081337	1.735367571853893
GSM4138111_HNSCC_1_TIL_GACCAATCAAAGCGGT	0.0	772.0008892003032	0.0	0.0	475.4961613572866	3.1575867427643676	0.0	0.0	0.0	0.0	0.0	0.0
GSM4138111_HNSCC_1_TIL_GATCTAGGTCAAACTC	9.033107226558327	0.0	0.0	0.0	825.4989074944124	22.116670164176334	0.0	0.0	0.0	116.8798338576815	0.0	0.0
GSM4138111_HNSCC_1_TIL_GCAATCATCTCTAGGA	0.0	886.7490446898134	0.0	0.10192163875818147	0.0	105.71522680271197	34.92036801058828	26.01973505029606	9.860870868543648	0.0	32.93041511022747	0.0
GSM4138111_HNSCC_1_TIL_GCAGCCACAAGTCTGT	0.0	675.6659187178884	40.2284040502249	0.0	492.3590552065667	0.0	0.0	0.0	58.3124093819249	21.621622953651652	0.0	0.0
GSM4138111_HNSCC_1_TIL_GCAGTTATCTTCGAGA	91.94851578809424	761.872976937819	22.776363399533473	36.62096137228522	0.0	50.47613663807434	122.20804286709298	153.7657131429296	116.40137380657147	0.0	44.454854942203816	0.0
GSM4138111_HNSCC_1_TIL_GCCTCTAAGCTAACTC	8.956670620237245	0.0	22.45290535448699	0.0	899.5567743071866	17.14562843292785	11.412232974857883	44.459391512015266	3.8354977283893747	0.0	0.0	13.236398517331528
GSM4138111_HNSCC_1_TIL_GCGCCAAGTACAGTTC	0.0	439.1403233998235	7.283367630258232	16.20225184393324	684.8698464414922	0.0	0.0	0.0	0.0	12.08677454496217	0.0	0.0
GSM4138111_HNSCC_1_TIL_GCTCTGTTCAACTCTT	0.0	584.1634678317432	29.0860065270814	0.0	643.1149546252906	0.0	7.077212682112603	0.0	0.0	0.0	0.0	0.0
GSM4138111_HNSCC_1_TIL_GCTGCGATCTCGAGTA	9.786068163526586	0.0	27.82934607271547	33.35516194702915	1194.0885601512043	72.50857208153224	1.921558637261813	0.0	21.641127786504242	0.0	0.0	106.6486515123511
GSM4138111_HNSCC_1_TIL_GCTTGAAGTGACCAAG	0.0	908.2085397921684	0.0	0.0	0.0	25.002898765535964	18.924443147287494	12.722198527105379	0.0	12.83685937341541	0.0	0.0
GSM4138111_HNSCC_1_TIL_GGAATAACATCGACGC	67.17146255526482	938.683191231024	0.0	9.18692896419792	180.82169948779995	45.592721806951644	31.721833606332634	59.23232010947634	2.490706798807975	0.0	0.0	0.0
GSM4138111_HNSCC_1_TIL_GGACGTCTCCGTTGCT	25.074558255610754	0.0	0.0	0.0	1284.9977709754123	0.0	18.901690674318978	0.0	0.0	7.548473379743677	0.0	12.796548628673854
GSM4138111_HNSCC_1_TIL_GGAGCAATCCGTAGGC	0.0	0.0	25.012662407679464	0.0	845.3521034367838	53.79748367771166	0.0	0.0	0.0	17.842876794679874	0.0	26.65910880356461
GSM4138111_HNSCC_1_TIL_GGCTGGTCACCAGCAC	41.172724591250905	102.18721320481222	0.0	0.0	832.6858880013526	0.0	0.0	0.0	1.6580731645372229	11.609467818049973	4.05100400416765	0.0
GSM4138111_HNSCC_1_TIL_GGGAGATAGGGTTCCC	0.0	0.0	10.235419917035864	4.219150748801626	985.1799862870155	0.0	0.0	0.0	0.0	0.0	0.0	0.0
GSM4138111_HNSCC_1_TIL_GGGTTGCCAGCCAATT	50.21248654794153	0.0	0.0	0.0	593.0184432142354	132.6100928384581	5.2210276197265015	18.847053937228985	0.0	0.0	13.88469732856081	10.22755318108066
GSM4138111_HNSCC_1_TIL_GTAGTCACATCACGAT	0.0	876.807920835399	0.0	0.0	89.6155153386241	25.514922292448617	21.495500138583868	0.0	19.81791002292967	0.0	0.0	0.0
GSM4138111_HNSCC_1_TIL_GTATTCTCAACTGCTA	0.0	711.3837225144966	7.984950996314322	0.0	249.41878582852445	0.0	0.42400396696304726	55.31206144845347	32.901577537752544	0.0	0.0	0.0
GSM4138111_HNSCC_1_TIL_GTCACGGGTCTTGTCC	8.04227998810808	0.0	0.0	0.0	1100.551185046647	4.33299873617747	0.0	0.0	0.0	0.0	0.0	0.0
GSM4138111_HNSCC_1_TIL_GTCCTCATCCCTCAGT	55.87300474976459	1093.7427912005141	0.46805124457092445	71.07507095577985	221.222514225692	135.68482859057033	65.91974436698874	113.02533413697431	258.1090838387948	0.0	112.26011493343601	0.0
GSM4138111_HNSCC_1_TIL_GTGCATACATCACAAC	494.59800703729496	0.0	0.0	0.0	625.8785844857053	0.0	0.0	0.0	0.0	7.2436110563346805	0.0	0.5871878852805491
GSM4138111_HNSCC_1_TIL_GTGTGCGAGTGGGATC	0.0	727.9275057165377	0.0	0.0	274.8102840709677	0.0	0.0	14.700824654129015	0.0	0.0	0.0	0.0
GSM4138111_HNSCC_1_TIL_GTTCATTGTGCCTGGT	119.38569923976814	948.6509663696286	3.1562194310525467	46.11009939927154	0.0	42.094623741863415	188.70641558327767	279.8845366809158	36.26867289549946	0.0	110.99334521475912	0.0
GSM4138111_HNSCC_1_TIL_GTTCATTTCATGTAGC	0.0	728.8440631949636	0.0	0.0	403.39468102910354	14.69496705905879	0.0	8.916904590811567	0.0	0.0	0.0	0.0
GSM4138111_HNSCC_1_TIL_TAAGCGTTCGGATGGA	0.0	0.0	13.320888107833062	0.0	950.9444234543827	0.0	12.899442807756461	0.0	0.0	0.0	0.0	50.84693725419269
GSM4138111_HNSCC_1_TIL_TACGGATGTCGTGGCT	38.14426339286332	869.0099486434931	0.0	0.0	0.0	0.0	0.0	0.0	0.0	0.0	0.0	0.0
GSM4138111_HNSCC_1_TIL_TATCAGGTCTACCAGA	0.0	755.2877804858821	0.0	10.15168698396813	80.14185026430269	24.159546455687288	3.710335793960456	8.670859433176732	0.0	0.0	22.441558355077667	0.0
GSM4138111_HNSCC_1_TIL_TCGCGAGTCCGCATAA	18.1310380868017	626.677013879683	0.9729704909278648	0.0	321.7650171420435	0.0	0.3512802641454564	0.0	0.0	0.7986278852040283	36.62846930977089	0.0
GSM4138111_HNSCC_1_TIL_TGACTAGAGCGTAATA	0.0	7.331930869608834	0.0	0.0	822.9980777415865	0.0	0.0	50.99280149372815	0.0	0.0	0.0	0.0
GSM4138111_HNSCC_1_TIL_TGCTACCCACTGTCGG	278.1107528173576	300.57073538389665	59.157177148604426	0.0	0.0	41.76967922461622	0.0	52.27619882379628	23.368480841232138	72.78518922115822	0.0	0.0
GSM4138111_HNSCC_1_TIL_TTGCCGTCAAGACACG	0.0	691.4024603449633	0.0	14.338457095099516	542.0762940417615	26.46827150686146	18.609409908811394	0.0	29.84927094927265	0.0	0.0	0.0
GSM4138111_HNSCC_1_TIL_TTGTAGGCACAGGAGT	45.942398354394214	0.0	12.031507973506265	0.0	569.9381327239373	90.57955950968288	19.685314144184268	83.25981403148775	17.70334717594272	27.443734494831016	0.0	11.49315746278586
GSM4138111_HNSCC_1_TIL_ACACCAAAGACTACAA	838.6480475229172	0.0	0.0	0.0	0.0	20.679586975043968	4.041239846449544	9.155510507090977	0.0	18.4264733538352	0.0	0.0
GSM4138111_HNSCC_1_TIL_CTCATTAAGCTCCTTC	807.3844209496617	30.05730533098425	36.53151403198968	0.0	0.0	75.21698987576231	1.642943089816777	23.097365829746913	0.0	0.0	0.0	0.0
GSM4138111_HNSCC_1_TIL_TAGTGGTGTACCATCA	692.3242725417422	0.0	45.72378053823508	0.0	0.0	47.79365410578795	0.0	82.80050951906101	5.32125401968439	0.0	0.0	0.0
GSM4138111_HNSCC_1_TIL_TTATGCTTCCGATATG	662.5511154927383	0.0	36.31212860732689	0.0	0.0	22.047181558996122	0.0	21.334035545084653	0.0	0.0	0.0	0.0
GSM4138111_HNSCC_1_TIL_ATCCGAATCAACACTG	154.18793693455183	46.64508456530619	35.512363509529585	40.892185700352016	0.0	97.83422529211444	59.440795833197384	46.669866402528136	5.328845249170779	0.0	54.5834420808556	0.0
GSM4138111_HNSCC_1_TIL_CGTCTACTCTGGCGAC	1331.5987683949447	5.501303452431179	39.11400763932308	33.59500201328709	167.22759615402381	193.4517094614744	137.35581625064356	242.3094785658092	135.13736659557208	0.0	105.11022086074227	24.57122418541497
GSM4138111_HNSCC_1_TIL_GTTTCTAAGGAGTTTA	220.20547856216876	14.396026789198872	86.39084043598558	14.468144526179715	0.0	136.37812736803124	35.473594017720536	32.00367018995893	41.53714451772749	23.65632237643427	5.9182439177647685	0.0
GSM4138111_HNSCC_1_TIL_AAACGGGTCTTGCCGT	145.66775848452792	101.47156647327867	303.9672498366905	102.95624797769003	0.0	372.264812011521	202.87840613668706	262.56583858370266	527.6905981112377	118.56637464919123	93.85286732087373	0.0
GSM4138111_HNSCC_1_TIL_AAAGATGAGCTAGTCT	220.19415842331438	124.57953942347126	30.93046401990885	18.64487581497797	0.0	219.70318858298648	64.00990543053592	143.27331433225373	69.09735292005146	0.0	43.92068455852538	24.25045587222752
GSM4138111_HNSCC_1_TIL_AACTGGTTCCTCATTA	0.0	0.0	0.0	0.0	0.0	4560.3730617039455	0.0	0.0	0.0	0.0	0.0	0.0
GSM4138111_HNSCC_1_TIL_ACACTGACATTAACCG	277.595347218606	101.76896844915771	432.2082468577414	0.0	0.0	348.1389724191444	128.10899934172372	154.39411631849725	27.23984260988701	0.0	50.49636723679788	25.073054429786225
GSM4138111_HNSCC_1_TIL_ACCTTTATCAATCACG	233.50215231735262	0.0	0.0	240.11425815475567	453.9494194190304	280.30891902153235	189.35904035351317	495.6327434651029	485.3444308432602	306.13758757598856	0.0	93.72092232221573
GSM4138111_HNSCC_1_TIL_AGCTTGAAGAGGACGG	425.4184673255668	145.73512570885987	46.43363875089679	16.98103696899744	0.0	118.75210019058235	182.58352982157038	160.92505616284103	150.3664826042772	0.0	116.2673857690324	0.0
GSM4138111_HNSCC_1_TIL_ATGCGATAGACGCTTT	219.28693436187385	181.09195846395775	0.0	116.79965781578458	0.0	365.2085228609064	174.3509958537504	657.6249137889546	455.3371750975707	342.14798215330046	0.0	12.841394332084244
GSM4138111_HNSCC_1_TIL_ATTGGACAGACACTAA	73.15551973884257	124.29403348006082	156.18251366301214	40.36351202124725	0.0	314.551324267736	318.67098372913534	94.85841778720693	51.88765285362511	0.0	129.76422522963955	12.75433141940175
GSM4138111_HNSCC_1_TIL_ATTGGACAGCTAGGCA	268.64164867886103	204.9018993232805	94.6351707790683	174.95785918591383	0.0	383.6687981530526	137.96678732514093	164.32179751721083	243.18751484468	0.0	165.59197391858913	63.15846243994683
GSM4138111_HNSCC_1_TIL_CAACTAGAGACTTTCG	338.45491703205494	82.46739954036919	0.0	60.565072544959065	0.0	246.80060129240184	109.7702735014826	165.65666910274408	284.03993785287497	0.02068495748293674	211.62343919701678	24.524267775732156
GSM4138111_HNSCC_1_TIL_CAGCTAACAGTATGCT	485.3641912334505	0.0	36.040094893047105	97.97152180821035	274.4426818677628	78.29817881410615	49.142649275550944	98.94714823232691	24.244465925396888	0.0	113.29666643822533	90.60934546150881
GSM4138111_HNSCC_1_TIL_CATTCGCCAAGGACAC	0.0	24.944438597474974	265.80030153053445	44.33852133017402	0.0	371.3588235436364	450.2886010933873	168.7990959017834	77.60276153079832	0.0	75.64422102961484	0.0
GSM4138111_HNSCC_1_TIL_CCCTCCTAGCCGTCGT	0.0	146.3291817562493	141.02896510764737	84.16253523176546	0.0	232.74989408779135	240.1774989669777	110.52115408434913	74.03433666649624	0.0	65.26707703913175	0.0
GSM4138111_HNSCC_1_TIL_CCTTCCCGTCCCGACA	32.13019815842324	117.18659259542893	309.55010720733975	16.100738402053885	0.0	205.33004689096293	456.6902126741264	104.39785090379604	37.51486613114615	0.0	116.7423924755884	0.0
GSM4138111_HNSCC_1_TIL_CGTGAGCGTATCAGTC	358.0164451733726	76.00401722788119	18.951648249085668	26.154375234116504	0.0	73.28217984841767	102.40469285597074	83.84111778794777	79.38903471419763	29.33484417323939	0.0	0.0
GSM4138111_HNSCC_1_TIL_CGTGTAAAGCCAGGAT	202.19484322033037	160.6031502026811	368.75857915021015	40.32572367721185	0.0	252.7822829837168	118.27261254733861	170.7454781657608	294.2102645089247	0.0	105.8331215381993	24.44832688896495
GSM4138111_HNSCC_1_TIL_CTAGCCTCAGCTTCGG	446.87124712020994	388.67311664596605	56.75451106373445	141.36230848607767	0.0	543.305612557345	287.41804582940347	483.63096701934177	546.2574382437722	414.97147158977236	0.0	81.46892361853675
GSM4138111_HNSCC_1_TIL_CTCAGAAAGTGCTGCC	131.43454822741614	69.68527730981442	54.686259646710276	55.75909062942804	0.0	99.71628765960985	28.043554428033946	62.16863676325439	49.36418752295463	71.50235262885914	0.0	18.820763884160577
GSM4138111_HNSCC_1_TIL_CTCAGAAGTCAAGCGA	153.34233375365255	209.9377982760514	0.0	82.31353732354619	0.0	591.0161159972954	100.98013727936268	207.9488415817213	412.8573360337428	0.0	440.85445876473136	3.8871119563608287
GSM4138111_HNSCC_1_TIL_CTCGAAAAGGCCCTCA	133.89805478467278	41.40681302242042	374.2835515034249	23.664214615807495	0.0	148.14511225273776	88.80550244965164	99.3600550703014	43.165264069051155	0.0	15.601581339279571	20.354766370970353
GSM4138111_HNSCC_1_TIL_GAAATGAAGGATATAC	96.9089819274722	82.2485887623599	45.715076168621586	51.77915026060731	0.0	225.61363375775375	152.31557023970183	169.02872037814578	167.28983199014235	0.0	102.0929725474633	0.0
GSM4138111_HNSCC_1_TIL_GGCAATTTCCCACTTG	700.1552707112005	76.71723646531129	152.7476689007214	63.53650692614516	0.0	269.1912687456849	25.3338102502551	113.61423568779959	0.0	0.0	60.33071395105062	37.68956644338333
GSM4138111_HNSCC_1_TIL_GGTGCGTGTCTAACGT	226.06259039531932	186.83633957996918	116.01265015149028	66.05796261488706	0.0	319.9642432265458	248.76759979073574	236.38358051696775	86.79719555432692	0.0	38.06278237951689	0.0
GSM4138111_HNSCC_1_TIL_GTAGGCCAGATGTGTA	74.55037100433728	120.42742247666423	99.25035500369425	25.335996820538753	0.0	385.2476496314384	241.1418193295769	126.73758287562755	2.8131480065667844	0.0	86.9433304160931	28.138013072693866
GSM4138111_HNSCC_1_TIL_GTCCTCAAGTGCCAGA	564.6894098973341	291.22835473718607	561.2921396268617	118.7753062324944	0.0	363.4414453714307	255.10382386920372	225.74425370589884	192.07485055610098	0.0	188.34988562726937	18.27071643758639
GSM4138111_HNSCC_1_TIL_TAAGTGCGTCAAAGCG	233.98020945596977	98.29438714174643	359.4772781723169	150.90713722138972	0.0	402.5228874830326	51.22958578004639	398.6145500351536	337.02211714862364	25.97906731466056	341.1431059435977	78.53985728752286
GSM4138111_HNSCC_1_TIL_TAGCCGGCAGGTGGAT	698.9896875354013	472.02606534281534	104.87729122169677	206.3458628289737	0.0	388.8065381284167	149.34958338443604	301.84822669718324	320.48047979555633	0.0	321.5583814201822	92.78089986791879
GSM4138111_HNSCC_1_TIL_TAGGCATTCCACGTGG	371.77973368269085	99.32411857947558	39.06576243768219	72.01833046383221	0.0	152.21909645704164	180.1423539352516	95.29048106440361	71.40887938729328	0.0	65.670541766456	0.0
GSM4138111_HNSCC_1_TIL_TCGGGACGTCACTTCC	115.64073550320686	259.08733914387574	30.86839796158818	114.0103274934045	0.0	142.99406345656578	172.4476872005428	332.47954125937713	413.5117928672056	0.0	416.12646103925476	91.011101066544
GSM4138111_HNSCC_1_TIL_TGCACCTGTCTCCACT	243.1101187474016	0.0	0.27853254647979286	146.32402813825024	310.02447896566315	208.4891813552596	19.99423786714976	71.80421695157358	51.31866894000743	100.73046317079252	0.0	23.434444563150002
GSM4138111_HNSCC_1_TIL_TGCGCAGTCTTGTCAT	314.0777290613029	168.18590174550405	548.5485691759609	139.40544674555997	0.0	410.7140924578652	315.42429699166433	207.84012020641936	290.7236588743818	0.0	97.86734801137753	68.07451791292617
GSM4138111_HNSCC_1_TIL_TGTCCCAAGAGGTTGC	48.727464225391685	61.663080185286795	474.8719139214282	77.81950689845226	0.0	179.29869633597104	265.9589015178511	166.61985048182527	204.7864649968509	0.0	44.03512859649593	96.23539541803635
GSM4138111_HNSCC_1_TIL_ATTGGTGGTGAAGGCT	24.439682375584827	420.85840818184664	39.46952753331065	46.82130762022616	0.4063769974468393	214.53223133678023	130.03715214927254	145.51979322635611	82.9298534469567	0.0	169.54213421573957	26.06405949091663
GSM4138111_HNSCC_1_TIL_CAGAATCGTGTGTGCC	58.36224365069373	127.7392169447901	0.0	14.181739984509706	314.4215018116102	117.17935461536914	106.93950104614706	118.3621929374094	11.778310580600952	0.0	95.99668380147584	6.517706239952258
GSM4138111_HNSCC_1_TIL_CGTCTACAGCGATCCC	132.68688216444585	419.24443104080046	37.70126217060576	78.50265211128827	111.49661250192251	95.653208756969	31.146290619080684	154.18013505955182	35.69807344535792	0.0	222.8147569999377	4.439915880006295
GSM4138111_HNSCC_1_TIL_TGCGGGTTCTTGCAAG	32.032014139464415	0.0	54.218824972415916	10.322984768845131	365.7557022444784	184.42189664958912	50.63894143194831	156.5416371234738	12.565773422551533	0.0	123.95258115410476	118.93427310089892
GSM4138111_HNSCC_1_TIL_ACCGTAACAACACCTA	251.23536407640782	167.5558128861215	5.558722506903919	88.84725051483252	0.0	196.12611872294065	61.72812041461172	843.5152195458382	7.283768047458861	278.63287276197923	0.0	13.505691941961208
GSM4138111_HNSCC_1_TIL_ACGGGTCAGCAATCTC	136.39070143602234	90.19469109746633	24.28288045493296	18.827641624866494	0.0	112.4914675679513	47.72283087277723	584.0665095953265	81.83418864179923	191.1053117566986	0.0	15.697260607176975
GSM4138111_HNSCC_1_TIL_CTAGCCTAGAGTCGGT	0.0	0.0	0.0	0.0	0.0	0.0	0.0	4492.923320103658	0.0	0.0	0.0	0.0
GSM4138111_HNSCC_1_TIL_TGACTAGAGCCTCGTG	263.0545051363297	36.928799652942025	446.7393103753576	36.50752475556739	0.0	301.09774987080567	118.37422131173477	771.1208767877474	47.825295113725545	108.89941037294028	0.0	0.0
GSM4138111_HNSCC_1_TIL_AGTGGGACAACTGCGC	266.26298058615254	0.0	1381.396035552616	0.7699937942727639	0.0	0.0	6.672383672065153	40.47417630439693	0.0	0.0	0.0	0.0
GSM4138111_HNSCC_1_TIL_CAGCGACTCCACGAAT	170.10212442657462	55.606910143751584	128.44028357219833	126.05034223090513	0.0	156.68993810114972	129.31979289635802	293.15756265343816	422.5611859372298	196.17537974370566	0.0	0.0
GSM4138111_HNSCC_1_TIL_CCTATTAAGAATCTCC	135.53721417687348	0.0	1332.612024902488	4.340995018683904	0.0	5.902636980307147	0.0	30.10644034571333	7.949408940452326	0.0	0.0	0.0
GSM4138111_HNSCC_1_TIL_CCTCTGAAGTCTTGCA	0.0	0.0	824.6259743469687	0.0	0.0	252.97827986103843	92.25776437952284	93.29252487402485	241.021456383261	0.0	140.69241899389496	0.0
GSM4138111_HNSCC_1_TIL_CTAGCCTCACGAAAGC	0.0	0.0	3138.62795143523	87.47852722890876	110.794775089692	0.0	13.943204296086313	111.52675642397305	148.59069050400709	0.0	315.89962799879765	0.016871769969736966
GSM4138111_HNSCC_1_TIL_GATGAAAGTGCAACTT	445.05806547519654	167.96192259541658	1344.6605039460592	58.729359449235794	0.0	56.92209515309905	67.56156165879493	22.41825100344366	27.845738261128474	161.5820995328376	0.0	0.0
GSM4138111_HNSCC_1_TIL_GCGGGTTTCTTTACGT	150.84946023907614	122.82367966338076	963.69274811762	3.400173230839835	0.0	131.04694338144452	102.08436058667817	76.1653643381174	23.891255992992082	27.804608110070546	0.0	0.0
GSM4138111_HNSCC_1_TIL_TCAGGTATCAGTGTTG	118.58123233035158	0.0	894.9846327860732	0.0	0.0	126.31634403168543	0.0	32.490431008809416	2.6460827310654054	25.199525762895558	0.0	1.5415790770785367
GSM4138111_HNSCC_1_TIL_TCGGGACAGATGAGAG	0.0	1.578017835271983	1568.6172099026	0.0	0.0	0.0	0.0	0.0	0.0	5.6391984148046195	0.0	0.0
GSM4138111_HNSCC_1_TIL_TGCGCAGAGCGCCTCA	212.81212603982738	199.64186569197832	786.0389730144036	23.431647926404995	4.549736109315264	76.00273295795542	89.50586924892407	343.86525328060014	185.37634926852715	238.180898927993	0.0	0.0
GSM4138111_HNSCC_1_TIL_AACCGCGCACACTGCG	0.0	0.0	0.0	0.9672983604513026	0.0	0.0	1733.6901310549465	0.0	104.230836110346	43.990822227902065	41.31452081573351	0.0
GSM4138111_HNSCC_1_TIL_ACACTGATCATGCATG	86.54116214726652	0.0	0.0	13.63625664380455	0.0	101.51049008692904	1682.0436084397293	41.763799502556004	139.99167080386863	27.93706176062635	115.68104354978777	0.0
GSM4138111_HNSCC_1_TIL_AGTAGTCTCTGTCCGT	49.8796293648899	0.0	64.55715310028512	41.82061694675776	0.0	117.02729254346944	675.522175064319	144.65097996505924	165.53296116531638	327.61392410576366	0.0	0.0
GSM4138111_HNSCC_1_TIL_ATCCGAAGTGTTAAGA	0.0	0.0	0.0	0.0	0.0	0.0	1375.8271805309616	0.0	0.0	0.0	0.0	0.0
GSM4138111_HNSCC_1_TIL_CATCGGGCAAGACACG	10.689485887290697	64.45264162987307	0.0	0.0	0.0	0.0	1603.9949141143172	353.0080756422798	27.808246372274755	0.0	0.0	188.71056128568364
GSM4138111_HNSCC_1_TIL_CCCTCCTTCCCACTTG	295.73058562373836	84.61661792972863	32.059009328886106	58.76700402146761	0.0	136.34353245284413	1041.0833260110473	167.9170999468265	180.02401454777348	0.0	137.0078498464071	0.0
GSM4138111_HNSCC_1_TIL_CGGACTGTCGCTTGTC	0.0	0.0	0.0	0.0	0.0	0.0	1537.1192093549507	0.0	0.0	0.0	0.0	0.0
GSM4138111_HNSCC_1_TIL_CTGATAGAGACTGGGT	25.286790251698093	17.28512336909434	8.86308105793515	17.539487865641313	0.0	0.0	782.4457271590929	18.25512599602669	0.0	55.66681220502247	0.0	0.0
GSM4138111_HNSCC_1_TIL_GACGTTAAGGCTACGA	0.0	32.15158985439294	13.848292680016847	7.353921779914177	0.0	101.72309225403824	441.1446606724939	6.357509170952215	0.0	57.85538421282125	83.4665770283113	0.0
GSM4138111_HNSCC_1_TIL_GCGCGATTCGCCTGAG	0.0	0.0	153.01332070310562	0.0	0.0	169.66483049758475	1600.3209588218344	30.072916242791035	239.48283041434956	0.0	107.88716560761588	0.0
GSM4138111_HNSCC_1_TIL_GCTTCCAGTCTAGTGT	138.14672548262567	47.5051876431627	80.12859408090449	31.045540905258868	0.0	70.03005839515669	786.8153076867536	24.076458672578607	0.0	0.0	32.586551427817554	0.0
GSM4138111_HNSCC_1_TIL_GCTTCCAGTTGCTCCT	60.18157397729095	63.45538920553294	0.0	28.448128399811264	0.0	0.0	1716.769065393515	77.53555529486673	10.399220044700233	32.39373062833705	0.0	0.0
GSM4138111_HNSCC_1_TIL_GGACGTCGTCCTCCAT	0.0	0.0	0.0	0.0	0.0	0.0	0.0	0.0	0.0	0.0	0.0	2862.315048190707
GSM4138111_HNSCC_1_TIL_GGGTCTGTCTATCCTA	0.0	0.0	0.0	0.0	0.0	0.0	0.0	0.0	0.0	0.0	4665.579563590858	0.0
GSM4138111_HNSCC_1_TIL_GTTACAGCAATGTTGC	14.734121103404416	0.0	0.0	0.7794658498019972	0.0	91.38968023333709	1543.4026034579667	68.25085434678194	39.543233742027105	0.0	142.27636441894956	0.0
GSM4138111_HNSCC_1_TIL_TACGGGCAGTGGGATC	0.0	0.0	65.46776326233714	0.0	0.0	0.0	935.494084081747	0.0	0.0	0.0	0.0	0.0
GSM4138111_HNSCC_1_TIL_TACGGGCTCTACTATC	0.0	0.0	0.0	0.0	0.0	0.0	1239.990772071552	0.0	0.0	0.0	40.25619062994557	0.0
GSM4138111_HNSCC_1_TIL_TGTGGTAGTTACGTCA	65.2961419727509	59.81616034632746	83.18871290251153	0.0	0.0	9.180979902421749	465.3233817396006	13.520969649847286	37.73142990219634	0.0	0.0	0.0
GSM4138111_HNSCC_1_TIL_GTGGGTCGTACGACCC	145.1274470021147	96.85991616498413	27.713322011138313	455.645773844695	0.0	106.61011535055965	67.96654693119162	26.603945646555697	62.96166948899283	60.04088340381045	0.0	0.0
GSM4138111_HNSCC_1_TIL_AACTCCCTCTCTTGAT	0.0	0.0	0.0	1405.437369931764	0.0	0.0	0.0	249.91650254097456	0.0	0.0	184.2382346921423	0.0
GSM4138111_HNSCC_1_TIL_AAGTCTGGTCTTTCAT	7.357984453644674	0.0	0.0	706.4476175212718	0.0	0.0	71.64760842021333	44.76951858269046	0.0	0.0	0.0	0.0
GSM4138111_HNSCC_1_TIL_ACACCAAAGCTACCTA	105.82155364069756	49.38707166426074	0.0	865.0445249660718	0.0	15.500794443115295	0.0	2.204166236196543	33.974085943340285	0.0	8.144062185229956	0.0
GSM4138111_HNSCC_1_TIL_ACCGTAATCGGCATCG	11.543976524721081	0.0	179.4754344249902	1310.2717131793204	0.0	19.385110654324432	35.46353521428047	0.0	0.0	23.266865909817227	0.0	15.894134734353173
GSM4138111_HNSCC_1_TIL_AGATTGCCATACCATG	0.0	14.983764570300302	10.9423977668794	906.6544652133663	0.0	0.9228673860944563	22.640467169454727	0.0	0.0	0.0	0.0	0.0
GSM4138111_HNSCC_1_TIL_AGTAGTCGTAGGGTAC	0.0	49.87465022881715	0.0	991.6751578676242	12.14108759439441	37.326164020885265	9.409367820214312	0.0	0.0	0.0	0.0	0.0
GSM4138111_HNSCC_1_TIL_CATCGGGGTATTCGTG	0.0	0.0	0.0	1637.1941935420869	0.0	0.0	0.0	0.0	0.0	0.0	0.0	28.378180104593667
GSM4138111_HNSCC_1_TIL_CCGGTAGTCACCGTAA	135.40515448336913	104.06634495282833	120.36528120666196	1161.4851490232443	0.0	186.19093785464707	129.2138874565733	82.85625208176094	63.01811973331403	60.20201942113666	0.0	22.95649883181643
GSM4138111_HNSCC_1_TIL_CCTCAGTAGATCCCGC	0.0	0.0	16.417238429980806	828.1216582782283	0.0	8.32173542257654	0.0	0.0	0.0	14.541946008132658	0.0	0.0
GSM4138111_HNSCC_1_TIL_CGGACTGAGGGTTCCC	0.0	0.0	0.0	720.0290024177024	0.0	22.092449918720707	0.0	0.0	48.91904603598022	0.0	0.0	0.0
GSM4138111_HNSCC_1_TIL_CGTGTAAAGAGGTTAT	9.42334703421537	8.818585439858376	25.506483958635574	1097.2117309508105	0.0	0.0	0.0	0.0	5.376798333778435	0.0	0.0	0.0
GSM4138111_HNSCC_1_TIL_CTCGTACAGCAATATG	0.0	23.688216980559584	0.0	926.4928716418837	0.0	0.0	0.0	0.0	104.54921136906154	0.0	0.0	0.0
GSM4138111_HNSCC_1_TIL_GACTACACAACGATCT	0.0	22.89170840326697	46.981700418265646	1077.5598042321792	0.0	149.2134815743369	24.62191447760676	36.75289424138384	86.86396260964247	22.621580756317563	27.331583876883638	8.405030067772095
GSM4138111_HNSCC_1_TIL_GATCTAGCAGCTCCGA	5.064582099016159	0.0	0.0	527.7570578492896	0.0	48.61766938022872	13.279713532671668	0.0	0.0	0.0	30.141929993208173	3.5315428188154088
GSM4138111_HNSCC_1_TIL_GCAGCCATCAAACAAG	5.459862734098644	9.408659786230288	0.0	1508.9887420625394	0.0	29.50271051401941	0.0	82.35429729695747	0.0	17.623091904719722	0.0	0.0
GSM4138111_HNSCC_1_TIL_GCTCCTAGTACGAAAT	14.921808482316974	19.979816989678326	0.0	975.7192030405618	0.0	0.0	0.0	0.0	0.0	6.891144902803969	0.0	0.0
GSM4138111_HNSCC_1_TIL_GGCAATTGTTGAGTTC	0.0	0.0	26.957699134991195	788.2796533416197	0.0	0.0	13.829466021426418	8.487836211933564	0.0	0.0	0.0	0.0
GSM4138111_HNSCC_1_TIL_GTACTTTGTGCATCTA	0.0	0.0	0.0	491.9403909436156	0.0	35.4718297248495	0.0	0.0	89.96573939004293	11.73528699181188	0.0	2.132412588986964
GSM4138111_HNSCC_1_TIL_GTCAAGTAGTCCCACG	11.403935545557626	0.0	0.0	839.1957072619546	2.4939094983504617	0.0	21.995253401875143	25.87560405198979	0.0	0.0	0.0	23.116762940421296
GSM4138111_HNSCC_1_TIL_GTCAAGTGTATATGGA	2.129365148523109	0.0	0.0	982.9012220177434	0.0	16.434179445807224	11.55207381205089	0.0	7.680443758234985	0.0	0.0	0.0
GSM4138111_HNSCC_1_TIL_GTTCTCGCACGCCAGT	93.61760115914201	51.91098699609801	0.0	452.6982344863411	0.0	8.137966602601942	17.168253888547834	51.38298506896315	61.94347141305358	0.0	60.2202805433281	16.58990430418667
GSM4138111_HNSCC_1_TIL_GTTCTCGTCCTGTACC	0.0	0.0	0.0	902.3061375765525	0.0	0.0	2.0447786924436753	0.0	0.0	0.0	0.0	0.0
GSM4138111_HNSCC_1_TIL_TATCAGGCAGCCAGAA	19.11826778410798	4.510734874185565	0.0	588.0625497795726	0.0	0.0	0.0	0.551272549631823	69.44019022302747	0.0	0.0	38.45394260960793
GSM4138111_HNSCC_1_TIL_TCAGCTCGTACCGTAT	0.0	0.0	25.207798113175247	1618.476093277301	0.0	71.31782133328937	4.224533226830474	0.0	0.0	0.0	0.0	0.0
GSM4138111_HNSCC_1_TIL_TCTTCGGCACATCTTT	0.0	0.0	0.0	798.8015018997676	0.0	0.0	0.0	0.0	27.905887615764705	0.0	0.0	25.77148907983374
GSM4138111_HNSCC_1_TIL_TGAGAGGTCGGCGGTT	10.921072238186856	38.36444103751557	0.0	1334.9896142680457	0.0	34.802130301311315	0.0	0.0	34.89153790986162	0.0	17.205386341630412	0.0
GSM4138111_HNSCC_1_TIL_TGCACCTTCTTTACAC	0.0	0.0	25.503888712851516	933.1740489153672	0.0	0.0	31.357325417924933	27.732548850101377	0.0	0.0	0.0	0.0
GSM4138111_HNSCC_1_TIL_TTAGTTCTCTTCATGT	0.0	0.0	0.0	1039.6745275062465	0.0	0.0	5.217436792097056	0.0	9.30119080013088	0.0	0.0	0.0
GSM4138111_HNSCC_1_TIL_TTTACTGTCTTGACGA	2.2914805224068946	0.0	0.0	1196.983838141064	10.516694480466743	11.97282604978912	0.0	0.0	0.0	0.0	0.0	9.70936240276373
GSM4138111_HNSCC_1_TIL_ATCTGCCCATGCCCGA	141.63060884983378	33.38836406691067	85.61892102520721	41.55612616958633	98.82778792043274	76.65382749100594	122.77892615036527	49.532985441476185	35.30656417414801	107.79009480999953	0.0	36.63530429574846
GSM4138111_HNSCC_1_TIL_CAACCTCGTAGCTCCG	128.20687467350936	96.27812461827178	63.04181149681449	23.43662233958379	0.0	106.70869692630507	81.83924403308187	37.01343093289356	17.371030136459545	23.409498678615112	0.0	0.0
GSM4138111_HNSCC_1_TIL_CATCGGGAGCTAGTTC	271.2676877657861	103.55797457630757	41.281243545737674	21.39987503054655	0.0	154.95711645083708	78.87574294805931	81.53234574287067	59.845087326537566	86.36837417345674	0.0	4.586447850925376
GSM4138111_HNSCC_1_TIL_CCACGGACAGATGAGC	305.78916087474556	281.5858610211604	170.21705978292516	87.80006103133701	0.0	287.27881558797975	244.77828145733034	109.35504020633606	166.2619357434591	135.885954256442	0.0	3.8227095218151796
GSM4138111_HNSCC_1_TIL_CGGCTAGTCGGAAACG	143.7487194301305	30.092136273652336	21.386413717649067	13.618214218766996	35.085520922451366	84.32084421254436	57.34447261103511	31.435410948251572	0.0	37.81162896813471	0.0	2.252916456968967
GSM4138111_HNSCC_1_TIL_CGTCTACGTCCGAACC	82.94225239151558	92.71286961112182	97.56808102304527	11.073725028032596	0.0	144.34246149230611	53.659984598636015	4.025665683459117	27.896026678137755	84.77019905762035	0.0	7.421417566375233
GSM4138111_HNSCC_1_TIL_CGTCTACGTGTGAATA	255.10688291508845	212.72791103814535	83.92443341191688	14.787507616535077	0.0	112.93574193884399	130.24641145955184	74.61036601780172	90.30720942452827	72.3696672353989	0.0	31.69833958035186
GSM4138111_HNSCC_1_TIL_CGTTCTGGTCCAGTAT	93.54069873003941	193.4593937147005	40.29281286818979	100.96912442138603	0.0	196.335857076053	72.17291770703243	704.9318123550481	233.74440941950218	819.5676094357227	0.0	74.21653623742466
GSM4138111_HNSCC_1_TIL_CTCGTCAGTTGCTCCT	252.11059282712299	153.05823067931945	66.78648899462964	76.89194945861126	0.0	59.442142444507645	62.23645665967302	140.35648438220886	103.78109379548589	261.31748052987956	0.0	33.36302225478175
GSM4138111_HNSCC_1_TIL_CTTAGGAAGACAAGCC	215.2372608347951	137.765952829386	60.69628158842369	41.84678683928053	12.111944640962045	202.19509657090316	138.00566010681175	117.26069072493367	43.71273246886769	55.91606694342956	0.0	0.0
GSM4138111_HNSCC_1_TIL_CTTGGCTCATAGTAAG	177.64330107598207	126.16527993189946	122.12045530800899	82.15743871094799	0.0	187.68454098462502	134.8756720163305	184.3107861174461	24.00749240352337	114.69598407964776	0.0	29.74376553369225
GSM4138111_HNSCC_1_TIL_GAAACTCTCAACACAC	127.61226249147805	119.09619098028277	103.10020502442161	52.37461979512032	0.0	154.3955833675077	166.38057310300502	17.322199074762135	80.15555295018301	63.850607864035965	0.0	19.358093300152643
GSM4138111_HNSCC_1_TIL_GATTCAGGTGAGCGAT	178.25470133379667	67.40643148922545	19.191324110863086	14.421103747121123	0.0	117.63920127864971	54.33872855509266	43.00554196374468	21.01390492583693	45.89135067319676	0.0	0.9306772664626315
GSM4138111_HNSCC_1_TIL_GGATTACAGTTGCAGG	420.71247293400677	224.72429124492353	0.0	120.80503223928787	0.0	262.54612838387897	187.172337417645	127.99886644211068	169.444358183588	137.6279934804082	0.0	1.6453862066611706
GSM4138111_HNSCC_1_TIL_GGTGAAGTCATCTGCC	244.32838094294772	209.36853073723682	96.3792060332433	43.15060098983868	0.0	155.56742993895213	208.44003155405855	124.47057866551035	110.56471568406299	70.77519618538417	0.0	5.835863188807737
GSM4138111_HNSCC_1_TIL_GTGAAGGGTATATGAG	345.89381520125295	321.8067510780947	99.84439588612997	43.61694025009218	0.0	210.2439501919933	403.0550119548392	92.97677882032255	178.44717457303435	163.42296188920622	0.0	0.0
GSM4138111_HNSCC_1_TIL_GTTTCTAAGCCAGAAC	98.49227917479251	142.86682350871826	45.189862716006864	21.211343704380198	0.0	112.2812962379199	160.3487966999865	107.49988331244656	14.310998375855908	41.57996909949421	0.0	0.35326562468429185
GSM4138111_HNSCC_1_TIL_TAAGAGACATCGGTTA	352.55522655358266	222.15055608066848	9.647606431828477	53.776531965929834	0.0	176.61652182274938	131.26990780533424	102.23463488817981	133.0166775778644	181.3871688437951	0.0	4.750969872284658
GSM4138111_HNSCC_1_TIL_TATTACCGTTGTTTGG	234.5711699128169	249.9179906275239	49.605893522584964	40.59626835537847	0.0	134.379920853373	115.12633264432147	604.8596044003727	122.82265887912581	262.9946598194929	0.0	5.254054269067229
GSM4138111_HNSCC_1_TIL_TGGTTAGAGTTTAGGA	160.5861568317688	211.4302040914598	72.08425623052895	25.46969436739408	0.0	186.43963997912044	106.8987503616671	73.06877369088079	60.8518913928262	99.12593007521295	0.0	0.0
GSM4138111_HNSCC_1_TIL_TTGACTTCATCGACGC	233.75588684554182	160.28468888605605	87.41507024245514	40.54186098099698	0.0	154.7579108974659	115.65619177799798	39.87872208574984	1.7327961093858648	96.0169395063826	0.0	19.347944851186583
