	1	2	3	4	5	6	7	8	9	10	11	12	13	14	15	16	17	18	19	20	21
GSM4138111_HNSCC_1_TIL_AACTCCCGTCATATCG	0.0	0.0	0.0	0.0	165.11502839303137	15.264889130753417	99.69651269265691	0.0	0.0	0.0	0.0	0.0	0.0	0.0	0.0	0.0	0.0	0.0	39.77568951825077	0.0	0.0
GSM4138111_HNSCC_1_TIL_AGTGGGATCACCCGAG	12.715860503349855	0.0	0.0	0.0	0.0	8.530831642628753	99.5281461924172	30.352785347497143	0.0	87.85023264910463	0.0	0.0	0.0	0.0	17.81308667906041	0.0	0.0	0.0	0.0	0.0	0.0
GSM4138111_HNSCC_1_TIL_ATCCGAAGTCGTTGTA	62.4817372528145	26.567637477865535	0.0	57.26594024664837	0.0	15.45797127061544	0.0	0.0	0.0	75.17430112454873	31.679905086530468	0.0	43.451907901221624	0.0	0.0	0.0	0.0	0.0	0.0	0.0	0.0
GSM4138111_HNSCC_1_TIL_CAGCGACAGGGATGGG	0.0	0.0	0.0	227.66963736862544	0.0	9.111944731158	75.28632948329495	0.0	0.0	0.0	12.22774052769579	0.0	0.0	0.0	0.0	0.0	0.0	0.0	0.0	0.0	0.0
GSM4138111_HNSCC_1_TIL_CGGACACTCATATCGG	112.0697202302688	0.0	0.0	0.0	0.0	33.39431000066784	0.0	0.0	0.0	0.0	204.52239794736715	0.0	0.0	0.0	0.0	0.0	0.0	0.0	0.0	0.0	0.0
GSM4138111_HNSCC_1_TIL_TAGTTGGGTCTCCACT	0.0	0.0	0.0	168.0761498508711	0.0	20.09354777255933	0.0	0.0	0.0	0.0	1.1347984461152074	73.74420895102544	0.0	0.0	0.0	0.0	0.0	0.0	0.0	0.0	0.0
GSM4138111_HNSCC_1_TIL_AAAGATGAGCATGGCA	0.0	192.86057580455102	0.0	0.0	0.0	17.95937483471414	130.6259136425051	0.0	0.0	0.0	0.0	0.0	0.0	0.0	0.0	0.0	0.0	0.0	0.0	0.0	0.0
GSM4138111_HNSCC_1_TIL_AGCAGCCTCCTACAGA	40.87438309319756	186.2857562463593	0.0	0.0	0.0	15.561068396645394	38.55826543661773	0.0	0.0	26.268544773236865	0.0	0.0	0.0	0.0	0.0	0.0	0.0	0.0	0.0	0.0	0.0
GSM4138111_HNSCC_1_TIL_AGGTCATTCAAGCCTA	65.00116111635701	0.0	24.450611979866192	0.0	0.0	12.540980993003409	61.29827329872961	0.0	0.0	0.0	0.0	0.0	0.0	35.40190660996162	101.38072517959415	0.0	0.0	0.0	32.145977240318196	0.0	0.0
GSM4138111_HNSCC_1_TIL_ATGCGATGTGATGTCT	452.5595128417593	305.2450284223486	0.0	146.87210743980404	0.0	23.853443019691138	0.0	0.0	0.0	0.0	0.0	0.0	0.0	0.0	0.0	0.0	0.0	0.0	0.0	0.0	0.0
GSM4138111_HNSCC_1_TIL_CCAGCGATCACTTCAT	95.36845682148143	0.0	0.0	0.0	224.46261797870582	25.173972515805076	5.710566254250374	0.0	0.0	0.0	54.06326361428424	0.0	0.0	0.0	0.0	0.0	0.0	0.0	0.0	0.0	0.0
GSM4138111_HNSCC_1_TIL_CCCATACGTCTGATTG	0.0	0.0	0.0	0.0	0.0	17.21288269793827	0.0	223.54400944301568	136.53513514821856	0.0	0.0	0.0	0.0	0.0	0.0	0.0	0.0	0.0	0.0	0.0	0.0
GSM4138111_HNSCC_1_TIL_CGTTAGAGTTTACTCT	155.40431394490142	15.145048183409575	0.0	0.0	0.0	24.71376452069276	52.66485105122462	59.51808094875021	0.0	0.0	0.0	0.0	0.0	201.75949493557178	15.136108944694492	0.0	0.0	0.0	40.73130955146876	0.0	0.0
GSM4138111_HNSCC_1_TIL_CTAGCCTAGGTCATCT	174.75634197569667	92.48279110082309	0.0	0.0	0.0	23.46077504310812	0.0	0.0	0.0	261.61342788639115	0.0	0.0	0.0	0.0	0.0	0.0	0.0	0.0	0.0	0.0	0.0
GSM4138111_HNSCC_1_TIL_CTCGTACTCAGCCTAA	0.0	235.34671356741194	0.0	0.0	5.31330709850664	10.238193208999759	62.031457576116814	0.0	0.0	0.0	0.0	0.0	0.0	0.0	0.0	0.0	0.0	0.0	0.0	0.0	30.54711121832266
GSM4138111_HNSCC_1_TIL_GAAATGATCTAACCGA	341.9025814439607	0.0	0.0	0.0	0.0	48.288314606874884	54.274858939424675	0.0	0.0	709.4790798924174	0.0	0.0	0.0	0.0	0.0	0.0	0.0	0.0	0.0	0.0	0.0
GSM4138111_HNSCC_1_TIL_GGCCGATAGAAGCCCA	59.87447297856258	97.9822147122682	0.0	0.0	93.55226766339	32.68836277451049	19.76258265726724	0.0	0.0	0.0	0.0	0.0	0.0	0.0	0.0	0.0	0.0	0.0	0.0	0.0	0.0
GSM4138111_HNSCC_1_TIL_GGCCGATAGCCCTAAT	0.0	453.7429020967988	0.0	0.0	0.0	24.456137247314796	60.67563199611413	0.0	0.0	0.0	0.0	74.33836737052368	0.0	0.0	0.0	72.93198518701321	0.0	0.0	0.0	0.0	0.0
GSM4138111_HNSCC_1_TIL_GGCGACTAGTTTCCTT	61.09730536939118	0.0	0.0	0.0	216.19548304333873	7.471619043021811	14.478983411037504	0.0	0.0	0.0	0.0	0.0	0.0	0.0	0.0	0.0	0.0	0.0	0.0	0.0	0.0
GSM4138111_HNSCC_1_TIL_GGGACCTAGTTAGGTA	305.33894815495336	0.0	0.0	0.0	0.0	28.24512167848828	83.20682246268893	0.0	0.0	0.0	591.8553165140099	0.0	0.0	0.0	0.0	0.0	0.0	0.0	0.0	0.0	0.0
GSM4138111_HNSCC_1_TIL_GTCAAGTTCAGCACAT	142.2115111457759	0.0	0.0	0.0	289.34841259924366	12.46832395898088	10.95928665764434	0.0	0.0	0.0	0.0	0.0	0.0	0.0	0.0	0.0	0.0	0.0	0.0	0.0	0.0
GSM4138111_HNSCC_1_TIL_TAAACCGTCCAGTATG	145.24603714160995	338.06180191567074	0.0	0.0	0.0	31.657155184886705	0.0	0.0	0.0	0.0	17.519658934311245	0.0	0.0	0.0	0.0	0.0	0.0	0.0	0.0	0.0	0.0
GSM4138111_HNSCC_1_TIL_TATGCCCGTCTCATCC	1.2627471434583781	124.26118558222274	0.0	66.10796388862478	0.0	7.500772104803706	88.97518157765958	0.0	0.0	20.035612849701078	25.910869392661738	0.0	0.0	0.0	0.0	0.0	0.0	0.0	0.0	0.0	0.0
GSM4138111_HNSCC_1_TIL_TTTACTGAGTAGGCCA	0.0	0.0	0.0	0.0	203.58373962621104	37.948341733875274	181.22973490135624	0.0	0.0	0.0	0.0	0.0	0.0	0.0	0.0	0.0	0.0	0.0	78.25376131948379	0.0	0.0
GSM4138111_HNSCC_1_TIL_AACTTTCTCGCCAAAT	0.0	0.0	0.0	0.0	616.4175454591026	56.482463451737424	59.82523402128127	0.0	0.0	0.0	0.0	0.0	0.0	0.0	0.0	0.0	198.18033686251928	0.0	0.0	0.0	0.0
GSM4138111_HNSCC_1_TIL_ACATCAGGTGTTCTTT	0.0	0.0	0.0	311.0261970927833	0.0	9.585721143324582	0.0	0.0	0.0	0.0	0.0	0.0	145.5536096716151	0.0	0.0	0.0	0.0	0.0	0.0	0.0	0.0
GSM4138111_HNSCC_1_TIL_ACGATACCACATTCGA	139.42980920490172	0.0	0.0	0.0	656.9203571896848	15.54749089445865	12.061614377727867	0.0	0.0	0.0	0.0	0.0	0.0	0.0	0.0	86.44675610343175	0.0	0.0	0.0	0.0	0.0
GSM4138111_HNSCC_1_TIL_ACGGCCAAGGGTCGAT	70.22852234799267	0.0	0.0	0.0	0.0	14.879866014110705	2.733783779885479	0.0	0.0	0.0	238.764145881059	0.0	0.0	0.0	0.0	0.0	0.0	0.0	0.0	0.0	0.0
GSM4138111_HNSCC_1_TIL_ACTGAGTTCTCTGTCG	0.0	0.0	0.0	0.0	315.0027067832134	18.011263557776672	0.0	0.0	0.0	0.0	0.0	145.7142224838416	0.0	0.0	0.0	0.0	0.0	0.0	0.0	0.0	0.0
GSM4138111_HNSCC_1_TIL_ACTTTCATCCCACTTG	173.66718288389254	0.0	0.0	321.8353059784976	0.0	30.65227775200363	157.48534528820386	0.0	0.0	68.5693909589275	0.0	0.0	0.0	0.0	0.0	0.0	0.0	0.0	0.0	0.0	0.0
GSM4138111_HNSCC_1_TIL_AGCAGCCGTGAACCTT	127.14268326723717	0.0	23.514054325011177	0.0	0.0	9.129394528240512	0.0	192.75607742562394	0.0	0.0	0.0	0.0	0.0	0.0	0.0	0.0	0.0	0.0	0.0	0.0	0.0
GSM4138111_HNSCC_1_TIL_AGGGATGTCGCCGTGA	94.02840776480102	141.2985839336834	0.0	0.0	56.76415665886608	11.301693204737086	0.0	0.0	0.0	0.0	0.0	0.0	0.0	0.0	0.0	0.0	0.0	0.0	0.0	0.0	0.0
GSM4138111_HNSCC_1_TIL_ATCATCTGTAGCGTGA	0.0	0.0	0.0	0.0	485.00283635273524	23.65948577601409	0.0	0.0	0.0	0.0	0.0	227.331305788955	0.0	0.0	0.0	0.0	0.0	0.0	0.0	0.0	0.0
GSM4138111_HNSCC_1_TIL_ATCGAGTTCATTATCC	0.0	0.0	77.54422994220373	0.0	0.0	21.278470611458005	0.0	0.0	0.0	224.3575611998794	0.0	0.0	232.52729890491707	0.0	0.0	0.0	0.0	62.3450178983661	0.0	0.0	0.0
GSM4138111_HNSCC_1_TIL_ATCTGCCAGGATGGTC	0.0	0.0	0.0	190.81012776384202	0.0	1.8918490901929979	0.0	0.0	0.0	73.76650694816904	0.0	129.41480708866345	0.0	0.0	0.0	0.0	0.0	0.0	0.0	0.0	0.0
GSM4138111_HNSCC_1_TIL_ATTTCTGGTACACCGC	112.18735369958803	0.0	0.0	0.0	296.81574222725374	10.35645104352719	0.0	0.0	0.0	0.0	0.0	0.0	0.0	0.0	0.0	0.0	0.0	0.0	0.0	0.0	0.0
GSM4138111_HNSCC_1_TIL_CAACCAATCTATCCCG	191.3769364855352	0.0	0.0	0.0	544.6044034510359	20.502197529671662	13.766967513501745	0.0	0.0	0.0	0.0	0.0	0.0	0.0	0.0	0.0	0.0	0.0	0.0	0.0	0.0
GSM4138111_HNSCC_1_TIL_CACACAACATCTACGA	104.32717150824297	0.0	0.0	0.0	102.1674208933698	20.990616953920394	0.0	0.0	0.0	0.0	116.47984667594494	0.0	0.0	0.0	0.0	0.0	0.0	0.0	0.0	0.0	0.0
GSM4138111_HNSCC_1_TIL_CACCTTGTCCGGGTGT	0.0	1134.347126867677	0.0	0.0	0.0	45.85887592417755	519.5252812194577	0.0	0.0	0.0	0.0	0.0	0.0	0.0	0.0	0.0	0.0	0.0	0.0	0.0	0.0
GSM4138111_HNSCC_1_TIL_CATGACACAATGGAGC	12.074286420953792	0.0	0.0	0.0	387.69523418955214	13.429248248493804	0.0	0.0	238.7812687155723	0.0	78.64084148157418	0.0	0.0	0.0	106.83522838863199	0.0	34.42900790793623	0.0	0.0	0.0	0.0
GSM4138111_HNSCC_1_TIL_CCACTACTCACAATGC	134.3477172614133	195.36997219125672	0.0	103.4773823256793	0.0	11.399942286113571	0.0	0.0	0.0	0.0	0.0	0.0	0.0	0.0	0.0	0.0	0.0	0.0	0.0	0.0	0.0
GSM4138111_HNSCC_1_TIL_CCCAGTTGTAGTAGTA	66.97452968458991	0.0	0.0	0.0	0.0	26.410142931936445	4.334010446217343	0.0	0.0	0.0	238.7181302917015	0.0	0.0	0.0	0.0	0.0	0.0	0.0	0.0	0.0	0.0
GSM4138111_HNSCC_1_TIL_CCGTGGATCCCTTGCA	78.83239075046197	314.71798241965587	0.0	0.0	0.0	14.245884260927598	79.50700238915991	0.0	0.0	0.0	0.0	0.0	0.0	0.0	0.0	0.0	0.0	0.0	0.0	0.0	0.0
GSM4138111_HNSCC_1_TIL_CGCGGTATCATACGGT	155.2809664292125	0.0	0.0	0.0	315.5312516693367	4.139979034087204	0.0	0.0	0.0	0.0	0.0	0.0	0.0	0.0	0.0	0.0	0.0	0.0	0.0	0.0	0.0
GSM4138111_HNSCC_1_TIL_CGGACTGAGCCGTCGT	105.60130655941461	0.0	0.0	0.0	0.0	4.987733848857579	0.0	0.0	0.0	0.0	264.90392699129495	0.0	0.0	0.0	0.0	0.0	0.0	0.0	0.0	0.0	0.0
GSM4138111_HNSCC_1_TIL_CGGAGCTTCGAACTGT	0.0	0.0	0.0	0.0	0.0	20.627570505171946	0.0	0.0	0.0	0.0	333.134970221599	0.0	557.2953744434382	680.7500716953282	0.0	0.0	0.0	0.0	0.0	0.0	0.0
GSM4138111_HNSCC_1_TIL_CGGAGTCGTATGAATG	75.53169993879663	74.25841118402913	0.0	0.0	0.0	10.95564665491601	0.0	0.0	0.0	0.0	185.92244887731928	0.0	0.0	0.0	0.0	0.0	0.0	0.0	0.0	0.0	0.0
GSM4138111_HNSCC_1_TIL_CGGTTAAGTCGACTAT	126.21304955225007	0.0	0.0	0.0	381.0050896086459	19.28124777517841	0.0	0.0	0.0	0.0	0.0	0.0	0.0	0.0	0.0	0.0	0.0	0.0	0.0	0.0	0.0
GSM4138111_HNSCC_1_TIL_CGTCTACAGCCTATGT	0.0	0.0	0.0	0.0	319.61428416350844	18.50997710900942	0.0	0.0	0.0	0.0	0.0	135.45425395501343	48.99068860466964	0.0	0.0	0.0	0.0	0.0	0.0	0.0	0.0
GSM4138111_HNSCC_1_TIL_CGTGTCTGTCTCCACT	0.0	0.0	0.0	0.0	740.3014830220002	17.28479109752542	328.9084111195992	0.0	0.0	0.0	0.0	0.0	0.0	0.0	0.0	0.0	0.0	0.0	0.0	0.0	0.0
GSM4138111_HNSCC_1_TIL_CGTTAGAAGAGCTATA	125.82217682549425	0.0	0.0	0.0	152.87826308966362	16.55116261474067	1.429565498128034	0.0	0.0	0.0	23.089081086304205	0.0	0.0	0.0	0.0	0.0	0.0	0.0	0.0	0.0	0.0
GSM4138111_HNSCC_1_TIL_CTGCTGTGTCCGAGTC	0.0	236.96884072290163	0.0	0.0	0.0	7.130274856118487	139.5670342667897	0.0	0.0	0.0	0.0	0.0	0.0	0.0	0.0	0.0	0.0	0.0	0.0	0.0	0.0
GSM4138111_HNSCC_1_TIL_CTGGTCTGTCCGTGAC	301.40961090396615	0.0	0.0	0.0	788.2845601622078	27.737704585650093	0.0	0.0	0.0	0.0	0.0	0.0	0.0	0.0	0.0	0.0	0.0	0.0	0.0	0.0	0.0
GSM4138111_HNSCC_1_TIL_CTGTGCTTCGTCCGTT	187.28445397363438	273.0373754215156	0.0	0.0	0.0	7.367131482488241	0.0	0.0	0.0	0.0	43.43991796654427	0.0	0.0	0.0	0.0	0.0	0.0	0.0	0.0	0.0	0.0
GSM4138111_HNSCC_1_TIL_CTTCTCTGTCTTGCGG	53.57307318356602	0.0	0.0	0.0	0.0	6.306167564990892	0.0	0.0	0.0	0.0	185.70619964721294	0.0	0.0	0.0	0.0	0.0	0.0	0.0	0.0	0.0	0.0
GSM4138111_HNSCC_1_TIL_GAATGAACACGTCAGC	0.0	59.38027301083836	75.5794388511668	5366.908848272688	0.0	0.0	0.0	0.0	0.0	0.0	0.0	0.0	0.0	401.17590399710343	0.0	0.0	0.0	0.0	35.92293567536667	0.0	0.0
GSM4138111_HNSCC_1_TIL_GACTAACGTAGAAGGA	0.0	0.0	0.0	0.0	246.9197663164868	2.367964537949924	111.35105323340616	0.0	0.0	0.0	0.0	0.0	0.0	0.0	0.0	187.71322190175124	0.0	0.0	0.0	0.0	0.0
GSM4138111_HNSCC_1_TIL_GATCGATTCAGAGACG	174.29761504996395	0.0	0.0	0.0	639.4698138681456	10.260279372644067	0.0	0.0	0.0	0.0	0.0	0.0	0.0	0.0	0.0	0.0	0.0	0.0	0.0	0.0	0.0
GSM4138111_HNSCC_1_TIL_GGGAATGAGCTGTCTA	81.19410074136744	0.0	0.0	0.0	292.78048677963903	3.8291537206531028	0.0	0.0	0.0	0.0	0.0	0.0	0.0	0.0	0.0	0.0	0.0	0.0	0.0	0.0	0.0
GSM4138111_HNSCC_1_TIL_GGGAGATGTGTGCCTG	0.0	0.0	0.0	0.0	492.54232382849483	15.859381110098752	59.222775141509885	0.0	0.0	0.0	0.0	0.0	0.0	0.0	0.0	0.36853434543465813	126.20228994541138	0.0	0.0	0.0	0.0
GSM4138111_HNSCC_1_TIL_GGGTCTGTCCACGAAT	0.0	0.0	0.0	0.0	0.0	36.32830584010268	0.0	0.0	154.48692042363197	938.9485912971791	0.0	0.0	0.0	0.0	0.0	0.0	247.62650892390496	0.0	0.0	0.0	0.0
GSM4138111_HNSCC_1_TIL_GTCGGGTAGTCAATAG	70.79578204863749	172.62824765681026	0.0	0.0	0.0	10.988439865562608	0.0	0.0	0.0	0.0	3.8085271525894657	0.0	0.0	0.0	0.0	0.0	0.0	0.0	0.0	0.0	0.0
GSM4138111_HNSCC_1_TIL_GTCTCGTCACCCATGG	0.0	0.0	0.0	0.0	225.28807990190083	2.8936708031799196	114.41535360402116	0.0	0.0	0.0	0.0	0.0	0.0	0.0	0.0	0.0	0.0	0.0	0.0	0.0	0.0
GSM4138111_HNSCC_1_TIL_GTCTTCGGTTGATTCG	0.0	0.0	0.0	0.0	478.85122617949037	15.998268348238186	0.0	0.0	0.0	0.0	0.0	0.0	0.0	0.0	0.0	0.0	130.60770372669387	0.0	0.0	0.0	0.0
GSM4138111_HNSCC_1_TIL_GTGCAGCCAGTTTACG	98.78195263237545	0.0	0.0	0.0	0.0	5.378319448014604	0.0	0.0	0.0	0.0	243.2057728597634	0.0	0.0	0.0	0.0	0.0	0.0	0.0	0.0	0.0	0.0
GSM4138111_HNSCC_1_TIL_GTTAAGCGTGCTGTAT	211.04803884414764	234.7494639340072	0.0	0.0	163.9670406948447	23.13162615693333	0.0	0.0	0.0	0.0	0.0	0.0	0.0	0.0	0.0	0.0	0.0	0.0	0.0	0.0	0.0
GSM4138111_HNSCC_1_TIL_TACTCGCCACACATGT	0.0	0.0	0.0	0.0	755.6855260828963	23.90459287720979	347.64287650939156	0.0	0.0	0.0	0.0	0.0	0.0	0.0	0.0	0.0	0.0	0.0	0.0	0.0	0.0
GSM4138111_HNSCC_1_TIL_TACTTACGTGTGACCC	147.70990176934117	74.34411683128697	0.0	75.31922139869101	0.0	17.889021092666418	0.0	0.0	0.0	0.0	183.48680436283428	0.0	0.0	0.0	0.0	0.0	0.0	0.0	0.0	0.0	0.0
GSM4138111_HNSCC_1_TIL_TCATTTGCAAGTAATG	114.99168892087923	243.42722551734337	0.0	0.0	0.0	18.119204548085833	0.0	0.0	0.0	0.0	0.0	0.0	0.0	0.0	0.0	0.0	0.0	0.0	0.0	0.0	0.0
GSM4138111_HNSCC_1_TIL_TCTATTGGTGTTTGTG	159.154962748236	0.0	0.0	0.0	368.95484129806596	4.264005260551213	0.0	0.0	0.0	0.0	0.0	0.0	0.0	0.0	0.0	0.0	0.0	0.0	0.0	0.0	0.0
GSM4138111_HNSCC_1_TIL_TCTCTAATCGTCTGCT	12.032961640178522	37.53758212592306	0.0	19.266938423753146	0.0	10.224153468648298	131.20185062554276	0.0	0.0	0.0	170.11467730697808	0.0	0.0	0.0	0.0	0.0	0.0	0.0	0.0	0.0	0.0
GSM4138111_HNSCC_1_TIL_TTCTACACACCGGAAA	223.2924138594356	0.0	0.0	0.0	133.12695486279162	11.341214316604633	0.0	0.0	0.0	0.0	464.6794071888748	0.0	0.0	0.0	0.0	0.0	0.0	0.0	0.0	0.0	0.0
GSM4138111_HNSCC_1_TIL_AGTGTCACATTAGCCA	0.0	0.0	0.0	0.0	0.0	11.500656676130603	70.17333858245499	0.0	0.0	0.0	0.0	0.0	0.0	0.0	0.0	75.87707949927075	0.0	0.0	0.0	280.4132094686265	0.0
GSM4138111_HNSCC_1_TIL_GCGGGTTTCTCAACTT	0.0	0.0	455.12466879056376	0.0	0.0	17.099126767618905	0.0	0.0	0.0	0.0	0.0	0.0	206.06034780951975	0.0	0.0	0.0	0.0	0.0	0.0	0.0	0.0
GSM4138111_HNSCC_1_TIL_GCTCTGTGTCTAGTCA	0.0	0.0	0.0	0.0	0.0	23.317343581522575	0.0	568.6554308687748	0.0	0.0	0.0	0.0	386.72607450735654	157.62639518742256	0.0	0.0	0.0	0.0	0.0	0.0	0.0
GSM4138111_HNSCC_1_TIL_GGACAAGAGGAGTACC	0.0	0.0	360.4169051609633	0.0	0.0	7.7071413077583495	0.0	0.0	0.0	0.0	0.0	0.0	0.0	0.0	0.0	173.81996782100714	0.0	0.0	0.0	0.0	0.0
GSM4138111_HNSCC_1_TIL_GTCCTCAAGATGCCTT	0.0	0.0	539.0411807710573	0.0	0.0	29.651877733128806	244.87459577596348	0.0	0.0	0.0	0.0	0.0	56.33748506123684	0.0	0.0	0.0	0.0	0.0	0.0	0.0	0.0
GSM4138111_HNSCC_1_TIL_TTTCCTCTCTCGCTTG	0.0	0.0	509.75842678307293	0.0	0.0	23.704923955212198	0.0	0.0	0.0	0.0	0.0	0.0	0.0	0.0	0.0	284.6568427456039	0.0	0.0	0.0	0.0	0.0
GSM4138111_HNSCC_1_TIL_AAACCTGTCTTCGAGA	0.0	0.0	222.30958349856616	0.0	0.0	4.828045824271453	27.269484619041023	0.0	81.68192500811084	0.0	0.0	0.0	0.0	32.499030018832656	0.0	0.0	0.0	0.0	0.0	0.0	0.0
GSM4138111_HNSCC_1_TIL_ACACCCTTCACAGGCC	0.0	0.0	414.300846881062	0.0	0.0	21.843392697506815	0.0	0.0	0.0	0.0	0.0	0.0	211.54906007203348	0.0	0.0	0.0	43.1233102743861	0.0	0.0	0.0	0.0
GSM4138111_HNSCC_1_TIL_ACGGCCAAGTGGAGTC	0.0	0.0	242.65064287670444	0.0	0.0	18.51305816276731	0.0	0.0	67.58239430027515	0.0	0.0	0.0	0.0	0.0	0.0	0.0	0.0	0.0	0.0	0.0	0.0
GSM4138111_HNSCC_1_TIL_ACGTCAAGTAACGCGA	0.0	0.0	275.06755356520665	0.0	0.0	4.337826888520729	72.3930574728263	0.0	0.0	0.0	0.0	0.0	0.0	0.0	0.0	0.0	0.0	0.0	0.0	0.0	0.0
GSM4138111_HNSCC_1_TIL_ACTATCTGTCTCTCTG	0.0	0.0	68.82561913817327	0.0	0.0	14.809244646796088	92.5143564715641	0.0	36.80209109854566	0.0	0.0	0.0	0.0	0.0	0.0	0.0	0.0	0.0	0.0	149.7524036014417	0.0
GSM4138111_HNSCC_1_TIL_ACTTACTAGCTAGTGG	0.0	0.0	135.86128125660812	0.0	0.0	11.656229612634421	0.0	0.0	0.0	0.0	0.0	9.308780766667597	0.0	21.3266223875653	0.0	0.0	0.0	0.0	0.0	0.0	107.4429225606514
GSM4138111_HNSCC_1_TIL_ACTTGTTAGCTGTTCA	71.36609725376478	0.0	0.0	0.0	0.0	0.34689727812530574	0.0	0.0	0.0	0.0	0.0	0.0	0.0	319.16367223260386	0.0	0.0	4.112106247133459	0.0	0.0	5.365110528187116	0.0
GSM4138111_HNSCC_1_TIL_ATAACGCTCGCGCCAA	0.0	0.0	222.87778489744423	0.0	0.0	7.310112466350673	117.00995629258371	0.0	0.0	0.0	0.0	0.0	0.0	0.8256395101386054	0.0	0.0	0.0	0.0	0.0	0.0	0.0
GSM4138111_HNSCC_1_TIL_ATCATCTGTACCGCTG	19.345624920912115	0.0	70.68960735255187	0.0	0.0	7.2505980489595805	7.340689686102281	0.0	62.756676729220445	0.0	0.0	0.0	0.0	0.0	0.0	0.0	0.0	0.0	0.0	171.59849286541464	0.0
GSM4138111_HNSCC_1_TIL_ATTGGTGCACACCGCA	0.0	0.0	111.5188860865764	0.0	0.0	18.078320906551667	0.0	0.0	6.223005414556495	0.0	0.0	0.0	89.07849560585807	4.4470725073276345	0.0	0.0	0.0	89.95404958800903	0.0	0.0	0.0
GSM4138111_HNSCC_1_TIL_CAAGAAAAGGCCCGTT	0.0	0.0	0.0	0.0	0.0	12.294474221194836	0.0	51.40664482200828	69.68904684638468	0.0	0.0	0.0	0.0	45.63740323136444	0.0	0.0	0.0	0.0	0.0	128.8703433211983	0.0
GSM4138111_HNSCC_1_TIL_CAGGTGCGTCATGCCG	0.0	0.0	0.0	0.0	0.0	55.32191884270282	93.79574244334768	0.0	0.0	0.0	0.0	0.0	0.0	0.0	0.0	98.09832067917813	0.0	0.0	366.10418547449467	0.0	0.0
GSM4138111_HNSCC_1_TIL_CGGACGTCACTCTGTC	0.0	0.0	0.0	0.0	0.0	13.679316481969513	0.0	192.56284138593182	0.0	0.0	0.0	0.0	73.53953465048032	0.0	0.0	0.0	4.330819769892447	0.0	0.0	0.0	0.0
GSM4138111_HNSCC_1_TIL_CGTCACTGTCCAGTGC	0.0	0.0	88.33919391212363	0.0	0.0	7.356329735658442	0.0	0.0	56.12623891648911	0.0	0.0	0.0	0.0	164.26728474204543	0.0	0.0	0.0	0.0	0.0	0.24529351177886954	53.65071853077874
GSM4138111_HNSCC_1_TIL_CTAATGGTCTGCAGTA	9.875350057714694	0.0	72.68067463827502	0.0	0.0	29.87073373165733	149.48960915534622	396.7007444889673	0.0	0.0	0.0	0.0	46.68467786988218	0.0	0.0	0.0	0.0	0.0	0.0	0.0	0.0
GSM4138111_HNSCC_1_TIL_CTGAAACGTTCCCGAG	0.0	0.0	0.0	0.0	0.0	14.419815020076285	0.0	160.63097418901552	84.68462511071904	0.0	0.0	0.0	0.0	33.23135380487162	0.0	0.0	0.0	0.0	0.0	0.0	0.0
GSM4138111_HNSCC_1_TIL_CTGCTGTCATGTCGAT	25.516879707350245	0.0	5.310218199925228	0.0	0.0	9.624805334785094	0.0	182.19736569040123	94.72747357362162	0.0	0.0	0.0	0.0	0.0	0.0	0.0	0.0	0.0	0.0	0.0	0.0
GSM4138111_HNSCC_1_TIL_GACAGAGCAGCCAGAA	4.787632962901783	0.0	57.83017146446597	0.0	0.0	22.165426055531785	0.0	0.0	0.0	0.0	0.0	0.0	0.0	0.0	0.0	0.0	99.25681987701994	169.6347977957356	0.0	0.0	0.0
GSM4138111_HNSCC_1_TIL_GCGCCAAGTCATGCCG	0.0	0.0	351.3605849574845	0.0	0.0	26.50472020779488	81.38421922330483	0.0	100.0231258826504	0.0	0.0	0.0	15.737301433771833	0.0	0.0	0.0	0.0	0.0	29.672926218187662	0.0	0.0
GSM4138111_HNSCC_1_TIL_GCTGCAGAGCGCTCCA	0.0	0.0	136.86013566502598	0.0	0.0	16.23495542770355	3.838572974648365	0.0	90.94898071191248	0.0	0.0	0.0	0.0	67.65603354949779	0.0	0.0	0.0	0.0	0.0	0.0	0.0
GSM4138111_HNSCC_1_TIL_GGCTGGTAGGCCCTCA	0.0	0.0	167.5203301528573	0.0	0.0	15.184643410051905	89.64181278602717	0.0	0.0	0.0	0.0	29.705148327428336	0.0	0.0	0.0	0.0	0.0	0.0	0.0	0.0	0.0
GSM4138111_HNSCC_1_TIL_GTGTTAGCAAAGAATC	0.0	0.0	7.263582633124521	0.0	0.0	6.3171192868024395	0.0	201.6502360474269	78.45257259788687	0.0	0.0	0.0	0.0	0.0	0.0	0.0	0.0	0.0	0.0	0.0	0.0
GSM4138111_HNSCC_1_TIL_TACTCGCGTTCCACTC	0.0	0.0	47.78957371731965	0.0	0.0	14.247867520514083	0.0	203.39213396324644	29.467638281838617	0.0	0.0	0.0	52.04528275107055	0.0	0.0	0.0	0.0	0.0	0.0	0.0	0.0
GSM4138111_HNSCC_1_TIL_TAGGCATGTAGCTGCC	0.0	0.0	128.7400314743658	0.0	0.0	9.998111653543116	0.0	0.0	39.841495868347664	0.0	0.0	0.0	0.0	0.0	0.0	0.0	0.0	0.0	0.0	49.649119976119046	67.99292181116078
GSM4138111_HNSCC_1_TIL_TGAGCCGCAGTAACGG	0.0	0.0	0.0	0.0	0.0	14.609487744717443	0.0	0.0	98.79349361528435	0.0	0.0	0.0	0.0	218.73046751517143	0.0	0.0	0.0	0.0	0.0	0.0	0.0
GSM4138111_HNSCC_1_TIL_TGAGGGAGTCTTCTCG	0.0	0.0	135.94257688091452	0.0	0.0	11.42749579407889	0.0	0.0	40.579961739240055	0.0	0.0	0.0	32.93365132456926	0.0	0.0	0.0	0.0	0.0	0.0	55.46940757122228	0.0
GSM4138111_HNSCC_1_TIL_TGCCCATAGAGCTATA	0.0	0.0	55.51138203376626	0.0	0.0	6.338390958945705	0.0	310.9268865088427	0.0	0.0	0.0	0.0	195.44168633704928	0.0	0.0	0.0	0.0	0.0	0.0	0.0	0.0
GSM4138111_HNSCC_1_TIL_TGTATTCGTAAGGATT	0.0	0.0	0.0	0.0	0.0	13.160473270892794	0.0	239.87084283127123	0.0	0.0	0.0	0.0	91.81013426442243	0.0	0.0	0.0	0.0	0.0	0.0	0.0	0.0
GSM4138111_HNSCC_1_TIL_TTCGAAGAGACGCACA	0.0	0.0	55.70886050602182	0.0	0.0	13.512725757319833	0.0	0.0	74.70929529920971	0.0	0.0	0.0	0.0	74.33727342058613	0.0	26.63406380785109	0.0	0.0	0.0	110.98670369348429	0.0
GSM4138111_HNSCC_1_TIL_AGAGCTTAGTCTCAAC	0.0	48.80631016548356	0.0	96.35137235646096	0.0	32.01750043567751	80.13534900745407	0.0	0.0	0.0	0.0	0.0	0.0	0.0	0.0	0.0	0.0	0.0	0.0	0.0	0.0
GSM4138111_HNSCC_1_TIL_AGCGTATTCAAAGACA	138.7222829397426	0.0	0.0	312.05792126541616	0.0	23.602076378654438	0.0	0.0	0.0	0.0	0.0	0.0	0.0	0.0	0.0	0.0	0.0	0.0	0.0	0.0	0.0
GSM4138111_HNSCC_1_TIL_ATCCACCAGGTGTTAA	68.17512016086508	0.0	0.0	217.28080386879506	0.0	34.937686123083765	9.847642334761646	0.0	0.0	51.96021684864733	0.0	0.0	0.0	0.0	0.0	30.218947640837712	41.4516335505748	0.0	0.0	0.0	0.0
GSM4138111_HNSCC_1_TIL_CAACCAACACAGACTT	0.0	0.0	0.0	298.56890259307556	0.0	17.454330304629636	0.0	0.0	0.0	0.0	0.0	200.70628039155514	0.0	0.0	0.0	0.0	0.0	0.0	0.0	0.0	0.0
GSM4138111_HNSCC_1_TIL_CAACTAGTCGCGTTTC	0.0	0.0	0.0	158.39730783647013	0.0	25.15852095132034	0.0	0.0	0.0	307.49459959185714	0.0	261.5427525373397	0.0	0.0	0.0	0.0	0.0	0.0	0.0	0.0	0.0
GSM4138111_HNSCC_1_TIL_CAGCTGGCAATAGAGT	0.0	0.0	0.0	0.0	0.0	15.68842565812851	0.0	0.0	0.0	0.0	0.0	159.74696428963603	0.0	0.0	0.0	0.0	0.0	0.0	249.3924137975748	0.0	0.0
GSM4138111_HNSCC_1_TIL_CAGTCCTAGGCATGTG	0.0	0.0	98.64346571873175	122.39079216683919	0.0	8.160819680690215	0.0	0.0	0.0	0.0	0.0	0.0	0.0	0.0	0.0	213.63810877970712	0.0	0.0	0.0	0.0	0.0
GSM4138111_HNSCC_1_TIL_CCACTACAGCACAGGT	117.87350032053725	0.0	0.0	0.0	0.0	7.7254226982868826	0.0	0.0	0.0	177.19483844545422	0.0	0.0	0.0	0.0	0.0	0.0	0.0	0.0	0.0	0.0	0.0
GSM4138111_HNSCC_1_TIL_CCACTACCATTAGCCA	26.553266723662148	0.0	0.0	0.0	206.34682504247093	8.338893688475729	83.27571059574535	0.0	0.0	0.0	0.0	0.0	0.0	0.0	0.0	0.0	0.0	0.0	0.0	0.0	0.0
GSM4138111_HNSCC_1_TIL_CCAGCGATCAATCACG	0.0	0.0	0.0	0.0	0.0	16.493911290569553	0.0	0.0	0.0	227.11498683917824	0.0	201.1717488262279	0.0	0.0	0.0	0.0	0.0	0.0	0.0	0.0	0.0
GSM4138111_HNSCC_1_TIL_CGGACGTTCTTGCAAG	0.0	0.0	0.0	246.20093864574932	0.0	39.77722948969837	77.28570863369315	0.0	0.0	0.0	0.0	98.42637212204767	0.0	0.0	0.0	1.0670103937923903	0.0	0.0	0.0	0.0	0.0
GSM4138111_HNSCC_1_TIL_CGTTAGACAACACCCG	0.0	174.19923763532404	0.0	0.0	0.0	15.80156219399505	98.8615094886418	0.0	0.0	0.0	0.0	0.0	0.0	0.0	0.0	0.0	0.0	0.0	0.0	0.0	0.0
GSM4138111_HNSCC_1_TIL_CTGCGGACAGTCAGCC	74.18479356451235	0.0	55.596841700816356	0.0	0.0	2.924922956862483	10.01403153964328	27.75131425531282	0.0	0.0	0.0	0.0	0.0	16.358474687122246	0.0	0.0	0.0	35.20993673046717	0.0	0.0	0.0
GSM4138111_HNSCC_1_TIL_GCAGCCAGTGATGCCC	113.65773914258546	0.0	0.0	125.23963094519164	0.0	7.613402361491224	0.0	0.0	0.0	69.78636428121695	0.0	0.0	0.0	0.0	0.0	0.0	0.0	0.0	0.0	0.0	0.0
GSM4138111_HNSCC_1_TIL_GGCTGGTGTGCCTGTG	66.61253867865157	0.0	0.0	219.96280015920917	0.0	11.328252127138763	0.0	0.0	0.0	0.0	0.0	0.0	0.0	0.0	0.0	0.0	32.43963430774352	0.0	0.0	0.0	0.0
GSM4138111_HNSCC_1_TIL_TGACGGCAGCGTCAAG	0.0	0.0	0.0	261.56646908666426	0.0	33.11732703113416	133.7732755027465	0.0	0.0	0.0	0.0	0.0	0.0	0.0	0.0	0.0	0.0	0.0	0.0	0.0	0.0
GSM4138111_HNSCC_1_TIL_TGCGCAGAGCATGGCA	24.35189570096531	0.0	0.0	166.30918613614315	0.0	10.692379605985296	0.0	0.0	0.0	0.0	0.0	0.0	0.0	0.0	0.0	0.0	63.45101443097588	0.0	0.0	0.0	0.0
GSM4138111_HNSCC_1_TIL_ACGGAGACAGGACGTA	0.0	0.0	113.06450985665141	82.3522793629071	0.0	9.052730453030746	0.0	0.0	0.0	0.0	0.0	0.0	143.83084455995248	0.0	0.0	0.0	0.0	0.0	0.0	0.0	0.0
GSM4138111_HNSCC_1_TIL_AGATCTGAGTCAAGCG	228.8897593348602	0.0	357.22740704881477	158.59209813559667	0.0	31.23722737115185	92.91298515501582	0.0	0.0	0.0	0.0	0.0	0.0	0.0	0.0	0.0	0.0	0.0	0.0	0.0	0.0
GSM4138111_HNSCC_1_TIL_ATAAGAGAGAGTCTGG	0.0	21.92028246030291	0.0	201.0808342618673	5.198836612523474	13.533114215718157	0.0	0.0	0.0	26.114089615766737	0.0	0.0	0.0	0.0	0.0	236.4094427638112	0.0	0.0	0.0	0.0	0.0
GSM4138111_HNSCC_1_TIL_GAACGGAAGGGATACC	0.0	0.0	0.0	359.1498636063024	0.0	13.273797159194627	0.0	0.0	0.0	0.0	0.0	0.0	182.69851050015333	0.0	0.0	0.0	57.40029827271448	0.0	0.0	0.0	0.0
GSM4138111_HNSCC_1_TIL_GACGCGTTCTAACTCT	0.0	0.0	0.0	235.48586892700146	0.0	6.542577449038115	0.0	0.0	0.0	0.0	0.0	0.0	201.5356639818351	0.0	0.0	0.0	0.0	0.0	0.0	0.0	0.0
GSM4138111_HNSCC_1_TIL_GATGCTAGTAAATGTG	69.13678091299852	0.0	0.0	298.4984247028407	0.0	7.304736253148275	52.892555207283955	0.0	0.0	0.0	0.0	0.0	0.0	0.0	0.0	0.0	0.0	0.0	0.0	0.0	0.0
GSM4138111_HNSCC_1_TIL_GTGAAGGTCGTACCGG	0.0	469.32899044396316	0.0	18.15934516880062	78.2784943194735	29.865775944402692	0.0	0.0	16.285613336484715	0.0	0.0	0.0	0.0	0.0	0.0	0.0	244.19909126632365	0.0	0.0	0.0	0.0
GSM4138111_HNSCC_1_TIL_TGCTACCTCGGATGGA	0.0	0.0	0.0	249.7673085326141	0.0	15.247867725289995	0.0	0.0	0.0	0.0	0.0	0.0	148.22593801406492	0.0	0.0	0.0	15.67790394909	0.0	0.0	0.0	0.0
GSM4138111_HNSCC_1_TIL_ACATACGAGTCATGCT	4.023101550143095	55.41453516241751	0.0	93.45276320051406	0.0	7.81015622421349	18.217716743305647	0.0	0.0	0.0	64.78477786173964	0.0	0.0	0.0	0.0	0.0	0.0	0.0	0.0	0.0	103.09420974119007
GSM4138111_HNSCC_1_TIL_CAACCTCGTTCAACCA	28.024234635007446	139.56226689215478	0.0	0.0	0.0	3.774127256475215	42.24954355981088	0.0	0.0	0.0	25.15076850540571	0.0	0.0	0.0	0.0	0.0	0.0	0.0	0.0	0.0	0.0
GSM4138111_HNSCC_1_TIL_CAACTAGTCACCATAG	75.92080620321828	0.0	75.84328808047903	0.0	0.0	22.281384734196926	0.0	162.38313167431113	0.0	108.19598955248007	0.0	44.11845751940326	0.0	0.0	0.0	0.0	54.175063140194304	0.0	0.0	0.0	0.0
GSM4138111_HNSCC_1_TIL_CCAGCGAAGGGATACC	118.10676483672403	207.98182333040913	0.0	0.0	0.0	11.850257440179634	0.0	0.0	0.0	0.0	0.0	0.0	0.0	0.0	0.0	0.0	0.0	0.0	0.0	0.0	0.0
GSM4138111_HNSCC_1_TIL_GAAATGAGTCTAGTCA	0.0	0.0	0.0	48.24791478982565	0.0	13.30011907566545	9.854673988967464	0.0	0.0	0.0	124.28379769593555	85.91590968236714	0.0	0.0	0.0	0.0	0.0	0.0	0.0	0.0	0.0
GSM4138111_HNSCC_1_TIL_GCAGTTACATAGAAAC	45.52747719249253	94.38260910734284	0.0	0.0	0.0	11.313318587492878	31.732155432933094	0.0	0.0	0.0	125.40013128168326	33.94608471704015	0.0	0.0	0.0	0.0	0.0	0.0	0.0	0.0	0.0
GSM4138111_HNSCC_1_TIL_GGTATTGCAGGAATGC	0.0	0.0	0.0	0.0	0.0	3.1924432829115057	72.79896629137285	0.0	0.0	133.56282613155102	72.60367660073993	0.0	0.0	0.0	0.0	0.0	0.0	0.0	0.0	0.0	0.0
GSM4138111_HNSCC_1_TIL_GGTGTTACATTAGCCA	0.0	206.0190275047246	0.0	0.0	0.0	6.028554764665588	59.27035118376937	0.0	0.0	0.0	0.0	0.0	0.0	0.0	0.0	0.0	0.0	0.0	0.0	0.0	0.0
GSM4138111_HNSCC_1_TIL_GTCTTCGAGCTAGTGG	64.67390728452582	0.0	0.0	83.40622046887067	0.0	14.05923132339301	0.0	0.0	0.0	117.9867104229304	0.0	0.0	0.0	0.0	0.0	0.0	0.0	0.0	0.0	0.0	0.0
GSM4138111_HNSCC_1_TIL_TTGCGTCCATCGGACC	5.764887547963514	223.20456436452432	0.0	0.0	0.0	16.681198580044356	101.222343423048	0.0	0.0	0.0	5.328988918963274	0.0	0.0	0.0	0.0	0.0	0.0	0.0	0.0	0.0	0.0
GSM4138111_HNSCC_1_TIL_CACACCTGTACGCTGC	0.0	0.0	0.0	0.0	226.4861801492909	3.849962770673853	88.0120528681595	0.0	0.0	0.0	0.0	0.0	0.0	0.0	0.0	0.0	0.0	0.0	0.0	0.0	0.0
GSM4138111_HNSCC_1_TIL_CAGAGAGCATAAAGGT	128.5339999475684	0.0	0.0	208.2299901957419	0.0	9.986998361770175	0.0	0.0	0.0	0.0	0.0	0.0	0.0	0.0	0.0	0.0	0.0	0.0	0.0	0.0	0.0
GSM4138111_HNSCC_1_TIL_CCCTCCTCACTTAACG	0.0	0.0	67.50382941805296	0.0	70.34031653335447	46.01147718183947	121.54363356605306	36.8021310923272	0.0	0.0	0.0	0.0	0.0	0.0	3.9825113106508097	0.0	0.0	0.0	0.0	0.0	0.0
GSM4138111_HNSCC_1_TIL_CCTAAAGGTGACGGTA	0.0	44.205843768675265	0.0	0.0	175.29061163602057	12.319181500585621	13.265215852566957	0.0	0.0	0.0	0.0	89.74044114251892	0.0	0.0	0.0	0.0	0.0	0.0	0.0	0.0	0.0
GSM4138111_HNSCC_1_TIL_CCTTCGATCTTTACAC	0.0	0.0	0.0	235.2662876335912	0.0	10.471521565833617	0.0	0.0	0.0	0.0	0.0	0.0	150.22292803532173	0.0	0.0	0.0	0.0	0.0	0.0	0.0	0.0
GSM4138111_HNSCC_1_TIL_GAGCAGAGTTCAGCGC	0.0	0.0	0.0	0.0	0.0	16.63032023520067	72.37607910137397	0.0	0.0	0.0	0.0	0.0	0.0	139.6126959755626	0.0	0.0	0.0	0.0	0.0	0.0	0.0
GSM4138111_HNSCC_1_TIL_GGTGCGTCAGCTGTAT	0.0	0.0	0.0	0.0	200.37459908184655	19.511223198836436	13.685991558031617	0.0	0.0	0.0	9.123314766520625	68.0685216249188	0.0	0.0	0.0	0.0	0.0	0.0	19.028722746364984	0.0	0.0
GSM4138111_HNSCC_1_TIL_TATTACCCATCCCATC	0.0	0.0	0.0	121.40326954633497	0.0	24.708573976625303	143.59882243695372	0.0	0.0	25.7326070233612	0.0	0.0	0.0	0.0	0.0	0.0	0.0	0.0	0.0	0.0	6.651978347021856
GSM4138111_HNSCC_1_TIL_TGAGAGGAGCCGCCTA	0.0	225.988497541549	0.0	0.0	0.0	12.338934114982191	33.167380772207245	0.0	0.0	0.0	0.0	59.445943362779914	0.0	0.0	0.0	0.0	0.0	0.0	0.0	0.0	0.0
GSM4138111_HNSCC_1_TIL_AGTTGGTAGTACGTTC	0.0	0.0	87.43112652538213	59.475404433079724	0.0	2.643798505087872	13.76788956881119	0.0	0.0	0.0	0.0	18.4852290083013	0.0	0.0	0.0	31.427125859369802	27.02900451078034	0.0	0.0	0.0	0.0
GSM4138111_HNSCC_1_TIL_CCCAGTTTCAGTACGT	0.0	0.0	241.5921056974537	0.0	0.0	12.047651626654645	0.0	0.0	0.0	0.0	0.0	0.0	162.84917867544888	0.0	0.0	0.0	0.0	0.0	0.0	0.0	0.0
GSM4138111_HNSCC_1_TIL_CCTAAAGCAAGGACTG	15.471471744418198	0.0	0.0	0.0	0.0	7.357621837537214	81.28383149756564	0.0	0.0	0.0	0.0	0.0	0.0	0.0	0.0	0.0	0.0	44.572560067442694	0.0	116.5517580594298	0.0
GSM4138111_HNSCC_1_TIL_GACGCGTTCAAACCGT	105.52460287861659	0.0	146.17214748258968	59.12169557761683	1.9277694458558623	7.375117608382709	0.0	0.0	0.0	0.0	0.0	0.0	0.0	0.0	0.0	0.0	0.0	0.0	0.0	0.0	0.0
GSM4138111_HNSCC_1_TIL_GGATGTTGTGGCTCCA	0.0	0.0	183.90379390689887	0.0	0.0	7.5373542707274	0.0	9.456498934108676	70.94084870022097	0.0	0.0	0.0	0.0	0.0	0.0	0.0	0.0	0.0	0.0	12.102353729169067	0.0
GSM4138111_HNSCC_1_TIL_ACTGATGGTGCTAGCC	0.0	0.0	171.1666039397318	0.0	0.0	25.317422157284895	48.82681244606819	0.0	0.0	0.0	0.0	0.0	61.443693368040854	0.0	0.0	0.0	0.0	6.234209643867012	71.37802352028514	0.0	0.0
GSM4138111_HNSCC_1_TIL_CCTACCACATCGGGTC	0.0	0.0	0.0	0.0	0.0	13.116639190288446	0.0	0.0	0.0	0.0	0.0	63.95325010014686	0.0	91.19861781238389	0.0	0.0	29.582553951129125	0.0	56.37731450119066	84.30397836872935	0.0
GSM4138111_HNSCC_1_TIL_CTCACACAGTTGTCGT	15.327482414400633	0.0	187.6301126613114	0.0	0.0	16.103141393061232	0.0	0.0	0.0	0.0	0.0	0.0	31.862431529568564	0.0	0.0	50.24624379811858	0.0	33.81302833997242	0.0	109.03926002849687	0.0
GSM4138111_HNSCC_1_TIL_TACTTGTTCCGCATCT	0.0	0.0	229.07189082410275	0.0	0.0	8.888339294552372	0.0	0.0	0.0	0.0	0.0	56.77774558021387	154.48225785053293	0.0	0.0	0.0	0.0	0.0	120.78536373008652	0.0	0.0
GSM4138111_HNSCC_1_TIL_TGGCGCACATTATCTC	0.0	0.0	0.0	0.0	0.0	14.758287130577918	0.0	0.0	36.829062351418244	0.0	0.0	20.179573926700385	0.0	55.65968964280766	0.0	0.0	2.590616057174659	0.0	64.84748205087656	61.73265511728464	2.948182017281121
GSM4138111_HNSCC_1_TIL_AGAATAGTCTCCAACC	60.919984631369765	153.4498717102032	0.0	0.0	7.5479746172171645	10.12002495210762	0.0	0.0	0.0	0.0	0.0	0.0	0.0	0.0	0.0	0.0	0.0	0.0	0.0	0.0	0.0
GSM4138111_HNSCC_1_TIL_AGCTCTCTCTAACTCT	104.24705064217304	0.0	0.0	0.0	0.0	19.515131991713925	0.0	0.0	0.0	0.0	488.89326214505076	0.0	0.0	0.0	0.0	0.0	0.0	0.0	0.0	0.0	0.0
GSM4138111_HNSCC_1_TIL_CACACAATCCCAAGAT	61.03735916924477	0.0	0.0	0.0	331.4750983142742	11.954073508513071	19.412165013238756	0.0	0.0	0.0	0.0	0.0	0.0	0.0	0.0	0.0	0.0	0.0	0.0	0.0	0.0
GSM4138111_HNSCC_1_TIL_CCTAAAGTCTAACCGA	49.960462912800445	1.905352747629519	0.0	0.0	0.0	9.243985752214646	27.73754751659967	0.0	0.0	0.0	128.02989715029068	0.0	0.0	0.0	0.0	0.0	0.0	0.0	0.0	0.0	0.0
GSM4138111_HNSCC_1_TIL_TCAACGAAGCGTAATA	157.91987532983504	96.59790744789336	0.0	122.02399570904198	0.0	2.3315540349667496	0.0	0.0	0.0	0.0	6.502694979981385	0.0	0.0	0.0	0.0	0.0	0.0	0.0	0.0	0.0	0.0
GSM4138111_HNSCC_1_TIL_TCGGTAACATTACGAC	68.34354316055497	112.89128790639833	0.0	0.0	0.0	14.824446805967142	51.39620363052639	0.0	0.0	0.0	0.0	0.0	0.0	0.0	0.0	0.0	0.0	0.0	0.0	0.0	0.0
GSM4138111_HNSCC_1_TIL_AACTCCCAGATGAGAG	8.678189676765324	0.0	0.0	0.0	0.0	15.428089908761631	109.0730343231466	0.0	0.0	0.0	0.0	0.0	0.0	205.7427222048495	0.0	0.0	0.0	0.0	0.0	0.0	0.0
GSM4138111_HNSCC_1_TIL_CACACAACAATTCCTT	0.0	0.0	0.0	0.0	0.0	6.35538208822635	106.33966095575549	0.0	0.0	94.99734673710152	116.43828261926303	0.0	0.0	0.0	0.0	0.0	0.0	0.0	0.0	0.0	0.0
GSM4138111_HNSCC_1_TIL_CATGCCTCAGAGTGTG	128.5458390650665	0.0	0.0	207.7517625855252	0.0	25.070844431834857	0.0	0.0	0.0	0.0	0.0	0.0	0.0	0.0	0.0	0.0	0.0	0.0	0.0	0.0	0.0
GSM4138111_HNSCC_1_TIL_GACCTGGTCAATAAGG	0.0	0.0	0.0	0.0	209.40834085378336	16.613292018447982	74.41525734432078	0.0	0.0	0.0	0.0	37.98932482473067	0.0	0.0	0.0	0.0	0.0	0.0	0.0	0.0	0.0
GSM4138111_HNSCC_1_TIL_ACCGTAAAGAGGGATA	144.4108839047195	178.62803509993284	0.0	31.73861820176254	0.0	34.35821472797024	0.0	0.0	0.0	0.0	0.0	0.0	0.0	0.0	0.0	0.0	0.0	0.0	0.0	0.0	0.0
GSM4138111_HNSCC_1_TIL_ACGTCAAGTAGTACCT	182.49410453918833	0.0	445.69664990560915	0.0	0.0	35.40097783915707	0.0	0.0	0.0	0.0	0.0	0.0	0.0	0.0	0.0	0.0	109.99265771873677	0.0	0.0	0.0	0.0
GSM4138111_HNSCC_1_TIL_ACTGAACGTCTGGTCG	199.81134923799286	35.489961737832985	0.0	216.70186395812027	61.14187129809931	38.4020785422357	28.024722543965375	0.0	0.0	0.0	0.0	0.0	0.0	0.0	0.0	0.0	0.0	0.0	0.0	0.0	0.0
GSM4138111_HNSCC_1_TIL_AGGTCATGTCGCTTTC	161.50372547449473	240.86449399336863	0.0	0.0	0.0	20.791822065141872	0.0	0.0	0.0	0.0	0.0	0.0	0.0	0.0	0.0	0.0	0.0	0.0	0.0	0.0	0.0
GSM4138111_HNSCC_1_TIL_CCTCTGACACTTCTGC	0.0	0.0	0.0	260.95765411919416	0.0	34.16591226333449	124.87421925261637	0.0	0.0	0.0	0.0	0.0	0.0	0.0	0.0	0.0	0.0	0.0	0.0	0.0	0.0
GSM4138111_HNSCC_1_TIL_CTGCGGAGTTTAGCTG	90.6392242566933	65.19410700837282	0.0	0.0	0.0	23.384375687189593	0.0	115.30606437973123	31.115784879555466	0.0	0.0	0.0	0.0	0.0	0.0	0.0	14.95923464783127	0.0	0.0	0.0	0.0
GSM4138111_HNSCC_1_TIL_GAAACTCAGCTTTGGT	89.36552590281575	32.21288739160785	0.0	0.0	0.0	10.345143876718915	0.0	0.0	0.0	0.0	86.37091532392041	0.0	0.0	0.0	0.0	0.0	0.0	0.0	0.0	0.0	0.0
GSM4138111_HNSCC_1_TIL_GAAGCAGAGAAGATTC	90.10838173518955	0.0	0.0	0.0	0.0	14.037049754977858	0.0	0.0	0.0	0.0	0.0	0.0	32.09924514616097	29.519906400094417	0.0	0.0	0.0	136.50484821011142	0.0	0.0	0.0
GSM4138111_HNSCC_1_TIL_GATCGCGTCTGGTTCC	0.0	0.0	526.9727572572225	34.12645585436799	0.0	74.9523576059401	0.0	0.0	0.0	0.0	0.0	0.0	300.1420649400661	0.0	0.0	0.0	0.0	0.0	0.0	0.0	0.0
GSM4138111_HNSCC_1_TIL_GCAGCCATCACTATTC	84.39952870370485	0.0	63.94917309234134	0.0	0.0	36.14831787914181	15.283216054069221	0.0	37.31617342209629	0.0	0.0	0.0	0.0	152.48046418912352	0.0	0.0	0.0	0.0	0.0	0.0	0.0
GSM4138111_HNSCC_1_TIL_GGGCATCGTAGATTAG	0.0	0.0	0.0	0.0	0.0	24.224769619680316	0.0	315.7353264288114	188.56190832537473	0.0	0.0	0.0	0.0	0.0	0.0	0.0	53.48844799250869	0.0	0.0	0.0	0.0
GSM4138111_HNSCC_1_TIL_GTGCTTCTCGCCAGCA	107.43982457471668	140.21682509506488	0.0	0.0	0.0	25.235574968109347	0.0	0.0	0.0	0.0	0.0	0.0	0.0	0.0	0.0	0.0	0.0	0.0	0.0	0.0	0.0
GSM4138111_HNSCC_1_TIL_TCGTAGAAGATAGCAT	0.0	38.00760249442655	0.0	53.926816856596915	0.0	29.029120846050063	0.0	0.0	0.0	0.0	0.0	0.0	0.0	0.0	114.2691122834912	0.0	96.06634247993446	0.0	0.0	0.0	0.0
GSM4138111_HNSCC_1_TIL_TGAAAGAGTGTTCTTT	0.0	0.0	659.5315727943341	65.47608445668588	0.0	46.848513465678465	17.653477276299668	0.0	0.0	0.0	0.0	0.0	0.0	0.0	0.0	436.59097908186016	0.0	0.0	0.0	0.0	0.0
GSM4138111_HNSCC_1_TIL_TGAGCATTCCAATGGT	44.622455500352544	0.0	73.43527372803548	0.0	0.0	48.76094730101493	60.6166072890644	9.477210595836006	9.36120220347367	0.0	0.0	0.0	0.0	0.0	0.0	0.0	0.0	0.0	63.147041445851315	0.0	30.357880853031173
GSM4138111_HNSCC_1_TIL_TTGACTTGTGGTTTCA	156.41484460663088	158.77671621657785	0.0	0.0	68.1188222135283	15.342259600949975	0.0	0.0	0.0	0.0	5.686395319912963	0.0	0.0	0.0	0.0	0.0	0.0	0.0	0.0	0.0	0.0
GSM4138111_HNSCC_1_TIL_TTGGCAACAAACCTAC	0.0	0.0	85.58054729776343	433.290467433519	0.0	49.74915570015393	0.0	0.0	0.0	0.0	0.0	0.0	350.47848775553507	0.0	0.0	0.0	0.0	0.0	0.0	0.0	0.0
GSM4138111_HNSCC_1_TIL_AACACGTAGGAGTCTG	0.0	270.79756422053936	0.0	0.0	0.0	84.41355704644089	0.0	0.0	0.0	0.0	0.0	121.20933922294263	0.0	0.0	0.0	0.0	0.0	0.0	0.0	0.0	0.0
GSM4138111_HNSCC_1_TIL_ACGCCGACATGCGCAC	0.0	123.50819533410375	0.0	0.0	53.00535770561297	68.16915285334555	0.0	0.0	0.0	0.0	0.0	15.583085558832916	0.0	0.0	0.0	49.32619221194832	0.0	0.0	0.0	0.0	0.0
GSM4138111_HNSCC_1_TIL_ACGGAGACAGGGTACA	0.0	0.0	71.03522868317071	0.0	0.0	83.76504181580715	0.0	0.0	0.0	0.0	0.0	118.05543885223157	0.0	174.2392713888873	0.0	0.0	0.0	0.0	0.0	0.0	0.0
GSM4138111_HNSCC_1_TIL_ACGGGCTCAGGAATGC	0.0	360.41206921998844	0.0	0.0	0.0	65.28801027090547	0.0	0.0	0.0	0.0	0.0	239.94625455797998	0.0	0.0	0.0	22.87598313853964	0.0	0.0	0.0	0.0	0.0
GSM4138111_HNSCC_1_TIL_ACGTCAAAGAGCTGCA	91.59156013282922	0.0	0.0	0.0	111.69296896908925	78.00265874481833	44.289148933450576	0.0	0.0	0.0	0.0	0.0	0.0	200.3729484642861	0.0	0.0	0.0	0.0	0.0	0.0	0.0
GSM4138111_HNSCC_1_TIL_ACTATCTAGAGTACAT	0.0	0.0	0.0	0.0	279.4933446816454	95.35822968269188	101.7294796355344	0.0	0.0	0.0	0.0	78.66791516173451	0.0	0.0	0.0	0.0	0.0	0.0	0.0	0.0	0.0
GSM4138111_HNSCC_1_TIL_ACTGAGTCACCCAGTG	0.0	0.0	0.0	115.94576896102484	0.0	59.66603409879432	0.0	0.0	134.00431103448435	51.41383661512507	0.0	0.0	0.0	0.0	0.0	0.0	0.0	59.89345917784557	0.0	0.0	0.0
GSM4138111_HNSCC_1_TIL_ACTTGTTCAATCCGAT	0.0	24.227669832427843	0.0	0.0	0.0	79.03365588998473	0.0	0.0	0.0	0.0	39.11371595216171	0.0	197.19324933520883	95.77328413055682	7.293700196658494	0.0	0.0	17.48788654273843	35.82949952810749	0.0	0.0
GSM4138111_HNSCC_1_TIL_AGATCTGCACTCAGGC	20.699333231945367	99.26925609996081	0.0	0.0	0.0	80.99663909945295	0.0	0.0	77.42538281241721	126.24809008478286	0.0	0.0	2.2487328043615458	0.0	0.0	0.0	1.4503455886797596	0.0	0.0	0.0	0.0
GSM4138111_HNSCC_1_TIL_AGCAGCCCACATTAGC	0.0	178.23389917117683	0.0	0.0	0.0	47.98932306004791	0.0	0.0	96.83046748547117	0.0	0.0	0.0	0.0	0.0	0.0	0.0	0.0	0.0	0.0	0.0	0.0
GSM4138111_HNSCC_1_TIL_AGCTCCTTCACCTCGT	0.0	88.5787047784393	0.0	190.858268729322	0.0	64.9719197430018	0.0	0.0	196.50644919723658	0.0	0.0	0.0	0.0	0.0	0.0	0.0	0.0	0.0	0.0	0.0	0.0
GSM4138111_HNSCC_1_TIL_AGGCCACGTCCTCTTG	0.0	0.0	0.0	0.0	0.0	76.36961695871543	0.0	0.0	0.0	254.86883000408758	129.75404947186902	74.46031941925825	31.945314185842125	0.0	0.0	0.0	30.930850541339343	0.0	0.0	0.0	0.0
GSM4138111_HNSCC_1_TIL_AGGCCGTGTTTGACAC	0.0	38.74548125050285	34.00422895179471	60.7710333453573	0.0	84.2251225343672	0.0	0.0	124.81178832972397	0.0	0.0	0.0	0.0	0.0	0.0	0.0	0.0	0.0	46.11650285441725	43.43729130610914	0.0
GSM4138111_HNSCC_1_TIL_AGTAGTCCAGTTTACG	87.48022827786602	0.0	100.95827260273654	0.0	0.0	76.46062153380616	86.19537685032866	0.0	0.0	0.0	0.0	0.0	0.0	0.0	96.15422256578259	0.0	0.0	0.0	0.0	0.0	0.0
GSM4138111_HNSCC_1_TIL_AGTGGGAGTGTCCTCT	0.0	0.0	100.72536129368453	178.03896847463562	0.0	49.702021148805855	0.0	0.0	129.8421006239156	0.0	0.0	0.0	0.0	0.0	0.0	0.0	0.0	0.0	0.0	0.0	0.0
GSM4138111_HNSCC_1_TIL_ATCACGACAAGGACTG	0.0	0.0	0.0	0.0	0.0	36.64250619668819	0.0	0.0	78.88654970410359	257.9688068446665	0.0	0.0	0.0	0.0	0.0	0.0	0.0	0.0	0.0	0.0	0.0
GSM4138111_HNSCC_1_TIL_ATGCGATAGAATTCCC	0.0	0.0	0.0	0.0	44.47182527151464	78.10814761086769	124.37834902587366	0.0	0.0	0.0	0.0	0.0	0.0	0.0	205.14990060493994	0.0	0.0	0.0	0.0	0.12804308129656264	0.0
GSM4138111_HNSCC_1_TIL_ATGCGATGTAGCTGCC	0.0	0.0	54.860930989096914	0.0	0.0	73.79674667913848	0.0	0.0	75.31132464942213	0.0	0.0	0.0	0.0	0.0	85.558144203791	33.077077718810536	1.6461197057702739	93.75270961508572	0.0	0.0	0.0
GSM4138111_HNSCC_1_TIL_ATTATCCAGTGTTAGA	0.0	0.0	29.861923064637946	123.00799274406603	0.0	83.97360513485953	0.0	88.00126520642478	64.05867609214322	0.0	0.0	0.0	106.07199346892999	0.0	0.0	0.0	0.0	0.0	0.0	0.0	0.0
GSM4138111_HNSCC_1_TIL_ATTCTACGTCGAATCT	133.05903813517196	242.59819846590753	0.0	0.0	0.0	94.61034291751554	0.0	0.0	0.0	78.37356669592513	0.0	0.0	0.0	0.0	0.0	0.0	0.0	0.0	0.0	0.0	0.0
GSM4138111_HNSCC_1_TIL_ATTGGACAGCAATCTC	0.0	205.0430801250465	0.0	0.0	0.0	76.39292396673088	0.0	0.0	124.94042519974013	0.0	0.0	0.0	0.0	0.0	0.0	19.363976974351598	0.0	0.0	0.0	0.0	0.0
GSM4138111_HNSCC_1_TIL_CACATTTGTTGTTTGG	0.0	0.0	0.0	503.3478604618956	0.0	74.22989144103703	276.18669487764606	0.0	0.0	0.0	0.0	0.0	0.0	0.0	0.0	54.39446411018	0.0	0.0	10.409556307977402	0.0	0.0
GSM4138111_HNSCC_1_TIL_CCCAGTTTCTCGTTTA	87.42093236558175	0.0	0.0	0.0	0.0	82.94450276450995	0.0	0.0	0.0	406.31274348852804	0.0	0.0	112.6598052163036	0.0	0.0	0.0	0.0	0.0	0.0	0.0	0.0
GSM4138111_HNSCC_1_TIL_CCCATACAGACGCAAC	0.0	51.45454480870745	0.0	0.0	31.767700721916075	25.825853284025627	173.6678558366645	0.0	0.0	45.185206914873376	0.0	0.0	0.0	0.0	0.0	0.0	0.0	0.0	0.0	0.0	0.0
GSM4138111_HNSCC_1_TIL_CCGTGGAAGGCATTGG	0.0	309.51179541513454	33.95869173381691	0.0	0.0	122.95977611554233	0.0	0.0	0.0	0.0	0.0	0.0	0.0	0.0	0.0	208.06343769132422	0.0	0.0	0.0	0.0	0.0
GSM4138111_HNSCC_1_TIL_CCGTGGAAGTAACCCT	0.0	0.0	201.37952341684917	0.0	0.0	93.39824377835369	0.0	49.855699853190416	80.54648389972974	0.0	0.0	0.0	0.0	0.0	0.0	13.575323591912436	0.0	6.541289697984353	0.0	0.0	0.0
GSM4138111_HNSCC_1_TIL_CCTAAAGTCTCCCTGA	8.176152370087776	93.09718735938301	17.872737018869426	0.0	0.0	88.10971037876647	33.42497415370721	169.8555678266936	94.99005506181786	0.0	0.0	0.0	0.0	0.0	0.0	0.0	1.0096236429317358	0.0	0.0	0.0	0.0
GSM4138111_HNSCC_1_TIL_CCTTACGAGTGGCACA	0.0	77.67042420563648	0.0	144.84876332674673	0.0	74.03717799626858	0.0	0.0	14.995826804007407	30.761775785161348	18.15402191779438	107.00682437097213	0.0	0.0	0.0	0.0	0.0	0.0	0.0	0.0	0.0
GSM4138111_HNSCC_1_TIL_CGCTGGATCCTCAACC	0.0	0.0	0.0	0.0	0.0	58.12215994886106	0.0	0.0	0.0	225.03784158908113	0.0	141.52913159206165	0.0	0.0	0.0	0.0	0.0	0.0	0.0	0.0	0.0
GSM4138111_HNSCC_1_TIL_CGGAGTCCATCCGCGA	0.0	0.0	168.85835443045414	0.0	0.0	50.01260772943859	111.78889360766522	0.0	0.0	0.0	0.0	0.0	0.0	0.0	0.0	0.0	0.0	12.52468691189907	0.0	0.0	0.0
GSM4138111_HNSCC_1_TIL_CGTCACTTCCCATTTA	0.0	0.0	0.0	0.0	0.0	52.40525388008731	0.0	0.0	103.79703491169244	0.0	0.0	0.0	0.0	129.94393527176368	0.0	16.806623074113293	0.0	0.0	0.0	0.0	0.0
GSM4138111_HNSCC_1_TIL_CTCGTCATCGATGAGG	0.0	0.0	50.3601824375028	0.0	0.0	99.29941935436264	0.0	0.0	0.0	0.0	0.0	0.0	0.0	243.95695146717577	0.0	0.0	0.0	0.0	0.0	0.0	187.97101236507484
GSM4138111_HNSCC_1_TIL_CTGATCCAGCTGAACG	0.0	0.0	0.0	357.0558433476496	0.0	72.18887366451987	0.0	0.0	0.0	17.385198634997714	0.0	0.0	230.19660621868448	0.0	0.0	0.0	0.0	0.0	0.0	0.0	0.0
GSM4138111_HNSCC_1_TIL_CTTAACTCATGGTCAT	21.464884335751613	0.0	0.0	0.0	0.0	85.34787469334135	0.0	0.0	89.3689535903875	143.7236274766721	0.0	0.0	0.0	0.0	0.0	0.0	50.86629456260594	209.12694289471125	0.0	0.0	0.0
GSM4138111_HNSCC_1_TIL_CTTACCGTCACAGTAC	0.0	70.363223156932	148.71568149830978	0.0	0.0	91.67933811574082	0.4523760869219323	0.0	30.507445478344824	0.0	0.0	112.04429152332341	0.0	0.0	0.0	0.0	0.0	0.0	0.0	0.0	0.0
GSM4138111_HNSCC_1_TIL_GAACGGATCTGAGTGT	0.0	0.0	0.0	0.0	0.0	108.01643865842806	0.0	0.0	0.0	0.0	0.0	0.0	31.323268675412816	190.99982661710698	0.0	0.0	89.53930673943208	0.0	0.0	0.0	0.0
GSM4138111_HNSCC_1_TIL_GACCAATCAAAGCGGT	143.77708963012407	0.0	52.49296992692717	141.62945599021458	0.0	93.33475464697358	0.0	13.562919460804565	0.0	13.27378457636326	0.0	0.0	0.0	0.0	70.8569082989284	0.0	0.0	0.0	0.0	0.0	0.0
GSM4138111_HNSCC_1_TIL_GATCTAGGTCAAACTC	0.0	0.0	0.0	0.0	0.0	78.1083733822389	145.61504131978757	0.0	66.7342765691451	0.0	0.0	0.0	0.0	0.0	0.0	0.0	0.0	0.0	198.59418255057983	0.0	0.0
GSM4138111_HNSCC_1_TIL_GCAATCATCTCTAGGA	0.0	137.20013191409126	0.0	0.0	0.0	62.87890781792848	0.0	0.0	182.18980469705187	8.575855095369802	0.0	0.0	0.0	0.0	0.0	0.0	0.0	116.10152651895807	0.0	0.0	0.0
GSM4138111_HNSCC_1_TIL_GCAGCCACAAGTCTGT	21.7520758947475	333.58335626085614	0.0	0.0	0.0	138.5620002515095	85.65206087696475	0.0	29.843160586719396	0.0	0.0	0.3674877623425613	0.0	0.0	0.0	0.0	25.77241871082254	0.0	0.0	0.0	0.0
GSM4138111_HNSCC_1_TIL_GCAGTTATCTTCGAGA	0.0	0.0	341.74164904837977	0.0	0.0	71.84385031854818	0.0	63.371299906401525	0.0	0.0	0.0	0.0	198.82811011965924	0.0	0.0	0.0	40.19212638901463	0.0	0.0	0.0	0.0
GSM4138111_HNSCC_1_TIL_GCCTCTAAGCTAACTC	0.0	0.0	0.0	102.29137361442604	0.0	79.144138224385	31.05151858223772	151.35686676950718	71.76992459951406	0.0	0.0	0.0	0.0	0.0	0.0	0.0	0.0	0.0	0.0	0.0	0.0
GSM4138111_HNSCC_1_TIL_GCGCCAAGTACAGTTC	87.93999858062136	0.0	45.96129110813986	0.0	0.0	108.32153127481529	64.40199681534463	0.0	0.0	0.0	0.0	0.0	0.0	206.56357957987737	0.0	0.0	0.0	0.0	1.8909805723756945	0.0	0.0
GSM4138111_HNSCC_1_TIL_GCTCTGTTCAACTCTT	0.0	0.0	0.0	0.0	0.0	85.76255658228078	0.0	0.0	114.44177307376613	139.5972382450817	0.0	16.548671720398517	24.032639550197022	0.0	0.0	0.0	3.7942349043082038	139.14975502140825	0.0	0.0	0.0
GSM4138111_HNSCC_1_TIL_GCTGCGATCTCGAGTA	0.0	0.0	0.0	0.0	0.0	89.82055727716477	153.16044655162122	231.3131567809407	38.32753954817595	0.0	0.0	0.0	0.0	56.138593183720396	74.41805735109916	0.0	0.0	0.0	0.0	0.0	0.0
GSM4138111_HNSCC_1_TIL_GCTTGAAGTGACCAAG	29.963995083626376	193.8795443593463	0.0	0.0	0.0	70.07494200171412	0.0	0.0	0.0	0.0	25.976667968045888	109.61202175156183	0.0	0.0	0.0	0.0	0.0	0.0	0.0	0.0	0.0
GSM4138111_HNSCC_1_TIL_GGAATAACATCGACGC	0.0	163.17602594113103	3.29805055522119	69.84634680281138	0.0	82.22681591966696	0.0	0.0	99.77946820583726	75.60931932933347	0.0	69.3342447678951	0.0	0.0	0.0	0.0	0.0	0.0	10.742273521788034	0.0	0.0
GSM4138111_HNSCC_1_TIL_GGACGTCTCCGTTGCT	0.0	296.5606588263388	0.0	0.0	0.0	92.60574293376807	10.891510861202084	0.0	154.63648017182695	0.0	0.0	0.0	0.0	0.0	0.0	15.721025315284646	0.0	0.0	0.0	0.0	0.0
GSM4138111_HNSCC_1_TIL_GGAGCAATCCGTAGGC	0.0	0.0	0.0	0.0	0.0	93.17000076665306	138.1664064853308	0.0	0.0	96.32739134909981	0.0	0.0	0.0	0.0	0.0	0.0	0.0	114.47393905116178	0.0	0.0	0.0
GSM4138111_HNSCC_1_TIL_GGCTGGTCACCAGCAC	133.06964253447444	0.0	111.0555617674274	0.0	0.0	71.80127205209024	0.0	119.9170179606807	0.0	0.0	0.0	0.0	0.0	0.0	0.0	0.0	0.0	0.0	0.0	0.0	0.0
GSM4138111_HNSCC_1_TIL_GGGAGATAGGGTTCCC	0.0	0.0	0.0	0.0	0.0	1339.168749453767	0.0	0.0	0.0	0.0	0.0	0.0	0.0	0.0	0.0	0.0	0.0	0.0	0.0	0.0	0.0
GSM4138111_HNSCC_1_TIL_GGGTTGCCAGCCAATT	130.7404581785029	0.0	7.433324641135902	118.16946470405695	0.0	48.24670827451212	0.0	11.465233108385346	0.0	14.073175217212151	0.0	0.0	0.0	0.0	0.0	0.0	0.0	26.412045241131242	0.0	0.0	0.0
GSM4138111_HNSCC_1_TIL_GTAGTCACATCACGAT	0.0	263.22187299033703	0.0	0.0	0.0	63.73113879680359	50.501515227730756	0.0	43.770098249950934	0.0	0.0	23.373625884317818	0.0	0.0	0.0	0.0	0.0	0.0	0.0	0.0	2.864663789846291
GSM4138111_HNSCC_1_TIL_GTATTCTCAACTGCTA	0.0	232.4043190350523	0.0	0.0	44.60067657295523	65.53738845156175	127.63466582746679	0.0	0.0	0.0	0.0	0.0	0.0	0.0	0.0	0.0	0.0	0.0	0.0	0.0	0.0
GSM4138111_HNSCC_1_TIL_GTCACGGGTCTTGTCC	0.0	108.71868026242112	0.0	0.0	6.098483138110971	84.4754857814829	0.0	0.0	23.38086504503839	111.59626868238931	33.59130979769448	84.41713160809526	0.0	0.0	0.0	0.0	0.0	0.0	0.0	0.0	0.0
GSM4138111_HNSCC_1_TIL_GTCCTCATCCCTCAGT	27.51545312113439	49.60617056559476	622.7720913730114	0.0	0.0	93.12970777582149	240.4992506501409	0.0	98.1118021877024	0.0	0.0	0.0	0.0	0.0	0.0	0.0	0.0	0.0	0.0	0.0	0.0
GSM4138111_HNSCC_1_TIL_GTGCATACATCACAAC	0.0	0.0	0.0	266.41350532202426	0.0	49.401739009229495	143.61507440752501	0.0	0.0	0.0	0.0	0.0	0.0	0.0	0.0	0.0	0.0	0.0	0.0	0.0	0.0
GSM4138111_HNSCC_1_TIL_GTGTGCGAGTGGGATC	0.0	65.71571827376775	23.25192616172802	0.0	0.0	76.17944486918823	9.674883018523612	0.0	34.48039768944547	0.0	0.0	0.0	0.0	59.27819120950259	40.246326383044874	63.22517890081547	0.0	0.0	0.0	10.087258661632376	0.0
GSM4138111_HNSCC_1_TIL_GTTCATTGTGCCTGGT	0.0	160.06200062761297	0.0	0.0	0.0	66.31897003779758	0.0	0.0	377.7812331201579	0.0	0.0	0.0	0.0	0.0	260.9280816183241	0.0	0.0	0.0	0.0	0.0	0.0
GSM4138111_HNSCC_1_TIL_GTTCATTTCATGTAGC	35.07204641584014	33.851351750315004	0.0	231.9857737331057	0.0	90.3495413169792	51.3754937721359	0.0	52.172478884656435	0.0	0.0	0.0	0.0	0.0	0.0	0.0	0.0	0.0	0.0	0.0	0.0
GSM4138111_HNSCC_1_TIL_TAAGCGTTCGGATGGA	0.0	0.0	0.0	185.99258324481565	0.0	80.8573883185547	0.0	0.0	0.0	47.52222490239998	0.0	22.671711777430666	0.0	0.0	0.0	0.0	0.0	0.0	0.0	0.0	84.38621289426779
GSM4138111_HNSCC_1_TIL_TACGGATGTCGTGGCT	0.0	139.8185181348066	0.0	35.54460634321143	0.0	153.0189355526764	8.478660019848121	0.0	21.331456787207216	0.0	0.0	9.433278233418038	24.762599443953334	0.0	0.0	0.0	29.97521518630528	0.0	0.0	0.0	0.0
GSM4138111_HNSCC_1_TIL_TATCAGGTCTACCAGA	5.653068009364704	0.0	0.0	0.0	0.0	96.78463051033644	1.9580695694437034	2.1837599121382643	128.63788611713554	177.2976515640388	0.0	0.0	0.0	0.0	0.0	0.0	0.0	0.0	0.0	0.0	0.0
GSM4138111_HNSCC_1_TIL_TCGCGAGTCCGCATAA	157.0472008830401	0.0	0.0	0.0	0.0	117.51080636090526	0.0	0.0	0.0	199.55431413954827	0.0	0.0	0.0	0.0	0.0	0.0	0.0	0.0	0.0	0.0	0.0
GSM4138111_HNSCC_1_TIL_TGACTAGAGCGTAATA	0.0	0.0	0.0	0.0	0.0	60.71131627473901	0.0	0.0	0.0	171.30423915372697	0.0	0.0	76.57821429782452	0.0	0.0	0.0	42.966522008530525	0.0	0.0	0.0	0.0
GSM4138111_HNSCC_1_TIL_TGCTACCCACTGTCGG	127.26137602785153	213.17546098465104	0.0	0.0	0.0	30.54470632469048	35.61521025893358	0.0	0.0	0.0	0.0	0.0	0.0	0.0	0.0	0.0	0.0	0.0	0.0	0.0	0.0
GSM4138111_HNSCC_1_TIL_TTGCCGTCAAGACACG	0.0	0.0	222.45722168458215	0.0	0.0	98.87889715636956	0.0	0.0	0.0	0.0	0.0	0.0	0.0	0.0	0.0	0.0	129.32201254868522	0.0	121.48013269952905	0.0	0.0
GSM4138111_HNSCC_1_TIL_TTGTAGGCACAGGAGT	0.0	0.0	0.0	220.40993585634166	0.0	45.84571308662754	0.0	0.0	149.50215991724625	0.0	0.0	0.0	0.0	0.0	0.0	0.0	0.0	0.0	0.0	0.0	0.0
GSM4138111_HNSCC_1_TIL_ACACCAAAGACTACAA	0.0	207.88199724897208	0.0	0.0	0.0	16.323874584550634	128.629031986447	0.0	0.0	0.0	0.0	0.0	0.0	0.0	0.0	0.0	0.0	0.0	0.0	0.0	0.0
GSM4138111_HNSCC_1_TIL_CTCATTAAGCTCCTTC	100.23417043959408	78.87347151419601	0.0	0.0	0.0	15.474878660489562	0.0	0.0	0.0	155.51753544019536	0.0	0.0	0.0	0.0	0.0	0.0	0.0	0.0	0.0	0.0	0.0
GSM4138111_HNSCC_1_TIL_TAGTGGTGTACCATCA	0.0	0.0	0.0	199.7060584386222	0.0	11.114861284403313	0.0	0.0	0.0	0.0	61.48891853673482	51.3642704839388	0.0	0.0	0.0	0.0	0.0	0.0	0.0	0.0	0.0
GSM4138111_HNSCC_1_TIL_TTATGCTTCCGATATG	0.0	0.0	0.0	134.22909969265226	25.981304565072726	8.942907354133045	85.887367534187	0.0	0.0	0.0	0.0	0.0	0.0	0.0	0.0	0.0	0.0	0.0	0.0	0.0	0.0
GSM4138111_HNSCC_1_TIL_ATCCGAATCAACACTG	137.21357505010369	0.0	0.0	0.0	0.0	14.713619314086259	0.0	0.0	0.0	0.0	0.0	0.0	0.0	0.0	86.48860976541994	0.0	0.0	0.0	0.0	37.94607881815024	0.0
GSM4138111_HNSCC_1_TIL_CGTCTACTCTGGCGAC	0.0	220.4209801952436	0.0	465.4290884526838	0.0	51.48685179831554	433.9435841665624	0.0	0.0	0.0	0.0	0.0	0.0	0.0	0.0	0.0	0.0	0.0	0.0	0.0	0.0
GSM4138111_HNSCC_1_TIL_GTTTCTAAGGAGTTTA	40.99475519078485	187.51616054033505	0.0	0.0	0.0	4.581219629606921	73.11776483698881	0.0	0.0	0.0	0.0	0.0	0.0	0.0	0.0	0.0	0.0	0.0	0.0	0.0	0.0
GSM4138111_HNSCC_1_TIL_AAACGGGTCTTGCCGT	482.5397786370495	0.0	0.0	910.7184536197426	0.0	30.343978463475914	0.0	0.0	0.0	0.0	0.0	0.0	0.0	0.0	0.0	0.0	0.0	0.0	0.0	0.0	0.0
GSM4138111_HNSCC_1_TIL_AAAGATGAGCTAGTCT	193.77458417750094	0.0	0.0	0.0	0.0	29.38063122118227	0.0	0.0	0.0	0.0	0.0	0.0	0.0	58.422608810096925	148.5262956227185	0.0	0.0	0.0	74.8458667080065	0.0	0.0
GSM4138111_HNSCC_1_TIL_AACTGGTTCCTCATTA	801.4844126986961	814.7883949358843	61.5577707134892	384.1892118802854	36.063925716429736	85.84558160921404	0.0	0.0	0.0	21.553899219324677	0.0	0.0	0.0	0.0	0.0	0.0	0.0	0.0	0.0	0.0	0.0
GSM4138111_HNSCC_1_TIL_ACACTGACATTAACCG	296.8258205324055	415.5630835340627	0.0	0.0	0.0	28.98879735712955	0.0	0.0	0.0	0.0	12.855872209535363	0.0	0.0	0.0	0.0	0.0	0.0	0.0	0.0	0.0	0.0
GSM4138111_HNSCC_1_TIL_ACCTTTATCAATCACG	191.6827319571198	0.0	0.0	964.0765381909999	0.0	62.70411154630122	0.0	0.0	0.0	0.0	0.0	333.9872429284382	0.0	0.0	0.0	0.0	134.9693128911901	0.0	0.0	0.0	0.0
GSM4138111_HNSCC_1_TIL_AGCTTGAAGAGGACGG	0.0	0.0	0.0	422.94611688680016	0.0	21.88888676321459	0.0	0.0	0.0	0.0	0.0	310.7797691939761	0.0	0.0	0.0	0.0	0.0	0.0	0.0	0.0	0.0
GSM4138111_HNSCC_1_TIL_ATGCGATAGACGCTTT	661.1307408042308	0.0	0.0	0.0	0.0	77.82070658616952	0.0	877.491953800496	0.0	0.0	0.0	0.0	0.0	0.0	0.0	0.0	0.0	0.0	0.0	0.0	0.0
GSM4138111_HNSCC_1_TIL_ATTGGACAGACACTAA	372.47303830086054	0.0	0.0	0.0	0.0	32.2648563485505	0.0	0.0	0.0	0.0	0.0	0.0	0.0	0.0	327.1813387516529	0.0	0.0	0.0	0.0	0.0	0.0
GSM4138111_HNSCC_1_TIL_ATTGGACAGCTAGGCA	426.3342197613605	0.0	0.0	0.0	0.0	40.94894730813215	0.0	613.4747255777124	0.0	0.0	0.0	0.0	0.0	0.0	0.0	0.0	0.0	0.0	0.0	0.0	0.0
GSM4138111_HNSCC_1_TIL_CAACTAGAGACTTTCG	0.0	0.0	0.0	256.5603620226237	0.0	19.47657757952257	0.0	0.0	0.0	283.8784831698053	0.0	0.0	0.0	0.0	0.0	393.3383430519662	0.0	0.0	0.0	0.0	0.0
GSM4138111_HNSCC_1_TIL_CAGCTAACAGTATGCT	297.19296407721953	0.0	0.0	0.0	0.0	38.93229045482401	0.0	316.9133915238597	0.0	0.0	0.0	0.0	0.0	0.0	0.0	0.0	0.0	0.0	0.0	0.0	0.0
GSM4138111_HNSCC_1_TIL_CATTCGCCAAGGACAC	380.3692161954743	90.36133708174609	0.0	0.0	0.0	9.149765029692114	0.0	0.0	0.0	0.0	0.0	0.0	0.0	0.0	316.6566385310433	0.0	0.0	0.0	0.0	0.0	0.0
GSM4138111_HNSCC_1_TIL_CCCTCCTAGCCGTCGT	262.0538484587419	0.0	0.0	0.0	0.0	21.121303070731916	0.0	0.0	0.0	0.0	0.0	0.0	0.0	0.0	306.0203057962723	0.0	0.0	0.0	0.0	0.0	0.0
GSM4138111_HNSCC_1_TIL_CCTTCCCGTCCCGACA	387.98866372423413	16.794280021224267	0.0	0.0	0.0	20.185955884040343	0.0	0.0	0.0	0.0	0.0	0.0	0.0	0.0	326.40324296431015	0.0	0.0	0.0	0.0	0.0	0.0
GSM4138111_HNSCC_1_TIL_CGTGAGCGTATCAGTC	152.1999775330967	0.0	0.0	32.023836722679505	0.0	11.97865448225445	0.0	0.0	0.0	120.08676150977251	0.0	0.0	0.0	0.0	0.0	0.0	0.0	64.0722590834906	47.87922778173243	0.0	0.0
GSM4138111_HNSCC_1_TIL_CGTGTAAAGCCAGGAT	332.23965805969937	0.0	0.0	0.0	0.0	28.531940992814764	0.0	0.0	0.0	0.0	0.0	0.0	0.0	0.0	0.0	0.0	0.0	645.5288464428306	0.0	0.0	0.0
GSM4138111_HNSCC_1_TIL_CTAGCCTCAGCTTCGG	0.0	901.4995196015902	0.0	0.0	0.0	59.86306484605117	875.1662427219984	0.0	0.0	0.0	0.0	0.0	0.0	0.0	0.0	0.0	0.0	0.0	0.0	240.8176542227473	0.0
GSM4138111_HNSCC_1_TIL_CTCAGAAAGTGCTGCC	0.0	0.0	0.0	0.0	0.0	27.04976248564649	75.01501831748054	0.0	0.0	0.0	0.0	77.30052732108412	0.0	0.0	0.9644441344042323	0.0	0.0	0.0	177.76343477855363	0.0	0.0
GSM4138111_HNSCC_1_TIL_CTCAGAAGTCAAGCGA	0.0	0.0	0.0	0.0	0.0	69.1957996351738	680.7344126495036	0.0	0.0	0.0	0.0	0.0	0.0	0.0	761.5374790952469	0.0	0.0	0.0	0.0	0.0	0.0
GSM4138111_HNSCC_1_TIL_CTCGAAAAGGCCCTCA	167.32144136680182	272.171769937787	0.0	0.0	0.0	15.63779245073671	0.0	0.0	0.0	6.965375445327116	20.738123245093792	0.0	0.0	0.0	0.0	0.0	0.0	0.0	0.0	0.0	0.0
GSM4138111_HNSCC_1_TIL_GAAATGAAGGATATAC	26.177168484311736	0.0	0.0	260.9195958842285	0.0	18.103452378050545	0.0	108.79559928858465	0.0	0.0	0.0	0.0	161.1257988399245	0.0	0.0	0.0	79.09991093349412	0.0	0.0	0.0	0.0
GSM4138111_HNSCC_1_TIL_GGCAATTTCCCACTTG	255.32594848551548	191.41610877951254	0.0	0.0	0.0	32.49891543231618	0.0	182.57200296762377	6.158552626259101	0.0	0.0	0.0	0.0	0.0	0.0	0.0	12.419240408823082	0.0	0.0	0.0	0.0
GSM4138111_HNSCC_1_TIL_GGTGCGTGTCTAACGT	249.101851433831	0.0	0.0	0.0	0.0	38.347970660784675	0.0	0.0	49.20271363596314	0.0	0.0	0.0	0.0	216.21805134237277	0.0	0.0	9.20739958905306	217.2764096839715	0.0	0.0	0.0
GSM4138111_HNSCC_1_TIL_GTAGGCCAGATGTGTA	320.24681494452665	0.0	0.0	0.0	0.0	23.557185649084644	0.0	0.0	0.0	0.0	0.0	0.0	0.0	8.542103681192726	268.80586130334194	0.0	0.0	0.0	0.0	0.0	0.0
GSM4138111_HNSCC_1_TIL_GTCCTCAAGTGCCAGA	0.0	0.0	0.0	0.0	0.0	76.29240270618398	0.0	0.0	0.0	0.0	0.0	9.34879749717401	0.0	0.0	0.0	0.0	560.979752109922	818.6762688804018	0.0	0.0	0.0
GSM4138111_HNSCC_1_TIL_TAAGTGCGTCAAAGCG	0.0	661.5997631331131	0.0	0.0	0.0	47.466444699215174	0.0	0.0	0.0	144.54450371734814	0.0	0.0	0.0	0.0	0.0	650.1118193018665	0.0	0.0	0.0	0.0	0.0
GSM4138111_HNSCC_1_TIL_TAGCCGGCAGGTGGAT	0.0	0.0	626.0544185829415	296.5723249010939	0.0	69.33597033032636	0.0	0.0	387.24657367292906	0.0	0.0	0.0	327.5157248407698	0.0	0.0	0.0	0.0	0.0	0.0	0.0	0.0
GSM4138111_HNSCC_1_TIL_TAGGCATTCCACGTGG	245.09192515424004	224.62817712754048	0.0	0.0	0.0	29.441260779060293	0.0	0.0	0.0	91.13935942187906	0.0	0.0	0.0	0.0	0.0	0.0	0.0	0.0	0.0	0.0	0.0
GSM4138111_HNSCC_1_TIL_TCGGGACGTCACTTCC	0.0	0.0	0.0	0.0	0.0	42.072552244246474	0.0	701.9074993130581	0.0	0.0	0.0	0.0	0.0	0.0	0.0	653.5335099714226	0.0	0.0	0.0	0.0	0.0
GSM4138111_HNSCC_1_TIL_TGCACCTGTCTCCACT	243.59545711568035	84.20024194133572	28.377154653242076	151.98416201338753	0.0	63.24125602681244	0.0	32.76976864705655	1.1400943217080695	0.0	0.0	0.0	0.0	0.0	0.0	0.0	0.0	0.0	0.0	0.0	0.0
GSM4138111_HNSCC_1_TIL_TGCGCAGTCTTGTCAT	483.05580567307476	0.0	840.1170790490005	0.0	0.0	54.322295754600674	0.0	0.0	0.0	0.0	0.0	0.0	0.0	0.0	0.0	0.0	0.0	0.0	0.0	0.0	0.0
GSM4138111_HNSCC_1_TIL_TGTCCCAAGAGGTTGC	277.4826587247017	0.0	552.7801311389151	0.0	0.0	31.06515889450104	26.13097487633647	0.0	0.0	0.0	0.0	0.0	0.0	0.0	0.0	0.0	0.0	0.0	0.0	0.0	0.0
GSM4138111_HNSCC_1_TIL_ATTGGTGGTGAAGGCT	0.0	333.22077132767095	0.0	0.0	0.0	51.916011577980136	0.0	0.0	0.0	0.0	0.0	34.75356682971839	322.1301826329338	0.0	0.0	0.0	0.0	0.0	0.0	0.0	0.0
GSM4138111_HNSCC_1_TIL_CAGAATCGTGTGTGCC	0.0	0.0	0.0	0.0	0.0	43.267388326702	0.0	218.5019483796116	238.53106135060648	0.0	0.0	0.0	0.0	0.0	0.0	0.0	0.0	0.0	0.0	0.0	0.0
GSM4138111_HNSCC_1_TIL_CGTCTACAGCGATCCC	367.8563644739471	0.0	0.0	0.0	0.0	131.67022119700547	0.0	0.0	0.0	0.0	0.0	0.0	0.0	0.0	0.0	0.0	0.0	260.9532979069769	18.15031929489683	0.0	0.0
GSM4138111_HNSCC_1_TIL_TGCGGGTTCTTGCAAG	0.0	0.0	0.0	0.0	0.0	44.721261412129856	0.0	0.0	27.59003777201413	0.0	0.0	0.0	0.0	124.46448974230508	0.0	0.0	267.0122018926696	124.08265382141175	0.0	0.0	0.0
GSM4138111_HNSCC_1_TIL_ACCGTAACAACACCTA	116.03931239874119	0.0	0.0	0.0	0.0	44.783226934299734	181.03525478374561	441.23037069710153	222.6419990280856	0.0	0.0	0.0	0.0	0.0	0.0	0.0	0.0	0.0	0.0	0.0	0.0
GSM4138111_HNSCC_1_TIL_ACGGGTCAGCAATCTC	0.0	0.0	0.0	0.0	0.0	21.400618540895962	0.0	363.67380037731533	135.3626151649246	0.0	0.0	0.0	0.0	0.0	0.0	199.29063439433546	7.7506529701792095	0.0	0.0	0.0	0.0
GSM4138111_HNSCC_1_TIL_CTAGCCTAGAGTCGGT	0.0	373.90505367402346	0.0	752.8383239920712	0.0	78.36987954810384	0.0	0.0	459.6632131933421	0.0	0.0	0.0	0.0	0.0	0.0	350.7549294559676	145.90862016908653	0.0	0.0	0.0	0.0
GSM4138111_HNSCC_1_TIL_TGACTAGAGCCTCGTG	457.83205602357737	546.1121517628312	0.0	0.0	0.0	26.661667932138236	0.0	0.0	0.0	0.0	39.20337873769585	0.0	0.0	0.0	0.0	0.0	0.0	0.0	0.0	0.0	0.0
GSM4138111_HNSCC_1_TIL_AGTGGGACAACTGCGC	175.63435657662245	0.0	0.0	0.0	470.68152644153594	25.123202102616712	0.0	0.0	0.0	0.0	0.0	0.0	0.0	0.0	0.0	0.0	0.0	0.0	0.0	0.0	0.0
GSM4138111_HNSCC_1_TIL_CAGCGACTCCACGAAT	0.0	0.0	0.0	684.0753792479464	0.0	39.46223940304798	0.0	0.0	0.0	0.0	0.0	0.0	0.0	0.0	0.0	382.64911501509647	0.0	0.0	0.0	0.0	0.0
GSM4138111_HNSCC_1_TIL_CCTATTAAGAATCTCC	0.0	0.0	0.0	0.0	493.44278052747904	16.650684166139335	0.0	0.0	0.0	0.0	0.0	9.059388830743915	0.0	0.0	0.0	0.0	0.0	0.0	0.0	0.0	142.02309326818883
GSM4138111_HNSCC_1_TIL_CCTCTGAAGTCTTGCA	309.6900395498904	0.0	0.0	104.07869905747714	0.0	16.065173814535978	0.0	0.0	0.0	0.0	0.0	0.0	0.0	0.0	527.3931090176427	0.0	0.0	0.0	0.0	0.0	0.0
GSM4138111_HNSCC_1_TIL_CTAGCCTCACGAAAGC	386.53330069853	0.0	1132.8042772228769	121.14325925281469	0.0	88.32463682332255	0.0	0.0	272.522285308382	0.0	0.0	0.0	0.0	0.0	0.0	0.0	0.0	0.0	0.0	0.0	0.0
GSM4138111_HNSCC_1_TIL_GATGAAAGTGCAACTT	420.54316315272905	0.0	0.0	0.0	669.2322096214363	25.909001058873297	0.0	0.0	0.0	0.0	0.0	0.0	0.0	0.0	0.0	0.0	0.0	0.0	0.0	0.0	0.0
GSM4138111_HNSCC_1_TIL_GCGGGTTTCTTTACGT	240.0443212948477	0.0	0.0	0.0	482.2523198913404	23.914962480720902	0.0	0.0	0.0	0.0	0.0	0.0	0.0	0.0	0.0	0.0	0.0	0.0	0.0	0.0	0.0
GSM4138111_HNSCC_1_TIL_TCAGGTATCAGTGTTG	169.04804259694157	0.0	0.0	0.0	370.78414020483683	8.424460428724585	0.0	0.0	0.0	0.0	0.0	0.0	0.0	0.0	0.0	0.0	0.0	0.0	0.0	0.0	0.0
GSM4138111_HNSCC_1_TIL_TCGGGACAGATGAGAG	176.01726743749526	0.0	0.0	0.0	471.325933288912	8.201110187471583	0.0	0.0	17.640382111451988	0.0	0.0	0.0	0.0	0.0	0.0	0.0	0.0	0.0	0.0	0.0	0.0
GSM4138111_HNSCC_1_TIL_TGCGCAGAGCGCCTCA	0.0	0.0	621.8644815824063	0.0	58.64819818840144	42.70629975427783	0.0	0.0	0.0	0.0	0.0	0.0	0.0	0.0	0.0	470.33615136975203	0.0	0.0	0.0	0.0	0.0
GSM4138111_HNSCC_1_TIL_AACCGCGCACACTGCG	86.86356139434477	34.85357648625538	0.0	350.1337278318876	0.0	15.821698013578983	0.0	0.0	0.0	0.0	0.0	0.0	0.0	0.0	6.953065079300658	569.7645401159666	0.0	0.0	0.0	17.800044269644484	0.0
GSM4138111_HNSCC_1_TIL_ACACTGATCATGCATG	0.0	0.0	412.6794690761629	0.0	40.62162499154274	38.14423347726559	110.11988610674348	0.0	452.1678755560408	0.0	0.0	0.0	0.0	24.831783201717272	0.0	172.41219905367427	0.0	0.0	0.0	20.63187376778452	0.0
GSM4138111_HNSCC_1_TIL_AGTAGTCTCTGTCCGT	103.98001175970552	0.0	153.74015960470138	0.0	0.0	8.704797165388264	0.0	0.0	515.7372376006048	0.0	209.27392948051235	0.0	0.0	34.322984604720915	0.0	0.0	0.0	0.0	0.0	0.0	0.0
GSM4138111_HNSCC_1_TIL_ATCCGAAGTGTTAAGA	354.44735248603877	125.04664534567954	0.0	0.0	33.11242437068143	20.792337197419762	0.0	0.0	0.0	0.0	0.0	0.0	0.0	0.0	24.49511861742406	0.0	0.0	0.0	0.0	0.0	0.0
GSM4138111_HNSCC_1_TIL_CATCGGGCAAGACACG	0.0	463.2728902392433	0.0	0.0	0.0	38.98006077614718	202.72599425924912	0.0	107.52665117937487	0.0	0.0	0.0	0.0	0.0	0.0	0.0	318.595148827207	0.0	0.0	0.0	0.0
GSM4138111_HNSCC_1_TIL_CCCTCCTTCCCACTTG	0.0	0.0	404.0067161457536	0.0	0.0	34.358628765437224	0.0	155.313423485472	0.0	0.0	0.0	0.0	603.7093079359086	0.0	0.0	0.0	0.0	0.0	0.0	0.0	0.0
GSM4138111_HNSCC_1_TIL_CGGACTGTCGCTTGTC	465.6111441453065	101.1676165225737	0.0	0.0	0.0	22.375765673936975	0.0	0.0	0.0	0.0	0.0	0.0	0.0	36.894921771569095	0.0	0.0	0.0	0.0	113.72406001319494	0.0	0.0
GSM4138111_HNSCC_1_TIL_CTGATAGAGACTGGGT	0.0	55.31750713848343	39.43161466974194	20.538906175012745	39.77619132224835	14.638528388100815	0.0	0.0	0.0	0.0	0.0	325.8603456017307	0.0	0.0	0.0	0.0	0.0	0.0	0.0	0.0	0.0
GSM4138111_HNSCC_1_TIL_GACGTTAAGGCTACGA	324.2252698767721	32.6695720770549	0.0	0.0	0.0	6.8112006702398435	0.0	0.0	0.0	0.0	67.3308918303599	0.0	0.0	0.0	0.0	0.0	0.0	0.0	0.0	0.0	0.0
GSM4138111_HNSCC_1_TIL_GCGCGATTCGCCTGAG	31.51697063545193	0.0	0.0	46.992016392230646	0.0	18.076432022897627	0.0	582.5174317204868	0.0	0.0	0.0	0.0	663.591262789146	0.0	0.0	0.0	0.0	0.0	0.0	0.0	0.0
GSM4138111_HNSCC_1_TIL_GCTTCCAGTCTAGTGT	361.4567166475591	14.927567953445566	0.0	0.0	30.80701990677624	18.018341511698118	0.0	0.0	0.0	8.475071041838948	0.0	0.0	0.0	0.0	137.84589191409006	0.0	0.0	0.0	11.099610629924463	0.0	0.0
GSM4138111_HNSCC_1_TIL_GCTTCCAGTTGCTCCT	587.0019016459689	199.15460405854603	161.58783398891563	0.0	0.0	67.60080697117758	28.711264753489857	0.0	0.0	0.0	0.0	16.021407412982462	0.0	0.0	0.0	0.0	0.0	0.0	0.0	0.0	0.0
GSM4138111_HNSCC_1_TIL_GGACGTCGTCCTCCAT	610.2125013061794	0.0	262.7227402994621	0.0	0.0	86.38064748324173	0.0	114.26695569830328	0.0	0.0	0.0	0.0	0.0	86.50686302622545	0.0	0.0	0.0	0.0	1.580805505810242	0.0	0.0
GSM4138111_HNSCC_1_TIL_GGGTCTGTCTATCCTA	0.0	0.0	0.0	0.0	0.0	0.0	0.0	0.0	3571.9610509981753	0.0	0.0	803.5578353565237	0.0	0.0	0.0	0.0	0.0	0.0	0.0	0.0	239.86834646288412
GSM4138111_HNSCC_1_TIL_GTTACAGCAATGTTGC	685.6859541218945	321.89448974489125	36.751747954302886	0.0	0.0	21.273938030335188	2.5093184655583674	0.0	0.0	0.0	0.0	0.0	0.0	0.0	0.0	0.0	0.0	0.0	0.0	0.0	0.0
GSM4138111_HNSCC_1_TIL_TACGGGCAGTGGGATC	0.0	0.0	0.0	0.0	31.241108226467595	38.10605484086902	0.0	0.0	0.0	0.0	0.0	280.082323533462	0.0	0.0	114.80655696883872	0.0	0.0	0.0	0.0	0.0	0.0
GSM4138111_HNSCC_1_TIL_TACGGGCTCTACTATC	142.90961431744927	0.0	138.0803114788906	0.0	0.0	26.473949142187532	0.0	0.0	0.0	0.0	0.0	326.65133985102733	0.0	0.0	0.0	0.0	0.0	0.0	0.0	0.0	0.0
GSM4138111_HNSCC_1_TIL_TGTGGTAGTTACGTCA	0.0	0.0	0.0	0.0	0.0	85.2804143416895	0.0	0.0	140.68286043255318	0.0	133.24134396505053	0.0	0.0	35.57747103116918	0.0	0.0	29.59852471141717	0.0	0.0	0.0	0.0
GSM4138111_HNSCC_1_TIL_GTGGGTCGTACGACCC	202.69136202107305	0.0	257.6638210443378	0.0	0.0	31.00464281437186	0.0	0.0	0.0	0.0	0.0	0.0	0.0	0.0	0.0	0.0	0.0	0.0	0.0	0.0	0.0
GSM4138111_HNSCC_1_TIL_AACTCCCTCTCTTGAT	0.0	0.0	0.0	0.0	0.0	25.447120708290658	0.0	240.3330545195912	0.0	0.0	0.0	424.1235667092441	0.0	0.0	0.0	0.0	0.0	0.0	0.0	0.0	0.0
GSM4138111_HNSCC_1_TIL_AAGTCTGGTCTTTCAT	0.0	92.9089662654288	0.0	11.348401597466612	0.0	9.908712435338698	0.0	0.0	111.72782664044202	0.0	0.0	0.0	0.0	0.0	0.0	0.0	0.0	15.584146086090984	0.0	14.20937699005002	0.0
GSM4138111_HNSCC_1_TIL_ACACCAAAGCTACCTA	153.35071654243544	0.0	0.0	0.0	0.0	17.760883812684217	0.0	0.0	0.0	225.9630346697813	0.0	0.0	0.0	0.0	0.0	0.0	0.0	0.0	0.0	0.0	0.0
GSM4138111_HNSCC_1_TIL_ACCGTAATCGGCATCG	264.0506943745285	96.76203600746416	23.119304716221762	0.0	0.0	8.790851902630747	0.0	0.0	0.0	0.0	166.1881535475556	0.0	0.0	0.0	0.0	0.0	0.0	0.0	0.0	0.0	0.0
GSM4138111_HNSCC_1_TIL_AGATTGCCATACCATG	140.92257964148547	0.0	159.12905614832317	0.0	0.0	32.79004648373883	0.0	0.0	0.0	0.0	0.0	0.0	0.0	0.0	0.0	0.0	0.0	0.0	0.0	0.0	0.0
GSM4138111_HNSCC_1_TIL_AGTAGTCGTAGGGTAC	0.0	92.14050431989757	0.0	0.0	0.0	13.954822985580158	0.0	0.0	68.23761466823487	81.16544204783679	0.0	0.0	0.0	0.0	0.0	54.542242272357846	0.0	0.0	0.0	0.0	0.0
GSM4138111_HNSCC_1_TIL_CATCGGGGTATTCGTG	0.0	0.0	56.10463413733109	0.0	0.0	21.90798323878187	0.0	0.0	162.66037285421896	0.0	0.0	0.0	0.0	124.81934779031977	0.0	0.0	38.993508774782775	0.0	101.06504379139466	0.0	0.0
GSM4138111_HNSCC_1_TIL_CCGGTAGTCACCGTAA	371.51767733786767	0.0	0.0	415.85202290054247	0.0	43.79262036844633	0.0	0.0	0.0	43.20945213769024	0.0	0.0	0.0	0.0	0.0	0.0	0.0	0.0	0.0	0.0	0.0
GSM4138111_HNSCC_1_TIL_CCTCAGTAGATCCCGC	139.18583219790006	0.0	0.0	0.0	0.0	18.54513745866173	0.0	0.0	0.0	139.4093497919988	0.0	0.0	0.0	0.0	0.0	0.0	0.0	0.0	0.0	0.0	0.0
GSM4138111_HNSCC_1_TIL_CGGACTGAGGGTTCCC	23.47704713724749	0.0	0.0	0.0	0.0	16.285582284877293	81.22640624302576	0.0	0.0	0.0	0.0	0.0	0.0	176.54950507932006	0.0	0.0	0.0	0.0	0.0	0.0	0.0
GSM4138111_HNSCC_1_TIL_CGTGTAAAGAGGTTAT	114.97047738329391	209.81246307764255	1.9202667062430807	0.0	0.0	14.691348358926254	0.0	0.0	0.0	0.0	0.0	0.0	0.0	0.0	0.0	0.0	0.0	0.0	0.0	9.71860064750003	0.0
GSM4138111_HNSCC_1_TIL_CTCGTACAGCAATATG	0.0	0.0	0.0	0.0	0.0	17.72129628281445	0.0	0.0	117.48012055238004	0.0	85.44463100345789	0.0	0.0	184.95607725537306	0.0	0.0	0.0	0.0	0.0	0.0	0.0
GSM4138111_HNSCC_1_TIL_GACTACACAACGATCT	257.2535806159043	0.0	0.0	0.0	350.9057056389526	14.888846942268312	3.147665043037052	0.0	0.0	0.0	0.0	0.0	0.0	0.0	0.0	0.0	0.0	0.0	0.0	0.0	0.0
GSM4138111_HNSCC_1_TIL_GATCTAGCAGCTCCGA	121.14845456054806	53.900164677523094	0.0	0.0	0.0	29.36009768503749	0.0	0.0	0.0	0.0	0.0	0.0	0.0	0.0	0.0	0.0	0.0	0.0	0.0	44.94507113844639	0.0
GSM4138111_HNSCC_1_TIL_GCAGCCATCAAACAAG	48.12848204089858	203.57771429656063	0.0	0.0	76.81162942363467	19.61893694384834	213.40841711075444	0.0	0.0	0.0	0.0	0.0	0.0	0.0	0.0	0.0	0.0	0.0	0.0	0.0	0.0
GSM4138111_HNSCC_1_TIL_GCTCCTAGTACGAAAT	0.0	0.0	0.0	101.65504260675519	0.0	13.624390199812838	0.0	3.6462294593580267	22.41487455288401	64.47454770575445	1.5020890321935743	126.73692377463043	0.0	0.0	0.0	0.0	0.0	0.0	0.0	0.0	0.0
GSM4138111_HNSCC_1_TIL_GGCAATTGTTGAGTTC	79.42015858486008	118.37141151174232	0.0	39.063877197595204	0.0	7.511928751404939	0.0	0.0	0.0	0.0	0.0	0.0	9.086102248325743	0.0	0.0	0.0	0.0	0.0	0.0	0.0	0.0
GSM4138111_HNSCC_1_TIL_GTACTTTGTGCATCTA	90.10024201540047	29.31768210727478	30.479772904869034	0.0	0.0	6.990161759139454	0.0	21.23276615268125	0.0	103.10396221268898	0.0	0.0	0.0	0.0	0.0	0.0	0.0	0.0	0.0	0.0	0.0
GSM4138111_HNSCC_1_TIL_GTCAAGTAGTCCCACG	57.42092497881848	77.73912880346701	0.0	0.0	0.0	25.731598129276346	76.08407790448136	0.0	0.0	40.690823050142725	0.0	0.0	0.0	0.0	0.0	0.0	0.0	0.0	0.0	0.0	0.0
GSM4138111_HNSCC_1_TIL_GTCAAGTGTATATGGA	137.42459902441485	0.0	66.86352326066509	0.0	119.07638386646221	13.771703738442069	0.0	0.0	0.0	0.0	0.0	0.0	0.0	0.0	0.0	0.0	0.0	0.0	0.0	0.0	0.0
GSM4138111_HNSCC_1_TIL_GTTCTCGCACGCCAGT	0.0	0.0	7.839456926822537	0.0	0.0	8.033112527802956	0.0	53.36814150397544	0.0	0.0	0.0	167.59496448617492	0.0	0.0	0.0	0.0	0.0	0.0	136.54137208871109	0.0	0.0
GSM4138111_HNSCC_1_TIL_GTTCTCGTCCTGTACC	0.0	104.30593228089907	0.0	0.0	0.0	10.879398313939639	0.0	0.0	0.0	0.0	0.0	0.0	0.0	0.0	0.0	136.1745417573528	0.0	0.0	0.0	0.0	0.0
GSM4138111_HNSCC_1_TIL_TATCAGGCAGCCAGAA	0.0	0.0	0.0	0.0	0.0	24.27030408252243	0.0	0.0	0.0	0.0	0.0	0.0	70.66979499846546	0.0	0.0	0.0	0.0	187.0176133593747	0.0	0.0	0.0
GSM4138111_HNSCC_1_TIL_TCAGCTCGTACCGTAT	262.38186814814713	0.0	122.05309278511282	0.0	0.0	29.581753642277967	0.0	0.0	0.0	0.0	0.0	0.0	0.0	0.0	134.6681991070152	0.0	0.0	0.0	0.0	0.0	0.0
GSM4138111_HNSCC_1_TIL_TCTTCGGCACATCTTT	0.0	0.0	0.0	0.0	0.0	6.416107739985898	0.0	173.71137606636128	0.0	0.0	0.0	105.88507298533783	0.0	0.0	0.0	0.0	0.0	0.0	0.0	0.0	0.0
GSM4138111_HNSCC_1_TIL_TGAGAGGTCGGCGGTT	72.15101230122767	128.7562919361522	0.0	0.0	0.0	22.500755102721687	148.98821690105743	0.0	0.0	0.0	154.14039315485329	0.0	0.0	0.0	0.0	0.0	0.0	0.0	0.0	0.0	0.0
GSM4138111_HNSCC_1_TIL_TGCACCTTCTTTACAC	58.463021486278976	88.8665434006628	0.0	63.41857524403719	0.0	19.56991407165366	0.0	0.0	0.0	24.828615481007812	0.0	0.0	0.0	0.0	0.0	0.0	67.0164773012374	0.0	0.0	0.0	0.0
GSM4138111_HNSCC_1_TIL_TTAGTTCTCTTCATGT	0.0	0.0	78.91384139160054	0.0	0.0	25.05044417017029	0.0	102.91110561234257	0.0	0.0	0.0	0.0	126.46706001703339	6.773875956724817	1.1451341263733075	0.0	8.454562325365172	0.0	0.0	0.0	0.0
GSM4138111_HNSCC_1_TIL_TTTACTGTCTTGACGA	122.9366479144365	15.944818807206161	128.88235061174717	0.0	23.460037303860037	34.20120297772211	0.0	0.0	0.0	0.0	30.18459634204661	0.0	47.83025412816563	0.0	8.543441671969305	0.0	0.0	0.0	0.0	0.0	0.0
GSM4138111_HNSCC_1_TIL_ATCTGCCCATGCCCGA	89.67124040587808	0.0	122.45370438509642	0.0	0.0	13.466144671882912	144.4040120806361	79.03051803182613	0.0	0.0	0.0	0.0	0.0	0.0	0.0	0.0	0.0	0.0	0.0	0.0	0.0
GSM4138111_HNSCC_1_TIL_CAACCTCGTAGCTCCG	117.66684224242806	0.0	147.99612890655723	0.0	0.0	15.700358126960744	0.0	0.0	0.0	0.0	0.0	0.0	0.0	0.0	3.5037401932870225	0.0	0.0	0.0	0.0	0.0	0.0
GSM4138111_HNSCC_1_TIL_CATCGGGAGCTAGTTC	211.65287647811397	0.0	245.8037897968505	0.0	0.0	20.390486171786204	0.0	0.0	0.0	6.058446275112861	0.0	0.0	0.0	0.0	0.0	0.0	0.0	0.0	0.0	0.0	0.0
GSM4138111_HNSCC_1_TIL_CCACGGACAGATGAGC	400.4096908941761	0.0	469.38539700606697	0.0	0.0	44.78471485968696	0.0	0.0	0.0	0.0	0.0	0.0	0.0	1.1088258921336522	0.0	0.0	0.0	22.321758592546562	40.48318892347419	0.0	0.0
GSM4138111_HNSCC_1_TIL_CGGCTAGTCGGAAACG	54.26848893072062	0.0	51.367346418700556	0.0	0.0	8.135103597822212	54.074183224470275	0.0	0.0	0.0	0.0	0.0	0.0	0.0	49.41982639862574	0.0	0.0	0.0	0.0	0.0	0.0
GSM4138111_HNSCC_1_TIL_CGTCTACGTCCGAACC	168.8051159047113	0.0	0.0	0.0	0.0	14.144365187634708	0.0	0.0	0.0	12.452812313244058	0.0	0.0	0.0	0.0	145.29736524515266	0.0	0.0	0.0	0.0	0.0	0.0
GSM4138111_HNSCC_1_TIL_CGTCTACGTGTGAATA	229.30354006117366	0.0	0.0	0.0	68.0366683931843	34.08865596660667	0.0	0.0	0.0	246.86555759392962	0.0	0.0	0.0	0.0	0.0	0.0	0.0	0.0	0.0	0.0	0.0
GSM4138111_HNSCC_1_TIL_CGTTCTGGTCCAGTAT	885.8112383468101	0.0	98.9107407593725	0.0	580.6098035808993	44.79895940201359	0.0	0.0	0.0	0.0	0.0	0.0	0.0	0.0	0.0	0.0	0.0	0.0	0.0	0.0	0.0
GSM4138111_HNSCC_1_TIL_CTCGTCAGTTGCTCCT	26.469120683334978	132.8266104541514	139.88208115867482	39.63478210294327	0.0	33.13990341150232	33.70132018179133	0.0	49.78279215684684	0.0	0.0	0.0	0.0	0.0	0.0	0.0	274.5565020248224	0.0	0.0	0.0	0.0
GSM4138111_HNSCC_1_TIL_CTTAGGAAGACAAGCC	226.43957521192496	0.0	0.0	225.97472900488384	0.0	25.14053421199817	0.0	37.933715134757755	0.0	9.624996245441602	0.0	0.0	0.0	0.0	0.0	0.0	0.0	0.0	0.0	0.0	0.0
GSM4138111_HNSCC_1_TIL_CTTGGCTCATAGTAAG	304.5361105266502	0.0	0.0	0.0	0.0	30.004173945046855	0.0	284.15410390625675	0.0	0.0	0.0	0.0	0.0	0.0	0.0	0.0	0.0	0.0	0.0	0.0	0.0
GSM4138111_HNSCC_1_TIL_GAAACTCTCAACACAC	154.03745198766023	0.0	97.29353105439667	96.50109530430136	54.91601295851483	27.446913028855615	0.0	0.0	0.0	0.0	0.0	0.0	0.0	0.0	14.429930968380676	0.0	51.479830589924084	0.0	0.0	0.0	0.0
GSM4138111_HNSCC_1_TIL_GATTCAGGTGAGCGAT	129.91875696870355	0.0	108.84330740199827	37.75230847586818	0.0	12.691284611933362	0.0	0.0	0.0	0.0	0.0	0.0	0.0	0.0	0.0	0.0	0.0	0.0	0.0	0.0	0.0
GSM4138111_HNSCC_1_TIL_GGATTACAGTTGCAGG	380.1781803825748	0.0	162.82886859337688	332.08446866696994	0.0	24.469572878893352	0.0	0.0	0.0	0.0	0.0	0.0	0.0	0.0	0.0	0.0	0.0	0.0	0.0	0.0	0.0
GSM4138111_HNSCC_1_TIL_GGTGAAGTCATCTGCC	169.63349673368202	0.0	375.81133658940115	0.0	0.0	31.600401504960157	0.0	0.0	0.0	0.0	0.0	0.0	10.589358502760994	0.0	0.0	0.0	89.32922726408175	0.0	0.0	0.0	0.0
GSM4138111_HNSCC_1_TIL_GTGAAGGGTATATGAG	458.45672848440836	0.0	537.1696509109094	0.0	0.0	44.29521185395784	0.0	0.0	0.0	0.0	0.0	0.0	0.0	0.0	0.0	0.0	0.0	0.0	0.0	0.0	0.0
GSM4138111_HNSCC_1_TIL_GTTTCTAAGCCAGAAC	179.56647842333365	0.0	166.73750408974192	0.0	0.0	17.32110393911046	0.0	0.0	0.0	13.22414539333618	0.0	0.0	0.0	0.0	0.0	0.0	0.0	0.0	0.0	0.0	0.0
GSM4138111_HNSCC_1_TIL_TAAGAGACATCGGTTA	218.18013434577963	0.0	92.51392306038396	0.0	0.0	49.3550397623436	0.0	293.3512117912127	0.0	0.0	0.0	0.0	0.0	0.0	0.0	0.0	139.51922721408292	0.0	0.0	0.0	0.0
GSM4138111_HNSCC_1_TIL_TATTACCGTTGTTTGG	0.0	0.0	0.0	0.0	0.0	46.365672725338506	0.0	496.2760522885305	316.82544850317294	0.0	0.0	48.650838604445006	0.0	0.0	0.0	117.87658990295087	0.0	0.0	0.0	0.0	0.0
GSM4138111_HNSCC_1_TIL_TGGTTAGAGTTTAGGA	245.19892358775235	0.0	78.5768465367169	0.0	0.0	18.619173689853785	0.0	0.0	0.0	0.0	0.0	0.0	0.0	0.0	194.5101934078397	0.0	0.0	0.0	0.0	0.0	0.0
GSM4138111_HNSCC_1_TIL_TTGACTTCATCGACGC	241.11045038065942	0.0	181.26733258777435	0.0	8.051970377758327	26.676668453679937	0.0	0.0	0.0	0.0	0.0	0.0	0.0	0.0	24.106848393894012	0.0	0.0	0.0	0.0	0.0	0.0
