	1	2	3	4	5
GSM4138111_HNSCC_1_TIL_AACTCCCGTCATATCG	276.50519541603205	303.0493160943873	46.255926129143866	50.56920363794153	24.33578949946903
GSM4138111_HNSCC_1_TIL_AGTGGGATCACCCGAG	247.5792136583524	283.79362157255895	46.54213602924448	9.739343114366566	28.728873553903302
GSM4138111_HNSCC_1_TIL_ATCCGAAGTCGTTGTA	306.53239701235276	251.76966497834476	20.019452390307855	36.85965525237571	46.478140298667526
GSM4138111_HNSCC_1_TIL_CAGCGACAGGGATGGG	384.1588501135829	149.98888274705948	75.77971314754427	0.0	29.178963265755417
GSM4138111_HNSCC_1_TIL_CGGACACTCATATCGG	235.79913771149856	319.5460603913056	86.40219267215045	39.97804993505511	24.350906636440115
GSM4138111_HNSCC_1_TIL_TAGTTGGGTCTCCACT	300.7554018069976	181.79593610163556	114.87676298063268	0.0	6.986822214600042
GSM4138111_HNSCC_1_TIL_AAAGATGAGCATGGCA	465.8296063579729	284.11786075204503	0.0	0.0	11.803803757789343
GSM4138111_HNSCC_1_TIL_AGCAGCCTCCTACAGA	449.9771405403975	276.58856072152884	0.0	0.0	0.0
GSM4138111_HNSCC_1_TIL_AGGTCATTCAAGCCTA	226.27594262536152	438.25891354371385	14.827964151426485	0.0	33.53229229991569
GSM4138111_HNSCC_1_TIL_ATGCGATGTGATGTCT	820.1552890457449	595.888051146232	38.76632037281962	250.36593582880252	77.27061747246697
GSM4138111_HNSCC_1_TIL_CCAGCGATCACTTCAT	820.2608462133538	242.27791805162667	0.0	0.0	0.0
GSM4138111_HNSCC_1_TIL_CCCATACGTCTGATTG	249.40521280308445	363.65981148008575	28.76802946275474	60.4604777498428	18.199780249497397
GSM4138111_HNSCC_1_TIL_CGTTAGAGTTTACTCT	281.92484637832166	700.2825539740527	79.13456542224301	34.539909585605145	66.04361644707794
GSM4138111_HNSCC_1_TIL_CTAGCCTAGGTCATCT	604.1876069007795	691.5035825730125	0.0	0.0	0.0
GSM4138111_HNSCC_1_TIL_CTCGTACTCAGCCTAA	508.50950009325817	238.8216192657499	0.0	0.0	0.0
GSM4138111_HNSCC_1_TIL_GAAATGATCTAACCGA	1501.7815036501784	472.7789258307868	202.36073741185095	202.7147139780064	60.01184700476466
GSM4138111_HNSCC_1_TIL_GGCCGATAGAAGCCCA	279.1545013615104	328.2924475733996	29.058731035946376	0.0	10.168037279566558
GSM4138111_HNSCC_1_TIL_GGCCGATAGCCCTAAT	632.3184983501806	593.9990594933136	41.50882525482108	67.7311682354324	71.49490003678332
GSM4138111_HNSCC_1_TIL_GGCGACTAGTTTCCTT	338.74158589808746	216.15740453815542	0.0	0.0	0.0
GSM4138111_HNSCC_1_TIL_GGGACCTAGTTAGGTA	1073.6686446507624	628.1211311056376	0.0	221.33346048485825	7.100050811698533
GSM4138111_HNSCC_1_TIL_GTCAAGTTCAGCACAT	486.419536515984	354.43729742042456	30.73693623492864	58.25727635484381	21.840228091027836
GSM4138111_HNSCC_1_TIL_TAAACCGTCCAGTATG	586.0569644802163	623.9591709849489	0.0	0.0	0.0
GSM4138111_HNSCC_1_TIL_TATGCCCGTCTCATCC	458.00485516573764	255.44084863351193	0.0	0.0	0.0
GSM4138111_HNSCC_1_TIL_TTTACTGAGTAGGCCA	716.3888709538296	253.73324856073734	27.28118441845523	34.365077776335234	14.798328537579154
GSM4138111_HNSCC_1_TIL_AACTTTCTCGCCAAAT	1798.6451008317506	179.90209996149025	0.0	0.0	39.732943856492795
GSM4138111_HNSCC_1_TIL_ACATCAGGTGTTCTTT	645.0333997927846	196.42313448696066	0.0	57.46491530310499	3.316877263543562
GSM4138111_HNSCC_1_TIL_ACGATACCACATTCGA	1837.702059025383	168.07677779493665	0.0	0.0	20.42227369060799
GSM4138111_HNSCC_1_TIL_ACGGCCAAGGGTCGAT	551.1174873411996	209.56527362014597	0.0	0.0	27.67052989253985
GSM4138111_HNSCC_1_TIL_ACTGAGTTCTCTGTCG	674.475108405537	250.94732422112048	0.0	0.6267465428231691	21.73472483225083
GSM4138111_HNSCC_1_TIL_ACTTTCATCCCACTTG	582.3131714286901	466.5104956065672	0.0	275.27963845000596	30.356540299233718
GSM4138111_HNSCC_1_TIL_AGCAGCCGTGAACCTT	266.29460818546147	263.3398865044248	0.31699431794511246	140.10794761881266	5.421806625560805
GSM4138111_HNSCC_1_TIL_AGGGATGTCGCCGTGA	363.0540720769535	372.8869860801162	0.0	0.0	0.0
GSM4138111_HNSCC_1_TIL_ATCATCTGTAGCGTGA	1540.4187263633949	46.83956093887474	0.0	8.307568444354285	51.205552737149326
GSM4138111_HNSCC_1_TIL_ATCGAGTTCATTATCC	775.1559685172205	275.745867773988	44.73113390906389	104.03845533172783	11.552434296444845
GSM4138111_HNSCC_1_TIL_ATCTGCCAGGATGGTC	630.6018078846696	156.41636312138272	0.0	34.00213093805385	17.426096048444062
GSM4138111_HNSCC_1_TIL_ATTTCTGGTACACCGC	893.2001763865749	80.57392143711468	0.0	0.0	0.0
GSM4138111_HNSCC_1_TIL_CAACCAATCTATCCCG	1297.0297992792086	442.40615030625867	0.0	0.0	0.0
GSM4138111_HNSCC_1_TIL_CACACAACATCTACGA	536.2482697271801	235.21997800337033	0.0	0.0	0.49633545336482676
GSM4138111_HNSCC_1_TIL_CACCTTGTCCGGGTGT	2456.1930879828856	693.2460192137845	28.5118228689583	252.95905895794374	0.0
GSM4138111_HNSCC_1_TIL_CATGACACAATGGAGC	1342.342368866643	281.49624143242295	0.0	150.3431841142913	0.0
GSM4138111_HNSCC_1_TIL_CCACTACTCACAATGC	796.1576314635234	229.6223496020568	0.0	0.0	0.0
GSM4138111_HNSCC_1_TIL_CCCAGTTGTAGTAGTA	454.5709346099256	267.4635032836596	0.0	0.0	0.0
GSM4138111_HNSCC_1_TIL_CCGTGGATCCCTTGCA	676.094856549189	483.94374868684935	0.0	0.0	0.0
GSM4138111_HNSCC_1_TIL_CGCGGTATCATACGGT	904.6831971287013	0.0	0.0	77.2009917657897	0.0
GSM4138111_HNSCC_1_TIL_CGGACTGAGCCGTCGT	678.3610121652466	276.373753972507	0.0	0.0	0.0
GSM4138111_HNSCC_1_TIL_CGGAGCTTCGAACTGT	2034.9087120783822	63.69200042819772	15.514848137219161	874.422090418791	73.91424754094156
GSM4138111_HNSCC_1_TIL_CGGAGTCGTATGAATG	519.1107501464089	369.4722014187458	0.0	0.0	0.0
GSM4138111_HNSCC_1_TIL_CGGTTAAGTCGACTAT	920.8303463849015	305.3939631602766	33.89967339966117	0.0	2.387393111591583
GSM4138111_HNSCC_1_TIL_CGTCTACAGCCTATGT	608.7112956256257	299.5424049565523	51.65298373903395	93.38951347231385	8.770397423431042
GSM4138111_HNSCC_1_TIL_CGTGTCTGTCTCCACT	1338.837259533261	378.75127210259217	32.36058437812923	276.8332402718582	0.0
GSM4138111_HNSCC_1_TIL_CGTTAGAAGAGCTATA	512.575226675985	189.30711369481088	0.0	22.819818637832572	0.0
GSM4138111_HNSCC_1_TIL_CTGCTGTGTCCGAGTC	409.81956559655464	393.6817600110464	0.0	0.0	23.148855618674837
GSM4138111_HNSCC_1_TIL_CTGGTCTGTCCGTGAC	2143.0517274936274	18.094099109922848	0.0	149.2199248773432	0.0
GSM4138111_HNSCC_1_TIL_CTGTGCTTCGTCCGTT	953.6246645275048	214.60567218916339	0.0	0.0	23.86494956676006
GSM4138111_HNSCC_1_TIL_CTTCTCTGTCTTGCGG	632.2710371358778	0.0	0.0	0.0	24.666839568532694
GSM4138111_HNSCC_1_TIL_GAATGAACACGTCAGC	3968.410906938809	0.0	1308.946767440182	1176.7458492514388	0.0
GSM4138111_HNSCC_1_TIL_GACTAACGTAGAAGGA	603.844448752836	114.10401306150702	54.16220380937999	203.69136578499845	0.0
GSM4138111_HNSCC_1_TIL_GATCGATTCAGAGACG	2310.5206766114156	0.0	0.0	0.0	0.0
GSM4138111_HNSCC_1_TIL_GGGAATGAGCTGTCTA	857.7201575316009	0.0	0.0	0.0	9.676170508502342
GSM4138111_HNSCC_1_TIL_GGGAGATGTGTGCCTG	950.8762570903236	248.07393257635775	39.20966540752607	106.92737478546019	3.4863157457796587
GSM4138111_HNSCC_1_TIL_GGGTCTGTCCACGAAT	1580.6588201993884	1242.9586955425677	66.61928884106644	0.0	39.1020176726941
GSM4138111_HNSCC_1_TIL_GTCGGGTAGTCAATAG	423.5413134839316	224.530718738231	0.0	0.0	0.5575067170346548
GSM4138111_HNSCC_1_TIL_GTCTCGTCACCCATGG	618.2810806470237	117.834342343821	0.0	0.0	0.0
GSM4138111_HNSCC_1_TIL_GTCTTCGGTTGATTCG	1236.3471532568726	0.0	0.0	42.94260152513886	0.0
GSM4138111_HNSCC_1_TIL_GTGCAGCCAGTTTACG	595.2589857410663	110.44906494528485	0.0	0.0	0.0
GSM4138111_HNSCC_1_TIL_GTTAAGCGTGCTGTAT	876.1065893552981	629.3787789031794	0.0	0.0	0.0
GSM4138111_HNSCC_1_TIL_TACTCGCCACACATGT	1643.368702205519	283.5014877957966	0.0	222.94083280930846	14.306860682091324
GSM4138111_HNSCC_1_TIL_TACTTACGTGTGACCC	704.9608844325606	382.549621935255	0.0	0.0	0.0
GSM4138111_HNSCC_1_TIL_TCATTTGCAAGTAATG	385.29009103406634	411.58749358333597	16.581771296080884	0.0	6.070881276286282
GSM4138111_HNSCC_1_TIL_TCTATTGGTGTTTGTG	816.9584840056197	139.0438782233777	0.0	90.22257628422871	0.0
GSM4138111_HNSCC_1_TIL_TCTCTAATCGTCTGCT	624.7463554742877	148.01663844086602	0.0	13.338588343107833	0.0
GSM4138111_HNSCC_1_TIL_TTCTACACACCGGAAA	1432.3239274941939	351.7587762125245	0.0	0.0	0.0
GSM4138111_HNSCC_1_TIL_AGTGTCACATTAGCCA	369.089975180283	222.3984818767805	12.080318784820582	127.46994377638384	0.0
GSM4138111_HNSCC_1_TIL_GCGGGTTTCTCAACTT	504.4817922083458	447.7309228026902	18.045753988900522	261.3001701457317	22.41892830073568
GSM4138111_HNSCC_1_TIL_GCTCTGTGTCTAGTCA	945.6168165112147	274.82927669392615	42.41906049988601	792.9974269001493	18.836576807866884
GSM4138111_HNSCC_1_TIL_GGACAAGAGGAGTACC	469.90007080319475	266.13523070684244	17.30492234391428	213.70318640519474	59.56041944441897
GSM4138111_HNSCC_1_TIL_GTCCTCAAGATGCCTT	709.8865747320866	461.16553343260335	0.0	382.2252354654176	0.0
GSM4138111_HNSCC_1_TIL_TTTCCTCTCTCGCTTG	641.1643773774633	389.4535116713472	193.1125031288769	308.24368524499675	80.09311432281575
GSM4138111_HNSCC_1_TIL_AAACCTGTCTTCGAGA	550.6229554948587	254.4617507785462	0.0	3.4580327937932087	0.0
GSM4138111_HNSCC_1_TIL_ACACCCTTCACAGGCC	475.41116207045167	379.50817605425027	61.022221077127256	233.74429271402823	100.47297394739893
GSM4138111_HNSCC_1_TIL_ACGGCCAAGTGGAGTC	513.9929611808208	164.11036413213014	0.0	0.0	0.0
GSM4138111_HNSCC_1_TIL_ACGTCAAGTAACGCGA	407.73644500252624	263.4562719387151	28.437625478315706	0.0	0.0
GSM4138111_HNSCC_1_TIL_ACTATCTGTCTCTCTG	546.2375838399989	297.1298475393671	0.0	0.0	0.0
GSM4138111_HNSCC_1_TIL_ACTTACTAGCTAGTGG	327.0165673495896	206.62985372303007	8.952503480232084	36.34065289383934	0.0
GSM4138111_HNSCC_1_TIL_ACTTGTTAGCTGTTCA	390.44995570644096	275.2358016446258	18.861589455652283	6.0886714554365335	4.984137367588575
GSM4138111_HNSCC_1_TIL_ATAACGCTCGCGCCAA	478.9025970078118	234.5500964837343	0.0	36.24520659748094	0.0
GSM4138111_HNSCC_1_TIL_ATCATCTGTACCGCTG	425.65323058656514	267.3365411590209	0.0	3.822191340040431	0.0
GSM4138111_HNSCC_1_TIL_ATTGGTGCACACCGCA	458.3217881042098	274.21654155720955	3.637218835009942	0.0	21.314158063143374
GSM4138111_HNSCC_1_TIL_CAAGAAAAGGCCCGTT	373.99999022965363	226.16052532685254	28.749514116561542	0.5955303818497125	0.0
GSM4138111_HNSCC_1_TIL_CAGGTGCGTCATGCCG	470.82092400497476	398.007019138728	235.09541531667432	73.86926512944048	68.83394345484969
GSM4138111_HNSCC_1_TIL_CGGACGTCACTCTGTC	387.0328989102792	205.44772364869672	14.123060622465704	0.0	0.0
GSM4138111_HNSCC_1_TIL_CGTCACTGTCCAGTGC	467.26967193958603	181.6649155751848	8.548628960763606	49.855954539254206	20.76830059337892
GSM4138111_HNSCC_1_TIL_CTAATGGTCTGCAGTA	638.6869364626505	412.3535896294074	170.38041556767166	142.0336556817852	36.70424921945221
GSM4138111_HNSCC_1_TIL_CTGAAACGTTCCCGAG	365.8573027394577	216.7220605770606	5.06943033874285	0.0	11.189570749054454
GSM4138111_HNSCC_1_TIL_CTGCTGTCATGTCGAT	426.56275280845546	219.10108769087	0.0	10.937945978885748	0.0
GSM4138111_HNSCC_1_TIL_GACAGAGCAGCCAGAA	438.19475589677876	253.09520868830458	39.51075522770153	0.0	2.5579335380411736
GSM4138111_HNSCC_1_TIL_GCGCCAAGTCATGCCG	573.4131686568293	535.0099738744615	31.84516962076477	62.45487817435127	22.1052987659181
GSM4138111_HNSCC_1_TIL_GCTGCAGAGCGCTCCA	367.06053675900586	333.2647465472591	0.0	0.0	0.0
GSM4138111_HNSCC_1_TIL_GGCTGGTAGGCCCTCA	370.01074897430243	216.51236870209343	6.706036595203495	14.264682179984328	0.0
GSM4138111_HNSCC_1_TIL_GTGTTAGCAAAGAATC	338.7245739597329	135.44114903713188	4.457279442095816	27.957890616658	6.191077511045702
GSM4138111_HNSCC_1_TIL_TACTCGCGTTCCACTC	533.9833882837645	182.13139469126148	42.133656543700624	0.0	0.0
GSM4138111_HNSCC_1_TIL_TAGGCATGTAGCTGCC	311.90131204505997	257.21025090781535	11.64416408426369	0.7427139606573403	38.29579163052032
GSM4138111_HNSCC_1_TIL_TGAGCCGCAGTAACGG	414.14257416636	272.20875648579454	11.829578581121824	0.0	9.726399040741706
GSM4138111_HNSCC_1_TIL_TGAGGGAGTCTTCTCG	359.6510784711476	207.98794082421483	8.052402947977818	0.0	0.0
GSM4138111_HNSCC_1_TIL_TGCCCATAGAGCTATA	481.969634608221	381.2922743242308	33.585372935187586	150.9020918141661	0.0
GSM4138111_HNSCC_1_TIL_TGTATTCGTAAGGATT	375.4970088903645	320.139079720021	22.18127526036898	0.0	0.0
GSM4138111_HNSCC_1_TIL_TTCGAAGAGACGCACA	465.37203104460235	292.87777190711347	0.0	5.230899119891612	0.0
GSM4138111_HNSCC_1_TIL_AGAGCTTAGTCTCAAC	332.96774054164104	280.7837567954412	0.0	0.0	0.0
GSM4138111_HNSCC_1_TIL_AGCGTATTCAAAGACA	461.3132371521853	341.1592356269629	58.33917661167295	62.96066891930146	7.162509920327803
GSM4138111_HNSCC_1_TIL_ATCCACCAGGTGTTAA	419.5387813052168	328.79038543364044	54.124655641911396	115.58642147097564	6.437930381795625
GSM4138111_HNSCC_1_TIL_CAACCAACACAGACTT	381.57354878871735	448.29703353189905	61.772477755648026	145.7209232973684	4.207005327506753
GSM4138111_HNSCC_1_TIL_CAACTAGTCGCGTTTC	797.7293751685412	362.33040692999407	121.70042145928011	202.34127293346978	41.26441780331589
GSM4138111_HNSCC_1_TIL_CAGCTGGCAATAGAGT	353.5495824277544	303.172787516773	23.87854192206507	129.93185287993944	0.0
GSM4138111_HNSCC_1_TIL_CAGTCCTAGGCATGTG	313.022676092029	304.31984752046145	13.839807024847618	167.1418809723104	43.44308661721714
GSM4138111_HNSCC_1_TIL_CCACTACAGCACAGGT	328.4982623908787	310.88881584732104	6.403990686293307	0.0	0.0
GSM4138111_HNSCC_1_TIL_CCACTACCATTAGCCA	263.14997052345166	309.40763404465173	0.0	92.29104122483552	12.374441963107587
GSM4138111_HNSCC_1_TIL_CCAGCGATCAATCACG	455.1998370338135	291.4217320355331	40.21876555231202	89.29968082660743	45.54005530967808
GSM4138111_HNSCC_1_TIL_CGGACGTTCTTGCAAG	343.32173771838245	358.2078357578092	31.49891860386346	101.42313211530316	30.537866674833122
GSM4138111_HNSCC_1_TIL_CGTTAGACAACACCCG	382.32239875346283	174.87446047436714	20.48080130885146	0.0	3.14751849748247
GSM4138111_HNSCC_1_TIL_CTGCGGACAGTCAGCC	275.06726411414206	187.87556664959996	16.999287877586948	0.0	8.321666418784865
GSM4138111_HNSCC_1_TIL_GCAGCCAGTGATGCCC	330.0174950821827	271.6409062137291	10.290575742666745	38.986707600264324	14.440815885544268
GSM4138111_HNSCC_1_TIL_GGCTGGTGTGCCTGTG	350.97144977008287	213.64106453068646	42.96085145252884	19.60685872234056	1.9462821211271406
GSM4138111_HNSCC_1_TIL_TGACGGCAGCGTCAAG	374.89957391903596	356.1558210198599	15.088576145317877	63.015583009233495	26.288852783561616
GSM4138111_HNSCC_1_TIL_TGCGCAGAGCATGGCA	242.90770334259898	310.9954633619625	47.620568491156455	0.0	12.822531323621014
GSM4138111_HNSCC_1_TIL_ACGGAGACAGGACGTA	246.3560052768245	140.91500522875376	14.905787300806505	212.98445891731558	24.73132574788911
GSM4138111_HNSCC_1_TIL_AGATCTGAGTCAAGCG	798.6209971958647	594.1239013176144	73.7589309797842	205.04857070964138	0.0
GSM4138111_HNSCC_1_TIL_ATAAGAGAGAGTCTGG	332.8728872597259	254.216987008014	39.415797673229186	288.2116161099525	47.853286791486795
GSM4138111_HNSCC_1_TIL_GAACGGAAGGGATACC	300.29073274290675	432.6645779942182	81.31489899723333	302.5591649712264	33.62688344212311
GSM4138111_HNSCC_1_TIL_GACGCGTTCTAACTCT	349.90358184702797	172.6999577545703	11.812030316851805	299.68114928608384	0.0
GSM4138111_HNSCC_1_TIL_GATGCTAGTAAATGTG	446.32332980971586	248.50073960626722	16.438905068582255	171.51609726034252	5.43378049445156
GSM4138111_HNSCC_1_TIL_GTGAAGGTCGTACCGG	863.8402616453008	724.4562319485391	134.9833898538324	76.5288694449035	48.64074461221555
GSM4138111_HNSCC_1_TIL_TGCTACCTCGGATGGA	383.6172723293872	185.9450472167033	5.928443557681188	204.63910600772493	0.0
GSM4138111_HNSCC_1_TIL_ACATACGAGTCATGCT	390.5675327381289	328.6490894324526	0.0	0.0	15.788625799467594
GSM4138111_HNSCC_1_TIL_CAACCTCGTTCAACCA	509.12587911197807	124.87051147795725	0.0	0.0	0.0
GSM4138111_HNSCC_1_TIL_CAACTAGTCACCATAG	621.4891222509739	468.26254679065875	22.36769666027954	27.405122310181962	15.678988303920997
GSM4138111_HNSCC_1_TIL_CCAGCGAAGGGATACC	458.6698882210269	297.171119213978	0.0	0.0	21.19170406545045
GSM4138111_HNSCC_1_TIL_GAAATGAGTCTAGTCA	371.4058799522732	277.50653107091387	2.2902911550484117	0.0	0.0
GSM4138111_HNSCC_1_TIL_GCAGTTACATAGAAAC	588.4868499785642	223.61342181028877	0.0	0.0	0.0
GSM4138111_HNSCC_1_TIL_GGTATTGCAGGAATGC	602.6687377577422	184.45036256390935	0.0	0.0	0.0
GSM4138111_HNSCC_1_TIL_GGTGTTACATTAGCCA	388.01865762192193	304.16673834658843	0.0	0.0	0.0
GSM4138111_HNSCC_1_TIL_GTCTTCGAGCTAGTGG	516.9466062925754	196.40591579257196	0.0	0.0	0.0
GSM4138111_HNSCC_1_TIL_TTGCGTCCATCGGACC	595.7504402234406	189.13850921763895	0.0	0.0	0.0
GSM4138111_HNSCC_1_TIL_CACACCTGTACGCTGC	414.22618276973185	161.71427936125167	14.876615039719239	0.0	26.19732152390929
GSM4138111_HNSCC_1_TIL_CAGAGAGCATAAAGGT	327.3826670356103	290.8933216813649	48.803738654646956	5.395075901081559	55.92046694533066
GSM4138111_HNSCC_1_TIL_CCCTCCTCACTTAACG	503.48248183461413	189.62070809760354	21.4005214905252	0.0	11.699244628869288
GSM4138111_HNSCC_1_TIL_CCTAAAGGTGACGGTA	496.2621112214484	209.49073092938053	0.0	0.0	0.0
GSM4138111_HNSCC_1_TIL_CCTTCGATCTTTACAC	481.4433784436837	281.88169032147823	10.82707528055865	42.12259936594171	14.82858217103723
GSM4138111_HNSCC_1_TIL_GAGCAGAGTTCAGCGC	341.2775132250208	147.0009847352846	13.446960706583749	0.0	0.0
GSM4138111_HNSCC_1_TIL_GGTGCGTCAGCTGTAT	422.7172213905462	158.0521239889143	55.58179920046079	0.0	0.0
GSM4138111_HNSCC_1_TIL_TATTACCCATCCCATC	363.9453287134916	260.2758846057053	9.400277627479527	0.0	0.0
GSM4138111_HNSCC_1_TIL_TGAGAGGAGCCGCCTA	463.4650435964805	181.28222397694125	13.68132839596556	0.0	0.0
GSM4138111_HNSCC_1_TIL_AGTTGGTAGTACGTTC	272.24693443254887	176.17058914304886	0.0	27.1564738441919	15.542531442297301
GSM4138111_HNSCC_1_TIL_CCCAGTTTCAGTACGT	353.9469230234542	246.42745500341547	14.446790176000185	128.6603173574313	20.388232056263544
GSM4138111_HNSCC_1_TIL_CCTAAAGCAAGGACTG	273.1191009907564	169.43279330246693	0.0	67.09108427616543	0.0
GSM4138111_HNSCC_1_TIL_GACGCGTTCAAACCGT	430.6711033117604	278.45517519493376	0.0	0.0	22.014829451161024
GSM4138111_HNSCC_1_TIL_GGATGTTGTGGCTCCA	439.94364297091755	165.3100983163388	2.702049493315575	0.0	0.0
GSM4138111_HNSCC_1_TIL_ACTGATGGTGCTAGCC	372.9486672718062	377.20992680980703	105.23130935032506	0.0	13.313392157153121
GSM4138111_HNSCC_1_TIL_CCTACCACATCGGGTC	427.6947626592001	242.97217896177824	1.1014455641476018	0.0	12.961756419033081
GSM4138111_HNSCC_1_TIL_CTCACACAGTTGTCGT	461.2498088569589	370.1099691824102	63.202503293456985	0.0	21.121486623074162
GSM4138111_HNSCC_1_TIL_TACTTGTTCCGCATCT	639.8339510881085	273.06191264375656	4.992792884869467	119.68354454749608	0.0
GSM4138111_HNSCC_1_TIL_TGGCGCACATTATCTC	333.9394968989605	258.82062539274716	0.0	0.0	0.0
GSM4138111_HNSCC_1_TIL_AGAATAGTCTCCAACC	409.0247678595677	210.22515124315458	0.0	0.0	0.0
GSM4138111_HNSCC_1_TIL_AGCTCTCTCTAACTCT	1193.1094599552027	88.85828561965134	0.0	0.0	0.0
GSM4138111_HNSCC_1_TIL_CACACAATCCCAAGAT	822.6260858814285	207.98942025774753	0.0	0.0	0.0
GSM4138111_HNSCC_1_TIL_CCTAAAGTCTAACCGA	426.00085298337245	107.82222208911425	0.0	0.0	0.0
GSM4138111_HNSCC_1_TIL_TCAACGAAGCGTAATA	390.5050011180411	315.18955285390666	0.0	62.96320905741882	0.0
GSM4138111_HNSCC_1_TIL_TCGGTAACATTACGAC	259.0685858089043	307.2423357893243	0.0	0.0	0.0
GSM4138111_HNSCC_1_TIL_AACTCCCAGATGAGAG	156.62756838788283	351.53470842807707	90.78372567658751	6.281149404750489	130.31522419752363
GSM4138111_HNSCC_1_TIL_CACACAACAATTCCTT	307.49905901593837	345.380399884071	6.8050255041589365	0.0	0.0
GSM4138111_HNSCC_1_TIL_CATGCCTCAGAGTGTG	297.59753224262784	396.89903069348827	0.0	0.0	36.81981573518826
GSM4138111_HNSCC_1_TIL_GACCTGGTCAATAAGG	344.0726595580661	394.9342163432761	28.601022395968485	0.0	0.0
GSM4138111_HNSCC_1_TIL_ACCGTAAAGAGGGATA	188.56796428854653	543.4138001293517	66.87701570488842	0.0	42.08044339444354
GSM4138111_HNSCC_1_TIL_ACGTCAAGTAGTACCT	207.0404171668326	1013.5101066010682	180.71924730459162	84.82749759845329	45.66630388401677
GSM4138111_HNSCC_1_TIL_ACTGAACGTCTGGTCG	495.99474204525063	455.2492292257453	30.808682703787	118.50807093408682	17.07340435710475
GSM4138111_HNSCC_1_TIL_AGGTCATGTCGCTTTC	361.5809709461305	650.0168526236139	0.0	0.0	0.0
GSM4138111_HNSCC_1_TIL_CCTCTGACACTTCTGC	292.3816618256962	493.3255758571157	90.19191404358152	0.0	48.18279815143957
GSM4138111_HNSCC_1_TIL_CTGCGGAGTTTAGCTG	25.48070633190404	753.9056404022804	55.20838175627952	0.0	0.0
GSM4138111_HNSCC_1_TIL_GAAACTCAGCTTTGGT	193.0629761644929	316.9775165054298	0.0	0.0	25.683171707565133
GSM4138111_HNSCC_1_TIL_GAAGCAGAGAAGATTC	223.68011816396523	345.04650119074427	36.777545034298065	1.0965689760930164	12.750490924473356
GSM4138111_HNSCC_1_TIL_GATCGCGTCTGGTTCC	367.0102284804318	992.5356847023667	162.1228584858967	218.55702211820633	40.01674019470307
GSM4138111_HNSCC_1_TIL_GCAGCCATCACTATTC	165.94886387348777	479.4689118771238	101.28767437726974	21.300685243310788	45.34076955459382
GSM4138111_HNSCC_1_TIL_GGGCATCGTAGATTAG	263.5429962668541	696.2484754971194	74.33769075559692	71.58712713346695	37.95641918027602
GSM4138111_HNSCC_1_TIL_GTGCTTCTCGCCAGCA	39.69483544819601	535.2982122324188	13.028470126884175	0.0	6.31831074299281
GSM4138111_HNSCC_1_TIL_TCGTAGAAGATAGCAT	202.55127308227173	432.45084661181806	73.82497129281677	0.0	0.0
GSM4138111_HNSCC_1_TIL_TGAAAGAGTGTTCTTT	440.3672497696671	1183.9296632656321	119.57692997932529	530.943889181129	55.61792037996825
GSM4138111_HNSCC_1_TIL_TGAGCATTCCAATGGT	32.164988626668624	543.0123329547467	120.54300941279494	0.0	30.358754440315042
GSM4138111_HNSCC_1_TIL_TTGACTTGTGGTTTCA	304.7053736726507	553.7785731786105	0.0	0.0	44.70168895779862
GSM4138111_HNSCC_1_TIL_TTGGCAACAAACCTAC	582.1476503792074	692.1478861064903	108.4142100727807	269.32908206844434	102.36074792636614
GSM4138111_HNSCC_1_TIL_AACACGTAGGAGTCTG	0.0	0.0	1126.305662386333	0.0	0.0
GSM4138111_HNSCC_1_TIL_ACGCCGACATGCGCAC	0.0	0.0	699.7418088354776	0.0	19.212554996503233
GSM4138111_HNSCC_1_TIL_ACGGAGACAGGGTACA	11.73004326270487	9.011990738083503	978.894859088436	2.8300280502100157	0.0
GSM4138111_HNSCC_1_TIL_ACGGGCTCAGGAATGC	26.05517673098227	374.154968495966	746.2563422665122	150.22506530891656	84.89367651181432
GSM4138111_HNSCC_1_TIL_ACGTCAAAGAGCTGCA	0.0	0.0	1195.5891589862931	0.0	0.0
GSM4138111_HNSCC_1_TIL_ACTATCTAGAGTACAT	0.0	0.0	1366.6429379492754	0.0	10.470005681080119
GSM4138111_HNSCC_1_TIL_ACTGAGTCACCCAGTG	0.0	0.0	1016.595907059088	0.0	9.375613070547802
GSM4138111_HNSCC_1_TIL_ACTTGTTCAATCCGAT	0.0	57.10272587377527	965.2309044178111	24.327160361840043	0.0
GSM4138111_HNSCC_1_TIL_AGATCTGCACTCAGGC	0.0	0.0	964.11441009381	0.0	0.0
GSM4138111_HNSCC_1_TIL_AGCAGCCCACATTAGC	0.0	81.23512097074581	681.1317257992301	0.0	5.730325908815068
GSM4138111_HNSCC_1_TIL_AGCTCCTTCACCTCGT	0.0	76.00787279593273	1037.2834275521902	28.183690086914517	3.9986430800173456
GSM4138111_HNSCC_1_TIL_AGGCCACGTCCTCTTG	47.50279488676421	20.312034606147638	1185.4781022005807	0.0	0.0
GSM4138111_HNSCC_1_TIL_AGGCCGTGTTTGACAC	26.803595269260004	43.0652171560619	769.3411479890451	4.043994920260329	37.02485748576346
GSM4138111_HNSCC_1_TIL_AGTAGTCCAGTTTACG	0.0	0.0	1107.2000234787397	0.0	0.0
GSM4138111_HNSCC_1_TIL_AGTGGGAGTGTCCTCT	0.0	145.19894522349637	717.0535380497328	88.16662149040057	19.689930960872438
GSM4138111_HNSCC_1_TIL_ATCACGACAAGGACTG	88.68399626550365	86.70648588487164	493.68053302489534	16.574082895214644	0.0
GSM4138111_HNSCC_1_TIL_ATGCGATAGAATTCCC	56.20476380622558	5.974899494566417	779.4330649897119	9.52672819970542	1.317339136927206
GSM4138111_HNSCC_1_TIL_ATGCGATGTAGCTGCC	0.0	0.0	1054.1688365652117	0.0	0.0
GSM4138111_HNSCC_1_TIL_ATTATCCAGTGTTAGA	0.0	87.60602197697865	989.2965940703964	0.0	0.0
GSM4138111_HNSCC_1_TIL_ATTCTACGTCGAATCT	21.342821278234887	0.0	1325.8667300497632	0.0	0.0
GSM4138111_HNSCC_1_TIL_ATTGGACAGCAATCTC	0.0	0.0	1017.59346249148	0.0	0.0
GSM4138111_HNSCC_1_TIL_CACATTTGTTGTTTGG	90.287332173234	211.3137232213516	1243.3265888030635	245.59564636314067	64.48868549383073
GSM4138111_HNSCC_1_TIL_CCCAGTTTCTCGTTTA	0.0	16.40303926184632	1392.3809326778426	48.57644763978336	0.0
GSM4138111_HNSCC_1_TIL_CCCATACAGACGCAAC	54.79189386301838	70.30433004024695	416.24195007981	74.51376329937905	26.248966184362292
GSM4138111_HNSCC_1_TIL_CCGTGGAAGGCATTGG	0.0	217.79525788120344	1061.8386822412672	88.62023061400022	50.27947176738233
GSM4138111_HNSCC_1_TIL_CCGTGGAAGTAACCCT	0.0	22.34387772666312	1023.1483622947128	0.0	35.22708057758356
GSM4138111_HNSCC_1_TIL_CCTAAAGTCTCCCTGA	33.8436930226161	0.0	978.5060228200416	50.87966117113484	0.0
GSM4138111_HNSCC_1_TIL_CCTTACGAGTGGCACA	0.0	0.0	1162.154780135983	0.0	0.0
GSM4138111_HNSCC_1_TIL_CGCTGGATCCTCAACC	0.0	0.0	852.4890649692003	44.58069557630023	5.441394722510601
GSM4138111_HNSCC_1_TIL_CGGAGTCCATCCGCGA	22.264069731320486	84.97051205409271	592.7227205621092	2.4257859282815972	0.0
GSM4138111_HNSCC_1_TIL_CGTCACTTCCCATTTA	0.0	67.8793580492722	617.9573030965848	25.185950475264654	7.751960509646878
GSM4138111_HNSCC_1_TIL_CTCGTCATCGATGAGG	39.62594275858686	0.0	1192.1309447274048	28.09532862795482	0.0
GSM4138111_HNSCC_1_TIL_CTGATCCAGCTGAACG	35.14937231263804	97.77957866147314	1049.2128118051342	162.54577052181583	53.79877627467835
GSM4138111_HNSCC_1_TIL_CTTAACTCATGGTCAT	0.0	164.2482556974422	1002.2890918886775	52.84098944862141	0.8712947689129363
GSM4138111_HNSCC_1_TIL_CTTACCGTCACAGTAC	28.987571124967506	0.0	926.7532250688489	8.472279695497274	0.0
GSM4138111_HNSCC_1_TIL_GAACGGATCTGAGTGT	0.0	32.16352521821346	841.5890268051704	0.0	0.0
GSM4138111_HNSCC_1_TIL_GACCAATCAAAGCGGT	0.0	0.0	1290.5576293222632	0.0	0.0
GSM4138111_HNSCC_1_TIL_GATCTAGGTCAAACTC	0.0	0.0	883.1492165536097	71.3582424610184	0.0
GSM4138111_HNSCC_1_TIL_GCAATCATCTCTAGGA	0.0	160.73336868463966	923.7648951766342	30.211249057757218	0.0
GSM4138111_HNSCC_1_TIL_GCAGCCACAAGTCTGT	31.188529715196946	0.0	1246.6742086629936	0.0	0.0
GSM4138111_HNSCC_1_TIL_GCAGTTATCTTCGAGA	162.05658459982226	209.88560123584477	799.3995069679215	269.4415903354245	21.091324182755418
GSM4138111_HNSCC_1_TIL_GCCTCTAAGCTAACTC	0.0	100.50826343714233	935.6579361125533	0.0	0.0
GSM4138111_HNSCC_1_TIL_GCGCCAAGTACAGTTC	0.0	0.0	1168.7861796985712	0.0	7.264253172043899
GSM4138111_HNSCC_1_TIL_GCTCTGTTCAACTCTT	0.0	0.0	1273.951077300901	0.0	0.0
GSM4138111_HNSCC_1_TIL_GCTGCGATCTCGAGTA	19.695444626413057	102.35877317547539	1274.1475621176655	39.34881266039467	37.16836072266705
GSM4138111_HNSCC_1_TIL_GCTTGAAGTGACCAAG	0.0	0.0	964.3866961951884	1.5237100631224294	0.0
GSM4138111_HNSCC_1_TIL_GGAATAACATCGACGC	0.0	209.69796084761353	1156.8884032353265	0.0	0.0
GSM4138111_HNSCC_1_TIL_GGACGTCTCCGTTGCT	0.0	27.122165377583222	1339.279187748695	0.0	0.0
GSM4138111_HNSCC_1_TIL_GGAGCAATCCGTAGGC	26.79840585357846	0.0	906.3550065949723	13.002185240445659	0.0
GSM4138111_HNSCC_1_TIL_GGCTGGTCACCAGCAC	0.0	0.0	985.723660858787	0.0	0.0
GSM4138111_HNSCC_1_TIL_GGGAGATAGGGTTCCC	0.0	0.0	1015.7569503882677	0.0	0.0
GSM4138111_HNSCC_1_TIL_GGGTTGCCAGCCAATT	19.613854516482284	163.3834898656012	620.615790277633	14.110613528819066	0.0
GSM4138111_HNSCC_1_TIL_GTAGTCACATCACGAT	0.0	0.0	1028.51063655941	2.8032956369724418	0.0
GSM4138111_HNSCC_1_TIL_GTATTCTCAACTGCTA	0.0	29.690987658631723	1025.0488845565544	0.0	0.0
GSM4138111_HNSCC_1_TIL_GTCACGGGTCTTGTCC	0.0	0.0	1141.995152357957	0.0	0.0
GSM4138111_HNSCC_1_TIL_GTCCTCATCCCTCAGT	219.1317292482267	372.4753093403751	1401.5594921615645	304.4251379822142	27.711420941476067
GSM4138111_HNSCC_1_TIL_GTGCATACATCACAAC	169.3572326604276	212.55703583912268	664.3685327810709	0.0	0.0
GSM4138111_HNSCC_1_TIL_GTGTGCGAGTGGGATC	0.0	0.0	1034.8444839554518	0.0	0.0
GSM4138111_HNSCC_1_TIL_GTTCATTGTGCCTGGT	0.0	731.7085190845727	915.1406810938238	196.92212662458064	7.506663407845636
GSM4138111_HNSCC_1_TIL_GTTCATTTCATGTAGC	0.0	0.0	1180.6516044761693	0.0	0.0
GSM4138111_HNSCC_1_TIL_TAAGCGTTCGGATGGA	0.0	0.0	1012.2011020138854	0.0	0.0
GSM4138111_HNSCC_1_TIL_TACGGATGTCGTGGCT	0.0	0.0	906.9698972102192	0.0	0.0
GSM4138111_HNSCC_1_TIL_TATCAGGTCTACCAGA	0.0	48.22526624867031	868.0149159348103	0.0	3.0191975640698265
GSM4138111_HNSCC_1_TIL_TCGCGAGTCCGCATAA	0.0	0.0	996.3130237415961	17.437844638792193	0.0
GSM4138111_HNSCC_1_TIL_TGACTAGAGCGTAATA	0.0	0.0	871.6410241360669	0.0	0.0
GSM4138111_HNSCC_1_TIL_TGCTACCCACTGTCGG	255.21346465924537	215.24907241911595	313.5014587395401	24.76773779406255	0.0
GSM4138111_HNSCC_1_TIL_TTGCCGTCAAGACACG	0.0	0.0	1308.4556853340616	0.0	11.660245378819589
GSM4138111_HNSCC_1_TIL_TTGTAGGCACAGGAGT	16.36714103353255	233.94907106464285	592.6286617919428	37.80749191680968	0.0
GSM4138111_HNSCC_1_TIL_ACACCAAAGACTACAA	474.2289493018805	302.4890156193873	0.0	0.0	0.0
GSM4138111_HNSCC_1_TIL_CTCATTAAGCTCCTTC	524.0260612339649	327.3218942140766	25.827948252963132	0.0	0.0
GSM4138111_HNSCC_1_TIL_TAGTGGTGTACCATCA	509.0145925471362	259.54228400343817	0.0	0.0	0.0
GSM4138111_HNSCC_1_TIL_TTATGCTTCCGATATG	386.0227217877327	290.9089656007145	0.0	0.0	0.0
GSM4138111_HNSCC_1_TIL_ATCCGAATCAACACTG	48.752339360134094	512.2800793430391	0.0	5.891071937631169	16.282878489703457
GSM4138111_HNSCC_1_TIL_CGTCTACTCTGGCGAC	844.7590730838549	1250.1957533207471	114.2132495897989	185.61110694870925	0.0
GSM4138111_HNSCC_1_TIL_GTTTCTAAGGAGTTTA	248.4234582158685	389.5910920655966	0.0	1.9736336867334006	0.0
GSM4138111_HNSCC_1_TIL_AAACGGGTCTTGCCGT	1034.7459423712596	774.7862835546123	29.537055438656367	772.991370645369	9.134611893868769
GSM4138111_HNSCC_1_TIL_AAAGATGAGCTAGTCT	53.83834860595391	975.6146276952695	27.94936093994335	0.0	0.0
GSM4138111_HNSCC_1_TIL_AACTGGTTCCTCATTA	1213.7614351908987	3401.6295331073507	0.0	0.0	0.0
GSM4138111_HNSCC_1_TIL_ACACTGACATTAACCG	629.1033058694138	1093.8034291290826	0.0	0.0	0.0
GSM4138111_HNSCC_1_TIL_ACCTTTATCAATCACG	0.0	2202.973330368998	340.4365353619084	512.5935613369353	133.6087337229165
GSM4138111_HNSCC_1_TIL_AGCTTGAAGAGGACGG	347.2911934301394	672.9364149525186	109.6182459397054	305.05845896430526	0.0
GSM4138111_HNSCC_1_TIL_ATGCGATAGACGCTTT	313.1030677440261	1732.789975692008	70.87407013798273	741.2215122944089	19.91704612272739
GSM4138111_HNSCC_1_TIL_ATTGGACAGACACTAA	114.88279606075153	1025.1146808839808	4.629181527294219	277.5097976740074	0.0
GSM4138111_HNSCC_1_TIL_ATTGGACAGCTAGGCA	232.7719066249373	1581.5605899889035	65.2951712303919	155.7108753803341	89.59506388315754
GSM4138111_HNSCC_1_TIL_CAACTAGAGACTTTCG	375.0949962508634	757.1781199195271	66.998090656624	437.2221757851872	22.977933104943048
GSM4138111_HNSCC_1_TIL_CAGCTAACAGTATGCT	47.267665568967814	1045.2242884585405	197.2014646921627	28.352358978180014	62.707939848793885
GSM4138111_HNSCC_1_TIL_CATTCGCCAAGGACAC	165.08816849930056	1061.1111031372093	0.0	392.19807991160064	0.0
GSM4138111_HNSCC_1_TIL_CCCTCCTAGCCGTCGT	9.86977369147137	1140.5696907073304	0.0	72.52423496803574	17.41908995251503
GSM4138111_HNSCC_1_TIL_CCTTCCCGTCCCGACA	338.67887798668676	623.359952004296	23.61771551761511	474.65169173832885	0.0
GSM4138111_HNSCC_1_TIL_CGTGAGCGTATCAGTC	222.0454923077863	493.9713953873553	52.3780176185685	91.64865469966772	5.557283712003733
GSM4138111_HNSCC_1_TIL_CGTGTAAAGCCAGGAT	728.9745109688755	1134.4071060995611	54.41632398639554	25.7510456293938	0.0
GSM4138111_HNSCC_1_TIL_CTAGCCTCAGCTTCGG	35.35218443875025	3367.1943205700613	95.35483628944195	486.618759932348	0.0
GSM4138111_HNSCC_1_TIL_CTCAGAAAGTGCTGCC	109.38961896667806	467.9047115940799	31.649337357285955	60.81302868863327	33.20040751179329
GSM4138111_HNSCC_1_TIL_CTCAGAAGTCAAGCGA	222.89029331173688	1516.3641181478993	145.31378048967122	556.8386208192136	8.326131095925989
GSM4138111_HNSCC_1_TIL_CTCGAAAAGGCCCTCA	487.3888030614997	580.6928486215363	0.0	0.0	0.0
GSM4138111_HNSCC_1_TIL_GAAATGAAGGATATAC	174.29346182903447	733.7334995523445	26.365256141092043	272.63578418446315	12.556959532565738
GSM4138111_HNSCC_1_TIL_GGCAATTTCCCACTTG	494.31512323623093	1039.6544414843306	0.0	0.0	17.740151905507922
GSM4138111_HNSCC_1_TIL_GGTGCGTGTCTAACGT	91.17597310939883	1449.9095856505342	43.771888391561085	49.69237655611513	0.95498021977248
GSM4138111_HNSCC_1_TIL_GTAGGCCAGATGTGTA	0.0	1272.0516055001676	0.0	84.96131558424227	0.0
GSM4138111_HNSCC_1_TIL_GTCCTCAAGTGCCAGA	975.3463286305705	2168.1787803662814	0.0	0.0	0.0
GSM4138111_HNSCC_1_TIL_TAAGTGCGTCAAAGCG	773.5128489420147	1525.0018146754724	0.0	309.6638388437294	91.50848072726129
GSM4138111_HNSCC_1_TIL_TAGCCGGCAGGTGGAT	203.21476470880583	3022.46952318583	188.7009815056717	17.51226966648085	30.8405928208045
GSM4138111_HNSCC_1_TIL_TAGGCATTCCACGTGG	190.25606471145593	862.9505646149871	13.344992251629956	118.15142807124609	27.387512610480098
GSM4138111_HNSCC_1_TIL_TCGGGACGTCACTTCC	166.84078896812096	1173.5105095247875	210.40534211827148	750.1246244899863	46.26510989534706
GSM4138111_HNSCC_1_TIL_TGCACCTGTCTCCACT	30.533663286317843	763.4703212887852	271.61057258819477	28.781453380380334	126.55522639526114
GSM4138111_HNSCC_1_TIL_TGCGCAGTCTTGTCAT	940.4211218810226	1840.1644310056306	0.0	75.38670469018703	17.278386306295616
GSM4138111_HNSCC_1_TIL_TGTCCCAAGAGGTTGC	678.7776351882724	925.3134986116424	0.0	206.28447109167737	10.349327238756967
GSM4138111_HNSCC_1_TIL_ATTGGTGGTGAAGGCT	76.84676743008217	541.8434397986515	405.69685359299496	317.6234093010008	26.79596126274047
GSM4138111_HNSCC_1_TIL_CAGAATCGTGTGTGCC	0.0	456.13074325934014	420.62384660387636	132.96614544096207	0.0
GSM4138111_HNSCC_1_TIL_CGTCTACAGCGATCCC	0.0	800.3158550836574	468.7489809672276	98.1887060926355	43.69570487940751
GSM4138111_HNSCC_1_TIL_TGCGGGTTCTTGCAAG	9.521661290052592	660.3152964675044	336.4651915895028	149.0681892286152	0.0
GSM4138111_HNSCC_1_TIL_ACCGTAACAACACCTA	0.0	2184.1410425985655	0.0	0.0	0.0
GSM4138111_HNSCC_1_TIL_ACGGGTCAGCAATCTC	0.0	1497.3813437892488	0.0	0.0	0.0
GSM4138111_HNSCC_1_TIL_CTAGCCTAGAGTCGGT	0.0	4368.185790965944	0.0	0.0	14.17338530256925
GSM4138111_HNSCC_1_TIL_TGACTAGAGCCTCGTG	549.8217999430415	1838.1049083557214	0.0	0.0	0.0
GSM4138111_HNSCC_1_TIL_AGTGGGACAACTGCGC	1713.6780790049193	0.0	0.0	0.0	0.0
GSM4138111_HNSCC_1_TIL_CAGCGACTCCACGAAT	633.3084864208919	563.6722572294483	41.96440922224417	594.8860139878238	82.98447613862336
GSM4138111_HNSCC_1_TIL_CCTATTAAGAATCTCC	1611.4243984507364	0.0	0.0	0.0	0.0
GSM4138111_HNSCC_1_TIL_CCTCTGAAGTCTTGCA	1286.5087789836043	99.99375446312236	0.0	343.54823424374325	0.0
GSM4138111_HNSCC_1_TIL_CTAGCCTCACGAAAGC	3765.861777860102	0.0	0.0	253.8627447482931	104.13044588559075
GSM4138111_HNSCC_1_TIL_GATGAAAGTGCAACTT	1931.6355741744462	190.70992419090757	85.71240160981107	132.9786227431038	52.72439407522343
GSM4138111_HNSCC_1_TIL_GCGGGTTTCTTTACGT	1309.3349524610674	151.14148781942296	70.90701666867085	78.52083085886753	1.8395107099593146
GSM4138111_HNSCC_1_TIL_TCAGGTATCAGTGTTG	1202.6650862541653	45.79793099731306	0.0	0.0	0.0
GSM4138111_HNSCC_1_TIL_TCGGGACAGATGAGAG	1626.5660919134264	0.0	0.0	0.0	0.0
GSM4138111_HNSCC_1_TIL_TGCGCAGAGCGCCTCA	1212.2790343116224	436.118118775264	182.01257569828445	431.8042626683208	8.572609444971736
GSM4138111_HNSCC_1_TIL_AACCGCGCACACTGCG	0.0	0.0	0.0	2015.4477717638056	0.0
GSM4138111_HNSCC_1_TIL_ACACTGATCATGCATG	58.74449892969751	0.0	0.0	2217.321043741894	0.0
GSM4138111_HNSCC_1_TIL_AGTAGTCTCTGTCCGT	154.61641516537702	334.3295571110052	0.0	1246.3224334250635	0.0
GSM4138111_HNSCC_1_TIL_ATCCGAAGTGTTAAGA	0.0	0.0	0.0	1291.604503980711	0.0
GSM4138111_HNSCC_1_TIL_CATCGGGCAAGACACG	0.0	9.141266995588323	130.41600044015573	1986.1526791696413	0.0
GSM4138111_HNSCC_1_TIL_CCCTCCTTCCCACTTG	131.1606555448685	843.9260374059197	0.0	1253.8840002051766	0.0
GSM4138111_HNSCC_1_TIL_CGGACTGTCGCTTGTC	0.0	0.0	0.0	1526.8446424308393	0.0
GSM4138111_HNSCC_1_TIL_CTGATAGAGACTGGGT	0.0	0.0	0.0	894.3740196740532	5.469090207450134
GSM4138111_HNSCC_1_TIL_GACGTTAAGGCTACGA	0.0	227.8513701682833	0.0	549.4124766380031	0.0
GSM4138111_HNSCC_1_TIL_GCGCGATTCGCCTGAG	306.5044680284035	44.988117800572816	0.0	2029.590129283628	0.0
GSM4138111_HNSCC_1_TIL_GCTTCCAGTCTAGTGT	71.81088780248673	281.8280133117061	0.0	830.3321376182845	9.797951902078989
GSM4138111_HNSCC_1_TIL_GCTTCCAGTTGCTCCT	0.0	0.0	2.2069487423576883	1970.6048538929274	0.0
GSM4138111_HNSCC_1_TIL_GGACGTCGTCCTCCAT	0.0	190.39550658492303	466.46036935858524	1642.5056815784988	91.44700566515789
GSM4138111_HNSCC_1_TIL_GGGTCTGTCTATCCTA	0.0	0.0	0.0	4654.416509597841	18.541482841495373
GSM4138111_HNSCC_1_TIL_GTTACAGCAATGTTGC	0.0	114.65935331163818	0.0	1864.4404622195873	0.0
GSM4138111_HNSCC_1_TIL_TACGGGCAGTGGGATC	0.0	0.0	0.0	931.9962434610696	0.0
GSM4138111_HNSCC_1_TIL_TACGGGCTCTACTATC	0.0	0.0	0.0	1292.2333519332587	0.0
GSM4138111_HNSCC_1_TIL_TGTGGTAGTTACGTCA	100.70022902753341	128.05339377660582	35.99677069658636	462.73744146095396	0.0
GSM4138111_HNSCC_1_TIL_GTGGGTCGTACGACCC	0.0	648.5800100960593	28.46704641542135	0.0	440.49132306534426
GSM4138111_HNSCC_1_TIL_AACTCCCTCTCTTGAT	0.0	20.976284240003196	8.82896943638733	109.50688085568451	1542.4169742970487
GSM4138111_HNSCC_1_TIL_AAGTCTGGTCTTTCAT	0.0	48.857979958598115	0.0	35.00382909951963	737.5865723160877
GSM4138111_HNSCC_1_TIL_ACACCAAAGCTACCTA	27.86180219813944	104.33496130912468	49.20443600300543	0.0	897.2381177774398
GSM4138111_HNSCC_1_TIL_ACCGTAATCGGCATCG	223.85370980710493	23.324272726531316	0.0	21.113265911509917	1356.940269489403
GSM4138111_HNSCC_1_TIL_AGATTGCCATACCATG	0.0	0.0	10.033176778211534	1.9607547338232418	940.7350215629305
GSM4138111_HNSCC_1_TIL_AGTAGTCGTAGGGTAC	0.0	0.0	59.31295168317161	0.0	1033.8495902111686
GSM4138111_HNSCC_1_TIL_CATCGGGGTATTCGTG	0.0	0.0	0.0	0.0	1690.752179971776
GSM4138111_HNSCC_1_TIL_CCGGTAGTCACCGTAA	0.0	1058.4044945649252	0.0	0.0	1155.0078058307815
GSM4138111_HNSCC_1_TIL_CCTCAGTAGATCCCGC	0.0	14.241653885675094	0.0	0.0	861.4429593389121
GSM4138111_HNSCC_1_TIL_CGGACTGAGGGTTCCC	14.31075275184186	0.0	11.57231830954327	0.0	754.669617216722
GSM4138111_HNSCC_1_TIL_CGTGTAAAGAGGTTAT	20.82701091228423	0.0	0.0	0.0	1135.2715040809003
GSM4138111_HNSCC_1_TIL_CTCGTACAGCAATATG	9.548329704811389	0.0	58.77489688451457	0.0	972.1904688561285
GSM4138111_HNSCC_1_TIL_GACTACACAACGATCT	181.20619638089525	108.25734454374	20.046730483140518	132.9246156481493	1117.3248098841686
GSM4138111_HNSCC_1_TIL_GATCTAGCAGCTCCGA	0.0	43.913464994175015	0.0	31.726352813002613	550.4220210630223
GSM4138111_HNSCC_1_TIL_GCAGCCATCAAACAAG	0.0	77.75610118392834	0.0	0.0	1573.782000095837
GSM4138111_HNSCC_1_TIL_GCTCCTAGTACGAAAT	0.0	0.0	14.556757861686899	0.0	1011.62023791404
GSM4138111_HNSCC_1_TIL_GGCAATTGTTGAGTTC	13.591881733443634	6.143571711653302	0.0	0.0	821.6502252735902
GSM4138111_HNSCC_1_TIL_GTACTTTGTGCATCTA	41.177153733844605	72.45942152626665	0.0	8.515989788572833	510.2593729426926
GSM4138111_HNSCC_1_TIL_GTCAAGTAGTCCCACG	0.0	0.0	8.689034781252852	10.457170571650932	881.1573898992723
GSM4138111_HNSCC_1_TIL_GTCAAGTGTATATGGA	0.0	0.0	0.0	3.3648406268108233	1021.2308310547332
GSM4138111_HNSCC_1_TIL_GTTCTCGCACGCCAGT	34.30611587259436	229.6749313178515	39.6432849511292	100.2296866047746	461.2190263478505
GSM4138111_HNSCC_1_TIL_GTTCTCGTCCTGTACC	0.0	0.0	0.0	0.0	927.7488242977337
GSM4138111_HNSCC_1_TIL_TATCAGGCAGCCAGAA	16.116306954162162	8.380058605803859	39.13553236394743	16.010513386199026	622.1259844444469
GSM4138111_HNSCC_1_TIL_TCAGCTCGTACCGTAT	0.0	15.758894316094747	0.0	0.0	1688.4606380608034
GSM4138111_HNSCC_1_TIL_TCTTCGGCACATCTTT	6.973992756293305	0.0	0.0	0.0	834.1096143108796
GSM4138111_HNSCC_1_TIL_TGAGAGGTCGGCGGTT	26.759484828004595	0.0	45.075903040793705	11.73115019016725	1390.00271136007
GSM4138111_HNSCC_1_TIL_TGCACCTTCTTTACAC	4.703078997646068	41.764127558387194	0.0	0.0	970.922301367173
GSM4138111_HNSCC_1_TIL_TTAGTTCTCTTCATGT	0.0	0.0	0.0	0.0	1075.6061824241553
GSM4138111_HNSCC_1_TIL_TTTACTGTCTTGACGA	0.0	0.0	2.5052664599545857	0.0	1243.8779056659348
GSM4138111_HNSCC_1_TIL_ATCTGCCCATGCCCGA	0.0	805.5477672938569	42.242160130497254	67.7846011363135	0.0
GSM4138111_HNSCC_1_TIL_CAACCTCGTAGCTCCG	41.344216205660594	544.6196611574734	35.704194460732374	2.6079355527457215	0.0
GSM4138111_HNSCC_1_TIL_CATCGGGAGCTAGTTC	31.231326462712655	888.1898881883634	31.462422704034676	1.3525847927643644	0.0
GSM4138111_HNSCC_1_TIL_CCACGGACAGATGAGC	0.0	2088.0154646117608	17.53440846082764	0.0	0.0
GSM4138111_HNSCC_1_TIL_CGGCTAGTCGGAAACG	0.0	451.7647603434207	19.809829629604128	10.506971931576025	0.0
GSM4138111_HNSCC_1_TIL_CGTCTACGTCCGAACC	0.0	698.3183212133873	2.149509795906824	0.0	0.0
GSM4138111_HNSCC_1_TIL_CGTCTACGTGTGAATA	0.0	1010.6188174729938	129.7571054362461	21.911660181947855	0.0
GSM4138111_HNSCC_1_TIL_CGTTCTGGTCCAGTAT	0.0	2201.5810690489902	15.902148850563856	541.809190538223	30.786928434592053
GSM4138111_HNSCC_1_TIL_CTCGTCAGTTGCTCCT	0.0	1072.159825346273	64.68053833280976	117.50505175502792	36.63339020399361
GSM4138111_HNSCC_1_TIL_CTTAGGAAGACAAGCC	0.0	1053.1064652505788	47.645666042757824	2.3138547446352002	0.0
GSM4138111_HNSCC_1_TIL_CTTGGCTCATAGTAAG	0.0	1287.7203407178536	0.0	0.0	24.362933748907558
GSM4138111_HNSCC_1_TIL_GAAACTCTCAACACAC	0.0	888.2717793502424	31.38456458150214	53.86994992820374	10.59100399551465
GSM4138111_HNSCC_1_TIL_GATTCAGGTGAGCGAT	15.015549592478921	568.3063025660848	14.850818029870183	0.9350936309650798	0.0
GSM4138111_HNSCC_1_TIL_GGATTACAGTTGCAGG	0.0	1592.2036890152629	94.15611555118087	56.15104167682814	49.90168525590386
GSM4138111_HNSCC_1_TIL_GGTGAAGTCATCTGCC	0.0	1355.0335836388256	64.62465991178257	0.0	0.0
GSM4138111_HNSCC_1_TIL_GTGAAGGGTATATGAG	0.0	1938.7676313162458	91.2295684959781	127.61778629597232	0.0
GSM4138111_HNSCC_1_TIL_GTTTCTAAGCCAGAAC	0.0	788.5631156639237	44.579998224204935	13.562199254654422	0.0
GSM4138111_HNSCC_1_TIL_TAAGAGACATCGGTTA	3.114179671741919	1158.8567635837949	137.8491936084776	160.09390925091225	2.3176164800033616
GSM4138111_HNSCC_1_TIL_TATTACCGTTGTTTGG	0.0	2118.0496333143724	7.255794460707473	0.0	0.0
GSM4138111_HNSCC_1_TIL_TGGTTAGAGTTTAGGA	0.0	939.610972228617	124.77072804351667	22.570875346278786	0.0
GSM4138111_HNSCC_1_TIL_TTGACTTCATCGACGC	0.0	1121.8662202712792	0.0	0.0	0.0
