	1	2	3	4	5	6	7	8	9	10	11	12	13	14	15	16	17	18	19	20	21	22	23	24	25	26	27	28
GSM4138111_HNSCC_1_TIL_AACTCCCGTCATATCG	138.63075480600517	64.72809009229577	48.94565100562532	91.80562584633567	0.0	8.462738686182872	0.0	24.585968767294528	0.0	30.537191430628244	0.0	0.0	0.0	0.0	0.0	0.0	0.0	68.32540207175522	0.0	0.0	0.0	0.0	0.0	0.0	0.0	0.0	0.0	0.0
GSM4138111_HNSCC_1_TIL_AGTGGGATCACCCGAG	209.87331552716478	60.71336652888079	54.67852957172501	58.86879157734133	0.0	1.566632272684071	0.0	44.20690910520015	0.0	0.0	0.0	0.0	0.0	0.0	0.0	0.0	0.0	0.6987420431959879	0.0	0.0	0.0	0.0	0.0	0.0	0.0	0.0	0.0	0.0
GSM4138111_HNSCC_1_TIL_ATCCGAAGTCGTTGTA	123.48100525658748	79.04505028159852	58.51004786706967	77.84398227557172	0.0	9.735330006927057	0.0	0.0	28.71148026787126	0.0	0.0	0.0	73.91452834393134	0.0	13.226158528455624	0.0	0.0	0.0	0.0	0.0	0.0	0.0	0.0	0.0	0.0	0.0	0.0	0.0
GSM4138111_HNSCC_1_TIL_CAGCGACAGGGATGGG	83.53298322037229	56.52916006701836	35.7389127630665	89.63904411448416	0.0	4.215979258143217	0.0	178.33579308930962	0.0	0.0	0.0	0.0	0.0	0.0	0.0	0.0	0.0	0.0	0.0	0.0	0.0	0.0	0.0	0.0	0.0	0.0	0.0	0.0
GSM4138111_HNSCC_1_TIL_CGGACACTCATATCGG	138.56831318873358	63.80926756249078	63.86101707609581	75.90145316708978	0.0	27.450310714712558	0.0	0.0	0.0	0.0	0.0	0.0	38.30777007458259	0.0	90.00397083965758	0.0	0.0	0.0	0.0	0.0	0.0	0.0	0.0	0.0	0.0	0.0	0.0	0.0
GSM4138111_HNSCC_1_TIL_TAGTTGGGTCTCCACT	83.3664804359552	51.8818451735786	38.73774704590142	73.67661843994547	0.0	15.238783635667703	0.0	0.0	0.42773631785039856	0.0	0.0	0.0	0.0	0.0	111.40527255834265	0.0	0.0	0.0	0.0	0.0	0.0	0.0	0.0	0.0	0.0	0.0	0.0	0.0
GSM4138111_HNSCC_1_TIL_AAAGATGAGCATGGCA	212.4884513525205	61.77636464291023	63.14213682987102	50.858523400986954	60.22535048633015	10.024364210292386	83.87400451541097	0.0	0.0	0.0	0.0	0.0	0.0	0.0	0.0	0.0	0.0	0.0	0.0	0.0	0.0	0.0	0.0	0.0	0.0	0.0	0.0	0.0
GSM4138111_HNSCC_1_TIL_AGCAGCCTCCTACAGA	200.17054334592999	34.6209251204868	19.872601522616133	101.44399168931288	0.0	8.075739687329426	114.76381742780364	0.0	0.0	0.0	0.0	0.0	0.0	0.0	0.0	0.0	0.0	0.0	0.0	0.0	0.0	0.0	0.0	0.0	0.0	0.0	0.0	0.0
GSM4138111_HNSCC_1_TIL_AGGTCATTCAAGCCTA	167.523118859564	74.92257946743324	70.89440937681957	80.6014430256379	0.0	5.823704820148229	0.0	48.354830119114474	0.0	0.0	0.0	0.0	0.0	0.0	0.0	0.0	56.83002473428903	0.0	0.0	0.0	0.0	0.0	0.0	0.0	0.0	0.0	0.0	0.0
GSM4138111_HNSCC_1_TIL_ATGCGATGTGATGTCT	272.2990718834465	167.73182861373581	326.42513370856284	0.0	291.30763825255593	8.505538395290596	0.0	0.0	140.0597216790283	109.70506608554732	0.0	0.0	0.0	0.0	0.0	0.0	0.0	0.0	0.0	0.0	0.0	0.0	0.0	0.0	0.0	0.0	0.0	0.0
GSM4138111_HNSCC_1_TIL_CCAGCGATCACTTCAT	281.3770397169014	48.83059042583498	3.884885929173576	208.31155427013732	0.0	12.764490389158686	0.0	0.0	0.0	0.0	0.0	0.0	0.0	0.0	34.599097120420154	0.0	0.0	0.0	0.0	16.066922767461634	0.0	39.31684802431272	0.0	23.11955806927044	17.531365707560976	0.0	0.0	0.0
GSM4138111_HNSCC_1_TIL_CCCATACGTCTGATTG	109.82182476006702	56.34066907427257	88.72729965208524	0.0	108.78408028480999	10.806298598968533	0.0	0.0	0.0	0.0	0.0	0.0	0.0	0.0	0.0	0.0	0.0	0.0	0.0	144.6504213570624	0.0	0.0	0.0	0.0	0.0	0.0	0.0	0.0
GSM4138111_HNSCC_1_TIL_CGTTAGAGTTTACTCT	276.6449709650646	134.21932881216512	120.61857979991434	104.65179377187206	0.0	14.135013728278215	0.0	193.75233260594973	0.0	0.0	0.0	0.0	0.0	0.0	0.0	0.0	0.0	0.0	0.0	0.0	0.0	0.0	0.0	0.0	0.0	0.0	0.0	0.0
GSM4138111_HNSCC_1_TIL_CTAGCCTAGGTCATCT	351.42478675130235	73.07086900220153	78.0970179666649	90.04941600623121	31.02684370577104	11.940253296383204	126.85638555799541	0.0	0.0	72.06354538452317	0.0	0.0	0.0	0.0	0.0	0.0	0.0	0.0	0.0	0.0	0.0	0.0	0.0	0.0	0.0	0.0	0.0	0.0
GSM4138111_HNSCC_1_TIL_CTCGTACTCAGCCTAA	207.5203885329639	49.940765586581335	35.98082459026003	64.57087998327623	3.0412333620277323	3.467801335200802	63.65472794185012	0.0	0.0	85.05081814808604	0.0	0.0	0.0	0.0	0.0	0.0	0.0	0.0	0.0	0.0	0.0	0.0	0.0	0.0	0.0	0.0	0.0	0.0
GSM4138111_HNSCC_1_TIL_GAAATGATCTAACCGA	403.22121475343255	181.51203615564538	235.22225545085078	335.50572565347716	27.392239753511813	29.157936789353965	0.0	0.0	0.0	0.0	0.0	0.0	284.433647891681	0.0	150.1770087736339	0.0	0.0	0.0	0.0	0.0	0.0	0.0	0.0	0.0	0.0	0.0	0.0	0.0
GSM4138111_HNSCC_1_TIL_GGCCGATAGAAGCCCA	122.54608972564495	59.12286945158612	38.24489032527056	61.332541363283795	0.0	26.980400665786366	26.98056268746351	0.0	0.0	89.87654041023595	0.0	0.0	0.0	0.0	0.0	0.0	0.0	0.0	0.0	0.0	0.0	0.0	0.0	0.0	0.0	8.487608814378628	0.0	0.0
GSM4138111_HNSCC_1_TIL_GGCCGATAGCCCTAAT	262.7931526743312	133.06204886078547	103.4388440776314	216.93786719186664	0.0	11.457392937150974	0.0	0.0	201.80325723542023	30.300200741107098	0.0	0.0	51.581398527670224	0.0	0.0	0.0	0.0	0.0	0.0	0.0	0.0	0.0	0.0	0.0	0.0	0.0	0.0	0.0
GSM4138111_HNSCC_1_TIL_GGCGACTAGTTTCCTT	129.37144878402526	9.243631510068752	38.88354198460056	64.00168491986712	0.0	3.0993645615676475	0.0	0.0	0.0	10.232210417608565	0.0	0.0	0.0	0.0	16.67560508582374	0.0	0.0	127.55073531886767	0.0	0.0	0.0	0.0	0.0	0.0	1.3347231288121906	0.0	0.0	0.0
GSM4138111_HNSCC_1_TIL_GGGACCTAGTTAGGTA	407.9504157236229	102.99883208085993	229.38760662822966	0.0	401.02834163996295	8.980931857702947	0.0	0.0	0.0	0.0	0.0	0.0	0.0	0.0	0.0	0.0	0.0	0.0	0.0	0.0	0.0	0.0	0.0	322.10365840670084	0.0	0.0	0.0	0.0
GSM4138111_HNSCC_1_TIL_GTCAAGTTCAGCACAT	200.7913882615736	78.53008062567979	85.48492882131059	49.37373112443224	64.98732279749288	4.289249423352773	0.0	0.0	0.0	158.17229022840291	0.0	0.0	0.0	0.0	0.0	0.0	0.0	0.0	20.794780864660343	0.0	0.0	0.0	0.0	0.0	0.0	0.0	0.0	0.0
GSM4138111_HNSCC_1_TIL_TAAACCGTCCAGTATG	308.7810215417382	66.25946212651765	57.51053906551078	0.0	124.0074487226984	20.704042987697793	0.0	0.0	144.75724091053775	0.0	0.0	0.0	68.4255483280806	0.0	0.0	0.0	0.0	0.0	0.0	0.0	0.0	0.0	0.0	0.0	0.0	0.0	0.0	0.0
GSM4138111_HNSCC_1_TIL_TATGCCCGTCTCATCC	195.0506200777865	21.982944654365784	33.971898876598885	98.13309618736893	0.0	0.8444987890918738	0.0	0.0	12.648871806305731	0.0	0.0	0.0	0.0	0.0	0.0	0.0	0.0	0.0	0.0	0.0	0.0	130.43314110750376	0.0	0.0	0.0	0.0	0.0	0.0
GSM4138111_HNSCC_1_TIL_TTTACTGAGTAGGCCA	213.31393786531552	59.007838202869294	84.69742474132107	280.48603267018353	0.0	25.17727758675352	107.96973327927374	0.0	0.0	9.850791035929086	0.0	0.0	0.0	0.0	0.0	0.0	0.0	0.0	0.0	0.0	0.0	0.0	0.0	0.0	0.0	0.0	0.0	0.0
GSM4138111_HNSCC_1_TIL_AACTTTCTCGCCAAAT	371.7063795509774	150.54449000931896	100.44848129895331	400.0062081770812	0.0	34.80649022899755	0.0	0.0	0.0	0.0	0.0	0.0	0.0	226.8697892293222	0.0	120.15977835460822	0.0	0.0	0.0	0.0	0.0	0.0	0.0	0.0	0.0	0.0	0.0	0.0
GSM4138111_HNSCC_1_TIL_ACATCAGGTGTTCTTT	193.52710419273316	41.13452884056876	74.6510815516301	169.7997002139392	0.0	0.7422100757875632	0.0	191.89531655432398	0.0	0.0	0.0	0.0	0.0	0.0	0.0	0.0	0.0	0.0	0.0	0.0	0.0	0.0	0.0	0.0	0.0	0.0	0.0	0.0
GSM4138111_HNSCC_1_TIL_ACGATACCACATTCGA	384.6486559513259	143.6408542653109	94.33878719577864	214.18532957792414	100.85462767616569	0.0	265.11880843434216	0.0	0.0	141.97329169400842	0.0	0.0	0.0	0.0	0.0	0.0	0.0	0.0	0.0	0.0	0.0	0.0	0.0	0.0	0.0	0.0	0.0	0.0
GSM4138111_HNSCC_1_TIL_ACGGCCAAGGGTCGAT	145.09952986034793	86.65095892889192	6.1358428089057515	0.0	162.2904737958862	6.86147421267179	0.0	0.0	0.0	66.59588456231117	0.0	0.0	20.97369849690264	0.0	0.0	0.0	0.0	0.0	11.294671942936185	22.80761858693598	0.0	0.0	0.0	6.643709865896055	0.0	0.0	0.0	0.0
GSM4138111_HNSCC_1_TIL_ACTGAGTTCTCTGTCG	191.23477559143512	62.858378580478984	71.8870432006947	122.87638058119944	0.0	8.810340195705278	0.0	0.0	192.4068431062911	0.0	0.0	0.0	0.0	0.0	0.0	0.0	0.0	0.0	0.0	0.0	0.0	0.0	0.0	0.0	46.448089354675396	0.0	0.0	0.0
GSM4138111_HNSCC_1_TIL_ACTTTCATCCCACTTG	254.16853625313348	96.6942448565035	236.79609521912	50.91484115784174	137.68015436766328	19.483027540290422	0.0	0.0	0.0	0.0	0.0	0.0	0.0	0.0	48.87878519681245	0.0	0.0	0.0	176.1890721809384	0.0	0.0	0.0	0.0	0.0	0.0	12.752569644132608	0.0	0.0
GSM4138111_HNSCC_1_TIL_AGCAGCCGTGAACCTT	112.6789227809382	51.82320389585689	82.61962832640947	0.0	95.88871030548941	3.6465549550434835	0.0	0.0	0.0	0.0	0.0	0.0	0.0	142.72359783376575	0.0	0.0	0.0	0.0	0.0	0.0	0.0	0.0	0.0	0.0	0.0	0.0	0.0	0.0
GSM4138111_HNSCC_1_TIL_AGGGATGTCGCCGTGA	266.2650501323384	36.45215056857837	26.464706477061355	76.14061217775347	0.0	3.4192200124250083	0.0	0.0	0.0	0.0	0.0	0.0	0.0	0.0	0.0	0.0	0.0	0.0	0.0	0.0	88.55712616358882	0.0	0.0	0.0	0.0	0.0	0.0	0.0
GSM4138111_HNSCC_1_TIL_ATCATCTGTAGCGTGA	330.29667370650276	114.92705484626869	89.59448865988479	351.53692534831345	0.0	6.340607127574845	0.0	0.0	0.0	0.0	22.34575845148941	0.0	0.0	0.0	0.0	80.27919582470727	0.0	0.0	0.0	0.0	0.0	0.0	110.46285608060093	0.0	0.0	0.0	38.70057991967465	0.0
GSM4138111_HNSCC_1_TIL_ATCGAGTTCATTATCC	231.74228527031704	64.59465959786299	135.904645093807	254.21514326840415	0.0	9.789448983072083	0.0	0.0	0.0	0.0	0.0	0.0	62.58348678847467	0.0	139.29508839774513	0.0	0.0	0.0	0.0	0.0	0.0	0.0	0.0	0.0	0.0	0.0	0.0	0.0
GSM4138111_HNSCC_1_TIL_ATCTGCCAGGATGGTC	142.1182157103845	36.22466875491206	62.3076562264705	0.0	201.73354854918014	0.0	0.0	0.0	60.77019923406825	24.408033346917488	0.0	0.0	0.0	0.0	0.0	0.0	0.0	63.98924829750915	0.0	0.0	0.0	0.0	0.0	0.0	0.0	0.0	0.0	0.0
GSM4138111_HNSCC_1_TIL_ATTTCTGGTACACCGC	168.2492038461791	63.434033892093666	38.97712375223712	154.90938454301806	0.0	1.2447675466513979	0.0	0.0	172.96631630762388	0.0	0.0	0.0	0.0	0.0	0.0	0.0	0.0	0.0	0.0	0.0	0.0	0.0	0.0	0.0	38.17255285679132	0.0	0.0	0.0
GSM4138111_HNSCC_1_TIL_CAACCAATCTATCCCG	517.3633940217231	102.75893127388451	64.40932128661572	185.96746272524555	0.0	3.9135565331234146	0.0	0.0	0.0	0.0	0.0	0.0	0.0	0.0	0.0	0.0	0.0	0.0	0.0	0.0	0.0	0.0	310.67188514909856	0.0	0.0	0.0	0.0	0.0
GSM4138111_HNSCC_1_TIL_CACACAACATCTACGA	181.53849255518193	57.953930007368974	46.009947362938696	75.73612516294699	17.225590843595214	14.153487787263625	0.0	0.0	0.0	0.0	0.0	0.0	0.0	0.0	0.0	0.0	0.0	0.0	0.0	0.0	0.0	0.0	0.0	125.19248772885797	0.0	0.0	0.0	0.0
GSM4138111_HNSCC_1_TIL_CACCTTGTCCGGGTGT	651.9456876237615	205.59999057851337	294.04953645792176	431.1306511191873	0.0	19.980827362699134	0.0	0.0	0.0	764.2049621504183	0.0	0.0	0.0	0.0	0.0	0.0	0.0	0.0	0.0	0.0	0.0	0.0	0.0	0.0	0.0	0.0	0.0	0.0
GSM4138111_HNSCC_1_TIL_CATGACACAATGGAGC	245.84403699150252	81.76923351430051	147.00355261164728	423.723855725139	44.534996179404146	0.0	235.16827769131447	0.0	0.0	0.0	0.0	0.0	0.0	0.0	0.0	0.0	0.0	0.0	0.0	5.170703168789055	92.68808839258548	0.0	0.0	0.0	0.0	0.0	0.0	0.0
GSM4138111_HNSCC_1_TIL_CCACTACTCACAATGC	218.8263600068019	28.742366446012504	48.40834448609236	71.70531811081571	164.00119219104434	0.8016591204901984	153.33641254992656	0.0	0.0	0.0	0.0	0.0	0.0	0.0	0.0	0.0	0.0	0.0	0.0	0.0	0.0	0.0	0.0	0.0	0.0	0.0	0.0	0.0
GSM4138111_HNSCC_1_TIL_CCCAGTTGTAGTAGTA	150.29373146405476	31.841521952808062	14.766642944475398	0.0	0.0	18.869019041281685	0.0	0.0	0.0	0.0	0.0	0.0	142.67060815435156	0.0	0.0	0.0	0.0	0.0	0.0	0.0	0.0	0.0	0.0	0.0	142.23209474775547	0.0	0.0	0.0
GSM4138111_HNSCC_1_TIL_CCGTGGATCCCTTGCA	304.89109302641793	75.17197730746732	57.89020208951059	0.0	192.1672332456869	2.389312502426108	129.174128063572	0.0	0.0	20.836850377571107	0.0	0.0	0.0	0.0	0.0	0.0	0.0	0.0	0.0	0.0	0.0	0.0	0.0	0.0	0.0	0.0	0.0	0.0
GSM4138111_HNSCC_1_TIL_CGCGGTATCATACGGT	117.78974594607723	41.19928707958711	90.21377934944617	157.3482524090566	55.9154075005612	0.0	0.0	0.0	0.0	0.0	0.0	0.0	0.0	94.44439864047	0.0	0.0	0.0	104.75728266314557	0.0	0.0	0.0	0.0	0.0	0.0	0.0	0.0	0.0	0.0
GSM4138111_HNSCC_1_TIL_CGGACTGAGCCGTCGT	268.44601002818985	45.899025734873696	21.624395012782664	134.79954702875696	0.0	0.0	0.0	0.0	0.0	0.0	0.0	0.0	0.0	0.0	20.854054429168126	0.0	0.0	0.0	0.0	80.2240964919565	24.70710789549617	0.0	0.0	0.0	22.558800346341396	0.0	0.0	0.0
GSM4138111_HNSCC_1_TIL_CGGAGCTTCGAACTGT	322.20832177936774	190.6649491365397	362.51841615469687	623.4006838827431	0.0	0.0	0.0	0.0	0.0	0.0	0.0	0.0	0.0	0.0	645.6237779884102	0.0	0.0	0.0	0.0	0.0	0.0	37.20866713742811	0.0	0.0	0.0	0.0	0.0	0.0
GSM4138111_HNSCC_1_TIL_CGGAGTCGTATGAATG	267.57424078598075	61.02652144821349	0.0	0.0	146.08124964378655	1.3338462363911572	0.0	0.0	0.0	0.0	0.0	0.0	0.0	0.0	109.54014201732733	0.0	0.0	0.0	10.851582971800687	0.0	0.0	0.0	0.0	0.0	0.0	0.0	0.0	0.0
GSM4138111_HNSCC_1_TIL_CGGTTAAGTCGACTAT	242.13630018650124	110.3045581242973	30.459619945173475	183.59038946357234	24.391438313102125	7.2391417583049344	222.82325858728458	0.0	0.0	0.0	0.0	0.0	0.0	0.0	0.0	0.0	0.0	0.0	0.0	0.0	0.0	0.0	0.0	0.0	0.0	0.0	0.0	0.0
GSM4138111_HNSCC_1_TIL_CGTCTACAGCCTATGT	177.90069321792976	71.15408970844965	121.58577665388327	120.50349499844316	0.0	10.860007556776841	0.0	0.0	96.17340078730292	117.11833463818387	0.0	0.0	0.0	0.0	0.0	0.0	0.0	0.0	0.0	0.0	0.0	0.0	0.0	0.0	0.0	0.0	0.0	0.0
GSM4138111_HNSCC_1_TIL_CGTGTCTGTCTCCACT	307.7639875024528	113.46994244165323	204.79059226055918	173.96830740770898	0.0	1.5621666356018387	133.72481526627766	0.0	0.0	0.0	0.0	0.0	0.0	0.0	0.0	0.0	0.0	0.0	395.99696719480636	0.0	0.0	0.0	0.0	0.0	122.3517416126868	0.0	0.0	0.0
GSM4138111_HNSCC_1_TIL_CGTTAGAAGAGCTATA	150.44898842976997	33.104430515189634	60.287868701145314	195.8838663265648	0.0	8.55496695165882	0.0	0.0	0.0	0.0	0.0	0.0	3.7077127190299497	0.0	0.0	0.0	0.0	0.0	58.52684856618519	0.0	0.0	0.0	0.0	0.0	0.0	0.0	0.0	0.0
GSM4138111_HNSCC_1_TIL_CTGCTGTGTCCGAGTC	218.36200520001464	72.55492566390157	70.41376855378385	90.48606667845277	14.0912137468438	0.0	106.40901281173937	0.0	0.0	19.817050172586768	0.0	0.0	0.0	0.0	0.0	0.0	0.0	0.0	0.0	0.0	0.0	0.0	0.0	0.0	0.0	0.0	0.0	0.0
GSM4138111_HNSCC_1_TIL_CTGGTCTGTCCGTGAC	421.1285240846534	105.98550067086069	118.40703529097397	529.4166986371823	0.0	5.112854723314821	0.0	469.1416041026712	0.0	0.0	0.0	0.0	0.0	0.0	0.0	0.0	0.0	0.0	0.0	0.0	0.0	0.0	0.0	0.0	0.0	0.0	0.0	0.0
GSM4138111_HNSCC_1_TIL_CTGTGCTTCGTCCGTT	245.98754067865826	79.86073028166457	74.7928440941228	268.4767736085549	43.026408157455364	0.0	0.0	0.0	0.0	19.377065406613784	0.0	0.0	0.0	0.0	0.0	0.0	0.0	0.0	0.0	0.0	77.57129572315834	0.0	0.0	31.497124498589884	0.0	0.0	0.0	0.0
GSM4138111_HNSCC_1_TIL_CTTCTCTGTCTTGCGG	109.2649045829909	73.44149696992146	0.0	137.36977533076416	0.0	0.0	0.0	0.0	0.0	0.0	0.0	0.0	0.0	0.0	77.26192496121135	0.0	0.0	0.0	0.0	18.657545234118448	0.0	0.0	0.0	0.0	0.0	0.0	0.0	0.0
GSM4138111_HNSCC_1_TIL_GAATGAACACGTCAGC	0.0	0.0	0.0	0.0	0.0	0.0	0.0	373.47473310616033	5523.314452232016	0.0	0.0	0.0	0.0	0.0	0.0	0.0	0.0	0.0	0.0	35.36006924450389	0.0	0.0	0.0	0.0	0.0	0.0	0.0	0.0
GSM4138111_HNSCC_1_TIL_GACTAACGTAGAAGGA	149.64829917883486	33.430623739038275	236.14997884744	0.0	162.24656649509572	0.0	0.0	0.0	0.0	143.0522171357905	0.0	0.0	0.0	0.0	0.0	0.0	0.0	0.0	0.0	0.0	0.0	0.0	0.0	0.0	0.0	0.0	0.0	0.0
GSM4138111_HNSCC_1_TIL_GATCGATTCAGAGACG	259.9748080712693	107.52854787056542	0.0	682.4335816961898	0.0	0.0	0.0	309.0155888969985	0.0	0.0	0.0	0.0	0.0	0.0	0.0	0.0	0.0	0.0	0.0	0.0	0.0	0.0	0.0	0.0	9.923591352599917	0.0	0.0	0.0
GSM4138111_HNSCC_1_TIL_GGGAATGAGCTGTCTA	138.78148732510343	57.91545590267779	10.157365174188865	214.66687970580833	0.0	0.0	169.26446288041322	0.0	0.0	0.0	0.0	0.0	0.0	0.0	0.0	0.0	0.0	0.0	0.0	0.0	0.0	0.0	0.0	0.0	0.0	0.0	0.0	0.0
GSM4138111_HNSCC_1_TIL_GGGAGATGTGTGCCTG	192.86683422569433	70.87582585676404	96.35326557342123	81.88817738597534	171.73339004704715	4.784222101547325	200.93407575939563	0.0	0.0	138.42401331791632	0.0	0.0	0.0	0.0	0.0	0.0	0.0	0.0	0.0	0.0	0.0	0.0	0.0	0.0	0.0	0.0	0.0	0.0
GSM4138111_HNSCC_1_TIL_GGGTCTGTCCACGAAT	545.665898624967	217.84601607262593	192.2923902214258	0.0	470.95803965081006	11.98903635697226	0.0	0.0	0.0	0.0	0.0	0.0	0.0	0.0	580.802618423559	0.0	0.0	0.0	0.0	0.0	0.0	0.0	0.0	0.0	0.0	0.0	0.0	0.0
GSM4138111_HNSCC_1_TIL_GTCGGGTAGTCAATAG	174.79813313524446	51.873507236293044	11.817237496130858	18.64618174763897	90.99760066385032	3.9527631362589695	41.037031958943565	0.0	0.0	0.0	0.0	0.0	0.0	0.0	0.0	0.0	0.0	0.0	0.0	0.0	39.63848412049637	0.0	0.0	0.0	0.0	0.0	0.0	0.0
GSM4138111_HNSCC_1_TIL_GTCTCGTCACCCATGG	192.17454236169988	33.89430789376593	53.692287948183576	86.30863971240308	30.268321888253524	0.0	39.885408813219456	0.0	0.0	0.0	0.0	0.0	0.0	0.0	0.0	0.0	0.0	0.0	0.0	0.0	0.0	83.30575409617988	0.0	0.0	0.0	0.0	0.0	0.0
GSM4138111_HNSCC_1_TIL_GTCTTCGGTTGATTCG	164.60849631218235	46.24564588035789	27.728952293100637	385.18301779841016	0.0	2.729047858864567	293.7378742012915	0.0	0.0	0.0	0.0	0.0	0.0	0.0	0.0	0.0	0.0	0.0	0.0	0.0	0.0	0.0	0.0	0.0	0.0	0.0	0.0	0.0
GSM4138111_HNSCC_1_TIL_GTGCAGCCAGTTTACG	96.26818855822629	30.015001080827474	55.201009684587056	121.18310861318515	0.0	0.0	0.0	0.0	0.0	0.0	0.0	0.0	0.0	0.0	0.0	0.0	0.0	0.0	0.0	0.0	170.31170494372475	0.0	0.0	0.0	0.0	0.0	0.0	0.0
GSM4138111_HNSCC_1_TIL_GTTAAGCGTGCTGTAT	399.0196023841977	51.33370957978691	94.00041710825006	203.5092996350688	0.0	9.171009022481824	0.0	0.0	0.0	206.2255545988735	0.0	0.0	0.0	0.0	0.0	0.0	0.0	0.0	0.0	0.0	0.0	0.0	0.0	0.0	0.0	0.0	0.0	0.0
GSM4138111_HNSCC_1_TIL_TACTCGCCACACATGT	339.4192193195668	142.41052235338876	206.52017161929047	319.40486651607677	0.0	7.177856767489741	17.71821019626869	0.0	0.0	0.0	0.0	0.0	43.43418596447322	0.0	0.0	0.0	0.0	0.0	0.0	0.0	0.0	458.2021068357948	0.0	0.0	13.102613499776506	0.0	0.0	0.0
GSM4138111_HNSCC_1_TIL_TACTTACGTGTGACCC	296.2297335211642	62.703764002961755	54.84409698189679	127.92343797294053	0.0	6.5669341840114805	0.0	0.0	0.0	0.0	0.0	0.0	0.0	0.0	94.13866290932685	0.0	0.0	0.0	0.0	85.89371036071908	0.0	0.0	0.0	0.0	41.59522296512107	0.0	0.0	0.0
GSM4138111_HNSCC_1_TIL_TCATTTGCAAGTAATG	195.35050099440198	59.43842850673254	56.52505649650407	0.0	80.12778921711765	11.243875587328942	147.65828118022654	0.0	0.0	0.0	0.0	0.0	0.0	0.0	0.0	0.0	0.0	0.0	0.0	0.0	2.1116279450438897	0.0	0.0	0.0	0.0	0.0	0.0	0.0
GSM4138111_HNSCC_1_TIL_TCTATTGGTGTTTGTG	214.6549126996951	49.65749168832668	84.52298012088947	158.23594593614877	0.0	0.0	0.0	0.0	0.0	0.0	0.0	0.0	0.0	0.0	0.0	0.0	99.70221857648151	0.0	0.0	0.0	0.0	142.56213742786608	0.0	0.0	0.0	0.0	0.0	0.0
GSM4138111_HNSCC_1_TIL_TCTCTAATCGTCTGCT	150.75055983753722	40.197824613052376	84.96910202830705	141.5503858609796	0.0	2.915579911966035	0.0	0.0	0.0	0.0	0.0	0.0	0.0	0.0	0.0	0.0	0.0	0.0	0.0	0.0	55.60189644786488	37.871627353462266	0.0	0.0	0.0	0.0	0.0	36.19758951352867
GSM4138111_HNSCC_1_TIL_TTCTACACACCGGAAA	337.9892550822054	92.6402494030269	78.77001074703139	396.13205289642127	0.0	0.0	0.0	0.0	0.0	0.0	0.0	0.0	0.0	0.0	352.11499622739046	0.0	0.0	0.0	0.0	0.0	0.0	0.0	0.0	0.0	0.0	0.0	0.0	0.0
GSM4138111_HNSCC_1_TIL_AGTGTCACATTAGCCA	153.63514002985193	28.140218707672044	102.24924589434868	62.48358578900673	0.0	6.338264775291091	0.0	0.0	0.0	0.0	0.0	193.45157341275723	0.0	16.202278088411376	0.0	0.0	0.0	0.0	0.0	0.0	0.0	0.0	0.0	0.0	0.0	0.0	0.0	0.0
GSM4138111_HNSCC_1_TIL_GCGGGTTTCTCAACTT	250.84903523467779	92.80230675221708	126.36790698108358	9.294833064700208	114.1796704891748	7.792713106686396	0.0	0.0	0.0	0.0	130.94242922125332	0.0	0.0	0.0	0.0	191.34564325227063	0.0	0.0	0.0	0.0	0.0	0.0	0.0	0.0	0.0	0.0	0.0	0.0
GSM4138111_HNSCC_1_TIL_GCTCTGTGTCTAGTCA	252.05737889099785	137.29434296034216	276.90044858367037	123.73731316643412	64.50340566340672	10.076592258233605	0.0	0.0	0.0	0.0	0.0	0.0	0.0	0.0	0.0	0.0	547.7058849084083	0.0	0.0	0.0	0.0	0.0	0.0	0.0	54.2268769351084	0.0	0.0	0.0
GSM4138111_HNSCC_1_TIL_GGACAAGAGGAGTACC	187.94494027137463	101.89756163991935	107.40885564924048	46.89277251279631	0.0	0.0	0.0	0.0	0.0	0.0	0.0	0.0	0.0	255.459203033442	0.0	0.0	0.0	0.0	0.0	0.0	0.0	0.0	0.0	0.0	51.00534846551477	0.0	0.0	0.0
GSM4138111_HNSCC_1_TIL_GTCCTCAAGATGCCTT	248.5354736772143	61.66996894800237	212.06139420478556	0.0	193.28769378694253	19.17955750196878	0.0	0.0	0.0	0.0	0.0	390.7613334872634	0.0	0.0	0.0	0.0	0.0	0.0	0.0	0.0	0.0	0.0	0.0	0.0	0.0	0.0	0.0	0.0
GSM4138111_HNSCC_1_TIL_TTTCCTCTCTCGCTTG	223.67335981071457	150.14492144084133	192.55999330980762	59.62626461383696	110.17004630921241	12.852446735206728	56.08750322850013	0.0	0.0	0.0	0.0	255.6496490235736	0.0	5.01846741598976	0.0	45.384021947674	0.0	0.0	0.0	0.0	0.0	0.0	0.0	0.0	0.0	0.0	0.0	0.0
GSM4138111_HNSCC_1_TIL_AAACCTGTCTTCGAGA	110.10933274944902	48.104742006157394	60.393951026337426	125.62045636999287	0.0	0.0	0.0	0.0	0.0	0.0	172.47082605745683	0.0	0.0	0.0	0.0	0.0	0.0	0.0	0.0	0.0	0.0	0.0	0.0	0.0	0.0	0.0	0.0	0.0
GSM4138111_HNSCC_1_TIL_ACACCCTTCACAGGCC	177.71506784047884	143.83831259854927	181.68878613272904	114.13598102956169	0.0	12.890818771852036	0.0	0.0	0.0	0.0	299.6133131873445	0.0	0.0	0.0	0.0	0.0	0.0	0.0	0.0	0.0	0.0	0.0	0.0	0.0	0.0	0.0	0.0	0.0
GSM4138111_HNSCC_1_TIL_ACGGCCAAGTGGAGTC	112.68259098502277	32.49923839656579	25.07407181863879	102.85310384554879	0.0	13.253791441107888	0.0	0.0	0.0	0.0	169.5914108460123	0.0	0.0	0.0	0.0	0.0	0.0	0.0	0.0	0.0	0.0	0.0	0.0	0.0	0.0	0.0	0.0	0.0
GSM4138111_HNSCC_1_TIL_ACGTCAAGTAACGCGA	130.96007096447624	36.114492302454565	24.033942267649582	113.01440786695086	0.0	0.0	0.0	0.0	0.0	0.0	159.7497503427856	0.0	0.0	0.0	0.0	32.612466448086316	0.0	0.0	0.0	0.0	0.0	0.0	0.0	0.0	0.0	0.0	0.0	0.0
GSM4138111_HNSCC_1_TIL_ACTATCTGTCTCTCTG	193.6892743297415	53.92509505096	61.56373436577732	144.4478189325743	0.0	6.754192190075709	0.0	0.0	0.0	0.0	70.93404352728858	0.0	0.0	33.6830203572954	0.0	0.0	0.0	0.0	0.0	0.0	0.0	0.0	0.0	0.0	0.0	0.0	0.0	0.0
GSM4138111_HNSCC_1_TIL_ACTTACTAGCTAGTGG	77.95646354975374	32.87256753082895	83.16644262403882	85.08333449171668	0.0	7.484128997413451	0.0	0.0	0.0	0.0	100.6317811584141	0.0	0.0	0.0	0.0	0.0	0.0	0.0	0.0	0.0	0.0	0.0	0.0	0.0	0.0	0.0	0.0	0.0
GSM4138111_HNSCC_1_TIL_ACTTGTTAGCTGTTCA	95.15964348833153	50.28677327648698	41.64695060030015	48.76200242249846	0.0	0.0	0.0	0.0	0.0	0.0	270.9855601977649	0.0	0.0	0.0	0.0	0.0	0.0	0.0	0.0	0.0	0.0	0.0	0.0	0.0	0.0	0.0	0.0	0.0
GSM4138111_HNSCC_1_TIL_ATAACGCTCGCGCCAA	129.79921874312228	49.35740422907493	68.95245975561551	100.60811777128762	0.0	1.3081434497786	0.0	0.0	0.0	0.0	0.0	143.97597588273743	0.0	0.0	0.0	0.0	0.0	0.0	0.0	0.0	0.0	0.0	0.0	0.0	0.0	0.0	0.0	0.0
GSM4138111_HNSCC_1_TIL_ATCATCTGTACCGCTG	127.58532252298166	42.39425399072028	41.58529464123591	107.1864291171251	0.0	1.4013567424169868	0.0	0.0	0.0	0.0	0.0	162.55578107254118	0.0	0.0	0.0	0.0	0.0	0.0	0.0	0.0	0.0	0.0	0.0	0.0	0.0	0.0	0.0	0.0
GSM4138111_HNSCC_1_TIL_ATTGGTGCACACCGCA	158.40751446818035	78.62914860396063	40.79778855184579	84.37321781456131	0.0	11.559089416017923	0.0	0.0	0.0	0.0	0.0	0.0	0.0	118.28755796630092	0.0	0.0	0.0	0.0	0.0	0.0	0.0	0.0	0.0	0.0	0.0	0.0	0.0	0.0
GSM4138111_HNSCC_1_TIL_CAAGAAAAGGCCCGTT	118.63133106558769	34.58337391780919	29.59859885638051	78.31313289335694	0.0	7.51574864147612	0.0	0.0	0.0	0.0	0.0	159.02904720745892	0.0	0.0	0.0	0.0	0.0	0.0	0.0	0.0	0.0	0.0	0.0	0.0	0.0	0.0	0.0	0.0
GSM4138111_HNSCC_1_TIL_CAGGTGCGTCATGCCG	191.7505330088699	131.7090218961546	118.14195158392305	18.820447902530965	95.78788507465038	48.635648812350105	0.0	0.0	0.0	0.0	0.0	249.31417960103744	0.0	0.0	0.0	0.0	0.0	0.0	0.0	0.0	0.0	0.0	0.0	0.0	0.0	0.0	0.0	0.0
GSM4138111_HNSCC_1_TIL_CGGACGTCACTCTGTC	101.25448739361534	29.49996969728323	41.41131544512273	81.03341871161348	0.0	9.085361155014779	0.0	0.0	0.0	0.0	0.0	10.545375325791783	0.0	120.46854034285607	0.0	0.0	0.0	0.0	0.0	0.0	0.0	0.0	0.0	0.0	0.0	0.0	0.0	0.0
GSM4138111_HNSCC_1_TIL_CGTCACTGTCCAGTGC	100.11557338560365	63.96687219975073	67.27033359587618	1.2292562703411567	89.43001663671383	2.0592531860696432	0.0	0.0	0.0	0.0	121.37022780975457	60.97126910322838	0.0	0.0	0.0	0.0	0.0	0.0	0.0	0.0	0.0	0.0	0.0	0.0	0.0	0.0	0.0	0.0
GSM4138111_HNSCC_1_TIL_CTAATGGTCTGCAGTA	181.43386273864525	125.79413588889405	129.8293215982771	151.96113970403806	0.0	20.776108812839144	0.0	0.0	0.0	0.0	343.6792935868677	0.0	0.0	0.0	0.0	0.0	0.0	0.0	0.0	0.0	0.0	0.0	0.0	0.0	0.0	0.0	0.0	0.0
GSM4138111_HNSCC_1_TIL_CTGAAACGTTCCCGAG	77.5025325993932	52.75306622603113	47.173195961175495	92.32777720366802	0.0	9.85145911953121	0.0	0.0	0.0	0.0	0.0	131.66265039930772	0.0	0.0	0.0	0.0	0.0	0.0	0.0	0.0	0.0	0.0	0.0	0.0	0.0	0.0	0.0	0.0
GSM4138111_HNSCC_1_TIL_CTGCTGTCATGTCGAT	88.98019727139085	45.029670030969875	79.11365630115482	79.85030956785589	20.580910269829552	4.954348141456765	0.0	0.0	0.0	0.0	120.85160187311826	0.0	0.0	0.0	0.0	0.0	0.0	0.0	0.0	0.0	0.0	0.0	0.0	0.0	0.0	0.0	0.0	0.0
GSM4138111_HNSCC_1_TIL_GACAGAGCAGCCAGAA	127.7724224979088	51.32048786311424	52.33218166766193	119.53492528605403	0.0	16.076173825401447	0.0	0.0	0.0	0.0	0.0	0.0	0.0	141.83013418330813	0.0	0.0	0.0	0.0	0.0	0.0	0.0	0.0	0.0	0.0	0.0	0.0	0.0	0.0
GSM4138111_HNSCC_1_TIL_GCGCCAAGTCATGCCG	243.394920106498	103.16442873989776	113.44677513614447	0.0	146.31231995208353	16.24580483495697	0.0	0.0	0.0	0.0	243.256859498651	0.0	0.0	0.0	0.0	0.0	0.0	0.0	0.0	0.0	0.0	0.0	0.0	0.0	0.0	0.0	0.0	0.0
GSM4138111_HNSCC_1_TIL_GCTGCAGAGCGCTCCA	150.130677867047	55.88140799781433	52.30047155902533	40.41150903299311	3.360240059369531	11.171342856429002	0.0	0.0	0.0	0.0	135.96444677308716	0.0	0.0	0.0	0.0	0.0	0.0	0.0	0.0	0.0	0.0	0.0	0.0	0.0	0.0	0.0	0.0	0.0
GSM4138111_HNSCC_1_TIL_GGCTGGTAGGCCCTCA	137.0018771093374	34.13376043318453	75.95482674422739	77.57577396870721	0.753381676124545	10.002492613598891	0.0	0.0	0.0	0.0	73.54516072060632	21.687003033197602	0.0	0.0	0.0	0.0	0.0	0.0	0.0	0.0	0.0	0.0	0.0	0.0	0.0	0.0	0.0	0.0
GSM4138111_HNSCC_1_TIL_GTGTTAGCAAAGAATC	75.09074071566748	36.781323992296514	52.22310929857502	40.06107014693535	0.0	3.2641154197061217	0.0	0.0	0.0	0.0	0.0	86.28569305030011	0.0	80.75074428384974	0.0	0.0	0.0	0.0	0.0	0.0	0.0	0.0	0.0	0.0	0.0	0.0	0.0	0.0
GSM4138111_HNSCC_1_TIL_TACTCGCGTTCCACTC	142.552130135074	47.2000005390921	27.182479203457085	126.91065275722978	0.0	7.640439526425353	0.0	0.0	0.0	0.0	158.73499147400767	0.0	0.0	0.0	0.0	0.0	0.0	0.0	0.0	0.0	0.0	0.0	0.0	0.0	0.0	0.0	0.0	0.0
GSM4138111_HNSCC_1_TIL_TAGGCATGTAGCTGCC	92.1393297693966	54.43787979108472	65.75624878490083	84.36790067696441	13.640563697233253	5.001157790356937	0.0	0.0	0.0	0.0	0.0	110.05868776098656	0.0	0.0	0.0	0.0	0.0	0.0	0.0	0.0	0.0	0.0	0.0	0.0	0.0	0.0	0.0	0.0
GSM4138111_HNSCC_1_TIL_TGAGCCGCAGTAACGG	164.0915651693184	61.73570536796416	51.397014613448384	51.12188516862908	0.0	8.814377506682135	0.0	0.0	0.0	0.0	0.0	143.04428692579847	0.0	0.0	0.0	0.0	0.0	0.0	0.0	0.0	0.0	0.0	0.0	0.0	0.0	0.0	0.0	0.0
GSM4138111_HNSCC_1_TIL_TGAGGGAGTCTTCTCG	100.53543131836724	28.80593925118579	36.806010145995245	44.46639708581431	40.59244628505581	6.92828580542201	0.0	0.0	0.0	0.0	128.62930237295353	0.0	0.0	0.0	0.0	0.0	0.0	0.0	0.0	0.0	0.0	0.0	0.0	0.0	0.0	0.0	0.0	0.0
GSM4138111_HNSCC_1_TIL_TGCCCATAGAGCTATA	125.76606015628518	65.96707460030231	140.82072798055412	0.0	125.7745193127003	0.03364100066311122	0.0	0.0	0.0	0.0	276.0567628907121	0.0	0.0	0.0	0.0	0.0	0.0	0.0	0.0	0.0	0.0	0.0	0.0	0.0	0.0	0.0	0.0	0.0
GSM4138111_HNSCC_1_TIL_TGTATTCGTAAGGATT	173.8404342757399	49.56077358517921	47.903943453659984	30.396748949780175	0.0	7.96101281627707	0.0	0.0	0.0	0.0	0.0	169.00234206932467	0.0	0.0	0.0	0.0	0.0	0.0	0.0	0.0	0.0	0.0	0.0	0.0	0.0	0.0	0.0	0.0
GSM4138111_HNSCC_1_TIL_TTCGAAGAGACGCACA	144.4917306376646	37.62376612206943	48.91043213168544	117.70234554852996	0.0	6.941837219281868	0.0	0.0	0.0	0.0	0.0	153.5955656530754	0.0	0.0	0.0	0.0	0.0	0.0	0.0	0.0	0.0	0.0	0.0	0.0	0.0	0.0	0.0	0.0
GSM4138111_HNSCC_1_TIL_AGAGCTTAGTCTCAAC	128.35197559359798	41.5537663627979	37.60875124230864	72.14445110783738	0.0	25.266727447371302	0.0	0.0	0.0	77.51465893223921	0.0	0.0	0.0	0.0	0.0	0.0	0.0	0.0	0.0	0.0	0.0	0.0	0.0	0.0	0.0	0.0	0.0	0.0
GSM4138111_HNSCC_1_TIL_AGCGTATTCAAAGACA	187.40156505771307	64.65883135482942	81.85151663286702	73.06607303658872	0.0	15.499508976987052	0.0	94.63767517900898	0.0	0.0	0.0	0.0	0.0	0.0	0.0	0.0	0.0	128.08328616739865	0.0	0.0	0.0	0.0	0.0	0.0	0.0	0.0	0.0	0.0
GSM4138111_HNSCC_1_TIL_ATCCACCAGGTGTTAA	180.45549326234345	64.79653584046802	88.57322993367166	61.61871099632159	44.31546734659919	26.41678359434199	171.08832527243095	0.0	0.0	0.0	0.0	0.0	0.0	0.0	0.0	0.0	0.0	0.0	0.0	0.0	0.0	0.0	0.0	0.0	0.0	0.0	0.0	0.0
GSM4138111_HNSCC_1_TIL_CAACCAACACAGACTT	184.9629998140269	72.46507310622303	141.61067582088626	85.66197476690952	0.0	10.361090840084433	0.0	178.73783323320785	0.0	0.0	0.0	0.0	0.0	0.0	0.0	0.0	0.0	24.88432669735852	0.0	0.0	0.0	0.0	0.0	0.0	0.0	0.0	0.0	0.0
GSM4138111_HNSCC_1_TIL_CAACTAGTCGCGTTTC	270.04014498070364	122.6365320079065	163.06098956563926	180.50592383670133	0.0	13.245207342910112	0.0	306.937011308495	0.0	0.0	0.0	0.0	0.0	0.0	0.0	0.0	0.0	0.0	0.0	0.0	0.0	0.0	0.0	0.0	0.0	0.0	0.0	0.0
GSM4138111_HNSCC_1_TIL_CAGCTGGCAATAGAGT	92.9439746854529	41.742073774533736	111.68031436170033	141.6039458197714	0.0	9.508746386900526	0.0	59.434748470972075	0.0	0.0	0.0	0.0	0.0	0.0	110.03187476869537	0.0	0.0	0.0	0.0	0.0	0.0	0.0	0.0	0.0	0.0	0.0	0.0	0.0
GSM4138111_HNSCC_1_TIL_CAGTCCTAGGCATGTG	161.6155563473249	69.41660445379958	155.23353741651135	92.43661271436176	0.0	1.365616898636184	0.0	0.0	0.0	0.0	0.0	0.0	0.0	0.0	0.0	0.0	0.0	132.75679680223394	0.0	0.0	0.0	0.0	0.0	0.0	0.0	0.0	0.0	0.0
GSM4138111_HNSCC_1_TIL_CCACTACAGCACAGGT	130.81682574786083	44.264952293092115	76.23107418283698	57.09345755313868	0.0	2.7702239592992575	0.0	0.0	113.31018834739035	0.0	0.0	0.0	0.0	0.0	0.0	0.0	0.0	0.0	0.0	0.0	0.0	0.0	0.0	0.0	0.0	0.0	0.0	0.0
GSM4138111_HNSCC_1_TIL_CCACTACCATTAGCCA	119.04054279311227	63.65386276686776	67.53179627378395	61.78109565688733	0.0	3.2105443684330197	106.76985423063415	0.0	0.0	0.0	0.0	33.48388577387903	0.0	0.0	0.0	0.0	0.0	0.0	0.0	0.0	0.0	0.0	0.0	0.0	0.0	0.0	0.0	0.0
GSM4138111_HNSCC_1_TIL_CCAGCGATCAATCACG	193.40867117655466	78.96902632740645	131.80003415957987	0.0	127.64797501993932	7.877776012001649	0.0	0.0	0.0	115.44382763487248	0.0	0.0	0.0	0.0	0.0	0.0	0.0	0.0	0.0	0.0	0.0	0.0	0.0	0.0	0.0	0.0	0.0	0.0
GSM4138111_HNSCC_1_TIL_CGGACGTTCTTGCAAG	147.36518678757704	73.78066638936178	124.63066083920224	79.644246158298	0.0	32.37706323365893	0.0	0.0	0.0	164.9095980799265	0.0	0.0	0.0	0.0	0.0	0.0	0.0	0.0	0.0	0.0	0.0	0.0	0.0	0.0	0.0	0.0	0.0	0.0
GSM4138111_HNSCC_1_TIL_CGTTAGACAACACCCG	125.41020829576883	39.556662982265706	54.56755910736765	86.28275809669813	0.0	9.96780707060506	8.831787515643375	94.22499340506465	0.0	0.0	0.0	0.0	0.0	0.0	0.0	0.0	0.0	0.0	0.0	0.0	0.0	0.0	0.0	0.0	0.0	0.0	0.0	0.0
GSM4138111_HNSCC_1_TIL_CTGCGGACAGTCAGCC	111.77439647138449	39.56192098989943	45.035254082957486	0.0	74.98161166336837	0.0	0.0	0.0	0.0	0.0	0.0	0.0	21.71831865661274	0.0	0.0	0.0	48.647953117261096	0.0	0.0	0.0	0.0	0.0	0.0	0.0	0.0	0.0	0.0	0.0
GSM4138111_HNSCC_1_TIL_GCAGCCAGTGATGCCC	178.931087409863	58.094749607971465	59.52360881066001	74.9778041196906	0.0	1.1471058850541498	0.0	0.0	0.0	0.0	0.0	0.0	0.0	0.0	0.0	0.0	0.0	0.0	0.0	108.26773096526341	0.0	0.0	0.0	0.0	0.0	0.0	0.0	0.0
GSM4138111_HNSCC_1_TIL_GGCTGGTGTGCCTGTG	124.00784850698949	41.28842617577933	63.420207897097626	37.3012180142925	0.0	6.981815007221125	0.0	164.91366737054986	0.0	0.0	0.0	0.0	0.0	0.0	0.0	0.0	0.0	0.0	0.0	0.0	0.0	0.0	0.0	0.0	0.0	0.0	0.0	0.0
GSM4138111_HNSCC_1_TIL_TGACGGCAGCGTCAAG	139.91371813669872	74.52346300717251	78.50867057197951	111.58581373512105	0.0	25.578781467646895	100.79630152512561	0.0	0.0	70.51282834483607	0.0	0.0	0.0	0.0	0.0	0.0	0.0	0.0	0.0	0.0	0.0	0.0	0.0	0.0	0.0	0.0	0.0	0.0
GSM4138111_HNSCC_1_TIL_TGCGCAGAGCATGGCA	144.20765993092363	51.934340749876576	42.843285092333346	63.018107867749116	0.0	5.002848582329526	0.0	94.83914617256302	0.0	0.0	0.0	0.0	0.0	0.0	0.0	0.0	0.0	0.0	0.0	0.0	0.0	0.0	0.0	0.0	0.0	0.0	0.0	0.0
GSM4138111_HNSCC_1_TIL_ACGGAGACAGGACGTA	83.20073590844852	45.672380485266835	105.3909191532838	77.34535658041072	0.0	4.549524573337063	0.0	0.0	105.807020983143	0.0	0.0	0.0	0.0	0.0	0.0	0.0	0.0	0.0	0.0	0.0	0.0	0.0	0.0	0.0	0.0	33.27210724074478	0.0	0.0
GSM4138111_HNSCC_1_TIL_AGATCTGAGTCAAGCG	246.08179380817722	98.36635924719754	229.2351885532211	186.65713626472993	0.0	19.078575414226435	0.0	102.03517821592548	0.0	0.0	0.0	0.0	0.0	0.0	0.0	0.0	0.0	264.48995847225024	0.0	0.0	0.0	0.0	0.0	0.0	0.0	0.0	0.0	0.0
GSM4138111_HNSCC_1_TIL_ATAAGAGAGAGTCTGG	124.85708723509254	90.3328085440878	177.7579241987324	124.4446198729808	0.0	6.601991100872191	162.51825416138897	0.0	0.0	0.0	0.0	0.0	0.0	0.0	0.0	0.0	0.0	0.0	0.0	0.0	0.0	0.0	0.0	0.0	0.0	0.0	0.0	0.0
GSM4138111_HNSCC_1_TIL_GAACGGAAGGGATACC	153.57115333797216	93.5561787947814	175.78963060377126	122.44103144493481	0.0	5.6292843594556725	258.723731456373	0.0	0.0	0.0	0.0	0.0	0.0	0.0	0.0	0.0	0.0	0.0	0.0	0.0	0.0	0.0	0.0	0.0	0.0	0.0	0.0	0.0
GSM4138111_HNSCC_1_TIL_GACGCGTTCTAACTCT	68.04402204877825	50.90651333097899	156.95653474444606	139.39588324262567	0.0	0.9977243965279794	161.6867617224527	0.0	0.0	0.0	0.0	0.0	0.0	0.0	0.0	0.0	0.0	0.0	0.0	0.0	0.0	0.0	0.0	0.0	0.0	0.0	0.0	0.0
GSM4138111_HNSCC_1_TIL_GATGCTAGTAAATGTG	138.08069161000262	60.627961832402924	62.85167280611454	144.20258529089753	0.0	0.0	0.0	0.0	0.0	179.38223947148356	0.0	0.0	0.0	0.0	0.0	0.0	0.0	0.0	20.83598977380551	0.0	0.0	0.0	0.0	0.0	0.0	0.0	0.0	0.0
GSM4138111_HNSCC_1_TIL_GTGAAGGTCGTACCGG	384.54517892068003	154.41358138900338	128.8771252251524	188.2898490108028	30.471050505848677	13.58891541404425	7.421387707970246	0.0	0.0	348.3070221448993	0.0	0.0	0.0	0.0	0.0	0.0	0.0	0.0	0.0	0.0	0.0	0.0	0.0	0.0	0.0	0.0	0.0	0.0
GSM4138111_HNSCC_1_TIL_TGCTACCTCGGATGGA	77.26211273481216	48.60125658024364	122.71129962302943	111.15568175513495	0.0	9.840168646836352	0.0	149.99387113907747	0.0	0.0	0.0	0.0	0.0	0.0	0.0	0.0	0.0	32.15072641752877	0.0	0.0	0.0	0.0	0.0	0.0	0.0	0.0	0.0	0.0
GSM4138111_HNSCC_1_TIL_ACATACGAGTCATGCT	144.23829417030828	65.22192640437747	78.09162786655804	63.33102673344423	0.0	2.1782353221263575	0.0	0.0	0.0	0.0	0.0	0.0	139.9127445174348	0.0	0.0	0.0	0.0	0.0	0.0	0.0	0.0	0.0	0.0	0.0	0.0	0.0	0.0	0.0
GSM4138111_HNSCC_1_TIL_CAACCTCGTTCAACCA	179.67474055042146	35.01572647252845	20.791491960433117	62.439470933667025	0.0	0.0	0.0	0.0	39.783328323229654	45.67170215355422	0.0	0.0	0.0	0.0	0.0	0.0	0.0	0.0	0.0	0.0	0.0	0.0	0.0	0.0	0.0	0.0	0.0	0.0
GSM4138111_HNSCC_1_TIL_CAACTAGTCACCATAG	278.39987316953375	91.54971882494388	90.09182185576483	37.13321530470103	80.34475769637939	12.119145670475339	0.0	0.0	209.97266809028375	0.0	0.0	0.0	0.0	0.0	0.0	0.0	0.0	0.0	0.0	0.0	0.0	0.0	0.0	0.0	0.0	0.0	0.0	0.0
GSM4138111_HNSCC_1_TIL_CCAGCGAAGGGATACC	166.3526569508902	84.6115393221297	63.44182099961407	69.38730443663982	0.0	4.980617383776279	0.0	0.0	85.37020435926176	0.0	0.0	0.0	0.0	0.0	0.0	0.0	0.0	0.0	0.0	0.0	37.24461294980185	0.0	0.0	0.0	0.0	0.0	0.0	0.0
GSM4138111_HNSCC_1_TIL_GAAATGAGTCTAGTCA	171.77352421558922	34.23586149337962	49.79491438645808	52.044687812082145	0.0	7.507214076227066	0.0	0.0	99.67601153642369	0.0	0.0	0.0	0.0	0.0	0.0	0.0	0.0	0.0	0.0	0.0	0.0	0.0	0.0	0.0	0.0	0.0	0.0	0.0
GSM4138111_HNSCC_1_TIL_GCAGTTACATAGAAAC	167.25146091483285	39.58506232024049	57.54502149303113	97.41548744565584	0.0	4.10303803423456	0.0	0.0	75.28372474165784	0.0	0.0	0.0	0.0	0.0	0.0	0.0	0.0	0.0	0.0	0.0	57.551075921255496	0.0	0.0	0.0	0.0	0.0	0.0	0.0
GSM4138111_HNSCC_1_TIL_GGTATTGCAGGAATGC	163.9777974747304	33.90623093143028	15.893556737137667	121.52077465058206	0.0	0.0	0.0	0.0	110.90200780871383	0.0	0.0	0.0	1.580659931517308	0.0	0.0	0.0	0.0	0.0	0.0	0.0	0.0	0.0	0.0	0.0	0.0	0.0	0.0	0.0
GSM4138111_HNSCC_1_TIL_GGTGTTACATTAGCCA	169.3047579887087	41.740992450347456	7.411160653650219	78.88543883944158	5.405067035959282	0.0	0.0	0.0	0.0	121.45479320320908	0.0	0.0	0.0	0.0	0.0	0.0	0.0	0.0	0.0	0.0	0.0	0.0	0.0	0.0	0.0	0.0	0.0	0.0
GSM4138111_HNSCC_1_TIL_GTCTTCGAGCTAGTGG	183.3682208056901	52.15687054400589	7.45884347912585	89.92544048375872	0.0	6.874154578338551	0.0	0.0	109.59455268112059	0.0	0.0	0.0	0.0	0.0	0.0	0.0	0.0	0.0	0.0	0.0	0.0	0.0	0.0	0.0	0.0	0.0	0.0	0.0
GSM4138111_HNSCC_1_TIL_TTGCGTCCATCGGACC	128.70911879656836	58.06566994484267	58.7918575732871	87.88577620740242	1.5318313846780462	10.071847956971348	0.0	0.0	152.38341997268975	0.0	0.0	0.0	0.0	0.0	0.0	0.0	0.0	0.0	0.0	0.0	0.0	0.0	0.0	0.0	0.0	0.0	0.0	0.0
GSM4138111_HNSCC_1_TIL_CACACCTGTACGCTGC	95.66585069538526	61.1554100627972	43.51687990977602	104.67027983504101	0.0	0.0	0.0	0.0	0.0	0.0	0.0	0.0	0.0	0.0	0.0	0.0	0.0	153.06131048517395	0.0	0.0	0.0	0.0	0.0	0.0	0.0	0.0	0.0	0.0
GSM4138111_HNSCC_1_TIL_CAGAGAGCATAAAGGT	139.36943043545753	95.4423987363725	82.30372379860445	40.30221917968196	0.0	4.593860473112356	0.0	137.77872532327711	0.0	0.0	0.0	0.0	0.0	0.0	0.0	0.0	0.0	0.0	0.0	0.0	0.0	0.0	0.0	0.0	0.0	0.0	0.0	0.0
GSM4138111_HNSCC_1_TIL_CCCTCCTCACTTAACG	128.22670914679338	62.73864479150199	72.0972062058857	97.14276674939823	0.0	36.793448164768826	0.0	87.67210848085998	7.293120868327907	0.0	0.0	0.0	0.0	0.0	0.0	0.0	0.0	4.111440680195992	0.0	0.0	0.0	0.0	0.0	0.0	0.0	0.0	0.0	0.0
GSM4138111_HNSCC_1_TIL_CCTAAAGGTGACGGTA	111.18265269849702	27.329735753985673	59.54968476585451	109.10498588059012	0.0	6.6285937325546085	0.0	108.0258870386125	38.5742199271076	0.0	0.0	0.0	0.0	0.0	0.0	0.0	0.0	0.0	0.0	0.0	0.0	0.0	0.0	0.0	0.0	0.0	0.0	0.0
GSM4138111_HNSCC_1_TIL_CCTTCGATCTTTACAC	178.93152111549205	63.046673373394256	83.59918102642784	141.37858100648268	0.0	2.203225320480724	0.0	0.0	0.0	11.396402151979833	0.0	0.0	93.51360692030943	0.0	21.40525321539041	0.0	0.0	0.0	0.0	0.0	0.0	0.0	0.0	0.0	0.0	0.0	0.0	0.0
GSM4138111_HNSCC_1_TIL_GAGCAGAGTTCAGCGC	111.38655378832703	33.091408126833045	32.60582571508083	84.77985505492265	0.0	11.341411178124732	0.0	74.04210052433004	0.0	0.0	0.0	0.0	0.0	0.0	0.0	0.0	0.0	0.0	0.0	0.0	0.0	0.0	0.0	0.0	0.0	0.0	0.0	0.0
GSM4138111_HNSCC_1_TIL_GGTGCGTCAGCTGTAT	98.34246544451265	21.558406169955724	39.24555100833715	120.43599689745588	0.0	13.92911411383055	0.0	157.75109576054712	0.0	0.0	0.0	0.0	0.0	0.0	0.0	0.0	0.0	0.0	0.0	0.0	0.0	0.0	0.0	0.0	0.0	0.0	0.0	0.0
GSM4138111_HNSCC_1_TIL_TATTACCCATCCCATC	140.3270408596894	39.03107157195166	111.4502437089146	40.15566625679631	0.0	19.233966051156877	0.0	86.96656775801546	0.0	0.0	0.0	0.0	0.0	0.0	0.0	0.0	0.0	0.0	0.0	0.0	0.0	0.0	0.0	0.0	0.0	0.0	0.0	0.0
GSM4138111_HNSCC_1_TIL_TGAGAGGAGCCGCCTA	135.9081572115333	37.78553749627732	47.78942326004632	80.0411220728618	0.0	6.549220691763262	0.0	152.77688604264483	0.0	0.0	0.0	0.0	0.0	0.0	0.0	0.0	0.0	0.0	0.0	0.0	0.0	0.0	0.0	1.0992015814353038	0.0	0.0	0.0	0.0
GSM4138111_HNSCC_1_TIL_AGTTGGTAGTACGTTC	86.04970500855406	45.77086138860389	61.318869807356215	39.14699756106521	0.0	0.0	0.0	0.0	100.73335644600111	0.0	0.0	0.0	0.0	0.0	0.0	0.0	0.0	0.0	0.0	0.0	0.0	0.0	0.0	0.0	0.0	0.0	0.0	0.0
GSM4138111_HNSCC_1_TIL_CCCAGTTTCAGTACGT	123.41850585525275	50.276283487141136	107.89314788124983	0.0	134.45155570379433	5.671697095932784	0.0	0.0	0.0	0.0	152.55419916293502	0.0	0.0	0.0	0.0	0.0	0.0	0.0	0.0	0.0	0.0	0.0	0.0	0.0	0.0	0.0	0.0	0.0
GSM4138111_HNSCC_1_TIL_CCTAAAGCAAGGACTG	89.9071045544355	21.63776075173608	60.98993125962331	91.88676477645089	0.0	2.885444591365548	0.0	0.0	0.0	0.0	0.0	0.0	0.0	100.76591766596405	0.0	0.0	0.0	0.0	0.0	0.0	0.0	0.0	0.0	0.0	0.0	0.0	0.0	0.0
GSM4138111_HNSCC_1_TIL_GACGCGTTCAAACCGT	110.82479969509362	77.92205002780906	58.73664749825887	90.12612260076034	0.0	1.607295148397733	39.365513372787504	0.0	0.0	64.93086965637896	0.0	0.0	0.0	0.0	0.0	0.0	0.0	5.489827988814473	0.0	0.0	0.0	17.929999649977837	0.0	0.0	0.0	0.0	0.0	4.1642971973077625
GSM4138111_HNSCC_1_TIL_GGATGTTGTGGCTCCA	98.54454488819262	41.511723058339605	30.689857772504194	71.19064225700276	23.209694089100587	2.6049555829243296	0.0	0.0	0.0	0.0	52.45740547906772	0.0	0.0	54.69297724519119	0.0	0.0	0.0	0.0	0.0	0.0	0.0	0.0	0.0	0.0	0.0	0.0	31.080446456274426	0.0
GSM4138111_HNSCC_1_TIL_ACTGATGGTGCTAGCC	202.57461336496672	71.90140954883215	49.92474103955133	0.0	81.67438333320825	17.78947339824177	0.0	0.0	0.0	0.0	0.0	0.0	0.0	0.0	0.0	143.32077353227126	0.0	0.0	0.0	0.0	0.0	0.0	0.0	0.0	0.0	0.0	6.22153906697338	0.0
GSM4138111_HNSCC_1_TIL_CCTACCACATCGGGTC	175.51830104219871	46.90819825377271	42.807440327959455	69.86856245196623	0.0	7.246055919451107	0.0	0.0	0.0	0.0	148.6290620872541	0.0	0.0	0.0	0.0	0.0	0.0	0.0	0.0	0.0	0.0	0.0	0.0	0.0	0.0	0.0	0.0	0.0
GSM4138111_HNSCC_1_TIL_CTCACACAGTTGTCGT	121.70121282346885	78.6350569870091	44.81953771825247	113.91787200859898	0.0	9.584328681153762	0.0	0.0	0.0	0.0	0.0	243.89411705270882	0.0	0.0	0.0	0.0	0.0	0.0	0.0	0.0	0.0	0.0	0.0	0.0	0.0	0.0	0.0	0.0
GSM4138111_HNSCC_1_TIL_TACTTGTTCCGCATCT	198.96203203055595	46.37027146952635	147.6024325089843	0.0	117.9862665247768	1.350009985404043	0.0	0.0	0.0	0.0	147.5180848151784	0.0	0.0	0.0	0.0	0.0	0.0	0.0	0.0	0.0	0.0	0.0	96.97862532795234	0.0	0.0	0.0	0.0	0.0
GSM4138111_HNSCC_1_TIL_TGGCGCACATTATCTC	139.83123234664325	34.6960762048155	19.362833288918104	25.679205699856688	49.101418591635735	9.384920843370375	0.0	0.0	0.0	0.0	43.11489675397732	0.0	0.0	0.0	0.0	67.36472331088464	0.0	0.0	0.0	0.0	0.0	0.0	0.0	0.0	0.0	0.0	0.0	0.0
GSM4138111_HNSCC_1_TIL_AGAATAGTCTCCAACC	177.98049476159784	33.45892590460936	4.963448955487523	31.859152868836624	70.45052193061865	3.3713188467443223	0.0	0.0	34.1085168771937	34.15915523103366	0.0	0.0	0.0	0.0	0.0	0.0	0.0	0.0	0.0	0.0	0.0	0.0	0.0	0.0	3.750803595949004	0.0	0.0	0.0
GSM4138111_HNSCC_1_TIL_AGCTCTCTCTAACTCT	211.69899523513294	73.58366475120076	5.5627391804430015	116.56008615516654	166.33371330105734	7.289062158319055	0.0	0.0	0.0	0.0	0.0	0.0	0.0	0.0	322.17807061164825	0.0	0.0	0.0	0.0	0.0	0.0	0.0	0.0	0.0	0.0	0.0	0.0	0.0
GSM4138111_HNSCC_1_TIL_CACACAATCCCAAGAT	242.89659108056395	52.9945505380656	3.440780359619897	144.02565126148025	0.0	2.6076024950619976	0.0	0.0	0.0	203.08322392913988	0.0	0.0	0.0	0.0	0.0	0.0	0.0	0.0	0.0	0.0	0.0	0.0	0.0	0.0	0.0	0.0	0.0	0.0
GSM4138111_HNSCC_1_TIL_CCTAAAGTCTAACCGA	131.38727709319812	22.80486302844189	34.767201421126714	86.43374298228692	0.0	4.0954930919096775	0.0	0.0	0.0	0.0	0.0	0.0	59.67346119231532	0.0	0.0	0.0	0.0	0.0	0.0	0.0	0.0	0.0	0.0	0.0	0.0	0.0	0.0	0.0
GSM4138111_HNSCC_1_TIL_TCAACGAAGCGTAATA	192.36761420000718	39.87157615315544	98.37520061401894	97.7626921035238	0.0	0.0	0.0	0.0	16.926276849493203	111.91317215858756	0.0	0.0	0.0	0.0	0.0	0.0	0.0	0.0	0.0	0.0	0.0	0.0	0.0	0.0	0.0	0.0	0.0	0.0
GSM4138111_HNSCC_1_TIL_TCGGTAACATTACGAC	145.0391873350945	17.325850487641983	76.09294903087508	0.0	72.758741663324	10.043131604822914	0.0	0.0	0.0	44.0843300247797	0.0	0.0	0.0	0.0	0.0	0.0	0.0	0.0	0.0	0.0	0.0	0.0	0.0	0.0	0.0	0.0	0.0	0.0
GSM4138111_HNSCC_1_TIL_AACTCCCAGATGAGAG	111.74381888930748	117.24682125459708	67.24063630046749	77.80202848460243	0.0	9.53528008331586	0.0	0.0	127.40601207814862	0.0	0.0	0.0	0.0	0.0	0.0	0.0	0.0	0.0	0.0	0.0	0.0	0.0	0.0	0.0	0.0	0.0	0.0	0.0
GSM4138111_HNSCC_1_TIL_CACACAACAATTCCTT	128.91339848370032	36.00612617330626	64.81075007732782	44.94793118110487	26.847570595175107	1.4552432673832827	0.0	0.0	0.0	0.0	0.0	0.0	0.0	0.0	143.26312445222908	0.0	0.0	0.0	0.0	0.0	0.0	0.0	0.0	0.0	0.0	0.0	0.0	0.0
GSM4138111_HNSCC_1_TIL_CATGCCTCAGAGTGTG	175.14627754633312	77.87869554238972	74.25662028512338	61.83878664368207	0.0	18.419430921956543	0.0	0.0	27.707830568218263	0.0	0.0	0.0	0.0	0.0	83.7967250822575	0.0	0.0	0.0	0.0	0.0	0.0	11.24294905752938	0.0	0.0	0.0	0.0	0.0	0.0
GSM4138111_HNSCC_1_TIL_GACCTGGTCAATAAGG	184.18073654776748	49.06363626984985	57.95459295542874	77.9219263672732	0.0	9.472347619661663	7.153872885137464	0.0	88.3100067694894	0.0	0.0	0.0	0.0	0.0	0.0	0.0	0.0	25.681733147356802	0.0	0.0	0.0	0.0	0.0	0.0	0.0	0.0	0.0	0.0
GSM4138111_HNSCC_1_TIL_ACCGTAAAGAGGGATA	181.07683221498542	96.06930950676113	87.1113544906542	0.0	56.835226834336595	27.14587036482144	122.59715199646563	0.0	0.0	0.0	0.0	0.0	0.0	0.0	0.0	0.0	0.0	0.0	0.0	0.0	0.0	0.0	0.0	0.0	0.0	0.0	0.0	0.0
GSM4138111_HNSCC_1_TIL_ACGTCAAGTAGTACCT	365.8301618476587	132.58064341421368	184.8038724645344	0.0	117.9045314553419	23.091585399375653	0.0	0.0	0.0	0.0	0.0	276.4476844533966	0.0	0.0	0.0	0.0	0.0	0.0	0.0	0.0	0.0	0.0	0.0	0.0	0.0	0.0	0.0	0.0
GSM4138111_HNSCC_1_TIL_ACTGAACGTCTGGTCG	215.55309981996322	90.79433770313723	159.9676209382809	44.913774009528986	35.37089661078974	29.595111949452544	172.92648149541805	0.0	0.0	36.1245651465782	0.0	0.0	0.0	0.0	0.0	0.0	0.0	0.0	0.0	0.0	0.0	0.0	0.0	0.0	0.0	0.0	0.0	0.0
GSM4138111_HNSCC_1_TIL_AGGTCATGTCGCTTTC	283.1690986621898	70.118520722554	84.61594948550699	0.0	84.81885981793403	11.774779660516801	0.0	0.0	0.0	0.0	0.0	0.0	0.0	0.0	0.0	0.0	0.0	0.0	0.0	0.0	117.9831347540699	0.0	0.0	0.0	0.0	0.0	0.0	0.0
GSM4138111_HNSCC_1_TIL_CCTCTGACACTTCTGC	175.49136852413494	115.798377881255	61.33857719523115	85.34323542480485	0.0	25.94551249339569	0.0	0.0	0.0	0.0	0.0	0.0	0.0	0.0	0.0	0.0	0.0	162.09678578381804	0.0	0.0	0.0	0.0	0.0	0.0	0.0	0.0	0.0	0.0
GSM4138111_HNSCC_1_TIL_CTGCGGAGTTTAGCTG	240.83350747155998	70.83314889377311	75.12991650816886	0.0	38.1431702020423	15.973198586624438	0.0	0.0	0.0	0.0	0.0	0.0	85.66451267608532	0.0	0.0	0.0	0.0	0.0	0.0	0.0	0.0	0.0	0.0	0.0	0.0	0.0	0.0	0.0
GSM4138111_HNSCC_1_TIL_GAAACTCAGCTTTGGT	139.0796432019262	66.5604251627042	46.55763463200645	0.0	44.61357669794078	5.202734772953059	0.0	0.0	0.0	0.0	0.0	0.0	0.0	0.0	51.99803257904231	0.0	0.0	0.0	0.0	0.0	0.0	0.0	0.0	0.0	0.0	0.0	0.0	0.0
GSM4138111_HNSCC_1_TIL_GAAGCAGAGAAGATTC	105.50163413134416	54.06398897903119	81.09091151725617	81.28502686669931	0.0	8.609772171166272	0.0	0.0	0.0	0.0	0.0	0.0	0.0	0.0	0.0	0.0	0.0	0.0	0.0	0.0	0.0	0.0	99.24596266824376	0.0	0.0	0.0	0.0	0.0
GSM4138111_HNSCC_1_TIL_GATCGCGTCTGGTTCC	341.9145385575386	141.46153642200977	191.8999459123504	38.01282227764704	114.15550612448807	61.92706458498215	0.0	0.0	0.0	0.0	385.0463222599761	0.0	0.0	0.0	0.0	0.0	0.0	0.0	0.0	0.0	0.0	0.0	0.0	0.0	0.0	0.0	0.0	0.0
GSM4138111_HNSCC_1_TIL_GCAGCCATCACTATTC	126.5947296814063	92.69457541389136	83.5962950558078	97.07994927521837	0.0	28.674622301441904	56.75807768363839	75.4432326741305	0.0	0.0	0.0	0.0	0.0	0.0	0.0	0.0	0.0	0.0	0.0	0.0	0.0	0.0	0.0	0.0	0.0	0.0	0.0	0.0
GSM4138111_HNSCC_1_TIL_GGGCATCGTAGATTAG	190.3034222393323	104.21198345615068	167.17185988590361	0.0	132.23890695286872	15.090891811339402	199.94962252082135	0.0	0.0	0.0	0.0	0.0	0.0	0.0	0.0	0.0	0.0	0.0	0.0	0.0	0.0	0.0	0.0	0.0	0.0	0.0	0.0	0.0
GSM4138111_HNSCC_1_TIL_GTGCTTCTCGCCAGCA	187.79153122660264	57.360515785195645	62.12767555436236	0.0	13.114136418541797	18.96144496660949	0.0	0.0	29.82791562632533	0.0	0.0	0.0	0.0	0.0	0.0	0.0	0.0	0.0	6.39052461046333	0.0	0.0	0.0	0.0	0.0	0.0	34.972194894528435	0.0	0.0
GSM4138111_HNSCC_1_TIL_TCGTAGAAGATAGCAT	121.58075800342698	51.31811549728995	51.812868778827855	82.53335726231244	0.0	23.175278803630942	0.0	99.8533478045053	0.0	0.0	0.0	0.0	0.0	0.0	0.0	0.0	0.0	35.118946147972416	0.0	0.0	0.0	0.0	0.0	0.0	0.0	0.0	0.0	0.0
GSM4138111_HNSCC_1_TIL_TGAAAGAGTGTTCTTT	407.97836264362024	185.3638524219047	309.5873020483526	0.0	238.9718149434598	28.31904818863051	362.65286681695187	0.0	0.0	134.05422062686543	0.0	0.0	0.0	0.0	0.0	0.0	0.0	0.0	0.0	0.0	0.0	0.0	0.0	0.0	0.0	0.0	0.0	0.0
GSM4138111_HNSCC_1_TIL_TGAGCATTCCAATGGT	186.6701193456622	77.3071034105931	93.00745142969656	0.0	38.519891994594644	42.136756125340426	0.0	65.59729035695058	0.0	0.0	0.0	0.0	0.0	0.0	0.0	0.0	0.0	0.0	0.0	0.0	0.0	0.0	0.0	0.0	0.0	0.0	0.0	0.0
GSM4138111_HNSCC_1_TIL_TTGACTTGTGGTTTCA	201.90241530493864	105.85515169578818	91.67293986003946	70.57665891275833	0.0	7.70064533637766	0.0	0.0	0.0	75.92046109612266	0.0	0.0	0.0	0.0	0.0	0.0	0.0	0.0	0.0	0.0	0.0	0.0	0.0	56.669522146111376	0.0	0.0	0.0	0.0
GSM4138111_HNSCC_1_TIL_TTGGCAACAAACCTAC	315.1963461115016	171.41310368269376	210.3164321192907	325.95096216099637	0.0	30.736768320592724	0.0	133.85313358580612	158.23749270742502	0.0	0.0	0.0	0.0	0.0	0.0	0.0	0.0	0.0	0.0	0.0	0.0	0.0	0.0	0.0	0.0	0.0	0.0	0.0
GSM4138111_HNSCC_1_TIL_AACACGTAGGAGTCTG	96.48529531599111	44.7548753626909	91.98076253011344	0.0	32.656679824345204	80.08289480202072	0.0	46.74880716425633	116.62960569070991	0.0	0.0	0.0	59.973396850126186	0.0	0.0	0.0	0.0	0.0	0.0	0.0	0.0	0.0	0.0	0.0	0.0	0.0	0.0	0.0
GSM4138111_HNSCC_1_TIL_ACGCCGACATGCGCAC	52.253626756245055	48.75125262841548	42.69400275476792	0.0	32.59451167319333	64.66966610431554	0.0	0.0	0.0	142.42976490666828	0.0	0.0	0.0	0.0	0.0	0.0	0.0	0.0	0.0	0.0	0.0	0.0	0.0	0.0	0.0	0.0	0.0	0.0
GSM4138111_HNSCC_1_TIL_ACGGAGACAGGGTACA	122.44111667370056	33.538499784608035	86.97458943481293	0.0	25.150543079296618	79.35329131154823	0.0	0.0	35.571728701134	0.0	0.0	0.0	97.51993093886655	0.0	0.0	15.257666076137665	46.5692230482037	0.0	0.0	0.0	0.0	0.0	0.0	0.0	0.0	0.0	0.0	0.0
GSM4138111_HNSCC_1_TIL_ACGGGCTCAGGAATGC	235.69204195895054	133.63819790861487	185.40364461309306	90.91671438021363	0.0	56.00458774002414	123.59672071110911	0.0	87.56177834829204	0.0	0.0	0.0	0.0	0.0	0.0	0.0	0.0	0.0	27.666332324283875	0.0	0.0	0.0	0.0	0.0	0.0	0.0	0.0	0.0
GSM4138111_HNSCC_1_TIL_ACGTCAAAGAGCTGCA	101.39423371665792	44.61217843066177	93.98371177857742	0.0	98.29327762996792	72.17910847842367	0.0	0.0	0.0	0.0	0.0	0.0	242.12306858849783	0.0	0.0	0.0	0.0	0.0	0.0	0.0	0.0	0.0	0.0	0.0	0.0	0.0	0.0	0.0
GSM4138111_HNSCC_1_TIL_ACTATCTAGAGTACAT	173.47495561174262	90.3313375133822	129.63788298312366	34.38982439636096	4.008528619117324	88.59853253664104	0.0	63.3985236469538	0.0	0.0	0.0	0.0	0.0	0.0	38.090233675953186	0.0	0.0	0.0	98.31244345979881	0.0	0.0	0.0	0.0	0.0	0.0	0.0	0.0	0.0
GSM4138111_HNSCC_1_TIL_ACTGAGTCACCCAGTG	103.15376627112431	58.144001169376565	103.63193504933959	0.0	18.33075558958946	55.55398892328308	0.0	7.272559980386955	0.0	0.0	0.0	141.82866524209646	0.0	0.0	20.859936077813973	0.0	0.0	0.0	0.0	10.787604868641449	0.0	0.0	0.0	0.0	0.0	0.0	0.0	0.0
GSM4138111_HNSCC_1_TIL_ACTTGTTCAATCCGAT	112.78103545403872	21.527573389688555	163.26893941339475	42.174156592427735	0.0	74.75309132592928	0.0	0.0	0.0	0.0	0.0	169.91314768838873	0.0	0.0	0.0	0.0	0.4012785287917507	0.0	0.0	0.0	0.0	0.0	0.0	0.0	0.0	0.0	0.0	0.0
GSM4138111_HNSCC_1_TIL_AGATCTGCACTCAGGC	140.3486210958586	38.68507377147744	64.20602490336314	7.68779479100466	29.356828426520135	75.81961078575094	0.0	0.0	39.01649326043499	126.04743238403917	0.0	0.0	0.0	0.0	0.0	0.0	0.0	0.0	0.0	0.0	0.0	0.0	0.0	0.0	0.0	0.0	0.0	0.0
GSM4138111_HNSCC_1_TIL_AGCAGCCCACATTAGC	89.57867513964291	48.82960951033993	67.6048965528716	34.56274706909291	0.0	43.84246635765184	0.0	0.0	0.0	0.0	0.0	0.0	0.0	0.0	0.0	0.0	0.0	0.0	0.0	0.0	0.0	0.0	4.836267739395716	127.46158764889424	0.0	0.0	0.0	0.0
GSM4138111_HNSCC_1_TIL_AGCTCCTTCACCTCGT	152.8266510777695	49.48393207052607	153.16969820722707	39.94363553560299	0.0	59.56206361701044	212.77447972502102	0.0	0.0	0.0	0.0	0.0	0.0	0.0	0.0	0.0	0.0	0.0	0.0	0.0	0.0	0.0	0.0	0.0	0.0	0.0	0.0	0.0
GSM4138111_HNSCC_1_TIL_AGGCCACGTCCTCTTG	144.05031384873595	25.511936537037265	96.78308152928497	50.34557396752143	11.334454787945122	70.8238788652516	224.68220590959564	0.0	0.0	0.0	0.0	0.0	2.9387863071859757	0.0	0.0	0.0	0.0	0.0	51.25114511280357	11.937718844761696	26.17387949302099	0.0	0.0	0.0	0.0	0.0	0.0	0.0
GSM4138111_HNSCC_1_TIL_AGGCCGTGTTTGACAC	82.025750341734	61.77125698318532	90.89388537445352	56.78155556549566	0.0	79.27216701392196	0.0	169.98531889857935	0.0	0.0	0.0	0.0	0.0	0.0	0.0	0.0	0.0	0.0	0.0	0.0	0.0	0.0	0.0	0.0	0.0	0.0	0.0	0.0
GSM4138111_HNSCC_1_TIL_AGTAGTCCAGTTTACG	106.56860116903346	54.590639087528764	138.62360363555047	0.0	38.73560718578644	71.80558373468135	0.0	0.0	32.3876879008846	0.0	0.0	0.0	10.20449044391569	0.0	0.0	101.28270862632361	0.0	0.0	0.0	0.0	0.0	0.0	0.0	0.0	0.0	0.0	0.0	0.0
GSM4138111_HNSCC_1_TIL_AGTGGGAGTGTCCTCT	144.68274186598225	61.22926085772822	90.35112048077438	24.688226347248005	0.0	44.8205960104673	0.0	102.8676400301811	113.90915820349903	0.0	0.0	0.0	0.0	0.0	0.0	0.0	0.0	0.0	0.0	0.0	0.0	0.0	0.0	0.0	0.0	0.0	0.0	0.0
GSM4138111_HNSCC_1_TIL_ATCACGACAAGGACTG	56.92359435136823	25.806591751672908	58.36649319402317	0.0	34.563606388048576	33.90668698899621	224.66489999715088	0.0	0.0	0.0	0.0	0.0	0.0	0.0	0.0	0.0	0.0	0.0	0.0	0.0	0.0	0.0	0.0	0.0	0.0	0.0	0.0	0.0
GSM4138111_HNSCC_1_TIL_ATGCGATAGAATTCCC	85.55314293601879	31.73052756431955	93.34575272444562	0.0	57.41561543079876	73.73475170352663	0.0	0.0	0.0	0.0	0.0	41.03550215189221	0.0	0.0	0.0	0.0	0.0	0.0	0.0	159.20933500110337	0.0	0.0	0.0	0.0	0.0	0.0	0.0	0.0
GSM4138111_HNSCC_1_TIL_ATGCGATGTAGCTGCC	88.77320114880166	42.945700371746156	83.86584658134771	0.0	19.265642631925314	70.09825560654723	0.0	0.0	38.4640342582732	0.0	0.0	0.0	0.0	27.593214192724734	0.0	128.16016373299172	0.0	0.0	0.0	0.0	0.0	0.0	0.0	0.0	0.0	0.0	0.0	0.0
GSM4138111_HNSCC_1_TIL_ATTATCCAGTGTTAGA	108.57541991112984	39.857930170877665	130.88975927484054	67.96507451586157	0.0	78.56025624096642	0.0	177.3174495913993	2.898155353260879	0.0	0.0	0.0	0.0	0.0	0.0	0.0	0.0	0.0	0.0	0.0	0.0	0.0	0.0	0.0	0.0	0.0	0.0	0.0
GSM4138111_HNSCC_1_TIL_ATTCTACGTCGAATCT	105.68387270043853	50.268070866373506	89.05476967435435	99.90024417802886	0.0	88.18543249301804	184.1808331282749	53.512158826975686	10.872280883880617	0.0	0.0	0.0	0.0	0.0	0.0	0.0	0.0	0.0	0.0	0.0	0.0	0.0	0.0	0.0	0.0	0.0	0.0	0.0
GSM4138111_HNSCC_1_TIL_ATTGGACAGCAATCTC	146.26052410758962	40.930368917454636	108.57989348202426	0.0	14.622874818842295	71.4915793135407	78.11971995512118	0.0	0.0	72.04858770401593	0.0	0.0	0.0	0.0	0.0	0.0	0.0	0.0	0.0	0.0	0.0	0.0	0.0	0.0	0.0	0.0	0.0	0.0
GSM4138111_HNSCC_1_TIL_CACATTTGTTGTTTGG	181.115936704849	140.81498996529467	258.5652558811787	0.0	99.63862746753419	65.18759598741681	0.0	314.30615886682665	0.0	0.0	0.0	0.0	0.0	0.0	0.0	0.0	0.0	0.0	90.1527770411211	0.0	0.0	0.0	0.0	0.0	0.0	0.0	0.0	0.0
GSM4138111_HNSCC_1_TIL_CCCAGTTTCTCGTTTA	109.86202255023464	44.56567438269038	163.61988570360333	59.888210696439934	0.0	77.74822122378448	0.0	0.0	0.0	0.0	0.0	0.0	345.658040376339	0.0	0.0	0.0	0.0	0.0	0.0	0.0	0.0	0.0	0.0	0.0	0.0	0.0	0.0	0.0
GSM4138111_HNSCC_1_TIL_CCCATACAGACGCAAC	91.55368971538125	50.14484078721104	148.13618869000277	0.0	0.0	23.090402795055887	0.0	0.0	47.95778721475082	45.13656147464451	0.0	0.0	0.0	0.0	0.0	0.0	0.0	0.0	0.0	0.0	0.0	0.0	0.0	0.0	0.0	0.0	0.0	0.0
GSM4138111_HNSCC_1_TIL_CCGTGGAAGGCATTGG	163.166983139396	98.11889189804117	147.86637908783644	0.0	93.86920103310902	113.8575274890069	0.0	0.0	248.28555279129188	0.0	0.0	0.0	0.0	0.0	0.0	0.0	0.0	0.0	0.0	0.0	0.0	0.0	0.0	0.0	0.0	0.0	0.0	0.0
GSM4138111_HNSCC_1_TIL_CCGTGGAAGTAACCCT	128.02563531630412	83.63824042046029	49.31612171302165	0.0	56.388274789247276	87.22213261690092	0.0	0.0	0.0	0.0	0.0	182.57494711973808	0.0	0.0	0.0	0.0	0.0	0.0	0.0	4.832461937155244	0.0	0.0	0.0	0.0	0.0	0.0	0.0	0.0
GSM4138111_HNSCC_1_TIL_CCTAAAGTCTCCCTGA	120.11794029858522	24.315995413729066	105.029521089405	39.291309899431766	0.0	83.58058158863074	100.55265555044565	38.3178832416328	80.02519387703902	0.0	0.0	0.0	0.0	0.0	0.0	8.556302188368516	0.0	0.0	0.0	0.0	0.0	0.0	0.0	0.0	0.0	0.0	0.0	0.0
GSM4138111_HNSCC_1_TIL_CCTTACGAGTGGCACA	86.63224599471812	55.290685988228915	87.5277993614098	64.22022303326767	0.0	68.99178549426941	0.0	0.0	80.55247787405223	0.0	0.0	0.0	134.7937650346935	0.0	0.0	0.0	0.0	0.0	0.0	0.0	0.0	0.0	0.0	0.0	0.0	0.0	0.0	0.0
GSM4138111_HNSCC_1_TIL_CGCTGGATCCTCAACC	98.95565766118428	43.057974291027506	110.5195308010928	0.0	38.53832384784424	54.07568496843514	0.0	0.0	3.164376150825533	0.0	0.0	0.0	171.36179307287733	0.0	0.0	0.0	0.0	0.0	0.0	0.0	0.0	0.0	0.0	0.0	0.0	0.0	0.0	0.0
GSM4138111_HNSCC_1_TIL_CGGAGTCCATCCGCGA	109.97121476057727	35.045083940175324	86.28329275306004	0.0	0.0	47.08785988921531	0.0	0.0	0.0	0.0	0.0	142.77422400673063	0.0	0.0	0.0	0.0	0.0	0.0	0.0	0.0	0.0	0.0	0.0	0.0	0.0	0.0	0.0	0.0
GSM4138111_HNSCC_1_TIL_CGTCACTTCCCATTTA	74.45851972356188	42.08941040328482	94.30240857846928	37.8974885077972	0.0	48.81449178490886	0.0	0.0	0.0	0.0	0.0	0.0	0.0	0.0	49.83552569812642	0.0	38.57215588260604	0.0	0.0	0.0	0.0	0.0	0.0	0.0	0.0	0.0	0.0	0.0
GSM4138111_HNSCC_1_TIL_CTCGTCATCGATGAGG	191.79812180413344	42.50817837114792	137.27277668745373	0.0	49.49429174960425	92.67843406754893	0.0	0.0	0.0	0.0	0.0	0.0	112.91719612756603	0.0	0.0	0.0	101.67850745604105	0.0	0.0	0.0	0.0	0.0	0.0	0.0	0.0	0.0	0.0	0.0
GSM4138111_HNSCC_1_TIL_CTGATCCAGCTGAACG	176.53724754488985	97.92794142994842	168.1242208318713	0.0	91.98600813811602	64.24715713929162	0.0	0.0	0.0	0.0	0.0	0.0	143.2101708072862	0.0	132.0782425965584	0.0	0.0	0.0	0.0	0.0	0.0	0.0	0.0	0.0	0.0	0.0	0.0	0.0
GSM4138111_HNSCC_1_TIL_CTTAACTCATGGTCAT	113.11598324348489	64.12461338485397	126.3493739194032	31.424010410343367	0.0	80.1043341877622	0.0	298.04179169222704	0.0	0.0	0.0	0.0	0.0	0.0	0.0	0.0	0.0	0.0	0.0	0.0	0.0	0.0	0.0	0.0	0.0	0.0	0.0	0.0
GSM4138111_HNSCC_1_TIL_CTTACCGTCACAGTAC	119.70576214525619	25.994163224347766	112.86083837412515	24.746960261034463	0.0	87.47196417072462	9.772398561357809	0.0	0.0	0.0	0.0	0.0	48.36482341509527	0.0	0.0	0.0	9.870541026213745	0.0	0.0	103.01024515909906	0.0	0.0	0.0	0.0	0.0	0.0	0.0	0.0
GSM4138111_HNSCC_1_TIL_GAACGGATCTGAGTGT	83.01938312643006	40.726424637515	92.7025717165096	0.0	41.94122930062239	103.21700286965036	0.0	0.0	0.0	0.0	0.0	0.0	0.0	0.0	0.0	90.39327807095779	55.74262692660657	0.0	0.0	0.0	0.0	0.0	0.0	0.0	0.0	0.0	0.0	0.0
GSM4138111_HNSCC_1_TIL_GACCAATCAAAGCGGT	136.0966738111813	54.92829995716394	102.33706951651504	0.0	50.21427623447074	87.57124049090262	0.0	23.51544000143576	0.0	0.0	0.0	0.0	0.0	0.0	0.0	0.0	0.0	0.0	126.57323877045627	75.74005694434321	0.0	0.0	0.0	0.0	0.0	0.0	0.0	0.0
GSM4138111_HNSCC_1_TIL_GATCTAGGTCAAACTC	112.77026532886586	34.6063796757507	178.67025821003878	11.007408019942302	6.6033004845178125	74.1942588279154	0.0	153.9966072775713	0.0	0.0	0.0	0.0	1.4671534568540883	0.0	0.0	0.0	0.0	0.0	0.0	0.0	0.0	0.0	0.0	0.0	0.0	0.0	0.0	0.0
GSM4138111_HNSCC_1_TIL_GCAATCATCTCTAGGA	209.77210133555272	50.155814616142166	133.61287243259355	0.0	11.119425837226757	56.90274541886468	188.13986759327622	0.0	0.0	0.0	0.0	0.0	0.0	0.0	0.0	0.0	0.0	0.0	0.0	0.0	0.0	0.0	0.0	0.0	0.0	0.0	0.0	0.0
GSM4138111_HNSCC_1_TIL_GCAGCCACAAGTCTGT	66.41624707138928	52.13482550901312	132.304233435752	54.045984749246365	9.72999685504824	134.10540674812867	126.30997199104658	0.0	0.0	0.0	0.0	0.0	0.0	0.0	0.0	0.0	0.0	0.0	158.09477808385546	0.0	0.0	0.0	0.0	0.0	0.0	0.0	0.0	0.0
GSM4138111_HNSCC_1_TIL_GCAGTTATCTTCGAGA	183.8215406939116	96.67007443589974	172.26091908493476	61.66043899598042	45.85591699615086	63.368809710372005	98.14193509514276	0.0	0.0	0.0	0.0	0.0	0.0	200.36396169644462	0.0	0.0	0.0	0.0	0.0	0.0	0.0	0.0	0.0	0.0	0.0	0.0	0.0	0.0
GSM4138111_HNSCC_1_TIL_GCCTCTAAGCTAACTC	123.05808422625704	43.0737074270908	61.596753315649345	74.49185661131153	0.0	73.68800568738828	113.58190201012486	0.0	66.7683128006699	0.0	0.0	0.0	0.0	0.0	0.0	0.0	0.0	0.0	0.0	4.95603901730874	0.0	0.0	0.0	0.0	0.0	0.0	0.0	0.0
GSM4138111_HNSCC_1_TIL_GCGCCAAGTACAGTTC	86.559207976552	79.09127969464876	119.4988871797993	29.656494369859487	0.0	103.31755613461193	0.0	206.0209927905201	0.0	0.0	0.0	0.0	0.0	0.0	0.0	0.0	0.0	0.0	0.0	0.0	0.0	0.0	0.0	0.0	0.0	0.0	0.0	0.0
GSM4138111_HNSCC_1_TIL_GCTCTGTTCAACTCTT	116.73515086743305	63.139099554932656	115.87041619588324	0.0	72.15577453534405	79.68591098394964	0.0	124.43868400435176	0.0	0.0	0.0	0.0	0.0	0.0	0.0	0.0	0.0	0.0	0.0	85.74222580161286	0.0	0.0	0.0	0.0	0.0	0.0	0.0	0.0
GSM4138111_HNSCC_1_TIL_GCTGCGATCTCGAGTA	199.54633552466242	96.35370213886998	126.008947188347	85.20260988260713	0.0	81.39654337492979	0.0	0.0	0.0	0.0	0.0	0.0	0.0	0.0	0.0	258.81493372364065	0.0	0.0	0.0	0.0	0.0	0.0	0.0	0.0	0.0	0.0	0.0	0.0
GSM4138111_HNSCC_1_TIL_GCTTGAAGTGACCAAG	130.79344331377757	23.066503822795017	107.11247348539135	3.280868835116045	26.975983226553836	65.5589598424026	0.0	96.90522068438621	70.33477451711755	0.0	0.0	0.0	0.0	0.0	0.0	0.0	0.0	0.0	0.0	0.0	0.0	0.0	0.0	0.0	0.0	0.0	0.0	0.0
GSM4138111_HNSCC_1_TIL_GGAATAACATCGACGC	187.05908719479123	71.51686948867186	114.06705330727091	64.41544139075299	0.0	74.93100058133965	0.0	0.0	31.495484264591134	0.0	0.0	0.0	202.6431611637167	0.0	0.0	0.0	0.0	0.0	0.0	0.0	0.0	0.0	0.0	0.0	0.0	0.0	0.0	0.0
GSM4138111_HNSCC_1_TIL_GGACGTCTCCGTTGCT	150.23303179450582	42.93884017094128	139.09675645794886	0.2550168788103042	46.490019425816875	86.67949361766507	229.6302697301623	0.0	0.0	0.0	0.0	0.0	0.0	0.0	0.0	0.0	0.0	0.0	0.0	0.0	0.0	0.0	0.0	0.0	0.0	0.0	0.0	0.0
GSM4138111_HNSCC_1_TIL_GGAGCAATCCGTAGGC	143.93014841032814	37.62499206239015	101.43192391047212	0.0	24.61340666295223	86.87791647014934	0.0	122.11850767421261	0.0	0.0	0.0	0.0	0.0	0.0	0.0	0.0	31.631564128123134	0.0	0.0	0.0	0.0	0.0	0.0	0.0	0.0	0.0	0.0	0.0
GSM4138111_HNSCC_1_TIL_GGCTGGTCACCAGCAC	61.72176884023216	37.175305663167435	105.00353516126441	0.0	58.555984566930924	67.90943624736154	0.0	0.0	0.0	0.0	0.0	0.0	0.0	0.0	0.0	118.8831079162908	0.0	0.0	0.0	0.0	0.0	0.0	68.61344491898065	0.0	0.0	0.0	0.0	0.0
GSM4138111_HNSCC_1_TIL_GGGAGATAGGGTTCCC	0.0	0.0	0.0	0.0	0.0	1326.9950934853998	0.0	0.0	0.0	0.0	0.0	0.0	0.0	0.0	0.0	0.0	0.0	0.0	0.0	0.0	0.0	0.0	0.0	0.0	0.0	0.0	0.0	0.0
GSM4138111_HNSCC_1_TIL_GGGTTGCCAGCCAATT	211.8355136589502	17.517223232753313	82.02976703591027	24.224804071390245	12.542756060896698	42.40981349451703	0.0	0.0	0.0	0.0	0.0	99.30413497910796	0.0	0.0	0.0	0.0	0.0	0.0	0.0	0.4733489988006166	0.0	0.0	0.0	0.0	0.0	0.0	0.0	0.0
GSM4138111_HNSCC_1_TIL_GTAGTCACATCACGAT	140.36344443864144	18.537424146003797	91.2186423725807	0.0	7.430901440971836	59.76865629069363	0.0	0.0	0.0	92.80575371412935	0.0	0.0	0.0	0.0	0.0	0.0	0.0	0.0	122.48592347165567	0.0	0.0	0.0	0.0	0.0	0.0	0.0	0.0	0.0
GSM4138111_HNSCC_1_TIL_GTATTCTCAACTGCTA	86.43781298589036	27.187402825193676	91.57339937332891	0.0	94.6104122149197	60.58843343844441	0.0	0.0	0.0	0.0	0.0	0.0	215.6711487516316	0.0	0.0	0.0	0.0	0.0	0.0	0.0	0.0	0.0	0.0	0.0	0.0	0.0	0.0	0.0
GSM4138111_HNSCC_1_TIL_GTCACGGGTCTTGTCC	127.7576517497205	59.35863619393375	70.66023824220645	0.0	34.296016433613545	79.10845230401803	0.0	0.0	93.96698681526865	0.0	0.0	0.0	106.78628596516083	0.0	0.0	0.0	0.0	0.0	0.0	0.0	0.0	0.0	0.0	0.0	0.0	0.0	0.0	0.0
GSM4138111_HNSCC_1_TIL_GTCCTCATCCCTCAGT	297.9508797914838	141.1098229518638	265.98146140810707	135.79125592890932	0.0	81.12459370547695	334.94627041980823	0.0	0.0	0.0	0.0	182.09406053862642	0.0	0.0	0.0	0.0	0.0	0.0	0.0	0.0	0.0	0.0	0.0	0.0	0.0	0.0	0.0	0.0
GSM4138111_HNSCC_1_TIL_GTGCATACATCACAAC	120.6317255935721	64.05823481744277	100.93142328594818	64.8020774139656	0.0	43.76349874829754	0.0	56.65864692043806	142.39927485036839	0.0	0.0	0.0	0.0	0.0	0.0	0.0	0.0	0.0	0.0	0.0	0.0	0.0	0.0	0.0	0.0	0.0	0.0	0.0
GSM4138111_HNSCC_1_TIL_GTGTGCGAGTGGGATC	96.1506720178142	37.53029271208252	73.63523104716921	52.244021801596894	8.75780419825142	71.41865064025191	0.0	47.42899603690771	0.0	0.0	0.0	0.0	0.0	0.0	0.0	96.34317049084751	0.0	0.0	0.0	0.0	0.0	0.0	0.0	0.0	0.0	0.0	0.0	0.0
GSM4138111_HNSCC_1_TIL_GTTCATTGTGCCTGGT	236.7022600967635	125.86495234638336	298.4396540624661	89.56265503400431	0.0	56.80341339106802	301.67984196464323	0.0	0.0	0.0	0.0	0.0	0.0	0.0	0.0	0.0	0.0	0.0	0.0	0.0	0.0	0.0	0.0	0.0	0.0	0.0	0.0	0.0
GSM4138111_HNSCC_1_TIL_GTTCATTTCATGTAGC	135.32809692125252	49.57067172469682	100.5846875893688	32.16970000098364	0.0	85.1887316825765	207.27101634753706	0.0	0.0	0.0	0.0	0.0	0.0	0.0	0.0	0.0	0.0	0.0	0.0	0.0	0.0	0.0	0.0	0.0	0.0	0.0	0.0	0.0
GSM4138111_HNSCC_1_TIL_TAAGCGTTCGGATGGA	110.9345844278267	43.86549353020522	71.0486413566608	0.0	58.07060577665888	75.85899869502929	0.0	0.0	173.6865873933111	0.0	0.0	0.0	0.0	0.0	0.0	0.0	0.0	0.0	0.0	0.0	0.0	0.0	0.0	0.0	0.0	0.0	0.0	0.0
GSM4138111_HNSCC_1_TIL_TACGGATGTCGTGGCT	87.19353260565263	8.821934374359516	72.57394716305343	0.0	23.99020858630693	148.2141454955919	0.0	0.0	140.1515535679724	0.0	0.0	0.0	0.0	0.0	0.0	0.0	0.0	0.0	0.0	0.0	0.0	0.0	0.0	0.0	0.0	0.0	0.0	0.0
GSM4138111_HNSCC_1_TIL_TATCAGGTCTACCAGA	116.8680147143258	49.33079850776852	105.85325117602422	10.806723806570634	0.0	92.54770469044564	62.63391672710607	70.34496426560085	0.0	0.0	0.0	0.0	0.0	0.0	0.0	0.0	0.0	0.0	0.0	0.0	0.0	0.0	0.0	0.0	0.0	0.0	0.0	0.0
GSM4138111_HNSCC_1_TIL_TCGCGAGTCCGCATAA	61.39966561448349	32.945150260045196	128.5595680464395	62.79177371623413	0.0	112.69546844044092	137.47774387130045	0.0	18.179965627127242	0.0	0.0	0.0	0.0	0.0	0.0	0.0	0.0	0.0	0.0	0.0	0.0	0.0	0.0	0.0	0.0	0.0	0.0	0.0
GSM4138111_HNSCC_1_TIL_TGACTAGAGCGTAATA	77.59163396327058	48.9318873537334	92.01861441716174	0.0	37.94181113041727	56.93226546156477	0.0	124.24364354272552	0.0	0.0	0.0	0.0	3.188503898130846	0.0	0.0	0.0	0.0	0.0	0.0	0.0	0.0	0.0	0.0	0.0	0.0	0.0	0.0	0.0
GSM4138111_HNSCC_1_TIL_TGCTACCCACTGTCGG	134.23096068104377	39.614257136868105	123.40849801619484	47.80671694748848	0.0	25.69092295835986	83.30751030854938	0.0	0.0	3.1862778898701856	0.0	0.0	0.0	0.0	0.0	0.0	0.0	0.0	65.12148353455251	0.0	0.0	0.0	0.0	0.0	0.0	0.0	0.0	0.0
GSM4138111_HNSCC_1_TIL_TTGCCGTCAAGACACG	162.96129106878166	71.46551343563087	81.7755930422667	42.01840440262374	0.0	92.66260281024262	0.0	17.280649280734384	252.20348401996924	0.0	0.0	0.0	0.0	0.0	0.0	0.0	0.0	0.0	0.0	0.0	0.0	0.0	0.0	0.0	0.0	0.0	0.0	0.0
GSM4138111_HNSCC_1_TIL_TTGTAGGCACAGGAGT	173.36567371872815	18.493381554670627	104.44676434733766	55.5934468990086	0.0	40.453514814193085	128.66908331376516	0.0	19.111463981590312	0.0	0.0	0.0	0.0	0.0	0.0	0.0	0.0	0.0	0.0	0.0	0.0	0.0	0.0	0.0	0.0	0.0	0.0	0.0
GSM4138111_HNSCC_1_TIL_ACACCAAAGACTACAA	171.8486297828484	40.71372979662612	78.17336571385646	68.41393509740065	0.0	9.180085498240889	59.81167982949834	0.0	0.0	69.18374142135681	0.0	0.0	0.0	0.0	0.0	0.0	0.0	0.0	0.0	0.0	0.0	0.0	0.0	0.0	0.0	0.0	0.0	0.0
GSM4138111_HNSCC_1_TIL_CTCATTAAGCTCCTTC	224.79978957449356	61.78787307794899	23.650071496782044	0.0	150.9691809573689	6.0186268386241215	108.53285904923007	0.0	0.0	0.0	0.0	0.0	0.0	0.0	0.0	0.0	0.0	0.0	0.0	0.0	0.0	0.0	0.0	0.0	0.0	0.0	0.0	0.0
GSM4138111_HNSCC_1_TIL_TAGTGGTGTACCATCA	193.83241054955408	43.17576341245006	0.0	91.72416395541417	0.0	3.86061790759579	0.0	0.0	0.0	0.0	0.0	0.0	165.42915244874712	0.0	0.0	0.0	0.0	0.0	0.0	0.0	0.0	0.0	0.0	0.0	0.0	0.0	0.0	0.0
GSM4138111_HNSCC_1_TIL_TTATGCTTCCGATATG	151.70474662223967	57.27473049121999	35.098046303800544	0.0	80.1818670997941	2.718397179044813	0.0	0.0	80.59821200227	0.0	0.0	0.0	0.0	0.0	0.0	0.0	0.0	0.0	0.0	0.0	0.0	0.0	0.0	0.0	0.0	0.0	0.0	0.0
GSM4138111_HNSCC_1_TIL_ATCCGAATCAACACTG	144.18749704835838	59.274109511259475	94.08695432366474	0.0	40.96123682849211	10.302135266293591	0.0	0.0	0.0	0.0	0.0	0.0	0.0	0.0	0.0	0.0	0.0	0.0	0.0	0.0	0.0	0.0	58.66074262253656	0.0	0.0	0.0	0.0	0.0
GSM4138111_HNSCC_1_TIL_CGTCTACTCTGGCGAC	480.9247073337618	158.39679893586927	274.6499970497191	160.72014385398282	96.36135816308689	33.45347851921465	434.8864592158782	0.0	0.0	0.0	0.0	0.0	0.0	0.0	0.0	0.0	0.0	0.0	0.0	0.0	0.0	0.0	0.0	0.0	0.0	0.0	0.0	0.0
GSM4138111_HNSCC_1_TIL_GTTTCTAAGGAGTTTA	194.5136592115481	40.479802421526244	60.695074898015505	66.51008109996017	0.0	0.0	0.0	0.0	0.0	0.0	0.0	0.0	0.0	0.0	0.0	0.0	0.0	0.0	101.36445809144203	0.0	0.0	0.0	0.0	0.0	0.0	0.0	0.0	0.0
GSM4138111_HNSCC_1_TIL_AAACGGGTCTTGCCGT	461.1378620427635	161.83932747954998	308.5095457301666	0.0	359.5202376396531	10.28467641590287	0.0	0.0	0.0	595.3558964403283	0.0	0.0	0.0	0.0	0.0	0.0	0.0	0.0	0.0	0.0	0.0	0.0	0.0	0.0	0.0	33.29119166356408	0.0	0.0
GSM4138111_HNSCC_1_TIL_AAAGATGAGCTAGTCT	306.9262293255308	63.251773266899136	121.13217554910904	40.22405975528875	0.0	21.348851751381783	0.0	0.0	0.0	0.0	0.0	0.0	0.0	20.345347381448182	0.0	107.93620606841533	0.0	0.0	0.0	0.0	0.0	0.0	39.09987825620168	0.0	0.0	0.0	0.0	0.0
GSM4138111_HNSCC_1_TIL_AACTGGTTCCTCATTA	4522.268209750172	0.0	0.0	0.0	0.0	0.0	0.0	0.0	0.0	0.0	0.0	0.0	0.0	0.0	0.0	0.0	0.0	0.0	0.0	0.0	0.0	0.0	0.0	0.0	0.0	0.0	0.0	0.0
GSM4138111_HNSCC_1_TIL_ACACTGACATTAACCG	495.76819506862466	62.31274336914184	159.84567769679106	206.38559492094853	0.0	13.338472002603925	84.30045029178272	0.0	0.0	0.0	0.0	0.0	0.0	0.0	0.0	0.0	0.0	0.0	0.0	16.602991778986706	103.99664976362186	0.0	0.0	0.0	0.0	0.0	0.0	0.0
GSM4138111_HNSCC_1_TIL_ACCTTTATCAATCACG	475.8616378878737	268.3855431351241	494.17075151621015	0.0	255.93363426263315	42.38934039818315	0.0	0.0	380.859681036265	0.0	307.7426559970857	0.0	0.0	0.0	0.0	0.0	0.0	0.0	0.0	0.0	0.0	0.0	0.0	0.0	0.0	0.0	0.0	0.0
GSM4138111_HNSCC_1_TIL_AGCTTGAAGAGGACGG	249.12252585016532	70.67340295281518	227.72553322181557	160.79944049107212	0.0	12.044041445081973	0.0	0.0	0.0	0.0	0.0	0.0	0.0	0.0	125.6628030456737	0.0	0.0	0.0	0.0	0.0	159.40850174719824	0.0	0.0	0.0	0.0	0.0	0.0	0.0
GSM4138111_HNSCC_1_TIL_ATGCGATAGACGCTTT	507.5117559461194	200.33592658082787	491.68106480493464	0.0	213.76640144524453	51.09444791584708	0.0	0.0	631.3329741962963	0.0	0.0	0.0	0.0	0.0	0.0	0.0	0.0	0.0	0.0	0.0	0.0	0.0	0.0	0.0	0.0	0.0	0.0	0.0
GSM4138111_HNSCC_1_TIL_ATTGGACAGACACTAA	409.71951927235506	91.27318700025648	268.1080353758364	67.86654694165091	6.217835624961267	20.85979933946429	0.0	0.0	0.0	0.0	0.0	0.0	0.0	0.0	0.0	167.25285574922006	0.0	0.0	0.0	0.0	0.0	0.0	0.0	0.0	0.0	0.0	0.0	0.0
GSM4138111_HNSCC_1_TIL_ATTGGACAGCTAGGCA	520.7377052643011	222.75388297980956	274.8080601981325	0.0	127.26635260319198	23.888157276728105	0.0	0.0	0.0	0.0	0.0	0.0	0.0	379.96569694349944	0.0	0.0	0.0	0.0	0.0	0.0	0.0	0.0	0.0	0.0	0.0	0.0	0.0	0.0
GSM4138111_HNSCC_1_TIL_CAACTAGAGACTTTCG	316.2535202485969	92.32193135245119	280.90975411370005	0.0	217.53804074235333	6.10976988941714	328.150754420717	0.0	0.0	33.49034014810765	0.0	0.0	0.0	0.0	0.0	0.0	0.0	0.0	0.0	0.0	0.0	0.0	0.0	0.0	0.0	0.0	0.0	0.0
GSM4138111_HNSCC_1_TIL_CAGCTAACAGTATGCT	230.76515812145365	150.77969687489406	209.2158955626721	0.0	111.43857254000018	28.8111981437037	0.0	0.0	0.0	0.0	0.0	0.0	0.0	188.8070271578655	0.0	0.0	0.0	0.0	0.0	0.0	0.0	0.0	0.0	0.0	0.0	0.0	0.0	0.0
GSM4138111_HNSCC_1_TIL_CATTCGCCAAGGACAC	467.98378895447263	102.39746661100834	250.32158541913512	147.89404074932864	0.0	0.0	0.0	0.0	0.0	0.0	0.0	0.0	0.0	0.0	0.0	0.0	202.9310901031988	0.0	0.0	0.0	0.0	0.0	0.0	0.0	0.0	0.0	0.0	0.0
GSM4138111_HNSCC_1_TIL_CCCTCCTAGCCGTCGT	320.2553731570802	116.48210032425854	176.14683129923108	55.8574789711515	0.0	11.382995842798511	0.0	0.0	0.0	0.0	0.0	0.0	0.0	0.0	0.0	94.08722052464792	79.48652535543714	0.0	0.0	0.0	0.0	0.0	0.0	0.0	0.0	0.0	0.0	0.0
GSM4138111_HNSCC_1_TIL_CCTTCCCGTCCCGACA	322.88684771204896	71.8331916770541	279.9047728226652	189.87192385509982	9.302009252262135	8.159561032560088	0.0	0.0	0.0	0.0	0.0	0.0	0.0	0.0	0.0	9.692190240001613	162.19325086752704	0.0	0.0	0.0	0.0	0.0	0.0	0.0	0.5715918842525656	0.0	0.0	0.0
GSM4138111_HNSCC_1_TIL_CGTGAGCGTATCAGTC	172.52708909153816	66.3399000699889	97.52916820825074	76.03203861870999	0.0	5.405537427632712	0.0	137.3002344243401	0.0	0.0	0.0	0.0	0.0	0.0	0.0	0.0	0.0	39.91958783085686	0.0	0.0	0.0	0.0	0.0	0.0	0.0	0.0	0.0	0.0
GSM4138111_HNSCC_1_TIL_CGTGTAAAGCCAGGAT	387.5623490526121	97.59995262077466	200.62152677144337	253.0190869182095	0.0	12.823335024312405	0.0	0.0	0.0	0.0	0.0	0.0	429.2501411762329	0.0	0.0	0.0	0.0	0.0	0.0	0.0	0.0	0.0	0.0	0.0	9.508521748070368	0.0	0.0	0.0
GSM4138111_HNSCC_1_TIL_CTAGCCTCAGCTTCGG	770.9341861502312	241.33455895914557	639.5498193221152	278.2165545851336	64.02069144785071	31.475871628642906	40.446438640554454	0.0	0.0	589.8665436532532	0.0	0.0	0.0	0.0	0.0	131.24112537350987	0.0	0.0	0.0	0.0	0.0	0.0	0.0	0.0	0.0	0.0	0.0	0.0
GSM4138111_HNSCC_1_TIL_CTCAGAAAGTGCTGCC	151.937823240875	74.36085198453081	102.96391741409091	0.0	62.093345533460365	21.233654906181638	0.0	0.0	0.0	0.0	101.09146807110965	0.0	0.0	0.0	0.0	0.0	0.0	0.0	0.0	0.0	0.0	0.0	0.0	0.0	0.0	0.0	0.0	0.0
GSM4138111_HNSCC_1_TIL_CTCAGAAGTCAAGCGA	649.9877932258736	112.41741176823228	497.9519827069537	0.8170319122727286	0.0	46.11625026911203	0.0	0.0	0.0	0.0	0.0	471.88799489261066	0.0	0.0	0.0	0.0	0.0	0.0	0.0	0.0	0.0	0.0	0.0	0.0	247.23255841421638	0.0	0.0	0.0
GSM4138111_HNSCC_1_TIL_CTCGAAAAGGCCCTCA	245.23414898556368	67.38049156088398	78.84582735437391	195.23658155461595	0.0	4.893344817266808	56.46316758388127	0.0	60.166596767205924	0.0	0.0	0.0	0.0	0.0	0.0	0.0	0.0	0.0	0.0	0.0	1.4944996500129653	0.0	0.0	34.48617439035164	0.0	0.0	0.0	0.0
GSM4138111_HNSCC_1_TIL_GAAATGAAGGATATAC	292.0453747810282	81.42996810044032	181.57391994590657	21.520253795799153	88.7097615258698	8.285956928400985	78.99097228240258	0.0	0.0	154.48068432191818	0.0	0.0	0.0	0.0	0.0	0.0	0.0	0.0	0.0	0.0	0.0	0.0	0.0	0.0	0.0	0.0	0.0	0.0
GSM4138111_HNSCC_1_TIL_GGCAATTTCCCACTTG	432.33480806242073	120.68316259232397	145.82354712293866	178.74712023388005	0.0	17.472092253043883	167.9991437583209	0.0	0.0	0.0	0.0	0.0	0.0	0.0	0.0	0.0	0.0	0.0	0.0	0.0	0.0	0.0	0.0	0.0	0.0	0.0	0.0	0.0
GSM4138111_HNSCC_1_TIL_GGTGCGTGTCTAACGT	460.7607163638881	126.10848233550759	181.33826660563966	113.54306895743571	22.189910636281265	23.414932473148394	0.0	0.0	0.0	0.0	0.0	0.0	0.0	0.0	0.0	0.0	169.04929942981218	0.0	0.0	63.04726338279273	0.0	0.0	0.0	0.0	0.0	0.0	0.0	0.0
GSM4138111_HNSCC_1_TIL_GTAGGCCAGATGTGTA	468.0211805103864	70.62925683360142	209.42232510612982	68.71671118059305	0.0	11.346001853435208	0.0	0.0	0.0	0.0	0.0	0.0	0.0	0.0	0.0	69.42481297507935	36.25543092280373	0.0	0.0	0.0	0.0	0.0	0.0	0.0	0.0	0.0	0.0	0.0
GSM4138111_HNSCC_1_TIL_GTCCTCAAGTGCCAGA	634.5046084222028	209.07129342592975	346.79274277555356	204.26938993523	268.8645434475455	43.567155808221514	37.4155712010706	0.0	0.0	231.9990509983515	0.0	0.0	0.0	172.0040964971894	0.0	0.0	0.0	0.0	0.0	0.0	0.0	0.0	0.0	0.0	0.0	0.0	0.0	0.0
GSM4138111_HNSCC_1_TIL_TAAGTGCGTCAAAGCG	563.0195407286886	201.8986424847241	458.7183469027112	0.0	266.3253724886143	25.61729823487731	477.5855874694522	0.0	0.0	46.108131179204825	0.0	0.0	0.0	0.0	0.0	0.0	0.0	0.0	0.0	0.0	0.0	0.0	0.0	0.0	0.0	0.0	0.0	0.0
GSM4138111_HNSCC_1_TIL_TAGCCGGCAGGTGGAT	628.9456371029449	288.47099745462157	496.0974086447834	0.0	364.7305622673961	42.6965283555535	309.1982444651089	0.0	0.0	0.0	0.0	0.0	0.0	58.623516378001135	0.0	200.98827381413946	0.0	0.0	0.0	0.0	0.0	0.0	0.0	0.0	0.0	0.0	0.0	0.0
GSM4138111_HNSCC_1_TIL_TAGGCATTCCACGTGG	262.9323369333079	117.40394580267426	159.53209162992448	9.672681812099299	105.05051937001491	19.142537095714367	0.0	0.0	181.33995581819352	0.0	0.0	0.0	0.0	0.0	0.0	0.0	0.0	0.0	0.0	0.0	0.0	0.0	0.0	0.0	0.0	0.0	0.0	0.0
GSM4138111_HNSCC_1_TIL_TCGGGACGTCACTTCC	281.5734263658132	161.98166890072957	533.8670892621889	167.19342127419873	0.0	30.0348128721453	543.747576588197	0.0	0.0	0.0	0.0	0.0	0.0	0.0	0.0	0.0	0.0	0.0	0.0	0.0	0.0	0.0	0.0	0.0	0.0	0.0	0.0	0.0
GSM4138111_HNSCC_1_TIL_TGCACCTGTCTCCACT	294.18345929416546	170.76222072335995	152.6126782232816	0.0	76.19846281790997	52.717042093702325	157.23112501318735	0.0	0.0	0.0	0.0	0.0	0.0	0.0	0.0	0.0	0.0	0.0	0.0	0.0	0.0	0.0	0.0	0.0	0.0	0.0	0.0	0.0
GSM4138111_HNSCC_1_TIL_TGCGCAGTCTTGTCAT	635.5715638040786	222.17631050503365	279.9350195617113	304.36695780416966	0.0	34.1621907934814	0.0	0.0	0.0	0.0	512.47973403472	0.0	0.0	0.0	0.0	0.0	0.0	0.0	0.0	0.0	0.0	0.0	0.0	0.0	0.0	0.0	0.0	0.0
GSM4138111_HNSCC_1_TIL_TGTCCCAAGAGGTTGC	319.70041304004724	143.22487404293432	175.1718474511654	0.0	283.472855643057	16.04477779236147	0.0	0.0	0.0	0.0	340.0710209042223	0.0	0.0	0.0	0.0	0.0	0.0	0.0	0.0	0.0	0.0	0.0	0.0	0.0	0.0	0.0	0.0	0.0
GSM4138111_HNSCC_1_TIL_ATTGGTGGTGAAGGCT	297.86140338031674	84.78743838442524	267.91125881549766	126.41544040158301	0.0	41.358650467591396	21.14258999270662	0.0	90.98994975599102	0.0	0.0	0.0	65.7326715514428	0.0	0.0	0.0	11.962050537559048	0.0	0.0	0.0	0.0	0.0	0.0	0.0	0.0	0.0	0.0	0.0
GSM4138111_HNSCC_1_TIL_CAGAATCGTGTGTGCC	207.5338143774872	50.312979028197155	181.2921529165537	59.23202861542584	0.0	36.47519087286691	9.225068943562341	0.0	0.0	0.0	0.0	87.20935061929097	0.0	33.22838263803824	0.0	0.0	0.0	0.0	0.0	0.0	0.0	0.0	0.0	0.0	0.0	0.0	0.0	0.0
GSM4138111_HNSCC_1_TIL_CGTCTACAGCGATCCC	206.10723893537732	117.62078203569777	300.12704602430153	60.00813770134395	0.0	123.04727580037054	0.0	33.69538592546789	0.0	0.0	0.0	0.0	0.0	0.0	0.0	146.07971615279604	0.0	0.0	0.0	0.0	0.0	0.0	0.0	0.0	0.0	0.0	0.0	0.0
GSM4138111_HNSCC_1_TIL_TGCGGGTTCTTGCAAG	289.13164808121314	67.91311329072342	222.2358788895748	41.928801597691816	0.0	36.61876627251333	0.0	0.0	0.0	0.0	0.0	44.33994671307565	0.0	94.85662198596071	0.0	0.0	0.0	0.0	0.0	0.0	0.0	0.0	0.0	0.0	0.0	0.0	0.0	0.0
GSM4138111_HNSCC_1_TIL_ACCGTAACAACACCTA	428.07138474107524	187.57231408415825	392.6616404367306	0.0	122.84172491027432	29.042664400932864	0.0	0.0	0.0	0.0	0.0	0.0	0.0	242.61638527203843	0.0	0.0	0.0	0.0	0.0	0.0	0.0	0.0	0.0	0.0	0.0	0.0	0.0	0.0
GSM4138111_HNSCC_1_TIL_ACGGGTCAGCAATCTC	270.65946317387505	75.86375226935161	262.90645953689494	88.98884430643832	12.604728402305621	12.045062207956924	230.49968663480453	0.0	0.0	0.0	0.0	0.0	0.0	7.231670042039416	0.0	0.0	0.0	0.0	0.0	0.0	0.0	0.0	0.0	0.0	0.0	0.0	0.0	0.0
GSM4138111_HNSCC_1_TIL_CTAGCCTAGAGTCGGT	734.8309339977136	372.0543005119605	702.4106655283099	331.6402775315474	48.15415357461433	47.39518655707097	161.84273791593822	0.0	0.0	514.5458372196334	0.0	0.0	0.0	0.0	0.0	0.0	0.0	0.0	46.277476513770516	0.0	0.0	0.0	0.0	0.0	0.0	0.0	0.0	0.0
GSM4138111_HNSCC_1_TIL_TGACTAGAGCCTCGTG	537.3197855495007	157.34276531147538	298.78140702027304	49.00469662989613	160.01486425623165	8.562640099313152	0.0	0.0	0.0	284.46101339638045	0.0	0.0	0.0	0.0	0.0	0.0	0.0	0.0	0.0	0.0	48.308898030423336	0.0	0.0	0.0	0.0	0.0	0.0	0.0
GSM4138111_HNSCC_1_TIL_AGTGGGACAACTGCGC	222.65508389921862	125.8598466675411	36.18851947132141	456.1178210857404	0.0	7.273954698483386	0.0	0.0	0.0	0.0	0.0	0.0	0.0	0.0	0.0	0.0	231.0260121453432	0.0	0.0	0.0	0.0	0.0	0.0	0.0	11.322754332687028	0.0	0.0	0.0
GSM4138111_HNSCC_1_TIL_CAGCGACTCCACGAAT	253.4749728847684	164.83012931034446	276.4597674377227	203.43768338045342	0.0	25.290114907995434	69.45122592750224	0.0	0.0	154.57962282528612	0.0	0.0	0.0	0.0	0.0	0.0	0.0	0.0	292.131540230076	0.0	0.0	0.0	0.0	0.0	0.0	0.0	0.0	0.0
GSM4138111_HNSCC_1_TIL_CCTATTAAGAATCTCC	211.9912495543182	91.16105915391984	15.692188430618206	491.99740452583063	0.0	0.0	0.0	0.0	0.0	0.0	0.0	0.0	44.634931465151965	0.0	31.977824939380902	0.0	176.96991972762115	0.0	0.0	0.0	0.0	0.0	0.0	0.0	0.0	0.0	0.0	0.0
GSM4138111_HNSCC_1_TIL_CCTCTGAAGTCTTGCA	343.44560864409743	33.84200696273248	135.94250320588634	600.449507715922	0.0	0.0	0.0	0.0	0.0	0.0	0.0	0.0	0.0	0.0	0.0	0.0	0.0	55.982169566928036	185.11766786619552	0.0	0.0	86.71477169751418	0.0	0.0	0.0	0.0	0.0	0.0
GSM4138111_HNSCC_1_TIL_CTAGCCTCACGAAAGC	0.0	0.0	0.0	3667.824217715977	215.32286493097465	0.0	0.0	0.0	0.0	0.0	0.0	0.0	0.0	0.0	0.0	0.0	0.0	0.0	0.0	0.0	0.0	0.0	0.0	0.0	71.02785375449842	0.0	0.0	0.0
GSM4138111_HNSCC_1_TIL_GATGAAAGTGCAACTT	356.76823975993324	177.05671093567463	248.1535156580903	452.12749421233923	0.0	5.2444037065334825	0.0	385.91170698038957	0.0	0.0	0.0	0.0	0.0	0.0	0.0	0.0	0.0	0.0	0.0	0.0	0.0	0.0	0.0	0.0	0.0	0.0	0.0	0.0
GSM4138111_HNSCC_1_TIL_GCGGGTTTCTTTACGT	324.8896383308732	89.50204225343093	105.38063352810603	349.0922546187349	0.0	7.329076309151409	0.0	62.60812205870493	0.0	0.0	0.0	0.0	0.0	133.31854822898754	0.0	61.298558058078086	0.0	0.0	0.0	0.0	0.0	0.0	0.0	0.0	0.0	0.0	0.0	0.0
GSM4138111_HNSCC_1_TIL_TCAGGTATCAGTGTTG	246.16962455854815	32.218846206216085	42.0319786470303	438.61960812610124	0.0	0.0	0.0	6.474383710327412	0.0	85.80552932110692	0.0	0.0	0.0	0.0	0.0	0.0	0.0	0.12131390955847565	0.0	0.0	0.0	0.0	0.0	55.50849232770553	0.0	0.0	0.0	0.0
GSM4138111_HNSCC_1_TIL_TCGGGACAGATGAGAG	149.99868629572782	66.22283153732954	64.33918176193937	536.7985111455547	0.0	0.0	0.0	236.6004590261006	0.0	0.0	0.0	0.0	0.0	0.0	0.0	0.0	0.0	0.0	0.0	0.0	0.0	0.0	0.0	0.0	0.0	0.0	0.0	0.0
GSM4138111_HNSCC_1_TIL_TGCGCAGAGCGCCTCA	302.40697167420046	105.59443980912322	311.3973930213211	459.7080104879849	0.0	23.148770396244444	148.3943092959105	16.95426138053351	0.0	206.73083386222012	0.0	0.0	0.0	17.251135444283054	0.0	36.80784985599146	0.0	0.0	0.0	0.0	0.0	0.0	0.0	0.0	0.0	0.0	0.0	0.0
GSM4138111_HNSCC_1_TIL_AACCGCGCACACTGCG	259.37819792414115	97.47402287733432	574.6857812208917	92.60509680382692	0.0	6.545336836897738	249.81020970378	0.0	0.0	38.06804046355465	0.0	0.0	0.0	0.0	0.0	0.0	0.0	0.0	0.0	0.0	0.0	0.0	0.0	0.0	0.0	0.0	0.0	0.0
GSM4138111_HNSCC_1_TIL_ACACTGATCATGCATG	365.66239059355814	112.39454865235753	623.7263362060143	150.02760362344046	0.0	24.99753981607473	14.819961102999534	0.0	0.0	0.0	255.42168252335645	0.0	0.0	52.8566636051628	0.0	0.0	0.0	0.0	0.0	0.0	0.0	0.0	0.0	0.0	0.0	0.0	0.0	0.0
GSM4138111_HNSCC_1_TIL_AGTAGTCTCTGTCCGT	239.26213231057497	98.04740416439246	530.6822622652544	0.0	149.80503428281918	0.0	0.0	0.0	0.0	0.0	0.0	0.0	0.0	0.0	0.0	0.0	262.52854943511795	0.0	0.0	0.0	0.0	0.0	0.0	0.0	0.0	0.0	0.0	0.0
GSM4138111_HNSCC_1_TIL_ATCCGAAGTGTTAAGA	173.9143292559532	50.39506190552867	301.98174997314743	0.0	68.68465848427071	14.381876394092895	0.0	0.0	100.82189024502665	0.0	0.0	0.0	0.0	0.0	0.0	0.0	0.0	0.0	0.0	0.0	0.0	0.0	0.0	0.0	0.0	0.0	0.0	0.0
GSM4138111_HNSCC_1_TIL_CATCGGGCAAGACACG	344.5316315693552	107.15383999529229	521.3332426504646	51.72305150583533	105.95317643233945	27.44646774540062	0.0	0.0	0.0	292.2645782401329	0.0	0.0	0.0	0.0	0.0	0.0	0.0	0.0	0.0	0.0	0.0	0.0	0.0	0.0	0.0	0.0	0.0	0.0
GSM4138111_HNSCC_1_TIL_CCCTCCTTCCCACTTG	369.01188933975635	139.7594360847593	480.1297960745319	197.67258914285213	0.0	20.018477837851737	0.0	0.0	0.0	0.0	361.2883204738298	0.0	0.0	0.0	0.0	0.0	0.0	0.0	0.0	0.0	0.0	0.0	0.0	0.0	0.0	0.0	0.0	0.0
GSM4138111_HNSCC_1_TIL_CGGACTGTCGCTTGTC	218.36323112721925	65.64437823519455	394.5030129552243	0.0	118.49382042161265	13.87474254669135	0.0	0.0	0.0	0.0	0.0	0.0	0.0	0.0	0.0	0.0	0.0	0.0	0.0	0.0	0.0	0.0	32.49106731869079	105.61093256142809	0.0	0.0	0.0	0.0
GSM4138111_HNSCC_1_TIL_CTGATAGAGACTGGGT	106.26547457908103	61.62210273601643	290.10521131913345	38.821243995837	0.0	10.442705456813448	0.0	0.0	100.56611804743206	0.0	0.0	0.0	0.0	0.0	0.0	0.0	0.0	0.0	0.0	0.0	0.0	0.0	0.0	0.0	0.0	0.0	0.0	0.0
GSM4138111_HNSCC_1_TIL_GACGTTAAGGCTACGA	167.22700135494082	43.32351025980228	282.7357527576531	0.0	16.175764322006266	2.459426479051319	0.0	0.0	0.0	0.0	0.0	0.0	38.544881615126954	0.0	0.0	0.0	0.0	0.0	0.0	0.0	0.0	0.0	0.0	0.0	0.0	0.0	0.0	0.0
GSM4138111_HNSCC_1_TIL_GCGCGATTCGCCTGAG	418.0070213185709	81.47988191246165	561.0854959551299	0.0	0.0	2.161114047958925	0.0	0.0	0.0	0.0	0.0	0.0	0.0	0.0	0.0	0.0	420.9613411537971	0.0	0.0	0.0	0.0	0.0	0.0	0.0	218.17176035658986	0.0	0.0	0.0
GSM4138111_HNSCC_1_TIL_GCTTCCAGTCTAGTGT	233.46467881892445	88.70015251136239	283.8435665248492	123.46343902226383	0.0	8.56911293441747	0.0	0.0	0.0	0.0	0.0	0.0	0.0	0.0	0.0	0.0	0.0	0.0	0.0	79.52662955700771	0.0	0.0	0.0	0.0	0.0	0.0	0.0	0.0
GSM4138111_HNSCC_1_TIL_GCTTCCAGTTGCTCCT	270.10464145854775	131.14139102854665	538.2077130748496	0.0	139.35670605895916	51.73300083307572	0.0	0.0	0.0	214.89258897490475	0.0	0.0	0.0	0.0	0.0	0.0	0.0	0.0	0.0	0.0	0.0	0.0	0.0	0.0	0.0	0.0	0.0	0.0
GSM4138111_HNSCC_1_TIL_GGACGTCGTCCTCCAT	305.7414869487862	203.6631089959801	484.56226871093924	75.87644911974938	146.51906947955652	70.81158365820612	0.0	126.86446485793812	0.0	0.0	0.0	0.0	0.0	0.0	0.0	141.47107386386946	0.0	0.0	0.0	0.0	0.0	0.0	0.0	0.0	0.0	0.0	0.0	0.0
GSM4138111_HNSCC_1_TIL_GGGTCTGTCTATCCTA	0.0	0.0	4602.113418590311	0.0	0.0	0.0	0.0	0.0	0.0	0.0	0.0	0.0	0.0	0.0	0.0	0.0	0.0	0.0	0.0	0.0	0.0	0.0	0.0	0.0	0.0	0.0	0.0	0.0
GSM4138111_HNSCC_1_TIL_GTTACAGCAATGTTGC	318.9009400934703	98.09819558273986	584.5873129053122	76.86954185937738	85.33526890808146	8.958461755849534	2.2251816830144864	0.0	0.0	190.88574517231186	0.0	0.0	0.0	0.0	0.0	0.0	0.0	0.0	0.0	0.0	0.0	0.0	0.0	0.0	6.824851308463458	0.0	0.0	0.0
GSM4138111_HNSCC_1_TIL_TACGGGCAGTGGGATC	89.16713437579372	53.4712457806944	234.09158202841687	0.0	128.68202081650833	31.798388650759197	0.0	0.0	0.0	0.0	0.0	0.0	0.0	0.0	0.0	0.0	0.0	0.0	0.0	0.0	0.0	0.0	68.71340841280691	0.0	0.0	0.0	0.0	0.0
GSM4138111_HNSCC_1_TIL_TACGGGCTCTACTATC	189.23922800012824	56.221100463655546	411.1304394715455	35.206436941795495	51.75347913096986	19.06423351068945	0.0	0.0	0.0	0.0	0.0	44.33696027356437	0.0	0.0	0.0	0.0	0.0	0.0	0.0	0.0	0.0	0.0	0.0	0.0	0.0	0.0	0.0	0.0
GSM4138111_HNSCC_1_TIL_TGTGGTAGTTACGTCA	101.25730000892793	32.87302701671605	134.0205535133992	71.87483064055228	0.0	79.89217012067223	0.0	0.0	0.0	0.0	0.0	0.0	110.3154975627617	0.0	0.0	0.0	0.0	0.0	0.0	0.0	0.0	0.0	0.0	0.0	0.0	0.0	0.0	0.0
GSM4138111_HNSCC_1_TIL_GTGGGTCGTACGACCC	157.48745362531469	466.0669307871258	106.3218812267662	20.55058095134249	0.0	19.309528593078507	0.0	0.0	77.0824189437892	0.0	4.722769562313489	0.0	43.930296577662844	0.0	0.0	0.0	0.0	0.0	0.0	0.0	0.0	0.0	0.0	0.0	0.0	0.0	0.0	0.0
GSM4138111_HNSCC_1_TIL_AACTCCCTCTCTTGAT	17.266932573422647	921.2666265667087	262.61414690571155	0.0	0.0	9.624351573821908	74.01698120025888	0.0	0.0	0.0	0.0	0.0	0.0	0.0	0.0	0.0	0.0	0.0	0.0	0.0	0.0	0.0	0.0	0.0	48.44248689957693	0.0	0.0	0.0
GSM4138111_HNSCC_1_TIL_AAGTCTGGTCTTTCAT	0.0	676.8523976867618	19.380407212023798	0.0	0.0	0.0	19.449988330003215	0.0	0.0	0.0	0.0	0.0	0.0	0.0	0.0	0.0	0.0	0.0	0.0	0.0	0.0	0.0	0.0	0.0	2.68700844398831	0.0	0.0	0.0
GSM4138111_HNSCC_1_TIL_ACACCAAAGCTACCTA	41.5940456007649	840.7049155691518	31.754693805934284	4.174084360559699	0.0	3.3110252942407072	0.0	0.0	0.0	70.23363846107878	0.0	0.0	0.0	0.0	0.0	0.0	0.0	0.0	0.0	0.0	0.0	0.0	0.0	0.0	0.0	0.0	0.0	0.0
GSM4138111_HNSCC_1_TIL_ACCGTAATCGGCATCG	42.10695906025634	1326.8618820572049	64.50347728361845	57.36676404237307	0.0	0.0	0.0	0.0	0.0	0.0	29.468730991670466	0.0	0.0	0.0	0.0	0.0	0.0	0.0	0.0	0.0	0.0	0.0	0.0	0.0	0.0	0.0	0.0	0.0
GSM4138111_HNSCC_1_TIL_AGATTGCCATACCATG	4.907381648331128	884.502320303385	18.00830709667239	0.0	0.0	17.720056681078326	0.0	0.0	0.0	0.0	0.0	4.636077352900067	0.0	0.0	0.0	0.0	0.0	0.0	0.0	0.0	0.0	0.0	0.0	0.0	14.53936569621187	0.0	0.0	0.0
GSM4138111_HNSCC_1_TIL_AGTAGTCGTAGGGTAC	46.39098597074558	977.7124314181426	0.0	0.0	14.534559946471044	0.0	0.0	0.0	0.0	0.0	0.0	0.0	0.0	0.0	0.0	0.0	0.0	0.0	0.0	0.0	0.0	0.0	0.0	0.0	0.0	0.0	0.0	0.0
GSM4138111_HNSCC_1_TIL_CATCGGGGTATTCGTG	0.0	1609.2043367204835	0.0	0.0	0.0	0.0	0.0	0.0	0.0	0.0	0.0	0.0	0.0	0.0	0.0	0.0	5.340348931196416	0.0	0.0	0.0	0.0	0.0	0.0	0.0	0.0	0.0	0.0	0.0
GSM4138111_HNSCC_1_TIL_CCGGTAGTCACCGTAA	233.40631561766315	1165.4290365057539	141.08084016524268	0.0	168.35547631280454	16.65295449983939	0.0	0.0	0.0	0.0	0.0	0.0	0.0	0.0	0.0	0.0	0.0	0.0	0.0	0.0	139.40972981860872	0.0	0.0	0.0	0.0	0.0	0.0	0.0
GSM4138111_HNSCC_1_TIL_CCTCAGTAGATCCCGC	9.144413733426259	811.4313449877445	24.846711522845165	0.0	11.093806148318404	4.317824135565235	0.0	0.0	0.0	0.0	0.0	0.0	0.0	0.0	0.0	0.0	0.0	0.0	0.0	0.0	0.0	0.0	0.0	0.0	0.0	0.0	0.0	0.0
GSM4138111_HNSCC_1_TIL_CGGACTGAGGGTTCCC	18.12982098206129	698.8075303270978	6.438085073491732	0.0	0.0	3.899766095960119	0.0	52.05681777668676	0.0	0.0	0.0	0.0	0.0	0.0	0.0	0.0	0.0	0.0	0.0	0.0	0.0	0.0	0.0	0.0	5.56335339568486	0.0	0.0	0.0
GSM4138111_HNSCC_1_TIL_CGTGTAAAGAGGTTAT	0.0	1082.9674209708237	0.0	42.83226034732442	0.0	0.0	0.0	0.0	0.0	10.198805422670427	0.0	0.0	0.0	0.0	0.0	0.0	0.0	0.0	0.0	0.0	0.0	0.0	0.0	0.0	0.0	0.0	0.0	0.0
GSM4138111_HNSCC_1_TIL_CTCGTACAGCAATATG	0.0	850.9821747001549	0.0	0.0	0.0	2.992839099495701	0.0	0.0	0.0	0.0	0.0	0.0	0.0	0.0	0.0	0.0	0.0	0.0	0.0	0.0	0.0	112.78212568003985	0.0	0.0	38.37185779366632	0.0	0.0	0.0
GSM4138111_HNSCC_1_TIL_GACTACACAACGATCT	147.41793967825453	1067.653826427698	75.78327358386292	0.0	73.8012700278139	0.0	0.0	0.0	11.482348567196924	0.0	0.0	0.0	76.96706602245412	0.0	12.706526388169518	0.0	0.0	0.0	0.0	0.0	0.0	0.0	0.0	0.0	0.0	0.0	0.0	0.0
GSM4138111_HNSCC_1_TIL_GATCTAGCAGCTCCGA	46.746985079890905	513.3664020680842	42.478757791412995	0.0	0.41662115547759304	19.67887433162273	0.0	0.0	0.0	0.0	0.0	0.0	0.0	0.0	0.0	0.0	0.0	0.0	0.0	0.0	0.0	0.0	0.0	0.0	0.0	0.0	0.0	0.0
GSM4138111_HNSCC_1_TIL_GCAGCCATCAAACAAG	42.014995594926674	1485.2032291948499	52.60191505350134	0.0	2.8797857976052366	0.0	0.0	0.0	0.0	0.0	16.15931645529054	0.0	0.0	0.0	0.0	0.0	0.0	0.0	0.0	0.0	0.0	0.0	0.0	0.0	0.0	0.0	0.0	0.0
GSM4138111_HNSCC_1_TIL_GCTCCTAGTACGAAAT	0.0	934.3177553888448	23.295225490435453	0.0	0.0	0.0	0.0	0.0	0.0	0.0	0.0	0.0	13.948482411356471	0.0	0.0	0.0	0.0	0.0	0.0	0.0	0.0	0.0	0.0	0.0	0.0	0.0	0.0	0.0
GSM4138111_HNSCC_1_TIL_GGCAATTGTTGAGTTC	2.5037715151222075	765.0110668704247	0.0	25.395281050687608	0.0	0.0	0.0	0.0	11.32084481758075	0.0	0.0	0.0	0.0	0.0	0.0	0.0	0.0	0.0	0.0	0.0	0.0	0.0	0.0	0.0	0.0	0.0	0.0	0.0
GSM4138111_HNSCC_1_TIL_GTACTTTGTGCATCTA	32.35994773658776	484.436016622797	18.007617953005266	0.0	0.0	0.0	92.94248955425968	0.0	0.0	0.0	0.0	0.0	0.0	0.0	0.0	0.0	0.0	0.0	0.0	0.0	0.0	0.0	0.0	0.0	0.0	0.0	0.0	0.0
GSM4138111_HNSCC_1_TIL_GTCAAGTAGTCCCACG	0.0	831.939354483372	15.196111055638593	0.0	0.0	11.056975133923324	0.0	0.0	0.0	0.0	0.0	0.0	0.0	0.0	0.0	0.0	0.0	0.0	0.0	0.0	0.0	0.0	0.0	0.0	0.0	0.0	0.0	0.0
GSM4138111_HNSCC_1_TIL_GTCAAGTGTATATGGA	15.792356193400028	969.285720910173	3.5956906934292485	0.0	0.0	0.0	0.0	0.0	0.0	17.890069031406146	0.0	0.0	0.0	0.0	0.0	0.0	0.0	0.0	0.0	0.0	0.0	0.0	0.0	0.0	0.0	0.0	0.0	0.0
GSM4138111_HNSCC_1_TIL_GTTCTCGCACGCCAGT	39.32576641628907	449.51798775534405	92.93401853173641	0.0	36.090200411914374	0.0	0.0	0.0	0.0	0.0	73.83768323370296	0.0	0.0	0.0	0.0	0.0	0.0	0.0	0.0	0.0	0.0	0.0	24.954388140249467	0.0	0.0	0.0	0.0	0.0
GSM4138111_HNSCC_1_TIL_GTTCTCGTCCTGTACC	0.0	856.0476921155296	7.785763802402336	0.0	0.0	0.0	0.0	0.0	0.0	0.0	0.0	0.0	0.0	0.0	0.0	0.0	0.0	0.0	0.0	0.0	0.0	0.0	0.0	0.0	0.2310896315888756	0.0	0.0	0.0
GSM4138111_HNSCC_1_TIL_TATCAGGCAGCCAGAA	14.547055316840137	542.4678232184856	0.0	0.0	0.0	15.144613121000663	0.0	0.0	0.0	0.0	0.0	0.0	0.0	0.0	0.0	0.0	0.0	0.0	88.82874629552937	0.0	0.0	0.0	0.0	0.0	0.0	0.0	0.0	0.0
GSM4138111_HNSCC_1_TIL_TCAGCTCGTACCGTAT	67.44753017744779	1600.2332115513277	20.8483580673727	0.0	0.0	0.9062800147500749	0.0	0.0	0.0	0.0	0.0	0.0	0.0	0.0	0.0	0.0	0.0	0.0	0.0	0.0	0.0	0.0	0.0	0.0	13.608790148660447	0.0	0.0	0.0
GSM4138111_HNSCC_1_TIL_TCTTCGGCACATCTTT	0.0	744.4790215082372	5.292766777248971	0.0	0.0	0.0	0.0	0.0	0.0	0.0	0.0	0.0	0.0	0.0	0.0	0.0	0.0	0.0	0.0	45.917989212371154	0.0	0.0	0.0	0.0	0.0	0.0	0.0	0.0
GSM4138111_HNSCC_1_TIL_TGAGAGGTCGGCGGTT	41.857149852753516	1302.490543768471	36.49070642133881	0.0	0.0	0.5448004045347599	0.0	0.0	0.0	0.0	0.0	0.0	0.0	0.0	0.0	0.0	0.0	0.0	0.0	0.0	0.0	48.26166463218691	0.0	0.0	10.68739599425089	0.0	0.0	0.0
GSM4138111_HNSCC_1_TIL_TGCACCTTCTTTACAC	0.0	893.9164630855305	0.0	0.0	33.608793688157974	3.952666613732127	0.0	0.0	15.950648236082344	0.0	0.0	0.0	0.0	0.0	0.0	0.0	0.0	0.0	0.0	0.0	0.0	0.0	0.0	0.0	0.0	0.0	0.0	0.0
GSM4138111_HNSCC_1_TIL_TTAGTTCTCTTCATGT	0.0	932.4966806835271	0.44552038983524955	43.829316738472116	0.0	8.560653891669917	0.0	19.79375805078778	0.0	0.0	0.0	0.0	0.0	0.0	0.0	0.0	0.0	0.0	0.0	0.0	0.0	0.0	0.0	0.0	0.0	0.0	0.0	0.0
GSM4138111_HNSCC_1_TIL_TTTACTGTCTTGACGA	13.457898333088467	1170.6894365899211	10.486408875400988	0.0	0.0	15.005204118201311	0.0	0.0	0.0	0.0	0.0	0.0	0.0	0.0	0.0	0.0	6.414990465642565	0.0	0.0	0.0	0.0	0.0	0.0	0.0	0.0	0.0	0.0	0.0
GSM4138111_HNSCC_1_TIL_ATCTGCCCATGCCCGA	144.5711229611987	76.66041346527172	177.8905155716085	101.61949166673156	0.0	6.752199108898124	0.0	0.0	0.0	0.0	0.0	0.0	0.0	112.71636644031696	0.0	0.0	0.0	0.0	0.0	0.0	0.0	0.0	0.0	0.0	0.0	0.0	0.0	0.0
GSM4138111_HNSCC_1_TIL_CAACCTCGTAGCTCCG	159.19396889620907	44.80625165730627	71.11885770485186	62.06802865373461	0.0	10.139878666329407	0.0	0.0	0.0	0.0	0.0	12.263737669019925	0.0	0.0	0.0	64.39187033490407	0.0	0.0	0.0	0.0	0.0	0.0	0.0	0.0	0.0	0.0	0.0	0.0
GSM4138111_HNSCC_1_TIL_CATCGGGAGCTAGTTC	234.77986797861624	54.91234178734524	148.17787472084714	65.74814723685438	0.0	12.858142892578117	0.0	94.36094584668865	47.506706157931674	0.0	0.0	0.0	0.0	0.0	0.0	9.673462775523534	0.0	0.0	0.0	0.0	0.0	0.0	0.0	0.0	0.0	0.0	0.0	0.0
GSM4138111_HNSCC_1_TIL_CCACGGACAGATGAGC	438.53550738540645	144.4766053961637	278.63274347861244	117.49618326419775	0.0	30.764672180539442	0.0	0.0	10.696760530130392	0.0	132.30069958875112	0.0	0.0	0.0	0.0	197.50354705708008	0.0	0.0	0.0	0.0	0.0	0.0	0.0	0.0	0.0	0.0	0.0	0.0
GSM4138111_HNSCC_1_TIL_CGGCTAGTCGGAAACG	130.83764603259132	31.818029448032483	71.79809226484848	45.36511623719356	0.0	3.8570181873243494	0.0	2.6453264995372385	0.0	0.0	0.0	0.0	0.0	0.0	0.0	39.26777159654308	0.0	0.0	0.0	0.0	0.0	0.0	0.0	0.0	0.0	0.0	0.0	0.0
GSM4138111_HNSCC_1_TIL_CGTCTACGTCCGAACC	184.4322504831736	33.51422384099528	123.23020154834956	0.0	36.77592391528526	8.753680624873539	0.0	0.3587651739874742	0.948008529978668	0.0	0.0	0.0	0.0	0.0	0.0	16.638266776920396	0.0	67.89176992614478	0.0	0.0	0.0	0.0	0.0	0.0	0.0	0.0	0.0	0.0
GSM4138111_HNSCC_1_TIL_CGTCTACGTGTGAATA	215.5391839547625	62.52089897508802	163.1625013978372	0.0	97.56563304185356	25.437981858703676	9.35477498358457	0.0	0.0	31.449958445344574	0.0	0.0	0.0	0.0	0.0	0.0	128.49205782281575	0.0	0.0	0.0	0.0	38.77214791288307	0.0	0.0	0.0	0.0	0.0	0.0
GSM4138111_HNSCC_1_TIL_CGTTCTGGTCCAGTAT	410.44017624923765	195.34474158172813	742.5702895110685	217.41811020696036	0.0	27.860505798049076	0.0	0.0	0.0	0.0	453.08708457855784	0.0	0.0	0.0	0.0	0.0	0.0	0.0	0.0	0.0	0.0	0.0	0.0	0.0	0.0	0.0	0.0	0.0
GSM4138111_HNSCC_1_TIL_CTCGTCAGTTGCTCCT	162.99118339397208	111.60781819238441	325.9217488353854	0.0	66.5751334301572	25.894079033841386	0.0	0.0	9.104235799686311	31.917514104910445	74.11218227684498	0.0	0.0	0.0	0.0	0.0	0.0	0.0	0.0	0.0	0.0	0.0	108.36725906168445	0.0	0.0	0.0	0.0	0.0
GSM4138111_HNSCC_1_TIL_CTTAGGAAGACAAGCC	286.53459557939004	78.60299954676569	147.02997036246737	0.0	85.30728938666086	15.915589733070915	0.0	0.0	0.0	0.0	0.0	0.0	0.0	0.0	9.015802040407364	0.0	0.0	0.0	0.0	138.7742315891483	0.0	0.0	0.0	0.0	0.0	0.0	0.0	0.0
GSM4138111_HNSCC_1_TIL_CTTGGCTCATAGTAAG	283.60909278807856	129.64991775325902	215.39771172540733	0.0	104.29671303579184	19.394999357645247	0.0	0.0	114.34445006178764	0.0	0.0	0.0	0.0	0.0	0.0	30.07496763933695	0.0	0.0	0.0	0.0	0.0	0.0	0.0	0.0	0.0	0.0	0.0	0.0
GSM4138111_HNSCC_1_TIL_GAAACTCTCAACACAC	221.8198995244361	79.8405029812493	142.73902885031595	0.0	60.80570934222066	19.888205199515788	0.0	163.93761568743105	0.0	0.0	0.0	0.0	0.0	0.0	0.0	0.0	0.0	0.0	0.0	0.0	0.0	0.0	0.0	0.0	0.0	0.0	0.0	0.0
GSM4138111_HNSCC_1_TIL_GATTCAGGTGAGCGAT	168.2793112923796	37.62116851456498	86.37893880908295	37.115982267414985	0.0	7.488644821198131	0.0	0.0	0.0	0.0	0.0	0.24617803064485977	0.0	0.0	77.89958720426803	0.0	0.0	0.0	0.6306624909488426	0.0	0.0	0.0	0.0	0.0	0.0	0.0	0.0	0.0
GSM4138111_HNSCC_1_TIL_GGATTACAGTTGCAGG	388.52554589083627	172.53730735483552	271.2275755793414	74.72749073105571	0.0	11.644638381979385	0.0	140.20588352037927	0.0	0.0	0.0	0.0	0.0	0.0	0.0	0.0	0.0	185.8519888362049	0.0	0.0	0.0	0.0	0.0	0.0	0.0	0.0	0.0	0.0
GSM4138111_HNSCC_1_TIL_GGTGAAGTCATCTGCC	284.7318921276344	83.11957185393881	191.45990039985585	78.58502040025049	0.0	22.392856505249974	0.0	189.66295839851958	0.0	0.0	61.98554369656691	0.0	0.0	0.0	0.0	0.0	0.0	0.0	0.0	0.0	0.0	0.0	0.0	0.0	0.0	0.0	0.0	0.0
GSM4138111_HNSCC_1_TIL_GTGAAGGGTATATGAG	376.2795414265313	112.0075311076373	347.8722980875123	138.7214454648788	0.0	31.144642895305854	0.0	0.0	0.0	0.0	178.17867439742753	57.98601292322025	0.0	0.0	0.0	36.920218215983034	88.40529222913368	0.0	0.0	0.0	0.0	0.0	0.0	0.0	0.0	0.0	0.0	0.0
GSM4138111_HNSCC_1_TIL_GTTTCTAAGCCAGAAC	184.14841570741848	57.58892547677505	130.9988397734938	20.70305443741895	13.034325919293993	11.733832243154383	0.0	22.190979249260845	17.910170106428065	0.0	0.0	0.0	0.0	0.0	0.0	64.70523273109036	0.0	0.0	0.0	0.0	0.0	0.0	0.0	0.0	0.0	0.0	0.0	0.0
GSM4138111_HNSCC_1_TIL_TAAGAGACATCGGTTA	285.18833294267745	97.5304772913611	273.26500405347196	0.0	92.87423923290801	38.9608651486213	42.14922341618536	0.0	0.0	0.0	0.0	0.0	0.0	212.67490134027312	0.0	0.0	0.0	0.0	0.0	0.0	0.0	0.0	0.0	0.0	0.0	0.0	0.0	0.0
GSM4138111_HNSCC_1_TIL_TATTACCGTTGTTTGG	345.94013189169465	105.9438183160004	387.70349757853614	84.05271016026518	10.61486593493838	34.650885473689094	0.0	41.92209637684691	0.0	0.0	156.18166844066164	0.0	0.0	0.0	0.0	7.462872285646719	0.0	0.0	0.0	0.0	138.27927559031423	0.0	0.0	0.0	0.0	0.0	0.0	0.0
GSM4138111_HNSCC_1_TIL_TGGTTAGAGTTTAGGA	260.3999548310316	56.672313625591265	172.01263364238224	96.39743984046001	0.0	9.99331365894356	0.0	0.0	101.12394434564618	0.0	0.0	0.0	0.0	0.0	0.0	53.93772377460676	0.0	0.0	0.0	0.0	0.0	0.0	0.0	0.0	0.0	0.0	0.0	0.0
GSM4138111_HNSCC_1_TIL_TTGACTTCATCGACGC	240.5877559447082	73.29689711250353	171.64707127674532	83.83466870119173	0.0	17.897814801160205	0.0	0.0	0.0	0.0	0.0	0.0	0.0	0.0	0.0	102.51319707690793	0.0	0.0	0.0	0.0	0.0	0.0	0.0	0.0	0.0	0.0	0.0	0.0
