	1	2	3	4	5	6	7	8	9	10	11	12	13	14	15	16	17	18	19	20	21	22	23	24	25
GSM4138111_HNSCC_1_TIL_AACTCCCGTCATATCG	154.4838308772232	74.21482422448797	60.78982275692144	0.0	0.0	0.0	0.0	0.0	10.5394116171394	0.0	0.0	147.03807726448636	0.0	0.0	0.0	0.0	0.0	0.0	0.0	0.0	0.0	0.0	0.0	0.0	0.0
GSM4138111_HNSCC_1_TIL_AGTGGGATCACCCGAG	219.96921264707188	63.88724368938618	62.763449241820574	0.0	0.0	0.0	0.0	0.0	0.0	0.0	0.0	60.65273403318113	0.0	0.0	0.0	0.0	0.0	2.710460834047283	0.0	0.0	0.0	0.0	0.0	0.0	0.0
GSM4138111_HNSCC_1_TIL_ATCCGAAGTCGTTGTA	136.91771851321184	86.58570810152382	29.713652918810446	0.0	38.48695284417671	0.0	0.0	0.0	0.0	0.0	0.0	136.18027498249674	0.0	0.0	0.0	0.0	0.0	11.187284750379932	0.0	0.0	0.0	0.0	0.0	0.0	0.0
GSM4138111_HNSCC_1_TIL_CAGCGACAGGGATGGG	98.71075095145729	64.50705893400507	47.71523430791186	0.0	0.0	0.0	0.0	0.0	0.0	0.0	0.0	201.6499611554747	0.0	0.0	0.0	0.0	0.0	5.892642536536492	0.0	0.0	0.0	0.0	0.0	0.0	0.0
GSM4138111_HNSCC_1_TIL_CGGACACTCATATCGG	152.8031318901792	68.45045177047838	73.93376525625835	0.0	0.0	0.0	0.0	0.0	0.0	0.0	0.0	0.0	0.0	0.0	0.0	0.15681193367565924	142.54216365786277	29.08116956893183	5.172400726371464	0.0	0.0	0.0	0.0	0.0	0.0
GSM4138111_HNSCC_1_TIL_TAGTTGGGTCTCCACT	96.09298504952204	56.67126095411903	0.0	0.0	48.06643788619946	0.0	0.0	0.0	16.959212772463395	0.0	0.0	0.0	127.90114928185592	0.0	0.0	0.0	3.466903335941481	0.0	0.0	0.0	0.0	0.0	0.0	0.0	0.0
GSM4138111_HNSCC_1_TIL_AAAGATGAGCATGGCA	232.3113213366605	68.61504703877574	78.1120406032519	0.0	0.0	0.0	0.0	0.0	0.0	0.0	0.0	0.0	0.0	43.00448230198243	0.0	0.0	0.0	12.088045997173106	0.0	0.0	0.0	0.0	69.71875110044641	0.0	0.0
GSM4138111_HNSCC_1_TIL_AGCAGCCTCCTACAGA	218.54389424388174	38.34311784049673	33.84919450588798	0.0	0.0	0.0	64.1699028343957	0.0	0.0	0.0	0.0	0.0	0.0	0.0	0.0	0.0	0.0	10.098522866221428	0.0	0.0	0.0	24.556895457068556	52.736895474651654	0.0	0.0
GSM4138111_HNSCC_1_TIL_AGGTCATTCAAGCCTA	181.75060659028622	82.18514895778955	0.0	0.0	80.86186520911741	0.0	0.0	0.0	7.356026736472262	0.0	0.0	0.0	0.0	0.0	0.0	45.44582149737552	0.0	0.0	80.82025813198793	0.0	0.0	0.0	0.0	0.0	0.0
GSM4138111_HNSCC_1_TIL_ATGCGATGTGATGTCT	323.65251266106753	183.17958267605852	367.0125539301519	0.0	0.0	0.0	97.2566853236885	0.0	14.030542186969976	0.0	0.0	0.0	0.0	204.79881527043963	0.0	0.0	0.0	0.0	0.0	0.0	3.853154372126944	0.0	20.247693883870944	0.0	0.0
GSM4138111_HNSCC_1_TIL_CCAGCGATCACTTCAT	319.45432525086335	67.51910395226653	0.0	0.0	32.99746992296513	0.0	0.0	0.0	9.894070895286964	0.0	0.0	0.0	0.0	0.0	0.0	172.19473188201147	0.0	7.133131854258182	0.0	0.0	0.0	0.0	0.0	0.0	0.0
GSM4138111_HNSCC_1_TIL_CCCATACGTCTGATTG	128.23513188231848	66.033687419804	103.27363997216993	173.44460849117297	0.0	0.0	0.0	0.0	0.0	0.0	0.0	0.0	0.0	0.0	0.0	0.0	0.0	13.215001550481134	0.0	0.0	0.0	0.0	0.0	0.0	0.0
GSM4138111_HNSCC_1_TIL_CGTTAGAGTTTACTCT	296.3948822902865	137.98750843996356	0.0	0.0	133.89188262731304	221.64496881427215	0.0	0.0	16.42586823855262	0.0	0.0	0.0	0.0	0.0	0.0	0.0	0.0	0.0	0.0	0.0	0.0	0.0	0.0	0.0	0.0
GSM4138111_HNSCC_1_TIL_CTAGCCTAGGTCATCT	371.71395836910403	84.59582769203774	94.16771514140173	0.0	0.0	0.0	174.2693094236787	0.0	0.0	0.0	0.0	34.913088754284715	0.0	8.241159590973597	0.0	0.0	0.0	14.191933269945523	0.0	0.0	0.0	12.632816217829678	0.0	0.0	0.0
GSM4138111_HNSCC_1_TIL_CTCGTACTCAGCCTAA	219.49302611804274	52.672188851000925	0.0	0.0	44.87314611444872	0.0	0.0	0.0	0.0	0.0	0.0	0.0	0.0	133.6665954583327	0.0	0.0	0.0	4.773571850357044	5.783190851429236	0.0	0.0	0.0	27.35064631980056	0.0	0.0
GSM4138111_HNSCC_1_TIL_GAAATGATCTAACCGA	465.94997586583315	208.15094388532702	0.0	531.4444387798411	281.5317239371346	0.0	0.0	0.0	21.875523699098675	0.0	0.0	0.0	0.0	0.0	0.0	0.0	0.0	13.873919453550558	0.0	0.0	0.0	0.0	0.0	0.0	0.0
GSM4138111_HNSCC_1_TIL_GGCCGATAGAAGCCCA	133.49775214615107	63.68349673544993	46.300941386795614	0.0	0.0	0.0	93.16837458485757	0.0	0.0	0.0	0.0	0.0	0.0	0.0	0.0	0.0	0.0	28.44051206849078	0.0	0.0	0.0	0.0	48.1586147315753	0.0	0.0
GSM4138111_HNSCC_1_TIL_GGCCGATAGCCCTAAT	299.3214516257193	160.72734412671633	130.5840152673377	0.0	0.0	0.0	0.0	0.0	15.448612638257485	0.0	0.0	0.0	289.4155129552127	0.0	0.0	0.0	0.0	0.0	0.0	0.0	48.9821170334443	0.0	0.0	0.0	0.0
GSM4138111_HNSCC_1_TIL_GGCGACTAGTTTCCTT	140.49979981011614	14.626985719346216	47.75598146606329	0.0	0.0	0.0	39.34139915042688	0.0	0.0	0.0	0.0	22.671312155388662	109.4510034134674	0.0	0.0	0.0	0.0	4.29801795202095	0.0	0.0	0.0	0.0	0.0	0.0	0.0
GSM4138111_HNSCC_1_TIL_GGGACCTAGTTAGGTA	475.3773592360695	137.44131964754865	0.0	0.0	280.7434988196327	0.0	0.0	0.0	0.0	0.0	0.0	0.0	405.38744905372175	0.0	0.0	0.0	22.28707691258116	16.200664585242922	0.0	0.0	0.0	0.0	0.0	0.0	0.0
GSM4138111_HNSCC_1_TIL_GTCAAGTTCAGCACAT	221.0250876279639	87.65257667077482	100.47264488776075	0.0	0.0	0.0	0.0	0.0	6.459895185229029	0.0	0.0	0.0	189.6157445003885	0.0	0.0	0.0	0.0	0.0	18.926507738714566	0.0	0.0	0.0	0.0	0.0	0.0
GSM4138111_HNSCC_1_TIL_TAAACCGTCCAGTATG	330.2864532598947	78.56374631120953	39.13002754463523	0.0	33.99885802288987	0.0	0.0	0.0	0.0	0.0	0.0	0.0	0.0	0.0	0.0	0.0	144.73996371761626	23.083451324975332	0.0	0.0	0.0	100.13993819081959	0.0	0.0	0.0
GSM4138111_HNSCC_1_TIL_TATGCCCGTCTCATCC	211.3412181472318	33.173915469639674	46.43714714095642	0.0	0.0	0.0	168.56154631563282	0.0	0.0	0.0	0.0	0.0	0.0	0.0	0.0	0.0	0.0	2.5278593389473465	0.0	0.0	0.0	0.0	0.0	0.0	0.0
GSM4138111_HNSCC_1_TIL_TTTACTGAGTAGGCCA	259.75401323195797	85.7623918020864	121.56352825142368	0.0	0.0	55.48265774487091	0.0	0.0	0.0	0.0	135.11788125339547	0.0	0.0	0.0	0.0	0.0	0.0	30.615868144482	0.0	0.0	0.0	0.0	0.0	0.0	0.0
GSM4138111_HNSCC_1_TIL_AACTTTCTCGCCAAAT	440.83087319801007	193.8047142428279	0.0	17.79484837774383	149.97602924080712	322.7506085400829	0.0	0.0	0.0	0.0	109.6974700423931	0.0	0.0	0.0	0.0	0.0	0.0	42.8512607008899	0.0	0.0	0.0	0.0	0.0	0.0	0.0
GSM4138111_HNSCC_1_TIL_ACATCAGGTGTTCTTT	221.04962158964972	59.55093690708863	0.0	0.0	0.0	0.0	235.72331245948632	0.0	3.838588279180256	0.0	0.0	0.0	0.0	0.0	0.0	0.0	0.0	0.0	0.0	96.22256628956495	0.0	0.0	0.0	0.0	0.0
GSM4138111_HNSCC_1_TIL_ACGATACCACATTCGA	438.6164482633407	180.09905771567676	38.09047216002302	0.0	0.0	0.0	0.0	95.69418134957712	3.4871302350865454	0.0	489.72074936558084	0.0	0.0	0.0	0.0	0.0	0.0	0.0	0.0	0.0	0.0	0.0	0.0	0.0	0.0
GSM4138111_HNSCC_1_TIL_ACGGCCAAGGGTCGAT	173.7077220514421	94.06521769809167	27.690281358790873	0.0	0.0	0.0	0.0	0.0	9.89038928219534	0.0	0.0	0.0	0.0	0.0	0.0	0.0	171.51053248146084	0.0	0.0	0.0	0.0	0.0	0.0	0.0	0.0
GSM4138111_HNSCC_1_TIL_ACTGAGTTCTCTGTCG	219.08082957041626	83.9934140206033	0.0	0.0	0.0	0.0	0.0	0.0	0.0	0.0	0.0	0.0	235.57400091027768	0.0	0.0	0.0	0.0	12.038599454257728	0.0	93.33369558827758	0.0	0.0	0.0	0.0	0.0
GSM4138111_HNSCC_1_TIL_ACTTTCATCCCACTTG	286.8506135887041	108.82038115576324	262.9417257189895	0.0	0.0	0.0	0.0	0.0	0.0	0.0	0.0	77.80936472623982	94.0942600167465	0.0	0.0	0.0	0.0	23.007133668380757	0.0	0.0	115.3212410335173	0.0	0.0	0.0	0.0
GSM4138111_HNSCC_1_TIL_AGCAGCCGTGAACCTT	130.3001901541488	55.60506680525019	0.0	168.5802644961493	16.834478633482508	0.0	0.0	0.0	0.5338596515934573	78.457721648428	0.0	0.0	0.0	0.0	0.0	0.0	0.0	4.872827579576438	0.0	0.0	0.0	0.0	0.0	0.0	0.0
GSM4138111_HNSCC_1_TIL_AGGGATGTCGCCGTGA	279.16318771165044	47.35004497378381	35.82289535861935	0.0	0.0	107.58752078809887	0.0	0.0	4.7564839513705515	0.0	0.0	0.0	0.0	0.0	0.0	0.0	0.0	0.0	0.0	0.0	0.0	0.0	0.0	0.0	0.0
GSM4138111_HNSCC_1_TIL_ATCATCTGTAGCGTGA	387.91957281971065	164.4199414069995	0.0	0.0	0.0	340.60249412786777	0.0	0.0	0.0	0.0	0.0	0.0	0.0	0.0	0.0	0.0	0.0	12.630374888983967	0.0	133.41869467532462	0.0	0.0	0.0	0.0	0.0
GSM4138111_HNSCC_1_TIL_ATCGAGTTCATTATCC	273.34636902151476	90.35910626503696	0.0	268.9599110931519	167.90279389665193	0.0	0.0	0.0	0.0	0.0	0.0	0.0	0.0	0.0	0.0	0.0	0.0	14.3441791638586	0.0	0.0	0.0	0.0	0.0	0.0	0.0
GSM4138111_HNSCC_1_TIL_ATCTGCCAGGATGGTC	175.0103745614278	65.25420202393352	9.725989087810094	72.3488290923021	0.0	0.0	128.61194042675092	78.02577521156012	0.0	0.0	0.0	0.0	0.0	0.0	0.0	0.0	0.0	0.0	0.0	0.0	0.0	0.0	0.0	0.0	0.0
GSM4138111_HNSCC_1_TIL_ATTTCTGGTACACCGC	201.2309902089725	78.93647157686853	64.0579579509542	0.0	0.0	0.0	0.0	0.0	0.0	0.0	0.0	0.0	42.64228625106064	0.0	0.0	0.0	133.81370420612714	4.90320300781835	0.0	0.0	0.0	46.89759885261974	0.0	0.0	0.0
GSM4138111_HNSCC_1_TIL_CAACCAATCTATCCCG	550.7780082348764	111.47420302086546	0.0	0.0	88.55026552548	0.0	0.0	0.0	0.0	0.0	0.0	0.0	0.0	0.0	0.0	360.4730086853688	0.0	7.468366043320301	0.0	0.0	0.0	0.0	0.0	0.0	0.0
GSM4138111_HNSCC_1_TIL_CACACAACATCTACGA	197.49240341407332	64.98779403920726	58.49496458029627	0.0	0.0	0.0	0.0	0.0	16.043734031170857	0.0	0.0	0.0	56.42862463599721	0.0	0.0	0.0	33.91772191039099	0.0	0.0	0.0	0.0	58.83506685469239	0.0	0.0	0.0
GSM4138111_HNSCC_1_TIL_CACCTTGTCCGGGTGT	728.581458027484	240.20631922016977	352.4495854889004	0.0	0.0	0.0	0.0	0.0	27.29860097212463	0.0	0.0	0.0	0.0	0.0	0.0	0.0	0.0	0.0	0.0	0.0	875.8478745235828	0.0	0.0	0.0	0.0
GSM4138111_HNSCC_1_TIL_CATGACACAATGGAGC	323.97856522071544	130.9193053634333	121.18550158402535	0.0	0.0	252.703224436371	0.0	86.49513745866605	0.0	0.0	125.95194584116821	0.0	0.0	0.0	0.0	75.95185400954986	0.0	4.5875556414606615	0.0	0.0	0.0	0.0	0.0	0.0	0.0
GSM4138111_HNSCC_1_TIL_CCACTACTCACAATGC	258.1906154332717	53.67145263058976	78.94735016153778	0.0	0.0	0.0	125.56964246473379	0.0	5.105445509440158	0.0	0.0	0.0	0.0	88.0279607592848	0.0	0.0	0.0	0.0	0.0	0.0	0.0	0.0	0.0	0.0	0.0
GSM4138111_HNSCC_1_TIL_CCCAGTTGTAGTAGTA	174.067632411772	45.02349914759667	0.0	0.0	32.77522724377523	0.0	0.0	0.0	0.0	0.0	0.0	0.0	179.36291090397242	0.0	0.0	0.0	0.0	22.398872310924496	0.0	0.0	0.0	0.0	0.0	0.0	0.0
GSM4138111_HNSCC_1_TIL_CCGTGGATCCCTTGCA	337.809822671569	92.98035363112382	82.84334581024201	0.0	0.0	0.0	0.0	0.0	5.865134474335566	0.0	0.0	0.0	0.0	199.6803782962279	0.0	0.0	0.0	0.0	0.0	0.0	0.0	0.0	0.0	0.0	0.0
GSM4138111_HNSCC_1_TIL_CGCGGTATCATACGGT	154.05444098948865	57.499992736491436	0.0	256.3503187610424	0.0	0.0	0.0	0.0	0.0	119.23843693028192	0.0	0.0	0.0	0.0	0.0	0.0	0.0	0.01675033045328361	0.0	0.0	0.0	0.0	0.0	0.0	0.0
GSM4138111_HNSCC_1_TIL_CGGACTGAGCCGTCGT	294.8342920823302	59.733542428347725	3.5459543123010597	0.0	38.92987818237884	0.0	0.0	0.0	0.0	0.0	0.0	0.0	0.0	0.0	0.0	0.0	167.17602120963267	0.0	0.0	0.0	0.0	0.0	0.0	0.0	0.0
GSM4138111_HNSCC_1_TIL_CGGAGCTTCGAACTGT	413.29316139471837	263.64674282123735	0.0	468.99642769988264	442.100348905096	0.0	0.0	0.0	0.0	0.0	0.0	0.0	0.0	0.0	0.0	370.3388635810728	9.077814575901105	9.46147653119171	0.0	0.0	0.0	0.0	0.0	0.0	0.0
GSM4138111_HNSCC_1_TIL_CGGAGTCGTATGAATG	293.788315969478	75.88377682794584	10.670086813859744	0.0	0.0	0.0	0.0	0.0	0.0	0.0	0.0	0.0	13.795016463225403	0.0	0.0	0.0	146.6703793872711	4.035077702482216	0.0	0.0	0.0	0.0	0.0	0.0	0.0
GSM4138111_HNSCC_1_TIL_CGGTTAAGTCGACTAT	279.36242237346863	117.91840204389415	18.307009246625192	0.0	39.58561502502936	0.0	278.50408617309125	0.0	11.313261339019478	0.0	0.0	0.0	0.0	0.0	0.0	0.0	0.0	0.0	0.0	0.0	0.0	0.0	0.0	0.0	0.0
GSM4138111_HNSCC_1_TIL_CGTCTACAGCCTATGT	197.83570912529865	84.88838888283598	0.0	0.0	0.0	0.0	198.7675295507717	0.0	13.36021829518935	0.0	0.0	0.0	45.87149463691387	0.0	0.0	0.0	0.0	0.0	0.0	136.63848955922856	0.0	0.0	0.0	0.0	0.0
GSM4138111_HNSCC_1_TIL_CGTGTCTGTCTCCACT	359.31758111401723	130.62305595329954	115.81685860186283	0.0	0.0	0.0	0.0	0.0	0.0	130.17486083550992	607.0353872091415	0.0	0.0	0.0	0.0	0.0	0.0	7.737088550445467	0.0	0.0	0.0	0.0	0.0	0.0	0.0
GSM4138111_HNSCC_1_TIL_CGTTAGAAGAGCTATA	183.0622161335471	50.963144074755355	86.19143171499539	0.0	0.0	0.0	0.0	0.0	0.0	0.0	0.0	0.0	0.0	0.0	0.0	86.05935651736017	0.0	12.08603097574931	27.009731769989816	0.0	0.0	0.0	0.0	0.0	0.0
GSM4138111_HNSCC_1_TIL_CTGCTGTGTCCGAGTC	237.64702676334073	78.94729118681865	84.85307952529426	0.0	0.0	0.0	0.0	0.0	0.0	0.0	0.0	0.0	34.56128113130668	0.0	0.0	0.0	0.0	0.9698910332026589	0.0	0.0	118.78677905052837	0.0	0.0	0.0	0.0
GSM4138111_HNSCC_1_TIL_CTGGTCTGTCCGTGAC	510.5341707438931	156.03227856469164	0.23936332591684673	0.0	185.88172851438702	0.0	0.0	0.0	0.0	0.0	605.6897401451453	0.0	0.0	0.0	0.0	0.0	0.0	14.588683760485624	0.0	0.0	0.0	0.0	0.0	0.0	0.0
GSM4138111_HNSCC_1_TIL_CTGTGCTTCGTCCGTT	297.9480688857062	114.3183082715888	115.33187546728077	0.0	0.0	0.0	0.0	0.0	0.0	0.0	0.0	0.0	0.0	0.0	0.0	0.0	209.4089966404105	0.0	0.0	0.0	0.0	0.0	0.0	0.0	0.0
GSM4138111_HNSCC_1_TIL_CTTCTCTGTCTTGCGG	132.96796917912846	79.10569381798041	0.0	0.0	17.87704599986498	0.0	0.0	0.0	0.0	0.0	0.0	0.0	0.0	0.0	0.0	0.0	132.94564526855487	2.4975986796618117	0.0	0.0	0.0	0.0	0.0	0.0	0.0
GSM4138111_HNSCC_1_TIL_GAATGAACACGTCAGC	0.0	0.0	0.0	0.0	0.0	717.145172521096	5221.060067450884	0.0	0.0	0.0	0.0	0.0	0.0	0.0	0.0	0.0	0.0	0.0	0.0	0.0	0.0	0.0	0.0	0.0	0.0
GSM4138111_HNSCC_1_TIL_GACTAACGTAGAAGGA	177.76702816520378	44.854064409156074	260.1554923522084	0.0	0.0	0.0	0.0	0.0	0.0	0.0	144.56200807973184	0.0	0.0	40.95409138770695	0.0	0.0	0.0	0.0	0.0	0.0	0.0	0.0	0.0	0.0	0.0
GSM4138111_HNSCC_1_TIL_GATCGATTCAGAGACG	379.8194893342845	171.4646349473306	0.0	0.0	0.0	0.0	0.0	0.0	0.0	80.4804507513329	495.72636866264895	0.0	0.0	0.0	0.0	0.0	0.0	0.0	0.0	0.0	0.0	0.0	0.0	0.0	0.0
GSM4138111_HNSCC_1_TIL_GGGAATGAGCTGTCTA	174.59616381292471	80.80373025524237	38.02328290429612	0.0	0.0	0.0	0.0	0.0	0.0	0.0	0.0	0.0	0.0	0.0	0.0	0.0	225.4336468678755	0.0	0.0	0.0	0.0	0.0	0.0	0.0	0.0
GSM4138111_HNSCC_1_TIL_GGGAGATGTGTGCCTG	235.43706410511257	98.75818416988372	129.06480674804007	0.0	0.0	0.0	0.0	0.0	0.0	0.0	58.41229547835056	0.0	0.0	0.0	0.0	0.0	0.0	9.201266500073018	0.0	0.0	0.0	0.0	346.50045847681423	0.0	0.0
GSM4138111_HNSCC_1_TIL_GGGTCTGTCCACGAAT	626.9088157661243	256.36823668389115	0.0	0.0	0.0	0.0	0.0	253.4930881820133	20.593362045415564	0.0	0.0	0.0	704.3175481229746	0.0	0.0	0.0	0.0	0.0	0.0	0.0	0.0	0.0	0.0	0.0	0.0
GSM4138111_HNSCC_1_TIL_GTCGGGTAGTCAATAG	194.0356716200183	57.77942247203399	26.903751585364645	0.0	0.0	0.0	0.0	0.0	4.017767250442459	0.0	0.0	0.0	0.0	0.0	0.0	0.0	109.31212441073728	1.9808549562264026	0.0	0.0	0.0	0.0	0.0	0.0	0.0
GSM4138111_HNSCC_1_TIL_GTCTCGTCACCCATGG	212.36323751360456	40.69682009827038	0.0	0.0	69.2857212869338	0.0	79.04294034237408	0.0	0.0	0.0	0.0	0.0	0.0	0.0	0.0	75.5000570864227	0.0	0.0	0.0	0.0	0.0	0.0	0.0	0.0	0.0
GSM4138111_HNSCC_1_TIL_GTCTTCGGTTGATTCG	228.72634240308818	81.54122398363606	0.0	0.0	0.0	0.0	394.8169972848805	77.40032690342636	9.886802478342826	0.0	0.0	0.0	0.0	0.0	0.0	0.0	0.0	0.0	0.0	0.0	0.0	0.0	0.0	0.0	0.0
GSM4138111_HNSCC_1_TIL_GTGCAGCCAGTTTACG	116.71765285764054	39.95199997006495	71.36305072469656	0.0	0.0	0.0	0.0	0.0	0.0	0.0	0.0	0.0	201.96906662293696	0.0	0.0	0.0	0.0	2.1749922567290008	0.0	0.0	0.0	0.0	0.0	0.0	0.0
GSM4138111_HNSCC_1_TIL_GTTAAGCGTGCTGTAT	434.48262464311006	65.28358139024043	121.66998073362639	0.0	0.0	6.885160630178444	0.0	0.0	13.096415498254748	0.0	0.0	0.0	0.0	86.22430514185747	0.0	165.63193309073162	0.0	0.0	0.0	0.0	0.0	0.0	0.0	0.0	0.0
GSM4138111_HNSCC_1_TIL_TACTCGCCACACATGT	395.70157369881304	167.8902251330568	251.65163599396752	0.0	0.0	0.0	0.0	0.0	13.347756394774992	0.0	0.0	0.0	0.0	0.0	0.0	605.9006294508278	0.0	0.0	0.0	0.0	0.0	0.0	0.0	0.0	0.0
GSM4138111_HNSCC_1_TIL_TACTTACGTGTGACCC	325.67388354104764	76.20524594821961	0.0	0.0	76.53704051486952	0.0	0.0	0.0	0.0	0.0	0.0	0.0	28.731960518211885	0.0	0.0	0.0	186.18074439844648	9.953826392517271	9.177704154820264	0.0	0.0	0.0	0.0	0.0	0.0
GSM4138111_HNSCC_1_TIL_TCATTTGCAAGTAATG	209.1187953836339	69.82566390486956	66.69052610511712	0.0	0.0	0.0	0.0	0.0	0.0	0.0	0.0	0.0	14.376704749400046	0.0	0.0	0.0	55.410978901127116	12.662495420453647	0.0	0.0	0.0	0.0	100.05475997119349	0.0	0.0
GSM4138111_HNSCC_1_TIL_TCTATTGGTGTTTGTG	240.90613241948782	61.785401114650625	0.0	71.13233174811666	105.49199944267089	0.0	50.56330248300464	0.0	0.0	0.0	0.0	0.0	0.0	0.0	0.0	163.49057177777678	0.0	0.0	0.0	0.0	0.0	0.0	0.0	0.0	0.0
GSM4138111_HNSCC_1_TIL_TCTCTAATCGTCTGCT	174.70523072030443	51.55691317167602	103.70816771971563	0.0	0.0	0.0	137.51318135119453	0.0	0.0	0.0	0.0	0.0	0.0	0.0	0.0	0.0	29.185076293947017	5.58413166375302	0.0	0.0	0.0	0.0	0.0	0.0	0.0
GSM4138111_HNSCC_1_TIL_TTCTACACACCGGAAA	403.3670185252562	135.93176643716987	0.0	0.0	129.3233483966344	0.0	0.0	0.0	0.0	0.0	0.0	0.0	455.71713653424024	0.0	0.0	0.0	0.0	0.9164324489428936	0.0	0.0	0.0	0.0	0.0	0.0	0.0
GSM4138111_HNSCC_1_TIL_AGTGTCACATTAGCCA	164.47680727184948	32.227333607073724	0.0	0.0	0.0	0.0	0.0	0.0	7.483785278941215	111.48214831226599	0.0	0.0	0.0	0.0	226.04787808293725	0.0	0.0	0.0	0.0	0.0	0.0	0.0	0.0	0.0	0.0
GSM4138111_HNSCC_1_TIL_GCGGGTTTCTCAACTT	273.3621893855325	97.04400502282645	0.0	358.9794706656695	0.0	0.0	0.0	0.0	0.0	141.9624643103358	0.0	0.0	0.0	0.0	0.0	0.0	0.0	10.023203273140147	0.0	0.0	0.0	0.0	0.0	0.0	0.0
GSM4138111_HNSCC_1_TIL_GCTCTGTGTCTAGTCA	289.9264662256967	161.2327108709496	0.0	620.620800835502	0.0	0.0	0.0	0.0	0.0	307.22848997188476	0.0	0.0	0.0	0.0	0.0	0.0	0.0	14.400175821000806	0.0	0.0	0.0	0.0	0.0	0.0	0.0
GSM4138111_HNSCC_1_TIL_GGACAAGAGGAGTACC	205.92819646111448	115.86735437236871	0.0	280.40259925164503	0.0	0.0	0.0	119.6868549902311	1.571213240805114	0.0	0.0	0.0	0.0	0.0	0.0	0.0	0.0	0.0	0.0	0.0	0.0	0.0	0.0	0.0	0.0
GSM4138111_HNSCC_1_TIL_GTCCTCAAGATGCCTT	281.4724763489063	71.64174400950267	0.0	444.37581941956915	0.0	0.0	0.0	0.0	22.81301800269568	239.6254947247138	0.0	0.0	0.0	0.0	0.0	0.0	0.0	0.0	0.0	0.0	0.0	0.0	0.0	0.0	0.0
GSM4138111_HNSCC_1_TIL_TTTCCTCTCTCGCTTG	252.21797827215642	170.13932143958934	0.0	406.5881046322372	0.0	0.0	0.0	214.42486876768763	15.866051092256228	0.0	0.0	0.0	0.0	0.0	0.0	0.0	0.0	0.0	0.0	0.0	0.0	0.0	0.0	0.0	0.0
GSM4138111_HNSCC_1_TIL_AAACCTGTCTTCGAGA	131.62293299542776	60.169528677507735	0.0	135.0544874688764	18.17814082768607	0.0	0.0	0.0	1.0777723897877798	58.34034636689827	0.0	0.0	0.0	0.0	70.558643070715	0.0	0.0	0.0	0.0	0.0	0.0	0.0	0.0	0.0	0.0
GSM4138111_HNSCC_1_TIL_ACACCCTTCACAGGCC	197.72097153101578	160.92617606331262	0.0	329.95399515046745	0.0	0.0	0.0	195.42608764197436	0.0	0.0	0.0	0.0	0.0	0.0	0.0	0.0	0.0	14.77241315878986	0.0	0.0	0.0	0.0	0.0	0.0	0.0
GSM4138111_HNSCC_1_TIL_ACGGCCAAGTGGAGTC	130.5248767927989	40.01347148902719	0.0	197.13104026751094	14.762154086035478	0.0	0.0	0.0	15.098427132772178	23.54620027977513	0.0	0.0	0.0	0.0	0.0	0.0	0.0	0.0	0.0	0.0	0.0	0.0	0.0	0.0	0.0
GSM4138111_HNSCC_1_TIL_ACGTCAAGTAACGCGA	151.15382776377717	43.792764281309	0.0	222.69725606469714	38.557462281185494	0.0	0.0	0.0	0.5087035876512097	0.0	0.0	0.0	0.0	0.0	0.0	0.0	0.0	0.0	0.0	0.0	0.0	0.0	0.0	0.0	0.0
GSM4138111_HNSCC_1_TIL_ACTATCTGTCTCTCTG	218.97921994005983	62.10170803610452	0.0	0.0	0.0	64.80585941615392	0.0	0.0	0.0	80.69366054121956	0.0	0.0	0.0	0.0	63.55896001663984	0.0	0.0	9.383441131361312	0.0	0.0	0.0	0.0	0.0	0.0	14.532525637564525
GSM4138111_HNSCC_1_TIL_ACTTACTAGCTAGTGG	92.36834569995777	41.26510694746331	0.0	122.9548935217687	93.95516745618966	0.0	0.0	0.0	9.083916728885162	0.0	0.0	0.0	0.0	0.0	0.0	0.0	0.0	0.0	0.0	0.0	0.0	0.0	0.0	0.0	0.0
GSM4138111_HNSCC_1_TIL_ACTTGTTAGCTGTTCA	104.70858654574484	51.43251024803243	0.0	84.37943150206276	0.0	0.0	0.0	0.0	0.0	48.66260376253101	0.0	0.0	0.0	0.0	77.67488015274682	0.0	0.0	0.0	0.0	0.0	0.0	0.0	0.0	0.0	122.25392424297021
GSM4138111_HNSCC_1_TIL_ATAACGCTCGCGCCAA	147.0956252800127	56.92691320922784	0.0	120.98438764459162	81.84561127164156	0.0	0.0	0.0	3.42036647714504	0.0	0.0	0.0	0.0	0.0	49.56845001613261	0.0	0.0	0.0	0.0	0.0	0.0	0.0	0.0	0.0	0.0
GSM4138111_HNSCC_1_TIL_ATCATCTGTACCGCTG	146.38608703653728	51.5787577173782	0.0	0.0	0.0	0.0	0.0	0.0	3.5823537523275344	55.60247876889941	0.0	0.0	0.0	0.0	189.98147950186979	0.0	0.0	0.0	0.0	0.0	0.0	0.0	0.0	0.0	0.0
GSM4138111_HNSCC_1_TIL_ATTGGTGCACACCGCA	172.6378271450115	86.42729606231988	0.0	54.180115287675406	0.0	86.07650885990317	0.0	14.622338720168877	0.0	0.0	0.0	0.0	0.0	0.0	0.0	0.0	0.0	13.167464742156866	0.0	36.8457414636611	0.0	0.0	0.0	0.0	0.0
GSM4138111_HNSCC_1_TIL_CAAGAAAAGGCCCGTT	132.11593466672903	41.708285936349796	0.0	0.0	0.0	113.26139004886616	0.0	14.489361842846984	9.013599177451425	25.325150939911026	0.0	0.0	0.0	0.0	65.84434978990234	0.0	0.0	0.0	0.0	0.0	0.0	0.0	0.0	0.0	0.0
GSM4138111_HNSCC_1_TIL_CAGGTGCGTCATGCCG	212.4490223799221	138.68716896062398	0.0	0.0	0.0	44.40366883746519	0.0	110.13376776451986	0.0	23.066609245712236	0.0	0.0	0.0	0.0	235.09280897451958	0.0	0.0	50.15737479099325	0.0	0.0	0.0	0.0	0.0	0.0	0.0
GSM4138111_HNSCC_1_TIL_CGGACGTCACTCTGTC	115.15948228110457	35.85550923068466	0.0	150.6920812723266	0.0	1.560643404104596	0.0	0.0	0.535876135600301	52.059002562496566	0.0	0.0	0.0	0.0	0.0	0.0	0.0	10.106183511694427	0.0	0.0	0.0	0.0	0.0	0.0	0.0
GSM4138111_HNSCC_1_TIL_CGTCACTGTCCAGTGC	115.75648118486518	72.09096649824544	0.0	37.916676812172206	78.62823102648055	0.0	0.0	0.0	0.0	0.0	0.0	0.0	0.0	0.0	114.73520213678975	0.0	0.0	3.7450944947700116	0.0	0.0	0.0	0.0	0.0	0.0	53.66054836043042
GSM4138111_HNSCC_1_TIL_CTAATGGTCTGCAGTA	209.28843317191763	129.1444043370223	0.0	187.24992009194725	149.6984756847278	0.0	0.0	0.0	23.70359067499245	0.0	0.0	0.0	0.0	0.0	0.0	0.0	0.0	0.0	0.0	0.0	0.0	0.0	0.0	0.0	197.72911190985332
GSM4138111_HNSCC_1_TIL_CTGAAACGTTCCCGAG	93.95938422995128	59.83328062845607	0.0	155.8482592653859	58.85752110833438	0.0	0.0	0.0	0.0	0.0	0.0	0.0	0.0	0.0	0.0	0.0	0.0	11.54985103439214	0.0	0.0	0.0	0.0	0.0	0.0	0.0
GSM4138111_HNSCC_1_TIL_CTGCTGTCATGTCGAT	105.66441369770158	54.44973905943938	24.700235758246183	100.77378792474181	3.9906545850957826	33.95744719462325	0.0	0.0	0.0	63.74240440811922	0.0	0.0	0.0	0.0	0.0	0.0	0.0	6.752405816441887	0.0	0.0	0.0	0.0	0.0	0.0	12.344177891793267
GSM4138111_HNSCC_1_TIL_GACAGAGCAGCCAGAA	148.8847852894329	60.167834493450925	0.0	113.45864226400718	0.0	0.0	0.0	0.0	0.0	68.3653770381999	0.0	0.0	0.0	0.0	59.70257475421195	0.0	0.0	18.15543507386314	0.0	0.0	0.0	0.0	0.0	0.0	0.0
GSM4138111_HNSCC_1_TIL_GCGCCAAGTCATGCCG	269.33617501360237	109.93072221507236	0.0	282.8101230163013	0.0	0.0	0.0	0.0	19.048988037466767	132.6933263280527	0.0	0.0	0.0	0.0	0.0	0.0	0.0	0.0	0.0	0.0	0.0	0.0	0.0	0.0	0.0
GSM4138111_HNSCC_1_TIL_GCTGCAGAGCGCTCCA	158.65963259376974	56.52583915691675	0.0	95.42765615724133	57.915418817055226	0.0	0.0	0.0	12.113393322099842	0.0	0.0	0.0	0.0	0.0	52.42910870720554	0.0	0.0	0.0	0.0	0.0	0.0	0.0	0.0	0.0	0.0
GSM4138111_HNSCC_1_TIL_GGCTGGTAGGCCCTCA	150.65952928638933	38.47228225486176	0.0	116.61976352214445	85.96311229248118	0.0	0.0	0.0	0.0	0.0	0.0	0.0	0.0	0.0	0.0	0.0	0.0	11.456398097247453	0.0	0.0	0.0	0.0	0.0	0.0	0.0
GSM4138111_HNSCC_1_TIL_GTGTTAGCAAAGAATC	82.26214361203222	39.02719473266982	0.0	0.0	0.0	177.46708562584305	0.0	57.77859742906422	4.053227021316025	0.0	0.0	0.0	0.0	0.0	0.0	0.0	0.0	0.0	0.0	0.0	0.0	0.0	0.0	0.0	0.0
GSM4138111_HNSCC_1_TIL_TACTCGCGTTCCACTC	164.60909796743567	55.096635978270946	0.0	193.04418602324768	43.60239145727987	0.0	0.0	0.0	10.014731084699774	0.0	0.0	0.0	0.0	0.0	0.0	0.0	0.0	0.0	0.0	0.0	0.0	0.0	0.0	0.0	0.0
GSM4138111_HNSCC_1_TIL_TAGGCATGTAGCTGCC	106.60743370144982	79.06437115512551	0.0	0.0	0.0	0.0	0.0	66.40351615375332	6.6237946264517875	0.0	0.0	0.0	0.0	0.0	133.49249953228875	0.0	0.0	0.0	0.0	10.694146937987497	0.0	0.0	0.0	0.0	0.0
GSM4138111_HNSCC_1_TIL_TGAGCCGCAGTAACGG	173.03903175650336	64.02887030211755	0.0	0.0	1.5238498369761935	156.5295875313719	0.0	0.0	9.844007318228858	56.804428583791974	0.0	0.0	0.0	0.0	0.0	0.0	0.0	0.0	0.0	0.0	0.0	0.0	0.0	0.0	0.0
GSM4138111_HNSCC_1_TIL_TGAGGGAGTCTTCTCG	115.0481537516414	38.41074425067248	0.0	150.925917317746	10.309772316276243	0.0	0.0	0.0	0.0	0.0	0.0	0.0	0.0	0.0	0.0	0.0	0.0	8.424826146992903	0.0	36.781930804117515	0.0	0.0	0.0	0.0	0.0
GSM4138111_HNSCC_1_TIL_TGCCCATAGAGCTATA	147.6876691852593	72.5519757009748	0.0	310.5301330309185	157.80801505159778	0.0	0.0	0.0	2.3310556235294606	0.0	0.0	0.0	0.0	0.0	0.0	0.0	0.0	0.0	0.0	0.0	0.0	0.0	0.0	0.0	0.0
GSM4138111_HNSCC_1_TIL_TGTATTCGTAAGGATT	179.26803216822861	51.110309095102934	0.0	177.51454684799262	0.0	0.0	0.0	0.0	8.62589759647913	51.899323462815524	0.0	0.0	0.0	0.0	0.0	0.0	0.0	0.0	0.0	0.0	0.0	0.0	0.0	0.0	0.0
GSM4138111_HNSCC_1_TIL_TTCGAAGAGACGCACA	165.3783080235893	44.971068411262145	0.0	21.97983220432795	0.0	157.1072308893167	0.0	38.99746770184613	9.20734988077066	25.975772932083675	0.0	0.0	0.0	0.0	4.889317586677787	0.0	0.0	0.0	0.0	0.0	0.0	0.0	0.0	0.0	0.0
GSM4138111_HNSCC_1_TIL_AGAGCTTAGTCTCAAC	140.85348699210297	46.45188172990005	47.76031763101728	0.0	0.0	0.0	0.0	0.0	0.0	0.0	0.0	0.0	0.0	73.8888763068926	0.0	0.0	0.0	27.09353729184511	0.0	0.0	22.212344914206778	0.0	0.0	0.0	0.0
GSM4138111_HNSCC_1_TIL_AGCGTATTCAAAGACA	199.797637193427	71.08325823435455	91.90350260920744	0.0	0.0	0.0	0.0	0.0	17.563223539155647	0.0	0.0	241.9453758819597	0.0	0.0	0.0	0.0	0.0	0.0	0.0	0.0	0.0	0.0	0.0	0.0	0.0
GSM4138111_HNSCC_1_TIL_ATCCACCAGGTGTTAA	199.6174366498188	72.19992644753202	44.501907453221456	0.0	0.0	0.0	162.71638999049452	58.28066410852126	0.0	0.0	0.0	0.0	0.0	0.0	0.0	0.0	0.0	28.758104877296955	0.0	0.0	0.0	0.0	35.82165123781431	0.0	0.0
GSM4138111_HNSCC_1_TIL_CAACCAACACAGACTT	199.15541733763936	80.0344866731632	153.24325196732372	0.0	0.0	0.0	0.0	0.0	0.0	0.0	0.0	226.22370272605636	0.0	0.0	0.0	0.0	0.0	12.040786598300903	0.0	0.0	0.0	0.0	0.0	0.0	0.0
GSM4138111_HNSCC_1_TIL_CAACTAGTCGCGTTTC	300.5080549241901	136.2048587364695	0.0	0.0	156.96308440958603	0.0	0.0	0.0	0.0	0.0	0.0	354.83692022483626	0.0	0.0	0.0	0.0	0.0	16.508226887280696	0.0	28.78919747968415	0.0	0.0	0.0	0.0	0.0
GSM4138111_HNSCC_1_TIL_CAGCTGGCAATAGAGT	116.64098193085924	55.41981977878258	0.0	0.0	129.99745154250976	0.0	0.0	0.0	12.109239212799922	0.0	0.0	99.55859943734549	106.55952185758704	0.0	0.0	0.0	0.0	0.0	0.0	0.0	0.0	0.0	0.0	0.0	0.0
GSM4138111_HNSCC_1_TIL_CAGTCCTAGGCATGTG	175.88208842464272	87.73605776370852	0.0	0.0	0.0	0.0	0.0	168.25732405691213	0.16166734713546288	0.0	0.0	154.8922518091378	0.0	0.0	0.0	0.0	0.0	2.7295309067222657	0.0	0.0	0.0	0.0	0.0	0.0	0.0
GSM4138111_HNSCC_1_TIL_CCACTACAGCACAGGT	140.53151433688862	47.50018239051778	85.13013261732941	0.0	0.0	0.0	6.216662978958144	0.0	0.0	0.0	0.0	121.74568159807791	0.0	0.0	0.0	0.0	0.0	3.8893535185311525	0.0	0.0	0.0	0.0	0.0	0.0	0.0
GSM4138111_HNSCC_1_TIL_CCACTACCATTAGCCA	130.77317640292682	65.83685317570419	76.57543823033046	0.0	0.0	0.0	0.0	0.0	0.0	0.0	0.0	0.0	0.0	0.0	156.3120229756889	0.0	0.0	4.466103275204108	0.0	0.0	0.0	0.0	0.0	0.0	0.0
GSM4138111_HNSCC_1_TIL_CCAGCGATCAATCACG	214.123718693985	96.22724986127535	0.0	0.0	0.0	0.0	0.0	0.0	10.336217386028963	0.0	0.0	0.0	0.0	147.87603332640793	0.0	0.0	0.0	0.0	0.0	147.88555665021238	0.0	0.0	0.0	0.0	0.0
GSM4138111_HNSCC_1_TIL_CGGACGTTCTTGCAAG	161.01561982004014	83.32898485329184	135.6558265054181	0.0	0.0	0.0	27.522892647305788	0.0	34.35196868255926	0.0	0.0	5.394647394957709	0.0	43.049820618470804	81.57700677485465	0.0	0.0	0.0	0.0	0.0	27.25437319958643	0.0	0.0	0.0	0.0
GSM4138111_HNSCC_1_TIL_CGTTAGACAACACCCG	140.60247268368667	44.837519064518446	66.39633392262851	0.0	0.0	0.0	0.0	0.0	0.0	0.0	0.0	0.0	0.0	125.60724369605065	0.0	0.0	0.0	11.649660928011786	0.0	0.0	0.0	0.0	0.0	0.0	0.0
GSM4138111_HNSCC_1_TIL_CTGCGGACAGTCAGCC	125.04875764485384	42.875509042400815	0.0	0.0	54.974241184241265	90.67321149582482	0.0	0.0	0.0	0.0	0.0	0.0	0.0	0.0	0.0	0.0	0.0	0.0	0.0	0.0	0.0	0.0	0.0	0.0	0.0
GSM4138111_HNSCC_1_TIL_GCAGCCAGTGATGCCC	192.80702538812238	58.8905356339233	69.85933734836073	0.0	0.0	0.0	0.0	0.0	2.608139073408599	0.0	0.0	0.0	0.0	0.0	0.0	0.0	0.0	0.0	128.4760224247459	0.0	0.0	0.0	0.0	0.0	0.0
GSM4138111_HNSCC_1_TIL_GGCTGGTGTGCCTGTG	130.32703917322976	44.227216130400784	68.55555425740359	0.0	0.0	0.0	0.0	0.0	7.800798136597577	0.0	0.0	175.14583361290627	0.0	0.0	0.0	0.0	0.0	0.0	0.0	0.0	0.0	0.0	0.0	0.0	0.0
GSM4138111_HNSCC_1_TIL_TGACGGCAGCGTCAAG	159.60691898754376	84.90979716864454	92.71873178289722	0.0	0.0	0.0	200.1393065823261	0.0	27.98586605588942	0.0	0.0	0.0	0.0	0.0	0.0	0.0	0.0	0.0	0.0	0.0	0.0	0.0	0.0	0.0	0.0
GSM4138111_HNSCC_1_TIL_TGCGCAGAGCATGGCA	155.24909779690142	57.93548296270325	51.08311132971734	0.0	0.0	0.0	0.0	0.0	0.0	0.0	0.0	111.13754492830556	0.0	0.0	0.0	0.0	0.0	6.177507283040017	0.0	0.0	0.0	0.0	0.0	0.0	0.0
GSM4138111_HNSCC_1_TIL_ACGGAGACAGGACGTA	94.58194128294099	62.062069060993544	0.0	158.29858240532434	0.0	0.0	0.0	95.29925056013083	5.919463946175805	0.0	0.0	0.0	0.0	0.0	0.0	0.0	0.0	0.0	0.0	20.349243488179454	0.0	0.0	0.0	0.0	0.0
GSM4138111_HNSCC_1_TIL_AGATCTGAGTCAAGCG	277.9090215596637	110.55571937317758	255.32624167025327	0.0	0.0	0.0	0.0	0.0	23.092540864958494	0.0	0.0	415.5041509117595	0.0	0.0	0.0	0.0	0.0	0.0	0.0	0.0	0.0	0.0	0.0	0.0	0.0
GSM4138111_HNSCC_1_TIL_ATAAGAGAGAGTCTGG	146.13069246997296	103.25328085443614	178.91110542922314	0.0	0.0	0.0	75.85305342611949	16.175798846833057	8.774410428243106	0.0	0.0	0.0	0.0	21.810246533145474	0.0	0.0	0.0	0.0	0.0	0.0	96.27523440551519	0.0	0.0	0.0	0.0
GSM4138111_HNSCC_1_TIL_GAACGGAAGGGATACC	174.87454661130107	104.8359388654303	193.2632143589908	97.48547843201496	0.0	0.0	192.19256842872883	0.0	0.0	0.0	0.0	0.0	0.0	0.0	0.0	0.0	0.0	7.923519929947274	0.0	0.0	0.0	0.0	0.0	0.0	0.0
GSM4138111_HNSCC_1_TIL_GACGCGTTCTAACTCT	91.93971386752797	59.50502678847373	176.0441185844901	198.4373074733601	0.0	0.0	0.0	0.0	0.0	0.0	0.0	0.0	0.0	0.0	0.0	0.0	0.0	3.616156013043366	0.0	0.0	0.0	0.0	0.0	0.0	0.0
GSM4138111_HNSCC_1_TIL_GATGCTAGTAAATGTG	162.73460529307573	73.33784313228709	82.1358033098201	0.0	0.0	0.0	223.56988033842651	0.0	2.440513172799383	0.0	0.0	0.0	0.0	0.0	0.0	0.0	0.0	0.0	14.029604886608888	0.0	0.0	0.0	0.0	0.0	0.0
GSM4138111_HNSCC_1_TIL_GTGAAGGTCGTACCGG	425.1362309244306	178.563183837975	157.4077652676222	0.0	0.0	0.0	214.47418264985848	0.0	17.720168376497917	0.0	0.0	0.0	0.0	143.04338101050806	0.0	0.0	0.0	0.0	0.0	0.0	0.0	0.0	52.829105075534095	0.0	0.0
GSM4138111_HNSCC_1_TIL_TGCTACCTCGGATGGA	96.13986418276694	56.38608630207484	138.23177199463942	211.92590324513404	0.0	0.0	0.0	0.0	0.0	0.0	0.0	0.0	0.0	0.0	0.0	0.0	0.0	11.96068604943312	0.0	0.0	0.0	0.0	0.0	0.0	0.0
GSM4138111_HNSCC_1_TIL_ACATACGAGTCATGCT	154.43572651566566	73.33402763807626	86.52309677922257	0.0	0.0	0.0	0.0	0.0	1.29779981339527	0.0	0.0	0.0	0.0	0.0	0.0	0.0	155.805349508654	2.0423235887795657	0.0	0.0	0.0	0.0	0.0	0.0	0.0
GSM4138111_HNSCC_1_TIL_CAACCTCGTTCAACCA	190.61037865478212	37.30085415236543	29.778292034613305	0.0	0.0	0.0	0.0	0.0	0.0	0.0	0.0	0.0	0.0	0.0	0.0	0.0	0.0	0.0	0.0	0.0	0.0	88.54937267085347	13.594076331577774	0.0	0.0
GSM4138111_HNSCC_1_TIL_CAACTAGTCACCATAG	298.20151766762075	98.40751874159494	105.86621846967509	0.0	0.0	79.401365109148	150.96259268857727	0.0	14.524761455366184	0.0	0.0	0.0	0.0	0.0	0.0	0.0	0.0	0.0	0.0	0.0	0.0	10.819157637964002	0.0	0.0	0.0
GSM4138111_HNSCC_1_TIL_CCAGCGAAGGGATACC	179.36796586749747	84.79277748638363	72.95205917956399	0.0	0.0	0.0	0.0	0.0	0.0	0.0	0.0	0.0	0.0	0.0	0.0	0.0	0.0	6.459235122387599	0.0	0.0	0.0	141.29292383972802	0.0	0.0	0.0
GSM4138111_HNSCC_1_TIL_GAAATGAGTCTAGTCA	181.2242810911121	35.28692214378143	57.59490969899999	0.0	0.0	0.0	0.0	0.0	0.0	0.0	0.0	16.890203475304958	15.795517082859039	0.0	0.0	0.0	0.0	8.651067424936544	0.0	0.0	0.0	80.52769682581096	0.0	0.0	0.0
GSM4138111_HNSCC_1_TIL_GCAGTTACATAGAAAC	183.41976370073576	48.24283762910363	70.68314129940426	0.0	0.0	0.0	0.0	0.0	6.182420984801627	0.0	0.0	21.952243478107984	0.0	0.0	0.0	0.0	0.0	0.0	0.0	0.0	0.0	136.06800183237888	0.0	0.0	0.0
GSM4138111_HNSCC_1_TIL_GGTATTGCAGGAATGC	184.81277134874622	41.8560915692547	32.53542913001452	0.0	0.0	0.0	0.0	0.0	0.0	0.0	0.0	0.0	0.0	0.0	0.0	0.0	0.0	0.0	0.0	0.0	0.0	144.67430701244334	0.0	0.0	0.0
GSM4138111_HNSCC_1_TIL_GGTGTTACATTAGCCA	183.88051571992017	51.983036517905205	18.08060004703894	0.0	0.0	0.0	0.0	0.0	0.0	0.0	0.0	0.0	0.0	9.786247841135346	0.0	0.0	0.0	1.2641041753010034	0.0	0.0	51.490193692734856	0.0	81.63666939875736	0.0	0.0
GSM4138111_HNSCC_1_TIL_GTCTTCGAGCTAGTGG	199.41940903388442	56.03171233999571	19.756021903454023	0.0	0.0	0.0	133.61438015916738	0.0	0.0	0.0	0.0	0.0	0.0	0.0	0.0	0.0	0.0	8.6835400942803	0.0	0.0	0.0	0.0	0.0	0.0	0.0
GSM4138111_HNSCC_1_TIL_TTGCGTCCATCGGACC	144.39554942853326	62.967290570456235	71.1384724698049	0.0	0.0	0.0	127.3479543814084	0.0	12.01550895866041	0.0	0.0	0.0	0.0	0.0	0.0	0.0	0.0	0.0	0.0	0.0	0.0	48.42547402326818	0.0	0.0	0.0
GSM4138111_HNSCC_1_TIL_CACACCTGTACGCTGC	114.46435742748733	66.27902830211735	57.65352331835427	0.0	0.0	0.0	181.17858849687002	0.0	0.3319633002462163	0.0	0.0	0.0	0.0	0.0	0.0	0.0	0.0	0.0	0.0	0.0	0.0	0.0	0.0	0.0	0.0
GSM4138111_HNSCC_1_TIL_CAGAGAGCATAAAGGT	146.4596950016786	98.20083217223538	87.6199747549636	0.0	0.0	0.0	0.0	0.0	0.0	0.0	0.0	148.77806310025346	0.0	0.0	0.0	0.0	0.0	5.348432184303096	0.0	0.0	0.0	0.0	0.0	0.0	0.0
GSM4138111_HNSCC_1_TIL_CCCTCCTCACTTAACG	145.50778275566478	67.3867620159912	85.4531195283303	0.0	0.0	0.0	50.425599070724395	0.0	39.40219865238969	0.0	60.12504601759396	0.0	0.0	0.0	0.0	14.145483000369532	0.0	0.0	0.0	0.0	0.0	0.0	0.0	0.0	0.0
GSM4138111_HNSCC_1_TIL_CCTAAAGGTGACGGTA	129.10123267647097	38.84874615472744	73.98922184522269	0.0	0.0	0.0	0.0	0.0	0.0	0.0	0.0	131.20720719613084	43.61809692001728	0.0	0.0	0.0	0.0	8.677630459777312	0.0	0.0	0.0	0.0	0.0	0.0	0.0
GSM4138111_HNSCC_1_TIL_CCTTCGATCTTTACAC	203.4613282102996	72.02662834550578	102.41985001452879	0.0	0.0	0.0	0.0	0.0	4.95308853107509	0.0	0.0	0.0	163.234594896492	0.0	0.0	0.0	0.0	0.0	0.0	0.0	0.0	0.0	0.0	0.0	0.0
GSM4138111_HNSCC_1_TIL_GAGCAGAGTTCAGCGC	125.87863242663443	37.61995828057681	43.97246550671639	0.0	0.0	0.0	0.0	0.0	0.0	0.0	0.0	96.42303455189806	0.0	0.0	0.0	0.0	0.0	13.068143251126285	0.0	0.0	0.0	0.0	0.0	0.0	0.0
GSM4138111_HNSCC_1_TIL_GGTGCGTCAGCTGTAT	118.90562225315598	30.296312454893634	55.405926200556856	0.0	0.0	0.0	0.0	0.0	0.0	0.0	0.0	189.12430092356627	0.0	0.0	0.0	0.0	0.0	16.346028348230867	0.0	0.0	0.0	0.0	0.0	0.0	0.0
GSM4138111_HNSCC_1_TIL_TATTACCCATCCCATC	147.58827490829086	41.33431837260124	0.0	0.0	116.68308057759347	0.0	0.0	0.0	20.321684768665907	0.0	0.0	97.39684255018568	0.0	0.0	0.0	0.0	0.0	0.0	0.0	0.0	0.0	0.0	0.0	0.0	0.0
GSM4138111_HNSCC_1_TIL_TGAGAGGAGCCGCCTA	149.36643517060338	45.45906248437193	58.625197038421135	0.0	0.0	0.0	0.0	0.0	8.29738942853172	0.0	0.0	0.0	0.0	174.60150496578223	0.0	0.0	0.0	0.0	0.0	0.0	0.0	0.0	0.0	0.0	0.0
GSM4138111_HNSCC_1_TIL_AGTTGGTAGTACGTTC	92.95745297128676	51.10015730795366	66.45586525506553	0.0	0.0	0.0	79.3141459579916	0.0	0.0	0.0	0.0	0.0	0.0	0.0	31.411714457206887	0.0	0.0	0.0	0.0	0.0	0.0	0.0	0.0	0.0	0.0
GSM4138111_HNSCC_1_TIL_CCCAGTTTCAGTACGT	145.85037321395637	63.36855634634633	0.0	188.40265308182833	0.0	0.0	0.0	0.0	8.068624808547629	0.0	0.0	0.0	0.0	0.0	0.0	0.0	0.0	0.0	0.0	125.66503756190998	0.0	0.0	0.0	0.0	0.0
GSM4138111_HNSCC_1_TIL_CCTAAAGCAAGGACTG	105.31023041257802	28.988893714606103	55.33628688530106	0.0	0.0	0.0	0.0	0.0	4.5650594393855926	18.032816467218968	0.0	0.0	0.0	0.0	124.90690893985793	0.0	0.0	0.0	0.0	0.0	0.0	0.0	0.0	0.0	0.0
GSM4138111_HNSCC_1_TIL_GACGCGTTCAAACCGT	126.4265311034766	83.4267154411858	70.58571125944977	0.0	0.0	0.0	59.468884596028055	0.0	0.0	0.0	0.0	0.0	0.0	0.0	35.12101242271576	0.0	0.0	3.317996031840651	0.0	0.0	61.35727009107504	0.0	0.0	0.0	0.0
GSM4138111_HNSCC_1_TIL_GGATGTTGTGGCTCCA	114.96553459443297	48.82300482867864	0.0	0.0	0.0	124.14141769158708	0.0	42.956268348941684	0.0	0.0	0.0	0.0	0.0	0.0	38.791342993599514	0.0	0.0	4.39428076434123	0.0	0.0	0.0	0.0	0.0	0.0	0.0
GSM4138111_HNSCC_1_TIL_ACTGATGGTGCTAGCC	217.06851597918856	77.490221185588	0.0	171.34542143624813	59.98652304318516	0.0	0.0	0.0	19.44670299085765	0.0	0.0	0.0	0.0	0.0	0.0	0.0	0.0	0.0	0.0	0.0	0.0	0.0	0.0	0.0	0.0
GSM4138111_HNSCC_1_TIL_CCTACCACATCGGGTC	186.01283616460734	58.82611404472582	0.0	0.0	4.2174580248370575	0.0	0.0	0.0	0.0	0.0	0.0	0.0	0.0	0.0	0.0	0.0	0.0	8.435137425895475	0.0	47.01520528181753	0.0	0.0	0.0	0.0	166.58802669176188
GSM4138111_HNSCC_1_TIL_CTCACACAGTTGTCGT	141.11514878146508	91.17139449389234	0.0	0.0	0.0	0.0	0.0	0.0	11.704181783807936	58.93297878198737	0.0	0.0	0.0	0.0	273.68286406368543	0.0	0.0	0.0	0.0	0.0	0.0	0.0	0.0	0.0	0.0
GSM4138111_HNSCC_1_TIL_TACTTGTTCCGCATCT	218.30809555104597	58.489465323888915	0.0	275.5861602072606	0.0	0.0	0.0	139.9883942194024	3.5430006710655477	22.681595420845518	0.0	0.0	0.0	0.0	0.0	0.0	0.0	0.0	0.0	0.0	0.0	0.0	0.0	0.0	0.0
GSM4138111_HNSCC_1_TIL_TGGCGCACATTATCTC	152.484625374	42.93222871003648	0.0	0.0	0.0	129.73021552401443	0.0	0.0	10.890918907802414	0.0	0.0	0.0	0.0	0.0	0.0	0.0	0.0	0.0	0.0	28.678060989894178	0.0	0.0	0.0	0.0	0.0
GSM4138111_HNSCC_1_TIL_AGAATAGTCTCCAACC	196.40157235311082	42.192745231418236	18.735578184853548	0.0	0.0	0.0	51.16576457108178	0.0	5.382396411135449	0.0	0.0	0.0	0.0	0.0	0.0	0.0	0.0	0.0	0.0	0.0	43.80378571889932	0.0	0.8179716522010602	0.0	0.0
GSM4138111_HNSCC_1_TIL_AGCTCTCTCTAACTCT	259.4291743163304	97.48923578189797	42.701323282964985	0.0	0.0	0.0	0.0	0.0	12.535039087812242	0.0	0.0	0.0	395.88421923853525	0.0	0.0	0.0	0.0	0.0	0.0	0.0	0.0	0.0	0.0	0.0	0.0
GSM4138111_HNSCC_1_TIL_CACACAATCCCAAGAT	266.8818231282451	69.26506930844349	21.888377169332358	0.0	0.0	0.0	0.0	0.0	5.220303297336726	0.0	0.0	0.0	0.0	0.0	196.13639271623302	0.0	0.0	0.0	0.0	0.0	0.0	0.0	43.903765181689685	0.0	0.0
GSM4138111_HNSCC_1_TIL_CCTAAAGTCTAACCGA	145.75179200548024	30.757750800838085	46.499639604814206	0.0	0.0	0.0	0.0	0.0	5.741833168095776	0.0	0.0	0.0	60.76075401438376	0.0	0.0	0.0	20.951983205602208	0.0	0.0	0.0	0.0	0.0	0.0	0.0	0.0
GSM4138111_HNSCC_1_TIL_TCAACGAAGCGTAATA	209.3841387684254	47.40879484165208	112.00173378497927	0.0	0.0	0.0	0.0	0.0	0.0	0.0	0.0	0.0	36.73706289571704	0.0	0.0	0.0	41.52573624852782	0.0	0.0	0.0	76.34544804179625	0.0	0.0	0.0	0.0
GSM4138111_HNSCC_1_TIL_TCGGTAACATTACGAC	158.52810637493818	18.051492583454785	87.39964773652041	0.0	0.0	0.0	0.0	0.0	11.565476281372636	0.0	0.0	0.0	0.0	0.0	0.0	0.0	0.0	0.0	0.0	0.0	63.03992222922911	0.0	0.0	0.0	0.0
GSM4138111_HNSCC_1_TIL_AACTCCCAGATGAGAG	125.83685016568599	127.38882816520251	58.587225390786855	34.75261400859208	0.0	0.0	0.0	13.002208367996655	0.0	4.928847220527455	112.56815435842378	0.0	0.0	0.0	0.0	0.0	0.0	10.880534104017704	0.0	0.0	0.0	0.0	0.0	0.0	0.0
GSM4138111_HNSCC_1_TIL_CACACAACAATTCCTT	141.94328644128154	41.287113267741894	74.5040952823504	0.0	0.0	0.0	0.0	0.0	2.749357229158283	0.0	0.0	0.0	161.95670527832334	0.0	0.0	0.0	0.0	0.0	0.0	0.0	0.0	0.0	0.0	0.0	0.0
GSM4138111_HNSCC_1_TIL_CATGCCTCAGAGTGTG	185.70073937289914	83.64540196323748	82.4076046097925	0.0	0.0	0.0	101.7594983058974	0.0	11.847743992043057	0.0	0.0	0.0	14.727006096681961	0.0	0.0	0.0	22.3498818937733	7.81300389363393	0.0	0.0	0.0	0.0	0.0	0.0	0.0
GSM4138111_HNSCC_1_TIL_GACCTGGTCAATAAGG	197.24244960710823	57.34023642076914	68.07299487632783	0.0	0.0	0.0	119.97474568509534	0.0	11.188335028094336	0.0	0.0	21.284050144809022	0.0	0.0	0.0	0.0	0.0	0.0	0.0	0.0	0.0	0.0	0.0	0.0	0.0
GSM4138111_HNSCC_1_TIL_ACCGTAAAGAGGGATA	191.68033841678402	102.86619431753415	91.64529961804791	0.0	0.0	0.0	136.69260100930853	2.7520761825556317	28.536123942234056	0.0	0.0	0.0	0.0	0.0	0.0	0.0	0.0	0.0	0.0	0.0	0.0	0.0	0.0	0.0	0.0
GSM4138111_HNSCC_1_TIL_ACGTCAAGTAGTACCT	389.34675453357977	139.93721550434094	201.05327152596485	306.7378259672916	0.0	0.0	0.0	0.0	0.0	0.0	0.0	0.0	0.0	0.0	0.0	0.0	0.0	25.236249525100842	0.0	0.0	0.0	0.0	0.0	0.0	0.0
GSM4138111_HNSCC_1_TIL_ACTGAACGTCTGGTCG	231.32685734300568	92.93689149684977	171.99415704747003	0.0	0.0	0.0	0.0	0.0	31.740391392766696	0.0	0.0	55.84019041547621	0.0	173.80132329975407	0.0	0.0	0.0	0.0	0.0	0.0	0.0	0.0	0.0	0.0	0.0
GSM4138111_HNSCC_1_TIL_AGGTCATGTCGCTTTC	299.39393550207376	73.24900721861825	0.0	0.0	95.72228120996172	0.0	40.138562334868645	0.0	13.416543090163367	0.0	0.0	0.0	0.0	0.0	0.0	0.0	100.05087062100905	0.0	0.0	0.0	0.0	0.0	0.0	0.0	0.0
GSM4138111_HNSCC_1_TIL_CCTCTGACACTTCTGC	191.83367406112626	118.53893641628257	72.84437245682139	0.0	0.0	0.0	92.95948192335776	0.0	0.0	0.0	0.0	91.79514705952298	0.0	0.0	0.0	0.0	0.0	27.807096019687847	0.0	0.0	0.0	0.0	0.0	0.0	0.0
GSM4138111_HNSCC_1_TIL_CTGCGGAGTTTAGCTG	249.0413485838353	72.79787391983409	27.93615385696368	0.0	0.0	0.0	0.0	52.34993647867999	17.008302467928633	0.0	0.0	95.1390250068148	0.0	0.0	0.0	0.0	0.0	0.0	0.0	0.0	0.0	0.0	0.0	0.0	0.0
GSM4138111_HNSCC_1_TIL_GAAACTCAGCTTTGGT	147.21607879005296	68.18768939926365	52.49198048387538	0.0	0.0	0.0	0.0	0.0	6.219166205215527	0.0	0.0	0.0	0.0	0.0	0.0	0.0	0.0	0.0	63.89234835082656	0.0	0.0	0.0	0.0	0.0	0.0
GSM4138111_HNSCC_1_TIL_GAAGCAGAGAAGATTC	120.38655750193409	58.74772952219048	0.0	22.003160482633007	91.69390290780903	61.67321017268476	0.0	0.0	9.175478924745214	0.0	0.0	0.0	0.0	0.0	0.0	0.0	0.0	1.0742314075556685	0.0	0.0	0.0	0.0	0.0	36.87187479173902	0.0
GSM4138111_HNSCC_1_TIL_GATCGCGTCTGGTTCC	369.2649190226528	153.67063880938582	53.78429850551436	426.1375342891916	156.5949122275044	0.0	0.0	0.0	0.0	0.0	0.0	0.0	0.0	0.0	0.0	0.0	0.0	64.9495102512947	0.0	0.0	0.0	0.0	0.0	0.0	0.0
GSM4138111_HNSCC_1_TIL_GCAGCCATCACTATTC	143.92943149269132	104.29440617400654	55.57985048746964	7.723272427115134	0.0	64.86836789905121	0.0	0.0	29.507754906935286	40.22439284145485	0.0	10.147662724591205	0.0	0.0	0.0	73.96865076054033	0.0	1.1914499106794694	0.0	0.0	0.0	0.0	0.0	0.0	0.0
GSM4138111_HNSCC_1_TIL_GGGCATCGTAGATTAG	214.7494898124426	114.57015173703336	0.0	0.0	0.0	0.0	0.0	186.17262927531422	17.727913942282875	0.0	233.36404239387304	0.0	0.0	0.0	0.0	0.0	0.0	0.0	0.0	0.0	0.0	0.0	0.0	0.0	0.0
GSM4138111_HNSCC_1_TIL_GTGCTTCTCGCCAGCA	190.6560926817422	52.07226114470501	64.91363388614681	0.0	0.0	0.0	12.372337582736256	0.0	20.435627431004278	0.0	0.0	0.0	0.0	0.0	0.0	0.0	51.12452379720405	0.0	0.0	0.0	0.0	0.0	11.598797655404681	0.0	0.0
GSM4138111_HNSCC_1_TIL_TCGTAGAAGATAGCAT	136.87374885467275	55.41043360697607	62.78860139564682	0.0	0.0	0.0	0.0	0.0	0.0	0.0	0.0	156.77470891847	0.0	0.0	0.0	0.0	0.0	24.895406601087007	0.0	0.0	0.0	0.0	0.0	0.0	0.0
GSM4138111_HNSCC_1_TIL_TGAAAGAGTGTTCTTT	457.90836697329763	200.59978165051547	263.7910851705547	0.0	0.0	0.0	288.26633446240334	78.85052684109453	33.29028151628303	0.0	103.67588406383176	0.0	0.0	0.0	164.09949903709847	0.0	0.0	0.0	0.0	0.0	0.0	0.0	0.0	0.0	0.0
GSM4138111_HNSCC_1_TIL_TGAGCATTCCAATGGT	194.77954363716546	78.12781216442562	0.0	0.0	97.89786780572658	72.06308466817788	0.0	0.0	0.0	0.0	0.0	3.5337476113555244	0.0	0.0	0.0	0.0	0.0	43.018785462892865	0.0	0.0	0.0	0.0	0.0	0.0	0.0
GSM4138111_HNSCC_1_TIL_TTGACTTGTGGTTTCA	213.741307000197	114.42786876361102	9.512904404557219	0.0	90.72496984783824	0.0	0.0	0.0	9.122255771943449	0.0	0.0	0.0	0.0	142.27790119433695	0.0	8.430770410903072	0.0	0.0	0.0	0.0	0.0	0.0	0.0	0.0	0.0
GSM4138111_HNSCC_1_TIL_TTGGCAACAAACCTAC	374.14680830292497	189.7746335625122	253.85839197514534	279.5231652313758	0.0	0.0	57.855324151172596	0.0	37.94474584681368	0.0	0.0	32.86953458255794	0.0	7.27047176091494	0.0	0.0	0.0	0.0	0.0	0.0	0.0	0.0	0.0	0.0	0.0
GSM4138111_HNSCC_1_TIL_AACACGTAGGAGTCTG	100.13976533041603	56.932962636086174	0.0	0.0	0.0	94.87993452785882	0.0	0.0	81.1111537260698	0.0	0.0	0.0	0.0	35.463477391017925	0.0	0.0	0.0	0.0	0.0	95.14012005769573	100.84587320164219	0.0	0.0	0.0	0.0
GSM4138111_HNSCC_1_TIL_ACGCCGACATGCGCAC	56.723041116049856	58.41794683977624	0.0	0.0	0.0	0.0	0.0	46.2920100664526	65.70288189131547	0.0	0.0	0.0	0.0	150.1447442252623	0.0	0.0	0.0	0.0	0.0	0.0	0.0	0.0	0.0	0.0	0.0
GSM4138111_HNSCC_1_TIL_ACGGAGACAGGGTACA	126.05727537503003	37.421786438499055	0.0	0.0	89.81359276897962	92.7306841359635	0.0	0.0	80.46994799639988	0.0	0.0	0.0	0.0	0.0	0.0	108.72133518029935	0.0	0.0	0.0	0.0	0.0	0.0	0.0	0.0	0.0
GSM4138111_HNSCC_1_TIL_ACGGGCTCAGGAATGC	251.25908799123178	140.12304004898255	197.5433270161098	0.0	0.0	0.0	0.0	0.0	0.0	0.0	13.49256451357935	0.0	0.0	154.22106467116726	0.0	0.0	0.0	57.70737454357059	13.694614563946137	0.0	0.0	0.0	81.42150463414718	0.0	0.0
GSM4138111_HNSCC_1_TIL_ACGTCAAAGAGCTGCA	118.81209550859303	48.510654623995265	0.0	0.0	106.91197552784081	265.93346318635	0.0	0.0	74.55542630802884	0.0	0.0	0.0	0.0	0.0	0.0	2.3592891543147463	0.0	0.0	0.0	0.0	0.0	0.0	0.0	0.0	0.0
GSM4138111_HNSCC_1_TIL_ACTATCTAGAGTACAT	181.12984138569809	87.98161714915183	0.0	0.0	134.75805758802045	0.0	0.0	0.0	34.790615759538724	0.0	0.0	0.0	0.0	82.91452210191682	0.0	0.0	0.0	55.000409289940386	127.8242115748745	0.0	0.0	0.0	0.0	0.0	0.0
GSM4138111_HNSCC_1_TIL_ACTGAGTCACCCAGTG	105.32993126375857	68.43774687936457	0.0	126.46642649120673	0.0	0.0	0.0	32.2728959667924	56.154301298958806	0.0	0.0	0.0	0.0	0.0	0.0	0.0	0.0	0.0	58.13840290865555	72.56282288180257	0.0	0.0	0.0	0.0	0.0
GSM4138111_HNSCC_1_TIL_ACTTGTTCAATCCGAT	119.83027352350959	28.285553401051693	0.0	0.0	169.1302299467753	0.0	0.0	0.0	0.0	0.0	0.0	0.0	0.0	0.0	0.0	0.0	0.0	75.8704755289891	180.46339939308305	0.0	0.0	0.0	0.0	0.0	0.0
GSM4138111_HNSCC_1_TIL_AGATCTGCACTCAGGC	146.91295008178855	41.80819121043382	54.134419540670606	0.0	14.69885117639007	0.0	77.84227313269281	0.0	77.1714140209122	0.0	0.0	0.0	0.0	97.00198519386578	0.0	0.0	0.0	0.0	0.0	0.0	0.0	0.0	0.0	0.0	0.0
GSM4138111_HNSCC_1_TIL_AGCAGCCCACATTAGC	95.71287588783942	51.890269221207	0.0	0.0	0.0	0.0	0.0	72.0953754480125	44.73671550276885	0.0	0.0	0.0	0.0	141.25192207468837	0.0	0.0	0.0	0.0	0.0	0.0	0.0	0.0	0.0	0.0	0.0
GSM4138111_HNSCC_1_TIL_AGCTCCTTCACCTCGT	159.84729559702077	57.52252503076551	0.0	0.0	0.0	0.0	0.0	158.22224398467225	60.501831047165915	0.39580257568944804	41.29080124027594	0.0	0.0	180.88038641118948	0.0	0.0	0.0	0.0	0.0	0.0	0.0	0.0	0.0	0.0	0.0
GSM4138111_HNSCC_1_TIL_AGGCCACGTCCTCTTG	154.07260892402158	34.47705162895953	0.0	0.0	0.0	0.0	0.0	50.453403066114056	72.37511960333833	0.0	0.0	0.0	0.0	149.39449812438863	0.0	100.62592958435285	0.0	0.0	82.69435013341277	53.91974310806238	0.0	0.0	0.0	0.0	0.0
GSM4138111_HNSCC_1_TIL_AGGCCGTGTTTGACAC	91.80456184248128	70.97859612149878	0.0	0.0	0.0	0.0	0.0	53.31484592437455	9.45588100768215	0.0	0.0	78.33064205022869	39.78290418506879	66.11185105358078	0.0	0.0	0.0	71.18898656321072	0.0	44.325058913951054	0.0	0.0	0.0	0.0	0.0
GSM4138111_HNSCC_1_TIL_AGTAGTCCAGTTTACG	113.52442963161398	55.98109756608025	0.0	0.0	144.00985833022915	0.0	0.0	0.0	73.02373552288356	0.0	5.254015140135784	0.0	0.0	0.0	109.43433850532566	0.0	0.0	0.0	0.0	0.0	0.0	0.0	0.0	39.64354361060758	0.0
GSM4138111_HNSCC_1_TIL_AGTGGGAGTGTCCTCT	148.34687561134982	67.54519120247078	44.31120369718665	0.0	0.0	82.96418426885258	81.63530445051047	48.964072666131955	0.0	0.0	0.0	58.52668462578253	0.0	0.0	0.0	0.0	0.0	45.37779161386008	0.0	0.0	0.0	0.0	0.0	0.0	0.0
GSM4138111_HNSCC_1_TIL_ATCACGACAAGGACTG	63.10211306731529	29.8804257456281	0.0	0.0	0.0	0.0	0.0	36.4024287136448	34.751471543602364	26.698998851022456	233.54038597035148	0.0	0.0	0.0	0.0	0.0	0.0	0.0	0.0	0.0	0.0	0.0	0.0	0.0	0.0
GSM4138111_HNSCC_1_TIL_ATGCGATAGAATTCCC	96.04409818990845	34.49291116141797	101.83277516186598	0.0	0.0	0.0	0.0	0.0	0.0	0.0	215.6271403157017	0.0	0.0	0.0	0.0	0.0	0.0	75.04644733081497	0.0	0.0	0.0	0.0	0.0	0.0	0.0
GSM4138111_HNSCC_1_TIL_ATGCGATGTAGCTGCC	91.12997104274325	53.68548058076051	0.0	0.0	0.0	88.50230774891254	13.871039723059733	85.92827345891784	70.79403353483289	0.0	0.0	0.0	0.0	0.0	28.6598967314516	66.8620104590028	0.0	0.0	0.0	0.0	0.0	0.0	0.0	0.0	0.0
GSM4138111_HNSCC_1_TIL_ATTATCCAGTGTTAGA	119.68134197973642	48.17679096362124	0.0	197.84288526105186	0.0	0.0	0.0	35.87272329735692	80.2182591557849	92.23381540931	0.0	0.0	0.0	0.0	0.0	0.0	0.0	0.0	0.0	11.984285165616178	0.0	0.0	0.0	0.0	0.0
GSM4138111_HNSCC_1_TIL_ATTCTACGTCGAATCT	122.76458518024816	57.67948350072263	102.38946370459131	0.0	0.0	0.0	272.7509582463637	0.0	90.64318179849573	0.0	0.0	0.0	0.0	0.0	0.0	0.0	0.0	0.0	0.0	0.0	0.0	0.0	2.016007057230119	0.0	0.0
GSM4138111_HNSCC_1_TIL_ATTGGACAGCAATCTC	148.77848205022255	44.2479887082453	0.0	0.0	0.0	0.0	0.0	110.74946631981028	72.31687174401434	0.0	0.0	0.0	0.0	153.53858398670826	0.0	0.0	0.0	0.0	0.0	0.0	0.0	0.0	0.0	0.0	0.0
GSM4138111_HNSCC_1_TIL_CACATTTGTTGTTTGG	198.65888181426672	143.31612230315926	274.19008974341875	0.0	0.0	0.0	0.0	0.0	67.74625974259335	0.0	0.0	71.52035519687239	0.0	0.0	0.0	0.0	0.0	0.0	0.0	0.0	360.1990984367998	0.0	0.0	0.0	0.0
GSM4138111_HNSCC_1_TIL_CCCAGTTTCTCGTTTA	120.52001503626947	49.41439588014031	0.0	361.6888515677855	170.84661578723373	0.0	0.0	0.0	79.27598492275843	0.0	0.0	0.0	0.0	0.0	0.0	0.0	0.0	0.0	0.0	0.0	0.0	0.0	0.0	0.0	0.0
GSM4138111_HNSCC_1_TIL_CCCATACAGACGCAAC	92.13975856318442	49.220791868163786	148.8498042612757	0.0	0.0	0.0	0.0	0.0	0.0	0.0	0.0	0.0	0.0	15.263694691976918	77.73208992463549	0.0	0.0	23.197392250733884	0.0	0.0	0.0	0.0	0.0	0.0	0.0
GSM4138111_HNSCC_1_TIL_CCGTGGAAGGCATTGG	178.384513186299	116.1845717595974	37.639292044932205	0.0	0.0	103.98598916205734	0.0	121.336701307789	116.49467931463778	0.0	0.0	0.0	0.0	0.0	63.349930391618194	0.0	0.0	0.0	0.0	0.0	104.07759546012697	0.0	0.0	0.0	0.0
GSM4138111_HNSCC_1_TIL_CCGTGGAAGTAACCCT	137.65092841754824	91.6960437572202	0.0	0.0	0.0	24.35249936250165	0.0	56.13464649493668	88.6969465163293	0.0	177.11612971526782	0.0	0.0	0.0	0.2582081660135217	0.0	0.0	0.0	0.0	0.0	0.0	0.0	0.0	0.0	0.0
GSM4138111_HNSCC_1_TIL_CCTAAAGTCTCCCTGA	126.63473324001455	27.41593158432152	100.11302550073023	18.37378992156393	0.0	132.2285142348103	0.0	0.0	71.45183786882733	10.436613292785161	86.09647524420888	0.0	0.0	1.4827613277289347	0.0	0.0	0.0	13.249817774221803	0.0	0.0	0.0	0.0	0.0	0.0	0.0
GSM4138111_HNSCC_1_TIL_CCTTACGAGTGGCACA	97.04627261756035	66.0565384999485	0.0	0.0	41.56529738174076	0.0	151.84024795339562	0.0	70.66699259748219	0.0	0.0	0.0	0.0	0.0	0.0	0.0	79.7626456451128	0.0	0.0	53.321835392847554	0.0	0.0	0.0	0.0	0.0
GSM4138111_HNSCC_1_TIL_CGCTGGATCCTCAACC	105.52316361561181	47.83651797174858	0.0	0.0	46.9688103982821	0.0	0.0	0.0	55.00400946031318	0.0	0.0	0.0	0.0	0.0	0.0	0.0	0.0	0.0	0.0	68.4416736607975	0.0	184.66402001994763	0.0	0.0	0.0
GSM4138111_HNSCC_1_TIL_CGGAGTCCATCCGCGA	110.69420523192183	33.82548427387564	25.44126525496087	64.53001062027076	0.0	0.0	0.0	0.0	0.0	61.27568963702852	0.0	0.0	0.0	0.0	37.153914361265365	0.0	0.0	47.258675723553715	0.0	0.0	0.0	0.0	0.0	40.93550187582801	0.0
GSM4138111_HNSCC_1_TIL_CGTCACTTCCCATTTA	80.59079652062094	48.02296304069931	0.0	0.0	25.90397230084624	97.93264446840332	0.0	67.52888101987877	0.0	0.0	0.0	0.0	0.0	0.0	0.0	0.0	0.0	49.71567098842701	0.0	5.492832179164653	0.0	0.0	0.0	0.0	0.0
GSM4138111_HNSCC_1_TIL_CTCGTCATCGATGAGG	200.40770360678758	48.4182570528381	0.0	0.0	143.90688440592967	76.02091071175292	0.0	0.0	94.119722913005	0.0	0.0	0.0	0.0	0.0	0.0	151.034463013929	0.0	0.0	0.0	0.0	0.0	0.0	0.0	0.0	0.0
GSM4138111_HNSCC_1_TIL_CTGATCCAGCTGAACG	192.17085027969085	110.86015048749803	0.0	192.9257153462091	163.32436766882725	0.0	0.0	0.0	63.45515938863671	0.0	0.0	0.0	98.09184763182147	0.0	0.0	0.0	7.837294667816152	2.7068192688283252	0.006695639132382817	15.453356450774564	0.0	0.0	0.0	0.0	0.0
GSM4138111_HNSCC_1_TIL_CTTAACTCATGGTCAT	118.52099413043551	67.05540675222612	0.0	306.7713644399991	0.0	0.0	0.0	19.079373184441778	81.23069299290565	111.37637014840442	0.0	0.0	0.0	0.0	0.0	0.0	0.0	0.0	0.0	0.0	0.0	0.0	0.0	0.0	0.0
GSM4138111_HNSCC_1_TIL_CTTACCGTCACAGTAC	123.49347220944543	28.746581131177006	0.0	0.0	116.26425735102302	33.63374498428958	0.0	0.0	88.4430033753857	0.0	14.142194259273642	0.0	0.0	0.0	6.570805835210074	0.0	20.79098993449456	0.0	89.71250325352459	0.0	12.637822360645462	0.0	0.0	0.0	0.0
GSM4138111_HNSCC_1_TIL_GAACGGATCTGAGTGT	90.11754891910792	44.24125908933253	0.0	0.0	16.455490710079683	157.2594498424899	0.0	0.0	0.0	0.0	0.0	0.0	0.0	0.0	0.0	0.0	0.0	104.55918065498494	0.0	81.39371195385213	0.0	0.0	0.0	0.0	0.0
GSM4138111_HNSCC_1_TIL_GACCAATCAAAGCGGT	145.2992232693341	54.871056197607686	43.27205666595412	39.98128767659472	0.0	19.062343287379488	0.0	0.0	89.20150196754183	66.20295930467181	140.91380444870958	0.0	0.0	0.0	0.0	38.49710746817863	0.0	0.0	1.1127305117358477	0.0	0.0	0.0	0.0	0.0	0.0
GSM4138111_HNSCC_1_TIL_GATCTAGGTCAAACTC	115.6134386109416	34.77841179263852	0.0	0.0	182.88771532606984	0.0	0.0	0.0	0.0	0.0	0.0	0.0	159.58237753086294	0.0	0.0	0.0	0.0	74.90130467230384	0.0	0.0	0.0	0.0	0.0	0.0	0.0
GSM4138111_HNSCC_1_TIL_GCAATCATCTCTAGGA	212.56917268513914	48.35324066578508	0.0	0.0	0.0	104.23872386051418	34.97141206432865	0.0	57.47194717952785	136.18023129986324	50.85517242133627	0.0	0.0	0.712967087838919	0.0	0.0	0.0	0.0	0.0	0.0	0.0	0.0	0.0	0.0	0.0
GSM4138111_HNSCC_1_TIL_GCAGCCACAAGTCTGT	77.32257760279806	54.33210300724128	65.96714663618756	0.0	0.0	0.0	0.0	0.0	0.0	75.57886219667311	0.0	0.0	0.0	121.34811594229485	0.0	0.0	0.0	135.87571597201682	180.1290676339331	0.0	0.0	0.0	0.0	0.0	0.0
GSM4138111_HNSCC_1_TIL_GCAGTTATCTTCGAGA	201.68259857263376	104.64841403856414	0.0	328.92343114071866	0.0	0.0	0.0	0.0	65.75695916699087	186.7458956945553	0.0	0.0	0.0	0.0	0.0	0.0	0.0	0.0	0.0	0.0	0.0	0.0	0.0	0.0	0.0
GSM4138111_HNSCC_1_TIL_GCCTCTAAGCTAACTC	135.20032749033382	52.99843675374186	0.0	0.0	70.56108228449156	163.73540144507433	0.0	0.0	56.43266835443635	0.0	40.7716132089107	0.0	0.0	0.0	0.0	0.0	0.0	18.92422422899983	0.0	0.0	0.0	0.0	0.0	0.0	0.0
GSM4138111_HNSCC_1_TIL_GCGCCAAGTACAGTTC	92.47410603030654	76.79522647328369	74.50044373442243	0.0	0.0	31.912406065525698	0.0	32.295518606033006	104.59086824858102	17.54548249710377	0.0	0.0	133.8029099113079	0.0	0.0	0.0	0.0	0.0	0.0	0.0	0.0	0.0	0.0	0.0	48.555469719507144
GSM4138111_HNSCC_1_TIL_GCTCTGTTCAACTCTT	128.95290972204916	67.47027785240137	0.0	0.0	0.0	0.0	0.0	119.6877370164912	81.55587691045028	0.0	0.0	0.0	0.0	0.0	0.0	0.0	0.0	0.0	229.55305813352987	5.9156829816931715	0.0	0.0	0.0	0.0	0.0
GSM4138111_HNSCC_1_TIL_GCTGCGATCTCGAGTA	214.7530412015331	103.92519663972057	95.76617658501915	0.0	0.0	280.8530193416672	0.0	41.37001475020866	83.50027465278392	0.0	0.0	0.0	0.0	0.0	0.0	0.0	0.0	0.0	0.0	0.0	0.0	0.0	0.0	0.0	0.0
GSM4138111_HNSCC_1_TIL_GCTTGAAGTGACCAAG	134.95154170522986	28.616431577679244	0.0	0.0	56.11449936905235	0.0	0.0	50.228600824209565	66.54076399203262	0.0	0.0	77.72556152744278	0.0	21.791667136896052	0.0	75.59160042473935	0.0	0.0	0.0	4.346036505629623	0.0	0.0	0.0	0.0	0.0
GSM4138111_HNSCC_1_TIL_GGAATAACATCGACGC	197.95790873764153	78.80685997966216	0.0	0.0	16.880290711107296	23.94102160552266	0.0	53.21798993540069	76.57152960489503	41.00873488106611	0.0	0.0	19.38067141209845	0.0	0.0	0.0	0.0	0.0	207.4883820320297	10.92912785523558	0.0	0.0	0.0	0.0	0.0
GSM4138111_HNSCC_1_TIL_GGACGTCTCCGTTGCT	158.52654108829915	45.70668925509336	2.849690301439286	0.0	0.0	0.0	0.0	121.96028666205824	88.30751732930065	20.936359034972146	0.0	0.0	1.8521423780410522	112.69729327154758	0.0	0.0	0.0	0.0	0.0	0.0	127.13799723186992	0.0	0.0	0.0	0.0
GSM4138111_HNSCC_1_TIL_GGAGCAATCCGTAGGC	147.64044934454245	38.77804611007406	105.4064618637479	160.76041700215015	0.0	0.0	0.0	0.0	0.0	0.0	0.0	0.0	0.0	0.0	0.0	0.0	0.0	88.25671087170912	0.0	0.0	0.0	0.0	0.0	0.0	0.0
GSM4138111_HNSCC_1_TIL_GGCTGGTCACCAGCAC	72.08458390992129	39.365388645584176	103.55183812389403	203.2138871700617	0.0	0.0	0.0	0.0	69.52358971834695	10.071888423513755	0.0	0.0	0.0	0.0	0.0	0.0	0.0	0.0	0.0	0.0	0.0	0.0	0.0	0.0	0.0
GSM4138111_HNSCC_1_TIL_GGGAGATAGGGTTCCC	0.0	0.0	0.0	0.0	0.0	0.0	0.0	0.0	1207.315543247458	0.0	0.0	0.0	0.0	0.0	0.0	0.0	0.0	126.29751169099521	0.0	0.0	0.0	0.0	0.0	0.0	0.0
GSM4138111_HNSCC_1_TIL_GGGTTGCCAGCCAATT	219.2015740069064	19.404913950321454	0.0	109.35701264828488	0.0	0.0	0.0	0.0	43.39111275133111	87.30910596121001	0.0	0.0	0.0	0.0	0.0	0.0	0.0	0.0	0.0	0.0	0.0	0.0	0.0	0.0	0.0
GSM4138111_HNSCC_1_TIL_GTAGTCACATCACGAT	142.95066318423363	19.7570280901378	0.0	0.0	91.47226374601037	0.0	0.0	0.0	0.0	0.0	0.0	213.97319183034543	0.0	3.4545912289286895	0.0	0.0	0.0	60.18721615581679	0.0	0.0	0.0	0.0	0.0	0.0	0.0
GSM4138111_HNSCC_1_TIL_GTATTCTCAACTGCTA	103.09906799913492	31.98320812623244	41.80661236396304	0.0	62.134156884061774	0.0	0.0	0.0	62.75024477644636	0.0	0.0	0.0	0.0	204.44526539859424	0.0	0.0	36.46640563187212	0.0	0.0	0.0	0.0	0.0	0.0	0.0	0.0
GSM4138111_HNSCC_1_TIL_GTCACGGGTCTTGTCC	134.57663522423792	60.87579704840029	0.0	0.0	38.92741386602081	0.0	0.0	0.0	80.35836134669215	0.0	0.0	0.0	0.0	0.0	0.0	209.85904785511465	0.0	0.0	0.0	35.7518143524635	0.0	0.0	0.0	0.0	0.0
GSM4138111_HNSCC_1_TIL_GTCCTCATCCCTCAGT	320.8971410915256	151.48691628937632	129.2481112974422	0.0	0.0	0.0	0.0	78.25728123985886	83.94152848780305	78.6378352727725	482.3867573568529	0.0	0.0	0.0	69.85534972494234	0.0	0.0	0.0	0.0	0.0	0.0	0.0	0.0	0.0	0.0
GSM4138111_HNSCC_1_TIL_GTGCATACATCACAAC	133.10649111423044	63.86870434247023	110.1425596951619	0.0	0.0	0.0	56.22627973593762	0.0	45.4419701791278	0.0	0.0	0.0	160.02096472123338	0.0	0.0	0.0	0.0	0.0	0.0	0.0	0.0	0.0	0.0	0.0	0.0
GSM4138111_HNSCC_1_TIL_GTGTGCGAGTGGGATC	106.719567110869	43.007242580578776	0.0	0.0	0.0	87.21324055933572	0.0	81.79034149134738	72.91642785269116	0.0	4.318512719533347	0.0	0.0	0.0	0.0	68.08102924413063	0.0	0.0	0.0	0.0	0.0	0.0	0.0	0.0	0.0
GSM4138111_HNSCC_1_TIL_GTTCATTGTGCCTGGT	252.02149920926058	136.04821299597825	0.0	0.0	0.0	0.0	0.0	291.6684281316128	58.703064909115014	19.32012193554191	325.09106018244523	0.0	0.0	0.0	0.0	0.0	0.0	0.0	0.0	0.0	0.0	0.0	0.0	0.0	0.0
GSM4138111_HNSCC_1_TIL_GTTCATTTCATGTAGC	140.94919988822602	53.23548820783692	35.23899827375333	0.0	0.0	14.049124626243211	0.0	69.82440951658887	86.3044405888573	0.0	118.42038315173595	0.0	0.0	3.3551220762167455	0.0	0.0	8.556470117747988	0.0	0.0	0.0	70.90218213649332	0.0	0.0	0.0	0.0
GSM4138111_HNSCC_1_TIL_TAAGCGTTCGGATGGA	120.54265960415171	49.25468635899239	0.0	0.0	67.64994924781095	0.0	0.0	0.0	77.21578537308915	0.0	0.0	0.0	189.14449697504034	0.0	0.0	0.0	0.0	0.0	0.0	10.572256020581822	0.0	0.0	0.0	0.0	0.0
GSM4138111_HNSCC_1_TIL_TACGGATGTCGTGGCT	90.87854731312325	11.339508319900917	75.81413602220476	0.0	0.0	0.0	0.0	0.0	150.30510365059146	0.0	0.0	0.0	27.65242316552721	0.0	0.0	21.175959577247482	97.37642719431362	0.0	0.0	0.0	0.0	0.0	0.0	0.0	0.0
GSM4138111_HNSCC_1_TIL_TATCAGGTCTACCAGA	118.69005254193304	52.08624884101282	8.965981979391273	0.0	2.5618385735455727	135.4739176488054	0.0	94.89065725234813	67.59706028295253	0.6198034601444381	0.0	0.0	0.0	0.0	0.0	0.0	0.0	25.523983200243894	0.0	0.0	0.0	0.0	0.0	0.0	0.0
GSM4138111_HNSCC_1_TIL_TCGCGAGTCCGCATAA	72.54672511041237	33.7230495204955	138.65196754126117	0.0	0.0	0.0	115.64749407860425	0.0	94.43319373235691	0.0	56.55332426509161	0.0	0.0	0.0	0.0	0.0	0.0	20.277360873192848	0.0	0.0	0.0	0.0	0.0	0.0	0.0
GSM4138111_HNSCC_1_TIL_TGACTAGAGCGTAATA	84.45860106080656	49.896712465108166	19.577113775211988	0.0	77.4568295978021	1.1922546589416583	0.0	0.0	57.96493898089915	0.0	0.0	134.24269507663087	2.230318724317539	0.10313070632288542	0.0	0.0	0.0	0.0	0.0	0.0	0.0	0.0	0.0	0.0	0.0
GSM4138111_HNSCC_1_TIL_TGCTACCCACTGTCGG	142.4096805546091	42.13178928935685	130.4872502318111	0.0	0.0	0.0	0.0	0.0	26.876433644691925	0.0	0.0	0.0	6.698174335790936	65.85503398899834	0.0	0.0	0.0	0.0	50.52632342390634	0.0	0.0	0.0	40.979859401719224	0.0	0.0
GSM4138111_HNSCC_1_TIL_TTGCCGTCAAGACACG	170.17540870056578	80.07884747016041	0.0	161.00741453660382	0.0	0.0	0.0	86.66451407525379	93.74515575969943	0.0	0.0	31.901961291469064	13.830668246688619	0.0	0.0	0.0	0.0	0.0	0.0	0.0	0.0	0.0	0.0	73.24274091243454	0.0
GSM4138111_HNSCC_1_TIL_TTGTAGGCACAGGAGT	182.12172942260938	25.84921481949074	0.0	0.0	111.91772519105739	0.0	14.328099472105254	0.0	0.0	0.0	0.0	0.0	0.0	0.0	0.0	0.0	147.5745138457083	41.573309989769484	0.0	0.0	0.0	0.0	0.0	0.0	0.0
GSM4138111_HNSCC_1_TIL_ACACCAAAGACTACAA	184.10676095750986	45.917226697475186	87.94604517188523	0.0	0.0	0.0	0.0	0.0	11.109542025973838	0.0	0.0	0.0	0.0	146.29245358565893	0.0	0.0	0.0	0.0	0.0	0.0	0.0	0.0	0.0	0.0	0.0
GSM4138111_HNSCC_1_TIL_CTCATTAAGCTCCTTC	250.87449997376217	73.50354421440268	43.73904745878089	0.0	0.0	0.0	139.42726847002578	0.0	8.828127193314012	0.0	0.0	8.458049587554555	0.0	0.0	0.0	0.0	0.0	0.0	0.0	0.0	0.0	0.0	0.0	0.0	0.0
GSM4138111_HNSCC_1_TIL_TAGTGGTGTACCATCA	210.53115013963253	52.55120612742124	5.082995314358863	0.0	0.0	0.0	0.0	0.0	0.0	0.0	0.0	191.02521206226265	0.0	0.0	0.0	0.0	0.0	5.709932965650962	0.0	0.0	0.0	0.0	0.0	0.0	0.0
GSM4138111_HNSCC_1_TIL_TTATGCTTCCGATATG	165.7797752780309	60.83806320385826	46.61552193658351	0.0	0.0	0.0	0.0	0.0	4.2892656074261915	0.0	0.0	101.61604531272941	0.0	0.0	0.0	0.0	0.0	0.0	0.0	0.0	0.0	0.0	0.0	0.0	0.0
GSM4138111_HNSCC_1_TIL_ATCCGAATCAACACTG	151.56292882737966	61.41670727649535	0.0	0.0	0.0	0.0	0.0	0.0	11.068169561213365	100.06033128505143	69.42574105767012	0.0	0.0	0.0	0.0	0.0	0.0	0.0	0.0	0.0	0.0	0.0	0.0	0.0	0.0
GSM4138111_HNSCC_1_TIL_CGTCTACTCTGGCGAC	529.847239645114	176.41960027004237	311.1272707275068	0.0	0.0	0.0	234.88106204021287	0.0	38.046772086891366	0.0	78.30213704647612	0.0	0.0	0.0	0.0	0.0	104.85065986499772	0.0	0.0	0.0	81.50124576141063	0.0	0.0	0.0	0.0
GSM4138111_HNSCC_1_TIL_GTTTCTAAGGAGTTTA	206.61952383636032	43.1723433984528	69.8664984807265	0.0	0.0	0.0	0.0	0.0	0.0	0.0	0.0	0.0	0.0	0.0	0.0	0.0	0.0	0.0	119.13273182763119	0.0	0.0	0.0	0.0	0.0	0.0
GSM4138111_HNSCC_1_TIL_AAACGGGTCTTGCCGT	539.576507666266	180.84906233904272	0.0	723.8796280659565	0.0	0.0	0.0	0.0	0.0	356.6120600209469	0.0	0.0	0.0	0.0	0.0	0.0	0.0	16.383297038267376	0.0	0.0	0.0	0.0	0.0	0.0	0.0
GSM4138111_HNSCC_1_TIL_AAAGATGAGCTAGTCT	315.1656353213271	60.159906960897295	0.0	0.0	126.80229355826918	178.67268014158162	0.0	0.0	0.0	0.0	0.0	0.0	0.0	0.0	0.0	0.0	0.0	22.311953960119236	0.0	0.0	0.0	0.0	0.0	0.0	0.0
GSM4138111_HNSCC_1_TIL_AACTGGTTCCTCATTA	4525.10753697377	0.0	0.0	0.0	0.0	0.0	0.0	0.0	0.0	0.0	0.0	0.0	0.0	0.0	0.0	0.0	0.0	0.0	0.0	0.0	0.0	0.0	0.0	0.0	0.0
GSM4138111_HNSCC_1_TIL_ACACTGACATTAACCG	529.9719123222241	77.47902828768714	52.66186176919559	0.0	3.7891598944643565	236.50489718267247	0.0	131.20175944290628	0.0	0.0	22.450280106707424	0.0	0.0	0.0	0.0	0.0	0.0	17.051489529891885	0.0	0.0	0.0	0.0	0.0	0.0	0.0
GSM4138111_HNSCC_1_TIL_ACCTTTATCAATCACG	518.5374683677285	299.89807072881473	368.5490796917544	757.2909623750261	0.0	0.0	0.0	156.3872136031591	47.083225039967395	0.0	0.0	0.0	0.0	0.0	0.0	0.0	0.0	0.0	0.0	0.0	0.0	0.0	0.0	0.0	0.0
GSM4138111_HNSCC_1_TIL_AGCTTGAAGAGGACGG	276.4127959186981	84.81909311927157	0.0	0.0	247.93142459923985	0.0	0.0	0.0	0.0	0.0	0.0	0.0	327.05335975242144	0.0	0.0	0.0	0.0	15.00016852363786	0.0	0.0	0.0	0.0	0.0	0.0	0.0
GSM4138111_HNSCC_1_TIL_ATGCGATAGACGCTTT	546.9797079171672	213.7480311953457	525.3120241051877	0.0	0.0	0.0	49.46950919491822	0.0	66.05878171648847	0.0	631.4932749987729	0.0	0.0	0.0	0.0	0.0	0.0	0.0	0.0	0.0	0.0	0.0	0.0	0.0	0.0
GSM4138111_HNSCC_1_TIL_ATTGGACAGACACTAA	422.997875071037	90.95442477959874	0.0	0.0	278.70720666510334	0.0	0.0	0.0	22.686696530498377	0.0	188.25534906060827	0.0	0.0	0.0	0.0	0.0	0.0	0.0	0.0	0.0	0.0	0.0	0.0	0.0	0.0
GSM4138111_HNSCC_1_TIL_ATTGGACAGCTAGGCA	548.9255982569175	223.370014204957	0.0	412.652024527262	0.0	0.0	0.0	0.0	0.0	293.7424800690751	0.0	0.0	0.0	0.0	0.0	0.0	0.0	26.146705747083576	0.0	0.0	0.0	0.0	0.0	0.0	0.0
GSM4138111_HNSCC_1_TIL_CAACTAGAGACTTTCG	356.1406287329074	111.50353886814939	312.69958491884313	280.4658006092263	0.0	0.0	135.56873226494508	0.0	10.12174889121768	0.0	0.0	0.0	0.0	0.0	0.0	0.0	0.0	0.0	0.0	0.0	0.0	0.0	0.0	0.0	0.0
GSM4138111_HNSCC_1_TIL_CAGCTAACAGTATGCT	252.34934432776464	155.00992374376028	0.0	0.0	225.11114763260522	63.771244730137724	0.0	0.0	31.056050786233424	0.0	153.89268701510892	0.0	0.0	0.0	0.0	0.0	0.0	0.0	0.0	0.0	0.0	0.0	0.0	0.0	0.0
GSM4138111_HNSCC_1_TIL_CATTCGCCAAGGACAC	493.6127003980237	112.24465429886378	0.0	0.0	0.0	0.0	0.0	0.0	0.0	271.73305537084354	0.0	0.0	0.0	0.0	0.0	242.35397350984923	0.0	0.0	0.0	0.0	0.0	0.0	0.0	0.0	0.0
GSM4138111_HNSCC_1_TIL_CCCTCCTAGCCGTCGT	330.076994246553	122.40801095562462	0.0	0.0	182.93518353665084	0.0	0.0	0.0	12.63229953757008	0.0	188.61395444223962	0.0	0.0	0.0	0.0	0.0	0.0	0.0	0.0	0.0	0.0	0.0	0.0	0.0	0.0
GSM4138111_HNSCC_1_TIL_CCTTCCCGTCCCGACA	355.899709388848	89.17222043598537	0.0	0.0	305.1022659011557	6.931741004315744	0.0	0.0	11.809191107576389	1.917619261574405	0.0	0.0	0.0	0.0	0.0	217.03806023302883	0.0	0.0	0.0	0.0	0.0	0.0	0.0	0.0	0.0
GSM4138111_HNSCC_1_TIL_CGTGAGCGTATCAGTC	186.41379063122642	68.68845266270522	0.0	0.0	0.0	0.0	0.0	0.0	6.822998397825449	108.04987278192203	0.0	197.77582615920886	0.0	0.0	0.0	0.0	0.0	0.0	0.0	0.0	0.0	0.0	0.0	0.0	0.0
GSM4138111_HNSCC_1_TIL_CGTGTAAAGCCAGGAT	432.5299344372959	117.05456889652343	0.0	60.9840282793259	234.58943747407224	0.0	0.0	0.0	0.0	0.0	0.0	0.0	0.0	0.0	0.0	0.0	0.0	17.709770796848748	67.11932478903624	0.0	0.0	0.0	0.0	370.3367091786714	0.0
GSM4138111_HNSCC_1_TIL_CTAGCCTCAGCTTCGG	833.5051287198286	261.85633687448916	154.44813449906508	0.0	529.2975555745608	512.0789212848775	0.0	0.0	38.38781689731627	0.0	339.69641693619604	0.0	0.0	0.0	0.0	0.0	0.0	0.0	0.0	0.0	0.0	0.0	0.0	0.0	0.0
GSM4138111_HNSCC_1_TIL_CTCAGAAAGTGCTGCC	162.97198465506253	76.91069662395543	0.0	0.0	111.35353896384059	0.0	0.0	0.0	0.0	0.0	7.772968282998921	0.0	0.0	0.0	0.0	0.0	0.0	22.489085151746554	0.0	0.0	0.0	0.0	0.0	0.0	109.89324673221827
GSM4138111_HNSCC_1_TIL_CTCAGAAGTCAAGCGA	699.0305235811998	120.5250541544376	535.9603846117549	0.0	0.0	0.0	0.0	0.0	53.561932812255094	0.0	0.0	0.0	0.0	0.0	533.2181833409807	0.0	0.0	0.0	0.0	0.0	0.0	0.0	0.0	0.0	0.0
GSM4138111_HNSCC_1_TIL_CTCGAAAAGGCCCTCA	278.8224152192693	83.24758829589165	83.86103197907477	0.0	20.166100171005716	0.0	63.59820781404923	0.0	8.459424598828692	0.0	0.0	0.0	0.0	140.037399320224	0.0	0.0	0.0	0.0	0.0	0.0	0.0	0.0	0.0	0.0	0.0
GSM4138111_HNSCC_1_TIL_GAAATGAAGGATATAC	312.5467056305385	88.71883313527863	0.0	262.3520447871989	0.0	0.0	0.0	0.0	0.0	196.54857671167727	0.0	0.0	0.0	0.0	0.0	0.0	0.0	10.359706497063787	0.0	0.0	0.0	0.0	0.0	0.0	0.0
GSM4138111_HNSCC_1_TIL_GGCAATTTCCCACTTG	462.46315610804527	142.22798896976002	168.68600796896175	0.0	0.0	202.27265052721535	0.0	0.0	20.894943290302386	0.0	11.081032683453206	0.0	0.0	0.0	0.0	0.0	0.0	0.0	0.0	0.0	0.0	0.0	0.0	0.0	0.0
GSM4138111_HNSCC_1_TIL_GGTGCGTGTCTAACGT	485.0227378771081	133.65364154980136	0.0	0.0	64.50856560785482	135.42157769908994	0.0	11.7262457337493	26.493209365252433	122.9443790281845	0.0	0.0	0.0	0.0	0.0	102.82835094810078	0.0	0.0	29.51687500023689	0.0	0.0	0.0	0.0	0.0	0.0
GSM4138111_HNSCC_1_TIL_GTAGGCCAGATGTGTA	480.2566952928208	71.0770489471193	0.0	0.0	92.65340395966852	0.0	0.0	0.0	12.859789597601578	127.12795623251323	124.38202479338976	0.0	0.0	0.0	0.0	0.0	0.0	0.0	0.0	0.0	0.0	0.0	0.0	0.0	0.0
GSM4138111_HNSCC_1_TIL_GTCCTCAAGTGCCAGA	714.9721104346254	250.57741943435468	0.0	119.33410692560744	0.0	0.0	0.0	0.0	52.728761402963315	409.10813680140507	0.0	0.0	0.0	0.0	0.0	0.0	0.0	0.0	0.0	0.0	0.0	0.0	445.22213247493977	0.0	0.0
GSM4138111_HNSCC_1_TIL_TAAGTGCGTCAAAGCG	615.8997624394895	235.94758856213366	0.0	0.0	0.0	0.0	585.2751619575176	501.62380451936787	30.60904663184751	0.0	0.0	0.0	0.0	0.0	0.0	0.0	0.0	0.0	0.0	0.0	0.0	0.0	0.0	0.0	0.0
GSM4138111_HNSCC_1_TIL_TAGCCGGCAGGTGGAT	694.8554292981116	310.72974593033194	0.0	46.588747160272575	542.8123500956631	618.3382291005595	0.0	0.0	49.71609527105476	0.0	0.0	0.0	0.0	0.0	0.0	0.0	0.0	0.0	0.0	0.0	0.0	0.0	0.0	0.0	0.0
GSM4138111_HNSCC_1_TIL_TAGGCATTCCACGTGG	284.41979035595915	119.88259454318383	175.61866351296928	0.0	0.0	24.46926548826856	0.0	0.0	21.692502433494916	0.0	43.0512846477118	144.23290727101468	0.0	0.0	0.0	0.0	0.0	0.0	0.0	0.0	0.0	0.0	0.0	0.0	0.0
GSM4138111_HNSCC_1_TIL_TCGGGACGTCACTTCC	306.00914571697007	181.81329963585586	0.0	0.0	0.0	0.0	0.0	567.736302909845	33.35573176298237	0.0	586.6839135376941	0.0	0.0	0.0	0.0	0.0	0.0	0.0	0.0	0.0	0.0	0.0	0.0	0.0	0.0
GSM4138111_HNSCC_1_TIL_TGCACCTGTCTCCACT	308.194919716038	176.2445124044122	0.0	0.0	110.74489672280737	45.66578159652361	0.0	0.0	54.23476679454233	51.48200037578034	0.0	0.0	0.0	112.24973387984902	19.26742771168811	0.0	0.0	0.0	0.0	0.0	0.0	0.0	0.0	0.0	0.0
GSM4138111_HNSCC_1_TIL_TGCGCAGTCTTGTCAT	686.9135592840205	250.9136462057721	319.9008962736909	0.0	0.0	0.0	0.0	0.0	0.0	0.0	592.3286833345838	0.0	0.0	0.0	0.0	0.0	0.0	39.73627701147863	0.0	0.0	0.0	0.0	0.0	0.0	0.0
GSM4138111_HNSCC_1_TIL_TGTCCCAAGAGGTTGC	369.20850448370516	163.04517792600967	178.3661940905502	414.4227664778028	34.14384873883882	0.0	0.0	0.0	0.0	0.0	0.0	0.0	0.0	0.0	0.0	0.0	0.0	21.284623776113403	0.0	0.0	0.0	0.0	0.0	0.0	0.0
GSM4138111_HNSCC_1_TIL_ATTGGTGGTGAAGGCT	318.67130659727576	95.23730362600108	0.0	0.0	284.52496783609064	125.35020372562866	0.0	0.0	43.787853134241885	0.0	0.1880706494048242	0.0	0.0	0.0	0.0	97.67610865494837	0.0	0.0	0.0	0.0	0.0	0.0	0.0	0.0	0.0
GSM4138111_HNSCC_1_TIL_CAGAATCGTGTGTGCC	216.63526893225	58.83986368682432	0.0	0.0	0.0	0.0	0.0	0.0	37.79341647619632	189.67331038113764	144.80029368273432	0.0	0.0	0.0	0.0	0.0	0.0	0.0	0.0	0.0	0.0	0.0	0.0	0.0	0.0
GSM4138111_HNSCC_1_TIL_CGTCTACAGCGATCCC	217.2862958460065	120.31525808624626	0.0	1.1936895467368647	0.0	7.156288940866062	0.0	0.0	125.05958047536693	309.4934934578267	0.0	0.0	0.0	0.0	0.0	0.0	0.0	0.0	0.0	0.0	0.0	0.0	0.0	186.83871507758866	0.0
GSM4138111_HNSCC_1_TIL_TGCGGGTTCTTGCAAG	295.34532293843324	65.78132960934275	0.0	0.0	0.0	0.0	0.0	0.0	0.0	230.92521863875703	150.91592586191317	0.0	0.0	0.0	0.0	0.0	0.0	37.50265949098634	0.0	0.0	0.0	0.0	0.0	0.0	0.0
GSM4138111_HNSCC_1_TIL_ACCGTAACAACACCTA	450.952650972399	199.79282470759375	408.83381639940757	0.0	0.0	0.0	0.0	0.0	31.967200308186253	0.0	274.24892146520875	0.0	0.0	0.0	0.0	0.0	0.0	0.0	0.0	0.0	0.0	0.0	0.0	0.0	0.0
GSM4138111_HNSCC_1_TIL_ACGGGTCAGCAATCTC	286.95370774272106	97.19350803045207	0.0	0.0	0.0	262.31003461477104	0.0	275.82387980391013	14.063707121024933	0.0	0.0	0.0	0.0	0.0	0.0	0.0	0.0	0.0	0.0	0.0	0.0	0.0	0.0	0.0	0.0
GSM4138111_HNSCC_1_TIL_CTAGCCTAGAGTCGGT	797.7941550524611	438.5320157800096	0.0	0.0	0.0	0.0	259.7502014796763	748.1106550452595	54.537002848632966	0.0	0.0	0.0	0.0	0.0	495.08458738815983	0.0	0.0	0.0	0.0	0.0	62.315514717542044	0.0	0.0	0.0	0.0
GSM4138111_HNSCC_1_TIL_TGACTAGAGCCTCGTG	572.9541818172596	179.6558742394257	326.7359795733835	0.0	0.0	343.3255260101789	0.0	0.0	12.438472309103595	0.0	0.0	0.0	22.335663336564064	0.0	0.0	0.0	19.653167767057	0.0	0.0	0.0	0.0	0.0	0.0	0.0	0.0
GSM4138111_HNSCC_1_TIL_AGTGGGACAACTGCGC	301.1491754497632	169.24696641024096	0.0	0.0	96.32623079923333	108.5953604855485	0.0	0.0	0.0	0.0	0.0	0.0	0.0	0.0	0.0	243.77109522864666	0.0	15.911365021461037	0.0	0.0	0.0	0.0	0.0	0.0	0.0
GSM4138111_HNSCC_1_TIL_CAGCGACTCCACGAAT	287.6630813042996	182.63170306553926	304.41052583113867	568.7089271370777	0.0	0.0	0.0	0.0	30.03344685264821	0.0	0.0	0.0	0.0	0.0	0.0	0.0	0.0	0.0	0.0	0.0	0.0	0.0	0.0	0.0	0.0
GSM4138111_HNSCC_1_TIL_CCTATTAAGAATCTCC	292.9825973438332	138.69623842554887	0.0	0.0	78.77947398316086	222.28392390554959	0.0	0.0	0.0	0.0	0.0	0.0	0.0	0.0	0.0	159.38897502910962	0.0	8.464027119567513	0.0	0.0	0.0	0.0	0.0	0.0	0.0
GSM4138111_HNSCC_1_TIL_CCTCTGAAGTCTTGCA	446.94235218028433	85.63551303458824	0.0	32.40123182278	0.0	0.0	0.0	0.0	0.0	215.51818120076845	0.0	0.0	0.0	0.0	0.0	452.2747401469219	0.0	5.283036279048996	0.0	0.0	0.0	0.0	0.0	0.0	0.0
GSM4138111_HNSCC_1_TIL_CTAGCCTCACGAAAGC	626.248741927947	383.07907881111265	225.60550082069912	0.0	0.0	1003.6351247656612	0.0	264.82526400754983	14.499778621544163	0.0	0.0	0.0	0.0	0.0	0.0	0.0	0.0	53.88618737993939	0.0	0.0	0.0	0.0	0.0	0.0	0.0
GSM4138111_HNSCC_1_TIL_GATGAAAGTGCAACTT	431.7586047702282	223.6622186890823	0.0	0.0	0.0	0.0	0.0	0.0	0.0	308.9411061036538	0.0	0.0	0.0	503.3313203960085	0.0	0.0	0.0	13.109446350749527	0.0	0.0	0.0	0.0	0.0	0.0	0.0
GSM4138111_HNSCC_1_TIL_GCGGGTTTCTTTACGT	386.2365154740334	120.41730410228443	0.0	152.5186308507993	0.0	0.0	0.0	0.0	0.0	151.07447999154303	194.90807809022203	0.0	0.0	0.0	0.0	0.0	0.0	13.699990293268325	0.0	0.0	0.0	0.0	0.0	0.0	0.0
GSM4138111_HNSCC_1_TIL_TCAGGTATCAGTGTTG	320.3067124133623	75.53348626831644	0.0	0.0	98.60159651595431	0.0	196.1809781842284	0.0	0.0	0.0	0.0	60.3273895567464	0.0	0.0	0.0	6.59364192747995	0.0	0.4619085824803629	0.0	0.0	0.0	0.0	0.0	0.0	0.0
GSM4138111_HNSCC_1_TIL_TCGGGACAGATGAGAG	239.31801531057934	120.07781207888418	0.0	0.0	133.50951870842226	76.33453756903909	0.0	0.0	0.0	0.0	256.61396970323744	0.0	0.0	0.0	0.0	45.217242976700966	0.0	1.2903420219480104	0.0	0.0	0.0	0.0	0.0	0.0	0.0
GSM4138111_HNSCC_1_TIL_TGCGCAGAGCGCCTCA	377.3915343896468	158.08319197055778	0.0	0.0	0.0	0.0	0.0	377.4386980118637	32.066014587853665	0.0	121.51686149055281	0.0	0.0	0.0	421.2449188879364	0.0	0.0	0.0	0.0	0.0	0.0	0.0	0.0	0.0	0.0
GSM4138111_HNSCC_1_TIL_AACCGCGCACACTGCG	276.0768909358653	105.36258210959986	0.0	0.0	0.0	0.0	0.0	589.9647773676243	8.453229523674594	0.0	0.0	0.0	0.0	310.7493367268032	0.0	0.0	0.0	0.0	0.0	0.0	0.0	0.0	0.0	0.0	0.0
GSM4138111_HNSCC_1_TIL_ACACTGATCATGCATG	393.2433198475869	122.21914277182957	0.0	0.0	0.0	0.0	0.0	283.33175322734206	28.013206248517324	361.5278781125868	362.65832312334766	0.0	0.0	0.0	0.0	0.0	0.0	0.0	0.0	0.0	0.0	0.0	0.0	0.0	0.0
GSM4138111_HNSCC_1_TIL_AGTAGTCTCTGTCCGT	265.0658437145745	103.92891692157369	0.0	71.60651822194332	0.0	0.0	0.0	0.0	1.8181766528336756	557.8558770654312	0.0	0.0	0.0	0.0	0.0	229.13830534028105	0.0	0.0	0.0	0.0	0.0	0.0	0.0	0.0	0.0
GSM4138111_HNSCC_1_TIL_ATCCGAAGTGTTAAGA	186.5363884125467	52.179797494874975	45.345546537739565	0.0	266.1273433125675	0.0	0.0	0.0	0.0	0.0	0.0	0.0	119.0427079388365	0.0	0.0	0.0	0.0	15.968810133901057	0.0	0.0	0.0	0.0	0.0	0.0	0.0
GSM4138111_HNSCC_1_TIL_CATCGGGCAAGACACG	369.5288387345351	130.05792206026575	544.0812366144506	0.0	0.0	0.0	0.0	0.0	29.133016317480962	0.0	0.0	0.0	0.0	331.7515249567567	0.0	0.0	0.0	0.0	0.0	0.0	0.0	0.0	0.0	0.0	0.0
GSM4138111_HNSCC_1_TIL_CCCTCCTTCCCACTTG	402.4429149341581	158.0029073480785	0.0	413.4005690130023	0.0	0.0	0.0	0.0	14.679686881970786	506.05170744491636	0.0	0.0	0.0	0.0	0.0	0.0	0.0	8.999052000540114	0.0	0.0	0.0	0.0	0.0	0.0	0.0
GSM4138111_HNSCC_1_TIL_CGGACTGTCGCTTGTC	239.59142736498342	71.33003855244452	0.0	0.0	409.95125739540384	0.0	0.0	0.0	13.02111863715355	0.0	0.0	0.0	169.58697272596615	0.0	0.0	0.0	0.0	3.3418200775635545	0.0	0.0	0.0	0.0	0.0	0.0	0.0
GSM4138111_HNSCC_1_TIL_CTGATAGAGACTGGGT	113.07119775870711	70.10921177595215	0.0	0.0	0.0	0.0	0.0	201.96060075243673	11.24256088373711	0.0	0.0	0.0	0.0	0.0	15.681743280998997	94.00654572169172	0.0	0.0	0.0	93.03839106962667	0.0	0.0	0.0	0.0	0.0
GSM4138111_HNSCC_1_TIL_GACGTTAAGGCTACGA	170.12084555156028	39.411992756280064	0.0	0.0	285.7774379941018	0.0	0.0	0.0	2.7879077950876687	0.0	0.0	0.0	0.0	0.0	0.0	0.0	0.0	0.0	43.469179115768746	0.0	0.0	0.0	0.0	0.0	0.0
GSM4138111_HNSCC_1_TIL_GCGCGATTCGCCTGAG	452.95614228881334	94.04265853387	437.98227322155674	482.8560898059061	0.0	0.0	0.0	0.0	7.340755970533909	156.2340537655711	0.0	0.0	0.0	0.0	0.0	0.0	0.0	0.0	0.0	0.0	0.0	0.0	0.0	0.0	0.0
GSM4138111_HNSCC_1_TIL_GCTTCCAGTCTAGTGT	254.30726258852917	98.97201712896681	0.0	0.0	228.6095990731967	97.34598061421266	0.0	0.0	11.085435807318351	71.15838016209081	0.0	0.0	0.0	0.0	0.0	0.0	0.0	0.0	14.428253737053344	0.0	0.0	0.0	0.0	0.0	0.0
GSM4138111_HNSCC_1_TIL_GCTTCCAGTTGCTCCT	294.7909344211379	143.33339051239838	453.4337243550405	0.0	103.413947648996	0.0	0.0	0.0	0.0	0.0	0.0	0.0	0.0	250.10738276683472	0.0	0.0	0.0	57.8540573968887	0.0	0.0	0.0	0.0	0.0	0.0	0.0
GSM4138111_HNSCC_1_TIL_GGACGTCGTCCTCCAT	344.14576192147393	224.21551300776704	0.0	0.0	251.0206676701194	326.06285903799096	0.0	152.51667849360172	0.0	109.76820948273834	0.0	0.0	0.0	0.0	0.0	0.0	0.0	75.3556732472234	0.0	0.0	0.0	0.0	0.0	0.0	0.0
GSM4138111_HNSCC_1_TIL_GGGTCTGTCTATCCTA	0.0	0.0	0.0	0.0	1241.2121674768136	0.0	0.0	3369.819826893748	0.0	0.0	0.0	0.0	0.0	0.0	0.0	0.0	0.0	0.0	0.0	0.0	0.0	0.0	0.0	0.0	0.0
GSM4138111_HNSCC_1_TIL_GTTACAGCAATGTTGC	350.27812635091834	98.66164526373394	0.0	0.0	0.0	0.0	0.0	0.0	0.0	609.6835961160746	0.0	0.0	55.06106869982923	158.94503922087634	0.0	0.0	24.246236761407594	12.442685621261731	0.0	0.0	0.0	0.0	0.0	0.0	0.0
GSM4138111_HNSCC_1_TIL_TACGGGCAGTGGGATC	110.32883844055284	69.4255107647464	0.0	0.0	249.953069922764	0.0	0.0	0.0	0.0	0.0	0.0	0.0	101.64948935942816	0.0	0.0	0.0	0.0	34.54523858091826	0.0	0.0	0.0	0.0	0.0	0.0	0.0
GSM4138111_HNSCC_1_TIL_TACGGGCTCTACTATC	204.97850045937082	61.408474031672014	0.0	0.0	422.46091270413825	0.0	0.0	0.0	21.110342161607846	0.0	0.0	0.0	1.5770600178145335	0.0	52.877596032535585	0.0	0.0	0.0	0.0	0.0	0.0	0.0	0.0	0.0	12.749012409685882
GSM4138111_HNSCC_1_TIL_TGTGGTAGTTACGTCA	113.64455279147818	39.06632687827906	0.0	0.0	0.0	0.0	0.0	143.82640511492025	0.0	0.0	0.0	0.0	0.0	0.0	0.0	70.24854654519672	41.64600701411961	81.76502527473691	16.58226476793955	0.0	0.0	0.0	0.0	0.0	0.0
GSM4138111_HNSCC_1_TIL_GTGGGTCGTACGACCC	165.62190934044517	457.76748855692466	0.0	0.0	107.21762695783906	0.0	133.02958425447707	0.0	0.0	0.0	0.0	0.0	0.0	0.0	0.0	0.0	0.0	20.083787420958515	0.0	0.0	0.0	0.0	0.0	0.0	0.0
GSM4138111_HNSCC_1_TIL_AACTCCCTCTCTTGAT	0.0	1400.03736313801	0.0	0.0	0.0	10.029936391366022	0.0	219.43363145131948	3.3013235731075468	0.0	0.0	0.0	0.0	0.0	0.0	0.0	0.0	0.0	0.0	6.445144215679232	0.0	0.0	0.0	0.0	0.0
GSM4138111_HNSCC_1_TIL_AAGTCTGGTCTTTCAT	0.0	701.1497912047039	0.0	0.0	0.0	0.0	0.0	0.0	0.0	13.398669434290738	18.012754736496273	0.0	0.0	0.0	0.0	0.0	0.0	0.0	0.0	0.0	0.0	0.0	0.0	0.0	0.0
GSM4138111_HNSCC_1_TIL_ACACCAAAGCTACCTA	48.101364972060566	846.0670784082763	26.380313659928795	0.0	0.0	0.0	0.0	0.0	3.1996750217251	0.0	0.0	0.0	0.0	71.35331076684999	0.0	0.0	0.0	0.0	0.0	0.0	0.0	0.0	0.0	0.0	0.0
GSM4138111_HNSCC_1_TIL_ACCGTAATCGGCATCG	67.28204390091113	1289.7250921804546	0.0	51.09419165072617	68.54116237104077	0.0	0.0	0.0	0.0	0.0	0.0	0.0	0.0	0.0	0.0	0.0	0.0	0.0	0.0	0.0	0.0	0.0	0.0	0.0	0.0
GSM4138111_HNSCC_1_TIL_AGATTGCCATACCATG	14.428866470947169	880.751778558082	0.0	0.0	14.958522130277306	0.0	0.0	0.0	5.415299085622829	0.0	0.0	0.0	0.0	0.0	0.0	0.0	0.0	12.703492549705294	0.0	0.0	0.0	0.0	0.0	0.0	9.519086700316803
GSM4138111_HNSCC_1_TIL_AGTAGTCGTAGGGTAC	58.4815908105416	967.3790938760585	0.0	0.0	0.0	0.0	0.0	0.0	0.0	0.0	0.0	0.0	0.0	0.0	0.0	0.0	0.0	0.0	0.0	0.0	0.0	0.0	0.0	0.0	0.0
GSM4138111_HNSCC_1_TIL_CATCGGGGTATTCGTG	0.0	1595.8338437592547	0.0	10.181330576888225	0.0	0.0	0.0	0.0	0.0	0.0	0.0	0.0	0.0	0.0	0.0	0.0	0.0	0.0	0.0	0.0	0.0	0.0	0.0	0.0	0.0
GSM4138111_HNSCC_1_TIL_CCGGTAGTCACCGTAA	274.999422915731	1151.4410926812723	159.82566141749467	0.0	0.0	0.0	20.523927046653522	0.0	19.855801544035355	0.0	0.0	0.0	166.5254054153567	0.0	0.0	0.0	0.0	0.0	0.0	0.0	0.0	0.0	0.0	0.0	0.0
GSM4138111_HNSCC_1_TIL_CCTCAGTAGATCCCGC	19.231814018488055	800.606761477177	0.0	1.6991774306264318	0.0	0.0	0.0	0.0	4.842003992159947	23.37963984705424	0.0	0.0	0.0	0.0	0.0	0.0	0.0	0.0	0.0	0.0	0.0	0.0	0.0	0.0	0.0
GSM4138111_HNSCC_1_TIL_CGGACTGAGGGTTCCC	25.097546988840087	697.3772290177983	0.0	0.0	2.791645164734572	0.0	0.0	0.0	4.510371086289	0.0	0.0	0.0	0.0	0.0	0.0	0.0	0.0	0.0	0.0	0.0	0.0	0.0	0.0	53.95151747560308	0.0
GSM4138111_HNSCC_1_TIL_CGTGTAAAGAGGTTAT	0.0	1068.9243213980785	0.0	0.0	0.0	0.0	0.0	0.0	0.0	0.0	0.0	0.0	0.0	31.383857915315343	0.0	0.0	0.0	0.0	0.0	0.0	0.0	0.0	0.0	0.0	0.0
GSM4138111_HNSCC_1_TIL_CTCGTACAGCAATATG	0.0	896.823660007017	0.0	0.0	0.0	0.0	0.0	0.0	3.2581537194752195	0.0	0.0	0.0	0.0	0.0	0.0	0.0	118.90573198507444	0.0	0.0	0.0	0.0	0.0	0.0	0.0	0.0
GSM4138111_HNSCC_1_TIL_GACTACACAACGATCT	171.00251721776098	1052.3618430801619	81.77983130585363	0.0	0.0	0.0	0.0	0.0	0.0	0.0	0.0	0.0	124.22904547595509	0.0	0.0	0.0	0.0	0.0	0.0	0.0	0.0	0.0	0.0	0.0	0.0
GSM4138111_HNSCC_1_TIL_GATCTAGCAGCTCCGA	51.518976664507214	511.4716991188441	0.0	0.0	39.622788588237775	0.0	0.0	0.0	19.845006160794437	0.0	0.0	0.0	0.0	0.0	0.0	0.0	0.0	0.0	0.0	0.0	0.0	0.0	0.0	0.0	0.0
GSM4138111_HNSCC_1_TIL_GCAGCCATCAAACAAG	55.69879506551971	1471.081084283566	45.201561958523534	19.828576523459578	0.0	0.0	0.0	0.0	0.0	0.0	0.0	0.0	0.0	0.0	0.0	0.0	0.0	0.0	0.0	0.0	0.0	0.0	0.0	0.0	0.0
GSM4138111_HNSCC_1_TIL_GCTCCTAGTACGAAAT	0.0	950.0789736433708	0.0	0.0	16.359067498883405	0.0	0.0	0.0	0.0	0.0	0.0	0.0	0.0	0.0	0.0	0.0	13.941468413204506	0.0	0.0	0.0	0.0	0.0	0.0	0.0	0.0
GSM4138111_HNSCC_1_TIL_GGCAATTGTTGAGTTC	11.644659203551408	769.4862327855004	0.0	0.0	0.0	0.0	0.0	0.0	0.0	0.0	0.0	0.0	0.0	0.0	0.0	17.679149651645158	0.0	0.0	0.0	0.0	0.0	0.0	0.0	0.0	0.0
GSM4138111_HNSCC_1_TIL_GTACTTTGTGCATCTA	37.11344889793463	475.78910539656647	16.296226353397564	0.0	0.0	0.0	94.42079360003927	0.0	0.0	0.0	0.0	0.0	0.0	0.0	0.0	0.0	0.0	0.0	0.0	0.0	0.0	0.0	0.0	0.0	0.0
GSM4138111_HNSCC_1_TIL_GTCAAGTAGTCCCACG	0.0	827.1075756451797	0.0	0.0	0.0	0.0	0.0	0.0	0.0	12.644517318207853	0.0	0.0	0.0	0.0	0.0	0.0	0.0	11.573102092994201	0.0	0.0	0.0	0.0	0.0	0.0	0.0
GSM4138111_HNSCC_1_TIL_GTCAAGTGTATATGGA	24.816966457201605	954.348521812308	0.0	0.0	0.0	0.0	0.0	0.0	0.0	0.0	0.0	0.0	0.0	0.0	20.168017151550742	0.0	0.0	0.0	0.0	0.0	0.0	0.0	0.0	0.0	0.0
GSM4138111_HNSCC_1_TIL_GTTCTCGCACGCCAGT	48.92144720287663	449.99270984635524	0.0	0.0	0.0	108.83788861107907	0.0	0.0	0.0	0.0	0.0	0.0	0.0	0.0	0.0	0.0	0.0	0.0	0.0	95.54577211102368	0.0	0.0	0.0	0.0	0.0
GSM4138111_HNSCC_1_TIL_GTTCTCGTCCTGTACC	0.0	881.4095569908285	0.04073665524982828	0.0	0.0	0.0	0.0	0.0	0.0	0.0	0.0	0.0	0.0	0.0	0.0	0.0	0.0	0.0	0.0	0.0	0.0	0.0	0.0	0.0	0.0
GSM4138111_HNSCC_1_TIL_TATCAGGCAGCCAGAA	11.816064960424438	575.161780520287	0.0	0.0	0.0	0.0	0.0	0.0	0.0	0.0	0.0	0.0	0.0	0.0	0.0	0.0	0.0	14.699426303817026	83.87244708159079	0.0	0.0	0.0	0.0	0.0	0.0
GSM4138111_HNSCC_1_TIL_TCAGCTCGTACCGTAT	87.26085122657065	1573.9282838975562	17.648957189972368	0.0	0.0	0.0	0.0	0.0	1.5470618054261298	0.0	0.0	0.0	0.0	0.0	0.0	0.0	0.0	0.0	0.0	0.0	0.0	0.0	0.0	0.0	0.0
GSM4138111_HNSCC_1_TIL_TCTTCGGCACATCTTT	0.0	778.407343269714	0.0	0.0	0.0	0.0	42.70108334243744	0.0	0.0	0.0	0.0	0.0	0.0	0.0	0.0	0.0	0.0	0.0	0.0	0.0	0.0	0.0	0.0	0.0	0.0
GSM4138111_HNSCC_1_TIL_TGAGAGGTCGGCGGTT	53.300958934293824	1296.566232118669	0.0	0.0	30.66169678479738	0.0	0.0	0.0	0.6038537757850069	0.0	0.0	0.0	52.9850420090732	0.0	0.0	0.0	0.0	0.0	0.0	0.0	0.0	0.0	0.0	0.0	0.0
GSM4138111_HNSCC_1_TIL_TGCACCTTCTTTACAC	3.2579884786256805	916.6427645179692	0.0	0.0	0.0	0.0	23.510028577884835	0.0	4.776581574392268	0.0	0.0	0.0	0.0	0.0	0.0	0.0	0.0	0.0	0.0	0.0	0.0	0.0	0.0	0.0	0.0
GSM4138111_HNSCC_1_TIL_TTAGTTCTCTTCATGT	0.0	1007.9781384081944	0.0	21.495857310860277	0.0	0.0	0.0	0.0	0.0	0.0	0.0	0.0	0.0	0.0	0.0	0.0	0.0	8.565753138584313	0.0	0.0	0.0	0.0	0.0	0.0	0.0
GSM4138111_HNSCC_1_TIL_TTTACTGTCTTGACGA	22.899469005016133	1158.202292655753	0.0	0.0	4.728518799482133	0.0	0.0	0.0	0.0	0.0	0.0	0.0	0.0	0.0	0.0	8.942573920293405	0.0	15.17082768669481	0.0	0.0	0.0	0.0	0.0	0.0	0.0
GSM4138111_HNSCC_1_TIL_ATCTGCCCATGCCCGA	163.34492230154282	77.77796125644066	0.0	17.56493264879057	191.822257792221	0.0	0.0	0.0	8.82394400064268	0.0	122.8822564882314	0.0	0.0	0.0	0.0	0.0	0.0	0.0	0.0	0.0	0.0	0.0	0.0	0.0	0.0
GSM4138111_HNSCC_1_TIL_CAACCTCGTAGCTCCG	170.44790013699802	47.899158289024896	0.0	68.8515692356824	79.1576374934877	0.0	0.0	0.0	11.477232160911107	0.0	0.0	0.0	0.0	0.0	0.0	0.0	0.0	0.0	0.0	0.0	0.0	0.0	0.0	24.343383772194585	0.0
GSM4138111_HNSCC_1_TIL_CATCGGGAGCTAGTTC	246.999773759385	57.97846142546507	157.34342874143795	109.43384088041034	0.0	0.0	0.0	0.0	14.380747501146715	0.0	0.0	26.11045172222172	0.0	0.0	33.41239191073202	0.0	0.0	0.0	0.0	0.0	0.0	0.0	0.0	0.0	0.0
GSM4138111_HNSCC_1_TIL_CCACGGACAGATGAGC	459.98297660536747	151.20804121995405	0.0	3.5767079148837855	293.4695351836936	134.51149492396564	0.0	0.0	0.0	0.0	0.0	0.0	0.0	0.0	155.16855048624825	78.60706508684608	0.0	33.0158316457815	0.0	0.0	0.0	0.0	0.0	0.0	0.0
GSM4138111_HNSCC_1_TIL_CGGCTAGTCGGAAACG	138.59858645066316	35.60840944189013	0.0	0.0	77.6447219324941	31.373700700942507	0.0	0.0	0.0	0.0	0.0	0.0	0.0	0.0	0.0	0.0	0.0	4.706759386925768	0.0	0.0	0.0	0.0	0.0	22.45112770547266	0.0
GSM4138111_HNSCC_1_TIL_CGTCTACGTCCGAACC	192.2519524293532	30.63493126864814	33.04257417372355	0.0	95.48591576419408	0.0	0.0	0.0	0.0	0.0	0.0	96.06134631693007	0.0	0.0	0.0	0.0	0.0	9.564064414240306	0.0	0.0	0.0	0.0	0.0	0.0	0.0
GSM4138111_HNSCC_1_TIL_CGTCTACGTGTGAATA	233.8703310433601	63.993363142279094	176.91683537127943	0.0	0.0	0.0	153.44090455381863	0.0	27.725536446980797	0.0	0.0	0.0	0.0	0.0	0.0	81.00284165138731	0.0	0.0	0.0	0.0	0.0	0.0	0.0	0.0	0.0
GSM4138111_HNSCC_1_TIL_CGTTCTGGTCCAGTAT	448.6746148818979	214.09686574109455	670.9667223163395	0.0	101.41471694174317	0.0	0.0	0.0	32.10340809675242	0.0	0.0	0.0	0.0	0.0	156.20596796260187	352.78373604533454	0.0	0.0	0.0	0.0	0.0	0.0	0.0	0.0	0.0
GSM4138111_HNSCC_1_TIL_CTCGTCAGTTGCTCCT	174.43281408537388	121.24252127860463	230.0476123222361	0.0	0.0	0.0	0.0	104.88990884157906	25.375125360570525	0.0	0.0	85.31765089029058	0.0	0.0	138.96821691315094	0.0	0.0	1.8392630483004166	0.0	0.0	16.218334676364464	0.0	0.0	0.0	0.0
GSM4138111_HNSCC_1_TIL_CTTAGGAAGACAAGCC	302.7557734878223	85.14345984708518	158.3447029887466	0.0	0.0	31.432435792867402	64.87157495416942	0.0	17.53957290920473	0.0	0.0	0.0	0.0	0.0	0.0	0.0	73.36612215593351	0.0	0.0	0.0	0.0	0.0	0.0	0.0	0.0
GSM4138111_HNSCC_1_TIL_CTTGGCTCATAGTAAG	303.50209019829975	130.70567102431383	0.0	0.0	228.99297103120145	172.7430275654022	0.0	0.0	21.58504969999229	0.0	0.0	0.0	0.0	0.0	0.0	0.0	0.0	0.0	0.0	0.0	0.0	0.0	0.0	0.0	0.0
GSM4138111_HNSCC_1_TIL_GAAACTCTCAACACAC	233.72461143498495	83.4034031500239	0.0	156.7999817232809	150.08424654681667	11.008029360343286	0.0	0.0	0.0	0.0	0.0	0.0	0.0	0.0	0.0	12.253808185438096	0.0	21.055346054071503	0.0	0.0	0.0	0.0	0.0	0.0	0.0
GSM4138111_HNSCC_1_TIL_GATTCAGGTGAGCGAT	175.61966377601502	36.959398818337725	0.0	88.83340552689705	0.0	0.0	0.0	0.0	8.32125689070178	91.79292408163758	0.0	0.0	0.0	0.0	0.0	0.0	0.0	0.0	0.0	0.0	0.0	0.0	0.0	0.0	0.0
GSM4138111_HNSCC_1_TIL_GGATTACAGTTGCAGG	402.7979161155726	173.51450353581635	0.0	0.0	280.3503228020221	0.0	347.86669381098534	0.0	0.0	0.0	0.0	0.0	0.0	0.0	0.0	0.0	0.0	13.130531627240766	0.0	0.0	0.0	0.0	0.0	0.0	0.0
GSM4138111_HNSCC_1_TIL_GGTGAAGTCATCTGCC	297.5256251554001	96.54778682556199	0.0	39.618911246812075	200.54419606284225	0.0	0.0	0.0	0.0	0.0	0.0	0.0	0.0	0.0	0.0	0.0	0.0	23.899044890820303	0.0	0.0	0.0	0.0	0.0	231.99233725645863	0.0
GSM4138111_HNSCC_1_TIL_GTGAAGGGTATATGAG	401.1370237318245	116.08121896765215	30.75775995038682	86.4271183861518	216.7396208854023	229.81675360783964	0.0	0.0	21.51560505416927	119.3459965900583	0.0	0.0	0.0	0.0	0.0	82.74515059192603	0.0	12.457156713605732	0.0	0.0	0.0	0.0	0.0	0.0	0.0
GSM4138111_HNSCC_1_TIL_GTTTCTAAGCCAGAAC	190.86280598214125	56.41312829486848	35.620405573910595	0.0	100.14881518195449	0.0	114.08506502405676	0.0	12.500371793839546	0.0	0.0	0.0	0.0	0.0	0.0	0.0	0.0	0.0	0.0	0.0	0.0	0.0	0.0	0.0	0.0
GSM4138111_HNSCC_1_TIL_TAAGAGACATCGGTTA	302.8892081474619	102.1047789385	62.92949979171835	0.0	0.0	0.0	0.0	14.652027242045863	41.03151918716038	209.6816111372004	177.9017671683636	0.0	0.0	0.0	100.9323224947383	0.0	0.0	0.0	0.0	0.0	0.0	0.0	0.0	0.0	0.0
GSM4138111_HNSCC_1_TIL_TATTACCGTTGTTTGG	358.84156793819096	136.33268475053202	0.0	0.0	0.0	366.53258161788335	0.0	388.37164834840553	36.48794809892248	0.0	0.0	0.0	0.0	0.0	0.0	0.0	0.0	0.0	0.0	9.973217744163065	0.0	0.0	0.0	0.0	0.0
GSM4138111_HNSCC_1_TIL_TGGTTAGAGTTTAGGA	277.9228118345953	62.48153328232841	0.0	0.0	184.58701289802366	146.72073561410667	0.0	0.0	11.837650830161142	0.0	14.655745609172971	18.946271990172605	0.0	0.0	0.0	0.0	0.0	0.0	0.0	0.0	0.0	0.0	0.0	0.0	0.0
GSM4138111_HNSCC_1_TIL_TTGACTTCATCGACGC	256.14973455539473	78.78865884685509	0.0	0.0	118.7744792955709	103.16238675782255	0.0	0.0	19.882078293239175	63.71471535228544	0.0	0.0	0.0	0.0	0.0	0.0	0.0	0.0	0.0	0.0	0.0	0.0	0.0	21.184003845542723	0.0
