	1	2	3	4	5	6	7	8	9
GSM4138111_HNSCC_1_TIL_AACTCCCGTCATATCG	646.5026872858458	41.44985823634692	36.73258520087583	0.0	20.970521908887058	5.801951271575969	0.0	0.0	0.0
GSM4138111_HNSCC_1_TIL_AGTGGGATCACCCGAG	642.7395289041656	33.50623647838368	23.800875244302404	0.0	11.483605465468228	0.0	0.0	0.0	0.0
GSM4138111_HNSCC_1_TIL_ATCCGAAGTCGTTGTA	613.6023145977188	46.484574201237116	5.0602793822006245	0.0	33.974549722954144	3.3618897682237163	0.0	2.4653900953155827	5.482457551785493
GSM4138111_HNSCC_1_TIL_CAGCGACAGGGATGGG	663.6573591084655	0.0	21.6741789883844	0.0	8.703435505996783	24.939309740989277	0.0	0.0	0.0
GSM4138111_HNSCC_1_TIL_CGGACACTCATATCGG	518.0396134844235	80.37835455766907	0.0	1.2461156628419467	0.0	34.12695007206564	77.10814889901569	0.0	24.634725947091443
GSM4138111_HNSCC_1_TIL_TAGTTGGGTCTCCACT	603.4885364986981	0.0	83.15878366127838	0.0	0.0	0.0	0.0	0.0	0.0
GSM4138111_HNSCC_1_TIL_AAAGATGAGCATGGCA	294.6133945725936	209.6835767428501	0.0	265.1415870970397	10.430161761834032	0.0	0.0	0.0	0.0
GSM4138111_HNSCC_1_TIL_AGCAGCCTCCTACAGA	362.79268745015906	163.13627013877783	0.0	218.18025673811007	0.0	0.0	0.0	0.0	0.0
GSM4138111_HNSCC_1_TIL_AGGTCATTCAAGCCTA	297.3544881581394	325.99308784179544	11.298144585396892	66.05015503896576	32.0434934945151	0.0	0.0	0.0	0.0
GSM4138111_HNSCC_1_TIL_ATGCGATGTGATGTCT	948.8422384446844	265.0259004827191	0.0	0.0	0.0	75.43985763983524	66.72189013114978	344.595429945908	85.31656727925862
GSM4138111_HNSCC_1_TIL_CCAGCGATCACTTCAT	361.796387761788	228.830998658592	0.0	503.08990374015656	0.0	0.0	0.0	0.0	0.0
GSM4138111_HNSCC_1_TIL_CCCATACGTCTGATTG	200.204332195647	257.96304795593693	0.0	134.71255977610647	0.0	68.2895186318368	28.943266436996513	0.0	22.35764486369811
GSM4138111_HNSCC_1_TIL_CGTTAGAGTTTACTCT	499.3697046251429	403.97631043129763	0.0	0.0	0.0	76.17373428233311	75.56017407053163	43.794938530113505	72.54887344547983
GSM4138111_HNSCC_1_TIL_CTAGCCTAGGTCATCT	552.8147276501011	461.4168592091786	0.0	300.2844518023202	0.0	0.0	0.0	0.0	0.0
GSM4138111_HNSCC_1_TIL_CTCGTACTCAGCCTAA	472.5661723262713	143.32814798784858	0.0	173.6831451803714	0.0	0.0	0.0	0.0	0.0
GSM4138111_HNSCC_1_TIL_GAAATGATCTAACCGA	817.3763416936465	330.0203134464298	243.43130370406217	931.289195180439	60.74822285569747	59.951236424472214	0.0	0.0	0.0
GSM4138111_HNSCC_1_TIL_GGCCGATAGAAGCCCA	315.9653077027295	191.39035096087827	28.49938365149026	100.55089021385545	11.835920398006774	12.54112737559372	0.0	0.0	0.0
GSM4138111_HNSCC_1_TIL_GGCCGATAGCCCTAAT	632.9660799697397	252.2375536112781	0.0	0.0	0.0	155.28733574966904	40.65357749210588	252.33216884062006	77.78306162442216
GSM4138111_HNSCC_1_TIL_GGCGACTAGTTTCCTT	134.27166989543142	175.94185606187384	0.0	175.08654690621321	0.0	75.49686399905072	0.0	0.0	0.0
GSM4138111_HNSCC_1_TIL_GGGACCTAGTTAGGTA	484.7560662192365	474.0284275806635	0.0	690.1916139876251	24.70240269019405	174.73356206919345	21.207185301333087	0.0	0.0
GSM4138111_HNSCC_1_TIL_GTCAAGTTCAGCACAT	463.0209241796382	179.17138014105504	0.0	209.8064043124258	0.0	54.93880910823361	34.34130290360457	0.0	23.187972287592846
GSM4138111_HNSCC_1_TIL_TAAACCGTCCAGTATG	602.8037333455783	430.55879921985536	0.0	216.60946684231715	0.0	0.0	0.0	0.0	0.0
GSM4138111_HNSCC_1_TIL_TATGCCCGTCTCATCC	148.3679920043033	269.58911285462625	0.0	271.68976176080207	0.0	31.9423253622498	0.0	0.0	0.0
GSM4138111_HNSCC_1_TIL_TTTACTGAGTAGGCCA	660.8478717543286	42.02375566009897	38.50500097519498	73.5242142777105	0.0	0.0	0.0	264.69903088085533	10.077045584855897
GSM4138111_HNSCC_1_TIL_AACTTTCTCGCCAAAT	128.6051833014433	370.3471782131215	37.53218918459211	1341.2434191814405	30.60576142574113	5.404323059302682	0.0	82.75625114274266	0.0
GSM4138111_HNSCC_1_TIL_ACATCAGGTGTTCTTT	422.55810286174335	82.601347650168	0.0	326.6988046903113	2.5396372188660785	78.24081426906352	0.0	0.0	0.0
GSM4138111_HNSCC_1_TIL_ACGATACCACATTCGA	308.6874939349582	263.6350667458001	20.51515073825664	1353.8757794204566	10.753733895320622	56.57609836839864	0.0	0.0	0.0
GSM4138111_HNSCC_1_TIL_ACGGCCAAGGGTCGAT	215.84709492053517	178.23177821547765	0.0	366.1721043466781	27.039183882106485	0.0	0.0	0.0	0.0
GSM4138111_HNSCC_1_TIL_ACTGAGTTCTCTGTCG	176.05943289731778	198.7154496495779	0.0	459.6601385242332	0.0	76.8161481008935	0.0	0.0	21.787747902576847
GSM4138111_HNSCC_1_TIL_ACTTTCATCCCACTTG	437.33628264556404	341.51159213184053	0.0	0.0	0.0	164.3029775743463	16.940800056466458	306.11317043411356	45.602776796149485
GSM4138111_HNSCC_1_TIL_AGCAGCCGTGAACCTT	178.64786183783713	199.68712407881688	0.0	0.0	0.0	117.31915602069884	2.5246591691804547	139.87426663356848	13.55015513814911
GSM4138111_HNSCC_1_TIL_AGGGATGTCGCCGTGA	217.89175186343485	325.3160969481399	0.0	205.12621881060082	0.0	0.0	0.0	0.0	0.0
GSM4138111_HNSCC_1_TIL_ATCATCTGTAGCGTGA	200.5577589863956	94.54718293344617	0.0	1255.9871152690453	42.65678638639071	0.0	30.330959819346706	0.0	0.0
GSM4138111_HNSCC_1_TIL_ATCGAGTTCATTATCC	417.6053662561422	216.33142009035328	48.8247986148644	441.4485238410414	12.66394442583093	72.73382681307365	0.0	0.0	0.0
GSM4138111_HNSCC_1_TIL_ATCTGCCAGGATGGTC	4.338196550456345	121.21099884738834	0.0	0.0	0.0	67.97070544474118	18.42155960333241	569.5095128479943	20.541838750103103
GSM4138111_HNSCC_1_TIL_ATTTCTGGTACACCGC	338.72118877617777	70.5206965285149	0.0	581.7309494083062	0.0	0.0	0.0	0.0	0.0
GSM4138111_HNSCC_1_TIL_CAACCAATCTATCCCG	0.0	735.1190953536222	0.0	1013.4701819669148	0.0	0.0	0.0	0.0	0.0
GSM4138111_HNSCC_1_TIL_CACACAACATCTACGA	16.583822065698108	276.0860497917227	0.0	451.39042837382283	2.4821522240255973	0.0	0.0	0.0	0.0
GSM4138111_HNSCC_1_TIL_CACCTTGTCCGGGTGT	1745.321898667675	179.64292417821773	44.58612369186873	1208.521803010464	0.0	281.6131711637808	0.0	0.0	0.0
GSM4138111_HNSCC_1_TIL_CATGACACAATGGAGC	716.8492484266594	50.69516610974137	0.0	0.0	0.0	186.87982339540972	4.42975901499184	794.0818756964982	0.9573636844836966
GSM4138111_HNSCC_1_TIL_CCACTACTCACAATGC	767.1763821771747	5.141186065679017	0.0	326.3053229461038	0.0	0.0	0.0	0.0	0.0
GSM4138111_HNSCC_1_TIL_CCCAGTTGTAGTAGTA	135.1560089427445	288.3468979967917	0.0	284.1373772544541	0.0	13.506197220315405	0.0	0.0	0.0
GSM4138111_HNSCC_1_TIL_CCGTGGATCCCTTGCA	528.3257905607366	297.2530759928137	0.0	355.29888573840424	0.0	0.0	0.0	0.0	0.0
GSM4138111_HNSCC_1_TIL_CGCGGTATCATACGGT	124.69650980661642	14.09061795588594	0.0	318.1463041499249	0.0	62.030947922298324	18.00253263741759	406.36360965074556	0.0
GSM4138111_HNSCC_1_TIL_CGGACTGAGCCGTCGT	0.0	380.93300656243673	0.0	566.7683210902975	0.0	0.0	0.0	0.0	0.0
GSM4138111_HNSCC_1_TIL_CGGAGCTTCGAACTGT	802.9918247274576	48.64036577014689	0.0	0.0	0.0	709.308830043589	44.98608648966274	1207.3259647342213	96.87356738503436
GSM4138111_HNSCC_1_TIL_CGGAGTCGTATGAATG	160.81007963758628	391.9376748710737	0.0	337.25270824493145	0.0	0.0	0.0	0.0	0.0
GSM4138111_HNSCC_1_TIL_CGGTTAAGTCGACTAT	566.3360602091961	186.5519739460505	40.38632399554512	515.0927370232472	0.0	0.0	0.0	0.0	0.0
GSM4138111_HNSCC_1_TIL_CGTCTACAGCCTATGT	354.93077903200793	179.35871762504533	0.0	381.34056628477606	0.0	60.48894610969571	66.43226818822737	0.0	12.642625280313442
GSM4138111_HNSCC_1_TIL_CGTGTCTGTCTCCACT	634.435438376432	198.7415020042132	0.0	0.0	0.0	388.19157647079646	20.525151219563217	736.7246985295945	0.0
GSM4138111_HNSCC_1_TIL_CGTTAGAAGAGCTATA	81.09148878308321	190.0323575747373	0.0	430.5587755090491	0.0	0.0	0.0	0.0	0.0
GSM4138111_HNSCC_1_TIL_CTGCTGTGTCCGAGTC	369.11051974400544	251.47346199766884	0.0	137.9892748521556	0.0	7.804344087271232	0.0	50.888103667790205	23.316227309988882
GSM4138111_HNSCC_1_TIL_CTGGTCTGTCCGTGAC	237.8450634656566	125.8337944608703	40.92337033924414	1524.568324022428	0.0	190.9100440618449	0.0	131.98621424259474	0.0
GSM4138111_HNSCC_1_TIL_CTGTGCTTCGTCCGTT	344.05685411003435	194.1154218611184	0.0	644.7182346658727	18.318596164725506	0.0	0.0	0.0	0.0
GSM4138111_HNSCC_1_TIL_CTTCTCTGTCTTGCGG	71.06426207970712	61.94512206000717	0.0	499.8919948564121	20.139810515178848	0.0	0.0	0.0	0.0
GSM4138111_HNSCC_1_TIL_GAATGAACACGTCAGC	0.0	0.0	0.0	0.0	0.0	6110.43730150131	0.0	0.0	0.0
GSM4138111_HNSCC_1_TIL_GACTAACGTAGAAGGA	314.49780955299997	107.41497732191584	0.0	0.0	0.0	83.79039520885769	68.06246550366647	376.9520253718731	0.0
GSM4138111_HNSCC_1_TIL_GATCGATTCAGAGACG	0.0	0.0	0.0	481.1496094397573	0.0	0.0	0.0	1852.511404755625	0.0
GSM4138111_HNSCC_1_TIL_GGGAATGAGCTGTCTA	0.0	35.069019084921955	0.0	651.2845721064531	9.357868011594485	25.023950988652356	0.0	115.15655716835406	0.0
GSM4138111_HNSCC_1_TIL_GGGAGATGTGTGCCTG	482.7549727218793	144.5436814817394	0.0	232.49272968770146	0.0	195.08029778336484	22.625245707910814	267.0775342445612	2.47627078795435
GSM4138111_HNSCC_1_TIL_GGGTCTGTCCACGAAT	706.5715205782241	891.8841991136042	0.0	974.7019337633953	0.0	215.38794215890636	77.52127504659936	0.0	44.757111801269
GSM4138111_HNSCC_1_TIL_GTCGGGTAGTCAATAG	101.79595895797246	214.75312473358647	0.0	318.4178697078703	2.8572035277445087	0.0	0.0	0.0	0.0
GSM4138111_HNSCC_1_TIL_GTCTCGTCACCCATGG	157.88076474906057	152.49742263102104	0.0	425.8169999250932	0.0	0.0	0.0	0.0	0.0
GSM4138111_HNSCC_1_TIL_GTCTTCGGTTGATTCG	133.22640473797208	0.0	0.0	500.22121990466826	0.0	165.58483959739354	0.0	429.86286228602535	0.0
GSM4138111_HNSCC_1_TIL_GTGCAGCCAGTTTACG	225.62620655276498	89.20138507304274	0.0	372.00774263109196	0.0	28.421274255948585	0.0	0.0	0.0
GSM4138111_HNSCC_1_TIL_GTTAAGCGTGCTGTAT	60.01634552135128	688.5587397577996	0.0	724.3351798512713	0.0	0.0	0.0	0.0	0.0
GSM4138111_HNSCC_1_TIL_TACTCGCCACACATGT	316.93090090291213	320.89929796873906	0.0	204.97714429843992	0.0	323.31625448909796	0.0	910.7612887140357	21.21957233312906
GSM4138111_HNSCC_1_TIL_TACTTACGTGTGACCC	277.8523059346099	383.5989235455199	0.0	423.5728534420642	0.0	8.215769614501761	0.0	0.0	0.0
GSM4138111_HNSCC_1_TIL_TCATTTGCAAGTAATG	295.8188749532103	305.48450848153067	24.161350630472793	196.21919636769843	7.2446620340840076	0.0	0.0	0.0	0.0
GSM4138111_HNSCC_1_TIL_TCTATTGGTGTTTGTG	144.52190206530804	178.29572675088377	0.0	558.5263925689308	0.0	124.56454935568128	0.0	11.125538834619002	0.0
GSM4138111_HNSCC_1_TIL_TCTCTAATCGTCTGCT	400.67032233180106	83.7414879145997	0.0	331.030513151804	0.0	0.0	0.0	0.0	0.0
GSM4138111_HNSCC_1_TIL_TTCTACACACCGGAAA	71.84047466417749	421.8087372195833	0.0	1122.015590313236	0.0	111.43807510227359	0.0	0.0	0.0
GSM4138111_HNSCC_1_TIL_AGTGTCACATTAGCCA	576.8609272241458	29.00116073098092	0.0	0.0	0.0	154.28782879201046	0.0	0.0	0.0
GSM4138111_HNSCC_1_TIL_GCGGGTTTCTCAACTT	948.3873738530756	87.11604601713825	0.0	0.0	0.0	232.68347479291603	0.0	0.0	26.04368058426633
GSM4138111_HNSCC_1_TIL_GCTCTGTGTCTAGTCA	1698.6463276674617	0.0	0.0	0.0	0.0	427.9134001704222	0.0	0.0	17.30885327095857
GSM4138111_HNSCC_1_TIL_GGACAAGAGGAGTACC	818.7881888337954	0.0	0.0	0.0	0.0	187.78862177654213	0.0	0.0	58.10064801413516
GSM4138111_HNSCC_1_TIL_GTCCTCAAGATGCCTT	1396.8498333042078	0.0	0.0	0.0	0.0	253.3666336751318	0.0	0.0	0.0
GSM4138111_HNSCC_1_TIL_TTTCCTCTCTCGCTTG	1263.4356689318627	0.0	0.0	0.0	0.0	200.7438979497697	136.32659992085533	0.0	71.84054647544254
GSM4138111_HNSCC_1_TIL_AAACCTGTCTTCGAGA	968.9850347017909	0.0	0.0	0.0	0.0	0.0	0.0	0.0	0.0
GSM4138111_HNSCC_1_TIL_ACACCCTTCACAGGCC	929.7398536096048	19.161842886015663	0.0	0.0	0.0	201.9857115523078	31.630726041844543	0.0	100.68690390478848
GSM4138111_HNSCC_1_TIL_ACGGCCAAGTGGAGTC	814.9149922231114	0.0	0.0	0.0	0.0	0.0	0.0	0.0	0.0
GSM4138111_HNSCC_1_TIL_ACGTCAAGTAACGCGA	672.1301396653183	39.646772191557794	0.0	5.528138160463192	0.0	49.28684763042198	0.0	0.0	0.0
GSM4138111_HNSCC_1_TIL_ACTATCTGTCTCTCTG	1043.7161170366014	0.0	0.0	0.0	0.0	0.0	0.0	0.0	0.0
GSM4138111_HNSCC_1_TIL_ACTTACTAGCTAGTGG	662.3582354537666	0.0	0.0	0.0	0.0	0.0	0.0	0.0	0.0
GSM4138111_HNSCC_1_TIL_ACTTGTTAGCTGTTCA	652.5125346238555	12.411806977063693	0.0	0.0	0.0	113.67228808936845	0.0	0.0	0.0
GSM4138111_HNSCC_1_TIL_ATAACGCTCGCGCCAA	845.2868088864182	0.0	0.0	0.0	0.0	0.0	0.0	12.114192078148466	0.0
GSM4138111_HNSCC_1_TIL_ATCATCTGTACCGCTG	811.4037815209517	0.0	0.0	0.0	0.0	0.0	0.0	0.0	0.0
GSM4138111_HNSCC_1_TIL_ATTGGTGCACACCGCA	786.7625408952609	6.509136199227833	0.0	36.505823404477454	12.173868076933024	0.0	0.0	0.0	0.0
GSM4138111_HNSCC_1_TIL_CAAGAAAAGGCCCGTT	615.9820587325613	29.816234102896154	7.332154145156592	21.549323027194628	0.0	16.183135746802126	0.0	0.0	0.0
GSM4138111_HNSCC_1_TIL_CAGGTGCGTCATGCCG	1119.3341681141549	0.0	182.57696344764187	0.0	47.44217964970262	12.883594833467345	0.0	0.0	0.0
GSM4138111_HNSCC_1_TIL_CGGACGTCACTCTGTC	725.0364948044637	0.0	0.0	0.0	0.0	0.0	0.0	0.0	0.0
GSM4138111_HNSCC_1_TIL_CGTCACTGTCCAGTGC	809.3744278682008	0.0	0.0	0.0	6.731577630257217	5.386668818499698	0.0	0.0	0.0
GSM4138111_HNSCC_1_TIL_CTAATGGTCTGCAGTA	1161.8833162600847	12.301713631147292	129.49585938600347	11.437220422715994	32.16177394069809	122.22420454356593	0.0	0.0	0.0
GSM4138111_HNSCC_1_TIL_CTGAAACGTTCCCGAG	667.8603058431519	0.0	0.0	5.1993228054738925	2.385247140033833	0.0	0.0	0.0	0.0
GSM4138111_HNSCC_1_TIL_CTGCTGTCATGTCGAT	711.7037926626599	0.0	0.0	0.0	0.0	0.0	0.0	28.275536641476005	0.0
GSM4138111_HNSCC_1_TIL_GACAGAGCAGCCAGAA	783.4200444146361	0.0	16.72865648576601	16.230988478574286	0.0	0.0	0.0	0.0	0.0
GSM4138111_HNSCC_1_TIL_GCGCCAAGTCATGCCG	1274.8409308357634	20.42989320229603	5.560819308843362	0.0	12.079065867156574	27.41136045378924	0.0	0.0	0.0
GSM4138111_HNSCC_1_TIL_GCTGCAGAGCGCTCCA	794.2134176033557	21.376720384154982	0.0	0.0	0.0	0.0	0.0	0.0	0.0
GSM4138111_HNSCC_1_TIL_GGCTGGTAGGCCCTCA	687.0395793103187	0.0	0.0	0.0	0.0	0.0	0.0	0.0	0.0
GSM4138111_HNSCC_1_TIL_GTGTTAGCAAAGAATC	411.3244597055069	19.86472977665848	0.0	48.68616731763873	2.206674741435569	70.41482631755485	0.0	0.0	0.0
GSM4138111_HNSCC_1_TIL_TACTCGCGTTCCACTC	869.7160786597026	0.0	0.1774283832988836	1.1043068045426352	0.0	0.0	0.0	0.0	0.0
GSM4138111_HNSCC_1_TIL_TAGGCATGTAGCTGCC	675.9057931236651	0.0	0.0	0.0	25.746542107885613	0.0	0.0	0.0	0.0
GSM4138111_HNSCC_1_TIL_TGAGCCGCAGTAACGG	795.6860688727259	5.975080084120275	0.0	0.0	0.0	0.0	0.0	0.0	0.0
GSM4138111_HNSCC_1_TIL_TGAGGGAGTCTTCTCG	636.5802553775591	0.7331380489744395	0.0	0.0	0.0	0.731497740272943	0.0	4.7627579125428365	0.0
GSM4138111_HNSCC_1_TIL_TGCCCATAGAGCTATA	1001.8388603482697	0.0	2.9824390078668603	0.0	0.0	116.0668281938717	0.0	0.0	0.0
GSM4138111_HNSCC_1_TIL_TGTATTCGTAAGGATT	804.400472765707	4.517706233777226	1.9273687113955043	0.0	0.0	0.0	0.0	0.0	0.0
GSM4138111_HNSCC_1_TIL_TTCGAAGAGACGCACA	752.9292894291234	21.98616991891437	0.0	59.047532480281646	0.0	0.0	0.0	0.0	0.0
GSM4138111_HNSCC_1_TIL_AGAGCTTAGTCTCAAC	704.2618413005366	0.0	0.0	0.0	0.0	0.0	0.0	0.0	0.0
GSM4138111_HNSCC_1_TIL_AGCGTATTCAAAGACA	917.9424373637675	0.0	23.38122971101309	0.0	1.3268518347220104	62.35426376810615	0.0	0.0	0.0
GSM4138111_HNSCC_1_TIL_ATCCACCAGGTGTTAA	858.0281677165252	33.32402411334256	43.50253696092687	6.9695317734104965	0.0	28.32498079479767	0.0	0.0	5.527446523001068
GSM4138111_HNSCC_1_TIL_CAACCAACACAGACTT	897.2556572370416	77.369460969375	0.0	0.0	0.0	54.65563184708409	53.60157866368135	0.0	6.752357304547535
GSM4138111_HNSCC_1_TIL_CAACTAGTCGCGTTTC	1285.9376443789813	26.01528699523964	93.86070195700661	103.78983926900264	33.46650252651404	58.31917323536024	0.0	0.0	0.0
GSM4138111_HNSCC_1_TIL_CAGCTGGCAATAGAGT	724.8715429345885	56.985054831591135	0.0	0.0	0.0	66.51954483123362	5.28774119168468	0.0	0.0
GSM4138111_HNSCC_1_TIL_CAGTCCTAGGCATGTG	663.2359705780418	85.41109253773992	0.0	0.0	0.0	55.34933082299381	10.982245061544162	6.472657218113136	44.69093839014944
GSM4138111_HNSCC_1_TIL_CCACTACAGCACAGGT	627.1663696960333	70.12330217109759	0.0	0.0	0.0	0.0	0.0	13.502904736927766	0.0
GSM4138111_HNSCC_1_TIL_CCACTACCATTAGCCA	536.5190267380982	82.17028145595705	0.0	0.0	0.0	49.19359028578278	0.0	17.777929803091283	15.281440969444649
GSM4138111_HNSCC_1_TIL_CCAGCGATCAATCACG	796.0608094237577	18.487300535382335	0.0	0.0	0.0	6.000219611356979	37.578520264877874	70.47735161048078	41.80278484064528
GSM4138111_HNSCC_1_TIL_CGGACGTTCTTGCAAG	833.5941187235225	12.303066936141535	0.0	0.0	0.0	48.99686359557793	13.28627029533167	0.0	24.15826242550734
GSM4138111_HNSCC_1_TIL_CGTTAGACAACACCCG	507.9317055993014	7.9171074447177725	12.774783971833628	95.47376822049755	0.09950019509169279	0.0	0.0	0.0	0.0
GSM4138111_HNSCC_1_TIL_CTGCGGACAGTCAGCC	531.1163461471717	20.717121350240326	0.0	0.0	0.0	0.0	0.0	0.0	0.0
GSM4138111_HNSCC_1_TIL_GCAGCCAGTGATGCCC	432.7026857377592	117.38147775640158	0.0	94.08329795257647	0.0	23.50397053242743	6.036174616961582	0.0	13.902813870878798
GSM4138111_HNSCC_1_TIL_GGCTGGTGTGCCTGTG	655.9601584693484	0.0	12.2532856927782	0.0	0.0	29.019489465484845	0.0	0.0	0.0
GSM4138111_HNSCC_1_TIL_TGACGGCAGCGTCAAG	701.46056345676	93.60996566681186	0.0	0.0	0.0	60.43376602729352	0.0	1.1082044262028548	24.587961185589602
GSM4138111_HNSCC_1_TIL_TGCGCAGAGCATGGCA	603.1141693529688	53.76584560215803	30.441577399880202	0.0	2.669244689209794	0.0	0.0	0.0	0.0
GSM4138111_HNSCC_1_TIL_ACGGAGACAGGACGTA	463.13115871302904	1.425149334695423	0.0	0.0	0.0	121.73081994319857	13.202763923153258	6.815040126777465	30.350227194895584
GSM4138111_HNSCC_1_TIL_AGATCTGAGTCAAGCG	1544.8837640965605	20.474881161171414	0.0	0.0	0.0	142.37040592673006	42.591932274222295	6.707560749297375	0.0
GSM4138111_HNSCC_1_TIL_ATAAGAGAGAGTCTGG	755.9036006462003	0.0	0.0	0.0	0.0	114.6953566248458	43.48718486011646	0.0	54.89237667952799
GSM4138111_HNSCC_1_TIL_GAACGGAAGGGATACC	777.8678087154096	111.54559450638358	0.0	0.0	0.0	177.19432011494544	65.26833400577448	0.0	39.69705134216463
GSM4138111_HNSCC_1_TIL_GACGCGTTCTAACTCT	647.029016484444	0.0	0.0	0.0	0.0	133.68786549074952	15.04085010174281	27.132976832780574	8.068650309769698
GSM4138111_HNSCC_1_TIL_GATGCTAGTAAATGTG	829.5870004942602	0.0	0.0	0.0	0.0	89.00199409957379	0.0	11.096100884818497	4.820765328399772
GSM4138111_HNSCC_1_TIL_GTGAAGGTCGTACCGG	1447.2329390243365	125.4512743468004	0.0	0.0	0.0	100.79054338051888	103.93615265049327	117.6641690633337	43.773550859771134
GSM4138111_HNSCC_1_TIL_TGCTACCTCGGATGGA	659.5873402451031	0.0	0.0	0.0	0.0	112.88587966388823	0.0	22.586339505861428	2.4080591984294806
GSM4138111_HNSCC_1_TIL_ACATACGAGTCATGCT	444.6158468118526	149.31522542421686	0.0	142.68782511516432	17.392182828625923	3.0872690628138337	0.0	0.0	0.0
GSM4138111_HNSCC_1_TIL_CAACCTCGTTCAACCA	550.3099354503207	8.988060970648016	0.0	147.09972404823066	0.0	0.0	0.0	0.0	0.0
GSM4138111_HNSCC_1_TIL_CAACTAGTCACCATAG	951.6880034485815	147.05505915142354	8.79574415622651	105.61958047863466	11.03398594155585	3.084555835021335	0.0	0.0	0.0
GSM4138111_HNSCC_1_TIL_CCAGCGAAGGGATACC	534.6205305767859	127.3541110903516	0.0	150.77531190323737	16.262753535005388	0.0	0.0	0.0	0.0
GSM4138111_HNSCC_1_TIL_GAAATGAGTCTAGTCA	646.3487206613914	52.23801777996347	0.0	28.347865553118137	0.0	0.0	0.0	0.0	0.0
GSM4138111_HNSCC_1_TIL_GCAGTTACATAGAAAC	854.4402655666388	0.0	0.0	81.11474805178239	0.0	0.0	0.0	0.0	0.0
GSM4138111_HNSCC_1_TIL_GGTATTGCAGGAATGC	755.9261823398922	0.0	0.0	135.18889544274083	0.0	0.0	0.0	0.0	0.0
GSM4138111_HNSCC_1_TIL_GGTGTTACATTAGCCA	347.0903806788859	191.59227504155623	0.09500614713701722	179.39384925594723	0.0	0.0	0.0	0.0	0.0
GSM4138111_HNSCC_1_TIL_GTCTTCGAGCTAGTGG	669.1108715112082	0.0	0.0	120.07584856938246	0.0	0.0	0.0	0.0	0.0
GSM4138111_HNSCC_1_TIL_TTGCGTCCATCGGACC	777.8902986842186	0.0	0.0	115.11397366237892	0.0	0.0	0.0	0.0	0.0
GSM4138111_HNSCC_1_TIL_CACACCTGTACGCTGC	562.3624624217709	0.0	0.0	56.962626431161006	18.720118737408708	33.59899958783294	0.0	0.0	0.0
GSM4138111_HNSCC_1_TIL_CAGAGAGCATAAAGGT	698.526472107787	28.247653595314542	26.383409619265876	0.0	45.35411359268506	0.0	0.0	0.0	0.0
GSM4138111_HNSCC_1_TIL_CCCTCCTCACTTAACG	743.003749932877	0.0	0.10212006059489444	77.74154825931907	0.0	0.0	0.0	0.0	0.0
GSM4138111_HNSCC_1_TIL_CCTAAAGGTGACGGTA	785.4592827726572	0.0	0.0	0.0	0.0	0.0	0.0	27.88862835154254	0.0
GSM4138111_HNSCC_1_TIL_CCTTCGATCTTTACAC	844.4558337188482	0.0	0.0	0.0	0.0	10.4346329986043	0.0	36.202705200721475	7.768922429119579
GSM4138111_HNSCC_1_TIL_GAGCAGAGTTCAGCGC	571.1846714827852	0.0	0.0	0.0	0.0	0.0	0.0	9.028275357986722	0.0
GSM4138111_HNSCC_1_TIL_GGTGCGTCAGCTGTAT	612.900350789327	0.0	21.835210605100347	43.34328579834769	0.0	22.601057075692363	0.0	0.0	0.0
GSM4138111_HNSCC_1_TIL_TATTACCCATCCCATC	663.5147584891638	27.255421132790747	0.0	0.0	0.0	0.0	0.0	18.81738657925696	0.0
GSM4138111_HNSCC_1_TIL_TGAGAGGAGCCGCCTA	671.9621482983994	0.0	0.0	28.13404696849829	0.0	0.0	0.0	31.398380338298903	0.0
GSM4138111_HNSCC_1_TIL_AGTTGGTAGTACGTTC	468.68449327502293	20.706896553933746	0.0	0.0	12.892121418577014	4.962076435826963	0.0	20.332369283169967	0.0
GSM4138111_HNSCC_1_TIL_CCCAGTTTCAGTACGT	665.0555632274986	25.763416936352353	0.0	0.0	0.0	78.27912622265544	0.0	8.03023517009693	19.714297148710077
GSM4138111_HNSCC_1_TIL_CCTAAAGCAAGGACTG	530.0454405823884	5.010765564210559	0.0	0.0	0.0	18.752563097919694	0.0	0.0	0.0
GSM4138111_HNSCC_1_TIL_GACGCGTTCAAACCGT	777.7633885180462	3.5758748245936594	0.0	23.538898437489276	12.423808300209188	0.0	0.0	0.0	0.0
GSM4138111_HNSCC_1_TIL_GGATGTTGTGGCTCCA	689.9749822763539	0.0	0.0	16.335823937075133	0.0	0.0	0.0	0.0	0.0
GSM4138111_HNSCC_1_TIL_ACTGATGGTGCTAGCC	784.9520464724856	79.36174212618765	81.9219163588498	0.0	4.073703551715923	0.0	0.0	0.0	0.0
GSM4138111_HNSCC_1_TIL_CCTACCACATCGGGTC	744.9936870460235	1.5227742111965064	0.0	12.618555706383875	4.518397139305027	0.0	0.0	0.0	0.0
GSM4138111_HNSCC_1_TIL_CTCACACAGTTGTCGT	918.1113040043144	0.0	24.81310847002414	0.0	10.389914982947246	49.58141377157851	0.0	0.0	0.0
GSM4138111_HNSCC_1_TIL_TACTTGTTCCGCATCT	934.2683011829281	0.0	0.0	0.0	0.0	99.55356365242784	0.0	71.12158364732328	0.0
GSM4138111_HNSCC_1_TIL_TGGCGCACATTATCTC	581.6849740542835	57.620482912556724	0.0	20.418317423959977	0.0	0.0	0.0	0.0	0.0
GSM4138111_HNSCC_1_TIL_AGAATAGTCTCCAACC	229.21691399341788	156.39847226036105	0.0	246.90108349404173	0.0	0.0	0.0	0.0	0.0
GSM4138111_HNSCC_1_TIL_AGCTCTCTCTAACTCT	175.35975301228106	186.28567111509255	6.004445236103948	824.5177735974282	0.0	85.09884511106921	0.0	0.0	0.0
GSM4138111_HNSCC_1_TIL_CACACAATCCCAAGAT	740.9924935931336	30.480635720430865	0.0	323.77006533789074	0.0	0.0	0.0	0.0	0.0
GSM4138111_HNSCC_1_TIL_CCTAAAGTCTAACCGA	267.98644425468046	59.709404584134774	0.0	232.60969698765905	0.0	0.0	0.0	0.0	0.0
GSM4138111_HNSCC_1_TIL_TCAACGAAGCGTAATA	271.7103810069758	221.60722239996838	0.0	212.68499065370963	0.0	49.68941102319052	0.0	0.0	0.14766231303224867
GSM4138111_HNSCC_1_TIL_TCGGTAACATTACGAC	132.26685143703767	242.44402215953298	0.0	184.600378976017	0.0	0.0	0.0	0.0	0.0
GSM4138111_HNSCC_1_TIL_AACTCCCAGATGAGAG	250.67843252155933	217.36898083306554	0.0	0.0	0.0	37.630738912637796	77.7011997780574	38.782850941687215	126.6116393173931
GSM4138111_HNSCC_1_TIL_CACACAACAATTCCTT	557.5008015228358	124.8018678218191	0.0	0.0	0.0	15.684544466468662	0.0	11.580122846982574	0.0
GSM4138111_HNSCC_1_TIL_CATGCCTCAGAGTGTG	441.9336934595904	235.13247241942472	0.0	53.637959632769146	34.57221361078076	0.0	0.0	0.0	0.0
GSM4138111_HNSCC_1_TIL_GACCTGGTCAATAAGG	627.6711806851218	156.58676668140137	18.393600114489853	0.0	0.0	0.0	0.0	26.81405182173174	0.0
GSM4138111_HNSCC_1_TIL_ACCGTAAAGAGGGATA	412.58944723334906	327.65093252591674	66.83306712967173	13.369650163616493	42.642142857293834	0.0	0.0	5.028804263835093	0.0
GSM4138111_HNSCC_1_TIL_ACGTCAAGTAGTACCT	655.7535772343206	580.1484203843287	0.0	0.0	0.0	117.40104641056232	159.9811187897276	0.0	51.467728056147024
GSM4138111_HNSCC_1_TIL_ACTGAACGTCTGGTCG	892.8881218989824	154.9742585862953	22.43612711412038	43.87112725663458	18.13225404794433	36.7718660835239	0.0	0.0	0.0
GSM4138111_HNSCC_1_TIL_AGGTCATGTCGCTTTC	344.07883816862955	517.6033661643334	0.0	170.39612158519967	0.0	0.0	0.0	0.0	0.0
GSM4138111_HNSCC_1_TIL_CCTCTGACACTTCTGC	584.8415063308629	253.9476425470845	81.71196139052361	0.0	46.44939832098137	0.0	0.0	6.029538925311618	0.0
GSM4138111_HNSCC_1_TIL_CTGCGGAGTTTAGCTG	362.8406795085956	466.73929031832176	57.161643659710236	0.0	0.0	0.0	0.0	0.0	0.0
GSM4138111_HNSCC_1_TIL_GAAACTCAGCTTTGGT	215.28609726596994	204.98353967400286	9.058288941241617	95.60175676441418	26.02837061234329	0.0	0.0	0.0	0.0
GSM4138111_HNSCC_1_TIL_GAAGCAGAGAAGATTC	465.1252269720072	145.50789907796994	32.376462697273084	0.0	11.1810464074876	0.0	0.0	4.950438272368561	0.0
GSM4138111_HNSCC_1_TIL_GATCGCGTCTGGTTCC	978.364844125696	406.7371506298035	0.0	0.0	0.0	230.17476378253355	142.00751467429254	0.0	52.12334136193854
GSM4138111_HNSCC_1_TIL_GCAGCCATCACTATTC	495.3693739580103	237.04981984821032	92.40726502735266	0.0	42.07658079932168	0.0	0.0	0.0	0.0
GSM4138111_HNSCC_1_TIL_GGGCATCGTAGATTAG	654.7996763442197	349.1670642735484	70.5666659536064	0.0	0.0	52.87594943193554	0.0	0.0	43.30747354273986
GSM4138111_HNSCC_1_TIL_GTGCTTCTCGCCAGCA	186.3277955570658	341.4273756142232	34.25471686697402	11.572115491499623	16.217931404887164	0.0	0.0	0.0	0.0
GSM4138111_HNSCC_1_TIL_TCGTAGAAGATAGCAT	506.47255799971225	184.40751792233968	66.41781289653323	0.0	0.0	0.0	0.0	0.0	0.0
GSM4138111_HNSCC_1_TIL_TGAAAGAGTGTTCTTT	1358.8313863124622	334.90163131077924	0.0	0.0	0.0	449.95586444424924	111.32479821172701	0.0	83.27996233156006
GSM4138111_HNSCC_1_TIL_TGAGCATTCCAATGGT	258.03241800620333	353.8222761895279	119.75634220722476	0.0	27.989051928180192	0.0	0.0	0.0	0.0
GSM4138111_HNSCC_1_TIL_TTGACTTGTGGTTTCA	225.26695138438276	450.7496609172592	3.5892189056005104	174.12580211761565	47.512426197257	0.0	0.0	0.0	0.0
GSM4138111_HNSCC_1_TIL_TTGGCAACAAACCTAC	1033.123452198995	234.9191762560931	0.0	0.0	0.0	239.97943813509306	90.29684380050672	57.25265315955442	111.7222641182866
GSM4138111_HNSCC_1_TIL_AACACGTAGGAGTCTG	0.0	0.0	1094.131315599393	0.0	0.0	5.7260103967762666	0.0	0.0	0.0
GSM4138111_HNSCC_1_TIL_ACGCCGACATGCGCAC	52.595034871614764	0.0	483.35564275190234	0.0	15.151894474748708	0.0	181.63652254207702	0.0	0.0
GSM4138111_HNSCC_1_TIL_ACGGAGACAGGGTACA	61.03451093976854	0.7676543353075078	936.5469430998052	10.1113193236092	0.0	6.3835551919188696	0.0	0.0	0.0
GSM4138111_HNSCC_1_TIL_ACGGGCTCAGGAATGC	139.21923277009247	244.01436494913733	0.0	0.0	0.0	155.65275682959717	718.2983657404255	0.0	94.57871914915347
GSM4138111_HNSCC_1_TIL_ACGTCAAAGAGCTGCA	0.0	0.0	1146.2589168826191	0.0	0.0	33.49368261127706	0.0	5.4853161800538395	0.0
GSM4138111_HNSCC_1_TIL_ACTATCTAGAGTACAT	0.0	31.03009734214763	1324.8785455152317	0.0	13.102112004499018	0.0	0.0	9.554737115337883	0.0
GSM4138111_HNSCC_1_TIL_ACTGAGTCACCCAGTG	0.0	0.0	991.1343769150008	0.0	0.0	0.0	0.0	0.0	16.53585513455009
GSM4138111_HNSCC_1_TIL_ACTTGTTCAATCCGAT	0.0	73.02398253187656	935.9048450819269	0.0	0.0	9.532072864295108	0.0	7.2322989338157955	0.0
GSM4138111_HNSCC_1_TIL_AGATCTGCACTCAGGC	0.0	0.0	938.7145652146202	0.0	0.0	0.0	0.0	14.540874475307984	0.0
GSM4138111_HNSCC_1_TIL_AGCAGCCCACATTAGC	0.0	77.3152807707549	0.0	0.0	0.0	3.056856481972471	663.0279914004107	0.0	9.829064070771462
GSM4138111_HNSCC_1_TIL_AGCTCCTTCACCTCGT	18.31756104801746	59.373189727938296	994.1161030855582	0.0	9.819209590238287	46.14360411290151	0.0	3.6537602896465713	0.0
GSM4138111_HNSCC_1_TIL_AGGCCACGTCCTCTTG	15.870403931101992	33.20930573087214	1104.387888458599	0.0	0.0	105.4281519245665	0.0	0.0	0.0
GSM4138111_HNSCC_1_TIL_AGGCCGTGTTTGACAC	99.47696573151383	0.0	640.4997838146652	0.0	32.87070054728838	37.294668199179334	84.43245409251185	0.0	0.0
GSM4138111_HNSCC_1_TIL_AGTAGTCCAGTTTACG	0.0	0.0	1088.2998547819334	0.0	0.0	0.0	0.0	0.0	0.0
GSM4138111_HNSCC_1_TIL_AGTGGGAGTGTCCTCT	12.07247136302115	122.846917240388	34.651871688496726	0.0	0.0	89.07543290133908	654.9134060094437	0.0	27.454946825725607
GSM4138111_HNSCC_1_TIL_ATCACGACAAGGACTG	87.25480488699928	20.472459540559694	448.74303159635036	0.0	0.0	123.74418170668446	0.0	0.0	0.0
GSM4138111_HNSCC_1_TIL_ATGCGATAGAATTCCC	65.75883739891053	0.0	718.1799667519889	0.0	0.0	80.75990551881165	0.0	0.0	0.0
GSM4138111_HNSCC_1_TIL_ATGCGATGTAGCTGCC	3.471159129015041	0.0	1026.7842116306342	0.0	0.0	0.0	0.0	0.0	0.0
GSM4138111_HNSCC_1_TIL_ATTATCCAGTGTTAGA	27.04590228262941	66.90556229495182	960.0651311415844	0.0	0.0	3.68835797900086	0.0	0.0	0.0
GSM4138111_HNSCC_1_TIL_ATTCTACGTCGAATCT	0.0	0.0	1283.9827675025786	75.26691280712471	0.0	0.0	0.0	0.0	0.0
GSM4138111_HNSCC_1_TIL_ATTGGACAGCAATCTC	0.0	0.0	887.9420494550616	0.0	0.0	0.0	104.8005826521203	0.0	0.0
GSM4138111_HNSCC_1_TIL_CACATTTGTTGTTTGG	468.41932484365094	0.0	0.0	0.0	0.0	193.56824378940013	1161.7026072875306	0.0	58.33835307785218
GSM4138111_HNSCC_1_TIL_CCCAGTTTCTCGTTTA	0.0	63.67617763014104	1305.4510051900004	0.0	0.0	95.77295755914031	0.0	0.0	0.0
GSM4138111_HNSCC_1_TIL_CCCATACAGACGCAAC	70.70488728923844	60.04434995610892	414.0752477569132	51.90844988739821	29.947087894337365	6.099742097809108	0.0	0.0	0.0
GSM4138111_HNSCC_1_TIL_CCGTGGAAGGCATTGG	136.5100353602316	86.73890656059092	0.0	0.0	0.0	85.6704971245619	1031.8669718140827	0.0	57.408109713257886
GSM4138111_HNSCC_1_TIL_CCGTGGAAGTAACCCT	23.87726573600031	44.09541655154099	980.4609374408319	0.0	34.12461158053795	0.0	0.0	0.0	0.0
GSM4138111_HNSCC_1_TIL_CCTAAAGTCTCCCTGA	0.0	16.24120880089852	937.5548147786071	43.82804857902695	0.0	54.08892727473078	0.0	0.0	0.0
GSM4138111_HNSCC_1_TIL_CCTTACGAGTGGCACA	0.0	0.0	1135.6173021974198	0.0	0.0	0.0	0.0	7.928445062526854	0.0
GSM4138111_HNSCC_1_TIL_CGCTGGATCCTCAACC	0.0	17.154873636005995	819.9014682393829	0.0	10.826478121673652	38.521631091495486	0.0	0.0	0.0
GSM4138111_HNSCC_1_TIL_CGGAGTCCATCCGCGA	19.801829373005944	70.49978259826935	566.2191555384238	0.0	2.2863971185171135	30.454713624710536	0.0	14.003160677842827	0.0
GSM4138111_HNSCC_1_TIL_CGTCACTTCCCATTTA	70.99468989149757	25.934521081388468	608.8900147701227	0.0	0.0	0.0	0.0	0.0	10.802029032173051
GSM4138111_HNSCC_1_TIL_CTCGTCATCGATGAGG	31.848342111265584	13.05600159984775	980.781311077179	0.0	0.0	21.280808574757568	165.19136962292123	48.01620877303899	0.0
GSM4138111_HNSCC_1_TIL_CTGATCCAGCTGAACG	160.36700747174572	8.845836991845202	0.0	0.0	0.0	138.98748528837922	1008.6347006785941	0.0	59.53375017784548
GSM4138111_HNSCC_1_TIL_CTTAACTCATGGTCAT	0.0	197.80210166173535	934.3578295041112	0.0	0.0	91.23951968717255	0.0	0.0	0.0
GSM4138111_HNSCC_1_TIL_CTTACCGTCACAGTAC	35.41811628296463	0.0	895.2371704798063	0.0	0.0	3.37996044317508	0.0	32.7672680019518	0.0
GSM4138111_HNSCC_1_TIL_GAACGGATCTGAGTGT	0.0	68.4571433358506	805.5315161689931	0.0	0.10300227027862062	0.0	0.0	0.0	0.0
GSM4138111_HNSCC_1_TIL_GACCAATCAAAGCGGT	0.0	0.0	1259.872729369268	0.0	0.0	0.0	0.0	0.0	0.0
GSM4138111_HNSCC_1_TIL_GATCTAGGTCAAACTC	33.80636075363045	26.78170182027572	852.7426289300681	0.0	0.0	25.688884251470576	0.0	1.85533686952442	1.9273604527113657
GSM4138111_HNSCC_1_TIL_GCAATCATCTCTAGGA	0.0	180.2285907336238	893.3196111067707	0.0	0.03851640949712337	18.60915804860835	0.0	0.0	0.0
GSM4138111_HNSCC_1_TIL_GCAGCCACAAGTCTGT	0.0	0.0	1188.3381006832044	0.0	0.0	56.987005813317865	0.0	33.47744441524133	0.0
GSM4138111_HNSCC_1_TIL_GCAGTTATCTTCGAGA	345.1727530150517	51.54714941639521	0.0	0.0	0.0	177.43061211396815	782.363382627255	31.937257749716906	36.38929624314583
GSM4138111_HNSCC_1_TIL_GCCTCTAAGCTAACTC	0.0	83.24177785099448	678.8844483825725	21.473835501702244	0.0	8.003061804648635	230.87367558683977	0.0	0.0
GSM4138111_HNSCC_1_TIL_GCGCCAAGTACAGTTC	0.0	0.0	1138.8660745359027	0.0	16.41908557842108	0.0	0.0	3.0790340906502704	0.0
GSM4138111_HNSCC_1_TIL_GCTCTGTTCAACTCTT	0.0	0.0	1241.2496136339855	0.0	0.0	0.0	0.0	23.837741543783068	0.0
GSM4138111_HNSCC_1_TIL_GCTGCGATCTCGAGTA	29.81536399548012	116.20163993268393	691.0587856404449	38.060973423766136	35.320813712423686	26.602544822145333	534.7125960206234	0.0	0.0
GSM4138111_HNSCC_1_TIL_GCTTGAAGTGACCAAG	0.0	6.613294411202149	935.73460002034	0.0	0.0	4.861941987283644	0.0	0.0	0.0
GSM4138111_HNSCC_1_TIL_GGAATAACATCGACGC	89.35572298680555	145.0982064007026	177.38613737272945	0.0	0.0	0.0	946.9661488527942	0.0	0.0
GSM4138111_HNSCC_1_TIL_GGACGTCTCCGTTGCT	1.6419644576725068	58.81086049586498	1295.177495210792	0.0	0.0	0.0	0.0	0.0	0.0
GSM4138111_HNSCC_1_TIL_GGAGCAATCCGTAGGC	24.516770750036944	0.0	874.6427183412266	45.56584676713837	0.0	5.943340211256019	0.0	0.0	0.0
GSM4138111_HNSCC_1_TIL_GGCTGGTCACCAGCAC	34.50174529843416	0.0	949.2049076863643	0.0	0.0	0.0	0.0	0.0	0.0
GSM4138111_HNSCC_1_TIL_GGGAGATAGGGTTCCC	0.0	0.0	994.4368852974477	2.8263421888152056	3.4818651016346647	0.0	0.0	0.0	0.0
GSM4138111_HNSCC_1_TIL_GGGTTGCCAGCCAATT	112.74023327353414	103.48606581399746	316.80284469759266	4.63269675636143	0.0	0.0	287.0825787910238	0.0	0.0
GSM4138111_HNSCC_1_TIL_GTAGTCACATCACGAT	0.0	0.0	987.9872721789179	0.0	0.0	29.705008837655885	0.0	0.0	0.0
GSM4138111_HNSCC_1_TIL_GTATTCTCAACTGCTA	0.0	2.216907890232337	981.2932481837523	0.0	0.0	44.85988276362614	0.0	17.72526555071395	0.0
GSM4138111_HNSCC_1_TIL_GTCACGGGTCTTGTCC	6.056923244980914	0.0	635.232192813561	0.0	0.0	0.0	478.5427294166141	0.0	0.0
GSM4138111_HNSCC_1_TIL_GTCCTCATCCCTCAGT	437.2579985186571	122.02973902107206	0.0	0.0	0.0	375.460607832822	1319.908885012801	0.0	41.52859054726559
GSM4138111_HNSCC_1_TIL_GTGCATACATCACAAC	473.9627700557305	11.076085765110959	626.1527070814287	0.0	0.0	0.0	0.0	0.0	0.0
GSM4138111_HNSCC_1_TIL_GTGTGCGAGTGGGATC	0.0	0.0	1015.7071479601217	0.0	0.0	0.0	0.0	0.0	0.0
GSM4138111_HNSCC_1_TIL_GTTCATTGTGCCTGGT	152.1288756450077	559.4708447277219	0.0	0.0	0.0	55.89871273719459	945.8681620783337	1.014525041425992	43.42395104789436
GSM4138111_HNSCC_1_TIL_GTTCATTTCATGTAGC	0.0	2.9179204061686486	1149.4128137353412	0.0	0.0	0.0	0.0	0.0	0.0
GSM4138111_HNSCC_1_TIL_TAAGCGTTCGGATGGA	0.0	35.12062011420992	974.1553788968715	16.156194101730865	0.0	0.0	0.0	0.0	0.0
GSM4138111_HNSCC_1_TIL_TACGGATGTCGTGGCT	18.390812731875215	0.0	881.1476349434408	0.0	0.0	0.0	0.0	0.0	0.0
GSM4138111_HNSCC_1_TIL_TATCAGGTCTACCAGA	0.0	70.00163407405941	838.7750543144799	0.0	0.0	0.0	0.0	0.0	5.705543554036526
GSM4138111_HNSCC_1_TIL_TCGCGAGTCCGCATAA	33.28721342231995	0.0	314.7964354790489	0.0	0.0	0.0	655.4021046948353	0.0	0.0
GSM4138111_HNSCC_1_TIL_TGACTAGAGCGTAATA	0.0	0.0	852.8282963980258	0.0	1.9565412996849747	0.0	0.0	0.0	0.0
GSM4138111_HNSCC_1_TIL_TGCTACCCACTGTCGG	328.8168365750066	70.77799783716347	304.9651906303964	0.0	0.0	20.662095374906333	0.0	94.51206143107126	0.0
GSM4138111_HNSCC_1_TIL_TTGCCGTCAAGACACG	0.0	0.0	1256.7854053016883	0.0	16.55462743829708	34.59586821195834	0.0	2.3887622967405306	0.0
GSM4138111_HNSCC_1_TIL_TTGTAGGCACAGGAGT	64.02254172318887	170.1486229443183	578.3602767454556	20.965786721051455	0.0	31.014898738397402	0.0	0.0	0.0
GSM4138111_HNSCC_1_TIL_ACACCAAAGACTACAA	849.2924645341733	0.0	0.0	27.335046267509288	0.0	0.0	0.0	0.0	0.0
GSM4138111_HNSCC_1_TIL_CTCATTAAGCTCCTTC	855.3984520940894	34.71974020437091	13.197782828295527	67.80302182418777	0.0	0.0	0.0	0.0	0.0
GSM4138111_HNSCC_1_TIL_TAGTGGTGTACCATCA	692.2988606717884	17.503965313194346	0.0	116.33017062423775	0.0	0.0	0.0	0.0	0.0
GSM4138111_HNSCC_1_TIL_TTATGCTTCCGATATG	620.8921761101766	65.03325613546517	0.0	65.33129893872227	0.0	0.0	0.0	0.0	0.0
GSM4138111_HNSCC_1_TIL_ATCCGAATCAACACTG	92.19174797293492	454.42113667958756	0.0	15.482857555793707	19.935256816439367	0.0	0.0	0.0	0.0
GSM4138111_HNSCC_1_TIL_CGTCTACTCTGGCGAC	1684.0208035753164	492.56792716741256	114.73344805543208	86.24114001390937	1.0203546725615262	93.21654939736095	0.0	0.0	0.0
GSM4138111_HNSCC_1_TIL_GTTTCTAAGGAGTTTA	183.51772645093396	338.1436858858717	0.0	0.0	0.0	16.498794603066013	0.0	109.45643537266531	0.0
GSM4138111_HNSCC_1_TIL_AAACGGGTCTTGCCGT	895.1332923727715	465.56255193090897	0.0	0.0	0.0	787.3743624933555	2.0866696743805058	309.0948370875675	50.6568737793644
GSM4138111_HNSCC_1_TIL_AAAGATGAGCTAGTCT	93.1452223764484	895.510057568171	28.98190852947912	0.0	0.0	15.878343515107968	0.0	0.0	0.0
GSM4138111_HNSCC_1_TIL_AACTGGTTCCTCATTA	811.9950175442859	3241.9459026280792	0.0	404.4393374456299	0.0	160.9396882076373	0.0	0.0	0.0
GSM4138111_HNSCC_1_TIL_ACACTGACATTAACCG	0.0	1139.9240722073605	0.0	541.3063332150824	0.0	0.0	0.0	0.0	0.0
GSM4138111_HNSCC_1_TIL_ACCTTTATCAATCACG	731.0962505431607	1246.7393970331718	0.0	0.0	0.0	581.3896864320159	347.0040483005265	0.0	184.70044530444375
GSM4138111_HNSCC_1_TIL_AGCTTGAAGAGGACGG	656.0277524756613	409.00626851046235	0.0	0.0	0.0	173.18159935687473	114.71998098448245	46.05448606054886	1.5662649344258073
GSM4138111_HNSCC_1_TIL_ATGCGATAGACGCTTT	1012.3723679296985	814.1151674924572	0.0	0.0	0.0	684.9731442589666	115.50619154509789	0.0	94.09332482630118
GSM4138111_HNSCC_1_TIL_ATTGGACAGACACTAA	0.0	1130.9653939375844	35.52061788193768	169.03568313576523	4.544156621519356	20.894713428638806	0.0	0.0	0.0
GSM4138111_HNSCC_1_TIL_ATTGGACAGCTAGGCA	340.719235566894	1357.8666515537636	0.0	0.0	0.0	219.41991340424877	45.58899095790397	10.439546942361352	109.22731825049674
GSM4138111_HNSCC_1_TIL_CAACTAGAGACTTTCG	733.979948215156	431.7393677028723	0.0	0.0	0.0	356.67471396903034	48.15597258632063	0.0	45.96939985888804
GSM4138111_HNSCC_1_TIL_CAGCTAACAGTATGCT	438.7440037017095	701.4483726454645	205.44341596623988	0.0	67.31130564486794	0.0	0.0	0.0	0.0
GSM4138111_HNSCC_1_TIL_CATTCGCCAAGGACAC	0.0	1220.6926917801838	0.0	272.87558570701106	0.0	45.1190339742706	0.0	0.0	7.794682338729647
GSM4138111_HNSCC_1_TIL_CCCTCCTAGCCGTCGT	0.0	1179.486055760331	0.0	72.22192097618324	11.983299233300594	0.0	0.0	0.0	0.0
GSM4138111_HNSCC_1_TIL_CCTTCCCGTCCCGACA	0.0	847.4360869083785	87.34125591896311	372.75063620455205	7.483062129833848	39.505668538278314	0.0	0.0	0.0
GSM4138111_HNSCC_1_TIL_CGTGAGCGTATCAGTC	455.87891053991603	292.54530589704825	0.0	0.0	0.0	63.5218788414883	45.49103708396812	3.3675323341306083	12.08993664797035
GSM4138111_HNSCC_1_TIL_CGTGTAAAGCCAGGAT	0.0	1201.8811540863608	13.620626615695521	468.08811653360885	0.0	215.808651583355	0.0	0.0	0.0
GSM4138111_HNSCC_1_TIL_CTAGCCTCAGCTTCGG	660.3635968247753	2567.49047031221	0.0	0.0	0.0	582.6277406566867	70.18990709078443	0.0	0.0
GSM4138111_HNSCC_1_TIL_CTCAGAAAGTGCTGCC	172.23728387443927	365.9185322703443	0.0	36.65399961318884	0.0	48.5739130077123	31.197274788572866	0.0	38.85782853225256
GSM4138111_HNSCC_1_TIL_CTCAGAAGTCAAGCGA	506.0152886393816	1166.943264350632	0.0	0.0	0.0	539.4829526570123	104.82246222645493	0.0	45.134106144936325
GSM4138111_HNSCC_1_TIL_CTCGAAAAGGCCCTCA	10.02120573539812	593.5347431473454	0.0	424.4539060378955	0.0	0.8493548902524263	0.0	0.0	0.0
GSM4138111_HNSCC_1_TIL_GAAATGAAGGATATAC	279.8771185092783	573.3946553811636	0.0	0.0	0.0	209.7614574296438	30.137623497091866	34.5418318602431	33.78136880778449
GSM4138111_HNSCC_1_TIL_GGCAATTTCCCACTTG	647.8896787574381	739.1791363289722	0.0	185.77140572954798	19.601804382295974	0.0	0.0	0.0	0.0
GSM4138111_HNSCC_1_TIL_GGTGCGTGTCTAACGT	71.34324366239595	1312.2151269043943	66.73100009607371	80.87429379974935	21.754081842415182	34.49871919529754	0.0	0.0	0.0
GSM4138111_HNSCC_1_TIL_GTAGGCCAGATGTGTA	0.0	1300.517352159877	0.0	32.55713203921937	0.0	0.0	0.0	0.0	0.0
GSM4138111_HNSCC_1_TIL_GTCCTCAAGTGCCAGA	173.118735790404	2197.43906151214	0.0	717.0004553918993	0.0	0.0	0.0	0.0	0.0
GSM4138111_HNSCC_1_TIL_TAAGTGCGTCAAAGCG	372.56759668553383	1190.1835054319931	0.0	480.0882877860244	0.0	373.9079304265885	24.3668071288964	0.0	129.1784984788206
GSM4138111_HNSCC_1_TIL_TAGCCGGCAGGTGGAT	976.6911606833456	2193.530811053576	0.0	0.0	0.0	120.69362174785414	170.12301477667836	0.0	51.112999958643165
GSM4138111_HNSCC_1_TIL_TAGGCATTCCACGTGG	377.21665796147073	701.5641280641179	0.0	34.69193240134123	0.0	29.149288225531475	21.26646417007349	0.0	38.05323264310096
GSM4138111_HNSCC_1_TIL_TCGGGACGTCACTTCC	401.69739797664005	898.3332586471744	0.0	0.0	0.0	559.7299561257641	218.32921773831194	0.0	101.49719573899263
GSM4138111_HNSCC_1_TIL_TGCACCTGTCTCCACT	264.3435125798304	540.0805476770473	0.0	0.0	0.0	30.643828650487258	264.70323220575943	0.0	128.37910672746148
GSM4138111_HNSCC_1_TIL_TGCGCAGTCTTGTCAT	0.0	1979.818794798814	0.0	706.7585949554268	21.435540171395445	113.7289174631173	0.0	0.0	0.0
GSM4138111_HNSCC_1_TIL_TGTCCCAAGAGGTTGC	0.0	1018.3404500679062	0.0	583.4608082249226	21.054218888093747	134.57629710117416	0.0	0.0	0.0
GSM4138111_HNSCC_1_TIL_ATTGGTGGTGAAGGCT	146.2293188327703	487.8228872772491	0.0	0.0	0.0	137.7612081774594	419.51048154056303	59.07557140236278	49.49167099204609
GSM4138111_HNSCC_1_TIL_CAGAATCGTGTGTGCC	43.72383245214916	417.16011239553666	438.28479428475714	0.0	17.603016316890237	28.186535552690565	0.0	0.0	0.0
GSM4138111_HNSCC_1_TIL_CGTCTACAGCGATCCC	108.02285704178709	650.227421433729	0.0	0.0	0.0	38.91786343501918	488.2428901530868	0.11993032784387095	65.06269688256279
GSM4138111_HNSCC_1_TIL_TGCGGGTTCTTGCAAG	12.537830559592674	615.3732703016113	359.7313665331462	84.10443470127335	7.803069916690626	21.862690460961943	0.0	0.0	0.0
GSM4138111_HNSCC_1_TIL_ACCGTAACAACACCTA	283.7038676542657	1443.0010509135434	84.44063472443432	0.0	0.0	28.831723888916212	0.0	0.0	87.03200890778862
GSM4138111_HNSCC_1_TIL_ACGGGTCAGCAATCTC	135.14000011945785	1004.7709712291243	0.0	0.0	0.0	106.13494223814351	35.713934131690266	0.0	19.064735626302383
GSM4138111_HNSCC_1_TIL_CTAGCCTAGAGTCGGT	957.6411817871159	1333.0454599974048	69.7463307651345	280.6657081329056	0.0	521.5219252887423	238.7872244402597	0.0	285.42375713214875
GSM4138111_HNSCC_1_TIL_TGACTAGAGCCTCGTG	0.0	1483.3261072362272	0.0	711.1227157206083	4.662083888165433	0.0	0.0	0.0	0.0
GSM4138111_HNSCC_1_TIL_AGTGGGACAACTGCGC	61.7733411513755	0.0	6.890047637501865	1395.9898654386748	8.541935924146964	0.0	0.0	155.69770053610227	0.0
GSM4138111_HNSCC_1_TIL_CAGCGACTCCACGAAT	819.5016098380615	158.5619557015232	0.0	0.0	0.0	587.0706614448433	29.431118412492822	116.3722296107104	116.21530690573387
GSM4138111_HNSCC_1_TIL_CCTATTAAGAATCTCC	0.0	0.0	0.0	1438.853732021874	5.801886742400545	0.0	0.0	46.069462760655725	0.0
GSM4138111_HNSCC_1_TIL_CCTCTGAAGTCTTGCA	169.34309441408962	143.39408558866037	0.0	0.0	0.0	355.681762464625	5.827081290454263	947.0119501666068	6.68336294731252
GSM4138111_HNSCC_1_TIL_CTAGCCTCACGAAAGC	50.19001276201541	0.0	0.0	0.0	0.0	306.0224335969114	148.9558405787136	3307.825445601821	116.45962655089807
GSM4138111_HNSCC_1_TIL_GATGAAAGTGCAACTT	576.1223776622213	161.16316733843703	0.0	0.0	0.0	14.640421176285695	154.5179305625362	1439.276161314885	43.720410413738854
GSM4138111_HNSCC_1_TIL_GCGGGTTTCTTTACGT	156.07474052720036	196.45177019041404	123.90306377670791	591.4073247341498	3.8150112134682685	34.16598046855868	0.0	478.5487678118408	0.0
GSM4138111_HNSCC_1_TIL_TCAGGTATCAGTGTTG	2.678105190843132	183.196080070547	0.0	1021.0146402168717	0.0	0.0	0.0	0.0	0.0
GSM4138111_HNSCC_1_TIL_TCGGGACAGATGAGAG	0.0	0.0	0.0	0.0	0.0	0.0	0.0	1591.4491659867258	0.0
GSM4138111_HNSCC_1_TIL_TGCGCAGAGCGCCTCA	627.367177373177	117.8582991662043	0.0	0.0	0.0	305.8649152148827	239.34346561584107	844.6489252343634	38.97855629194266
GSM4138111_HNSCC_1_TIL_AACCGCGCACACTGCG	395.4295649393764	537.464064066669	121.68423966393846	61.37993195016852	84.14190849904625	313.91734311596434	0.0	0.0	0.0
GSM4138111_HNSCC_1_TIL_ACACTGATCATGCATG	691.4341946410065	582.0121977407496	0.0	82.87043987100843	0.0	338.2702781726236	125.04547230210585	0.0	77.85527525604799
GSM4138111_HNSCC_1_TIL_AGTAGTCTCTGTCCGT	443.9681969437623	535.8455375734419	0.0	0.0	0.0	340.6399998742354	17.236263347861	94.283189993776	65.44056521173704
GSM4138111_HNSCC_1_TIL_ATCCGAAGTGTTAAGA	58.46530417600787	448.8847278764644	94.57192806982074	143.58587096687538	31.722059123935264	51.64719771545427	0.0	0.0	0.0
GSM4138111_HNSCC_1_TIL_CATCGGGCAAGACACG	448.2672309246551	553.5871048009188	329.88743146877255	82.42439589060803	102.07330289047303	239.3706694377576	0.0	0.0	0.0
GSM4138111_HNSCC_1_TIL_CCCTCCTTCCCACTTG	551.1758852081613	1002.5337175259683	0.0	76.8460348509636	2.8103115816580244	249.5223240117342	81.87007014657542	0.0	58.22498720115662
GSM4138111_HNSCC_1_TIL_CGGACTGTCGCTTGTC	73.51572946645206	679.5216762719676	96.34529121922283	104.7032269057449	44.7662068451754	93.40602970118891	0.0	0.0	0.0
GSM4138111_HNSCC_1_TIL_CTGATAGAGACTGGGT	114.2394660695492	358.5137256070244	84.06232885663016	82.55304987169238	51.41519437336471	54.62613897185442	0.0	0.0	0.0
GSM4138111_HNSCC_1_TIL_GACGTTAAGGCTACGA	0.0	533.9053910622496	47.19263132666069	46.06108002133308	20.10845776142709	2.6466719656284687	0.0	0.0	0.0
GSM4138111_HNSCC_1_TIL_GCGCGATTCGCCTGAG	245.05414949095353	872.8135187751477	90.38772721656872	328.21973858319615	27.45032835089179	434.37579414401534	0.0	0.0	0.0
GSM4138111_HNSCC_1_TIL_GCTTCCAGTCTAGTGT	244.01974001923244	539.7236917061439	85.29802511991836	149.84403396316165	49.095700961851456	0.0	0.0	0.0	0.0
GSM4138111_HNSCC_1_TIL_GCTTCCAGTTGCTCCT	481.8200228164825	624.339720408775	198.05354620291118	51.84293627767079	99.07315137840898	172.59387005696806	0.0	0.0	0.0
GSM4138111_HNSCC_1_TIL_GGACGTCGTCCTCCAT	273.1585456488402	719.3672673013392	669.9152955764696	217.64103617861872	177.87639253973714	60.00283938345431	0.0	0.0	0.0
GSM4138111_HNSCC_1_TIL_GGGTCTGTCTATCCTA	614.9668329744301	1332.0507171068336	401.51492088717373	0.0	0.0	844.0169802512495	0.0	153.06645562677028	306.3997240083322
GSM4138111_HNSCC_1_TIL_GTTACAGCAATGTTGC	343.37672608480415	816.428584950516	87.88376652052352	92.43433065025967	56.49192498549414	195.221826386021	0.0	0.0	0.0
GSM4138111_HNSCC_1_TIL_TACGGGCAGTGGGATC	53.238595342898456	369.7999811741554	89.16650306453792	180.74698158632842	39.257091991932576	10.04066246862808	0.0	0.0	0.0
GSM4138111_HNSCC_1_TIL_TACGGGCTCTACTATC	119.98226226016936	514.427324720265	84.59706027548295	120.30932355878565	48.38749732423719	19.91466396224573	0.0	0.0	0.0
GSM4138111_HNSCC_1_TIL_TGTGGTAGTTACGTCA	84.45410029395235	306.3575816815219	76.66470081933565	116.03877488053695	8.833598952310663	55.51573866305807	0.0	0.0	0.0
GSM4138111_HNSCC_1_TIL_GTGGGTCGTACGACCC	19.059248090584894	627.9819887973093	22.524155007413114	0.0	430.65807201096055	12.380598142117002	0.0	0.0	0.0
GSM4138111_HNSCC_1_TIL_AACTCCCTCTCTTGAT	0.0	0.0	51.32075629730641	0.0	532.2103088493972	36.09151472472654	0.0	0.0	971.9847565904302
GSM4138111_HNSCC_1_TIL_AAGTCTGGTCTTTCAT	15.104344101754306	52.16603355481591	0.0	0.0	725.0666863170359	0.0	0.0	0.0	0.0
GSM4138111_HNSCC_1_TIL_ACACCAAAGCTACCTA	130.44940308104603	36.07170871143391	37.56033574769164	0.0	864.4322394325519	23.5746378403876	0.0	0.0	4.327031878733381
GSM4138111_HNSCC_1_TIL_ACCGTAATCGGCATCG	0.0	109.00026031156374	0.0	215.52594676296746	1312.3831577274968	0.0	0.0	0.0	0.0
GSM4138111_HNSCC_1_TIL_AGATTGCCATACCATG	0.0	0.0	16.893816884602884	0.0	918.7548895273169	0.0	0.0	10.454176698145497	0.0
GSM4138111_HNSCC_1_TIL_AGTAGTCGTAGGGTAC	0.0	0.0	0.0	0.0	1010.8996701211693	0.0	73.7946659368986	0.0	0.0
GSM4138111_HNSCC_1_TIL_CATCGGGGTATTCGTG	0.0	0.0	0.0	0.0	1658.4332252741065	0.0	0.0	0.0	0.0
GSM4138111_HNSCC_1_TIL_CCGGTAGTCACCGTAA	0.0	1059.2835598569043	0.0	0.0	1129.2390656629127	0.0	0.0	0.0	0.0
GSM4138111_HNSCC_1_TIL_CCTCAGTAGATCCCGC	0.0	46.331030725971836	0.0	10.90532302336472	469.2585086338181	0.0	0.0	0.0	363.6939945828057
GSM4138111_HNSCC_1_TIL_CGGACTGAGGGTTCCC	0.0	3.262515430723758	0.0	0.0	730.0319444599623	54.32252454722728	0.0	0.0	0.0
GSM4138111_HNSCC_1_TIL_CGTGTAAAGAGGTTAT	10.93209689072576	0.0	0.0	0.0	1107.545881654187	4.311784367317781	4.7914371732989345	23.95736795884821	0.0
GSM4138111_HNSCC_1_TIL_CTCGTACAGCAATATG	0.0	0.0	0.0	0.0	820.4340313206178	104.76255850741545	20.73615492277322	0.0	115.36835269207262
GSM4138111_HNSCC_1_TIL_GACTACACAACGATCT	158.7845273111655	59.72922783506896	0.0	31.138783927548328	0.0	129.19643598607607	21.780409673813494	41.894556392430076	1095.269828009303
GSM4138111_HNSCC_1_TIL_GATCTAGCAGCTCCGA	23.55971029340483	57.27484159284232	0.0	0.8947083337016679	537.310344657924	0.0	1.9725538549095911	0.0	0.0
GSM4138111_HNSCC_1_TIL_GCAGCCATCAAACAAG	39.518530477564504	23.74988957846428	18.72019792530814	0.0	1535.0271802933394	1.1793852054090588	0.0	21.003435393480153	0.0
GSM4138111_HNSCC_1_TIL_GCTCCTAGTACGAAAT	17.425980778602543	0.0	16.833841304016442	0.0	987.0276883797001	0.0	0.0	0.0	0.0
GSM4138111_HNSCC_1_TIL_GGCAATTGTTGAGTTC	0.0	27.00660823887494	0.0	22.38121117935015	639.3476237241348	0.0	0.0	0.0	157.17858491852675
GSM4138111_HNSCC_1_TIL_GTACTTTGTGCATCTA	0.0	59.69856148908141	0.0	0.0	495.8275898872048	84.43222061084637	0.0	0.0	0.0
GSM4138111_HNSCC_1_TIL_GTCAAGTAGTCCCACG	24.18345158865845	0.0	18.407989068031057	0.0	857.941397657732	0.0	0.0	0.0	0.0
GSM4138111_HNSCC_1_TIL_GTCAAGTGTATATGGA	22.112543060253593	0.0	0.0	0.0	695.6053828266673	9.938405998248598	0.0	0.0	298.8996937807496
GSM4138111_HNSCC_1_TIL_GTTCTCGCACGCCAGT	200.5450570962857	109.04981544648425	0.0	0.0	0.0	74.25651433654068	33.87625865691668	0.0	450.7887099236268
GSM4138111_HNSCC_1_TIL_GTTCTCGTCCTGTACC	0.0	0.0	0.0	0.0	880.7045059899393	0.0	0.0	0.0	29.579184528725825
GSM4138111_HNSCC_1_TIL_TATCAGGCAGCCAGAA	27.069867917075825	0.0	0.0	0.0	598.0756397437418	74.65730254415821	13.925524133104412	0.0	0.0
GSM4138111_HNSCC_1_TIL_TCAGCTCGTACCGTAT	0.0	79.42492493683585	0.0	31.400408851397685	1630.4814708858528	0.0	0.0	0.0	0.0
GSM4138111_HNSCC_1_TIL_TCTTCGGCACATCTTT	0.0	0.0	0.0	0.0	810.3745991613697	36.55164157250681	0.0	0.0	0.0
GSM4138111_HNSCC_1_TIL_TGAGAGGTCGGCGGTT	47.5669847148179	0.0	0.0	0.0	1329.1535878820116	46.29061230578614	33.97116499694779	0.0	21.04992513152715
GSM4138111_HNSCC_1_TIL_TGCACCTTCTTTACAC	0.0	37.51552667200366	0.0	28.23085340595807	945.8292552478924	0.0	0.0	0.0	0.0
GSM4138111_HNSCC_1_TIL_TTAGTTCTCTTCATGT	0.0	0.0	0.0	0.0	562.2333512792939	9.465068225119396	0.0	0.0	489.62744477558346
GSM4138111_HNSCC_1_TIL_TTTACTGTCTTGACGA	27.550930696623176	1.2316871327412375	0.0	0.0	386.575638110627	0.0	6.9613462477091606	0.0	824.9072615433582
GSM4138111_HNSCC_1_TIL_ATCTGCCCATGCCCGA	0.0	840.4274570346702	45.60220387587319	0.0	5.815303152258206	0.0	0.0	0.0	0.0
GSM4138111_HNSCC_1_TIL_CAACCTCGTAGCTCCG	63.76502651572546	506.40518497055666	35.45768170286343	0.0	0.0	0.0	0.0	14.62675258717431	0.0
GSM4138111_HNSCC_1_TIL_CATCGGGAGCTAGTTC	167.85118330999364	745.6977992551506	31.176130220901015	0.0	0.0	6.096420789975526	0.0	0.0	0.0
GSM4138111_HNSCC_1_TIL_CCACGGACAGATGAGC	0.0	2128.22849339402	0.0	0.0	0.0	0.0	0.0	0.0	0.0
GSM4138111_HNSCC_1_TIL_CGGCTAGTCGGAAACG	70.24819780096888	394.3647556624367	21.35552555943284	0.0	0.0	0.0	0.0	0.0	0.0
GSM4138111_HNSCC_1_TIL_CGTCTACGTCCGAACC	0.0	721.2606433780193	0.0	0.0	0.0	0.0	0.0	0.0	0.0
GSM4138111_HNSCC_1_TIL_CGTCTACGTGTGAATA	65.95698266256755	958.1050560642867	115.42412051031138	0.0	0.0	18.75876672686487	0.0	0.0	0.0
GSM4138111_HNSCC_1_TIL_CGTTCTGGTCCAGTAT	85.64007696811527	1675.5327919461108	174.94867175546995	0.0	144.69043714101778	352.4694075441083	0.0	0.0	0.0
GSM4138111_HNSCC_1_TIL_CTCGTCAGTTGCTCCT	60.14455907495533	966.9861162159277	82.48112796561203	0.0	56.30123818153366	66.393960199311	0.0	0.0	0.0
GSM4138111_HNSCC_1_TIL_CTTAGGAAGACAAGCC	59.47225831383954	959.3613892332104	54.835657967918195	0.0	6.871547173514192	0.0	0.0	0.0	0.0
GSM4138111_HNSCC_1_TIL_CTTGGCTCATAGTAAG	0.0	1205.6303462822518	4.399950497400306	0.0	43.13899777120142	0.0	0.0	0.0	0.0
GSM4138111_HNSCC_1_TIL_GAAACTCTCAACACAC	0.0	927.6938939199372	22.45359569042699	0.0	13.441848136004504	8.99451814961062	0.0	0.0	0.0
GSM4138111_HNSCC_1_TIL_GATTCAGGTGAGCGAT	115.90327891583702	480.76030869223234	11.908665771777155	0.0	0.0	0.0	0.0	0.0	0.0
GSM4138111_HNSCC_1_TIL_GGATTACAGTTGCAGG	210.1727528851807	1396.6215041222	72.16663786449858	0.0	54.64706970196713	57.546567393217465	0.0	0.0	0.0
GSM4138111_HNSCC_1_TIL_GGTGAAGTCATCTGCC	0.0	1323.0724294282288	63.66774040465004	0.0	0.0	0.0	0.0	0.0	0.0
GSM4138111_HNSCC_1_TIL_GTGAAGGGTATATGAG	0.0	2058.1200118115107	68.396976772083	0.0	0.0	0.0	0.0	0.0	0.0
GSM4138111_HNSCC_1_TIL_GTTTCTAAGCCAGAAC	0.0	777.0031321916246	49.987115619882005	0.0	0.0	0.0	0.0	0.0	0.0
GSM4138111_HNSCC_1_TIL_TAAGAGACATCGGTTA	303.3983617815873	930.8544331060966	121.38536901689969	0.0	11.64438047396771	85.81192902208959	5.634092242475079	0.0	0.0
GSM4138111_HNSCC_1_TIL_TATTACCGTTGTTTGG	0.0	1714.0455237109038	118.93106114531065	0.0	6.680466823644254	49.60673115922294	0.0	0.0	0.0
GSM4138111_HNSCC_1_TIL_TGGTTAGAGTTTAGGA	28.518204120360046	898.3238780185701	119.50468560577247	0.0	0.0	12.691698976296179	0.0	0.0	0.0
GSM4138111_HNSCC_1_TIL_TTGACTTCATCGACGC	0.0	1127.8817343717517	0.0	0.0	0.0	0.0	0.0	0.0	0.0
