	1	2	3	4	5	6	7	8	9	10	11	12	13	14	15
GSM4138111_HNSCC_1_TIL_AACTCCCGTCATATCG	0.0	501.650313235928	30.64317423909109	26.755261458338495	26.493222537816205	0.0	0.0	0.0	40.24111682645428	0.0	36.02834624322169	0.0	0.0	82.90311250416465	0.0
GSM4138111_HNSCC_1_TIL_AGTGGGATCACCCGAG	0.0	560.5833799368563	23.033097623457234	12.130749222071694	0.0	0.0	0.0	0.0	110.14375203009133	0.3404354888913965	0.0	0.0	21.22649588259328	0.0	0.0
GSM4138111_HNSCC_1_TIL_ATCCGAAGTCGTTGTA	102.89201216116058	401.01156586660846	19.698660930057304	49.63344352531289	29.355594480412982	0.0	0.0	41.19840207589622	35.61545002134869	0.0	0.0	17.749414771042186	0.0	0.0	0.0
GSM4138111_HNSCC_1_TIL_CAGCGACAGGGATGGG	0.0	641.492106302626	25.016721901737125	13.798828807363755	62.41799220513655	0.0	0.0	0.0	0.0	0.0	0.0	0.0	0.0	0.0	0.0
GSM4138111_HNSCC_1_TIL_CGGACACTCATATCGG	398.2992867622467	0.0	83.80671307418847	33.191934449865876	49.068355688172105	0.0	0.0	18.431181648170025	68.61965167260644	24.971527492194753	0.0	0.0	36.59476050736197	0.0	0.0
GSM4138111_HNSCC_1_TIL_TAGTTGGGTCTCCACT	433.814886416299	125.70038358513587	0.0	0.0	0.0	0.0	75.08235027870728	0.0	0.0	0.0	0.0	0.0	66.69066048663947	0.0	0.0
GSM4138111_HNSCC_1_TIL_AAAGATGAGCATGGCA	386.3898039950715	0.0	0.0	37.245888603421875	28.018498849284175	167.601265558443	0.0	37.75112026098279	0.0	33.35335509915433	0.0	0.0	0.0	16.490598333376724	0.0
GSM4138111_HNSCC_1_TIL_AGCAGCCTCCTACAGA	415.4636451144592	0.0	7.388651330260447	5.6723834649545575	51.12835001485036	0.0	0.0	30.132854618600323	140.82684058531063	0.0	0.0	0.0	0.0	6.567576901341561	0.0
GSM4138111_HNSCC_1_TIL_AGGTCATTCAAGCCTA	342.7894710638169	0.0	49.71394392091153	54.56199309085934	41.74183505517848	105.24909446627225	0.0	46.18425692352982	0.0	33.57913834936275	0.0	0.0	0.0	0.0	14.474698600232246
GSM4138111_HNSCC_1_TIL_ATGCGATGTGATGTCT	745.9368998044181	0.0	89.08343952831602	120.24080992800138	145.3380168395311	42.30092653600126	0.0	46.218351456125696	136.11263450424906	275.37630416055976	0.0	0.0	0.0	54.15104895700955	0.0
GSM4138111_HNSCC_1_TIL_CCAGCGATCACTTCAT	567.9226406521108	0.0	0.0	20.4888116081059	50.13396793213974	219.13069726531643	0.0	3.411123782784868	0.0	0.0	33.290045786724335	0.0	0.0	0.0	5.008371224585942
GSM4138111_HNSCC_1_TIL_CCCATACGTCTGATTG	200.16725353409183	0.0	58.3413396387552	47.97945738125687	112.84306937668488	75.34392604602	0.0	66.40509161055795	0.0	58.925990198541776	0.0	0.0	21.418178908221076	0.0	0.0
GSM4138111_HNSCC_1_TIL_CGTTAGAGTTTACTCT	406.6638473463036	0.0	117.78286282790029	99.64551290880057	109.01618831977797	126.27743548847221	0.0	0.0	72.94622051974869	0.0	26.576200587503823	75.05851958004557	0.0	0.0	53.888483532190655
GSM4138111_HNSCC_1_TIL_CTAGCCTAGGTCATCT	663.6077580400641	0.0	71.2246683480937	29.506898480651813	72.81086378646569	0.0	0.0	54.16129493186619	248.28530581650136	16.34914154164172	0.0	0.0	16.42678764852078	0.0	0.0
GSM4138111_HNSCC_1_TIL_CTCGTACTCAGCCTAA	498.6982394263117	0.0	0.0	12.600886108683946	63.922132947459154	133.535862957578	0.0	28.4592445294043	0.0	0.0	0.0	0.0	0.0	0.0	0.0
GSM4138111_HNSCC_1_TIL_GAAATGATCTAACCGA	109.8090202635038	554.3067050065727	110.73207328169407	103.24597024840769	273.5906871705508	0.0	0.0	0.0	225.46404366189583	0.0	0.0	79.92784856118256	768.1281840657869	0.0	0.0
GSM4138111_HNSCC_1_TIL_GGCCGATAGAAGCCCA	328.89797186452904	0.0	55.47215012957448	35.13755828973956	61.869860946728444	60.22230342481022	0.0	0.0	0.0	0.0	32.897165492842824	6.251507068614924	26.575265899045736	0.0	0.0
GSM4138111_HNSCC_1_TIL_GGCCGATAGCCCTAAT	487.73201298143914	0.0	82.84307345014317	120.42697197109705	207.99425417914398	0.0	0.0	0.0	199.18350350295077	0.0	48.66129623907498	64.12504932732318	0.0	0.0	45.37176898718094
GSM4138111_HNSCC_1_TIL_GGCGACTAGTTTCCTT	197.68758694763403	0.0	9.782686735781885	0.0	128.7638690440057	103.64701947458202	0.0	19.890962878085542	0.0	25.334643795350573	0.0	0.0	0.0	0.0916853490662162	0.0
GSM4138111_HNSCC_1_TIL_GGGACCTAGTTAGGTA	521.0034098072499	0.0	61.8689593156142	85.4418257971538	281.5582453656328	375.7575285332015	0.0	0.0	0.0	0.0	145.27816056751155	193.67297142140876	0.0	23.85059283727531	0.0
GSM4138111_HNSCC_1_TIL_GTCAAGTTCAGCACAT	385.71470394172457	0.0	41.69188516553398	51.84334999257333	109.30753240429024	136.0696725728096	14.327802479816244	39.091279860938045	0.0	0.0	0.0	46.4419555718966	0.0	0.0	46.56281593818433
GSM4138111_HNSCC_1_TIL_TAAACCGTCCAGTATG	734.6560798265014	0.0	50.562397384600864	20.858615135975317	84.56018513118806	192.84162613903217	0.0	47.91174912753442	0.0	0.0	0.0	0.0	2.6238454612411886	0.0	0.0
GSM4138111_HNSCC_1_TIL_TATGCCCGTCTCATCC	247.93936329735243	0.0	12.766817030499983	8.69846234116362	103.10331765325166	167.46326992666556	0.0	62.51171313983529	0.0	0.0	0.0	1.5103853428192424	0.0	20.750040575013873	0.0
GSM4138111_HNSCC_1_TIL_TTTACTGAGTAGGCCA	259.9750712978626	369.09417347139583	0.0	35.410280783268924	55.71317631210985	138.24912025651702	45.173599333180626	0.0	0.0	0.0	20.38142617304186	64.64708598395573	0.0	0.0	24.97658364422936
GSM4138111_HNSCC_1_TIL_AACTTTCTCGCCAAAT	563.082639910154	0.0	97.5814367885813	149.7895802309113	312.55287439870955	0.0	0.0	118.83088983830844	297.438878699157	64.69724041295828	0.0	0.0	0.0	20.808474005515674	0.0
GSM4138111_HNSCC_1_TIL_ACATCAGGTGTTCTTT	414.11215721191206	0.0	0.0	23.566619068245082	142.8079008167432	0.0	0.0	9.275714236876205	139.85041639866162	0.0	3.3146006242561517	50.407169153394406	0.0	63.08635610279517	0.0
GSM4138111_HNSCC_1_TIL_ACGATACCACATTCGA	536.5163811591743	0.0	84.32138522531696	132.39240474288212	342.1470118117341	0.0	0.0	126.3240925722907	295.85987093167165	36.93404711393751	0.0	0.0	3.4650606984631955	53.190602678812844	0.0
GSM4138111_HNSCC_1_TIL_ACGGCCAAGGGTCGAT	337.5867738976683	0.0	0.0	63.67075412739816	86.22931545346754	116.18245925861655	0.0	0.0	0.0	0.0	27.941539215790474	0.0	0.0	48.774520866673306	0.0
GSM4138111_HNSCC_1_TIL_ACTGAGTTCTCTGTCG	256.0835333632643	0.0	21.111989674873076	61.42895700408724	167.4425632328229	188.32084568016413	0.0	11.775526320998335	0.0	58.204064863183575	9.00632242848689	0.0	0.0	29.866316591460695	0.0
GSM4138111_HNSCC_1_TIL_ACTTTCATCCCACTTG	325.7149541316135	0.0	43.22365419208065	78.62306526467368	195.4795900414075	213.68976678398727	0.0	0.0	0.0	0.0	101.37117909995233	199.4844966154467	0.0	38.18292061971808	0.0
GSM4138111_HNSCC_1_TIL_AGCAGCCGTGAACCTT	126.52102411041764	0.0	38.15253965773909	40.91639292990117	127.80243695162935	84.44687015679465	0.0	79.41672061810515	6.562086488369845	57.13735356917707	0.0	0.0	0.0	0.0	0.0
GSM4138111_HNSCC_1_TIL_AGGGATGTCGCCGTGA	300.9403042607107	0.0	40.85248421984261	19.438374028465404	30.911340061818162	214.68292797322354	0.0	53.56644856137519	0.0	0.0	0.0	0.0	2.3254189535610235	0.0	0.0
GSM4138111_HNSCC_1_TIL_ATCATCTGTAGCGTGA	405.37492263367517	0.0	37.287056062241355	128.4778524045191	231.55600117012256	0.0	0.0	0.0	274.140477005881	0.0	97.24661749362856	61.958023282980804	0.0	80.13832315662813	0.0
GSM4138111_HNSCC_1_TIL_ATCGAGTTCATTATCC	451.5928804547825	0.0	61.18674288254338	48.64987875929115	154.8149932134502	175.75512647082854	0.0	40.13450389472476	0.0	106.55636654854642	0.0	0.0	0.0	60.572119346986995	0.0
GSM4138111_HNSCC_1_TIL_ATCTGCCAGGATGGTC	0.0	139.76587784219234	0.0	60.763138599605725	153.48579740737202	137.28717467563933	29.593623893165432	0.0	0.0	0.0	65.5393984892795	50.400643027359905	22.20208895035198	0.0	0.0
GSM4138111_HNSCC_1_TIL_ATTTCTGGTACACCGC	536.5911920474578	0.0	2.502878594079729	37.04983526013096	110.4174667565888	99.40050352227088	0.0	45.71542769156274	0.0	7.8338123256403485	0.0	0.0	7.482653194239083	0.0	0.0
GSM4138111_HNSCC_1_TIL_CAACCAATCTATCCCG	318.71769102696186	0.0	28.87537468820966	82.53141766524125	271.9013129749932	477.6593805482849	0.0	132.45645169015822	0.0	15.734477744900977	0.0	0.0	0.0	0.0	18.025010163266824
GSM4138111_HNSCC_1_TIL_CACACAACATCTACGA	180.25807078598416	0.0	9.971611652173083	47.67500574737916	96.51977978918734	39.05738139840304	0.0	70.57674822698038	133.27832774296797	17.568350306476365	0.0	0.0	0.0	15.32434834624244	0.0
GSM4138111_HNSCC_1_TIL_CACCTTGTCCGGGTGT	1402.12550903174	0.0	113.3277379558033	119.1191871688664	522.5056829653788	0.0	0.0	226.24910072432846	471.86755240267735	156.5046722202503	0.0	0.0	0.0	38.29515386132505	0.0
GSM4138111_HNSCC_1_TIL_CATGACACAATGGAGC	615.1771767642394	0.0	43.89638207366984	79.60447770275898	312.2276538552576	194.11035975252906	0.0	78.66930630152297	0.0	127.21144561755095	0.0	0.0	0.0	0.0	25.556071399679055
GSM4138111_HNSCC_1_TIL_CCACTACTCACAATGC	806.7778679682845	0.0	0.0	0.0	49.672435110679466	43.237782657157865	0.0	9.755607173820762	66.99462989987032	0.0	17.371878263834155	7.994751472331313	0.0	0.0	8.750339465179954
GSM4138111_HNSCC_1_TIL_CCCAGTTGTAGTAGTA	266.21436700501357	0.0	0.5884103728666258	17.70695464692788	106.76580283143906	120.10607199870346	0.0	0.0	0.0	0.0	93.15020106376203	0.0	21.49509711777969	0.0	0.0
GSM4138111_HNSCC_1_TIL_CCGTGGATCCCTTGCA	659.7494192276495	0.0	3.4751558939760843	41.407941510097494	58.503880395106876	227.29730482195873	0.0	0.0	0.0	18.215286531175693	27.618005954764662	0.0	0.0	22.15326375440934	0.0
GSM4138111_HNSCC_1_TIL_CGCGGTATCATACGGT	241.15838700645574	0.0	27.501963455546612	33.36607769744508	187.32059172020544	7.070446625550739	0.0	106.34030665660916	84.49722850276316	64.72239954617936	0.0	0.0	7.883637580251897	0.0	0.0
GSM4138111_HNSCC_1_TIL_CGGACTGAGCCGTCGT	237.55135885431065	0.0	0.0	32.94781077748577	93.44524453049117	267.69024772956504	0.0	81.71592615427431	0.0	0.0	0.0	0.0	0.0	0.0	26.199285088739718
GSM4138111_HNSCC_1_TIL_CGGAGCTTCGAACTGT	410.49075341825693	0.0	0.0	213.17475226573333	696.7912069524972	273.25567602881324	96.28114690127565	237.76231495552196	0.0	0.0	0.0	297.3405883665819	0.0	0.0	143.89805639205508
GSM4138111_HNSCC_1_TIL_CGGAGTCGTATGAATG	363.0360761322409	0.0	0.0	43.27558047669629	67.98543116175769	249.66883333452068	0.0	10.022177336119103	0.0	0.0	0.0	0.0	0.0	0.0	23.00379283719144
GSM4138111_HNSCC_1_TIL_CGGTTAAGTCGACTAT	730.6519066148522	0.0	87.4974743572841	55.52590724775637	105.08986540629067	127.66504976812303	0.0	42.66016599438213	0.0	0.0	0.0	0.0	0.0	13.664110897253408	0.0
GSM4138111_HNSCC_1_TIL_CGTCTACAGCCTATGT	332.77183167925153	0.0	83.8524073332904	51.93204366392964	144.51377064295482	0.0	0.0	0.0	107.4358697042988	0.0	80.34407081521924	72.18727612552487	54.97571771027139	0.0	0.0
GSM4138111_HNSCC_1_TIL_CGTGTCTGTCTCCACT	494.4096103925836	0.0	74.093087556394	83.79061191810872	472.96710677796875	0.0	0.0	109.21957367202424	238.03387104454563	158.53927002123459	0.0	0.0	0.0	34.16818543684947	12.217509422741955
GSM4138111_HNSCC_1_TIL_CGTTAGAAGAGCTATA	189.51084753765818	0.0	19.957848817342455	32.835965721834384	58.8334981501168	143.68794561596604	0.0	0.0	0.0	43.41688420479487	68.7050363210354	0.0	0.0	0.0	23.46554892702985
GSM4138111_HNSCC_1_TIL_CTGCTGTGTCCGAGTC	358.41812157871004	0.0	18.419464324542687	51.6724506388556	70.33302076625378	0.0	0.0	24.431684508985622	182.76750644092033	44.477993489212864	0.0	0.0	0.0	3.59937837885358	0.0
GSM4138111_HNSCC_1_TIL_CTGGTCTGTCCGTGAC	502.25606827780746	0.0	52.24747967821638	106.00306645717751	463.4715224218604	0.0	0.0	212.60600532832996	348.68179912426956	0.0	0.0	65.88349225827105	0.0	95.03022999883464	0.0
GSM4138111_HNSCC_1_TIL_CTGTGCTTCGTCCGTT	572.0030568787581	0.0	0.0	65.9257560159421	78.15708152457937	208.75058675655274	0.0	27.82323734769415	0.0	51.16121597513069	0.0	0.0	0.0	53.30055600168397	0.0
GSM4138111_HNSCC_1_TIL_CTTCTCTGTCTTGCGG	198.23046899912958	0.0	6.7640591960633705	58.77268426092779	67.08968103917402	84.03722228549745	0.0	0.0	0.0	0.0	53.10300747681622	0.0	55.728697185838385	0.0	0.0
GSM4138111_HNSCC_1_TIL_GAATGAACACGTCAGC	0.0	0.0	0.0	0.0	5948.792653478861	0.0	0.0	0.0	0.0	0.0	0.0	0.0	0.0	0.0	0.0
GSM4138111_HNSCC_1_TIL_GACTAACGTAGAAGGA	0.0	208.70731955871284	65.29591195626949	22.628543927087136	122.31721456268173	0.0	0.0	0.0	126.99905768891706	225.3255046021679	0.0	0.0	0.0	55.5316127675734	0.0
GSM4138111_HNSCC_1_TIL_GATCGATTCAGAGACG	373.0845869284114	0.0	0.0	135.79905066498998	400.1507132309115	0.0	0.0	101.41461039622385	286.9421898897366	9.943346685450834	0.0	0.0	0.0	60.04516183562336	0.0
GSM4138111_HNSCC_1_TIL_GGGAATGAGCTGTCTA	164.22059194927954	0.0	14.426251824016234	67.46286946115097	181.8028399169027	0.0	0.0	23.489757231654984	144.1476884878987	0.0	0.0	10.7706151901197	0.0	23.632339363921332	0.0
GSM4138111_HNSCC_1_TIL_GGGAGATGTGTGCCTG	464.3370029435387	0.0	55.100409803139044	57.45363373395657	287.73185667499644	124.2579991535701	0.0	0.0	0.0	0.0	85.58902759084735	57.92554262742935	0.056765722987895506	36.225192866824955	0.0
GSM4138111_HNSCC_1_TIL_GGGTCTGTCCACGAAT	777.9854046789485	0.0	206.15697571567821	181.89088503922443	467.85481548183355	0.0	0.0	115.09114129031026	447.2440509366647	104.3043786837348	0.0	0.0	152.15208232360558	0.0	0.0
GSM4138111_HNSCC_1_TIL_GTCGGGTAGTCAATAG	240.31335254973715	0.0	0.0	36.200582346325746	46.92484382155832	166.0890117464491	0.0	38.1252814193529	0.0	0.0	0.0	0.0	0.0	11.588963795522309	0.0
GSM4138111_HNSCC_1_TIL_GTCTCGTCACCCATGG	270.2642413817069	0.0	12.828228085405085	16.404212821073724	92.04378296801738	155.27062445080406	0.0	53.37409502277962	0.0	30.333008424919928	0.0	0.0	0.0	3.8437600498078157	0.0
GSM4138111_HNSCC_1_TIL_GTCTTCGGTTGATTCG	298.6876303784085	0.0	11.288730462093419	55.11745676084068	317.2826722801838	56.88384852435682	0.0	119.19038053675156	99.45490497285579	16.35246155690863	0.0	0.0	0.0	10.304485648923718	0.0
GSM4138111_HNSCC_1_TIL_GTGCAGCCAGTTTACG	363.98741264077063	0.0	0.0	8.934339810030163	121.89678620170547	43.945221349823136	0.0	6.132389748913835	0.0	0.0	33.00964934393366	29.302673809630353	22.01403531131352	0.0	0.0
GSM4138111_HNSCC_1_TIL_GTTAAGCGTGCTGTAT	416.31642661848895	0.0	43.32213137777729	21.53938735865643	136.4648742083883	357.55349415186544	0.0	95.00087185925543	0.0	25.819257366610486	60.78351334514245	0.0	0.0	40.740947854322066	0.0
GSM4138111_HNSCC_1_TIL_TACTCGCCACACATGT	425.89072948941777	0.0	0.6552364283757292	131.49307651387872	493.8415963040891	0.0	0.0	171.3622572897823	305.13905254763864	165.18794355563733	0.0	0.0	0.0	0.0	12.781321566992059
GSM4138111_HNSCC_1_TIL_TACTTACGTGTGACCC	428.2748160343025	0.0	25.52140130099261	37.325484176811216	119.7348877253443	248.96792028933578	0.0	28.552574075103685	0.0	11.140082438808196	54.39768251265317	0.0	0.0	15.675908554543907	0.5206690692973841
GSM4138111_HNSCC_1_TIL_TCATTTGCAAGTAATG	350.8607600093845	0.0	63.85518357992519	40.324192791381755	78.5113616418577	68.00242813902443	0.0	51.63363086584089	71.93100319230949	15.60923736649727	0.0	0.0	0.0	8.594818350587524	0.0
GSM4138111_HNSCC_1_TIL_TCTATTGGTGTTTGTG	234.2850050538933	0.0	7.278911245502306	38.57306248650334	223.2868633570034	0.0	0.0	108.1310630010756	180.65135198136508	0.0	0.0	57.9472979813678	0.0	0.0	4.8958190490200115
GSM4138111_HNSCC_1_TIL_TCTCTAATCGTCTGCT	488.979062878116	0.0	0.2935395979583893	10.756882905520259	62.90970777595195	82.74377656352688	0.0	0.0	0.0	0.0	24.823920981042512	55.43328687887136	0.0	27.960941300616202	0.0
GSM4138111_HNSCC_1_TIL_TTCTACACACCGGAAA	373.0970301241409	0.0	0.0	103.15071334443046	350.57224881953164	0.0	0.0	50.66175391579652	352.087002067363	54.477556885550506	58.21338317119326	0.0	0.0	0.0	36.2723307667033
GSM4138111_HNSCC_1_TIL_AGTGTCACATTAGCCA	0.0	423.74389230065185	0.0	1.4094099434983525	146.81729955862806	80.43848073184162	0.0	0.0	0.0	0.0	0.0	82.11052902046737	0.0	0.0	3.880895240152407
GSM4138111_HNSCC_1_TIL_GCGGGTTTCTCAACTT	0.0	651.7383758362321	0.0	43.66740575959718	218.4334176248228	122.0670866045309	6.056733725460705	72.62946629863875	0.0	0.0	0.0	64.44707984583911	0.0	0.0	56.37994008812519
GSM4138111_HNSCC_1_TIL_GCTCTGTGTCTAGTCA	993.523962721786	114.7999795055922	0.0	62.00711821898445	369.1399186845781	30.694324951645818	28.58010034120632	270.5645012070747	0.0	139.52329257864008	0.0	0.19174582926334632	0.0	0.0	8.716341598844439
GSM4138111_HNSCC_1_TIL_GGACAAGAGGAGTACC	0.0	536.6964703810819	0.0	73.14753340752456	167.60232357320075	91.04052649714089	10.479188084743027	0.0	0.0	0.0	54.0135652156407	63.49676368687105	0.0	0.0	8.47875632303212
GSM4138111_HNSCC_1_TIL_GTCCTCAAGATGCCTT	0.0	996.0385569424573	0.0	0.0	246.02569145460834	75.83610910070847	0.0	0.0	0.0	0.0	62.372749909401854	145.14139734067163	0.0	0.0	29.521464359514514
GSM4138111_HNSCC_1_TIL_TTTCCTCTCTCGCTTG	0.0	847.6965055420692	0.0	96.08484007087995	196.49810033858307	0.0	154.62832518917475	70.45942095882897	53.58546678846044	0.0	0.0	105.7679260967042	0.0	0.0	60.644114111292666
GSM4138111_HNSCC_1_TIL_AAACCTGTCTTCGAGA	0.0	965.6654166239201	0.0	0.0	0.0	0.0	0.0	8.868948254996205	0.0	0.0	0.0	0.0	0.0	0.0	0.0
GSM4138111_HNSCC_1_TIL_ACACCCTTCACAGGCC	0.0	658.386403758936	0.0	110.09230362378405	188.01973692537553	55.626443923679744	41.212494319731206	0.0	0.4655032716952629	0.0	24.0602216129477	136.6804437531331	0.0	26.848332016872494	6.246911039657541
GSM4138111_HNSCC_1_TIL_ACGGCCAAGTGGAGTC	0.0	833.5487483536954	0.0	0.0	17.237641008906536	0.0	0.0	0.0	0.0	0.0	0.0	0.0	0.0	0.0	0.0
GSM4138111_HNSCC_1_TIL_ACGTCAAGTAACGCGA	0.0	645.033391584506	4.065135076475825	0.0	92.1958588387124	20.967451308708426	0.0	15.076909528274154	0.0	0.0	0.0	0.0	0.0	0.0	0.0
GSM4138111_HNSCC_1_TIL_ACTATCTGTCTCTCTG	0.0	1036.0840466645254	0.0	0.0	0.0	0.0	0.0	4.962094601187085	0.0	0.0	0.0	0.0	0.0	0.0	0.0
GSM4138111_HNSCC_1_TIL_ACTTACTAGCTAGTGG	0.0	619.4977682433155	0.0	0.0	0.0	0.0	0.4972053895888978	4.609400880297243	0.0	0.0	0.0	43.68732603491265	0.0	0.0	0.0
GSM4138111_HNSCC_1_TIL_ACTTGTTAGCTGTTCA	0.0	632.7280467050806	0.0	1.5315483762642927	157.70658570299295	0.0	0.0	0.0	0.0	0.0	5.108318085294265	0.0	0.0	0.0	0.0
GSM4138111_HNSCC_1_TIL_ATAACGCTCGCGCCAA	0.0	812.9989201588909	0.0	0.0	4.031843172761752	0.0	0.0	0.0	0.0	0.0	44.871352129131175	6.270815054037032	0.0	0.0	0.0
GSM4138111_HNSCC_1_TIL_ATCATCTGTACCGCTG	0.0	770.3472414804636	0.0	0.0	34.5249775384047	0.0	0.0	16.97974357015666	0.0	0.0	0.0	0.0	0.0	0.0	5.660372399985311
GSM4138111_HNSCC_1_TIL_ATTGGTGCACACCGCA	486.1293239063594	287.29385837379596	0.0	24.76926359477458	0.0	17.90241433417117	11.059160437561735	20.110131205716872	0.0	0.0	0.0	0.0	0.0	0.0	0.0
GSM4138111_HNSCC_1_TIL_CAAGAAAAGGCCCGTT	138.50372185067232	456.5547429080073	0.0	0.0	56.80049058814999	6.954740847070366	12.655437443009024	32.300208041396125	0.0	0.0	0.0	0.0	0.0	0.0	0.0
GSM4138111_HNSCC_1_TIL_CAGGTGCGTCATGCCG	0.0	951.0435161457759	0.0	59.56880294455904	57.220950481905874	0.0	182.22940661278383	18.012151689368245	2.837997619389978	4.018925843636135	0.0	28.91430041466111	0.0	0.0	56.607063529284254
GSM4138111_HNSCC_1_TIL_CGGACGTCACTCTGTC	0.0	715.5966636905248	0.0	0.0	5.771980693723309	0.0	0.0	0.0	0.0	0.0	0.0	0.0	0.0	0.0	0.0
GSM4138111_HNSCC_1_TIL_CGTCACTGTCCAGTGC	0.0	790.4954904108832	0.0	6.007758351388822	40.0885126432734	0.0	0.0	0.0	0.0	0.0	35.046795045972274	4.821700191060839	0.0	0.0	0.0
GSM4138111_HNSCC_1_TIL_CTAATGGTCTGCAGTA	0.0	938.9747095881676	75.27516742162115	45.41023241779246	163.19997958475423	0.0	46.59251846298814	38.188742681696766	0.0	34.32534664786028	8.987591629098581	0.0	0.0	0.0	104.4970172869411
GSM4138111_HNSCC_1_TIL_CTGAAACGTTCCCGAG	0.0	661.9320094813928	0.0	5.554437970775542	20.195818189939946	0.0	0.0	14.443663000258224	0.0	0.0	0.0	1.988949088877511	0.0	0.0	0.0
GSM4138111_HNSCC_1_TIL_CTGCTGTCATGTCGAT	22.755642886988944	669.6578486775841	0.0	0.0	6.006222132891713	0.0	0.0	0.0	0.0	0.0	0.0	39.89072293028689	0.0	0.0	6.201787533176675
GSM4138111_HNSCC_1_TIL_GACAGAGCAGCCAGAA	0.0	736.6086735748637	0.0	3.4311856029354733	27.76063114592563	2.160016854460251	25.42950354948669	16.07118345462713	0.0	0.0	0.0	8.51355686862944	5.314857383710187	0.0	0.0
GSM4138111_HNSCC_1_TIL_GCGCCAAGTCATGCCG	0.0	1071.0737592792836	26.038466419185163	29.165817040499757	72.21103093804355	0.0	0.0	0.0	55.33032019162162	0.0	27.714794215566748	48.04141894939469	0.0	0.0	0.0
GSM4138111_HNSCC_1_TIL_GCTGCAGAGCGCTCCA	0.0	789.6921594760299	0.0	0.0	0.0	8.400217324348903	0.0	0.0	0.0	0.0	0.0	2.5343555447982866	0.0	0.0	0.0
GSM4138111_HNSCC_1_TIL_GGCTGGTAGGCCCTCA	0.0	630.9307660043671	0.0	0.0	0.0	26.257873004144944	0.0	0.0	0.0	0.0	0.0	42.36450067378127	0.0	0.0	0.0
GSM4138111_HNSCC_1_TIL_GTGTTAGCAAAGAATC	33.58639996642051	370.5759298249145	0.0	8.940402854949554	100.19662773308173	0.0	0.0	0.0	0.05991483295415508	23.975315063648193	12.7801501339948	0.0	0.0	0.0	5.1727162221785985
GSM4138111_HNSCC_1_TIL_TACTCGCGTTCCACTC	0.0	832.7795754001514	0.0	0.0	18.66181712025324	0.0	4.619049031649651	0.0	0.0	0.0	0.0	0.0	0.0	0.0	36.53406109795048
GSM4138111_HNSCC_1_TIL_TAGGCATGTAGCTGCC	0.0	650.6938814500489	0.0	27.80208942800812	0.7234464027024933	0.0	0.0	0.0	0.0	0.0	0.0	26.232634846023096	0.0	0.0	18.241464053552598
GSM4138111_HNSCC_1_TIL_TGAGCCGCAGTAACGG	0.0	756.8969783919295	1.748149178435263	8.232632146358686	13.523655818396737	26.994463604541608	0.0	0.0	0.0	0.0	0.0	4.37111967123832	0.0	0.0	0.0
GSM4138111_HNSCC_1_TIL_TGAGGGAGTCTTCTCG	0.0	594.5176744027158	0.0	0.0	34.9135033929396	0.0	0.0	15.996962685006803	0.0	0.0	0.0	0.0	0.0	0.0	0.0
GSM4138111_HNSCC_1_TIL_TGCCCATAGAGCTATA	0.0	842.2003306043742	0.0	3.815266764332845	136.22103883430168	0.0	16.979822484972797	34.74268170414222	0.0	0.89160788834341	0.0	80.99373143788202	0.0	0.0	0.0
GSM4138111_HNSCC_1_TIL_TGTATTCGTAAGGATT	0.0	723.2501945846743	0.0	0.0	36.94691635081039	37.998420525241485	9.018665355404995	0.0	0.0	0.0	0.0	0.0	0.0	0.0	9.013881299460671
GSM4138111_HNSCC_1_TIL_TTCGAAGAGACGCACA	0.0	715.0078931921305	0.0	0.0	38.51044878318813	13.150563101343554	0.0	0.0	0.0	0.0	44.82175800782574	0.0	22.51407693953846	0.0	0.0
GSM4138111_HNSCC_1_TIL_AGAGCTTAGTCTCAAC	585.8427507310057	89.96494078975354	0.0	0.0	0.0	4.992806973743606	0.0	0.0	0.0	0.0	0.0	0.0	0.0	0.0	23.94374878165147
GSM4138111_HNSCC_1_TIL_AGCGTATTCAAAGACA	618.8516418347842	125.56103943706397	0.0	12.233040216328128	83.13749277490724	0.0	37.21318107351877	0.0	65.31592167751144	0.0	27.863606352287817	26.31516379180828	0.0	0.0	0.0
GSM4138111_HNSCC_1_TIL_ATCCACCAGGTGTTAA	0.0	675.4975448716988	0.0	15.178535375855663	48.17026482785097	0.0	46.35211162802862	0.0	57.838662002981195	0.0	60.874289550369156	24.4280697258869	0.0	42.06017346323307	0.0
GSM4138111_HNSCC_1_TIL_CAACCAACACAGACTT	647.1283846910567	0.0	65.16557088581315	24.21133584956879	76.00527671693685	0.0	0.0	0.0	62.093226198256225	0.0	40.25923426483846	78.7843062291542	0.0	0.0	46.620452713788644
GSM4138111_HNSCC_1_TIL_CAACTAGTCGCGTTTC	452.02817599464186	589.9339857212872	0.0	41.22335147722014	107.11535819984549	0.0	65.03524904241435	55.02779218213014	83.53484376092725	59.07884876646359	0.0	0.0	147.97993800501462	0.0	0.0
GSM4138111_HNSCC_1_TIL_CAGCTGGCAATAGAGT	0.0	559.2445126254489	11.412605881643858	6.047199697995014	82.93739929181079	0.0	0.0	15.994499950098463	0.0	0.0	0.0	72.17502102564248	0.0	75.3995807322021	0.0
GSM4138111_HNSCC_1_TIL_CAGTCCTAGGCATGTG	0.0	483.58935142375555	0.0	48.990582243722315	47.831691984683054	29.63807126239505	20.00839380721725	0.0	50.94592056370469	0.0	20.922885189452717	128.1656682197839	0.0	0.0	20.363709146297065
GSM4138111_HNSCC_1_TIL_CCACTACAGCACAGGT	589.1615420202992	0.0	16.174076992002245	2.164660497839252	7.83137414538878	35.84953132905139	0.0	0.0	0.0	38.61453576232586	0.0	0.0	0.0	3.1851345362613968	0.0
GSM4138111_HNSCC_1_TIL_CCACTACCATTAGCCA	128.29846226026316	255.3600243629929	23.025234063958106	33.42452104626734	68.12282253645931	45.73078264395868	0.0	64.58057010352165	0.0	0.0	10.301596797917563	23.72339813788778	0.0	0.0	0.5157134425770903
GSM4138111_HNSCC_1_TIL_CCAGCGATCAATCACG	414.245111938771	141.53168052824668	0.0	52.7416893382446	23.524005994874063	0.0	42.716589990245204	0.0	111.81085550042606	0.0	0.0	99.23640006244234	29.200868120666687	0.0	0.0
GSM4138111_HNSCC_1_TIL_CGGACGTTCTTGCAAG	0.0	647.1623717547195	30.500128112209797	36.23591666365062	56.47261192344308	0.0	0.0	0.0	38.93224146415179	0.0	9.473287536082834	87.86609796836447	0.0	0.0	0.0
GSM4138111_HNSCC_1_TIL_CGTTAGACAACACCCG	0.0	487.649219834496	5.875959242496041	6.006773406777053	27.164156851467204	0.0	0.0	0.0	49.47640713681864	27.071889079374895	0.0	0.0	22.56185129507323	0.0	0.0
GSM4138111_HNSCC_1_TIL_CTGCGGACAGTCAGCC	0.0	495.2875151904887	0.0	2.3032158547512083	0.0	0.0	0.0	0.0	28.844715006994754	0.0	0.0	11.128557497299985	0.0	0.0	27.853207686477013
GSM4138111_HNSCC_1_TIL_GCAGCCAGTGATGCCC	347.3247943312854	0.0	0.0	30.670482027126823	51.046119276064	0.0	23.12746495146839	23.552725252032555	123.54428229226193	31.498322850455267	0.0	0.0	0.0	8.528860273716965	3.5367932469271994
GSM4138111_HNSCC_1_TIL_GGCTGGTGTGCCTGTG	582.0252687009487	0.0	11.17039005038946	0.0	56.319918529194204	7.624394763198084	0.0	0.0	15.561848921588789	21.694938614120634	0.0	0.0	0.0	16.232058737473576	0.0
GSM4138111_HNSCC_1_TIL_TGACGGCAGCGTCAAG	588.1412600450899	0.0	22.543955883214217	40.668414480915175	80.42855819080168	0.0	0.0	18.111918102273147	46.853278199160016	35.66754837189627	21.504108916343494	0.0	0.0	0.0	0.0
GSM4138111_HNSCC_1_TIL_TGCGCAGAGCATGGCA	136.43060900927586	433.4993180792323	39.27404897631703	10.590181247848934	0.0	0.0	0.0	0.0	40.07578038961251	0.0	0.0	0.0	32.59019520888078	0.0	0.0
GSM4138111_HNSCC_1_TIL_ACGGAGACAGGACGTA	152.31962009340486	131.88167713543754	0.0	33.849680335256956	88.50298597003034	29.765713577982513	10.677428820018621	21.419705988042576	0.0	0.0	0.0	79.31992009935587	0.0	0.0	63.41927353772417
GSM4138111_HNSCC_1_TIL_AGATCTGAGTCAAGCG	0.0	1164.5920522480242	0.0	20.346323133122358	171.52913418256585	0.0	75.70460925952814	0.0	42.056951954850746	5.328658915379513	36.445134733497966	145.42067910660245	0.0	18.0302164637396	0.0
GSM4138111_HNSCC_1_TIL_ATAAGAGAGAGTCTGG	451.4865226640308	0.0	0.0	63.8800568331383	85.33177325993401	0.0	47.65629784574234	60.18000332483152	44.8417747630224	131.65539946197936	0.0	0.0	0.0	0.0	32.53480661377549
GSM4138111_HNSCC_1_TIL_GAACGGAAGGGATACC	0.0	463.1510992219454	90.35622234670151	62.851442079232356	164.53981550280537	55.649987232229286	0.0	107.68634849485086	0.0	112.2103571449803	0.0	0.0	0.0	29.412917390864145	0.0
GSM4138111_HNSCC_1_TIL_GACGCGTTCTAACTCT	216.66504193143112	149.47544118714097	0.0	26.99754858370469	109.23592504347975	10.209894860787111	32.73151902991826	64.17947190514116	0.0	0.0	0.0	125.91201962500797	0.0	0.0	16.35126054862197
GSM4138111_HNSCC_1_TIL_GATGCTAGTAAATGTG	0.0	607.919269016422	0.0	19.03795756448043	98.61813021284777	28.4011395954942	8.409928913956579	0.0	0.0	0.0	84.37461628177351	3.621793966762987	0.0	0.0	53.20085816751063
GSM4138111_HNSCC_1_TIL_GTGAAGGTCGTACCGG	0.0	1009.67888614208	159.8516916042196	94.33993829208121	170.0046524276795	212.95393231612923	0.0	0.0	0.0	0.0	70.4067776015058	47.7339255205295	10.953559540087134	0.0	0.0
GSM4138111_HNSCC_1_TIL_TGCTACCTCGGATGGA	522.7103275580987	0.0	0.0	11.679198606957028	99.42514033790427	0.0	5.476771949629828	0.0	0.0	0.0	54.873776520508436	86.36067969792049	0.0	0.0	5.4392187008103585
GSM4138111_HNSCC_1_TIL_ACATACGAGTCATGCT	447.8652217850658	0.0	12.647859413541957	37.93148873368291	55.88978682015559	0.0	0.0	45.70744132195504	74.02759897576057	38.254766231490244	0.0	0.0	0.0	0.0	0.0
GSM4138111_HNSCC_1_TIL_CAACCTCGTTCAACCA	586.7919167971933	0.0	0.0	0.0	0.0	92.62417827072248	0.0	0.0	0.0	0.0	0.0	0.0	0.0	0.0	0.0
GSM4138111_HNSCC_1_TIL_CAACTAGTCACCATAG	827.5204297369593	0.0	32.04445903552559	33.37632370262583	64.32044829550082	143.66016626967362	0.0	0.0	0.0	19.746415232902546	51.70960249245226	0.0	20.080114316448544	0.0	0.0
GSM4138111_HNSCC_1_TIL_CCAGCGAAGGGATACC	587.3249447458571	0.0	0.0	37.14385058133888	13.54947065979085	0.0	0.0	44.405341450093175	77.06766328369483	9.698119858863354	0.0	0.0	0.0	21.25617469898071	0.0
GSM4138111_HNSCC_1_TIL_GAAATGAGTCTAGTCA	648.3684134012449	0.0	0.0	0.0	0.0	0.0	8.553919751215725	0.0	67.25452064454632	1.2487624104272685	0.0	0.0	0.0	0.0	0.0
GSM4138111_HNSCC_1_TIL_GCAGTTACATAGAAAC	900.4036990247373	0.0	0.0	0.0	0.0	0.0	0.0	0.0	12.782475862678181	0.0	0.0	0.0	0.0	9.996358225471127	0.0
GSM4138111_HNSCC_1_TIL_GGTATTGCAGGAATGC	844.7315296022575	0.0	0.0	0.0	0.0	18.35742633009635	0.0	0.0	0.0	0.0	0.0	0.0	0.0	0.0	0.0
GSM4138111_HNSCC_1_TIL_GGTGTTACATTAGCCA	421.08888918951914	0.0	28.331592514373977	10.620003538876839	31.249560743249408	0.0	0.0	45.515635508924376	101.16208436778207	0.0	0.0	0.0	0.0	22.654848438598616	0.0
GSM4138111_HNSCC_1_TIL_GTCTTCGAGCTAGTGG	709.7608583517309	0.0	0.0	0.0	0.0	67.74581998279349	0.0	0.0	0.0	0.0	0.0	0.0	0.0	0.0	0.0
GSM4138111_HNSCC_1_TIL_TTGCGTCCATCGGACC	827.9314708160863	0.0	0.0	0.23017062836719065	11.801800425484037	0.0	0.0	0.0	0.0	6.846855085964496	8.24383973543366	0.0	0.0	2.273040397406738	0.0
GSM4138111_HNSCC_1_TIL_CACACCTGTACGCTGC	433.2478535714628	107.6891140490234	0.0	25.45785512003356	75.27406864876129	0.0	0.0	0.0	15.541894436878641	17.508588177149996	0.33752168110840564	0.0	0.0	0.0	0.0
GSM4138111_HNSCC_1_TIL_CAGAGAGCATAAAGGT	46.778044160931955	567.1564173213706	0.0	52.50865449373816	20.090689156969876	21.63171688602817	36.00510289671786	0.0	7.507341880089487	36.86748412302915	0.0	0.0	0.0	0.0	9.869509905986618
GSM4138111_HNSCC_1_TIL_CCCTCCTCACTTAACG	686.1572857325098	97.66632417646613	0.0	7.416440453912314	0.0	0.0	12.76967096294095	0.0	0.0	15.112854828989216	0.0	9.211699342796432	0.0	0.0	0.0
GSM4138111_HNSCC_1_TIL_CCTAAAGGTGACGGTA	765.9514529240566	0.0	0.0	0.0	16.140222137059773	0.0	0.0	16.032271342625748	0.0	0.0	0.0	9.470726390888862	0.0	0.0	0.0
GSM4138111_HNSCC_1_TIL_CCTTCGATCTTTACAC	127.90410426408731	534.6802557063564	0.0	20.925042223326322	28.997282877560536	87.87881973196208	12.608441974857055	0.0	0.0	0.0	0.0	54.01097425627817	0.0	0.0	0.0
GSM4138111_HNSCC_1_TIL_GAGCAGAGTTCAGCGC	2.9493029540132287	560.4757297597001	0.0	0.0	0.0	0.0	0.9535269125554894	0.0	21.344677490670747	0.0	0.0	0.0	0.0	0.0	0.0
GSM4138111_HNSCC_1_TIL_GGTGCGTCAGCTGTAT	0.0	587.1773541810488	0.0	0.0	66.548467427909	0.0	20.49350456016607	0.0	4.125015943230184	0.0	0.0	7.427053566401393	20.733712188108516	0.0	0.0
GSM4138111_HNSCC_1_TIL_TATTACCCATCCCATC	0.0	623.4397433756664	2.466394550468466	0.0	0.0	0.0	0.0	0.0	29.265658780932725	67.4640546575138	0.0	0.0	0.0	0.0	0.0
GSM4138111_HNSCC_1_TIL_TGAGAGGAGCCGCCTA	489.1858557505134	158.0238581146793	0.0	0.0	47.51148343774123	0.0	0.0	0.0	33.44266975702784	11.451912738805147	0.0	0.0	0.0	0.0	0.0
GSM4138111_HNSCC_1_TIL_AGTTGGTAGTACGTTC	95.40554393405039	322.3269766127385	0.0	18.968913052178586	27.196919916192435	12.539645294322554	0.0	0.0	0.0	0.0	18.84431448501458	30.947357948967518	0.0	0.0	0.0
GSM4138111_HNSCC_1_TIL_CCCAGTTTCAGTACGT	0.0	531.584349554889	2.239687111023457	22.196099551251226	80.07519048382775	0.0	0.0	31.750086158868243	35.55155413177018	0.0	0.0	77.01373169035831	0.0	0.0	17.82047107256643
GSM4138111_HNSCC_1_TIL_CCTAAAGCAAGGACTG	0.0	461.36223346854194	0.0	0.0	32.15876818139712	0.0	0.0	32.76318429150484	10.312144981491148	0.0	0.0	30.90572742485712	0.0	0.0	0.0
GSM4138111_HNSCC_1_TIL_GACGCGTTCAAACCGT	223.0305637775022	524.8429516243365	1.4887802129278038	25.161358838907333	2.07455238679442	0.0	0.0	21.97888407121411	0.0	0.0	0.0	5.67830162619783	0.0	7.109129127161049	0.0
GSM4138111_HNSCC_1_TIL_GGATGTTGTGGCTCCA	0.0	700.382843887527	0.0	0.0	13.042220030612944	0.0	0.0	0.0	0.0	0.0	20.009012453203784	0.0	0.0	0.0	0.0
GSM4138111_HNSCC_1_TIL_ACTGATGGTGCTAGCC	0.0	706.443709412256	103.68844053472526	19.853573405464722	12.346045824493777	0.0	0.0	13.035863170884513	64.56334181183458	0.0	0.0	0.0	13.13804701127814	0.0	0.0
GSM4138111_HNSCC_1_TIL_CCTACCACATCGGGTC	0.0	706.6550047740892	0.0	2.30115018651951	28.714406737442587	0.0	0.0	0.0	44.0921764834578	0.0	0.0	0.0	0.0	28.208137123021146	0.0
GSM4138111_HNSCC_1_TIL_CTCACACAGTTGTCGT	0.0	802.4799772189963	36.9168316918941	24.133133191593064	97.74928312325987	0.0	0.0	0.0	0.0	0.0	12.310919131782704	0.0	0.0	23.622839146062436	0.0
GSM4138111_HNSCC_1_TIL_TACTTGTTCCGCATCT	0.0	758.7999908600987	0.0	0.03411379118956067	127.63610928661303	0.0	0.0	0.0	74.95643304367552	104.74736258209079	0.0	0.0	0.0	0.0	14.707459314321364
GSM4138111_HNSCC_1_TIL_TGGCGCACATTATCTC	0.0	563.207639447811	0.0	0.0	15.713716806596178	0.0	0.0	16.626108082054813	42.67830703625659	0.0	0.0	0.0	0.0	0.0	0.0
GSM4138111_HNSCC_1_TIL_AGAATAGTCTCCAACC	315.43510849193717	0.0	0.0	14.050419992161753	22.728002645910703	0.0	0.0	3.227587293413609	146.75399554099033	0.0	0.0	0.0	0.0	28.60376271180011	0.0
GSM4138111_HNSCC_1_TIL_AGCTCTCTCTAACTCT	472.8316032989049	0.0	27.922937520660938	52.956006831744155	276.8525828919806	175.63440567091394	0.0	0.0	0.0	0.0	56.309216235520836	0.0	0.0	33.15839075061785	0.0
GSM4138111_HNSCC_1_TIL_CACACAATCCCAAGAT	794.3599495548056	0.0	0.0	3.058801525178491	70.76320558172625	130.48633530689318	0.0	0.0	0.0	0.0	0.0	0.0	0.0	0.0	0.0
GSM4138111_HNSCC_1_TIL_CCTAAAGTCTAACCGA	371.1801885996501	0.0	0.1864443828187969	1.163400202265974	2.6658605157588373	101.55510569233283	0.0	0.0	0.0	15.788880066376182	0.0	0.0	0.0	0.0	0.0
GSM4138111_HNSCC_1_TIL_TCAACGAAGCGTAATA	249.19133129346076	0.0	6.2759593071334026	23.9071083604357	91.13486307288468	175.96851774247358	0.0	0.0	0.0	76.1206545331359	26.443856358130333	0.0	0.0	0.0	29.943492033316616
GSM4138111_HNSCC_1_TIL_TCGGTAACATTACGAC	203.98067341584508	0.0	0.0	0.0	10.894519493751348	133.92655786176044	0.0	13.266080946769929	0.0	55.351203142825895	16.758799784946635	0.0	0.0	28.003520111817146	0.0
GSM4138111_HNSCC_1_TIL_AACTCCCAGATGAGAG	238.81393830207145	0.0	99.54609478679185	142.43338611539465	71.29713418814103	51.517776410850765	0.0	34.02007341497156	0.0	27.41586915238546	0.0	0.0	35.12052179777621	0.0	0.0
GSM4138111_HNSCC_1_TIL_CACACAACAATTCCTT	150.2369757077049	367.3017731062758	8.861513059024553	0.0	53.72406306928357	0.0	0.0	5.986338718114904	42.51342538882836	25.228782536443994	0.0	0.0	0.0	0.0	38.651494229469826
GSM4138111_HNSCC_1_TIL_CATGCCTCAGAGTGTG	454.3852993665482	0.0	15.698333427949462	49.18649381836371	41.563810337918994	0.0	0.0	33.218920472777185	100.8511185661269	35.25896157586951	0.0	0.0	0.0	13.335924947598622	0.0
GSM4138111_HNSCC_1_TIL_GACCTGGTCAATAAGG	622.5528879330117	0.0	54.301676696998136	8.556145951615042	8.622183888500473	0.0	0.0	7.654854343905595	78.3748392485891	0.0	0.0	15.300870995739208	0.0	0.0	0.0
GSM4138111_HNSCC_1_TIL_ACCGTAAAGAGGGATA	424.76887965719357	0.0	114.94263808194178	68.50552576381904	28.425164833184326	0.0	0.0	43.76042281010132	96.11931694472254	39.212805994686676	0.0	0.0	0.0	0.0	2.9226692181511824
GSM4138111_HNSCC_1_TIL_ACGTCAAGTAGTACCT	0.0	523.0674176722936	231.7697314464891	91.01708958817815	150.97146250711145	248.36762941268407	0.0	53.916334605148776	0.0	0.0	0.0	121.8557921385622	31.157768459076348	0.0	0.0
GSM4138111_HNSCC_1_TIL_ACTGAACGTCTGGTCG	0.0	749.2449943180135	35.64266247692908	32.14816542546327	68.85984744239374	0.0	0.0	46.03761619545623	78.02499983424887	93.15979782178361	0.0	0.0	0.0	46.437487155574246	0.0
GSM4138111_HNSCC_1_TIL_AGGTCATGTCGCTTTC	475.31190144075237	0.0	58.33971860017532	33.17338761909003	23.10461987702876	9.796689612784801	0.0	42.55038240959887	208.1327879876529	35.70370557063951	0.0	0.0	0.0	17.851616391740333	0.0
GSM4138111_HNSCC_1_TIL_CCTCTGACACTTCTGC	613.955319317096	0.0	120.65833311365992	68.72484295756789	42.53466100719793	0.0	0.0	0.0	65.87757576722034	14.04554993690359	0.0	0.0	0.0	0.0	13.812238132112347
GSM4138111_HNSCC_1_TIL_CTGCGGAGTTTAGCTG	418.28087282897275	0.0	128.94372039353252	31.729282379890577	0.0	0.0	0.0	62.07080747226933	147.4595978767753	9.83031485233617	0.0	0.0	14.667662596920634	0.0	0.0
GSM4138111_HNSCC_1_TIL_GAAACTCAGCTTTGGT	259.36020916463247	0.0	37.47332380657476	44.695294629337795	0.0	96.12884466565822	0.0	0.0	0.0	0.0	48.976055612033434	10.48936017861573	0.0	13.441360382661244	0.0
GSM4138111_HNSCC_1_TIL_GAAGCAGAGAAGATTC	451.4086701506723	0.0	51.20985490235863	22.957622588679083	21.031235520635	0.0	0.0	6.384584580897151	26.19883821079065	0.0	0.0	50.423115193450144	16.488023377113024	0.0	0.0
GSM4138111_HNSCC_1_TIL_GATCGCGTCTGGTTCC	0.0	664.0118769660014	189.57972324412654	89.9951250753366	242.55267387742384	0.0	0.0	0.0	200.64765195067423	0.0	100.48347943136798	103.57291404692505	0.0	0.0	89.47795017807852
GSM4138111_HNSCC_1_TIL_GCAGCCATCACTATTC	495.87615998202216	0.0	121.09011420109566	60.10305800639115	30.0019560441796	0.0	0.0	63.65527309443059	22.573294822607348	24.875914418375324	0.0	0.0	0.0	0.0	26.958283176249402
GSM4138111_HNSCC_1_TIL_GGGCATCGTAGATTAG	562.974975538804	0.0	110.3676959619768	67.19321001978965	92.59958910785062	0.0	0.0	36.95417561125809	85.48837742372403	114.68740024870522	0.0	0.0	44.95632086525268	0.0	0.0
GSM4138111_HNSCC_1_TIL_GTGCTTCTCGCCAGCA	187.39339375534348	0.0	65.10302744923042	32.50577795225473	14.044404289249456	0.0	0.0	28.11237935422611	153.323164575994	26.54170536373377	0.0	0.0	0.0	43.458143827719965	0.0
GSM4138111_HNSCC_1_TIL_TCGTAGAAGATAGCAT	515.948467938431	0.0	95.98373024128949	11.323079405569807	34.5979053529415	0.0	0.0	34.661930605933776	26.935618449363684	4.777565214888466	0.0	0.0	8.107470104065992	0.0	0.0
GSM4138111_HNSCC_1_TIL_TGAAAGAGTGTTCTTT	425.65487691478893	80.76886440939951	0.0	149.13230715983764	397.4072607344876	0.0	186.80886152436554	115.91757819799957	307.47998392115636	99.903686897664	0.0	133.78714421103567	0.0	0.0	101.10970846025116
GSM4138111_HNSCC_1_TIL_TGAGCATTCCAATGGT	281.2052261140668	0.0	158.99194755381538	48.25125926414203	0.0	0.0	0.0	28.161223114348896	116.74495940372817	46.818808883818285	0.0	0.0	33.08103899648374	0.0	0.0
GSM4138111_HNSCC_1_TIL_TTGACTTGTGGTTTCA	326.96095436236914	0.0	63.51808584906905	86.93928004254074	61.3081730702936	55.61657632148299	0.0	68.1914972245373	86.93790426227538	45.4325800865477	0.0	0.0	2.3095060449419296	10.682693067261578	0.0
GSM4138111_HNSCC_1_TIL_TTGGCAACAAACCTAC	0.0	612.0433660412009	133.51700691316785	142.20794884047288	224.43261270419234	53.2723173882531	0.0	41.72410929580295	188.3338202890407	0.0	0.0	186.59534174832115	0.0	0.0	25.324207430133786
GSM4138111_HNSCC_1_TIL_AACACGTAGGAGTCTG	0.0	0.0	787.8735520372232	0.17587359919461798	16.04749090485001	0.0	279.7870364056368	0.0	0.0	0.0	0.0	0.0	0.0	0.0	7.73248237159763
GSM4138111_HNSCC_1_TIL_ACGCCGACATGCGCAC	0.0	45.83266897099861	389.98303208272665	19.327116416179674	3.1219350369622374	0.0	262.94231913238735	2.2660217887718757	0.0	0.0	0.0	0.0	0.0	0.0	0.0
GSM4138111_HNSCC_1_TIL_ACGGAGACAGGGTACA	14.465357494203468	28.904891836134173	898.8414233257721	0.0	8.534131882264374	9.721096814682896	0.0	0.0	0.0	0.0	10.257708410388894	0.0	0.0	48.588583232708295	0.0
GSM4138111_HNSCC_1_TIL_ACGGGCTCAGGAATGC	6.842199379849138	0.0	715.1026293693556	105.73860750439717	114.8530841482514	0.0	0.0	32.70236719163552	170.9565132189026	0.0	0.0	116.03855761223673	0.0	12.033954318392759	0.0
GSM4138111_HNSCC_1_TIL_ACGTCAAAGAGCTGCA	0.0	0.0	1119.8292622265728	0.0	44.94965228589338	0.0	0.0	0.0	0.0	0.0	0.0	0.0	9.308428724109577	0.0	0.0
GSM4138111_HNSCC_1_TIL_ACTATCTAGAGTACAT	0.0	0.0	1302.3823264957623	19.095204567089986	0.0	26.120938025099786	0.0	0.0	0.0	0.0	13.795516019397718	0.0	0.0	0.0	0.0
GSM4138111_HNSCC_1_TIL_ACTGAGTCACCCAGTG	0.0	0.0	971.7495727202923	19.132739032993925	0.0	0.0	0.0	0.0	0.0	0.0	0.0	12.264647622443187	0.0	0.0	0.0
GSM4138111_HNSCC_1_TIL_ACTTGTTCAATCCGAT	0.0	9.13286945249698	580.5015785829487	0.0	0.0	0.0	329.21007620040587	0.0	17.07649042379298	0.0	0.9583214021698109	83.95768747049777	0.0	7.625180784729675	0.0
GSM4138111_HNSCC_1_TIL_AGATCTGCACTCAGGC	0.0	0.0	412.69088932413456	0.0	0.0	47.724155970067144	497.0411497062509	0.0	0.0	0.0	0.0	0.0	0.0	0.0	0.0
GSM4138111_HNSCC_1_TIL_AGCAGCCCACATTAGC	0.0	7.961575343290873	658.4133904515592	19.567994272501338	11.17362173286416	0.0	0.0	2.045595471528199	20.865430953542738	8.434855343037311	0.0	0.0	0.0	0.0	0.0
GSM4138111_HNSCC_1_TIL_AGCTCCTTCACCTCGT	2.5985627410202428	0.0	968.5822054155828	8.442531105309026	31.575397278492353	0.0	0.0	0.7882974675407064	56.859941824458915	66.15218411583785	0.0	0.0	0.0	0.0	0.0
GSM4138111_HNSCC_1_TIL_AGGCCACGTCCTCTTG	0.0	34.209069287386406	994.6590647048743	0.0	107.20611515000179	16.548712719983644	74.62522113620824	0.0	8.208525956316281	0.0	0.0	0.0	0.0	0.0	30.114832953440892
GSM4138111_HNSCC_1_TIL_AGGCCGTGTTTGACAC	0.0	80.27580555484114	707.5367793128391	33.701878373412185	35.767718310691876	0.04305652055415268	0.0	0.0	0.0	0.0	0.0	32.238425255695496	0.0	0.0	0.08641465155203898
GSM4138111_HNSCC_1_TIL_AGTAGTCCAGTTTACG	0.20184666652487482	0.0	1016.9233197648819	0.0	0.0	0.0	39.08261716381014	0.0	0.0	26.95394591349312	0.0	0.0	0.0	0.0	9.426816356923144
GSM4138111_HNSCC_1_TIL_AGTGGGAGTGTCCTCT	0.0	0.0	671.1107609111674	30.0161064085455	79.58093160550649	0.0	0.0	98.45186203785046	60.79759270502011	0.0	0.0	0.0	0.0	3.273442967188424	0.0
GSM4138111_HNSCC_1_TIL_ATCACGACAAGGACTG	76.42025957460676	0.0	405.6022790592005	1.0718382476673618	132.18720413468873	0.0	30.7999469191244	0.0	0.0	0.0	6.986184933349464	13.777323318745319	10.817942452202221	0.0	0.0
GSM4138111_HNSCC_1_TIL_ATGCGATAGAATTCCC	0.0	39.61314343498574	700.0458270374552	0.0	74.42758847339744	18.01843079515315	0.0	0.0	0.0	0.0	0.0	35.69608195910621	0.0	0.0	0.0
GSM4138111_HNSCC_1_TIL_ATGCGATGTAGCTGCC	25.272185290605968	0.0	261.95693617057736	0.0	0.0	0.0	740.796895186538	0.0	0.0	0.0	0.0	0.0	0.0	0.0	0.0
GSM4138111_HNSCC_1_TIL_ATTATCCAGTGTTAGA	51.01990967886866	0.0	933.1536117910969	0.0	5.681635474350954	7.386812953091746	0.0	0.0	0.0	48.094486816613696	0.0	0.0	17.707931178998635	0.0	0.0
GSM4138111_HNSCC_1_TIL_ATTCTACGTCGAATCT	24.022784581519062	0.0	873.3524935368367	0.0	3.4577821726406506	0.0	389.72753109689614	0.8705368837132857	0.0	0.0	0.0	0.0	19.640939613272646	0.0	0.0
GSM4138111_HNSCC_1_TIL_ATTGGACAGCAATCTC	0.0	0.0	559.0984285658417	0.0	0.0	0.0	401.9146309653457	0.0	35.43926008837403	0.0	0.0	13.239722516962658	0.0	0.0	0.0
GSM4138111_HNSCC_1_TIL_CACATTTGTTGTTTGG	0.0	191.84914049359173	1140.5504236999832	75.90020241781555	163.65258689255077	29.089528046769647	0.0	0.0	1.0969377710847408	136.9082331545761	36.37796598737106	0.0	3.800629308119007	0.0	0.0
GSM4138111_HNSCC_1_TIL_CCCAGTTTCTCGTTTA	0.0	0.0	562.6412577110443	0.0	97.2414494794256	0.0	710.8204156788188	7.976109257721892	0.0	33.856411051677846	0.0	0.0	0.0	35.11268626213295	0.0
GSM4138111_HNSCC_1_TIL_CCCATACAGACGCAAC	46.94705360895179	0.0	382.2571906440421	23.972538553188	0.1678936932434872	0.0	0.0	0.0	35.40329829664726	99.45190618641146	0.0	0.0	53.94319257054445	0.0	0.0
GSM4138111_HNSCC_1_TIL_CCGTGGAAGGCATTGG	32.24764872353073	0.0	1007.886233330137	67.03454718559472	68.49385380714129	0.0	0.0	33.935917147611285	56.709447396407796	0.0	0.0	50.22433844551573	0.0	0.0	26.299652519458597
GSM4138111_HNSCC_1_TIL_CCGTGGAAGTAACCCT	0.0	48.932698492548994	967.2848455210633	39.586842798426076	0.0	0.0	0.0	0.0	15.420874339175796	0.0	0.0	0.0	0.0	0.0	0.0
GSM4138111_HNSCC_1_TIL_CCTAAAGTCTCCCTGA	0.0	0.0	904.8200822142602	0.0	55.963251767124994	18.683882710246696	0.0	35.20021186970216	0.0	0.0	0.0	9.59637105105688	0.0	0.0	26.67544055838581
GSM4138111_HNSCC_1_TIL_CCTTACGAGTGGCACA	0.0	0.0	1120.1871926600847	4.882923950362831	0.0	0.0	0.0	0.0	0.0	0.0	0.0	0.0	0.0	0.0	0.0
GSM4138111_HNSCC_1_TIL_CGCTGGATCCTCAACC	0.0	0.0	514.847460817321	4.360238020763645	25.83030647436499	0.0	268.22390367976055	7.121337769583369	17.560787757888825	32.36499058464605	0.0	0.0	0.0	35.4237165216431	0.0
GSM4138111_HNSCC_1_TIL_CGGAGTCCATCCGCGA	0.0	28.04786466582373	295.75332163951816	5.012539535248156	30.916970291840318	46.09947773653786	259.18002474537195	0.0	0.0	30.714578462289012	4.366739416116333	0.0	0.0	0.0	0.0
GSM4138111_HNSCC_1_TIL_CGTCACTTCCCATTTA	0.0	66.73862260556007	353.4484391703628	9.737157159161349	0.0	0.0	237.73955623214323	0.0	0.0	0.0	26.74398132528417	23.9053310897491	3.006258837263933	0.0	0.0
GSM4138111_HNSCC_1_TIL_CTCGTCATCGATGAGG	0.0	4.0344224270563105	700.2600432280865	0.0	10.236092393951079	0.0	413.1657594408345	0.0	80.6584633174774	0.0	2.9391925537725005	40.363283190689394	0.0	0.0	0.0
GSM4138111_HNSCC_1_TIL_CTGATCCAGCTGAACG	18.891079652524137	0.0	968.9019871932696	58.82862243051288	97.35103651847973	0.0	0.0	41.471281220137136	74.35218264777008	68.18903035992375	0.0	0.0	22.50391720671644	0.0	0.0
GSM4138111_HNSCC_1_TIL_CTTAACTCATGGTCAT	26.896383376590197	0.0	649.7268982057881	17.356452355073476	114.26831840672327	1.1370166935847068	289.8035820773909	66.95280706224483	0.0	19.97069591582162	0.0	0.0	0.0	0.0	0.0
GSM4138111_HNSCC_1_TIL_CTTACCGTCACAGTAC	0.0	43.29244757650132	521.3652947733707	0.0	2.703742212212428	21.818389871963205	346.25775018850186	1.9433770954925595	0.0	31.431333197264046	0.0	0.0	0.0	0.0	0.0
GSM4138111_HNSCC_1_TIL_GAACGGATCTGAGTGT	0.0	0.0	302.38431684104495	6.960480664293528	9.558673555774792	7.263884786474419	488.64188672387377	0.0	0.0	24.58082197786886	0.0	0.0	0.0	14.793359564525606	0.0
GSM4138111_HNSCC_1_TIL_GACCAATCAAAGCGGT	0.0	0.0	1235.1060317480596	0.0	0.0	6.278679748438262	0.0	0.0	0.0	0.0	8.459438727162286	0.0	0.0	0.0	0.0
GSM4138111_HNSCC_1_TIL_GATCTAGGTCAAACTC	0.0	13.884894327021241	809.2924584362815	0.0	0.0	0.0	0.0	0.0	18.762722239886074	0.0	0.0	111.78780624249765	0.0	0.0	21.04673338307971
GSM4138111_HNSCC_1_TIL_GCAATCATCTCTAGGA	0.0	0.0	626.9640340032266	3.4582744410350585	13.877095437598664	0.0	254.4657488615148	40.80209585749614	109.48344712148716	39.534817321861794	0.0	0.0	0.0	0.0	0.0
GSM4138111_HNSCC_1_TIL_GCAGCCACAAGTCTGT	0.0	16.531871746795947	537.6014540484298	0.0	68.31751960013806	0.0	619.7049733487127	0.0	0.0	0.0	0.0	27.316027050081594	0.0	0.0	0.0
GSM4138111_HNSCC_1_TIL_GCAGTTATCTTCGAGA	17.551987419335727	109.46781611644589	0.0	51.87493684158033	138.5557651762619	5.06805121933435	769.4855841165546	130.73426607399566	68.94802566852053	0.0	10.058779236236067	63.665101674481384	0.0	0.0	0.0
GSM4138111_HNSCC_1_TIL_GCCTCTAAGCTAACTC	22.73979207505014	0.0	852.0653892326659	1.5645015225371328	14.888000881496366	28.213599195081542	34.50864133977194	0.0	0.0	0.0	7.728979231079445	0.0	0.0	0.0	42.94189257993333
GSM4138111_HNSCC_1_TIL_GCGCCAAGTACAGTTC	0.0	0.0	511.21278685394867	19.086644714737677	0.0	0.0	600.8302418559991	0.0	0.0	0.0	0.0	15.496136894928151	0.0	0.0	3.671137578114028
GSM4138111_HNSCC_1_TIL_GCTCTGTTCAACTCTT	0.0	0.0	378.1304060104309	3.5016002917870837	0.0	0.0	838.5850706502404	14.02628882661673	0.0	0.025576435037655994	0.0	0.0	7.170781419210466	0.0	0.0
GSM4138111_HNSCC_1_TIL_GCTGCGATCTCGAGTA	5.32584480179521	0.0	1167.327763177086	35.10821877364032	28.676231552606396	0.0	0.0	4.201921982064198	78.07383035681235	0.0	0.0	0.0	137.84778048988798	0.0	0.0
GSM4138111_HNSCC_1_TIL_GCTTGAAGTGACCAAG	0.0	0.0	564.344728133483	0.0	0.0	29.991466110759887	337.16846063304666	28.83944354892907	0.0	13.548569672195839	0.0	0.0	0.0	0.0	0.0
GSM4138111_HNSCC_1_TIL_GGAATAACATCGACGC	83.8229347607151	0.0	1114.0429018479792	14.485445487651717	10.514936175891881	0.0	0.0	46.38415981774795	53.59795663528928	0.0	0.0	0.0	0.0	0.0	0.0
GSM4138111_HNSCC_1_TIL_GGACGTCTCCGTTGCT	0.0	25.447178594956696	1108.047306867302	0.0	0.0	0.0	152.3661814123759	2.243251667777605	0.0	0.0	0.0	7.722882621784524	0.0	0.0	52.60059518789314
GSM4138111_HNSCC_1_TIL_GGAGCAATCCGTAGGC	0.0	5.269502004801084	503.7342863390163	0.0	0.0	57.28126231514341	324.75189176032166	0.0	0.0	9.359085785514212	0.0	7.609204047244352	49.82677345564976	0.0	0.0
GSM4138111_HNSCC_1_TIL_GGCTGGTCACCAGCAC	0.0	44.95752884288189	919.8929138038909	0.0	1.5195783014949775	0.0	0.0	0.0	0.0	0.0	0.0	14.627810202713144	12.635626460641125	0.0	0.0
GSM4138111_HNSCC_1_TIL_GGGAGATAGGGTTCCC	0.0	0.0	285.8461093408006	5.768642422032547	0.0	0.0	677.0993968554313	0.0	0.0	0.0	0.0	0.0	0.0	23.465370225105538	0.0
GSM4138111_HNSCC_1_TIL_GGGTTGCCAGCCAATT	0.0	56.28396446182792	377.8163477879481	0.0	0.0	134.88174978061056	204.47285336320255	0.0	0.0	0.0	3.436615387780572	15.742081824789778	0.0	0.0	27.82904324652149
GSM4138111_HNSCC_1_TIL_GTAGTCACATCACGAT	0.0	0.0	958.0508702104478	0.0	19.098250655949798	0.8075441700326264	0.0	20.72385106884548	24.858311077379778	0.0	9.535390859718058	0.0	0.0	0.0	0.0
GSM4138111_HNSCC_1_TIL_GTATTCTCAACTGCTA	5.978792732041299	0.0	385.457304586731	0.0	45.7952257416625	0.0	573.6907659187754	10.890422138326004	0.0	0.0	0.0	7.0543130895896855	0.0	0.0	1.7474081395176895
GSM4138111_HNSCC_1_TIL_GTCACGGGTCTTGTCC	0.0	8.113969162611337	1079.2983268589394	0.0	0.0	0.0	0.0	0.0	1.048090660503797	0.0	0.0	0.0	0.0	27.465142845380676	0.0
GSM4138111_HNSCC_1_TIL_GTCCTCATCCCTCAGT	75.01199763014257	0.0	1145.4825638038992	79.60352215321485	270.4590947699547	0.0	166.59364559840782	75.07017845361473	151.09942374828643	128.01011107251284	0.0	0.0	0.0	0.0	12.3980294375015
GSM4138111_HNSCC_1_TIL_GTGCATACATCACAAC	155.428477296431	336.5833546059022	0.0	0.0	0.0	0.0	608.4755163068369	0.0	0.0	0.0	0.0	4.147855651449683	0.0	0.0	25.363060890911562
GSM4138111_HNSCC_1_TIL_GTGTGCGAGTGGGATC	0.0	0.0	680.1308215696696	0.0	0.0	0.0	319.88452396537406	0.0	0.0	0.0	0.0	0.0	0.0	0.0	0.0
GSM4138111_HNSCC_1_TIL_GTTCATTGTGCCTGGT	166.29038978118797	0.0	803.1783838364082	68.44842247125804	70.75339071088042	82.30531056978981	155.473294015309	0.0	0.0	0.0	198.3280687474266	145.82257212350055	31.94824745407928	0.0	0.0
GSM4138111_HNSCC_1_TIL_GTTCATTTCATGTAGC	0.0	0.0	1123.9860351725895	0.0	0.0	0.0	0.0	0.0	21.417438506632426	0.0	0.0	0.0	0.0	0.0	0.0
GSM4138111_HNSCC_1_TIL_TAAGCGTTCGGATGGA	0.0	0.0	932.942848655956	0.0	0.0	0.0	0.0	6.951624391056396	0.0	0.0	0.0	0.0	48.39473572691465	32.095701627196696	0.0
GSM4138111_HNSCC_1_TIL_TACGGATGTCGTGGCT	0.0	44.635826220313604	65.31417018238716	0.0	0.0	0.0	796.142073336382	0.0	0.0	0.0	0.0	0.0	0.0	0.0	0.0
GSM4138111_HNSCC_1_TIL_TATCAGGTCTACCAGA	0.0	0.0	828.6057697971864	11.255287497626183	0.0	0.0	0.0	0.0	26.547469939607005	0.0	12.477242177574023	23.280302187780148	0.0	0.0	0.0
GSM4138111_HNSCC_1_TIL_TCGCGAGTCCGCATAA	0.0	22.110254183100366	111.88668059367922	0.0	0.0	0.0	825.0915751956329	5.611790519386716	0.0	39.228198762402776	0.0	0.0	0.0	0.0	0.0
GSM4138111_HNSCC_1_TIL_TGACTAGAGCGTAATA	0.7121701218709404	0.0	0.0	2.646116700295214	0.0	0.0	827.9870241904105	0.0	0.0	0.0	0.3545930518587134	8.042419306429409	0.0	13.173542028319742	0.0
GSM4138111_HNSCC_1_TIL_TGCTACCCACTGTCGG	286.38860668609726	0.0	305.05365413177765	4.753332327107888	45.1751943826133	60.08007671260821	0.0	0.0	2.5249099965854493	0.0	3.3635077357639465	82.98923622305624	0.0	0.6068127159798166	0.0
GSM4138111_HNSCC_1_TIL_TTGCCGTCAAGACACG	0.0	3.1941734185731745	805.3146656204444	15.72199845738952	31.160835817982473	29.35865551720004	414.44770334425635	18.27803203127303	0.0	0.0	0.0	0.0	0.0	0.0	1.6988370866717906
GSM4138111_HNSCC_1_TIL_TTGTAGGCACAGGAGT	63.27210861645867	0.0	231.72201237475267	0.0	30.53246767624459	0.0	332.7101797691122	17.36215543699937	104.5169623031764	40.47554609035101	0.0	0.0	0.0	35.804485631207335	0.0
GSM4138111_HNSCC_1_TIL_ACACCAAAGACTACAA	814.4840808880373	0.0	0.0	0.0	0.0	31.033816715330335	0.0	17.001700194891658	0.0	17.1278043484728	0.0	0.0	0.0	0.0	0.0
GSM4138111_HNSCC_1_TIL_CTCATTAAGCTCCTTC	811.0557942705703	0.0	0.0	3.6733600663777746	0.0	0.0	33.47467937802893	12.84383771456399	90.63871751043898	0.0	0.0	0.0	0.0	0.0	0.0
GSM4138111_HNSCC_1_TIL_TAGTGGTGTACCATCA	706.1289031415837	0.0	0.0	0.0	35.70150869933193	79.83225975897656	0.0	0.0	0.0	0.0	0.0	0.0	0.0	0.0	0.0
GSM4138111_HNSCC_1_TIL_TTATGCTTCCGATATG	662.8754515374719	0.0	0.0	4.213109231790084	0.0	0.0	0.0	0.0	39.92443200847918	0.0	0.0	0.0	0.0	0.0	13.682566898713956
GSM4138111_HNSCC_1_TIL_ATCCGAATCAACACTG	166.85647114612652	0.0	47.72998518764602	45.71585543950514	16.89331083804113	113.89992361525483	0.0	61.44202414415228	0.0	60.051377921528406	0.0	0.0	12.21035310568304	0.0	0.0
GSM4138111_HNSCC_1_TIL_CGTCTACTCTGGCGAC	1355.0153917087353	0.0	95.73461312590544	54.922570966481196	173.74331013625238	243.1851143156025	83.20150964388218	0.0	0.0	134.8750772170497	132.49419197332844	0.0	86.4558407889279	0.0	0.0
GSM4138111_HNSCC_1_TIL_GTTTCTAAGGAGTTTA	241.01823908390264	0.0	16.368550233333753	23.083456118074704	60.79838117689097	155.73270150736457	0.0	54.866329873221815	0.0	32.20727384248511	0.0	0.0	0.0	0.0	0.0
GSM4138111_HNSCC_1_TIL_AAACGGGTCTTGCCGT	263.8503613293334	0.0	0.0	143.21448968957458	612.4994844492936	447.98605909610507	122.67350429053866	225.94718143740545	0.0	244.04960110033707	0.0	0.0	0.0	0.0	49.930296924189356
GSM4138111_HNSCC_1_TIL_AAAGATGAGCTAGTCT	248.09514061002218	0.0	0.0	31.226126928658385	89.08018683540953	256.0514331912306	130.65403407786707	0.0	0.0	65.5472976321997	63.76640424515775	0.0	43.633296538423714	0.0	0.0
GSM4138111_HNSCC_1_TIL_AACTGGTTCCTCATTA	0.0	0.0	0.0	0.0	0.0	0.0	0.0	0.0	4563.847475154788	0.0	0.0	0.0	0.0	0.0	0.0
GSM4138111_HNSCC_1_TIL_ACACTGACATTAACCG	375.9939786278433	0.0	111.77590163245264	31.559759779504773	128.80008096167617	451.8009424479007	0.0	144.88835076760452	0.0	84.73794506842792	0.0	0.0	0.0	0.0	72.22768887277671
GSM4138111_HNSCC_1_TIL_ACCTTTATCAATCACG	0.0	345.3431604103405	476.66206796536505	269.7771612842521	541.7844539670855	339.0826985922601	0.0	201.277240483646	0.0	0.0	0.0	364.13651721836123	164.53919283272973	0.0	0.0
GSM4138111_HNSCC_1_TIL_AGCTTGAAGAGGACGG	417.6646910203168	35.7913553038985	154.32594161049443	32.64638316528607	179.09591909084526	0.0	0.0	179.437115645802	149.288459882973	135.74959380980732	0.0	0.0	0.0	38.00097431138011	0.0
GSM4138111_HNSCC_1_TIL_ATGCGATAGACGCTTT	311.8427826361428	0.0	0.0	166.67844633650788	532.6041426945791	466.2691364232582	232.0457948721149	194.08882394328833	0.0	0.0	0.0	422.8907543077195	0.0	0.0	77.95320564442675
GSM4138111_HNSCC_1_TIL_ATTGGACAGACACTAA	118.51454646395325	0.0	0.0	55.98443369073097	89.74707048850586	361.4011976379888	121.91390910438861	288.75347796794097	0.0	148.05892747816156	0.0	0.0	0.0	0.0	80.31933209573697
GSM4138111_HNSCC_1_TIL_ATTGGACAGCTAGGCA	317.37503330225127	0.0	208.38758062450145	189.99505823449306	280.8903640627528	430.54673834066773	0.0	148.34079501990075	0.0	183.87146006936757	0.0	0.0	94.36182585542716	0.0	0.0
GSM4138111_HNSCC_1_TIL_CAACTAGAGACTTTCG	358.65447470122615	0.0	91.79459123963329	72.35727853583884	302.9774162856911	0.0	0.0	114.71827033106901	268.5000488104667	227.55340429163115	0.0	0.0	56.89121446203742	0.0	0.0
GSM4138111_HNSCC_1_TIL_CAGCTAACAGTATGCT	475.78239477714374	42.20683255503459	266.9231036998613	103.72250422891469	41.83341832063614	96.42258603219467	0.0	56.208713856089496	0.0	125.44749331904474	0.0	0.0	119.01084069911478	0.0	0.0
GSM4138111_HNSCC_1_TIL_CATTCGCCAAGGACAC	0.0	0.0	36.88460347111983	78.28529674411233	157.77493448779643	458.95609802333115	0.0	412.7667437748278	0.0	111.57842643776286	0.0	0.0	0.0	0.0	100.14698219837048
GSM4138111_HNSCC_1_TIL_CCCTCCTAGCCGTCGT	50.15256322253601	0.0	148.1782758141175	100.9355336672037	111.74247249631696	274.88258278540525	0.0	0.0	0.0	82.34966589891383	234.19079662732807	0.0	0.0	0.0	40.16835052374819
GSM4138111_HNSCC_1_TIL_CCTTCCCGTCCCGACA	115.9567566912223	0.0	0.0	44.809179453000844	108.29173948409921	271.74380152781913	118.46974709383919	437.80123171272714	0.0	133.21108056908827	0.0	0.0	0.0	0.0	70.48355441723989
GSM4138111_HNSCC_1_TIL_CGTGAGCGTATCAGTC	0.0	374.59653257159084	78.28679891994676	33.263831788922	94.51827445867333	0.0	0.0	96.92124847799782	87.2115368422438	0.0	0.0	38.45349683206663	24.685157856688463	0.0	0.0
GSM4138111_HNSCC_1_TIL_CGTGTAAAGCCAGGAT	315.06231094012225	0.0	0.0	76.6351476104438	378.7368076326934	351.16372347412687	163.91777907439362	0.0	0.0	135.64356497465815	142.30921062644092	0.0	0.0	62.17482111583377	0.0
GSM4138111_HNSCC_1_TIL_CTAGCCTCAGCTTCGG	542.6372182391552	0.0	0.0	179.890758555344	610.904854519744	0.0	414.6791509525148	287.69641263327605	620.2134955618033	472.3552506954092	0.0	0.0	0.0	0.0	164.41586584753418
GSM4138111_HNSCC_1_TIL_CTCAGAAAGTGCTGCC	155.21772319197595	0.0	73.62147459910813	63.52816549125584	67.45202308357742	0.0	0.0	34.625762776545905	116.37893187212846	77.27213114813807	0.0	0.0	29.110363343109782	0.0	0.0
GSM4138111_HNSCC_1_TIL_CTCAGAAGTCAAGCGA	216.4442870668286	0.0	0.0	95.56636291425097	435.17542038773723	625.4760332705558	217.6656582479065	103.55110123893331	0.0	455.67295092733866	0.0	0.0	0.0	0.0	30.217643585201294
GSM4138111_HNSCC_1_TIL_CTCGAAAAGGCCCTCA	230.54598394797767	0.0	48.29095094640575	56.670040923800855	126.70635848706034	220.31832045662858	0.0	99.81305283920588	0.0	38.43527882991078	0.0	0.0	0.0	0.0	56.23854885833323
GSM4138111_HNSCC_1_TIL_GAAATGAAGGATATAC	138.62462317736293	0.0	94.85096103227913	67.19073905914766	193.9526346943185	256.2409460406202	0.0	170.0351216723688	0.0	119.63981833863065	0.0	0.0	0.0	0.0	12.607257338383215
GSM4138111_HNSCC_1_TIL_GGCAATTTCCCACTTG	734.4975483094556	0.0	82.62880068094245	81.69480247245276	37.61342485517174	322.86863176911254	0.0	0.0	0.0	79.4282107979741	41.621895180869494	0.0	7.51111633792908	51.686983563650834	0.0
GSM4138111_HNSCC_1_TIL_GGTGCGTGTCTAACGT	299.77522965273425	0.0	0.0	90.01444236294388	134.7098316758462	374.0941570620015	196.62858953041587	244.2344284658324	0.0	71.1489695813002	0.0	0.0	0.0	49.17114971567584	0.0
GSM4138111_HNSCC_1_TIL_GTAGGCCAGATGTGTA	113.89467423764707	0.0	121.15856654200299	39.23418631213251	33.2314511625382	432.32877896944916	0.0	218.8361349008265	0.0	109.40182524379281	0.0	0.0	0.0	0.0	80.59862092401404
GSM4138111_HNSCC_1_TIL_GTCCTCAAGTGCCAGA	763.2547574282726	0.0	264.5487420883877	172.36214418297055	320.08208649873427	478.2585183954597	23.46405701662189	0.0	0.0	218.38069009913426	276.9377682374468	0.0	98.11660246637928	0.0	0.0
GSM4138111_HNSCC_1_TIL_TAAGTGCGTCAAAGCG	368.1462684592139	0.0	131.81622178744223	204.21041622551832	450.57970353706554	530.3509736163819	0.0	0.0	0.0	0.0	104.02706661143817	423.3613383637826	106.89297062037767	0.0	0.0
GSM4138111_HNSCC_1_TIL_TAGCCGGCAGGTGGAT	844.3289927289802	0.0	457.5250347538923	230.01759367722565	371.8283937289566	139.43820280436253	0.0	0.0	291.7440992337326	357.06004683573934	164.55772274497747	0.0	139.94401781243795	0.0	0.0
GSM4138111_HNSCC_1_TIL_TAGGCATTCCACGTGG	398.3373205535415	0.0	103.03244393157298	81.29259353309244	89.37761717794663	177.66688338416986	0.0	139.9349494412356	0.0	73.43639176276507	53.336230843586314	0.0	0.0	5.4075949789407245	0.0
GSM4138111_HNSCC_1_TIL_TCGGGACGTCACTTCC	0.0	187.40395756014092	0.0	139.2647509190734	453.2021717562342	193.36186983425418	279.1716129725639	0.0	0.0	0.0	173.15774206061457	461.56523167066166	0.0	0.0	137.78287289217496
GSM4138111_HNSCC_1_TIL_TGCACCTGTCTCCACT	0.0	259.5430165063421	306.8295179282299	148.3898102121445	60.57436282008087	219.52726545637182	0.0	19.973873257863506	0.0	0.0	0.0	106.11191069397239	43.18805735765444	0.0	0.0
GSM4138111_HNSCC_1_TIL_TGCGCAGTCTTGTCAT	469.7707732059168	0.0	174.5662527855402	188.99830981436088	405.4005131583575	555.8655617952855	0.0	0.0	0.0	132.76649835798293	323.6228603907053	0.0	0.0	0.0	147.95474234279388
GSM4138111_HNSCC_1_TIL_TGTCCCAAGAGGTTGC	190.8194706496916	0.0	72.7571353611469	122.28566894200682	311.64173495889486	270.3739235987393	0.0	0.0	0.0	74.24593972067593	272.9615144939666	0.0	0.0	0.0	161.8906684032983
GSM4138111_HNSCC_1_TIL_ATTGGTGGTGAAGGCT	64.65069040539508	0.0	236.08867454004545	59.686355420443	105.86653222414593	0.0	188.4312309225344	124.64211686645298	242.422255880013	188.7903281995987	0.0	0.0	0.0	0.0	57.010967403711
GSM4138111_HNSCC_1_TIL_CAGAATCGTGTGTGCC	77.88193071436464	8.371744493042398	374.50748366281204	22.40649785971099	24.79228200653778	131.83837551847859	66.34588416905395	0.0	0.0	0.0	96.38329403858518	110.06788346160457	0.0	0.0	41.38271197099715
GSM4138111_HNSCC_1_TIL_CGTCTACAGCGATCCC	174.40299804290592	0.0	533.5515546297662	91.24835693939505	61.31845611957932	122.25773611201718	0.0	41.57412932128137	0.0	0.0	0.0	243.12498743340512	21.575935675196774	0.0	0.0
GSM4138111_HNSCC_1_TIL_TGCGGGTTCTTGCAAG	76.40120754494647	0.0	0.0	26.73604147388794	39.14164805725277	220.75211889340912	367.5549124854413	0.0	0.0	144.11806767955463	54.57941223577064	0.0	0.0	0.0	142.4474990706998
GSM4138111_HNSCC_1_TIL_ACCGTAACAACACCTA	0.0	408.06184514608896	234.65524399778968	152.42714753115357	108.90748272701843	321.25470995865317	0.0	100.42107435962822	0.0	0.0	0.0	371.641153465259	68.57871189425225	0.0	0.0
GSM4138111_HNSCC_1_TIL_ACGGGTCAGCAATCTC	0.0	249.31723180229943	138.18359275747127	65.169309417455	156.93618396627608	201.69191873454744	0.0	74.04565240498349	0.0	0.0	0.0	252.43642877518684	55.9708049006917	0.0	0.0
GSM4138111_HNSCC_1_TIL_CTAGCCTAGAGTCGGT	720.3991542267889	0.0	143.44886756163768	341.6409407465114	548.1135828568313	0.0	231.03515385263157	0.0	591.2392390062884	0.0	230.6687117025284	558.8193270551434	0.0	182.0650845299279	0.0
GSM4138111_HNSCC_1_TIL_TGACTAGAGCCTCGTG	458.80069458886805	0.0	105.39164733163122	129.76776455264172	226.06341876106214	498.0839057341923	0.0	0.0	0.0	0.0	178.91514342514964	217.0483174491479	0.0	0.0	61.463391978571565
GSM4138111_HNSCC_1_TIL_AGTGGGACAACTGCGC	608.0420823814851	0.0	34.15966595125281	117.45044139323335	208.10862958468954	169.54605159721964	0.0	0.0	0.0	4.310499177811881	121.81897681953511	0.0	0.0	29.18342459192469	0.0
GSM4138111_HNSCC_1_TIL_CAGCGACTCCACGAAT	250.32562995198327	0.0	0.0	156.67573410284862	479.02691089826624	68.33598097126274	79.3162074965289	0.0	139.86094676181364	0.0	157.42859106894	229.8338781419074	0.0	0.0	34.4974198152292
GSM4138111_HNSCC_1_TIL_CCTATTAAGAATCTCC	433.83517956240263	0.0	8.021755264603533	105.41652659749809	280.60638133864404	201.8105443129333	0.0	0.0	0.0	16.88808980203577	63.80656023623149	0.0	0.0	41.64591922274971	0.0
GSM4138111_HNSCC_1_TIL_CCTCTGAAGTCTTGCA	203.08803292287863	0.0	3.739039793358075	60.62350406351139	418.36260558180084	384.0460457262385	0.0	0.0	0.0	0.0	146.5598500223727	162.67429806450434	0.0	31.396127805691595	0.0
GSM4138111_HNSCC_1_TIL_CTAGCCTCACGAAAGC	698.7661309366287	163.64882016421865	127.40942311050215	302.4239885154752	773.238573555731	410.3251575979714	0.0	210.36843111693506	0.0	0.0	0.0	330.70251092041184	0.0	143.9347900174079	0.0
GSM4138111_HNSCC_1_TIL_GATGAAAGTGCAACTT	0.0	677.9551224948641	184.7663822598953	160.617511485195	305.38734564338404	0.0	0.0	148.32509242220522	254.1580353383829	74.12146360625002	0.0	113.58323324948405	57.82422111360619	0.0	0.0
GSM4138111_HNSCC_1_TIL_GCGGGTTTCTTTACGT	379.0509801467661	0.0	139.88294458344947	79.59829369826933	223.4850525422502	0.0	0.0	0.0	267.11852687174314	15.732100571263482	167.15628226659382	39.542746137435905	11.22079941615077	14.89800120354179	0.0
GSM4138111_HNSCC_1_TIL_TCAGGTATCAGTGTTG	333.0880264876021	0.0	0.0	46.492739117244646	183.3698906486948	0.0	0.0	43.332936853337785	257.2087964376339	52.859454910717176	0.0	0.0	0.0	39.07839484695984	0.0
GSM4138111_HNSCC_1_TIL_TCGGGACAGATGAGAG	280.6377326916527	0.0	53.58757794017695	92.60658279600115	297.49572200854664	0.0	0.0	89.61449217188225	161.3034312303404	72.70933726239033	0.0	0.0	0.0	30.331993394986917	0.0
GSM4138111_HNSCC_1_TIL_TGCGCAGAGCGCCTCA	461.3522539972988	0.0	0.0	104.03395461750969	377.3683663626875	227.60533229816724	235.89587125038076	0.0	0.0	0.0	144.58693085990618	291.7027106461323	61.9104852458415	0.0	0.0
GSM4138111_HNSCC_1_TIL_AACCGCGCACACTGCG	0.0	0.0	0.0	10.212898009863514	106.29305632479078	0.0	0.0	316.0918165646765	0.0	0.0	1393.4497497030075	67.6644418284459	0.0	1.5446784543285235	0.0
GSM4138111_HNSCC_1_TIL_ACACTGATCATGCATG	0.0	122.97409985244305	0.0	20.933487594870368	136.3223305418721	0.0	7.269056974637921	0.0	81.56329056064045	104.0704915731877	1735.693388042338	0.0	0.0	0.0	0.0
GSM4138111_HNSCC_1_TIL_AGTAGTCTCTGTCCGT	91.28956887452956	0.0	1.9205019701148902	60.28751332489797	197.27365378589	0.0	0.0	665.9795494890972	139.3295505937198	333.24970936206086	0.0	0.0	0.0	0.0	41.62845459871881
GSM4138111_HNSCC_1_TIL_ATCCGAAGTGTTAAGA	0.0	0.0	0.0	0.0	0.0	0.0	0.0	0.0	0.0	0.0	1366.9732064279456	0.0	0.0	0.0	0.0
GSM4138111_HNSCC_1_TIL_CATCGGGCAAGACACG	0.0	68.77812696267023	0.0	2.156152976322436	74.79935133301389	44.195701548226744	72.36308910865058	1339.1586312250479	0.0	0.0	0.0	33.00139211881846	534.484627140102	0.0	0.0
GSM4138111_HNSCC_1_TIL_CCCTCCTTCCCACTTG	351.0914575038812	0.0	92.94479971852918	73.4447618185383	202.5943400777437	0.0	0.0	992.236140428286	157.76575649483692	147.93587466925638	0.0	0.0	0.0	0.0	79.78987179350376
GSM4138111_HNSCC_1_TIL_CGGACTGTCGCTTGTC	0.0	0.0	0.0	0.0	0.0	0.0	0.0	344.05199352782364	0.0	0.0	1176.760744913749	0.0	0.0	0.0	0.0
GSM4138111_HNSCC_1_TIL_CTGATAGAGACTGGGT	26.294026835744766	0.0	0.0	22.688705992889712	0.5070493190457689	0.0	22.33622612652902	377.5214043190071	0.0	0.0	373.04832235767145	51.681932547982235	0.0	34.99115371424398	0.0
GSM4138111_HNSCC_1_TIL_GACGTTAAGGCTACGA	0.0	0.0	33.456623954299204	10.328198446790097	0.0	0.0	0.0	422.1629695995498	104.41249617350864	141.8955731828199	0.0	0.0	0.0	0.0	21.71116643020333
GSM4138111_HNSCC_1_TIL_GCGCGATTCGCCTGAG	0.0	0.0	17.76421303474771	4.99628652096536	282.58401822755667	200.7722058664716	0.0	1608.0770947904102	0.0	96.18337263814092	0.0	0.0	0.0	4.917161250161668	0.0
GSM4138111_HNSCC_1_TIL_GCTTCCAGTCTAGTGT	168.51455391883306	0.0	57.08300182068218	42.20801973569527	0.0	0.0	0.0	790.4859218128848	82.34805062038781	30.943556117854754	0.0	0.0	0.0	5.416798747533162	0.0
GSM4138111_HNSCC_1_TIL_GCTTCCAGTTGCTCCT	0.0	107.93020292056653	80.73389049966212	40.79498276913364	14.382035810091274	0.0	0.0	0.0	0.0	0.0	1702.307513667031	24.012446944746067	0.0	0.0	0.0
GSM4138111_HNSCC_1_TIL_GGACGTCGTCCTCCAT	0.0	0.0	0.0	0.0	0.0	0.0	0.0	0.0	0.0	0.0	0.0	0.0	0.0	2840.3668305099877	0.0
GSM4138111_HNSCC_1_TIL_GGGTCTGTCTATCCTA	0.0	0.0	0.0	0.0	0.0	0.0	0.0	0.0	0.0	4621.715301364328	0.0	0.0	0.0	0.0	0.0
GSM4138111_HNSCC_1_TIL_GTTACAGCAATGTTGC	47.61819825744497	0.0	6.028120497381043	12.803976579824257	47.43301301422197	0.0	0.0	1538.5865611404354	86.07698579504721	129.82704851221519	0.0	0.0	0.0	3.6073654514760434	0.0
GSM4138111_HNSCC_1_TIL_TACGGGCAGTGGGATC	0.0	0.0	0.0	2.3071073317980098	0.0	0.0	2.971653984052868	51.187949607688616	0.0	0.0	898.2478907200257	0.0	0.0	0.0	0.0
GSM4138111_HNSCC_1_TIL_TACGGGCTCTACTATC	0.0	0.0	0.0	0.0	0.0	0.0	0.0	661.8751777310038	0.0	0.0	571.8967065542764	23.791150769561927	0.0	0.0	0.0
GSM4138111_HNSCC_1_TIL_TGTGGTAGTTACGTCA	87.99423973681384	0.0	63.383916051146336	8.45475068065038	53.16141922054348	0.0	0.0	473.3948772117318	19.82581082395696	0.0	0.0	0.0	0.0	0.0	0.0
GSM4138111_HNSCC_1_TIL_GTGGGTCGTACGACCC	156.53158447512467	0.0	49.12024122788844	455.5748430428722	72.20548961865771	0.0	48.618955265333426	74.33166847898534	116.41564681198467	61.43492449427958	0.0	0.0	0.0	0.0	2.4789906868727636
GSM4138111_HNSCC_1_TIL_AACTCCCTCTCTTGAT	0.0	0.0	0.0	1434.357676583865	0.0	0.0	0.8657111743550508	0.0	0.0	0.0	0.0	257.2038045002725	0.0	0.0	0.0
GSM4138111_HNSCC_1_TIL_AAGTCTGGTCTTTCAT	23.731463550154423	0.0	0.0	707.0735444203519	0.0	0.0	0.0	88.81619027816335	0.0	0.0	0.0	0.0	0.0	0.0	0.0
GSM4138111_HNSCC_1_TIL_ACACCAAAGCTACCTA	105.05676722836976	0.0	49.485317162243916	860.0679277904269	35.459835192325585	18.243619353255163	0.0	0.0	0.0	9.782558808249156	0.0	0.0	0.0	0.0	0.0
GSM4138111_HNSCC_1_TIL_ACCGTAATCGGCATCG	49.72016262113205	0.0	0.0	1314.2723375512517	21.16465569082048	51.17291170338864	0.0	39.691502286823344	0.0	39.246882844785645	0.0	0.0	0.0	31.01878792553368	0.0
GSM4138111_HNSCC_1_TIL_AGATTGCCATACCATG	0.0	0.0	0.0	901.9894385952636	0.19387309649170256	2.930305902659932	15.517729541408098	34.25625542924617	0.0	0.902746685405403	0.0	0.0	0.0	0.0	0.0
GSM4138111_HNSCC_1_TIL_AGTAGTCGTAGGGTAC	0.0	0.0	0.0	984.6752631738965	0.0	0.0	62.55433920572633	18.480287611633596	36.763212898192414	0.0	0.0	0.0	0.0	0.0	0.0
GSM4138111_HNSCC_1_TIL_CATCGGGGTATTCGTG	0.0	0.0	0.0	1628.7643730003304	0.0	0.0	0.0	0.0	0.0	0.0	0.0	0.0	0.0	0.0	34.187088009251106
GSM4138111_HNSCC_1_TIL_CCGGTAGTCACCGTAA	174.8120684966553	0.0	106.96384057794579	1162.3696639286309	96.56759188664039	0.0	0.0	119.82637133317657	219.20875463606492	78.42106015130558	0.0	0.0	62.41407577464093	0.0	0.0
GSM4138111_HNSCC_1_TIL_CCTCAGTAGATCCCGC	0.0	0.0	0.0	824.022446641304	0.0	13.782362796353077	0.0	0.0	0.0	18.530236092155384	3.324425232394081	0.0	0.0	0.0	0.0
GSM4138111_HNSCC_1_TIL_CGGACTGAGGGTTCCC	0.0	0.0	0.0	715.6889955879402	50.07700330844831	0.0	0.0	0.0	23.930428432201943	0.0	0.0	0.0	0.0	0.0	0.0
GSM4138111_HNSCC_1_TIL_CGTGTAAAGAGGTTAT	0.0	24.08613938965514	0.0	1092.9198389243727	11.195356488735717	0.0	11.510234541641744	0.0	0.0	0.0	0.0	0.0	0.0	0.0	0.0
GSM4138111_HNSCC_1_TIL_CTCGTACAGCAATATG	0.0	0.0	0.0	920.6343323459566	104.663813977889	0.0	26.485800093237227	0.0	0.0	0.0	0.0	0.0	0.0	0.0	0.0
GSM4138111_HNSCC_1_TIL_GACTACACAACGATCT	0.0	13.78209451390167	26.92859219795433	1076.5448867430964	101.23366660899559	161.26301028369957	0.0	0.0	0.0	56.66749749429664	29.847301564867884	0.0	0.0	17.380268607677912	0.0
GSM4138111_HNSCC_1_TIL_GATCTAGCAGCTCCGA	0.0	5.633146198068182	0.0	524.0375990793333	0.0	0.0	0.0	0.0	48.973001159346886	31.741113405590692	12.08039288649095	0.0	0.0	6.625826573245792	0.0
GSM4138111_HNSCC_1_TIL_GCAGCCATCAAACAAG	0.0	25.90516471772889	0.0	1507.002526855998	0.3738891217575923	0.0	22.085732764983238	0.0	43.184822764098165	0.0	0.0	33.419083083067335	0.0	0.0	0.0
GSM4138111_HNSCC_1_TIL_GCTCCTAGTACGAAAT	0.0	19.784332587347947	0.0	969.9528437358066	0.0	0.0	21.3929896044834	0.0	0.0	0.0	0.0	6.481904790492226	0.0	0.0	0.0
GSM4138111_HNSCC_1_TIL_GGCAATTGTTGAGTTC	0.0	0.0	0.0	787.9020881412382	7.047247952204531	0.0	0.0	18.65712399378348	4.8989672505027775	0.0	0.0	0.0	0.13776550089523748	0.0	0.0
GSM4138111_HNSCC_1_TIL_GTACTTTGTGCATCTA	0.0	0.0	0.0	488.31209790071216	90.28001092577516	0.0	0.0	0.0	35.26408249712108	13.566888075673873	0.0	0.0	3.107883237593741	0.0	0.0
GSM4138111_HNSCC_1_TIL_GTCAAGTAGTCCCACG	21.136548060612856	0.0	4.896281672989131	836.7025033150361	0.0	0.0	0.0	0.0	0.0	0.0	24.299939153287575	0.0	0.0	30.898862271904164	0.0
GSM4138111_HNSCC_1_TIL_GTCAAGTGTATATGGA	0.0	3.4254229808327765	0.0	976.6263187615783	7.52754683452925	16.62685702342602	0.0	0.0	0.0	0.0	17.954647528214526	0.0	0.0	0.0	0.0
GSM4138111_HNSCC_1_TIL_GTTCTCGCACGCCAGT	106.15170215317652	0.0	54.680551963592706	452.63309583991054	67.75659609922799	0.0	0.0	16.44214365802058	14.75981453671102	69.6609384105525	0.0	0.0	24.250367199476383	0.0	0.0
GSM4138111_HNSCC_1_TIL_GTTCTCGTCCTGTACC	0.0	0.0	0.0	897.6960790062761	0.0	0.0	0.0	0.0	0.0	0.0	6.465950700844727	0.0	0.0	0.0	0.0
GSM4138111_HNSCC_1_TIL_TATCAGGCAGCCAGAA	0.0	25.824013045229247	4.214121760282301	583.6007894962714	68.84106825235163	0.0	0.0	0.0	0.0	0.0	0.0	0.0	39.37083159243806	0.0	0.0
GSM4138111_HNSCC_1_TIL_TCAGCTCGTACCGTAT	0.0	0.0	0.0	1611.1867826802702	0.0	0.0	0.0	16.785918077404865	79.96373756797975	1.0324220767748429	0.0	0.0	0.0	0.0	0.0
GSM4138111_HNSCC_1_TIL_TCTTCGGCACATCTTT	0.0	0.0	0.0	794.3525095213498	28.650500316901663	0.0	0.0	0.0	0.0	0.0	0.0	0.0	27.293975775857785	0.0	0.0
GSM4138111_HNSCC_1_TIL_TGAGAGGTCGGCGGTT	0.0	20.18954250204257	0.0	1326.2063890335405	33.711255121894574	37.92383773459485	38.22512519629818	0.0	0.0	18.072471628815933	0.0	0.0	0.0	0.0	0.0
GSM4138111_HNSCC_1_TIL_TGCACCTTCTTTACAC	18.178249617337144	0.0	0.0	933.0804462510366	0.0	0.0	0.0	37.8896591274414	0.0	0.0	0.0	0.0	0.0	8.910221957617477	0.0
GSM4138111_HNSCC_1_TIL_TTAGTTCTCTTCATGT	0.0	0.0	0.0	1032.1626836772068	11.312388972164474	0.0	0.0	0.0	0.0	0.0	8.027050086316784	0.0	0.0	0.0	0.0
GSM4138111_HNSCC_1_TIL_TTTACTGTCTTGACGA	0.0	1.5116111604969458	0.0	1189.455369782027	0.0	15.032647950993589	11.01759537645521	0.0	0.0	0.0	0.0	0.0	0.0	0.0	12.310636080999531
GSM4138111_HNSCC_1_TIL_ATCTGCCCATGCCCGA	172.55114323711075	0.0	129.4776937594044	48.77941803172052	56.34913377687725	0.0	0.0	106.79121517253003	96.26127794024933	120.53804416411046	0.0	0.0	71.54736949569096	0.0	0.0
GSM4138111_HNSCC_1_TIL_CAACCTCGTAGCTCCG	153.13854991548882	0.0	95.96270557161458	29.15572061138019	32.88148077596382	0.0	0.0	79.90818203918107	120.7346725948697	30.466092920227684	0.0	0.0	14.862389833813847	0.0	0.0
GSM4138111_HNSCC_1_TIL_CATCGGGAGCTAGTTC	291.8835794411646	0.0	106.26335551889042	29.14606001913645	77.83382988917026	0.0	0.0	74.06447372841427	172.2466826676989	96.9848265479206	0.0	0.0	29.981364338339553	0.0	0.0
GSM4138111_HNSCC_1_TIL_CCACGGACAGATGAGC	361.95241836135006	0.0	281.4648406531424	102.36037023068371	210.07370579504448	0.0	0.0	225.74915647949803	328.05538617116576	155.58948553674892	0.0	0.0	0.0	0.0	68.36436353135808
GSM4138111_HNSCC_1_TIL_CGGCTAGTCGGAAACG	155.71147184257427	0.0	8.942248619689087	17.11063024550079	0.8371995707779133	0.0	56.99368548991241	54.21282352786057	93.42732398738659	38.911990490733714	0.0	0.0	3.0950564480372464	0.0	16.36135761217455
GSM4138111_HNSCC_1_TIL_CGTCTACGTCCGAACC	105.80528213642313	0.0	90.02218649442845	16.455750591770844	46.37631211582811	0.0	0.0	52.47001462044713	158.19929119432388	90.94156454274867	0.0	0.0	22.449940494294196	0.0	0.0
GSM4138111_HNSCC_1_TIL_CGTCTACGTGTGAATA	287.1278415636292	0.0	213.0607330058079	24.03171434560476	113.78894713027874	0.0	0.0	119.02984600013126	134.38970361903029	85.39349590780387	0.0	0.0	0.0	0.0	69.36674505627629
GSM4138111_HNSCC_1_TIL_CGTTCTGGTCCAGTAT	0.0	254.18018249214308	34.423700377751025	158.76753176035433	334.0135378285132	309.7206078604281	222.85606109629484	115.90871830771091	0.0	0.0	0.0	824.6541999157033	129.75905515595437	0.0	0.0
GSM4138111_HNSCC_1_TIL_CTCGTCAGTTGCTCCT	289.56744872838857	0.0	161.93113834581766	91.27228419847921	136.4736541564236	0.0	0.0	66.20248042778847	88.8401286038253	267.163203970807	0.0	0.0	22.062160027777583	0.0	39.5496508313327
GSM4138111_HNSCC_1_TIL_CTTAGGAAGACAAGCC	246.14527614052355	0.0	153.49070977604205	52.34528633164904	68.88253077721824	0.0	0.0	125.60274102079879	227.08226168778637	77.89665802206987	0.0	0.0	38.59575802117874	0.0	0.0
GSM4138111_HNSCC_1_TIL_CTTGGCTCATAGTAAG	235.49221038461255	0.0	137.3481140236128	101.46136815254357	69.51343880038485	0.0	0.0	134.60979300840012	230.2764299052216	141.47224988263207	0.0	0.0	71.88261537053906	0.0	0.0
GSM4138111_HNSCC_1_TIL_GAAACTCTCAACACAC	153.9742915278236	0.0	115.50620656662419	58.01033898466355	101.15414499881162	0.0	0.0	148.46506147432623	169.69606877437948	70.19987729281799	0.0	0.0	59.11285068441704	0.0	0.0
GSM4138111_HNSCC_1_TIL_GATTCAGGTGAGCGAT	189.7046225305934	0.0	67.46648706009071	17.864492192075847	29.440661095907153	0.0	0.0	51.22145806036562	125.92089325614607	52.36308565874058	0.0	0.0	16.95696249344073	0.0	0.0
GSM4138111_HNSCC_1_TIL_GGATTACAGTTGCAGG	437.00823074592796	0.0	225.3347489042572	125.3646133888492	182.82105026611467	0.0	0.0	167.6003195671864	280.4619961748753	162.67740066806158	0.0	0.0	50.80880928742452	0.0	0.0
GSM4138111_HNSCC_1_TIL_GGTGAAGTCATCTGCC	284.9548151795616	0.0	212.64513194079964	56.33090257435262	143.48616604186816	0.0	0.0	189.04865253481768	187.11984308897422	89.72615083913126	0.0	0.0	59.76384478618509	0.0	0.0
GSM4138111_HNSCC_1_TIL_GTGAAGGGTATATGAG	387.1131624252101	0.0	316.52978730518504	52.622630282356084	205.94015803392463	0.0	0.0	367.6411820084237	239.4672066331279	178.33060085720092	0.0	0.0	0.0	0.0	75.62558037412057
GSM4138111_HNSCC_1_TIL_GTTTCTAAGCCAGAAC	120.99003953935987	0.0	146.66183050705354	30.97367210887965	35.352842334033404	0.0	0.0	151.2691316295426	134.6393382935097	56.70565135422836	0.0	0.0	38.87680413528247	0.0	0.0
GSM4138111_HNSCC_1_TIL_TAAGAGACATCGGTTA	371.85855087594734	0.0	222.9542087270863	59.52323318854063	145.33702648880248	0.0	0.0	122.74405249053609	190.8096739165975	194.86783267852937	0.0	0.0	41.17675542623637	0.0	0.0
GSM4138111_HNSCC_1_TIL_TATTACCGTTGTTTGG	0.0	349.3909192459923	263.5595044971249	89.69908204584837	210.26926987591662	227.72372974667502	35.80196534851054	135.45957942415953	0.0	0.0	0.0	315.1274803688785	67.79856359741046	0.0	0.0
GSM4138111_HNSCC_1_TIL_TGGTTAGAGTTTAGGA	191.9781284704118	0.0	213.16498629141236	33.96836795990062	82.6506741324017	0.0	0.0	107.02873401518804	207.35374167455998	112.07354774597876	0.0	0.0	18.46050384037824	0.0	0.0
GSM4138111_HNSCC_1_TIL_TTGACTTCATCGACGC	260.8405470849386	0.0	157.82101321340275	46.6628100900344	22.499104616649614	0.0	0.0	107.52479092246911	172.03437252116174	104.73980464596987	0.0	0.0	51.08072706937351	0.0	0.0
