	1	2	3	4	5	6	7	8
GSM4138111_HNSCC_1_TIL_AACTCCCGTCATATCG	638.4608862665037	26.541649132741185	33.29440689244933	0.0	18.051640761937705	34.75029184413183	8.829831720901774	0.8177463197712034
GSM4138111_HNSCC_1_TIL_AGTGGGATCACCCGAG	642.9866272497593	38.46593142049697	18.98368133766433	0.0	9.80560068378034	0.0	0.0	0.0
GSM4138111_HNSCC_1_TIL_ATCCGAAGTCGTTGTA	610.8828032591491	42.57015772584533	2.6611548859334535	0.0	38.66867325432506	14.606444158064967	0.0	4.469550594173967
GSM4138111_HNSCC_1_TIL_CAGCGACAGGGATGGG	666.458135720756	0.0	17.313062077362336	0.0	7.535890260511269	0.0	0.0	26.5555260594456
GSM4138111_HNSCC_1_TIL_CGGACACTCATATCGG	500.5934005352142	54.934271848432864	70.9805495067383	0.0	18.843597422587997	14.453492898602047	68.08309682251853	22.637769601330263
GSM4138111_HNSCC_1_TIL_TAGTTGGGTCTCCACT	593.3215870454343	0.0	73.37675371412253	0.0	0.0	0.0	25.532308022311874	0.0
GSM4138111_HNSCC_1_TIL_AAAGATGAGCATGGCA	296.96571398865177	212.07164300597788	0.0	262.5750430755319	8.862289910926394	0.0	0.0	0.0
GSM4138111_HNSCC_1_TIL_AGCAGCCTCCTACAGA	358.98822476184046	158.23721491737282	0.0	214.5322781498826	0.0	0.0	16.872776796201276	0.0
GSM4138111_HNSCC_1_TIL_AGGTCATTCAAGCCTA	297.8104431706211	327.58704053396883	9.906626107086097	63.641746052374884	31.665560144722605	2.8500062309932903	0.0	0.0
GSM4138111_HNSCC_1_TIL_ATGCGATGTGATGTCT	885.9206740141028	154.14717756326692	38.03640582699453	327.5750729797916	65.17134109368244	194.1442462569747	140.96587635958716	42.85927574632596
GSM4138111_HNSCC_1_TIL_CCAGCGATCACTTCAT	363.1937279454241	232.97214216783073	0.0	498.01875599765447	0.0	0.0	0.0	0.0
GSM4138111_HNSCC_1_TIL_CCCATACGTCTGATTG	179.78942841613687	230.69831662504956	20.11567715014417	129.14952789347072	15.600040182414283	45.421629362273045	56.11992703412683	54.22550614545742
GSM4138111_HNSCC_1_TIL_CGTTAGAGTTTACTCT	473.12157973116683	367.3927232535327	66.41952615900269	38.53910084049705	64.21331990934405	15.486797504538977	105.5558858726996	61.276915509695115
GSM4138111_HNSCC_1_TIL_CTAGCCTAGGTCATCT	544.6348638303116	450.1385230983773	0.0	292.3391381838405	0.0	0.0	38.20935661066872	0.0
GSM4138111_HNSCC_1_TIL_CTCGTACTCAGCCTAA	473.7701279608231	145.69417423543683	0.0	170.72744131199696	0.0	0.0	0.0	0.0
GSM4138111_HNSCC_1_TIL_GAAATGATCTAACCGA	776.0158103822027	266.66923040943465	224.13779550021323	921.187165080618	46.18016876649976	208.49698041036817	9.945199322317091	31.011570048064055
GSM4138111_HNSCC_1_TIL_GGCCGATAGAAGCCCA	305.8960002474712	179.97664622291765	23.056571388469013	97.77770934541161	7.757539778436336	0.0	44.067481436730255	8.10193955909071
GSM4138111_HNSCC_1_TIL_GGCCGATAGCCCTAAT	594.521849895592	192.88028602823974	25.778690310060647	245.13570940336584	64.24536709063182	22.762026520652554	167.94676559409308	129.64868715988138
GSM4138111_HNSCC_1_TIL_GGCGACTAGTTTCCTT	135.01230867553483	175.9216275905402	0.0	173.56701061070098	0.0	0.0	0.0	76.88304150341385
GSM4138111_HNSCC_1_TIL_GGGACCTAGTTAGGTA	404.7871870849841	348.6215437876757	0.0	670.7712829406715	0.0	172.9834284441489	220.71046816536023	125.91702193722443
GSM4138111_HNSCC_1_TIL_GTCAAGTTCAGCACAT	447.8049338945334	153.78203442577112	28.413757536599668	205.869539937513	18.807225822368267	41.00651034641284	37.60106289957639	45.65272330652216
GSM4138111_HNSCC_1_TIL_TAAACCGTCCAGTATG	607.5181706530951	431.43124144452844	0.0	211.61493209320068	0.0	0.0	0.0	0.0
GSM4138111_HNSCC_1_TIL_TATGCCCGTCTCATCC	148.37758312117435	273.8322374913895	0.0	269.47931806310305	0.0	0.0	0.0	30.761555281449635
GSM4138111_HNSCC_1_TIL_TTTACTGAGTAGGCCA	651.7376133130643	24.25368865506775	32.06759740649621	335.0802193328467	6.524451354947199	22.959654258568477	26.67426297693883	0.0
GSM4138111_HNSCC_1_TIL_AACTTTCTCGCCAAAT	130.8689020686986	380.3785992884324	30.613195200411756	1420.4674625786306	26.669354306874872	0.0	0.0	4.858751814220818
GSM4138111_HNSCC_1_TIL_ACATCAGGTGTTCTTT	410.92680829103875	65.18961759022056	0.0	322.8846510699121	0.0	35.74555791499312	21.09612861737748	71.28342206802907
GSM4138111_HNSCC_1_TIL_ACGATACCACATTCGA	308.68773910148684	271.0811584471243	19.570618465573016	1351.2750319199142	9.350660494151883	0.0	0.0	54.19625014904794
GSM4138111_HNSCC_1_TIL_ACGGCCAAGGGTCGAT	214.0191277695242	178.5399928013962	0.0	362.7672449307038	24.512109776613837	0.0	9.236250489541263	0.0
GSM4138111_HNSCC_1_TIL_ACTGAGTTCTCTGTCG	165.94990562316647	184.95161868347247	0.0	455.26204972699503	16.97157761971635	0.0	54.476697595462454	67.44034870840488
GSM4138111_HNSCC_1_TIL_ACTTTCATCCCACTTG	377.833490053574	243.6020495200126	0.0	290.55963956402013	27.51769903579444	210.6703118308336	91.94357667973257	129.85888366657528
GSM4138111_HNSCC_1_TIL_AGCAGCCGTGAACCTT	147.27514804860667	147.0813887229917	0.0	132.64383039909652	3.9137250509740973	85.74012626718249	70.74434099269563	94.9757831975668
GSM4138111_HNSCC_1_TIL_AGGGATGTCGCCGTGA	219.61045734437485	326.67265194695074	0.0	202.00913505473397	0.0	0.0	0.0	0.0
GSM4138111_HNSCC_1_TIL_ATCATCTGTAGCGTGA	188.744903370123	80.79584306519803	23.714058565663642	1250.523565834092	39.14311311585942	47.53426048395271	5.4954174440589165	0.0
GSM4138111_HNSCC_1_TIL_ATCGAGTTCATTATCC	400.7322697575795	190.89986229401552	39.61275131133865	435.2326623251958	7.605978661853377	87.01590383455276	2.5410293280439724	64.10765423179922
GSM4138111_HNSCC_1_TIL_ATCTGCCAGGATGGTC	0.0	54.21420197019765	0.21492009647491622	557.5716083349573	5.029931510972015	27.04849893265953	163.01671338313616	36.1371855195214
GSM4138111_HNSCC_1_TIL_ATTTCTGGTACACCGC	340.0668772773539	73.45235538366288	0.0	578.8570720634167	0.0	0.0	0.0	0.0
GSM4138111_HNSCC_1_TIL_CAACCAATCTATCCCG	0.0	747.280465638918	0.0	1002.7990533451353	0.0	0.0	0.0	0.0
GSM4138111_HNSCC_1_TIL_CACACAACATCTACGA	11.441994971616037	272.4107568126027	0.0	446.5128764200642	0.0	0.0	21.788889635559567	0.0
GSM4138111_HNSCC_1_TIL_CACCTTGTCCGGGTGT	1674.3720320977245	64.68439845619417	10.912087384368556	1190.385926623106	0.0	169.87200233605324	205.98143016991784	218.5277506358069
GSM4138111_HNSCC_1_TIL_CATGACACAATGGAGC	643.2334550065304	0.0	0.0	776.5853109942094	0.0	61.35903524440088	191.96687033571075	148.00529612583645
GSM4138111_HNSCC_1_TIL_CCACTACTCACAATGC	768.8060402140004	7.5028064620232096	0.0	323.66678723300237	0.0	0.0	0.0	0.0
GSM4138111_HNSCC_1_TIL_CCCAGTTGTAGTAGTA	136.3031597706299	295.63092484079993	0.0	280.48926309043196	0.0	0.0	0.0	9.178861273962456
GSM4138111_HNSCC_1_TIL_CCGTGGATCCCTTGCA	518.175392436234	284.0750175293987	0.0	347.26017427865526	0.0	0.0	43.74379276945994	0.0
GSM4138111_HNSCC_1_TIL_CGCGGTATCATACGGT	100.58986330955702	0.0	5.106647334282351	715.509257381709	0.0	83.69842246944279	17.887682023718433	45.75822072410121
GSM4138111_HNSCC_1_TIL_CGGACTGAGCCGTCGT	0.0	387.8454474507036	0.0	561.2841428682766	0.0	0.0	0.0	0.0
GSM4138111_HNSCC_1_TIL_CGGAGCTTCGAACTGT	567.0663390288104	0.0	0.0	1144.3002546522457	33.884483692796714	473.81083934257333	299.5904755343962	581.0083482062832
GSM4138111_HNSCC_1_TIL_CGGAGTCGTATGAATG	162.04501910998977	396.58646930705027	0.0	331.9128513697894	0.0	0.0	0.0	0.0
GSM4138111_HNSCC_1_TIL_CGGTTAAGTCGACTAT	569.276507920778	192.34096398924513	32.74687686681777	511.21454553952833	0.0	0.0	0.0	0.0
GSM4138111_HNSCC_1_TIL_CGTCTACAGCCTATGT	330.73807653992435	140.04580892849964	55.76784730164531	374.49191220798843	4.759936039358366	82.62291162254843	49.01477198514846	42.529057762871
GSM4138111_HNSCC_1_TIL_CGTGTCTGTCTCCACT	568.8248155512617	98.00298027945279	0.0	723.3743081206576	0.0	156.17689647005324	146.497950614196	349.65416169096267
GSM4138111_HNSCC_1_TIL_CGTTAGAAGAGCTATA	57.62479460154573	162.0601077486273	0.0	422.15549437646996	0.0	37.963929072284664	45.068351250821706	0.0
GSM4138111_HNSCC_1_TIL_CTGCTGTGTCCGAGTC	364.6874425277449	243.50291073779158	0.0	186.00257842351022	21.194487766117337	0.0	26.16729574638235	5.323450957793353
GSM4138111_HNSCC_1_TIL_CTGGTCTGTCCGTGAC	204.0501313472843	72.12111347748223	26.707562626922343	1650.382272848253	0.0	147.73671163260605	30.25309118463644	158.36901739771758
GSM4138111_HNSCC_1_TIL_CTGTGCTTCGTCCGTT	345.2813491812243	200.47266363422153	0.0	640.3228637345418	16.41321606682373	0.0	0.0	0.0
GSM4138111_HNSCC_1_TIL_CTTCTCTGTCTTGCGG	71.48158630226452	64.70895489289889	0.0	498.79324049865346	18.326065999613732	0.0	0.0	0.0
GSM4138111_HNSCC_1_TIL_GAATGAACACGTCAGC	0.0	0.0	0.0	0.0	0.0	0.0	0.0	6115.6926835877
GSM4138111_HNSCC_1_TIL_GACTAACGTAGAAGGA	291.71982386280206	52.22587687127991	53.708975508432864	364.3163467036038	0.0	151.91166211824944	0.0	75.80014148344812
GSM4138111_HNSCC_1_TIL_GATCGATTCAGAGACG	0.0	0.0	0.0	2335.7958723389365	0.0	0.0	0.0	0.0
GSM4138111_HNSCC_1_TIL_GGGAATGAGCTGTCTA	0.0	28.17249822079827	0.0	764.5425518582501	6.5234454804124935	0.0	19.687836397462565	22.16074049620369
GSM4138111_HNSCC_1_TIL_GGGAGATGTGTGCCTG	471.3658272512049	125.43810204681138	17.00820739299569	495.51264046029786	0.0	58.598718585560185	3.66604962517488	189.31012702035434
GSM4138111_HNSCC_1_TIL_GGGTCTGTCCACGAAT	675.6671523286008	844.4679304485826	65.25714972329422	966.1175705336057	34.00060513837059	0.0	160.64702440164632	192.2585226612661
GSM4138111_HNSCC_1_TIL_GTCGGGTAGTCAATAG	95.43101245687029	209.52452435283178	0.0	313.01657235164106	0.0	0.0	25.976025074851872	0.0
GSM4138111_HNSCC_1_TIL_GTCTCGTCACCCATGG	156.32750786003348	152.36077807867665	0.0	422.7902599411892	0.0	8.20066724651935	0.0	0.0
GSM4138111_HNSCC_1_TIL_GTCTTCGGTTGATTCG	118.02972944006171	0.0	0.0	926.1538229256057	0.0	46.64197397431613	2.8796545473545745	151.76253065007708
GSM4138111_HNSCC_1_TIL_GTGCAGCCAGTTTACG	227.42767032504958	89.01941017643298	0.0	370.83331864159834	0.0	1.0903403090732	0.0	28.000470291837978
GSM4138111_HNSCC_1_TIL_GTTAAGCGTGCTGTAT	60.2980510591769	702.1573011991798	0.0	714.0383185283795	0.0	0.0	0.0	0.0
GSM4138111_HNSCC_1_TIL_TACTCGCCACACATGT	274.8036525653451	247.46304963668314	0.0	1107.7451359754255	7.630998553786169	144.62486870166586	67.0573385598404	293.6758296186126
GSM4138111_HNSCC_1_TIL_TACTTACGTGTGACCC	278.8897213145424	391.91520449154393	0.0	418.30986462180664	0.0	0.0	0.0	5.3755766242495335
GSM4138111_HNSCC_1_TIL_TCATTTGCAAGTAATG	293.2154263659813	302.77486630683535	19.740977875845257	191.96828294757975	5.2033312298700505	0.0	18.555512409936938	0.0
GSM4138111_HNSCC_1_TIL_TCTATTGGTGTTTGTG	132.0781908073872	155.3839605911124	0.0	564.6776643240144	0.0	71.2870979306257	0.0	111.69752877521057
GSM4138111_HNSCC_1_TIL_TCTCTAATCGTCTGCT	398.3343859147573	81.26880281245862	0.0	327.4336832429633	0.0	14.6250958219328	0.0	0.0
GSM4138111_HNSCC_1_TIL_TTCTACACACCGGAAA	55.74731154142745	404.63426651137877	0.0	1115.8918100888964	0.0	0.0	66.99044657551867	99.54227241155851
GSM4138111_HNSCC_1_TIL_AGTGTCACATTAGCCA	557.3741142521377	0.0	0.0	0.0	0.0	46.27838296174886	32.306507208044714	146.2917290022236
GSM4138111_HNSCC_1_TIL_GCGGGTTTCTCAACTT	908.0399556006181	18.648141022387275	0.0	0.0	14.261169850409733	136.54346209484405	58.72392657174031	200.9566018691516
GSM4138111_HNSCC_1_TIL_GCTCTGTGTCTAGTCA	1523.0710351399393	0.0	0.0	0.0	0.0	357.4692105680396	114.84688748389961	313.54063564266414
GSM4138111_HNSCC_1_TIL_GGACAAGAGGAGTACC	770.7285691341854	0.0	0.0	0.0	45.29292893590241	90.2924230716407	41.82877424012693	158.28324829812007
GSM4138111_HNSCC_1_TIL_GTCCTCAAGATGCCTT	1310.2531544317621	0.0	0.0	0.0	0.0	150.06841318735533	64.0601847538097	207.38260966960692
GSM4138111_HNSCC_1_TIL_TTTCCTCTCTCGCTTG	1201.9193187076862	0.0	109.98459930608249	0.0	55.44073393361137	151.3548492323016	34.673323162740395	168.0743557539701
GSM4138111_HNSCC_1_TIL_AAACCTGTCTTCGAGA	969.8879104304527	0.0	0.0	0.0	0.0	0.0	0.0	0.0
GSM4138111_HNSCC_1_TIL_ACACCCTTCACAGGCC	870.7278269882629	0.0	6.743441719727733	0.0	83.89458075412288	108.63063753854999	88.54518799898845	171.69074263387083
GSM4138111_HNSCC_1_TIL_ACGGCCAAGTGGAGTC	815.8629073003519	0.0	0.0	0.0	0.0	0.0	0.0	0.0
GSM4138111_HNSCC_1_TIL_ACGTCAAGTAACGCGA	674.7202604268855	38.959048847182075	0.0	4.539271351461198	0.0	0.0	0.0	48.952238986257015
GSM4138111_HNSCC_1_TIL_ACTATCTGTCTCTCTG	1044.2528490229352	0.0	0.0	0.0	0.0	0.0	0.0	0.0
GSM4138111_HNSCC_1_TIL_ACTTACTAGCTAGTGG	664.0824663133009	0.0	0.0	0.0	0.0	0.0	0.0	0.0
GSM4138111_HNSCC_1_TIL_ACTTGTTAGCTGTTCA	654.118740875365	11.260157820720181	0.0	0.0	0.0	0.0	0.0	113.8497310345187
GSM4138111_HNSCC_1_TIL_ATAACGCTCGCGCCAA	846.618044098814	0.0	0.0	11.341595734805466	0.0	0.0	0.0	0.0
GSM4138111_HNSCC_1_TIL_ATCATCTGTACCGCTG	812.058676478125	0.0	0.0	0.0	0.0	0.0	0.0	0.0
GSM4138111_HNSCC_1_TIL_ATTGGTGCACACCGCA	787.8893988672123	8.337978313580425	0.0	35.29250124632681	9.911938129816486	0.0	0.0	0.0
GSM4138111_HNSCC_1_TIL_CAAGAAAAGGCCCGTT	617.3796164950911	32.572746985981595	2.7618402380212865	21.062285867790923	0.0	0.0	0.0	15.347225853862772
GSM4138111_HNSCC_1_TIL_CAGGTGCGTCATGCCG	1112.0517754469797	0.0	177.63793938556617	0.0	44.4595482525697	17.52102676534415	0.0	13.846306653915935
GSM4138111_HNSCC_1_TIL_CGGACGTCACTCTGTC	725.6668242361076	0.0	0.0	0.0	0.0	0.0	0.0	0.0
GSM4138111_HNSCC_1_TIL_CGTCACTGTCCAGTGC	810.7186439275018	0.0	0.0	0.0	4.319963691814058	2.1744175083644524	0.0	4.751874851418855
GSM4138111_HNSCC_1_TIL_CTAATGGTCTGCAGTA	1141.2676971482867	0.0	120.88616412826559	4.834913761821586	26.292351949324086	74.065262171951	13.893924852671573	107.77851699210768
GSM4138111_HNSCC_1_TIL_CTGAAACGTTCCCGAG	670.2700925494285	0.0	0.0	4.672921273200941	0.3703439053825582	0.0	0.0	0.0
GSM4138111_HNSCC_1_TIL_CTGCTGTCATGTCGAT	713.3985899469775	0.0	0.0	27.607975855924707	0.0	0.0	0.0	0.0
GSM4138111_HNSCC_1_TIL_GACAGAGCAGCCAGAA	785.4869597884386	0.0	13.013175488274543	16.03406756391554	0.0	0.0	0.0	0.0
GSM4138111_HNSCC_1_TIL_GCGCCAAGTCATGCCG	1270.7214459731608	12.900846642901675	2.196326276880669	0.0	10.03553286907326	13.893993412715094	10.90396882453793	24.365823377109034
GSM4138111_HNSCC_1_TIL_GCTGCAGAGCGCTCCA	795.1194570004828	20.714199498110112	0.0	0.0	0.0	0.0	0.0	0.0
GSM4138111_HNSCC_1_TIL_GGCTGGTAGGCCCTCA	689.4215272669506	0.0	0.0	0.0	0.0	0.0	0.0	0.0
GSM4138111_HNSCC_1_TIL_GTGTTAGCAAAGAATC	411.28292260312935	19.865771931220642	0.0	47.86836315508701	0.6245524518592154	5.2450972975218	0.0	69.32933799858289
GSM4138111_HNSCC_1_TIL_TACTCGCGTTCCACTC	870.8774187609667	0.0	0.0	0.2766943917373012	0.0	0.0	0.0	0.0
GSM4138111_HNSCC_1_TIL_TAGGCATGTAGCTGCC	676.5313027067541	0.0	0.0	0.0	23.047960542283334	0.0	3.05135087151244	0.0
GSM4138111_HNSCC_1_TIL_TGAGCCGCAGTAACGG	797.1616178323665	5.4641678966174725	0.0	0.0	0.0	0.0	0.0	0.0
GSM4138111_HNSCC_1_TIL_TGAGGGAGTCTTCTCG	637.6024827531821	0.0	0.0	4.244377380558749	0.0	0.0	0.0	0.9357394424332587
GSM4138111_HNSCC_1_TIL_TGCCCATAGAGCTATA	963.3239982663258	0.0	0.0	0.0	0.0	57.71713884292627	40.754145561707766	95.03997243339823
GSM4138111_HNSCC_1_TIL_TGTATTCGTAAGGATT	805.1490125441417	5.306724279657951	0.0	0.0	0.0	0.0	0.0	0.0
GSM4138111_HNSCC_1_TIL_TTCGAAGAGACGCACA	753.2479538543022	23.8440293888559	0.0	57.4722818360917	0.0	0.17404152399146372	0.0	0.0
GSM4138111_HNSCC_1_TIL_AGAGCTTAGTCTCAAC	704.4647685699748	0.0	0.0	0.0	0.0	0.0	1.3008598212881295	0.0
GSM4138111_HNSCC_1_TIL_AGCGTATTCAAAGACA	910.4149058869193	0.0	17.7616234832661	0.0	0.0	3.2444735130828324	24.23590648617234	57.26253401111844
GSM4138111_HNSCC_1_TIL_ATCCACCAGGTGTTAA	842.3128565535657	1.638767503411524	35.94292730892325	1.833587157037928	0.13852713656226098	83.02504542470317	15.6498637562296	13.40207257627071
GSM4138111_HNSCC_1_TIL_CAACCAACACAGACTT	866.269874915555	28.56196319057888	41.697158046586004	0.0	0.0	90.94402065072873	57.37142365563894	34.29147476899782
GSM4138111_HNSCC_1_TIL_CAACTAGTCGCGTTTC	1260.996458115909	0.0	77.08718286940376	93.45939769309945	25.021566027849186	129.76358811118024	0.0	41.44859764076848
GSM4138111_HNSCC_1_TIL_CAGCTGGCAATAGAGT	710.8127308142413	28.77192224070286	0.0	0.0	0.0	74.53032390834184	2.557240957462944	57.018445809524096
GSM4138111_HNSCC_1_TIL_CAGTCCTAGGCATGTG	637.8723043346655	34.82672374771333	0.0	0.0	36.444630557536335	110.89682458030347	34.61671892916919	40.43758068527573
GSM4138111_HNSCC_1_TIL_CCACTACAGCACAGGT	628.9353777533942	71.1191716784723	0.0	12.138527553910489	0.0	0.0	0.0	0.0
GSM4138111_HNSCC_1_TIL_CCACTACCATTAGCCA	513.9968726603806	43.046690790094	0.0	12.700401427501548	8.012817719695693	56.29211782875513	58.83489787549312	31.10156074171455
GSM4138111_HNSCC_1_TIL_CCAGCGATCAATCACG	786.2527368019051	0.0	31.5196077546093	65.87107157308488	37.73003878816522	51.233717469459044	12.520455514823936	0.0
GSM4138111_HNSCC_1_TIL_CGGACGTTCTTGCAAG	812.7396441492576	0.0	3.683720415065415	0.0	17.414479198336902	37.57068163879075	41.89243398313089	38.63259533180581
GSM4138111_HNSCC_1_TIL_CGTTAGACAACACCCG	510.9238202565251	9.142087113803054	9.104114055232454	94.65139629704912	0.0	0.0	0.0	0.0
GSM4138111_HNSCC_1_TIL_CTGCGGACAGTCAGCC	532.6206905197944	20.663068663451718	0.0	0.0	0.0	0.0	0.0	0.0
GSM4138111_HNSCC_1_TIL_GCAGCCAGTGATGCCC	423.37499110499175	102.81677762214473	1.8945477529114239	90.92497459540769	10.681081288952132	22.262769547415516	26.617035264549127	18.17426688522313
GSM4138111_HNSCC_1_TIL_GGCTGGTGTGCCTGTG	659.0390698941525	0.0	7.158364565233212	0.0	0.0	0.0	0.0	29.996836017775234
GSM4138111_HNSCC_1_TIL_TGACGGCAGCGTCAAG	694.0779535494086	79.64624869987017	0.0	0.0	22.03719158869079	23.90770108756607	16.311768199240532	54.34404747383648
GSM4138111_HNSCC_1_TIL_TGCGCAGAGCATGGCA	606.2020833932077	54.45857902585956	26.132388912959698	0.0	1.2025664812213612	0.0	0.0	0.0
GSM4138111_HNSCC_1_TIL_ACGGAGACAGGACGTA	404.65244013319426	0.0	0.0	0.0	14.152154257705194	111.20746717063975	64.87002092424841	89.69830654267656
GSM4138111_HNSCC_1_TIL_AGATCTGAGTCAAGCG	1501.9908341116982	0.0	23.441415747461377	0.0	0.0	97.58054758008666	50.905124568739	122.72745399749573
GSM4138111_HNSCC_1_TIL_ATAAGAGAGAGTCTGG	656.74989285701	0.0	0.9215153150751333	0.0	26.810627415131158	158.2262586354781	141.90663604402553	60.04052928939863
GSM4138111_HNSCC_1_TIL_GAACGGAAGGGATACC	725.7353934969442	25.797766649714617	44.53803976405426	0.0	24.51196009317838	193.92204684350773	66.13441888370978	141.37058084585397
GSM4138111_HNSCC_1_TIL_GACGCGTTCTAACTCT	555.0428902537433	0.0	0.0	0.0	0.0	148.1601663315688	123.86242678338728	83.506217933694
GSM4138111_HNSCC_1_TIL_GATGCTAGTAAATGTG	788.6967111218293	0.0	0.0	0.0	0.0	79.30074637604022	44.54630723439111	61.51845104102571
GSM4138111_HNSCC_1_TIL_GTGAAGGTCGTACCGG	1423.8117147740872	87.06716816095552	95.1500188697997	113.00995494248106	35.37292256598767	2.159389712103142	111.75098039929163	88.75053326663188
GSM4138111_HNSCC_1_TIL_TGCTACCTCGGATGGA	581.4281711797702	0.0	0.0	0.0	0.0	72.56619979130568	147.20369681701493	67.35391332939375
GSM4138111_HNSCC_1_TIL_ACATACGAGTCATGCT	436.57031937935807	139.02823512509548	0.0	138.7329540276475	12.771890544137715	0.8101800847618967	37.550986801828294	0.0
GSM4138111_HNSCC_1_TIL_CAACCTCGTTCAACCA	552.2080207572325	12.209444149829103	0.0	143.45320533972418	0.0	0.0	0.0	0.0
GSM4138111_HNSCC_1_TIL_CAACTAGTCACCATAG	952.8150915588997	147.7412054266879	3.8612589050427624	102.82276517797996	9.403500251424203	11.6639771652993	0.0	0.17741197819128235
GSM4138111_HNSCC_1_TIL_CCAGCGAAGGGATACC	537.2337287806902	130.21313696206934	0.0	148.01181938861868	14.06252776892819	0.0	0.0	0.0
GSM4138111_HNSCC_1_TIL_GAAATGAGTCTAGTCA	648.4420562610111	53.93161944164698	0.0	25.829463731942568	0.0	0.0	0.0	0.0
GSM4138111_HNSCC_1_TIL_GCAGTTACATAGAAAC	857.543765150594	0.0	0.0	78.93223239273652	0.0	0.0	0.0	0.0
GSM4138111_HNSCC_1_TIL_GGTATTGCAGGAATGC	759.5791708789717	0.0	0.0	131.93508419067842	0.0	0.0	0.0	0.0
GSM4138111_HNSCC_1_TIL_GGTGTTACATTAGCCA	347.12619865484174	193.7057954991858	0.0	175.85510662094225	0.0	0.0	1.9726329701015441	0.0
GSM4138111_HNSCC_1_TIL_GTCTTCGAGCTAGTGG	664.6886525084457	0.0	0.0	114.93899220828703	0.0	0.0	16.225341535046752	0.0
GSM4138111_HNSCC_1_TIL_TTGCGTCCATCGGACC	781.1489951509845	0.0	0.0	112.69224155857982	0.0	0.0	0.0	0.0
GSM4138111_HNSCC_1_TIL_CACACCTGTACGCTGC	563.4006460046843	0.0	0.0	55.8292812254399	16.926496135831286	0.0	0.0	36.1806510489282
GSM4138111_HNSCC_1_TIL_CAGAGAGCATAAAGGT	700.8351772213355	28.62081722331699	24.172976546809135	0.0	44.509841254284964	0.0	0.0	0.0
GSM4138111_HNSCC_1_TIL_CCCTCCTCACTTAACG	746.813413809509	0.0	0.0	76.13789204833877	0.0	0.0	0.0	0.0
GSM4138111_HNSCC_1_TIL_CCTAAAGGTGACGGTA	787.9440569926683	0.0	0.0	26.330740719965487	0.0	0.0	0.0	0.0
GSM4138111_HNSCC_1_TIL_CCTTCGATCTTTACAC	834.9534654124698	0.0	0.0	31.652828414565	4.776362593509939	0.0	29.542915434391276	7.9485353426378955
GSM4138111_HNSCC_1_TIL_GAGCAGAGTTCAGCGC	572.9873696462125	0.0	0.0	8.004030507828778	0.0	0.0	0.0	0.0
GSM4138111_HNSCC_1_TIL_GGTGCGTCAGCTGTAT	613.3203999268075	0.0	16.984240933682376	43.0545778297086	0.0	0.0	0.0	26.13803115625477
GSM4138111_HNSCC_1_TIL_TATTACCCATCCCATC	666.1140853626307	29.537972662357504	0.0	16.63016009312606	0.0	0.0	0.0	0.0
GSM4138111_HNSCC_1_TIL_TGAGAGGAGCCGCCTA	674.523663273224	0.0	0.0	57.517897131003004	0.0	0.0	0.0	1.2757556565146508
GSM4138111_HNSCC_1_TIL_AGTTGGTAGTACGTTC	467.22718771950315	16.426631122130505	0.0	18.723438822533875	11.154758979939622	13.763459642541179	0.0	3.86062999417428
GSM4138111_HNSCC_1_TIL_CCCAGTTTCAGTACGT	642.7388655160443	0.0	0.0	1.324777161700523	13.188061978915064	75.51951786276294	24.088698590590514	64.54701774075039
GSM4138111_HNSCC_1_TIL_CCTAAAGCAAGGACTG	518.8610820502768	0.0	0.0	0.0	0.0	37.24696117069517	0.0	11.042409400683127
GSM4138111_HNSCC_1_TIL_GACGCGTTCAAACCGT	779.059084675798	5.148455806880092	0.0	22.762043012362902	10.019874535088864	0.0	0.0	0.0
GSM4138111_HNSCC_1_TIL_GGATGTTGTGGCTCCA	690.9113417078887	0.0	0.0	15.600405182370631	0.0	0.0	0.0	0.0
GSM4138111_HNSCC_1_TIL_ACTGATGGTGCTAGCC	785.7897894456562	81.06313454190867	78.58273220106359	0.0	2.8999292781100787	0.0	0.0	0.0
GSM4138111_HNSCC_1_TIL_CCTACCACATCGGGTC	747.6975122242309	1.470498394373593	0.0	11.70021698661619	2.5258798129889515	0.0	0.0	0.0
GSM4138111_HNSCC_1_TIL_CTCACACAGTTGTCGT	913.2788897751619	0.0	20.431335338793826	0.0	7.85038134884051	0.0	16.4495374991817	47.57947001758648
GSM4138111_HNSCC_1_TIL_TACTTGTTCCGCATCT	914.0856918420388	0.0	0.0	61.94255417463321	0.0	33.8467937154045	25.810515738980094	93.01753967840045
GSM4138111_HNSCC_1_TIL_TGGCGCACATTATCTC	582.6971005459137	58.14168051917208	0.0	19.00891578742421	0.0	0.0	0.0	0.0
GSM4138111_HNSCC_1_TIL_AGAATAGTCTCCAACC	230.23334146068194	158.70693736053556	0.0	243.96019747823584	0.0	0.0	0.0	0.0
GSM4138111_HNSCC_1_TIL_AGCTCTCTCTAACTCT	179.89505995477992	192.00394580880965	2.040442076628155	821.0346384516305	0.0	0.0	0.0	81.24193555396063
GSM4138111_HNSCC_1_TIL_CACACAATCCCAAGAT	742.7405697714763	33.005387423039124	0.0	320.0871699812351	0.0	0.0	0.0	0.0
GSM4138111_HNSCC_1_TIL_CCTAAAGTCTAACCGA	269.66871250025747	62.26350358554546	0.0	229.7414478139591	0.0	0.0	0.0	0.0
GSM4138111_HNSCC_1_TIL_TCAACGAAGCGTAATA	248.717716415872	184.99963142458697	0.0	205.7022571675076	0.0	48.57158415107073	59.164309613366086	34.406615692826016
GSM4138111_HNSCC_1_TIL_TCGGTAACATTACGAC	115.90813175702725	227.76027761094687	0.0	178.0790518504691	0.0	4.150273976400473	48.19284469277596	0.0
GSM4138111_HNSCC_1_TIL_AACTCCCAGATGAGAG	249.23650308057137	211.16588159917677	76.90362531394392	36.85444839621727	125.81677321842449	8.506021658083819	10.363528547173491	34.429991664846376
GSM4138111_HNSCC_1_TIL_CACACAACAATTCCTT	559.5086154855563	123.21215159310896	0.0	10.067860771625082	0.0	0.0	0.0	17.69465009235225
GSM4138111_HNSCC_1_TIL_CATGCCTCAGAGTGTG	443.90309357704837	237.01621779877635	0.0	51.23748563390219	33.42054629745858	0.0	0.0	0.0
GSM4138111_HNSCC_1_TIL_GACCTGGTCAATAAGG	632.0308452674658	156.46882543541838	13.30488541780478	25.28464294701916	0.0	0.0	0.0	0.0
GSM4138111_HNSCC_1_TIL_ACCGTAAAGAGGGATA	405.6166487877428	318.71545972138534	61.58922278478835	15.26129231112583	39.8078292798079	0.0	31.137812218029076	0.0
GSM4138111_HNSCC_1_TIL_ACGTCAAGTAGTACCT	625.1745411015144	531.7753366135454	150.0082110420361	0.0	41.828252239788796	33.66707128477869	103.89516956307409	104.00074348103722
GSM4138111_HNSCC_1_TIL_ACTGAACGTCTGGTCG	881.0111908256705	129.81072022129052	10.886875037374034	37.343754228380725	12.23787713680799	86.95375828696514	0.0	26.582794805846103
GSM4138111_HNSCC_1_TIL_AGGTCATGTCGCTTTC	346.1806823036831	521.7015684427097	0.0	165.43349930106584	0.0	0.0	0.0	0.0
GSM4138111_HNSCC_1_TIL_CCTCTGACACTTCTGC	588.7009470154555	254.10233398322478	77.68245426158963	4.382121737391646	45.50812736760942	0.0	0.0	0.0
GSM4138111_HNSCC_1_TIL_CTGCGGAGTTTAGCTG	353.7024659290019	455.80925215963185	50.90258824351916	0.0	0.0	0.0	33.5984848364269	0.0
GSM4138111_HNSCC_1_TIL_GAAACTCAGCTTTGGT	209.16659179754683	198.0639549970431	3.8813085956749114	91.73986757993491	22.85928280265601	0.0	29.85890811647545	0.0
GSM4138111_HNSCC_1_TIL_GAAGCAGAGAAGATTC	467.4365272416842	146.7582684509187	29.872593480887037	3.286837609028911	10.555245362953503	0.9598305584958614	0.0	0.0
GSM4138111_HNSCC_1_TIL_GATCGCGTCTGGTTCC	912.535733086291	303.29776628129065	118.53110495078613	0.0	31.813971354170263	116.73250364019341	196.00310932100754	185.85387027682367
GSM4138111_HNSCC_1_TIL_GCAGCCATCACTATTC	491.6418254369235	232.26153759242388	87.26727277800656	0.0	39.238467295663455	19.105295289937402	0.0	0.0
GSM4138111_HNSCC_1_TIL_GGGCATCGTAGATTAG	628.6122967655426	309.4316825912807	60.770761967160965	0.0	35.160677664065226	47.892630447072385	74.22172951035922	38.174768604282384
GSM4138111_HNSCC_1_TIL_GTGCTTCTCGCCAGCA	151.57540470467939	301.6108247114098	19.099419584086707	1.814383659860717	4.85500661259913	0.0	133.44348113729146	0.0
GSM4138111_HNSCC_1_TIL_TCGTAGAAGATAGCAT	506.21042713167776	182.89864008203799	61.04568887234073	0.0	0.0	0.0	6.987488495360439	0.0
GSM4138111_HNSCC_1_TIL_TGAAAGAGTGTTCTTT	1212.335071972169	108.97518299466157	57.86858811925419	0.0	39.432374943184946	273.23907218850314	397.7376510280191	367.77131306473484
GSM4138111_HNSCC_1_TIL_TGAGCATTCCAATGGT	256.9046279229599	351.5993040322104	118.51222400774483	0.0	27.246177309806775	0.0	6.484289932204829	0.0
GSM4138111_HNSCC_1_TIL_TTGACTTGTGGTTTCA	217.61717789889252	441.7143434262442	0.0	168.62916807359613	43.631468363779874	0.0	36.20713205186381	0.0
GSM4138111_HNSCC_1_TIL_TTGGCAACAAACCTAC	976.428142785878	137.8820811872483	66.7016998808303	42.01738341540146	94.28971328549235	138.12928079379148	151.27614159979282	212.43077190696258
GSM4138111_HNSCC_1_TIL_AACACGTAGGAGTCTG	0.0	0.0	1101.2003187922298	0.0	0.0	0.0	0.0	2.64812684807151
GSM4138111_HNSCC_1_TIL_ACGCCGACATGCGCAC	47.54824636567167	0.0	670.2678933885076	0.0	14.233166865276392	0.0	0.0	0.0
GSM4138111_HNSCC_1_TIL_ACGGAGACAGGGTACA	51.71721381334943	0.0	943.558295071614	8.32673224714664	0.0	7.543787608493719	0.0	4.035389008951203
GSM4138111_HNSCC_1_TIL_ACGGGCTCAGGAATGC	99.78075593924544	177.54989248764576	706.3003766509898	0.0	82.48156745517389	95.62609340790495	89.30075416123022	136.62777209805014
GSM4138111_HNSCC_1_TIL_ACGTCAAAGAGCTGCA	0.0	0.0	1155.264085534231	2.679639356889033	0.0	0.0	0.0	29.87509101283178
GSM4138111_HNSCC_1_TIL_ACTATCTAGAGTACAT	0.0	24.76148994487204	1336.611599097474	6.546473310021559	10.368776322820354	0.0	0.0	0.0
GSM4138111_HNSCC_1_TIL_ACTGAGTCACCCAGTG	0.0	0.0	994.0785097081824	0.0	11.190010039674126	0.0	13.2117266794036	0.0
GSM4138111_HNSCC_1_TIL_ACTTGTTCAATCCGAT	0.0	35.307010325372154	936.0121844403233	0.0	0.0	30.680145474919993	45.94800964502645	0.0
GSM4138111_HNSCC_1_TIL_AGATCTGCACTCAGGC	0.0	0.0	943.8459599843228	10.160928776897855	0.0	0.0	0.0	0.0
GSM4138111_HNSCC_1_TIL_AGCAGCCCACATTAGC	0.0	57.55749125849467	660.7023110980102	0.0	5.411208539857548	0.0	41.411196848445435	0.0
GSM4138111_HNSCC_1_TIL_AGCTCCTTCACCTCGT	0.0	39.47941080362399	999.8205144562403	0.25047233479107367	4.630006210492662	23.614296433371894	33.08848537458923	39.27986972444101
GSM4138111_HNSCC_1_TIL_AGGCCACGTCCTCTTG	8.524173102663948	29.194397373398942	1114.5765744068497	0.0	0.0	0.0	0.0	105.04670524906
GSM4138111_HNSCC_1_TIL_AGGCCGTGTTTGACAC	88.84075878436163	0.0	730.0548088551592	0.0	30.739703840239354	0.0	11.693645956864444	36.27750366294812
GSM4138111_HNSCC_1_TIL_AGTAGTCCAGTTTACG	0.0	0.0	1094.3743188799058	0.0	0.0	0.0	0.0	0.0
GSM4138111_HNSCC_1_TIL_AGTGGGAGTGTCCTCT	0.0	78.45074700344377	682.0593116187913	0.0	18.503757049467772	74.82922372138704	48.41086679520857	66.9573750380744
GSM4138111_HNSCC_1_TIL_ATCACGACAAGGACTG	69.72914926362654	0.0	445.5830343893939	0.0	0.0	0.0	62.013918522935946	114.43272334796386
GSM4138111_HNSCC_1_TIL_ATGCGATAGAATTCCC	59.30994609206258	0.0	724.2148888300818	0.0	0.0	0.0	0.0	82.49749594081175
GSM4138111_HNSCC_1_TIL_ATGCGATGTAGCTGCC	0.0	0.0	1033.8496922085696	0.0	0.0	0.0	0.0	0.0
GSM4138111_HNSCC_1_TIL_ATTATCCAGTGTTAGA	3.202534726203534	41.14899798983918	963.2032136636047	0.0	0.0	6.091671037939523	57.226580893645206	0.0
GSM4138111_HNSCC_1_TIL_ATTCTACGTCGAATCT	0.0	0.0	1290.8597753459978	70.29875021863347	0.0	0.0	0.0	0.0
GSM4138111_HNSCC_1_TIL_ATTGGACAGCAATCTC	0.0	0.0	989.1239792996173	0.0	0.0	0.0	30.721279622245692	0.0
GSM4138111_HNSCC_1_TIL_CACATTTGTTGTTTGG	422.475315979074	0.0	1146.4400095794224	0.0	45.950062667420944	119.27663451930148	9.672697511351085	178.13784580516682
GSM4138111_HNSCC_1_TIL_CCCAGTTTCTCGTTTA	0.0	52.19138883806732	1314.7958914092299	0.0	0.0	16.155034311679433	0.0	90.28528886515186
GSM4138111_HNSCC_1_TIL_CCCATACAGACGCAAC	47.178697811922895	27.373072002921223	407.24833655131897	45.45003220280319	22.205063377944995	67.75160492311223	33.59050979105053	0.0
GSM4138111_HNSCC_1_TIL_CCGTGGAAGGCATTGG	99.65102186598924	28.464009018650213	1023.4738446679343	0.0	46.2109099949547	51.329618745288265	113.517200525576	65.27549586212473
GSM4138111_HNSCC_1_TIL_CCGTGGAAGTAACCCT	17.34602705077339	39.205989854315014	990.490653878626	0.0	33.24861873346313	0.0	0.0	0.0
GSM4138111_HNSCC_1_TIL_CCTAAAGTCTCCCTGA	0.0	0.0	941.6405171954855	37.105868627899774	0.0	40.87991373707677	3.1382541696029467	43.18684419280337
GSM4138111_HNSCC_1_TIL_CCTTACGAGTGGCACA	0.0	0.0	1142.8445040641145	3.3162371629516754	0.0	0.0	0.0	0.0
GSM4138111_HNSCC_1_TIL_CGCTGGATCCTCAACC	0.0	0.0	819.9067998794251	0.0	3.8976425447609624	35.9193536613332	19.466210591775422	24.8914449289111
GSM4138111_HNSCC_1_TIL_CGGAGTCCATCCGCGA	14.958358212631124	66.87832241071825	569.8746943036525	13.766433966951702	0.3454416361130453	8.429703212656053	0.0	28.464304968392938
GSM4138111_HNSCC_1_TIL_CGTCACTTCCCATTTA	51.05574847715589	0.0	608.3650814859416	0.0	5.980190293572703	32.117864490520006	30.98467623874935	0.0
GSM4138111_HNSCC_1_TIL_CTCGTCATCGATGAGG	19.990344156064776	0.1351104925534936	1154.706485536441	44.84966121128308	0.0	22.65306067189876	5.639120180762122	16.885764723973764
GSM4138111_HNSCC_1_TIL_CTGATCCAGCTGAACG	102.30899758411793	0.0	989.7031634958255	0.0	43.88929013785597	93.54262687808868	78.9252593499987	110.71243379541254
GSM4138111_HNSCC_1_TIL_CTTAACTCATGGTCAT	0.0	182.3784974088299	939.9557952965879	0.0	0.0	23.40183492178202	0.0	84.5115452915492
GSM4138111_HNSCC_1_TIL_CTTACCGTCACAGTAC	21.14629954693796	0.0	897.6794794236718	28.884883950917104	0.0	7.133692642962149	17.33846640873264	0.0
GSM4138111_HNSCC_1_TIL_GAACGGATCTGAGTGT	0.0	64.58855233341222	811.9761543842228	0.0	0.0	0.0	0.0	0.0
GSM4138111_HNSCC_1_TIL_GACCAATCAAAGCGGT	0.0	0.0	1266.711824204087	0.0	0.0	0.0	0.0	0.0
GSM4138111_HNSCC_1_TIL_GATCTAGGTCAAACTC	15.05880503208481	2.2765422288813784	854.7616785397191	0.0	0.0	63.737671290243696	0.0	21.318188176230745
GSM4138111_HNSCC_1_TIL_GCAATCATCTCTAGGA	0.0	155.73770091669098	897.9264603158284	0.0	0.0	37.66669467090697	7.749797184305424	7.852942370369972
GSM4138111_HNSCC_1_TIL_GCAGCCACAAGTCTGT	0.0	0.0	1194.9751071892927	29.590231616595325	0.0	0.0	0.0	55.42672507555829
GSM4138111_HNSCC_1_TIL_GCAGTTATCTTCGAGA	261.6780594663982	0.0	749.055972773896	9.759585867680379	11.174690014035198	173.7357730322838	163.63545182782252	122.43858891246765
GSM4138111_HNSCC_1_TIL_GCCTCTAAGCTAACTC	0.0	61.78415322116636	912.7357053042525	16.053732149912868	0.0	0.0	43.909248046223055	0.0
GSM4138111_HNSCC_1_TIL_GCGCCAAGTACAGTTC	0.0	0.0	1147.4039494921692	0.0	12.912100132529703	0.0	0.0	0.0
GSM4138111_HNSCC_1_TIL_GCTCTGTTCAACTCTT	0.0	0.0	1249.4354080767407	19.15742044911253	0.0	0.0	0.0	0.0
GSM4138111_HNSCC_1_TIL_GCTGCGATCTCGAGTA	15.123635622762302	104.22105474165886	1232.8487631324926	35.80029784932708	32.18865896646025	40.48517715082044	0.0	17.908096929885446
GSM4138111_HNSCC_1_TIL_GCTTGAAGTGACCAAG	0.0	0.0	934.5316110931135	0.0	0.0	22.44751640156493	7.765557347580013	0.0
GSM4138111_HNSCC_1_TIL_GGAATAACATCGACGC	75.67604354653433	130.07636925444285	1126.8136348291325	0.0	0.0	0.0	34.10775878354258	0.0
GSM4138111_HNSCC_1_TIL_GGACGTCTCCGTTGCT	0.0	43.99889874622817	1305.603314191141	0.0	0.0	11.784473484049675	0.0	0.0
GSM4138111_HNSCC_1_TIL_GGAGCAATCCGTAGGC	14.911280396645237	0.0	881.8304495171461	43.58504928421468	0.0	8.046794717670277	3.3652780730060226	2.5966737019205497
GSM4138111_HNSCC_1_TIL_GGCTGGTCACCAGCAC	26.83092882748091	0.0	956.3886470509656	0.0	0.0	0.0	0.0	0.0
GSM4138111_HNSCC_1_TIL_GGGAGATAGGGTTCCC	0.0	0.0	999.6378859099415	0.1673829173522053	1.4119040531406146	0.0	0.0	0.0
GSM4138111_HNSCC_1_TIL_GGGTTGCCAGCCAATT	101.46069286225826	90.16742749110465	604.7042933554086	1.3927755518641722	0.0	17.596814377235066	17.051081244103383	0.0
GSM4138111_HNSCC_1_TIL_GTAGTCACATCACGAT	0.0	0.0	991.986221194265	0.0	0.0	15.015286347620965	0.0	20.33373845534575
GSM4138111_HNSCC_1_TIL_GTATTCTCAACTGCTA	0.0	0.0	978.6290880845075	4.05472487954868	0.0	0.0	60.18923089969416	27.68561328077489
GSM4138111_HNSCC_1_TIL_GTCACGGGTCTTGTCC	0.0	0.0	1120.8667607276482	0.0	0.0	0.0	0.0	0.0
GSM4138111_HNSCC_1_TIL_GTCCTCATCCCTCAGT	374.1515855438728	22.259432244674766	1301.9485921856835	0.0	23.338706096864485	160.13361171291643	126.86870387991516	341.1161439625896
GSM4138111_HNSCC_1_TIL_GTGCATACATCACAAC	472.04970333544935	8.556115743572649	627.120410107752	0.0	0.0	0.0	0.0	0.0
GSM4138111_HNSCC_1_TIL_GTGTGCGAGTGGGATC	0.0	0.0	1021.8775206112622	0.0	0.0	0.0	0.0	0.0
GSM4138111_HNSCC_1_TIL_GTTCATTGTGCCTGGT	49.91740480062943	411.26820845708625	911.4498916040884	0.0	12.137992566284753	190.0509036312378	268.09636662255605	0.0
GSM4138111_HNSCC_1_TIL_GTTCATTTCATGTAGC	0.0	0.0	1157.240095473306	0.0	0.0	0.0	0.0	0.0
GSM4138111_HNSCC_1_TIL_TAAGCGTTCGGATGGA	0.0	33.04103183843987	980.0470914384689	13.560889618701756	0.0	0.0	0.0	0.0
GSM4138111_HNSCC_1_TIL_TACGGATGTCGTGGCT	10.74880595279323	0.0	888.2503679415088	0.0	0.0	0.0	0.0	0.0
GSM4138111_HNSCC_1_TIL_TATCAGGTCTACCAGA	0.0	63.48693750536913	846.4397073699683	0.0	3.953783751432539	0.0	1.8806965001689047	0.0
GSM4138111_HNSCC_1_TIL_TCGCGAGTCCGCATAA	17.843419045049462	0.0	971.4874581028307	0.0	0.0	24.7121811452954	0.0	0.0
GSM4138111_HNSCC_1_TIL_TGACTAGAGCGTAATA	0.0	0.0	845.9616401370301	0.0	0.0	0.0	35.9824052017788	0.0
GSM4138111_HNSCC_1_TIL_TGCTACCCACTGTCGG	311.53652395074255	44.02622622990133	301.19284964762153	89.64794365913659	0.0	16.558781625586175	58.85516388701807	13.611668009919196
GSM4138111_HNSCC_1_TIL_TTGCCGTCAAGACACG	0.0	0.0	1266.3800214369733	0.0	13.676785377351463	0.0	0.0	30.201762651448238
GSM4138111_HNSCC_1_TIL_TTGTAGGCACAGGAGT	37.130997420584215	133.35853757058908	575.5918893309819	15.774595661269895	0.0	30.227428172882536	77.71314364074705	15.26342177141451
GSM4138111_HNSCC_1_TIL_ACACCAAAGACTACAA	851.934748894493	0.0	0.0	25.66888665852912	0.0	0.0	0.0	0.0
GSM4138111_HNSCC_1_TIL_CTCATTAAGCTCCTTC	857.7038494352385	38.497072918111385	6.439346318726341	66.128607297437	0.0	0.0	0.0	0.0
GSM4138111_HNSCC_1_TIL_TAGTGGTGTACCATCA	684.2148315062474	2.222383737114868	0.0	110.44405227881862	0.0	0.0	39.17874161874895	0.0
GSM4138111_HNSCC_1_TIL_TTATGCTTCCGATATG	621.5627975534508	66.79393165431026	0.0	63.44527506837229	0.0	0.0	0.0	0.0
GSM4138111_HNSCC_1_TIL_ATCCGAATCAACACTG	88.40055508325105	450.2207613551508	0.0	11.83873505193578	17.692055302540897	18.85969433386937	0.0	0.0
GSM4138111_HNSCC_1_TIL_CGTCTACTCTGGCGAC	1629.9172107019854	409.1759851913706	88.11987107944222	70.51187272090033	0.0	124.64897219930023	149.91197373142253	53.53036225670148
GSM4138111_HNSCC_1_TIL_GTTTCTAAGGAGTTTA	185.03492484048985	339.2263719326027	0.0	107.11188264381668	0.0	0.0	0.0	16.944638015994034
GSM4138111_HNSCC_1_TIL_AAACGGGTCTTGCCGT	750.3893908108015	224.9327059362614	0.0	279.6805396759358	7.2878544591313625	421.6308501188377	285.9814507832095	683.1162043706389
GSM4138111_HNSCC_1_TIL_AAAGATGAGCTAGTCT	82.86379698605603	890.1678730921186	21.93042574053648	0.0	0.0	0.0	34.987102325042976	10.994840044883448
GSM4138111_HNSCC_1_TIL_AACTGGTTCCTCATTA	820.1143677121629	3252.336728322274	0.0	384.9586673210396	0.0	0.0	0.0	164.42372441985628
GSM4138111_HNSCC_1_TIL_ACACTGACATTAACCG	0.0	1152.0855312684919	0.0	531.5146417517922	0.0	0.0	0.0	0.0
GSM4138111_HNSCC_1_TIL_ACCTTTATCAATCACG	528.2618525610633	926.4348533164347	275.87953160647305	0.0	122.03966908339629	280.8770717832867	655.2256852239219	465.78526580177015
GSM4138111_HNSCC_1_TIL_AGCTTGAAGAGGACGG	581.3250952003558	288.26132707016046	83.71736015806752	27.06010083328568	0.0	230.53874592469842	139.18428562188316	124.46627973056883
GSM4138111_HNSCC_1_TIL_ATGCGATAGACGCTTT	730.9107344712365	376.0390411496131	11.349551250374398	0.0	4.352753732507741	394.56067433471486	927.4819092751674	503.9539299642398
GSM4138111_HNSCC_1_TIL_ATTGGACAGACACTAA	0.0	1037.0920492885743	0.0	131.21852938476582	0.0	267.6640105211177	0.0	0.0
GSM4138111_HNSCC_1_TIL_ATTGGACAGCTAGGCA	310.6004789460159	1316.1887006206528	33.69843695670861	0.0	101.18711800364392	106.4243825937049	35.70941770835046	207.6923586351352
GSM4138111_HNSCC_1_TIL_CAACTAGAGACTTTCG	641.0284903892453	280.19298360566694	11.405741337660942	0.0	17.959158799745115	269.29723958565467	180.61769106114076	301.39208224207516
GSM4138111_HNSCC_1_TIL_CAGCTAACAGTATGCT	419.6272778089163	673.8141724561564	197.61322400272454	0.0	61.30434732785798	44.87056025249401	31.681226237166396	0.0
GSM4138111_HNSCC_1_TIL_CATTCGCCAAGGACAC	0.0	1079.8437677359743	0.0	227.0567279181186	0.0	342.2759633738402	14.368648347102496	0.0
GSM4138111_HNSCC_1_TIL_CCCTCCTAGCCGTCGT	0.0	1173.5501975450748	0.0	54.61100334656293	5.941618607022737	51.33442645636316	0.0	0.0
GSM4138111_HNSCC_1_TIL_CCTTCCCGTCCCGACA	0.0	680.1572099212593	28.796698255467625	318.2947353930525	0.0	450.75917569883615	0.0	0.0
GSM4138111_HNSCC_1_TIL_CGTGAGCGTATCAGTC	433.1348353429704	254.37150292619876	36.538560628013414	0.0	5.075104655942232	66.67924817494438	50.72844537243428	48.36225032568613
GSM4138111_HNSCC_1_TIL_CGTGTAAAGCCAGGAT	0.0	1216.6050380260244	10.947558946468869	457.66013529927517	0.0	0.8674486932129339	0.0	216.19448517685004
GSM4138111_HNSCC_1_TIL_CTAGCCTCAGCTTCGG	502.585356652111	2334.1270117854165	17.47609977922217	0.0	0.0	265.7068610403765	362.063963281539	532.937332421597
GSM4138111_HNSCC_1_TIL_CTCAGAAAGTGCTGCC	154.3590551024723	341.1402602903056	24.117244266720437	31.10957033556971	33.61838880640847	37.41406465101098	44.93240157947762	41.71768868332503
GSM4138111_HNSCC_1_TIL_CTCAGAAGTCAAGCGA	385.88905601599487	984.7680220004556	57.68101373472037	0.0	10.857887242134968	340.5547176476497	188.442251781931	500.9847717700515
GSM4138111_HNSCC_1_TIL_CTCGAAAAGGCCCTCA	0.06923921447168813	587.4856702107049	0.0	417.21714036829945	0.0	4.810796319010189	28.91474688445201	0.0
GSM4138111_HNSCC_1_TIL_GAAATGAAGGATATAC	213.12378174517713	463.8492013324574	2.7257802982426305	18.63268243113566	13.214990967517842	190.00665529256904	155.6167385513181	164.56503826111305
GSM4138111_HNSCC_1_TIL_GGCAATTTCCCACTTG	649.705442743149	745.018484991923	0.0	180.72375398879822	17.864188465677824	0.0	0.0	0.0
GSM4138111_HNSCC_1_TIL_GGTGCGTGTCTAACGT	34.88135369270336	1266.3781384611887	48.38502064336166	67.9582979070825	8.523582822420547	69.37474969708778	114.84041679101576	6.47490235357511
GSM4138111_HNSCC_1_TIL_GTAGGCCAGATGTGTA	0.0	1264.4797327560316	0.0	10.461080805782101	0.0	96.79120758907264	0.0	0.0
GSM4138111_HNSCC_1_TIL_GTCCTCAAGTGCCAGA	173.98202435929673	2218.5175557649663	0.0	699.4482926240289	0.0	0.0	0.0	0.0
GSM4138111_HNSCC_1_TIL_TAAGTGCGTCAAAGCG	239.49550037730182	982.6949518270517	0.0	452.2738084494995	85.79214446433649	191.7198446333947	441.67646280130674	296.68901329489864
GSM4138111_HNSCC_1_TIL_TAGCCGGCAGGTGGAT	951.7672274737625	2214.309144886975	164.04584679265454	0.0	46.12948880249298	7.8351835589818934	11.419410563316537	135.30125128530727
GSM4138111_HNSCC_1_TIL_TAGGCATTCCACGTGG	354.0073663748544	663.6328058271516	10.901656296802885	24.623728934537077	31.272340239585095	114.48703710647536	16.447187483890097	11.696333490470302
GSM4138111_HNSCC_1_TIL_TCGGGACGTCACTTCC	208.81484495134495	593.8918318551349	145.26153457100335	0.0	44.13010702739102	501.7301840791367	412.03600562749364	443.9788731609197
GSM4138111_HNSCC_1_TIL_TGCACCTGTCTCCACT	246.84215129313702	507.08813059715027	260.2236936127397	0.0	123.2732052876848	21.36689744606189	62.279816410214245	23.783676081247357
GSM4138111_HNSCC_1_TIL_TGCGCAGTCTTGTCAT	0.0	1986.8783682275803	0.0	684.1467137754597	14.072419774788774	64.73797193908744	0.0	94.6888352844368
GSM4138111_HNSCC_1_TIL_TGTCCCAAGAGGTTGC	0.0	960.2866116210818	0.0	557.5816849619658	5.492099715750216	171.66233811757755	31.05833816203256	91.39968956502699
GSM4138111_HNSCC_1_TIL_ATTGGTGGTGAAGGCT	72.9274685397546	368.47135845138797	389.0389208847891	40.01976353891633	26.519517189490678	259.553709979736	124.87227719337929	89.78970851448761
GSM4138111_HNSCC_1_TIL_CAGAATCGTGTGTGCC	0.0	321.53075694323195	418.31029005979985	0.0	0.0	127.32706221794359	131.96487119955358	0.0
GSM4138111_HNSCC_1_TIL_CGTCTACAGCGATCCC	54.22408634346062	562.5048552993302	470.08495781626584	0.0	47.470192745079665	92.88699456935512	165.82312093897593	7.729631159826473
GSM4138111_HNSCC_1_TIL_TGCGGGTTCTTGCAAG	0.0	523.8072562540284	332.7587050014385	56.42812952135611	0.0	139.15181543788916	114.11878419803762	0.0
GSM4138111_HNSCC_1_TIL_ACCGTAACAACACCTA	0.0	987.3733038815217	0.0	0.0	0.0	0.0	1160.2115673239784	0.0
GSM4138111_HNSCC_1_TIL_ACGGGTCAGCAATCTC	0.0	671.9752699336038	0.0	0.0	0.0	0.0	812.1210755752693	0.0
GSM4138111_HNSCC_1_TIL_CTAGCCTAGAGTCGGT	0.0	0.0	0.0	0.0	0.0	0.0	4681.735896713734	0.0
GSM4138111_HNSCC_1_TIL_TGACTAGAGCCTCGTG	0.0	1157.803412723441	0.0	612.1576848274957	0.0	0.0	671.5191373668467	0.0
GSM4138111_HNSCC_1_TIL_AGTGGGACAACTGCGC	67.00812869592187	0.0	0.0	1551.4969174049872	6.709058051565377	0.0	0.0	0.0
GSM4138111_HNSCC_1_TIL_CAGCGACTCCACGAAT	654.0136071607507	0.0	0.0	79.5393897039995	66.99418811894375	302.0290953693114	375.8837601836537	489.423908643179
GSM4138111_HNSCC_1_TIL_CCTATTAAGAATCTCC	0.0	0.0	0.0	1485.062097370562	4.389854939068768	0.0	0.0	0.0
GSM4138111_HNSCC_1_TIL_CCTCTGAAGTCTTGCA	86.8456654396441	3.918548741579873	0.0	929.3178438795769	0.0	239.97895655262263	147.77978936637984	308.00432034775923
GSM4138111_HNSCC_1_TIL_CTAGCCTCACGAAAGC	0.0	0.0	72.64250171500993	3246.770776518284	73.7115575527014	243.86657087404606	173.89124308655735	255.83848986013055
GSM4138111_HNSCC_1_TIL_GATGAAAGTGCAACTT	555.2823215664532	104.53145717709647	142.63216183298337	1433.3513466635889	36.49016333542301	149.60605663226255	0.0	0.0
GSM4138111_HNSCC_1_TIL_GCGGGTTTCTTTACGT	129.42780652034332	153.11916331287017	110.5787545897061	1063.7957314199355	0.0	103.34895823717223	40.844371602592744	9.810158753788329
GSM4138111_HNSCC_1_TIL_TCAGGTATCAGTGTTG	3.5770087216855075	187.3292273092567	0.0	1018.1921034902628	0.0	0.0	0.0	0.0
GSM4138111_HNSCC_1_TIL_TCGGGACAGATGAGAG	0.0	0.0	0.0	1594.0316721598379	0.0	0.0	0.0	0.0
GSM4138111_HNSCC_1_TIL_TGCGCAGAGCGCCTCA	432.26584842081763	0.0	158.65842019140828	797.7194236177779	0.0	237.8647187009299	485.7764895245614	209.28126928130214
GSM4138111_HNSCC_1_TIL_AACCGCGCACACTGCG	0.0	0.0	0.0	0.0	0.0	1944.2122442020668	0.0	0.0
GSM4138111_HNSCC_1_TIL_ACACTGATCATGCATG	300.54825917941844	0.0	0.0	0.0	0.0	1995.8898428094863	0.0	28.648522450555326
GSM4138111_HNSCC_1_TIL_AGTAGTCTCTGTCCGT	218.18776817778945	131.45535323414757	0.0	37.79898460462027	0.0	1049.8028638408093	152.2750122076776	161.71945130028223
GSM4138111_HNSCC_1_TIL_ATCCGAAGTGTTAAGA	0.0	0.0	0.0	0.0	0.0	1313.7317838503564	0.0	0.0
GSM4138111_HNSCC_1_TIL_CATCGGGCAAGACACG	14.58176658501613	0.0	125.98173954742256	0.0	0.0	1761.5376426247433	271.00577617019127	0.0
GSM4138111_HNSCC_1_TIL_CCCTCCTTCCCACTTG	342.26014746069575	648.7089464806415	0.0	13.300085873112156	0.0	1128.1819640526019	44.48821742213196	72.35048638831739
GSM4138111_HNSCC_1_TIL_CGGACTGTCGCTTGTC	0.0	37.825054099235594	0.0	0.0	0.0	1509.2124434152734	0.0	0.0
GSM4138111_HNSCC_1_TIL_CTGATAGAGACTGGGT	0.0	65.9357480455514	0.0	14.129602628868618	0.9367429867186519	843.9675716243713	0.0	0.0
GSM4138111_HNSCC_1_TIL_GACGTTAAGGCTACGA	0.0	311.4235948187926	0.0	0.0	0.0	503.93293607191583	0.0	0.0
GSM4138111_HNSCC_1_TIL_GCGCGATTCGCCTGAG	0.0	260.2791831179767	0.0	221.8129597564833	0.0	1797.4382684700745	0.0	127.92977989041236
GSM4138111_HNSCC_1_TIL_GCTTCCAGTCTAGTGT	69.36042825148343	272.94354297230257	0.0	85.60493083703321	3.2506132385808306	797.324422198049	0.0	0.0
GSM4138111_HNSCC_1_TIL_GCTTCCAGTTGCTCCT	113.73506124301036	0.0	28.472524090834636	0.0	0.0	1856.3578484549905	0.0	0.0
GSM4138111_HNSCC_1_TIL_GGACGTCGTCCTCCAT	0.0	199.5771517162693	495.94946739798587	86.98368012350632	78.9455062303638	1587.276157964915	0.0	0.0
GSM4138111_HNSCC_1_TIL_GGGTCTGTCTATCCTA	0.0	0.0	0.0	0.0	18.717924484560026	3942.751516415022	454.5363578125546	271.954131193641
GSM4138111_HNSCC_1_TIL_GTTACAGCAATGTTGC	0.0	221.87478305223294	0.0	0.0	0.0	1750.7572732559086	0.0	0.0
GSM4138111_HNSCC_1_TIL_TACGGGCAGTGGGATC	0.0	0.0	0.0	75.7106936227314	0.0	912.1179455585483	0.0	0.0
GSM4138111_HNSCC_1_TIL_TACGGGCTCTACTATC	0.0	0.0	0.0	0.0	0.0	1298.0832077406606	0.0	0.0
GSM4138111_HNSCC_1_TIL_TGTGGTAGTTACGTCA	2.9416170026654194	169.8573012313051	34.17445649302105	88.98291009335622	0.0	439.2459916179271	0.0	0.0
GSM4138111_HNSCC_1_TIL_GTGGGTCGTACGACCC	20.52497916390086	626.2280593898809	20.498888535710616	0.0	431.50948922841576	0.0	0.0	12.734088143248636
GSM4138111_HNSCC_1_TIL_AACTCCCTCTCTTGAT	0.0	0.0	0.0	0.0	1435.4534636801532	0.0	373.53418477462384	0.0
GSM4138111_HNSCC_1_TIL_AAGTCTGGTCTTTCAT	0.0	8.565481842337359	0.0	0.0	719.564803061528	42.12719119771625	49.61745934429402	0.0
GSM4138111_HNSCC_1_TIL_ACACCAAAGCTACCTA	130.9458335967964	32.70944344849877	36.85104463109396	0.0	872.2639957191645	0.0	0.0	22.654082062006687
GSM4138111_HNSCC_1_TIL_ACCGTAATCGGCATCG	0.0	102.27839248735066	0.0	208.45589193839643	1314.2071327820393	19.479439306389875	0.0	0.0
GSM4138111_HNSCC_1_TIL_AGATTGCCATACCATG	0.0	0.0	11.083602650047641	4.7411604351538505	920.0113299944354	15.781392158120191	0.0	0.0
GSM4138111_HNSCC_1_TIL_AGTAGTCGTAGGGTAC	0.0	0.0	72.39515008339917	0.0	1013.4150475883264	0.0	0.0	0.0
GSM4138111_HNSCC_1_TIL_CATCGGGGTATTCGTG	0.0	0.0	0.0	0.0	1662.0559952580504	0.0	0.0	0.0
GSM4138111_HNSCC_1_TIL_CCGGTAGTCACCGTAA	0.0	1053.224559260983	0.0	0.0	1134.669266168433	0.0	0.0	0.0
GSM4138111_HNSCC_1_TIL_CCTCAGTAGATCCCGC	0.0	44.92556878189402	0.0	9.516451301940346	835.570891836091	0.0	0.0	0.0
GSM4138111_HNSCC_1_TIL_CGGACTGAGGGTTCCC	0.0	0.7291256022181707	0.0	0.0	732.6450300426044	0.0	0.0	53.53268363457928
GSM4138111_HNSCC_1_TIL_CGTGTAAAGAGGTTAT	10.780385970866206	0.0	3.318428115896464	22.173409930698956	1111.2953137012398	0.0	0.0	2.467867339372697
GSM4138111_HNSCC_1_TIL_CTCGTACAGCAATATG	0.0	0.0	19.501735813521574	0.0	938.7215595650109	0.0	0.0	103.11163525259671
GSM4138111_HNSCC_1_TIL_GACTACACAACGATCT	131.86411056125598	15.927123045764313	10.183864375155487	66.76283208165937	1089.8367288731788	88.97047786734561	44.013147936480586	114.41651890747428
GSM4138111_HNSCC_1_TIL_GATCTAGCAGCTCCGA	14.53022305340998	42.09522284497751	0.0	0.0	536.8651925049784	35.61404525593587	0.0	0.0
GSM4138111_HNSCC_1_TIL_GCAGCCATCAAACAAG	10.841479914432371	0.0	3.2339698779166337	11.431877016015997	1532.3412434106367	0.0	98.582589633139	0.0
GSM4138111_HNSCC_1_TIL_GCTCCTAGTACGAAAT	16.43346114158269	0.0	15.038080877323589	0.0	989.6117799869046	0.0	0.0	0.0
GSM4138111_HNSCC_1_TIL_GGCAATTGTTGAGTTC	0.0	21.978008374021748	0.0	20.73902255202964	799.2452344698025	0.0	4.646814616620818	0.0
GSM4138111_HNSCC_1_TIL_GTACTTTGTGCATCTA	0.0	59.86562610629485	0.0	0.0	496.4401922346393	0.0	0.0	82.79914558972371
GSM4138111_HNSCC_1_TIL_GTCAAGTAGTCCCACG	9.148082394945503	0.0	10.823085363573487	0.0	856.686270706419	18.994211845132366	15.179467581102841	0.0
GSM4138111_HNSCC_1_TIL_GTCAAGTGTATATGGA	20.881057496476277	0.0	0.0	0.0	997.7725833909992	0.0	0.0	8.199368797574742
GSM4138111_HNSCC_1_TIL_GTTCTCGCACGCCAGT	180.19232791439123	78.11323683991986	25.730230924758395	0.0	445.9396899516238	61.94782183780164	31.915882238896042	63.860219735066494
GSM4138111_HNSCC_1_TIL_GTTCTCGTCCTGTACC	0.0	0.0	0.0	0.0	912.6106023625862	0.0	0.0	0.0
GSM4138111_HNSCC_1_TIL_TATCAGGCAGCCAGAA	27.11080296263904	0.0	13.63120917527799	0.0	599.8816223185352	0.0	0.0	72.97120621356133
GSM4138111_HNSCC_1_TIL_TCAGCTCGTACCGTAT	0.0	78.51336532114425	0.0	27.049116586588458	1635.7181383103095	0.0	0.0	0.0
GSM4138111_HNSCC_1_TIL_TCTTCGGCACATCTTT	0.0	0.0	0.0	0.0	812.7516699136596	0.0	0.0	33.14439097943666
GSM4138111_HNSCC_1_TIL_TGAGAGGTCGGCGGTT	45.76822615794978	0.0	31.895048425349355	0.0	1355.2188756440398	0.0	0.0	45.72113348237472
GSM4138111_HNSCC_1_TIL_TGCACCTTCTTTACAC	0.0	29.155959643948673	0.0	23.436239535882386	947.117040598547	0.0	18.126195287096518	0.0
GSM4138111_HNSCC_1_TIL_TTAGTTCTCTTCATGT	0.0	0.0	0.0	0.0	1054.9771689394809	0.0	0.0	4.98071629490626
GSM4138111_HNSCC_1_TIL_TTTACTGTCTTGACGA	25.927159847757952	0.0	5.946857574482367	0.0	1214.6780914423136	0.0	0.0	0.0
GSM4138111_HNSCC_1_TIL_ATCTGCCCATGCCCGA	0.0	812.9215220153587	32.01669210173879	0.0	0.0	68.0251366298104	0.0	0.0
GSM4138111_HNSCC_1_TIL_CAACCTCGTAGCTCCG	62.0267544064074	505.0524275527558	33.99401917138186	11.644584028536851	0.0	9.477843796055259	0.0	0.0
GSM4138111_HNSCC_1_TIL_CATCGGGAGCTAGTTC	162.34381927683486	732.2230821523887	25.29585325601848	0.0	0.0	9.349384018713163	29.664566283681925	0.41525104055912315
GSM4138111_HNSCC_1_TIL_CCACGGACAGATGAGC	0.0	2126.0057860746297	0.0	0.0	0.0	0.0	0.0	0.0
GSM4138111_HNSCC_1_TIL_CGGCTAGTCGGAAACG	66.13856238981595	386.46407415893754	18.922586803550185	0.0	0.0	14.99444112797452	3.8849412483249655	0.0
GSM4138111_HNSCC_1_TIL_CGTCTACGTCCGAACC	0.0	722.3501693226125	0.0	0.0	0.0	0.0	0.0	0.0
GSM4138111_HNSCC_1_TIL_CGTCTACGTGTGAATA	63.81465076243072	949.4458924849117	110.09441301625671	0.0	0.0	23.868609145411202	0.0	15.387414317644184
GSM4138111_HNSCC_1_TIL_CGTTCTGGTCCAGTAT	0.0	1017.2060552051416	27.75366218140251	0.0	15.779861954553846	344.9670464828925	1277.7730425251764	108.05609505237446
GSM4138111_HNSCC_1_TIL_CTCGTCAGTTGCTCCT	10.522824334223161	880.2852183266098	56.46269921860015	0.0	39.47757371668926	99.39972001607556	150.8549954479181	38.926215349858516
GSM4138111_HNSCC_1_TIL_CTTAGGAAGACAAGCC	44.134428241528575	935.3827085296438	45.66277278806259	0.0	2.058684741251108	19.798021736539305	44.47519763802026	0.0
GSM4138111_HNSCC_1_TIL_CTTGGCTCATAGTAAG	0.0	1148.3278596632895	0.0	0.0	30.6702490940138	2.930647291374697	108.9652639740527	0.0
GSM4138111_HNSCC_1_TIL_GAAACTCTCAACACAC	0.0	909.1949805231541	13.356646860762815	0.0	9.2181141002319	52.71382411771772	0.0	0.5810652664413337
GSM4138111_HNSCC_1_TIL_GATTCAGGTGAGCGAT	115.6322347971838	477.47665869150967	11.177682396776149	0.0	0.0	5.0009104201797125	0.8201375704179674	0.0
GSM4138111_HNSCC_1_TIL_GGATTACAGTTGCAGG	200.87199231970428	1374.1555821829802	65.20121049533778	0.0	52.197005793586825	55.624158177257414	0.0	54.57521281730788
GSM4138111_HNSCC_1_TIL_GGTGAAGTCATCTGCC	0.0	1321.91695901631	56.861868350352225	0.0	0.0	4.63147182178503	4.240548140265044	0.0
GSM4138111_HNSCC_1_TIL_GTGAAGGGTATATGAG	0.0	2016.6801327467715	44.80400658744489	0.0	0.0	97.57723621675336	0.0	0.0
GSM4138111_HNSCC_1_TIL_GTTTCTAAGCCAGAAC	0.0	753.7093219563885	39.63687639760524	0.0	0.0	31.2405394772373	19.682150253499103	0.0
GSM4138111_HNSCC_1_TIL_TAAGAGACATCGGTTA	270.0359965524943	869.5502669656996	116.31215485777953	0.0	1.7812785585204332	118.49482731948851	50.451682791230084	66.88212369792758
GSM4138111_HNSCC_1_TIL_TATTACCGTTGTTTGG	0.0	1305.4461597045472	15.149998417530323	0.0	0.0	0.0	808.317762654919	0.0
GSM4138111_HNSCC_1_TIL_TGGTTAGAGTTTAGGA	21.631100840177226	884.0979143220904	116.18809357388383	0.0	0.0	31.88380874537082	5.449618568329026	9.332975357105562
GSM4138111_HNSCC_1_TIL_TTGACTTCATCGACGC	0.0	1127.297203591085	0.0	0.0	0.0	0.0	0.0	0.0
