	1	2	3	4
GSM4138111_HNSCC_1_TIL_AACTCCCGTCATATCG	409.31908226634295	204.29079675596077	62.74739216303012	28.060642483824118
GSM4138111_HNSCC_1_TIL_AGTGGGATCACCCGAG	402.665974253208	119.79981382189975	66.89869013805044	33.93596008082902
GSM4138111_HNSCC_1_TIL_ATCCGAAGTCGTTGTA	432.3791675712171	150.36149956632107	33.647539930364125	49.88054447272261
GSM4138111_HNSCC_1_TIL_CAGCGACAGGGATGGG	508.88664568084806	10.29384362703339	90.75138938924329	31.805333841616623
GSM4138111_HNSCC_1_TIL_CGGACACTCATATCGG	346.7394904309756	233.48082492786963	100.40417968922648	28.41419491699555
GSM4138111_HNSCC_1_TIL_TAGTTGGGTCTCCACT	407.3169441988184	60.14509464549414	128.6933374884378	9.901811924893183
GSM4138111_HNSCC_1_TIL_AAAGATGAGCATGGCA	651.6106441321982	87.97082722840156	0.0	18.45532905876526
GSM4138111_HNSCC_1_TIL_AGCAGCCTCCTACAGA	651.6725632990225	56.4616454624673	0.0	0.0
GSM4138111_HNSCC_1_TIL_AGGTCATTCAAGCCTA	401.8728539752396	239.700311042547	37.83136392650143	40.93857226837025
GSM4138111_HNSCC_1_TIL_ATGCGATGTGATGTCT	1077.7608193178282	573.7961685145311	53.941907848950876	77.9182374862832
GSM4138111_HNSCC_1_TIL_CCAGCGATCACTTCAT	1058.0036609869476	0.0	0.0	0.0
GSM4138111_HNSCC_1_TIL_CCCATACGTCTGATTG	376.4999687886825	277.7759354323294	44.521455196878215	23.448150481625614
GSM4138111_HNSCC_1_TIL_CGTTAGAGTTTACTCT	509.2789290711719	477.4251612806437	108.25465558121547	77.66608720515258
GSM4138111_HNSCC_1_TIL_CTAGCCTAGGTCATCT	1002.3438609510148	236.2252153228459	33.466154715725025	0.0
GSM4138111_HNSCC_1_TIL_CTCGTACTCAGCCTAA	692.584186681029	49.676700778772194	0.0	0.0
GSM4138111_HNSCC_1_TIL_GAAATGATCTAACCGA	1784.3836904250843	386.4708322088023	209.9616858334869	51.49712878777243
GSM4138111_HNSCC_1_TIL_GGCCGATAGAAGCCCA	426.40804694193577	158.1237387442952	48.56896544005245	15.99330769190769
GSM4138111_HNSCC_1_TIL_GGCCGATAGCCCTAAT	864.661496982831	411.3574347037679	60.0704583463571	77.02356630139295
GSM4138111_HNSCC_1_TIL_GGCGACTAGTTTCCTT	459.9168420221598	83.63267539796912	9.107606732557842	0.0
GSM4138111_HNSCC_1_TIL_GGGACCTAGTTAGGTA	1354.4869297057012	560.2658636197253	0.0	9.77268124607018
GSM4138111_HNSCC_1_TIL_GTCAAGTTCAGCACAT	635.8263986758261	253.5436953184801	41.46534574006984	23.283338314507333
GSM4138111_HNSCC_1_TIL_TAAACCGTCCAGTATG	964.7767180166377	190.7712814401985	32.58768785299112	0.0
GSM4138111_HNSCC_1_TIL_TATGCCCGTCTCATCC	604.874258022808	105.3381891034096	0.984909168269702	0.0
GSM4138111_HNSCC_1_TIL_TTTACTGAGTAGGCCA	871.5207293769821	125.56692319537736	35.38383721759264	15.422645625776358
GSM4138111_HNSCC_1_TIL_AACTTTCTCGCCAAAT	2001.1720785446703	0.0	0.0	27.790091260839212
GSM4138111_HNSCC_1_TIL_ACATCAGGTGTTCTTT	771.3939185172478	121.97340242650625	2.2707849584022695	3.3186019962865747
GSM4138111_HNSCC_1_TIL_ACGATACCACATTCGA	2031.3834629378043	0.0	0.0	6.508601272975755
GSM4138111_HNSCC_1_TIL_ACGGCCAAGGGTCGAT	729.6385929256126	8.965009852499373	0.0	36.416856529628106
GSM4138111_HNSCC_1_TIL_ACTGAGTTCTCTGTCG	826.611514361081	96.86993622053727	0.0	23.71232401979675
GSM4138111_HNSCC_1_TIL_ACTTTCATCCCACTTG	751.7138399587134	564.5156348049154	3.562126529023749	29.774931338757252
GSM4138111_HNSCC_1_TIL_AGCAGCCGTGAACCTT	334.32672653234783	330.9435643392542	2.170119562208641	4.652572175120799
GSM4138111_HNSCC_1_TIL_AGGGATGTCGCCGTGA	570.495722170414	139.28697488407965	16.610851631401953	0.0
GSM4138111_HNSCC_1_TIL_ATCATCTGTAGCGTGA	1630.132222558406	0.0	0.0	33.71777805564084
GSM4138111_HNSCC_1_TIL_ATCGAGTTCATTATCC	942.8640995740288	206.25636582425636	50.781111214492064	9.3158866982869
GSM4138111_HNSCC_1_TIL_ATCTGCCAGGATGGTC	710.9123038264761	103.33330367799998	0.0	17.432650427878677
GSM4138111_HNSCC_1_TIL_ATTTCTGGTACACCGC	992.5019838877944	0.0	0.0	0.0
GSM4138111_HNSCC_1_TIL_CAACCAATCTATCCCG	1683.0613474415752	29.56879933952198	0.0	0.0
GSM4138111_HNSCC_1_TIL_CACACAACATCTACGA	700.1339774152775	57.9322196487579	0.0	6.484228347529359
GSM4138111_HNSCC_1_TIL_CACCTTGTCCGGGTGT	2936.923010444391	452.08958302172675	36.12586293018012	0.0
GSM4138111_HNSCC_1_TIL_CATGACACAATGGAGC	1507.6619540436793	261.9693150146866	0.0	0.0
GSM4138111_HNSCC_1_TIL_CCACTACTCACAATGC	1017.995291625889	0.0	0.0	0.0
GSM4138111_HNSCC_1_TIL_CCCAGTTGTAGTAGTA	620.8528074433488	94.87026866459136	0.0	0.0
GSM4138111_HNSCC_1_TIL_CCGTGGATCCCTTGCA	1012.5235340365938	109.57563422865938	0.0	12.835561341282196
GSM4138111_HNSCC_1_TIL_CGCGGTATCATACGGT	959.7111170084214	6.135461669870267	0.0	0.0
GSM4138111_HNSCC_1_TIL_CGGACTGAGCCGTCGT	918.2327340433026	14.445788117865446	0.0	0.0
GSM4138111_HNSCC_1_TIL_CGGAGCTTCGAACTGT	2009.932251023204	964.0925195898737	0.0	38.96349214313719
GSM4138111_HNSCC_1_TIL_CGGAGTCGTATGAATG	826.1936768880438	13.691697131790109	0.0	18.076608421637975
GSM4138111_HNSCC_1_TIL_CGGTTAAGTCGACTAT	1188.8782913443301	0.0	61.107732214233	10.708823392179745
GSM4138111_HNSCC_1_TIL_CGTCTACAGCCTATGT	751.8628053097526	239.5720698629298	60.05196564930454	9.781707406290563
GSM4138111_HNSCC_1_TIL_CGTGTCTGTCTCCACT	1508.9962597845354	478.0183708494825	27.19695533932552	0.0
GSM4138111_HNSCC_1_TIL_CGTTAGAAGAGCTATA	618.9680896067098	104.48266133814383	0.0	0.0
GSM4138111_HNSCC_1_TIL_CTGCTGTGTCCGAGTC	597.0987744722146	196.94039636894684	0.0	31.363604651357853
GSM4138111_HNSCC_1_TIL_CTGGTCTGTCCGTGAC	2289.41567442531	6.801800210310701	0.0	0.0
GSM4138111_HNSCC_1_TIL_CTGTGCTTCGTCCGTT	1162.4293059131826	0.0	0.0	26.992104514023627
GSM4138111_HNSCC_1_TIL_CTTCTCTGTCTTGCGG	656.8859879565086	0.0	0.0	13.993434598638212
GSM4138111_HNSCC_1_TIL_GAATGAACACGTCAGC	4054.989156296264	941.8473457178499	1305.0649874249252	0.0
GSM4138111_HNSCC_1_TIL_GACTAACGTAGAAGGA	688.4230312547506	225.15230264861557	53.692076236284805	0.0
GSM4138111_HNSCC_1_TIL_GATCGATTCAGAGACG	2246.341923311139	0.0	0.0	0.0
GSM4138111_HNSCC_1_TIL_GGGAATGAGCTGTCTA	877.7451775399504	0.0	0.0	1.136003094522566
GSM4138111_HNSCC_1_TIL_GGGAGATGTGTGCCTG	1111.8531251017214	188.0779183829972	43.295534729173184	0.0
GSM4138111_HNSCC_1_TIL_GGGTCTGTCCACGAAT	2120.026853939272	631.4285208155627	124.24584593391619	61.47920028888543
GSM4138111_HNSCC_1_TIL_GTCGGGTAGTCAATAG	604.1593616729134	19.372680989029426	0.0	10.617539570550646
GSM4138111_HNSCC_1_TIL_GTCTCGTCACCCATGG	733.1913825884372	0.0	0.0	0.0
GSM4138111_HNSCC_1_TIL_GTCTTCGGTTGATTCG	1269.241123956892	0.0	0.0	0.0
GSM4138111_HNSCC_1_TIL_GTGCAGCCAGTTTACG	683.2866838985396	20.868037256461985	0.0	0.0
GSM4138111_HNSCC_1_TIL_GTTAAGCGTGCTGTAT	1282.3430613614953	200.5699954771178	0.0	0.0
GSM4138111_HNSCC_1_TIL_TACTCGCCACACATGT	1835.6478329688493	310.7054327811158	0.0	5.41669212746049
GSM4138111_HNSCC_1_TIL_TACTTACGTGTGACCC	942.6807457371322	138.20709688617015	0.0	0.0
GSM4138111_HNSCC_1_TIL_TCATTTGCAAGTAATG	591.9031880626942	171.00283314502173	42.51842991818679	16.149088886601593
GSM4138111_HNSCC_1_TIL_TCTATTGGTGTTTGTG	933.0402297717671	107.29542197307042	0.0	0.0
GSM4138111_HNSCC_1_TIL_TCTCTAATCGTCTGCT	756.0997352933026	27.811691624675177	0.0	0.0
GSM4138111_HNSCC_1_TIL_TTCTACACACCGGAAA	1709.1906908873207	62.21273266746115	0.0	0.0
GSM4138111_HNSCC_1_TIL_AGTGTCACATTAGCCA	465.7858390695864	249.03341508311794	15.480881996116604	0.0
GSM4138111_HNSCC_1_TIL_GCGGGTTTCTCAACTT	655.3157373042842	549.9980938407112	24.327052418152373	21.5485136774609
GSM4138111_HNSCC_1_TIL_GCTCTGTGTCTAGTCA	1022.5786283461482	1002.4074208224708	18.138974986066323	0.009785499080742492
GSM4138111_HNSCC_1_TIL_GGACAAGAGGAGTACC	576.6136603525063	369.19110917968203	18.829159911456106	56.718127335060636
GSM4138111_HNSCC_1_TIL_GTCCTCAAGATGCCTT	874.6279309287365	672.2357157113054	0.0	0.0
GSM4138111_HNSCC_1_TIL_TTTCCTCTCTCGCTTG	805.9403274316323	523.8799473143495	201.29004854423795	75.90590650679805
GSM4138111_HNSCC_1_TIL_AAACCTGTCTTCGAGA	721.9867246062629	86.19250683506044	0.0	0.0
GSM4138111_HNSCC_1_TIL_ACACCCTTCACAGGCC	614.6011710155857	466.1520082855781	67.28054663556544	99.36370681396542
GSM4138111_HNSCC_1_TIL_ACGGCCAAGTGGAGTC	670.3134175220239	0.28051243866583847	0.0	0.0
GSM4138111_HNSCC_1_TIL_ACGTCAAGTAACGCGA	571.3960265291312	79.82076412425704	48.769920795480644	0.0
GSM4138111_HNSCC_1_TIL_ACTATCTGTCTCTCTG	757.8636090521437	83.39525889535975	0.0	0.0
GSM4138111_HNSCC_1_TIL_ACTTACTAGCTAGTGG	438.3114117063076	123.57670507401329	19.090129801784695	0.0
GSM4138111_HNSCC_1_TIL_ACTTGTTAGCTGTTCA	529.5473620453175	128.51475508297014	33.90065288099737	8.963093373218676
GSM4138111_HNSCC_1_TIL_ATAACGCTCGCGCCAA	623.1462134850196	120.80591299300649	9.22155567902761	0.0
GSM4138111_HNSCC_1_TIL_ATCATCTGTACCGCTG	584.102976474631	111.67407758413513	0.0	0.0
GSM4138111_HNSCC_1_TIL_ATTGGTGCACACCGCA	649.4136061174166	52.61030218102106	26.06108342550767	28.491839440868148
GSM4138111_HNSCC_1_TIL_CAAGAAAAGGCCCGTT	505.56822899201006	85.63580368462397	41.79662108059039	0.0
GSM4138111_HNSCC_1_TIL_CAGGTGCGTCATGCCG	664.3692509755546	262.0494883433437	255.62818273138063	71.99677092772767
GSM4138111_HNSCC_1_TIL_CGGACGTCACTCTGTC	529.7846507055768	50.6040517729602	28.75239910040986	0.0
GSM4138111_HNSCC_1_TIL_CGTCACTGTCCAGTGC	597.8784178538336	94.79932354588307	16.625313280310277	21.31892938441621
GSM4138111_HNSCC_1_TIL_CTAATGGTCTGCAGTA	831.6468567187262	347.64379936186856	185.39378141968493	36.88733388494765
GSM4138111_HNSCC_1_TIL_CTGAAACGTTCCCGAG	497.5092717720482	70.57903107993985	19.1100117324081	15.192835082393596
GSM4138111_HNSCC_1_TIL_CTGCTGTCATGTCGAT	560.4367289062201	91.34504323539227	3.7660093287547625	1.1211418662330976
GSM4138111_HNSCC_1_TIL_GACAGAGCAGCCAGAA	596.1919620615264	84.1933561700386	54.00905806091355	5.134570445055104
GSM4138111_HNSCC_1_TIL_GCGCCAAGTCATGCCG	821.0326672189417	328.1628530411844	56.41796613749609	28.129398460640772
GSM4138111_HNSCC_1_TIL_GCTGCAGAGCGCTCCA	570.8068935426629	108.3748474008069	12.924464849231967	2.0008337715280287
GSM4138111_HNSCC_1_TIL_GGCTGGTAGGCCCTCA	504.0076123615883	88.12167224597016	18.95077883903032	0.0
GSM4138111_HNSCC_1_TIL_GTGTTAGCAAAGAATC	430.9670873215509	63.55440866738317	11.818472563166843	7.258250346934571
GSM4138111_HNSCC_1_TIL_TACTCGCGTTCCACTC	692.0741823989108	13.727740893151498	54.880612943278464	0.0
GSM4138111_HNSCC_1_TIL_TAGGCATGTAGCTGCC	438.0415439628968	119.13347566227829	24.731425362454942	42.33180482845235
GSM4138111_HNSCC_1_TIL_TGAGCCGCAGTAACGG	601.8216317897395	57.84355127871594	34.79725694671025	16.231887204695944
GSM4138111_HNSCC_1_TIL_TGAGGGAGTCTTCTCG	482.86886337026834	74.37888183288564	20.924003566582655	0.0
GSM4138111_HNSCC_1_TIL_TGCCCATAGAGCTATA	636.0264180331741	369.2938121144298	43.54167637286732	0.0
GSM4138111_HNSCC_1_TIL_TGTATTCGTAAGGATT	557.4779262961713	115.16872077249623	44.52735105469534	1.5442328600470634
GSM4138111_HNSCC_1_TIL_TTCGAAGAGACGCACA	628.8633754502129	134.7364182062484	0.0	0.0
GSM4138111_HNSCC_1_TIL_AGAGCTTAGTCTCAAC	516.5737634748738	87.36066606737056	0.0	0.0
GSM4138111_HNSCC_1_TIL_AGCGTATTCAAAGACA	641.3532256520066	207.96902079526623	75.57438465619005	12.063141175482505
GSM4138111_HNSCC_1_TIL_ATCCACCAGGTGTTAA	582.4615620475398	270.57852010267993	66.85260754678711	7.934114537472446
GSM4138111_HNSCC_1_TIL_CAACCAACACAGACTT	568.0065617704332	391.38422417730436	79.11602170315071	7.162388343962775
GSM4138111_HNSCC_1_TIL_CAACTAGTCGCGTTTC	1035.0604803817198	310.5837801534041	138.91008992035842	39.72342923600957
GSM4138111_HNSCC_1_TIL_CAGCTGGCAATAGAGT	474.73212202965567	304.0201484907029	32.443383364029856	0.0
GSM4138111_HNSCC_1_TIL_CAGTCCTAGGCATGTG	431.28029267563176	347.9759182568612	20.57947898459155	42.19939673053088
GSM4138111_HNSCC_1_TIL_CCACTACAGCACAGGT	499.1549597264119	121.87249912701822	27.144787631108983	0.0
GSM4138111_HNSCC_1_TIL_CCACTACCATTAGCCA	379.8877714232036	275.3261278686303	9.112546798709012	14.766903751263285
GSM4138111_HNSCC_1_TIL_CCAGCGATCAATCACG	610.0165308826516	215.71629241717287	52.25010416691814	46.126691075051866
GSM4138111_HNSCC_1_TIL_CGGACGTTCTTGCAAG	492.8444289339414	299.24787299136113	44.125278593482406	33.31225563757005
GSM4138111_HNSCC_1_TIL_CGTTAGACAACACCCG	500.03896518651254	48.59447165056543	30.155791494059198	5.729261143317097
GSM4138111_HNSCC_1_TIL_CTGCGGACAGTCAGCC	404.44162069480575	44.09648817903047	31.777918110138717	11.655410086352234
GSM4138111_HNSCC_1_TIL_GCAGCCAGTGATGCCC	461.03448841362007	167.45566155599437	21.976871141972172	17.715645011240163
GSM4138111_HNSCC_1_TIL_GGCTGGTGTGCCTGTG	487.47485830551534	82.32258043448097	57.82101758282995	4.7813468010937905
GSM4138111_HNSCC_1_TIL_TGACGGCAGCGTCAAG	534.8173473794973	243.59647297262407	31.215844874460384	30.62613833265131
GSM4138111_HNSCC_1_TIL_TGCGCAGAGCATGGCA	408.93035170788994	115.17805098908882	73.25448511980345	21.356294060577053
GSM4138111_HNSCC_1_TIL_ACGGAGACAGGACGTA	286.46583108490955	311.30778413207906	12.760376070298076	21.372361312725477
GSM4138111_HNSCC_1_TIL_AGATCTGAGTCAAGCG	1066.8892918822326	515.568039332787	93.40864264569922	0.0
GSM4138111_HNSCC_1_TIL_ATAAGAGAGAGTCTGG	401.50827052702857	472.37802211358184	37.040480371198974	44.62010679072446
GSM4138111_HNSCC_1_TIL_GAACGGAAGGGATACC	427.5332393082703	596.8659125327226	89.70753217275525	33.41084767636356
GSM4138111_HNSCC_1_TIL_GACGCGTTCTAACTCT	375.46008982983255	445.5589747750996	3.566976642739982	0.0
GSM4138111_HNSCC_1_TIL_GATGCTAGTAAATGTG	562.3544367009064	297.5952170890401	21.641874614785092	3.9662821746448893
GSM4138111_HNSCC_1_TIL_GTGAAGGTCGTACCGG	1186.0049100732208	449.72451922012516	165.59462131207715	56.80959835121923
GSM4138111_HNSCC_1_TIL_TGCTACCTCGGATGGA	432.0746044116561	339.3398462672585	2.0395805155189435	0.0
GSM4138111_HNSCC_1_TIL_ACATACGAGTCATGCT	557.2617335822464	154.1791844794355	0.0	22.451763673486706
GSM4138111_HNSCC_1_TIL_CAACCTCGTTCAACCA	652.0374812090918	0.0	0.0	0.0
GSM4138111_HNSCC_1_TIL_CAACTAGTCACCATAG	885.5686853751953	210.5673770705896	46.71105248907054	21.58181248654843
GSM4138111_HNSCC_1_TIL_CCAGCGAAGGGATACC	661.3874332834466	84.57249185712065	0.0	28.32089698242968
GSM4138111_HNSCC_1_TIL_GAAATGAGTCTAGTCA	572.2614476059987	48.8700452974594	28.21360327284194	0.0
GSM4138111_HNSCC_1_TIL_GCAGTTACATAGAAAC	802.7892665727004	0.0	0.0	0.0
GSM4138111_HNSCC_1_TIL_GGTATTGCAGGAATGC	793.7647973035848	0.0	0.0	0.0
GSM4138111_HNSCC_1_TIL_GGTGTTACATTAGCCA	593.8183322680957	68.86770699585955	19.934365501028722	0.0
GSM4138111_HNSCC_1_TIL_GTCTTCGAGCTAGTGG	705.7544355898157	0.0	0.0	0.0
GSM4138111_HNSCC_1_TIL_TTGCGTCCATCGGACC	782.8159410570253	0.0	0.0	0.0
GSM4138111_HNSCC_1_TIL_CACACCTGTACGCTGC	537.3434586983004	28.05895912008467	25.460527033048898	29.170579038973546
GSM4138111_HNSCC_1_TIL_CAGAGAGCATAAAGGT	483.31458639671956	125.27379385224893	65.8378796696677	60.28624910956889
GSM4138111_HNSCC_1_TIL_CCCTCCTCACTTAACG	668.8906262606772	1.778214297754433	39.002522722108445	16.49166562064313
GSM4138111_HNSCC_1_TIL_CCTAAAGGTGACGGTA	645.1885537254552	57.87468202331691	4.361297861444173	0.0
GSM4138111_HNSCC_1_TIL_CCTTCGATCTTTACAC	629.8130636533658	168.40454033657582	20.356811575575026	15.70041617978406
GSM4138111_HNSCC_1_TIL_GAGCAGAGTTCAGCGC	467.7105664649962	2.6937204797173093	28.8028089922067	2.0347851237202734
GSM4138111_HNSCC_1_TIL_GGTGCGTCAGCTGTAT	551.3191225525226	14.420811601885301	69.83955214442302	0.0
GSM4138111_HNSCC_1_TIL_TATTACCCATCCCATC	529.6572047714006	80.62321085044933	27.60980310172289	0.0
GSM4138111_HNSCC_1_TIL_TGAGAGGAGCCGCCTA	626.5247800943606	0.0	31.04490835704343	1.0416299668650282
GSM4138111_HNSCC_1_TIL_AGTTGGTAGTACGTTC	371.3257744499032	101.24235078062017	1.130589607540767	17.515294679346432
GSM4138111_HNSCC_1_TIL_CCCAGTTTCAGTACGT	462.1967985502718	259.1492239975236	21.740425391095535	20.747943255975418
GSM4138111_HNSCC_1_TIL_CCTAAAGCAAGGACTG	360.21767004975345	143.79527694662775	6.206276885888908	0.0
GSM4138111_HNSCC_1_TIL_GACGCGTTCAAACCGT	602.5343934579524	88.6168206440774	16.614732766265348	26.967160722491126
GSM4138111_HNSCC_1_TIL_GGATGTTGTGGCTCCA	569.8161307274318	26.307729313972686	13.340303736666657	0.0
GSM4138111_HNSCC_1_TIL_ACTGATGGTGCTAGCC	576.0402452617475	143.62935462321457	133.37117000095563	20.87926698514982
GSM4138111_HNSCC_1_TIL_CCTACCACATCGGGTC	591.0451284746491	64.04100165343644	16.821919900189798	15.801850498472229
GSM4138111_HNSCC_1_TIL_CTCACACAGTTGTCGT	647.772632906848	163.0950663703997	83.5122142621093	26.99057532556692
GSM4138111_HNSCC_1_TIL_TACTTGTTCCGCATCT	804.2143318479506	219.9845466840173	12.845125671109317	0.0
GSM4138111_HNSCC_1_TIL_TGGCGCACATTATCTC	503.355927894339	73.77949188778695	5.708978891603759	0.0
GSM4138111_HNSCC_1_TIL_AGAATAGTCTCCAACC	593.7751693698492	4.988476196982595	0.0	0.0
GSM4138111_HNSCC_1_TIL_AGCTCTCTCTAACTCT	1310.828598301521	0.0	0.0	0.0
GSM4138111_HNSCC_1_TIL_CACACAATCCCAAGAT	1037.7354050782697	0.0	0.0	0.0
GSM4138111_HNSCC_1_TIL_CCTAAAGTCTAACCGA	543.0383321909354	0.0	0.0	0.0
GSM4138111_HNSCC_1_TIL_TCAACGAAGCGTAATA	543.207942701745	223.80362368694412	0.0	0.0
GSM4138111_HNSCC_1_TIL_TCGGTAACATTACGAC	406.19754992945224	157.43992715575177	0.0	0.0
GSM4138111_HNSCC_1_TIL_AACTCCCAGATGAGAG	290.5734645275523	197.84295847407654	114.21690320657986	139.84550031827663
GSM4138111_HNSCC_1_TIL_CACACAACAATTCCTT	469.8575937517488	167.10305479177802	26.075073275945687	0.0
GSM4138111_HNSCC_1_TIL_CATGCCTCAGAGTGTG	474.29258910255953	204.20308227931523	16.459086865084327	43.57801593305554
GSM4138111_HNSCC_1_TIL_GACCTGGTCAATAAGG	562.5464608014557	140.1404426943363	61.25649458106788	1.8273268491987666
GSM4138111_HNSCC_1_TIL_ACCGTAAAGAGGGATA	400.8921377939687	295.71457648447944	98.17101896128004	53.370642512010804
GSM4138111_HNSCC_1_TIL_ACGTCAAGTAGTACCT	500.55983107276415	763.880372781713	223.34603054238417	61.177759174519274
GSM4138111_HNSCC_1_TIL_ACTGAACGTCTGGTCG	704.5863628675477	344.96551802216413	51.36062823706047	21.886884391918024
GSM4138111_HNSCC_1_TIL_AGGTCATGTCGCTTTC	708.2860202088151	266.3424090790504	13.09722387718189	1.9817604276263248
GSM4138111_HNSCC_1_TIL_CCTCTGACACTTCTGC	539.4016536364511	187.24197077062718	133.1050816227502	63.894275366064306
GSM4138111_HNSCC_1_TIL_CTGCGGAGTTTAGCTG	310.0563261107127	410.74533469023515	104.88014292486152	15.594092413606248
GSM4138111_HNSCC_1_TIL_GAAACTCAGCTTTGGT	341.82273850872497	144.85331665002784	18.003800154605102	34.501599004274325
GSM4138111_HNSCC_1_TIL_GAAGCAGAGAAGATTC	371.19738614928406	180.01905591410693	56.49073794373268	18.739256861675912
GSM4138111_HNSCC_1_TIL_GATCGCGTCTGGTTCC	660.7860253709104	883.8535613722637	196.66079602278396	49.299477365164506
GSM4138111_HNSCC_1_TIL_GCAGCCATCACTATTC	344.3166307848721	296.5487435596574	128.06110018558317	54.20453325283381
GSM4138111_HNSCC_1_TIL_GGGCATCGTAGATTAG	492.5911667323567	510.4089409945144	104.00071707284519	48.01340680513214
GSM4138111_HNSCC_1_TIL_GTGCTTCTCGCCAGCA	199.67048968548744	336.8766944521722	41.897604478432314	20.127940445658883
GSM4138111_HNSCC_1_TIL_TCGTAGAAGATAGCAT	387.40889108394146	210.15071160738802	106.63975953735948	5.368050516700112
GSM4138111_HNSCC_1_TIL_TGAAAGAGTGTTCTTT	681.7613153196055	1451.3333177033087	137.09501289590756	57.32252592120374
GSM4138111_HNSCC_1_TIL_TGAGCATTCCAATGGT	199.4383885857542	343.6392175719165	151.5995237412451	41.552365547238274
GSM4138111_HNSCC_1_TIL_TTGACTTGTGGTTTCA	531.8042342914187	295.9760130314599	19.0482893551472	57.24765626273654
GSM4138111_HNSCC_1_TIL_TTGGCAACAAACCTAC	798.8520302620614	725.289985878103	125.354521623135	105.476965706006
GSM4138111_HNSCC_1_TIL_AACACGTAGGAGTCTG	0.0	0.0	1132.9101352081755	0.0
GSM4138111_HNSCC_1_TIL_ACGCCGACATGCGCAC	0.0	0.0	704.6681352159812	17.280930474803732
GSM4138111_HNSCC_1_TIL_ACGGAGACAGGGTACA	19.05097784857436	0.0	988.5321433157441	0.0
GSM4138111_HNSCC_1_TIL_ACGGGCTCAGGAATGC	93.0833569209525	438.0809051418365	763.5003611014422	87.4399716671493
GSM4138111_HNSCC_1_TIL_ACGTCAAAGAGCTGCA	0.0	0.0	1201.451470791463	0.0
GSM4138111_HNSCC_1_TIL_ACTATCTAGAGTACAT	0.0	0.0	1376.5382662534125	9.08222361901408
GSM4138111_HNSCC_1_TIL_ACTGAGTCACCCAGTG	0.0	0.0	1023.2638332013539	7.572295408714035
GSM4138111_HNSCC_1_TIL_ACTTGTTCAATCCGAT	0.0	68.75052501591911	977.4264448692785	0.0
GSM4138111_HNSCC_1_TIL_AGATCTGCACTCAGGC	0.0	0.0	970.4250650034184	0.0
GSM4138111_HNSCC_1_TIL_AGCAGCCCACATTAGC	0.0	41.91913651367264	702.3149017167834	12.799765384753725
GSM4138111_HNSCC_1_TIL_AGCTCCTTCACCTCGT	0.0	87.06027589451038	1050.8065176947691	5.592351535402431
GSM4138111_HNSCC_1_TIL_AGGCCACGTCCTCTTG	61.33433111951321	0.0	1197.7448844303701	0.0
GSM4138111_HNSCC_1_TIL_AGGCCGTGTTTGACAC	29.208449830285826	33.35991916109747	779.7944473209735	38.40884786602467
GSM4138111_HNSCC_1_TIL_AGTAGTCCAGTTTACG	0.0	0.0	1113.7300655714469	0.0
GSM4138111_HNSCC_1_TIL_AGTGGGAGTGTCCTCT	0.0	219.42742924352262	726.4238655602884	21.408333148109346
GSM4138111_HNSCC_1_TIL_ATCACGACAAGGACTG	109.12866975339142	71.62905060001867	503.4448004169456	0.0
GSM4138111_HNSCC_1_TIL_ATGCGATAGAATTCCC	57.085074284016116	5.110372920834066	788.4156189996133	1.1208947711720616
GSM4138111_HNSCC_1_TIL_ATGCGATGTAGCTGCC	0.0	0.0	1061.228528733731	0.0
GSM4138111_HNSCC_1_TIL_ATTATCCAGTGTTAGA	0.0	76.56904841991323	1000.739344732438	0.0
GSM4138111_HNSCC_1_TIL_ATTCTACGTCGAATCT	0.0	0.0	1340.674229258263	0.0
GSM4138111_HNSCC_1_TIL_ATTGGACAGCAATCTC	0.0	0.0	1023.3651405737425	0.0
GSM4138111_HNSCC_1_TIL_CACATTTGTTGTTTGG	124.24728496081616	410.6872244011404	1254.7018795997255	60.6968055883489
GSM4138111_HNSCC_1_TIL_CCCAGTTTCTCGTTTA	0.0	48.407438713882314	1407.9734504775406	0.0
GSM4138111_HNSCC_1_TIL_CCCATACAGACGCAAC	80.733418701151	112.08561424220024	421.84190797510803	26.26228720384131
GSM4138111_HNSCC_1_TIL_CCGTGGAAGGCATTGG	0.0	288.28278506312233	1075.9162068801365	51.411455978451336
GSM4138111_HNSCC_1_TIL_CCGTGGAAGTAACCCT	0.0	0.0	1040.1282507599492	38.80628297007755
GSM4138111_HNSCC_1_TIL_CCTAAAGTCTCCCTGA	27.14257282500011	48.24679112258703	985.2600647109083	0.0
GSM4138111_HNSCC_1_TIL_CCTTACGAGTGGCACA	0.0	0.0	1169.7796301516757	0.0
GSM4138111_HNSCC_1_TIL_CGCTGGATCCTCAACC	0.0	46.144579087371376	856.054329347204	3.158260218103663
GSM4138111_HNSCC_1_TIL_CGGAGTCCATCCGCGA	55.225283664084564	43.018489161764336	604.6235848896318	1.108662220448723
GSM4138111_HNSCC_1_TIL_CGTCACTTCCCATTTA	0.0	85.59590837085071	624.8696717870026	8.323086575743455
GSM4138111_HNSCC_1_TIL_CTCGTCATCGATGAGG	36.17664809663663	19.449294999457944	1203.4608961969018	0.0
GSM4138111_HNSCC_1_TIL_CTGATCCAGCTGAACG	24.72050750030603	262.0697696373812	1054.9343063934675	51.57490480910392
GSM4138111_HNSCC_1_TIL_CTTAACTCATGGTCAT	4.732726871296845	181.78080997886664	1024.0602318231563	3.995946481052327
GSM4138111_HNSCC_1_TIL_CTTACCGTCACAGTAC	29.450180045410967	0.3452646431784649	934.7662140622623	0.0
GSM4138111_HNSCC_1_TIL_GAACGGATCTGAGTGT	0.0	4.3244562022845745	859.4341527433992	3.0557591772105646
GSM4138111_HNSCC_1_TIL_GACCAATCAAAGCGGT	0.0	0.0	1298.2748539431489	0.0
GSM4138111_HNSCC_1_TIL_GATCTAGGTCAAACTC	0.0	66.44725755401937	888.4205232303711	0.0
GSM4138111_HNSCC_1_TIL_GCAATCATCTCTAGGA	0.0	161.71069636033928	943.192061190937	0.0
GSM4138111_HNSCC_1_TIL_GCAGCCACAAGTCTGT	1.9789870718863194	0.0	1263.6810365442116	0.0
GSM4138111_HNSCC_1_TIL_GCAGTTATCTTCGAGA	174.33202860675655	461.4270880441842	800.0032762590049	17.582882420303893
GSM4138111_HNSCC_1_TIL_GCCTCTAAGCTAACTC	0.3889008265968074	66.29941664970752	956.6331832073996	0.0
GSM4138111_HNSCC_1_TIL_GCGCCAAGTACAGTTC	0.0	0.0	1175.5267761217647	4.833029803570829
GSM4138111_HNSCC_1_TIL_GCTCTGTTCAACTCTT	0.0	0.0	1278.90254460741	0.0
GSM4138111_HNSCC_1_TIL_GCTGCGATCTCGAGTA	43.036372322785105	101.78120117800816	1291.287540970672	36.66345826956468
GSM4138111_HNSCC_1_TIL_GCTTGAAGTGACCAAG	0.0	0.0	970.5497992608466	0.0
GSM4138111_HNSCC_1_TIL_GGAATAACATCGACGC	0.0	158.82176984635913	1187.8498046052823	4.178403386889677
GSM4138111_HNSCC_1_TIL_GGACGTCTCCGTTGCT	0.0	13.224228718185294	1354.6499492290684	0.0
GSM4138111_HNSCC_1_TIL_GGAGCAATCCGTAGGC	30.28335003814469	0.0	914.4922901275066	0.0
GSM4138111_HNSCC_1_TIL_GGCTGGTCACCAGCAC	0.0	0.0	990.6342572019606	0.0
GSM4138111_HNSCC_1_TIL_GGGAGATAGGGTTCCC	0.0	0.0	1020.6675139378876	0.0
GSM4138111_HNSCC_1_TIL_GGGTTGCCAGCCAATT	72.4862170878606	113.97316269079475	634.2878764357366	0.0
GSM4138111_HNSCC_1_TIL_GTAGTCACATCACGAT	0.0	0.0	1035.7855097402967	0.0
GSM4138111_HNSCC_1_TIL_GTATTCTCAACTGCTA	0.0	24.009364456742325	1032.9883381440634	0.0
GSM4138111_HNSCC_1_TIL_GTCACGGGTCTTGTCC	0.0	0.0	1147.5988557097173	0.0
GSM4138111_HNSCC_1_TIL_GTCCTCATCCCTCAGT	279.3352162241878	606.0907803471623	1411.3164541482622	23.023220407636092
GSM4138111_HNSCC_1_TIL_GTGCATACATCACAAC	304.9066040236998	40.40711912949465	696.6388092125717	0.0
GSM4138111_HNSCC_1_TIL_GTGTGCGAGTGGGATC	0.0	0.0	1040.4480870663974	0.0
GSM4138111_HNSCC_1_TIL_GTTCATTGTGCCTGGT	17.607304745560832	837.6806827572028	950.3579015747789	24.109962503207747
GSM4138111_HNSCC_1_TIL_GTTCATTTCATGTAGC	0.0	0.0	1187.7337502178214	0.0
GSM4138111_HNSCC_1_TIL_TAAGCGTTCGGATGGA	0.0	0.0	1019.2026445062995	0.0
GSM4138111_HNSCC_1_TIL_TACGGATGTCGTGGCT	0.0	0.0	912.0295885946398	0.0
GSM4138111_HNSCC_1_TIL_TATCAGGTCTACCAGA	0.0	28.596779972114184	882.1941473555943	6.012634053807894
GSM4138111_HNSCC_1_TIL_TCGCGAGTCCGCATAA	0.0	6.671706959035864	1007.1672722706583	0.0
GSM4138111_HNSCC_1_TIL_TGACTAGAGCGTAATA	0.0	0.0	876.1201659414543	0.0
GSM4138111_HNSCC_1_TIL_TGCTACCCACTGTCGG	350.7160572468906	134.28676370237423	325.561971359446	0.0
GSM4138111_HNSCC_1_TIL_TTGCCGTCAAGACACG	0.0	0.0	1316.9676797448963	8.890977349135584
GSM4138111_HNSCC_1_TIL_TTGTAGGCACAGGAGT	65.91840773017192	208.61381550793956	607.6613787971133	0.0
GSM4138111_HNSCC_1_TIL_ACACCAAAGACTACAA	675.84342097851	85.37719426402164	15.087662038314923	0.0
GSM4138111_HNSCC_1_TIL_CTCATTAAGCTCCTTC	763.6312351489714	49.75985645785111	56.62214278791003	5.433285267162396
GSM4138111_HNSCC_1_TIL_TAGTGGTGTACCATCA	730.8730228970248	2.2654978710632725	18.965648379101072	0.0
GSM4138111_HNSCC_1_TIL_TTATGCTTCCGATATG	594.1629054469411	62.113450223351705	0.0	3.503054306424709
GSM4138111_HNSCC_1_TIL_ATCCGAATCAACACTG	213.35714426275766	339.6465064982224	8.767174578883822	26.555467636741927
GSM4138111_HNSCC_1_TIL_CGTCTACTCTGGCGAC	1342.4915402002694	901.1041358252335	165.5154972910284	0.0
GSM4138111_HNSCC_1_TIL_GTTTCTAAGGAGTTTA	408.8358645749057	226.75647293148978	0.0	3.570083379065872
GSM4138111_HNSCC_1_TIL_AAACGGGTCTTGCCGT	1197.8566800517647	1387.4114574506089	11.394624749758062	0.0
GSM4138111_HNSCC_1_TIL_AAAGATGAGCTAGTCT	375.0707669703163	601.6088536967796	82.94471530501782	0.0
GSM4138111_HNSCC_1_TIL_AACTGGTTCCTCATTA	2720.7933535830043	1796.1513357690667	85.0392014573739	41.209266802891165
GSM4138111_HNSCC_1_TIL_ACACTGACATTAACCG	1123.8626198641057	579.4279970975324	0.0	0.0
GSM4138111_HNSCC_1_TIL_ACCTTTATCAATCACG	258.4962981638419	2355.529479887277	400.8656950144698	166.63848077444268
GSM4138111_HNSCC_1_TIL_AGCTTGAAGAGGACGG	536.9874475232599	771.1421245233898	126.65748696192196	0.0
GSM4138111_HNSCC_1_TIL_ATGCGATAGACGCTTT	586.0954296797973	2176.7977759926343	85.22438513235657	24.17406666004496
GSM4138111_HNSCC_1_TIL_ATTGGACAGACACTAA	392.24854450060445	999.0928489514157	37.090561017328746	0.0
GSM4138111_HNSCC_1_TIL_ATTGGACAGCTAGGCA	659.2304839081958	1245.8219882511178	125.94505914349135	115.74587264955703
GSM4138111_HNSCC_1_TIL_CAACTAGAGACTTTCG	544.9583217323062	1011.588468749242	77.12846400801237	21.573572094014036
GSM4138111_HNSCC_1_TIL_CAGCTAACAGTATGCT	318.7745282117191	746.9506008205652	248.83329790194077	84.57668485405362
GSM4138111_HNSCC_1_TIL_CATTCGCCAAGGACAC	381.69434500542235	1227.5378284153912	0.0	0.0
GSM4138111_HNSCC_1_TIL_CCCTCCTAGCCGTCGT	302.21357244832444	874.0014111995663	42.128861094249956	37.04550844958033
GSM4138111_HNSCC_1_TIL_CCTTCCCGTCCCGACA	498.8481660657538	922.2546360678746	32.63187216506213	0.0
GSM4138111_HNSCC_1_TIL_CGTGAGCGTATCAGTC	366.8052036394952	422.35970991793965	70.67181563611105	11.082897902469192
GSM4138111_HNSCC_1_TIL_CGTGTAAAGCCAGGAT	1173.7609215974799	678.4844262957491	104.8227232553171	0.0
GSM4138111_HNSCC_1_TIL_CTAGCCTCAGCTTCGG	732.5926988910021	3077.6384123309604	199.20585404743392	0.0
GSM4138111_HNSCC_1_TIL_CTCAGAAAGTGCTGCC	232.4950308705787	386.1608931331696	49.071645257158785	39.80102816337067
GSM4138111_HNSCC_1_TIL_CTCAGAAGTCAAGCGA	585.1913659905449	1673.2250337479709	182.86058356131394	18.414596012365102
GSM4138111_HNSCC_1_TIL_CTCGAAAAGGCCCTCA	732.3383477684139	325.02257430074116	0.0	3.6927284628879473
GSM4138111_HNSCC_1_TIL_GAAATGAAGGATATAC	341.13561189865715	821.9362908232779	40.943143744680526	16.922722757238546
GSM4138111_HNSCC_1_TIL_GGCAATTTCCCACTTG	976.1721279448224	498.93152791660845	28.437710680408237	45.08293416548038
GSM4138111_HNSCC_1_TIL_GGTGCGTGTCTAACGT	470.78547703374164	1061.445859928447	101.98970023062202	24.669845402779107
GSM4138111_HNSCC_1_TIL_GTAGGCCAGATGTGTA	305.17732330590815	1022.0136310970219	13.737974194204424	0.0
GSM4138111_HNSCC_1_TIL_GTCCTCAAGTGCCAGA	1840.2032297476105	1220.3965194509574	96.70380405081342	0.0
GSM4138111_HNSCC_1_TIL_TAAGTGCGTCAAAGCG	1223.701374586557	1344.7270664001355	31.629492372620987	108.51785635719742
GSM4138111_HNSCC_1_TIL_TAGCCGGCAGGTGGAT	1062.3554131583855	2022.891421972625	342.7615621895975	91.61334109592671
GSM4138111_HNSCC_1_TIL_TAGGCATTCCACGTGG	465.14478613023357	672.7276767567306	48.63311464809677	39.48849671746843
GSM4138111_HNSCC_1_TIL_TCGGGACGTCACTTCC	310.83083429620547	1766.9456971578682	214.14138075948813	42.86833480997411
GSM4138111_HNSCC_1_TIL_TGCACCTGTCTCCACT	227.03074132271246	554.9752200629938	309.9084586478815	142.09552736869213
GSM4138111_HNSCC_1_TIL_TGCGCAGTCTTGTCAT	1629.0184219431314	1197.6013960924918	6.229535826732278	43.76363593930293
GSM4138111_HNSCC_1_TIL_TGTCCCAAGAGGTTGC	970.030359853448	829.1245454075267	0.0	17.971356195531218
GSM4138111_HNSCC_1_TIL_ATTGGTGGTGAAGGCT	185.39671421208723	732.9367939022982	419.53473126377696	28.409753683917447
GSM4138111_HNSCC_1_TIL_CAGAATCGTGTGTGCC	0.0	536.8663571054119	445.2767246233338	6.865206477111776
GSM4138111_HNSCC_1_TIL_CGTCTACAGCGATCCC	112.45907250717306	721.6839699663875	509.37281222595703	63.213747285603475
GSM4138111_HNSCC_1_TIL_TGCGGGTTCTTGCAAG	153.88605431143898	645.8180222906054	359.8331134015814	0.0
GSM4138111_HNSCC_1_TIL_ACCGTAACAACACCTA	0.0	1999.8871350396546	12.123719415851783	63.67155968868844
GSM4138111_HNSCC_1_TIL_ACGGGTCAGCAATCTC	38.928512822212454	1383.9696249226056	0.0	0.0
GSM4138111_HNSCC_1_TIL_CTAGCCTAGAGTCGGT	248.53993759286212	3903.1707056672376	0.0	129.3312566154123
GSM4138111_HNSCC_1_TIL_TGACTAGAGCCTCGTG	1249.8196143916355	1095.1033908324428	0.0	0.0
GSM4138111_HNSCC_1_TIL_AGTGGGACAACTGCGC	1735.8376852312085	0.0	0.0	0.0
GSM4138111_HNSCC_1_TIL_CAGCGACTCCACGAAT	705.5223364535292	1093.6397146797653	24.381904561420242	72.89767841146836
GSM4138111_HNSCC_1_TIL_CCTATTAAGAATCTCC	1626.2240620206198	0.0	0.0	0.0
GSM4138111_HNSCC_1_TIL_CCTCTGAAGTCTTGCA	1340.6564302948195	374.64892912643455	0.0	0.0
GSM4138111_HNSCC_1_TIL_CTAGCCTCACGAAAGC	3897.8489374483506	0.0	0.0	105.02557570359649
GSM4138111_HNSCC_1_TIL_GATGAAAGTGCAACTT	2131.052456367779	121.6686917097779	79.61013105361447	43.88997315018819
GSM4138111_HNSCC_1_TIL_GCGGGTTTCTTTACGT	1460.4832002955231	71.13344654952911	68.30656571086382	0.0
GSM4138111_HNSCC_1_TIL_TCAGGTATCAGTGTTG	1276.6043032103066	0.0	0.0	0.0
GSM4138111_HNSCC_1_TIL_TCGGGACAGATGAGAG	1596.9667762119773	0.0	0.0	0.0
GSM4138111_HNSCC_1_TIL_TGCGCAGAGCGCCTCA	1292.2276643970893	790.3249961057395	163.82486396132538	0.0
GSM4138111_HNSCC_1_TIL_AACCGCGCACACTGCG	0.0	1935.709536654439	0.0	0.0
GSM4138111_HNSCC_1_TIL_ACACTGATCATGCATG	0.0	2225.9946206944246	0.0	0.0
GSM4138111_HNSCC_1_TIL_AGTAGTCTCTGTCCGT	91.66766011610015	1624.6787605647107	0.0	0.0
GSM4138111_HNSCC_1_TIL_ATCCGAAGTGTTAAGA	0.0	1150.6423706491207	0.0	0.0
GSM4138111_HNSCC_1_TIL_CATCGGGCAAGACACG	0.0	2084.7352832187084	43.877542830297905	0.0
GSM4138111_HNSCC_1_TIL_CCCTCCTTCCCACTTG	238.79476472476742	1969.924203788161	0.0	0.0
GSM4138111_HNSCC_1_TIL_CGGACTGTCGCTTGTC	0.0	1467.399449807825	0.0	0.0
GSM4138111_HNSCC_1_TIL_CTGATAGAGACTGGGT	0.0	903.2033193768734	0.0	0.0
GSM4138111_HNSCC_1_TIL_GACGTTAAGGCTACGA	0.0	763.4427889989724	0.0	0.0
GSM4138111_HNSCC_1_TIL_GCGCGATTCGCCTGAG	167.76581498281655	2176.6388495792635	0.0	0.0
GSM4138111_HNSCC_1_TIL_GCTTCCAGTCTAGTGT	108.61761079443077	1064.0101134909207	0.0	0.478990861963846
GSM4138111_HNSCC_1_TIL_GCTTCCAGTTGCTCCT	0.0	1989.3974114129278	0.0	0.0
GSM4138111_HNSCC_1_TIL_GGACGTCGTCCTCCAT	0.0	1890.0263705721943	411.04007894708826	47.23304362284589
GSM4138111_HNSCC_1_TIL_GGGTCTGTCTATCCTA	0.0	4725.559325891556	0.0	0.0
GSM4138111_HNSCC_1_TIL_GTTACAGCAATGTTGC	0.0	1990.7161810151836	0.0	0.0
GSM4138111_HNSCC_1_TIL_TACGGGCAGTGGGATC	0.0	897.344866375672	0.0	0.0
GSM4138111_HNSCC_1_TIL_TACGGGCTCTACTATC	0.0	1217.1134544834133	0.0	0.0
GSM4138111_HNSCC_1_TIL_TGTGGTAGTTACGTCA	120.99067287997003	560.5048185399663	33.59795370039777	0.0
GSM4138111_HNSCC_1_TIL_GTGGGTCGTACGACCC	129.20925893681112	475.5968490282915	59.443798272448134	457.8326962266964
GSM4138111_HNSCC_1_TIL_AACTCCCTCTCTTGAT	0.0	172.90245227416773	0.0	1535.0695248761117
GSM4138111_HNSCC_1_TIL_AAGTCTGGTCTTTCAT	0.0	75.89859224962018	0.0	743.7139384268025
GSM4138111_HNSCC_1_TIL_ACACCAAAGCTACCTA	82.83954116482609	26.48040496733072	60.80330843682792	907.386622588123
GSM4138111_HNSCC_1_TIL_ACCGTAATCGGCATCG	264.9868078339904	0.0	0.0	1361.9164532352324
GSM4138111_HNSCC_1_TIL_AGATTGCCATACCATG	0.0	0.0	7.705099515420927	943.8147405514338
GSM4138111_HNSCC_1_TIL_AGTAGTCGTAGGGTAC	0.0	0.0	56.05453648587533	1039.5855740110892
GSM4138111_HNSCC_1_TIL_CATCGGGGTATTCGTG	0.0	0.0	0.0	1696.2006007077837
GSM4138111_HNSCC_1_TIL_CCGGTAGTCACCGTAA	205.38012948131174	774.5053554774571	17.76742742542943	1198.7877894559165
GSM4138111_HNSCC_1_TIL_CCTCAGTAGATCCCGC	9.966585308879152	0.0	0.0	866.2442172973003
GSM4138111_HNSCC_1_TIL_CGGACTGAGGGTTCCC	11.850074466547154	0.0	10.175129438824584	758.9328498623667
GSM4138111_HNSCC_1_TIL_CGTGTAAAGAGGTTAT	10.579646393035663	0.0	0.0	1140.6230407795679
GSM4138111_HNSCC_1_TIL_CTCGTACAGCAATATG	0.0	0.0	56.67050029142126	978.5365940556925
GSM4138111_HNSCC_1_TIL_GACTACACAACGATCT	216.9102470449023	202.632610253486	15.656923124820693	1120.5188074427726
GSM4138111_HNSCC_1_TIL_GATCTAGCAGCTCCGA	19.248141404993753	51.71458660556903	0.0	554.2327761349429
GSM4138111_HNSCC_1_TIL_GCAGCCATCAAACAAG	26.186421635534263	22.968278703319115	6.841753452590461	1589.726324341279
GSM4138111_HNSCC_1_TIL_GCTCCTAGTACGAAAT	0.0	0.0	12.321146019524274	1016.1282942392953
GSM4138111_HNSCC_1_TIL_GGCAATTGTTGAGTTC	10.900578069899607	0.0	0.0	827.670942993967
GSM4138111_HNSCC_1_TIL_GTACTTTGTGCATCTA	59.258028337984	57.59695289680006	0.0	514.8547135922582
GSM4138111_HNSCC_1_TIL_GTCAAGTAGTCCCACG	0.0	0.8242217197747183	9.992467931238444	887.3934037393011
GSM4138111_HNSCC_1_TIL_GTCAAGTGTATATGGA	0.0	0.0	0.0	1026.403892439175
GSM4138111_HNSCC_1_TIL_GTTCTCGCACGCCAGT	81.95669811418347	271.77029677311873	45.627920580468725	465.95904147501557
GSM4138111_HNSCC_1_TIL_GTTCTCGTCCTGTACC	0.0	0.0	0.0	929.8251553549171
GSM4138111_HNSCC_1_TIL_TATCAGGCAGCCAGAA	21.245415330518163	14.37882020183123	39.070418493768955	625.6137602202724
GSM4138111_HNSCC_1_TIL_TCAGCTCGTACCGTAT	17.791025634596874	0.0	0.0	1696.334312795108
GSM4138111_HNSCC_1_TIL_TCTTCGGCACATCTTT	0.0	0.0	0.0	836.2989580783646
GSM4138111_HNSCC_1_TIL_TGAGAGGTCGGCGGTT	24.161369231667553	0.0	46.64584243876701	1396.927904118566
GSM4138111_HNSCC_1_TIL_TGCACCTTCTTTACAC	21.90978769378184	13.330140031902522	0.0	979.5119955385646
GSM4138111_HNSCC_1_TIL_TTAGTTCTCTTCATGT	0.0	0.0	0.0	1079.173468853675
GSM4138111_HNSCC_1_TIL_TTTACTGTCTTGACGA	0.0	0.0	0.0	1249.051415324883
GSM4138111_HNSCC_1_TIL_ATCTGCCCATGCCCGA	111.8844332879793	702.705535407538	80.1455367037909	14.836730247120046
GSM4138111_HNSCC_1_TIL_CAACCTCGTAGCTCCG	174.2469654527605	391.63289009163066	60.673999113470835	5.847651038702907
GSM4138111_HNSCC_1_TIL_CATCGGGAGCTAGTTC	257.97220411941555	631.3285838153834	71.88042224136343	1.6873776036963593
GSM4138111_HNSCC_1_TIL_CCACGGACAGATGAGC	310.97933296423247	1607.2519001722692	134.00568336411666	9.96513439093135
GSM4138111_HNSCC_1_TIL_CGGCTAGTCGGAAACG	97.63688553160306	344.1075987132043	40.68765239895299	1.5918539878939175
GSM4138111_HNSCC_1_TIL_CGTCTACGTCCGAACC	159.6918984567657	487.68159966199823	44.179157919231315	0.0
GSM4138111_HNSCC_1_TIL_CGTCTACGTGTGAATA	229.7421972283735	762.0511505534984	177.53758726059627	0.0
GSM4138111_HNSCC_1_TIL_CGTTCTGGTCCAGTAT	0.0	2655.4544328736665	45.84143595020658	58.95602066615906
GSM4138111_HNSCC_1_TIL_CTCGTCAGTTGCTCCT	128.6302543322592	991.0041782911544	108.48545112251854	57.17003030797343
GSM4138111_HNSCC_1_TIL_CTTAGGAAGACAAGCC	208.37215090591084	784.2800931092759	95.73644072000631	19.5422890501928
GSM4138111_HNSCC_1_TIL_CTTGGCTCATAGTAAG	192.61752221144226	995.0486064037685	39.004069624566554	62.15990485325721
GSM4138111_HNSCC_1_TIL_GAAACTCTCAACACAC	176.51563648898448	719.6670946485098	69.36463644520866	26.361407636173908
GSM4138111_HNSCC_1_TIL_GATTCAGGTGAGCGAT	157.42720161545608	405.4588016517194	40.8988009622754	1.1332630500522278
GSM4138111_HNSCC_1_TIL_GGATTACAGTTGCAGG	298.3485954195828	1247.147775842078	170.25961364520964	84.98452347505592
GSM4138111_HNSCC_1_TIL_GGTGAAGTCATCTGCC	223.1982682619288	1042.5965353476797	136.36716776990025	0.8455454474176161
GSM4138111_HNSCC_1_TIL_GTGAAGGGTATATGAG	153.03293105945824	1761.7896435111343	189.31100069885602	0.0
GSM4138111_HNSCC_1_TIL_GTTTCTAAGCCAGAAC	53.52120693265698	674.4166080854452	86.82164727396353	0.0
GSM4138111_HNSCC_1_TIL_TAAGAGACATCGGTTA	255.2889671878144	1021.3074532154073	182.1838303938808	18.38712346482865
GSM4138111_HNSCC_1_TIL_TATTACCGTTGTTTGG	0.0	1908.7633390928834	115.17573425233154	0.0
GSM4138111_HNSCC_1_TIL_TGGTTAGAGTTTAGGA	200.44622713702105	721.5114941565645	168.18452628583663	0.29327823407271686
GSM4138111_HNSCC_1_TIL_TTGACTTCATCGACGC	148.7184362343019	856.0112406446591	69.15432638358965	0.0
