	1	2	3	4	5	6	7	8	9	10	11	12	13	14	15	16	17	18	19	20	21	22	23	24	25	26	27	28	29	30	31
GSM4138111_HNSCC_1_TIL_AACTCCCGTCATATCG	0.0	0.0	0.0	242.3659016431836	0.0	0.0	0.0	16.312669678560024	0.0	0.0	0.0	0.0	0.0	0.0	0.0	0.0	0.0	0.0	0.0	0.0	0.0	0.0	0.0	0.0	0.0	0.0	0.0	0.0	0.0	0.0	0.0
GSM4138111_HNSCC_1_TIL_AGTGGGATCACCCGAG	0.0	0.0	0.0	178.01404050659897	0.0	0.0	0.0	10.35850648113231	0.0	0.0	0.0	0.0	0.0	0.0	0.0	0.0	0.0	0.0	0.0	0.0	0.0	0.0	0.0	0.0	0.0	0.0	0.0	0.0	0.0	0.0	0.0
GSM4138111_HNSCC_1_TIL_ATCCGAAGTCGTTGTA	0.0	0.0	0.0	108.92343468916589	65.84591415115769	0.0	0.0	17.4218757446804	0.0	0.0	0.0	0.0	14.625932152164262	0.0	0.0	0.0	0.0	0.0	0.0	40.49045124387658	0.0	0.0	0.0	0.0	0.0	0.0	0.0	0.0	0.0	0.0	0.0
GSM4138111_HNSCC_1_TIL_CAGCGACAGGGATGGG	0.0	0.0	201.80610400794484	9.070927491744099	0.0	0.0	0.0	0.0	0.0	0.0	10.385861123420025	0.0	0.0	0.0	0.0	0.0	0.0	0.0	0.0	0.0	55.117250541243386	0.0	0.0	3.1696197099253127	0.0	0.0	0.0	0.0	0.0	0.0	0.0
GSM4138111_HNSCC_1_TIL_CGGACACTCATATCGG	0.0	0.0	0.0	0.0	0.0	0.0	0.0	35.10310885296842	80.52819039278911	0.0	0.0	0.0	164.902850639463	0.0	0.0	0.0	0.0	0.0	0.0	0.0	0.0	0.0	0.0	0.0	0.0	0.0	0.0	0.0	0.0	0.0	0.0
GSM4138111_HNSCC_1_TIL_TAGTTGGGTCTCCACT	0.0	0.0	0.0	0.0	0.0	0.0	0.0	0.0	0.0	0.0	20.872094104491005	0.0	196.19060454374966	0.0	0.0	0.0	0.0	0.0	0.0	0.0	0.0	0.0	0.0	0.0	0.0	0.0	0.0	0.0	0.0	0.0	0.0
GSM4138111_HNSCC_1_TIL_AAAGATGAGCATGGCA	0.0	143.22393094101992	0.0	0.0	0.0	0.0	0.0	0.0	0.0	97.8032322308019	0.0	0.0	0.0	0.0	0.0	0.0	0.0	0.0	20.61566542394609	0.0	0.0	0.0	0.0	0.0	0.0	0.0	0.0	0.0	0.0	0.0	0.0
GSM4138111_HNSCC_1_TIL_AGCAGCCTCCTACAGA	0.0	44.08275075033759	0.0	0.0	0.0	98.90730075201157	0.0	0.0	0.0	98.77048981562415	0.0	0.0	0.0	0.0	0.0	0.0	0.0	0.0	16.660696529772554	0.0	0.0	0.0	0.0	0.0	0.0	0.0	0.0	0.0	0.0	0.0	0.0
GSM4138111_HNSCC_1_TIL_AGGTCATTCAAGCCTA	0.0	0.0	0.0	0.0	0.0	0.0	0.4285041062739347	0.0	0.8290579281683493	0.0	2.677029059801231	2.20350518155432	65.60787685159444	0.0	0.0	0.0	0.0	0.0	12.269231768953889	139.73154159243745	31.09956138390212	0.0	0.0	0.0	0.0	0.0	0.0	0.0	0.0	0.0	0.0
GSM4138111_HNSCC_1_TIL_ATGCGATGTGATGTCT	0.0	276.0534333845533	0.0	201.4468685153384	141.79149100136675	0.0	0.0	33.04615139659437	0.0	0.0	0.0	0.0	0.0	0.0	0.0	0.0	0.0	0.0	0.0	0.0	0.0	0.0	0.0	0.0	0.0	0.0	0.0	0.0	0.0	0.0	0.0
GSM4138111_HNSCC_1_TIL_CCAGCGATCACTTCAT	0.0	0.0	0.0	0.0	0.0	2.4304978233669963	0.0	0.0	0.0	0.0	0.0	0.0	149.99457751926508	0.0	0.0	0.0	141.5081809174799	0.0	26.482977582270188	0.0	0.0	0.0	0.0	0.0	0.0	0.0	21.091985610403018	0.0	0.0	0.0	0.0
GSM4138111_HNSCC_1_TIL_CCCATACGTCTGATTG	0.0	0.0	0.0	0.0	0.0	0.0	0.0	0.0	0.0	0.0	19.39305870627353	0.0	0.0	0.0	0.0	0.0	271.50089260556473	0.0	0.0	0.0	0.0	0.0	0.0	0.0	0.0	0.0	0.0	0.0	0.0	0.0	0.0
GSM4138111_HNSCC_1_TIL_CGTTAGAGTTTACTCT	0.0	0.0	314.05763685006013	0.0	0.0	0.0	0.0	0.0	0.0	0.0	0.0	0.0	0.0	0.0	0.0	0.0	0.0	0.0	28.65320618018568	0.0	0.0	0.0	0.0	94.57901897046912	0.0	0.0	0.0	0.0	0.0	0.0	0.0
GSM4138111_HNSCC_1_TIL_CTAGCCTAGGTCATCT	0.0	0.0	280.2406912904013	0.0	0.0	0.0	0.0	0.0	0.0	138.15859568890215	0.0	0.0	0.0	0.0	0.0	0.0	0.0	0.0	26.60483871786244	0.0	0.0	0.0	0.0	0.0	0.0	0.0	0.0	0.0	0.0	0.0	0.0
GSM4138111_HNSCC_1_TIL_CTCGTACTCAGCCTAA	0.0	274.41768367739206	0.0	0.0	0.0	0.0	0.0	0.0	0.0	0.0	0.0	0.0	0.0	0.0	0.0	0.0	0.0	0.0	12.03752855798551	0.0	0.0	0.0	0.0	0.0	0.0	0.0	0.0	0.0	0.0	0.0	0.0
GSM4138111_HNSCC_1_TIL_GAAATGATCTAACCGA	0.0	0.0	446.39076283968865	0.0	0.0	0.0	0.0	56.72978958762822	0.0	0.0	0.0	0.0	300.27386135596566	0.0	0.0	0.0	0.0	0.0	0.0	0.0	0.0	101.21787319875968	0.0	0.0	0.0	0.0	0.0	0.0	0.0	0.0	0.0
GSM4138111_HNSCC_1_TIL_GGCCGATAGAAGCCCA	0.0	56.83241032191191	0.0	0.0	43.666930426695224	120.23421785682649	0.0	33.285785437088364	0.0	0.0	0.0	0.0	0.0	0.0	0.0	0.0	0.0	0.0	0.0	0.0	0.0	0.0	0.0	0.0	0.0	0.0	0.0	0.0	0.0	0.0	0.0
GSM4138111_HNSCC_1_TIL_GGCCGATAGCCCTAAT	0.0	88.83098375571338	0.0	0.0	441.5131849192868	0.0	0.0	0.0	0.0	0.0	28.30954711004089	0.0	0.0	0.0	0.0	0.0	0.0	0.0	0.0	0.0	0.0	0.0	0.0	0.0	0.0	0.0	0.0	0.0	0.0	0.0	0.0
GSM4138111_HNSCC_1_TIL_GGCGACTAGTTTCCTT	0.0	124.23626830756567	0.0	3.4909478220508094	29.680766804576603	0.0	0.0	1.3778576754045588	0.0	0.0	0.4419066835012637	0.0	0.0	27.932509306076916	0.0	0.0	0.0	0.0	7.136451756910529	57.872600547416845	0.0	0.0	0.0	0.0	0.0	0.0	0.0	0.0	0.0	0.0	0.0
GSM4138111_HNSCC_1_TIL_GGGACCTAGTTAGGTA	0.0	0.0	0.0	0.0	0.0	0.0	0.0	14.816441283512244	0.0	0.0	0.0	0.0	0.0	0.0	0.0	0.0	733.0439660441813	0.0	21.67905611533286	0.0	0.0	0.0	0.0	0.0	0.0	0.0	0.0	0.0	0.0	0.0	0.0
GSM4138111_HNSCC_1_TIL_GTCAAGTTCAGCACAT	0.0	148.9258461611273	0.0	0.0	0.0	0.0	0.0	9.648060101923747	0.0	0.0	4.375098332559153	0.0	195.5881121470452	0.0	0.0	0.0	0.0	0.0	1.4674106392271689	0.0	0.0	0.0	0.3075809017206907	0.0	0.0	0.0	0.0	0.0	0.0	0.0	0.0
GSM4138111_HNSCC_1_TIL_TAAACCGTCCAGTATG	0.0	0.0	0.0	0.0	390.7001167070748	0.0	0.0	0.0	0.0	0.0	0.0	0.0	18.208626509324468	0.0	0.0	0.0	0.0	0.0	33.815469821410346	0.0	0.0	0.0	0.0	0.0	0.0	0.0	0.0	0.0	0.0	0.0	0.0
GSM4138111_HNSCC_1_TIL_TATGCCCGTCTCATCC	0.0	0.0	0.0	0.0	50.00377725975814	14.170088331611703	0.0	0.0	0.0	0.0	0.0	0.0	0.0	0.0	0.0	0.0	205.20890497474025	0.0	9.359539018892834	0.0	0.0	0.0	0.0	0.0	0.0	0.0	0.0	0.0	0.0	0.0	0.0
GSM4138111_HNSCC_1_TIL_TTTACTGAGTAGGCCA	0.0	0.0	39.589818592368694	0.0	0.0	14.072064861181875	80.05854745975782	0.0	0.0	46.62341527910224	40.595767971544724	0.0	167.9187449797825	0.0	0.0	0.0	0.0	0.0	0.0	0.0	0.0	0.0	0.0	0.0	0.0	0.0	0.0	0.0	0.0	0.0	0.0
GSM4138111_HNSCC_1_TIL_AACTTTCTCGCCAAAT	0.0	0.0	0.0	0.0	0.0	0.0	477.35927148393694	58.827917413141854	0.0	0.0	0.0	0.0	0.0	0.0	0.0	0.0	0.0	0.0	0.0	0.0	0.0	0.0	0.0	0.0	0.0	0.0	0.0	229.41084509511532	0.0	0.0	0.0
GSM4138111_HNSCC_1_TIL_ACATCAGGTGTTCTTT	0.0	0.0	0.0	0.0	0.0	0.0	0.0	12.273255649722188	0.0	0.0	0.0	266.0380318514632	0.0	0.0	0.0	0.0	0.0	0.0	0.0	0.0	98.48598848551939	0.0	0.0	0.0	0.0	0.0	0.0	0.0	0.0	0.0	0.0
GSM4138111_HNSCC_1_TIL_ACGATACCACATTCGA	0.0	8.656183533510436	57.70081531406857	0.0	0.0	0.0	668.7709825984847	20.40486098351603	0.0	0.0	0.0	0.0	0.0	0.0	0.0	0.0	0.0	0.0	0.0	0.0	0.0	0.0	0.0	0.0	0.0	0.0	0.0	0.0	0.0	0.0	0.0
GSM4138111_HNSCC_1_TIL_ACGGCCAAGGGTCGAT	0.0	37.64766626453331	0.0	0.0	0.0	0.0	0.0	14.712215278692028	227.57022545757079	0.0	0.0	0.0	0.0	0.0	0.0	0.0	0.0	0.0	1.6562788391990004	0.0	0.0	0.0	0.0	0.0	0.0	0.0	0.0	0.0	0.0	0.0	0.0
GSM4138111_HNSCC_1_TIL_ACTGAGTTCTCTGTCG	0.0	141.64829021822734	0.0	0.0	0.0	0.0	0.0	0.0	103.96837702412901	122.28764317317383	20.90379895004638	0.0	0.0	0.0	0.0	0.0	0.0	0.0	0.0	0.0	0.0	0.0	0.0	0.0	0.0	0.0	0.0	0.0	0.0	0.0	0.0
GSM4138111_HNSCC_1_TIL_ACTTTCATCCCACTTG	0.0	0.0	0.0	453.8858608039433	0.0	43.30082610934473	0.0	37.501149413775245	0.0	0.0	0.0	0.0	0.0	0.0	0.0	0.0	0.0	0.0	0.0	0.0	0.0	0.0	15.260603940356354	0.0	0.0	0.0	0.0	0.0	0.0	0.0	0.0
GSM4138111_HNSCC_1_TIL_AGCAGCCGTGAACCTT	106.8925835723813	0.0	0.0	155.75101444119872	0.0	0.0	0.0	0.0	0.0	0.0	0.0	0.0	0.0	0.0	0.0	0.0	0.0	0.0	11.71793829936954	0.0	0.0	0.0	0.0	0.0	0.0	0.0	0.0	0.0	0.0	0.0	0.0
GSM4138111_HNSCC_1_TIL_AGGGATGTCGCCGTGA	0.0	0.0	232.59931867578035	0.0	0.0	0.0	0.0	0.0	0.0	0.0	0.0	0.0	0.0	0.0	0.0	0.0	0.0	0.0	13.130995640918115	0.0	0.0	0.0	0.0	0.0	0.0	0.0	0.0	0.0	0.0	0.0	0.0
GSM4138111_HNSCC_1_TIL_ATCATCTGTAGCGTGA	0.0	0.0	0.0	0.0	0.0	0.0	566.472512991508	27.62171046843779	0.0	0.0	0.0	0.0	0.0	0.0	0.0	0.0	0.0	0.0	0.0	0.0	0.0	0.0	0.0	0.0	0.0	0.0	0.0	0.0	0.0	0.0	0.0
GSM4138111_HNSCC_1_TIL_ATCGAGTTCATTATCC	0.0	0.0	0.0	0.0	0.0	0.0	0.0	7.8192207894498615	0.0	0.0	18.44305251445352	221.03751085639868	227.45986485471423	0.0	0.0	0.0	0.14868681298298783	0.0	0.0	0.0	0.0	0.0	0.0	0.0	0.0	0.0	0.0	0.0	0.0	0.0	0.0
GSM4138111_HNSCC_1_TIL_ATCTGCCAGGATGGTC	0.0	0.0	0.0	132.2913409678344	107.51520275678041	48.496336771363154	0.0	0.0	0.0	0.0	4.276703335815131	0.0	0.0	0.0	0.0	0.0	0.0	0.0	0.0	0.0	0.0	0.0	0.0	0.0	0.0	0.0	0.0	0.0	0.0	23.48031408402192	0.0
GSM4138111_HNSCC_1_TIL_ATTTCTGGTACACCGC	0.0	0.0	0.0	0.0	161.92607902513333	0.0	0.0	11.787104769142323	0.0	0.0	0.0	0.0	82.7003646827998	0.0	0.0	0.0	92.3854132419991	0.0	0.8493903323625157	0.0	0.0	0.0	0.0	0.0	0.0	0.0	0.0	0.0	0.0	0.0	0.0
GSM4138111_HNSCC_1_TIL_CAACCAATCTATCCCG	0.0	0.0	0.0	0.0	0.0	0.0	616.7555765801264	23.170323472451518	0.0	0.0	1.3605335950127562	0.0	0.0	0.0	0.0	0.0	0.0	0.0	0.0	0.0	0.0	0.0	0.0	0.0	0.0	0.0	0.0	0.0	0.0	0.0	0.0
GSM4138111_HNSCC_1_TIL_CACACAACATCTACGA	0.0	145.77814151394966	14.655500630019851	0.0	0.0	0.0	0.0	23.10714866407122	0.0	0.0	0.0	0.0	0.0	0.0	0.0	0.0	0.0	0.0	0.0	0.0	0.0	0.0	0.0	0.0	0.0	0.0	96.35651860380717	0.0	0.0	0.0	0.0
GSM4138111_HNSCC_1_TIL_CACCTTGTCCGGGTGT	0.0	1032.5824438301217	0.0	0.0	0.0	0.0	0.0	0.0	0.0	288.3741215053999	58.448234441505676	0.0	0.0	0.0	0.0	0.0	0.0	0.0	0.0	0.0	0.0	0.0	0.0	0.0	0.0	0.0	0.0	0.0	0.0	0.0	0.0
GSM4138111_HNSCC_1_TIL_CATGACACAATGGAGC	0.0	0.0	0.0	296.04234142466595	0.0	0.0	86.83845117331397	0.0	210.19415594260633	47.24420647624013	0.0	0.0	0.0	0.0	0.0	0.0	36.923331817139996	0.0	19.62853817308482	0.0	0.0	0.0	0.0	0.0	0.0	0.0	0.0	0.0	0.0	0.0	0.0
GSM4138111_HNSCC_1_TIL_CCACTACTCACAATGC	0.0	81.73407930341367	0.0	0.0	0.0	0.0	0.0	13.844935135718874	0.0	266.64994522794586	0.0	0.0	0.0	0.0	0.0	0.0	0.0	0.0	0.0	0.0	0.0	0.0	0.0	0.0	0.0	0.0	0.0	0.0	0.0	0.0	0.0
GSM4138111_HNSCC_1_TIL_CCCAGTTGTAGTAGTA	0.0	0.0	0.0	0.0	0.0	0.0	0.0	20.565688337047465	0.0	0.0	0.0	0.0	264.0947399657264	0.0	0.0	0.0	0.0	0.0	7.570334735509178	0.0	0.0	0.0	0.0	0.0	0.0	0.0	0.0	0.0	0.0	0.0	0.0
GSM4138111_HNSCC_1_TIL_CCGTGGATCCCTTGCA	0.0	222.6701184033334	150.5772947113268	0.0	0.0	0.0	0.0	0.0	0.0	0.0	17.436361972741388	0.0	0.0	0.0	0.0	0.0	0.0	0.0	0.0	0.0	0.0	0.0	0.0	0.0	0.0	0.0	0.0	0.0	0.0	0.0	0.0
GSM4138111_HNSCC_1_TIL_CGCGGTATCATACGGT	116.9908041178549	0.0	185.96570264804336	0.0	0.0	0.0	41.75048082568227	7.372565826820709	0.0	0.0	0.0	0.0	0.0	0.0	0.0	0.0	0.0	0.0	0.0	0.0	0.0	23.02233654915398	0.0	0.0	0.0	0.0	0.0	0.0	0.0	0.0	0.0
GSM4138111_HNSCC_1_TIL_CGGACTGAGCCGTCGT	0.0	0.0	0.0	0.0	0.0	0.0	0.0	0.0	303.92389756701544	0.0	0.0	0.0	0.0	0.0	0.0	0.0	0.0	0.0	7.5799648869240155	0.0	0.0	0.0	0.0	0.0	0.0	0.0	0.0	0.0	0.0	0.0	0.0
GSM4138111_HNSCC_1_TIL_CGGAGCTTCGAACTGT	0.0	0.0	0.0	0.0	0.0	0.0	0.0	0.0	0.0	0.0	14.882920256191172	185.78584516778804	929.3632411585165	0.0	0.0	0.0	101.65533082675614	0.0	19.206246079526103	0.0	0.0	0.0	0.0	0.0	0.0	0.0	0.0	0.0	0.0	0.0	0.0
GSM4138111_HNSCC_1_TIL_CGGAGTCGTATGAATG	0.0	0.0	0.0	0.0	0.0	0.0	0.0	12.807604619496923	287.84337861358665	0.0	0.0	0.0	0.0	0.0	0.0	0.0	0.0	0.0	0.0	0.0	0.0	0.0	0.0	0.0	0.0	0.0	0.0	0.0	0.0	0.0	0.0
GSM4138111_HNSCC_1_TIL_CGGTTAAGTCGACTAT	0.0	0.0	174.65234071353052	0.0	0.0	252.05002050377232	0.0	21.253416520152257	0.0	0.0	0.0	0.0	0.0	0.0	0.0	0.0	0.0	0.0	0.0	0.0	0.0	0.0	0.0	0.0	0.0	0.0	0.0	0.0	0.0	0.0	0.0
GSM4138111_HNSCC_1_TIL_CGTCTACAGCCTATGT	0.0	0.0	0.0	0.0	30.770698014397848	0.0	354.19601985561513	0.0	0.0	0.0	22.415441615400805	0.0	0.0	0.0	0.0	0.0	0.0	0.0	0.0	0.0	0.0	0.0	0.0	0.0	0.0	0.0	0.0	0.0	0.0	0.0	0.0
GSM4138111_HNSCC_1_TIL_CGTGTCTGTCTCCACT	0.0	0.0	0.0	0.0	0.0	856.039082146288	0.0	0.0	0.0	0.0	0.0	0.0	0.0	0.0	0.0	0.0	0.0	0.0	24.220579511737633	0.0	0.0	0.0	0.0	0.0	0.0	0.0	0.0	0.0	0.0	0.0	0.0
GSM4138111_HNSCC_1_TIL_CGTTAGAAGAGCTATA	0.0	0.0	0.0	0.0	0.0	38.60919038923025	0.0	0.0	7.638597437965522	0.0	0.0	0.0	75.6439854423898	0.0	0.0	0.0	58.25567657718006	0.0	19.300179397201397	0.0	0.0	0.0	42.215572125196964	0.0	0.0	0.0	0.0	0.0	0.0	0.0	0.0
GSM4138111_HNSCC_1_TIL_CTGCTGTGTCCGAGTC	0.0	24.654121960301435	0.0	0.0	0.0	0.0	0.0	0.0	0.0	263.65836966914475	10.095583569443503	0.0	0.0	0.0	0.0	0.0	0.0	0.0	0.0	0.0	0.0	0.0	0.0	0.0	0.0	0.0	0.0	0.0	0.0	0.0	0.0
GSM4138111_HNSCC_1_TIL_CTGGTCTGTCCGTGAC	0.0	0.0	0.0	0.0	0.0	0.0	0.0	1.4151762702227233	0.0	0.0	0.0	297.5677951745358	0.0	0.0	0.0	0.0	0.0	0.0	32.30068777893923	0.0	0.0	0.0	0.0	597.3675462858167	0.0	0.0	0.0	0.0	0.0	0.0	0.0
GSM4138111_HNSCC_1_TIL_CTGTGCTTCGTCCGTT	0.0	279.70426414588314	0.0	0.0	76.6391811237171	0.0	0.0	11.118132632666851	0.0	29.12503484597659	0.0	0.0	0.0	0.0	0.0	0.0	0.0	0.0	0.0	0.0	0.0	0.0	0.0	0.0	0.0	0.0	0.0	0.0	0.0	0.0	0.0
GSM4138111_HNSCC_1_TIL_CTTCTCTGTCTTGCGG	0.0	0.0	0.0	0.0	0.0	0.0	0.0	7.607321516010128	122.08401204106968	0.0	0.0	0.0	64.259700488668	0.0	0.0	0.0	0.0	0.0	0.0	0.0	0.0	0.0	18.500572654035253	0.0	0.0	0.0	0.0	0.0	0.0	0.0	0.0
GSM4138111_HNSCC_1_TIL_GAATGAACACGTCAGC	0.0	0.0	5306.4074803783415	0.0	0.0	0.0	0.0	0.0	0.0	0.0	0.0	269.8243462944455	64.79605710042232	0.0	0.0	0.0	0.0	0.0	0.0	0.0	0.0	141.40728317845634	0.0	0.0	0.0	148.79482046684666	0.0	0.0	0.0	0.0	0.0
GSM4138111_HNSCC_1_TIL_GACTAACGTAGAAGGA	0.0	176.75677683442493	0.0	179.48009302509715	0.0	0.0	0.0	0.0	0.0	0.0	0.0	0.0	0.0	0.0	0.0	0.0	0.0	0.0	8.995008532834518	0.0	0.0	0.0	0.0	0.0	0.0	0.0	0.0	0.0	0.0	0.0	0.0
GSM4138111_HNSCC_1_TIL_GATCGATTCAGAGACG	0.0	0.0	0.0	0.0	0.0	0.0	0.0	0.0	0.0	0.0	0.0	0.0	0.0	0.0	182.54355881657494	0.0	0.0	516.7981285213257	13.653940149590914	0.0	0.0	0.0	0.0	0.0	0.0	0.0	0.0	0.0	0.0	0.0	0.0
GSM4138111_HNSCC_1_TIL_GGGAATGAGCTGTCTA	0.0	102.62301481886982	0.0	0.0	0.0	0.0	0.0	5.426374959425146	0.0	0.0	0.0	0.0	0.0	0.0	0.0	0.0	217.90396227743864	0.0	0.0	0.0	0.0	0.0	0.0	0.0	0.0	0.0	0.0	0.0	0.0	0.0	0.0
GSM4138111_HNSCC_1_TIL_GGGAGATGTGTGCCTG	0.0	0.0	0.0	0.0	0.0	558.9204509612965	0.0	0.0	0.0	0.0	0.0	0.0	0.0	0.0	0.0	0.0	0.0	0.0	19.607279743826055	0.0	0.0	0.0	0.0	0.0	0.0	0.0	0.0	0.0	0.0	0.0	0.0
GSM4138111_HNSCC_1_TIL_GGGTCTGTCCACGAAT	0.0	846.2015763012917	0.0	0.0	0.0	0.0	0.0	0.0	0.0	0.0	46.09178778251752	0.0	231.9378056414316	0.0	0.0	0.0	0.0	0.0	0.0	0.0	0.0	0.0	0.0	0.0	0.0	0.0	0.0	0.0	0.0	0.0	0.0
GSM4138111_HNSCC_1_TIL_GTCGGGTAGTCAATAG	0.0	0.0	0.0	0.0	0.0	0.0	0.0	0.0	138.24912554805204	64.27571472741913	12.294259107919896	0.0	0.0	0.0	0.0	0.0	0.0	0.0	0.0	0.0	0.0	0.0	0.0	0.0	0.0	0.0	0.0	0.0	0.0	0.0	0.0
GSM4138111_HNSCC_1_TIL_GTCTCGTCACCCATGG	0.0	0.0	0.0	0.0	0.0	265.8541728946661	0.0	0.0	0.0	0.0	0.0	0.0	0.0	0.0	0.0	0.0	0.7121779530421726	0.0	5.309814065944019	0.0	0.0	0.0	0.0	0.0	0.0	0.0	0.0	0.0	0.0	0.0	0.0
GSM4138111_HNSCC_1_TIL_GTCTTCGGTTGATTCG	0.0	0.0	0.0	0.0	0.0	522.9044677193842	0.0	9.662545118880521	0.0	0.0	0.0	0.0	0.0	0.0	0.0	0.0	0.0	0.0	8.650204053056768	0.0	0.0	0.0	0.0	0.0	0.0	0.0	0.0	0.0	0.0	0.0	0.0
GSM4138111_HNSCC_1_TIL_GTGCAGCCAGTTTACG	0.0	0.0	279.0119938432072	0.0	0.0	0.0	0.0	0.0	0.0	0.0	0.0	0.0	0.0	0.0	0.0	0.0	0.0	0.0	7.264203227702381	0.0	0.0	0.0	0.0	0.0	0.0	0.0	0.0	0.0	0.0	0.0	0.0
GSM4138111_HNSCC_1_TIL_GTTAAGCGTGCTGTAT	0.0	473.0875268372753	0.0	0.0	0.0	0.0	0.0	0.0	0.0	3.3181491957632914	0.0	0.0	0.0	0.0	0.0	0.0	0.0	0.0	27.182499799099073	0.0	0.0	0.0	0.0	0.0	0.0	0.0	0.0	0.0	0.0	0.0	0.0
GSM4138111_HNSCC_1_TIL_TACTCGCCACACATGT	0.0	0.0	0.0	0.0	0.0	0.0	0.0	0.0	0.0	0.0	0.0	0.0	0.0	0.0	0.0	0.0	878.495115436684	0.0	31.74136572287906	0.0	0.0	0.0	0.0	0.0	0.0	0.0	0.0	0.0	0.0	0.0	0.0
GSM4138111_HNSCC_1_TIL_TACTTACGTGTGACCC	0.0	0.0	0.0	0.0	0.0	0.0	0.0	20.808583068757116	0.0	0.0	0.0	0.0	369.975623983231	0.0	0.0	0.0	16.982016079851046	0.0	0.0	0.0	0.0	0.0	0.0	0.0	0.0	0.0	0.0	0.0	0.0	0.0	0.0
GSM4138111_HNSCC_1_TIL_TCATTTGCAAGTAATG	0.0	168.29908722570707	0.0	0.0	0.0	0.0	0.0	20.399207637631825	0.0	117.34999063244365	0.0	0.0	0.0	0.0	0.0	0.0	0.0	0.0	0.0	0.0	0.0	0.0	0.0	0.0	0.0	0.0	0.0	0.0	0.0	0.0	0.0
GSM4138111_HNSCC_1_TIL_TCTATTGGTGTTTGTG	0.0	0.0	0.0	0.0	0.0	0.0	0.0	7.613755922174884	0.0	0.0	0.0	0.0	0.0	0.0	0.0	0.0	424.4680271981467	0.0	0.0	0.0	0.0	0.0	0.0	0.0	0.0	0.0	0.0	0.0	0.0	0.0	0.0
GSM4138111_HNSCC_1_TIL_TCTCTAATCGTCTGCT	0.0	0.0	87.51773695628668	0.0	101.05193020458842	0.0	0.0	12.865866841213446	0.0	0.0	0.0	0.0	0.0	0.0	0.0	0.0	81.49294079751134	0.0	0.0	0.0	0.0	0.0	0.0	0.0	0.0	0.0	0.0	0.0	9.378652445752595	0.0	0.0
GSM4138111_HNSCC_1_TIL_TTCTACACACCGGAAA	0.0	0.0	0.0	0.0	0.0	0.0	0.0	16.01140637409991	227.80762902776019	0.0	0.0	0.0	0.0	0.0	0.0	0.0	0.0	0.0	0.0	0.0	0.0	0.0	0.0	0.0	451.4304043627894	0.0	0.0	0.0	0.0	0.0	0.0
GSM4138111_HNSCC_1_TIL_AGTGTCACATTAGCCA	333.18866841515916	0.0	0.0	0.0	0.0	0.0	0.0	0.0	0.0	0.0	14.50192806486777	0.0	0.0	0.0	0.0	0.0	0.0	0.0	0.0	0.0	0.0	0.0	0.0	0.0	0.0	0.0	0.0	0.0	0.0	0.0	0.0
GSM4138111_HNSCC_1_TIL_GCGGGTTTCTCAACTT	0.0	0.0	0.0	0.0	0.0	0.0	0.0	0.0	0.0	0.0	21.639804472631095	0.0	0.0	0.0	143.03448520694124	0.0	0.0	385.0553646475314	0.0	0.0	0.0	0.0	0.0	0.0	0.0	0.0	0.0	0.0	0.0	0.0	0.0
GSM4138111_HNSCC_1_TIL_GCTCTGTGTCTAGTCA	0.0	0.0	0.0	735.3825688047463	0.0	0.0	0.0	0.0	0.0	0.0	31.559010613461314	0.0	0.0	0.0	0.0	0.0	129.23884941466378	0.0	0.0	0.0	0.0	0.0	0.0	0.0	0.0	0.0	0.0	0.0	0.0	0.0	0.0
GSM4138111_HNSCC_1_TIL_GGACAAGAGGAGTACC	255.29612701341514	0.0	0.0	81.55755564924063	0.0	0.0	86.1424841732267	11.55395883580911	0.0	0.0	0.0	0.0	0.0	0.0	0.0	0.0	0.0	0.0	0.0	0.0	0.0	0.0	0.0	0.0	0.0	0.0	0.0	0.0	0.0	0.0	0.0
GSM4138111_HNSCC_1_TIL_GTCCTCAAGATGCCTT	262.8084360037801	0.0	0.0	0.0	0.0	0.0	0.0	36.35926022963836	0.0	0.0	0.0	0.0	0.0	0.0	0.0	384.28485654293377	0.0	0.0	0.0	0.0	0.0	0.0	0.0	0.0	0.0	0.0	0.0	0.0	0.0	0.0	0.0
GSM4138111_HNSCC_1_TIL_TTTCCTCTCTCGCTTG	0.0	0.0	0.0	616.0095647069289	0.0	0.0	0.0	29.704901287238098	0.0	0.0	0.0	0.0	0.0	0.0	0.0	0.0	0.0	0.0	0.0	0.0	0.0	0.0	0.0	0.0	0.0	0.0	0.0	0.0	0.0	0.0	0.0
GSM4138111_HNSCC_1_TIL_AAACCTGTCTTCGAGA	249.9425226411416	0.0	0.0	0.0	0.0	0.0	44.272229067522474	0.0	0.0	0.0	0.0	0.0	0.0	0.0	0.0	0.0	0.0	0.0	7.09366505133837	0.0	0.0	0.0	0.0	0.0	0.0	0.0	0.0	0.0	0.0	0.0	0.0
GSM4138111_HNSCC_1_TIL_ACACCCTTCACAGGCC	0.0	0.0	0.0	461.75894385484145	0.0	0.0	0.0	26.854382077334925	0.0	0.0	0.0	0.0	0.0	0.0	0.0	45.5502737221238	0.0	0.0	0.0	0.0	0.0	0.0	0.0	0.0	0.0	0.0	0.0	0.0	0.0	0.0	0.0
GSM4138111_HNSCC_1_TIL_ACGGCCAAGTGGAGTC	54.530827286685195	0.0	0.0	0.0	0.0	0.0	0.0	0.0	0.0	0.0	0.0	0.0	0.0	0.0	0.0	202.68435478192535	0.0	9.56598223145969	19.822016558898238	0.0	0.0	0.0	0.0	0.0	0.0	0.0	0.0	0.0	0.0	0.0	0.0
GSM4138111_HNSCC_1_TIL_ACGTCAAGTAACGCGA	0.0	0.0	0.0	0.0	0.0	0.0	0.0	0.0	0.0	0.0	0.0	0.0	0.0	0.0	300.5911629391083	0.0	0.0	0.0	5.7287001877070995	0.0	0.0	0.0	0.0	0.0	0.0	0.0	0.0	0.0	0.0	0.0	0.0
GSM4138111_HNSCC_1_TIL_ACTATCTGTCTCTCTG	250.76392919693052	0.0	0.0	0.0	0.0	0.0	1.2211000935485528	17.649843318615144	0.0	0.0	0.0	0.0	0.0	0.0	13.49711763295223	0.0	0.0	0.0	0.0	0.0	0.0	0.0	0.0	0.0	0.0	0.0	0.0	0.0	0.0	0.0	0.0
GSM4138111_HNSCC_1_TIL_ACTTACTAGCTAGTGG	0.0	0.0	0.0	0.0	0.0	0.0	51.87678523396306	0.0	0.0	0.0	14.066841670802372	0.0	0.0	0.0	71.58406022131236	0.0	0.0	76.00334445300024	0.0	0.0	0.0	0.0	0.0	0.0	0.0	0.0	0.0	0.0	0.0	0.0	0.0
GSM4138111_HNSCC_1_TIL_ACTTGTTAGCTGTTCA	351.55352015262406	0.0	0.0	0.0	0.0	0.0	0.0	0.0	0.0	0.0	1.757383345816883	0.0	0.0	0.0	0.0	0.0	0.0	0.0	0.0	0.0	0.0	0.0	0.0	0.0	0.0	0.0	0.0	0.0	0.0	0.0	0.0
GSM4138111_HNSCC_1_TIL_ATAACGCTCGCGCCAA	252.36995994403742	0.0	0.0	0.0	0.0	0.0	13.753247332046488	0.0	0.0	0.0	0.0	0.0	0.0	0.0	0.0	0.0	0.0	0.0	9.564545935894959	0.0	0.0	0.0	0.0	0.0	0.0	0.0	0.0	0.0	0.0	0.0	0.0
GSM4138111_HNSCC_1_TIL_ATCATCTGTACCGCTG	149.5733462681309	0.0	0.0	0.0	0.0	0.0	0.0	0.0	0.0	0.0	9.125365743361565	0.0	0.0	0.0	0.0	124.74067028755915	0.0	0.0	0.0	0.0	0.0	0.0	0.0	0.0	0.0	0.0	0.0	0.0	0.0	0.0	0.0
GSM4138111_HNSCC_1_TIL_ATTGGTGCACACCGCA	240.65037819238495	0.0	0.0	0.0	0.0	0.0	0.0	0.0	0.0	0.0	20.008349168067145	0.0	0.0	0.0	0.0	0.0	0.0	0.0	0.0	0.0	0.0	0.0	0.0	0.0	0.0	0.0	0.0	0.0	0.0	0.0	0.0
GSM4138111_HNSCC_1_TIL_CAAGAAAAGGCCCGTT	250.97816247633543	0.0	0.0	0.0	0.0	0.0	0.0	0.0	0.0	0.0	13.761601297449205	0.0	0.0	0.0	0.0	0.0	0.0	0.0	0.0	0.0	0.0	0.0	0.0	0.0	0.0	0.0	0.0	0.0	0.0	0.0	0.0
GSM4138111_HNSCC_1_TIL_CAGGTGCGTCATGCCG	401.0112571047962	0.0	0.0	0.0	0.0	0.0	0.0	0.0	0.0	0.0	0.0	0.0	0.0	0.0	0.0	0.0	0.0	0.0	61.4805806935703	0.0	0.0	34.47390322896583	0.0	0.0	0.0	0.0	0.0	0.0	0.0	0.0	0.0
GSM4138111_HNSCC_1_TIL_CGGACGTCACTCTGTC	220.97033164137721	0.0	0.0	0.0	0.0	0.0	0.0	0.0	0.0	0.0	15.119449344585357	0.0	0.0	0.0	0.0	0.0	0.0	0.0	0.0	0.0	0.0	0.0	0.0	0.0	0.0	0.0	0.0	0.0	0.0	0.0	0.0
GSM4138111_HNSCC_1_TIL_CGTCACTGTCCAGTGC	60.63319721235057	0.0	0.0	0.0	0.0	0.0	0.0	0.0	0.0	0.0	9.599055591185053	0.0	0.0	0.0	124.91103141166224	0.0	0.0	106.47410101671596	0.0	0.0	0.0	0.0	0.0	0.0	0.0	0.0	0.0	0.0	0.0	0.0	0.0
GSM4138111_HNSCC_1_TIL_CTAATGGTCTGCAGTA	90.72184567075188	0.0	0.0	0.0	0.0	0.0	0.0	0.0	0.0	0.0	16.158987536680048	0.0	0.0	0.0	171.72200199018275	0.0	0.0	280.56920510682005	18.26313249106168	0.0	0.0	0.0	0.0	0.0	0.0	0.0	0.0	0.0	0.0	0.0	0.0
GSM4138111_HNSCC_1_TIL_CTGAAACGTTCCCGAG	224.3734479504824	0.0	0.0	0.0	0.0	0.0	0.0	0.0	0.0	0.0	16.195223725340178	0.0	0.0	0.0	0.0	0.0	0.0	0.0	0.0	0.0	0.0	0.0	0.0	0.0	0.0	0.0	0.0	0.0	0.0	0.0	0.0
GSM4138111_HNSCC_1_TIL_CTGCTGTCATGTCGAT	97.25868455310734	0.0	0.0	0.0	0.0	0.0	109.35918203117795	0.0	0.0	0.0	12.36697301459436	0.0	0.0	0.0	0.0	0.0	0.0	0.0	0.0	0.0	0.0	24.429672119979415	0.0	0.0	0.0	0.0	0.0	0.0	0.0	0.0	0.0
GSM4138111_HNSCC_1_TIL_GACAGAGCAGCCAGAA	265.2775386367188	0.0	0.0	0.0	0.0	0.0	0.0	0.0	0.0	0.0	24.396828153807583	0.0	0.0	0.0	0.0	0.0	0.0	0.0	0.0	0.0	0.0	0.0	0.0	0.0	0.0	0.0	0.0	0.0	0.0	0.0	0.0
GSM4138111_HNSCC_1_TIL_GCGCCAAGTCATGCCG	0.0	0.0	0.0	0.0	0.0	0.0	202.28172040311713	16.007841733951768	0.0	0.0	14.380709636233453	0.0	0.0	0.0	16.728465704821634	146.5141499378557	0.0	86.51312049418866	0.0	0.0	0.0	0.0	0.0	0.0	0.0	0.0	0.0	0.0	0.0	0.0	0.0
GSM4138111_HNSCC_1_TIL_GCTGCAGAGCGCTCCA	0.0	0.0	0.0	0.0	0.0	0.0	27.68567333496607	18.208701278618495	0.0	0.0	0.0	0.0	0.0	0.0	210.89182001459844	0.0	0.0	0.0	0.0	0.0	0.0	0.0	0.0	0.0	0.0	0.0	0.0	0.0	0.0	0.0	0.0
GSM4138111_HNSCC_1_TIL_GGCTGGTAGGCCCTCA	17.168508312787452	0.0	0.0	0.0	0.0	0.0	143.9994551382807	0.0	0.0	0.0	17.70733862564808	0.0	0.0	0.0	0.0	49.4843849848379	0.0	0.0	0.0	0.0	0.0	0.0	0.0	0.0	0.0	0.0	0.0	0.0	0.0	0.0	0.0
GSM4138111_HNSCC_1_TIL_GTGTTAGCAAAGAATC	237.09805410035636	0.0	0.0	0.0	0.0	0.0	0.0	8.034774865733969	0.0	0.0	0.0	0.0	0.0	0.0	0.0	0.0	0.0	0.0	0.0	0.0	0.0	0.0	0.0	0.0	0.0	0.0	0.0	0.0	0.0	0.0	0.0
GSM4138111_HNSCC_1_TIL_TACTCGCGTTCCACTC	280.2663237683388	0.0	0.0	0.0	0.0	0.0	0.0	0.0	0.0	0.0	0.0	0.0	0.0	0.0	0.0	0.0	0.0	0.0	15.878861151163557	0.0	0.0	0.0	0.0	0.0	0.0	0.0	0.0	0.0	0.0	0.0	0.0
GSM4138111_HNSCC_1_TIL_TAGGCATGTAGCTGCC	178.7845903999519	0.0	0.0	0.0	0.0	0.0	9.978403269224575	0.0	0.0	0.0	12.373588181393767	0.0	0.0	0.0	0.0	0.0	0.0	0.0	0.0	0.0	0.0	28.55202981039354	0.0	0.0	0.0	0.0	0.0	0.0	0.0	0.0	0.0
GSM4138111_HNSCC_1_TIL_TGAGCCGCAGTAACGG	243.91676943876448	0.0	0.0	0.0	0.0	0.0	0.0	16.296262952013485	0.0	0.0	0.0	0.0	0.0	0.0	0.0	0.0	0.0	0.0	0.0	0.0	0.0	10.943300759621142	0.0	0.0	0.0	0.0	0.0	0.0	0.0	0.0	0.0
GSM4138111_HNSCC_1_TIL_TGAGGGAGTCTTCTCG	41.607403712471864	0.0	0.0	0.0	0.0	0.0	0.0	0.0	0.0	0.0	12.954840621872801	0.0	0.0	0.0	13.337946449857341	162.99137804206995	0.0	0.0	0.0	0.0	0.0	0.0	0.0	0.0	0.0	0.0	0.0	0.0	0.0	0.0	0.0
GSM4138111_HNSCC_1_TIL_TGCCCATAGAGCTATA	436.7676178292861	0.0	0.0	0.0	0.0	0.0	0.0	10.83057543773891	0.0	0.0	0.0	0.0	0.0	0.0	0.0	0.0	0.0	0.0	0.0	0.0	0.0	0.0	0.0	0.0	0.0	0.0	0.0	0.0	0.0	0.0	0.0
GSM4138111_HNSCC_1_TIL_TGTATTCGTAAGGATT	270.20089496978954	0.0	0.0	0.0	0.0	0.0	0.0	0.0	0.0	0.0	14.965603614830412	0.0	0.0	0.0	0.0	1.746401215535048	0.0	0.0	0.0	0.0	0.0	0.0	0.0	0.0	0.0	0.0	0.0	0.0	0.0	0.0	0.0
GSM4138111_HNSCC_1_TIL_TTCGAAGAGACGCACA	277.8538513198075	0.0	0.0	0.0	0.0	0.0	0.0	0.0	0.0	0.0	6.179865992477143	0.0	0.0	0.0	0.0	0.0	0.0	0.0	9.10563938515918	0.0	0.0	0.0	0.0	0.0	0.0	0.0	0.0	0.0	0.0	0.0	0.0
GSM4138111_HNSCC_1_TIL_AGAGCTTAGTCTCAAC	0.0	159.41254173532417	0.0	0.0	15.840869552435441	0.0	0.0	0.0	0.0	0.0	31.398790750878504	0.0	0.0	0.0	0.0	0.0	0.0	0.0	0.0	0.0	0.0	0.0	0.0	0.0	0.0	0.0	0.0	0.0	0.0	0.0	0.0
GSM4138111_HNSCC_1_TIL_AGCGTATTCAAAGACA	0.0	0.0	0.0	365.19446768365617	0.0	0.0	0.0	1.9873532278415837	0.0	0.0	22.705622226290277	0.0	0.0	0.0	0.0	0.0	0.0	0.0	0.0	0.0	0.0	0.0	0.0	0.0	0.0	0.0	0.0	0.0	0.0	0.0	0.0
GSM4138111_HNSCC_1_TIL_ATCCACCAGGTGTTAA	0.0	156.3575736380257	0.0	0.0	0.0	168.32134745944313	0.0	0.0	0.0	0.0	36.56786649456537	0.0	0.0	0.0	0.0	0.0	0.0	0.0	0.0	0.0	0.0	0.0	0.0	0.0	0.0	0.0	0.0	0.0	0.0	0.0	0.0
GSM4138111_HNSCC_1_TIL_CAACCAACACAGACTT	0.0	0.0	176.76579320362816	195.84139018363064	0.0	0.0	0.0	0.0	0.0	0.0	21.472392457151646	0.0	0.0	0.0	0.0	0.0	0.0	0.0	0.0	0.0	0.0	0.0	0.0	0.0	0.0	0.0	0.0	0.0	0.0	0.0	0.0
GSM4138111_HNSCC_1_TIL_CAACTAGTCGCGTTTC	0.0	0.0	77.5300017134202	0.0	0.0	0.0	0.0	30.405946192601427	0.0	0.0	0.0	0.0	0.0	0.0	0.0	0.0	0.0	0.0	0.0	0.0	0.0	0.0	0.0	239.4478244322333	0.0	245.11692470981447	0.0	0.0	0.0	0.0	0.0
GSM4138111_HNSCC_1_TIL_CAGCTGGCAATAGAGT	0.0	0.0	0.0	103.9154850232769	0.0	0.0	0.0	18.184060067958697	0.0	0.0	0.43697124553547195	75.60200607561833	0.0	0.0	0.0	0.0	0.0	0.0	0.0	49.5247942672781	79.62774419385576	0.0	0.0	0.0	0.0	0.0	0.0	0.0	0.0	0.0	0.0
GSM4138111_HNSCC_1_TIL_CAGTCCTAGGCATGTG	0.0	0.0	0.0	291.8804493773068	0.0	0.0	0.0	0.0	0.0	0.0	12.405074375728386	0.0	0.0	0.0	0.0	0.0	0.0	0.0	0.0	8.322417720204562	0.0	0.0	0.0	0.0	0.0	0.0	0.0	0.0	0.0	0.0	0.0
GSM4138111_HNSCC_1_TIL_CCACTACAGCACAGGT	0.0	0.0	43.782217641286714	0.0	177.03310966449183	0.0	0.0	9.923734733415907	0.0	0.0	0.0	0.0	0.0	0.0	0.0	0.0	0.0	0.0	0.0	0.0	0.0	0.0	0.0	0.0	0.0	0.0	0.0	0.0	0.0	0.0	0.0
GSM4138111_HNSCC_1_TIL_CCACTACCATTAGCCA	0.0	0.0	0.0	146.49798205840938	0.0	16.370552861743196	0.0	0.0	0.0	0.0	10.364043630298559	0.0	0.0	0.0	0.0	0.0	0.0	0.0	0.0	83.58862888804907	0.0	0.0	0.0	0.0	0.0	0.0	0.0	0.0	0.0	0.0	0.0
GSM4138111_HNSCC_1_TIL_CCAGCGATCAATCACG	0.0	211.2888523751837	0.0	0.0	0.0	0.0	0.0	0.0	0.0	89.97319192145788	20.251140469502165	0.0	0.0	0.0	0.0	0.0	0.0	0.0	0.0	0.0	0.0	0.0	0.0	0.0	0.0	0.0	0.0	0.0	0.0	0.0	0.0
GSM4138111_HNSCC_1_TIL_CGGACGTTCTTGCAAG	0.0	0.0	0.0	312.31809794756884	0.0	0.0	0.0	41.60435045080124	0.0	0.0	0.0	0.0	0.0	0.0	0.0	0.0	0.0	0.0	0.0	0.0	0.0	0.0	0.0	0.0	0.0	0.0	0.0	0.0	0.0	0.0	0.0
GSM4138111_HNSCC_1_TIL_CGTTAGACAACACCCG	0.0	0.0	210.9558324375291	0.0	0.0	0.0	0.0	0.0	0.0	0.0	0.0	0.0	0.0	0.0	0.0	0.0	0.0	0.0	17.198087709999356	0.0	0.0	0.0	0.0	0.0	0.0	0.0	0.0	0.0	0.0	0.0	0.0
GSM4138111_HNSCC_1_TIL_CTGCGGACAGTCAGCC	45.13348129308155	0.0	27.72350958721098	0.0	52.530938594561995	0.0	0.0	0.0	0.0	0.0	0.0	0.0	0.0	0.0	0.0	0.0	0.0	0.0	4.650088504023111	0.0	0.0	0.0	0.0	0.0	40.37739831781095	0.0	0.0	0.0	0.0	0.0	0.0
GSM4138111_HNSCC_1_TIL_GCAGCCAGTGATGCCC	0.0	0.0	0.0	0.0	0.0	0.0	0.0	0.0	190.80356992528283	0.0	0.0	0.0	46.0095490757869	0.0	0.0	0.0	0.0	0.0	9.876600855916465	0.0	0.0	0.0	0.0	0.0	0.0	0.0	0.0	0.0	0.0	0.0	0.0
GSM4138111_HNSCC_1_TIL_GGCTGGTGTGCCTGTG	0.0	0.0	0.0	25.518321799150172	0.0	0.0	0.0	13.025425232774559	0.0	0.0	0.0	0.0	0.0	0.0	0.0	0.0	0.0	0.0	0.0	0.0	0.0	0.0	0.0	231.5377393352249	0.0	0.0	0.0	0.0	0.0	0.0	0.0
GSM4138111_HNSCC_1_TIL_TGACGGCAGCGTCAAG	0.0	0.0	0.0	311.330065805591	0.0	0.0	0.0	0.0	0.0	0.0	34.85226072606338	0.0	0.0	0.0	0.0	0.0	0.0	0.0	0.0	0.0	0.0	0.0	0.0	0.0	0.0	0.0	0.0	0.0	0.0	0.0	0.0
GSM4138111_HNSCC_1_TIL_TGCGCAGAGCATGGCA	0.0	0.0	171.17302367335319	0.0	0.0	0.0	0.0	11.920462785269317	0.0	0.0	0.0	0.0	0.0	0.0	0.0	0.0	0.0	0.0	0.0	0.0	0.0	0.0	0.0	9.138206963264148	0.0	18.423995239101657	0.0	0.0	0.0	0.0	0.0
GSM4138111_HNSCC_1_TIL_ACGGAGACAGGACGTA	0.0	0.0	0.0	249.18298819088966	0.0	0.0	0.0	0.0	0.0	0.0	11.723945200300594	0.0	0.0	0.0	0.0	0.0	0.0	0.0	0.0	0.0	0.0	0.0	0.0	0.0	0.0	0.0	0.0	0.0	0.0	0.0	0.0
GSM4138111_HNSCC_1_TIL_AGATCTGAGTCAAGCG	0.0	0.0	0.0	636.6240398694057	0.0	0.0	0.0	0.0	0.0	0.0	36.570054387618725	0.0	0.0	0.0	0.0	0.0	0.0	0.0	0.0	0.0	0.0	0.0	0.0	0.0	0.0	0.0	0.0	0.0	0.0	0.0	0.0
GSM4138111_HNSCC_1_TIL_ATAAGAGAGAGTCTGG	0.0	52.044661206368396	0.0	215.53531317719816	0.0	0.0	0.0	0.0	0.0	73.87878439759501	8.729025240517302	0.0	0.0	0.0	0.0	0.0	0.0	0.0	9.843143995988264	0.0	0.0	0.0	0.0	0.0	0.0	0.0	0.0	0.0	0.0	0.0	0.0
GSM4138111_HNSCC_1_TIL_GAACGGAAGGGATACC	0.0	0.0	0.0	448.6795204894133	0.0	0.0	0.0	0.0	0.0	0.0	15.535403311353068	0.0	0.0	0.0	0.0	0.0	0.0	0.0	2.637321949676514	0.0	0.0	0.0	0.0	0.0	0.0	0.0	0.0	0.0	0.0	0.0	0.0
GSM4138111_HNSCC_1_TIL_GACGCGTTCTAACTCT	0.0	0.0	0.0	309.99652834118285	0.0	0.0	0.0	0.0	0.0	0.0	10.71645752921564	0.0	0.0	0.0	0.0	0.0	0.0	0.0	0.0	0.0	0.0	0.0	0.0	0.0	0.0	0.0	0.0	0.0	0.0	0.0	0.0
GSM4138111_HNSCC_1_TIL_GATGCTAGTAAATGTG	0.0	0.0	0.0	343.3902221464616	0.0	0.0	0.0	0.0	0.0	0.0	9.305313978947874	0.0	0.0	0.0	0.0	0.0	0.0	0.0	0.0	0.0	0.0	0.0	0.0	0.0	0.0	0.0	0.0	0.0	0.0	0.0	0.0
GSM4138111_HNSCC_1_TIL_GTGAAGGTCGTACCGG	0.0	22.94307225821467	0.0	639.4770166600637	0.0	0.0	0.0	34.24309257814317	0.0	0.0	0.0	0.0	0.0	0.0	0.0	0.0	0.0	0.0	0.0	0.0	0.0	0.0	0.0	0.0	0.0	0.0	0.0	0.0	0.0	0.0	0.0
GSM4138111_HNSCC_1_TIL_TGCTACCTCGGATGGA	0.0	0.0	0.0	190.36519929384485	0.0	0.0	0.0	0.0	0.0	0.0	18.258418222327624	0.0	0.0	0.0	0.0	0.0	0.0	0.0	0.0	119.3062191005613	0.0	0.0	0.0	0.0	0.0	0.0	0.0	0.0	0.0	0.0	0.0
GSM4138111_HNSCC_1_TIL_ACATACGAGTCATGCT	0.0	0.0	0.0	0.0	58.51898290456373	0.0	0.0	0.0	149.44225978289577	0.0	0.0	0.0	51.78815794236648	0.0	0.0	0.0	0.0	0.0	10.309845794168318	0.0	0.0	0.0	0.0	0.0	0.0	0.0	0.0	0.0	0.0	0.0	0.0
GSM4138111_HNSCC_1_TIL_CAACCTCGTTCAACCA	0.0	0.0	0.0	0.0	145.47919103110092	0.0	0.0	4.987042955068925	28.92550099515036	16.48198815054193	0.0	0.0	0.0	0.0	0.0	0.0	0.0	0.0	0.0	0.0	0.0	0.0	0.0	0.0	0.0	0.0	0.0	0.0	0.0	0.0	0.0
GSM4138111_HNSCC_1_TIL_CAACTAGTCACCATAG	0.0	0.0	30.809336652163214	61.24333907677961	317.89639999659926	0.0	0.0	0.0	0.0	0.0	25.543954668961117	0.0	0.0	0.0	0.0	0.0	0.0	0.0	0.0	0.0	0.0	0.0	0.0	0.0	0.0	0.0	0.0	0.0	0.0	0.0	0.0
GSM4138111_HNSCC_1_TIL_CCAGCGAAGGGATACC	0.0	21.782253747421215	16.783155895347765	0.0	157.31582845727115	0.0	0.0	0.0	0.0	0.0	13.785366210078195	0.0	0.0	0.0	0.0	0.0	0.0	0.0	0.0	0.0	0.0	0.0	0.0	0.0	0.0	0.0	6.607484283163248	0.0	0.0	0.0	49.302639996768676
GSM4138111_HNSCC_1_TIL_GAAATGAGTCTAGTCA	0.0	0.0	0.0	4.6621773627479595	203.48928930150856	0.0	0.0	0.0	0.0	0.0	14.65817373303551	0.0	0.0	0.0	0.0	0.0	0.0	0.0	0.0	0.0	0.0	0.0	0.0	0.0	0.0	0.0	0.0	0.0	0.0	0.0	0.0
GSM4138111_HNSCC_1_TIL_GCAGTTACATAGAAAC	0.0	0.0	221.4984863257535	0.0	0.0	0.0	0.0	12.527803370667208	26.407488562310874	0.0	0.0	0.0	0.0	0.0	0.0	0.0	0.0	0.0	0.0	0.0	0.0	0.0	0.0	0.0	0.0	0.0	0.0	0.0	0.0	0.0	13.491832986511174
GSM4138111_HNSCC_1_TIL_GGTATTGCAGGAATGC	0.0	0.0	0.0	0.0	233.50943109100604	0.0	0.0	4.291059270241108	0.0	0.0	0.0	0.0	0.0	0.0	0.0	0.0	0.0	0.0	0.0	0.0	0.0	0.0	0.0	0.0	0.0	0.0	0.0	0.0	0.0	0.0	0.0
GSM4138111_HNSCC_1_TIL_GGTGTTACATTAGCCA	0.0	181.89545178392484	0.0	0.0	0.0	0.0	0.0	7.048314848603022	0.0	45.815430028025084	0.0	0.0	0.0	0.0	0.0	0.0	0.0	0.0	0.0	0.0	0.0	0.0	0.0	0.0	0.0	0.0	0.0	0.0	0.0	0.0	0.0
GSM4138111_HNSCC_1_TIL_GTCTTCGAGCTAGTGG	0.0	0.0	68.07457049835817	0.0	156.72426064558516	0.5035664831037642	0.0	14.615763381336139	0.0	0.0	0.0	0.0	0.0	0.0	0.0	0.0	0.0	0.0	0.0	0.0	0.0	0.0	0.0	0.0	0.0	0.0	0.0	0.0	0.0	0.0	0.0
GSM4138111_HNSCC_1_TIL_TTGCGTCCATCGGACC	0.0	0.0	45.711720163071504	0.0	222.46874015453696	0.0	0.0	17.757446342397518	0.0	0.0	0.0	0.0	0.0	0.0	0.0	0.0	0.0	0.0	0.0	0.0	0.0	0.0	0.0	0.0	0.0	0.0	0.0	0.0	0.0	0.0	0.0
GSM4138111_HNSCC_1_TIL_CACACCTGTACGCTGC	0.0	0.0	191.86599900710797	0.0	0.0	52.82767175658797	0.0	5.44923554838449	0.0	0.0	0.0	0.0	0.0	0.0	0.0	0.0	0.0	0.0	0.0	13.468211016716412	0.0	0.0	0.0	0.0	0.0	0.0	0.0	0.0	0.0	0.0	0.0
GSM4138111_HNSCC_1_TIL_CAGAGAGCATAAAGGT	0.0	0.0	167.77171279245627	84.63765837086835	0.0	0.0	0.0	12.488967646586337	0.0	0.0	0.0	0.0	0.0	0.0	0.0	0.0	0.0	0.0	0.0	0.0	0.0	0.0	0.0	3.0917816350859755	0.0	0.0	0.0	0.0	0.0	0.0	0.0
GSM4138111_HNSCC_1_TIL_CCCTCCTCACTTAACG	0.0	0.0	197.80948078098112	0.0	0.0	0.0	0.0	44.595884707859334	0.0	0.0	0.0	0.0	0.0	0.0	0.0	0.0	0.0	0.0	0.0	26.004029481102897	0.0	0.0	0.0	0.0	0.0	0.0	0.0	0.0	0.0	0.0	0.0
GSM4138111_HNSCC_1_TIL_CCTAAAGGTGACGGTA	0.0	0.0	39.11586487872506	96.73254140369293	27.124771234740912	0.0	0.0	13.909143535724436	0.0	0.0	0.0	94.431899504506	0.0	0.0	0.0	0.0	0.0	0.0	0.0	0.0	0.0	0.0	0.0	0.0	0.0	0.0	0.0	0.0	0.0	0.0	0.0
GSM4138111_HNSCC_1_TIL_CCTTCGATCTTTACAC	0.0	20.416644954148573	0.0	268.1571093398125	0.0	0.0	0.0	0.0	0.0	0.0	13.18937933346194	0.0	0.0	0.0	0.0	0.0	0.0	0.0	0.0	0.0	0.0	0.0	2.6967602775347417	0.0	0.0	0.0	0.0	0.0	0.0	0.0	0.0
GSM4138111_HNSCC_1_TIL_GAGCAGAGTTCAGCGC	0.0	0.0	0.0	0.0	0.0	0.0	0.0	0.0	0.0	0.0	0.0	112.25403516454372	0.0	0.0	0.0	0.0	0.0	0.0	17.464221154904696	0.0	54.44209223728196	0.0	0.0	0.0	0.0	0.0	0.0	0.0	0.0	0.0	0.0
GSM4138111_HNSCC_1_TIL_GGTGCGTCAGCTGTAT	0.0	0.0	0.0	0.0	0.0	0.0	0.0	0.0	0.0	0.0	0.0	0.0	0.0	0.0	0.0	0.0	0.0	0.0	20.547391153630727	0.0	259.4710474424052	0.0	0.0	0.0	0.0	0.0	0.0	0.0	0.0	0.0	0.0
GSM4138111_HNSCC_1_TIL_TATTACCCATCCCATC	0.0	0.0	74.79095482535094	23.52404677566145	0.0	0.0	0.0	26.65272323092466	0.0	0.0	0.0	80.18500596682277	0.0	0.0	0.0	0.0	0.0	0.0	0.0	0.0	24.672243530815226	0.0	0.0	0.0	0.0	0.0	0.0	0.0	0.0	0.0	0.0
GSM4138111_HNSCC_1_TIL_TGAGAGGAGCCGCCTA	0.0	97.04736639216256	46.02613911025799	0.0	0.0	0.0	0.0	0.0	0.0	0.0	0.0	0.0	0.0	0.0	0.0	0.0	0.0	0.0	13.610023639844174	0.0	0.0	0.0	0.0	0.0	0.0	117.28619935896249	0.0	0.0	0.0	0.0	0.0
GSM4138111_HNSCC_1_TIL_AGTTGGTAGTACGTTC	0.0	0.0	42.0927133677931	0.0	137.81967126675744	0.0	0.0	4.408736359241663	0.0	0.0	0.0	0.0	0.0	0.0	0.0	0.0	0.0	0.0	0.0	0.0	0.0	0.0	0.0	0.0	0.0	0.0	0.0	0.0	0.0	0.0	0.0
GSM4138111_HNSCC_1_TIL_CCCAGTTTCAGTACGT	0.0	0.0	0.0	0.0	0.0	0.0	0.0	7.07752526562372	0.0	0.0	8.504500054809428	0.0	0.0	0.0	37.56593707036495	262.52797073796745	0.0	0.0	0.0	0.0	0.0	0.0	0.0	0.0	0.0	0.0	0.0	0.0	0.0	0.0	0.0
GSM4138111_HNSCC_1_TIL_CCTAAAGCAAGGACTG	81.6917227204428	0.0	0.0	0.0	0.0	0.0	114.41911049278364	9.234805301473813	0.0	0.0	0.0	0.0	0.0	0.0	0.0	0.0	0.0	0.0	0.0	0.0	0.0	0.0	0.0	0.0	0.0	0.0	0.0	0.0	0.0	0.0	0.0
GSM4138111_HNSCC_1_TIL_GACGCGTTCAAACCGT	0.0	92.1457679206965	16.296176494163916	0.0	0.0	137.45858078447532	0.0	0.0	0.0	0.0	0.0	0.0	0.0	0.0	0.0	0.0	0.0	0.0	9.366975384630713	0.0	0.0	0.0	0.0	0.0	0.0	0.0	0.0	0.0	0.0	0.0	0.0
GSM4138111_HNSCC_1_TIL_GGATGTTGTGGCTCCA	52.898217251547074	0.0	0.0	0.0	0.0	0.0	177.8743960530488	8.911599998227485	0.0	0.0	0.0	0.0	0.0	0.0	0.0	0.0	0.0	0.0	0.0	0.0	0.0	0.0	0.0	0.0	0.0	0.0	0.0	0.0	0.0	0.0	0.0
GSM4138111_HNSCC_1_TIL_ACTGATGGTGCTAGCC	0.0	0.0	0.0	0.0	0.0	0.0	211.49297865541175	23.156200021977583	0.0	0.0	0.0	0.0	0.0	0.0	16.61602633463166	60.78073212449258	0.0	0.0	3.9638288947684313	0.0	0.0	0.0	0.0	0.0	0.0	0.0	0.0	0.0	0.0	0.0	0.0
GSM4138111_HNSCC_1_TIL_CCTACCACATCGGGTC	0.0	0.0	0.0	0.0	0.0	0.0	63.77911163793903	15.06927718790605	0.0	0.0	0.0	0.0	0.0	0.0	178.58658063571718	22.731297375369298	0.0	0.0	0.0	0.0	0.0	0.0	0.0	0.0	0.0	0.0	0.0	0.0	0.0	0.0	0.0
GSM4138111_HNSCC_1_TIL_CTCACACAGTTGTCGT	365.9994519952509	0.0	0.0	0.0	0.0	0.0	0.0	0.0	0.0	0.0	17.979852366017766	0.0	0.0	0.0	0.0	0.0	0.0	0.0	0.0	0.0	0.0	0.0	0.0	0.0	0.0	0.0	0.0	0.0	0.0	0.0	0.0
GSM4138111_HNSCC_1_TIL_TACTTGTTCCGCATCT	0.0	0.0	0.0	0.0	0.0	0.0	245.8175037307843	13.455681266542095	0.0	0.0	0.0	0.0	0.0	0.0	0.0	0.0	0.0	0.0	0.0	0.0	0.0	0.0	0.0	0.0	181.151998159983	0.0	0.0	0.0	0.0	0.0	0.0
GSM4138111_HNSCC_1_TIL_TGGCGCACATTATCTC	20.85654862102595	0.0	0.0	0.0	0.0	0.0	9.54676604106699	0.0	0.0	0.0	15.747595375807583	0.0	0.0	0.0	0.0	0.0	0.0	22.153474574663925	0.0	0.0	0.0	137.96766772065868	0.0	0.0	6.470120535983307	0.0	0.0	7.8531470238663195	0.0	0.0	0.0
GSM4138111_HNSCC_1_TIL_AGAATAGTCTCCAACC	0.0	94.43722529166266	0.0	0.0	33.00819458174434	0.0	0.0	0.0	0.0	55.8950274156249	0.0	0.0	0.0	0.0	0.0	0.0	0.0	0.0	11.206252536770107	0.0	0.0	0.0	0.0	0.0	0.0	0.0	0.0	0.0	0.0	0.0	0.0
GSM4138111_HNSCC_1_TIL_AGCTCTCTCTAACTCT	0.0	0.0	0.0	0.0	0.0	0.0	0.0	0.0	526.4577963618623	0.0	0.0	0.0	0.0	0.0	0.0	0.0	0.0	0.0	21.32734997851433	0.0	0.0	0.0	0.0	0.0	0.0	0.0	0.0	0.0	0.0	0.0	0.0
GSM4138111_HNSCC_1_TIL_CACACAATCCCAAGAT	0.0	189.79136264450617	0.0	0.0	0.0	0.0	0.0	13.318264648270203	0.0	0.0	0.0	0.0	0.0	0.0	0.0	0.0	0.0	0.0	0.0	0.0	0.0	0.0	0.0	0.0	170.48638218692886	0.0	0.0	0.0	0.0	0.0	0.0
GSM4138111_HNSCC_1_TIL_CCTAAAGTCTAACCGA	0.0	0.0	0.0	0.0	84.98235059454558	0.0	0.0	0.0	73.71743700870056	0.0	0.0	0.0	0.0	0.0	0.0	0.0	0.0	0.0	10.736683635680041	0.0	0.0	0.0	0.0	0.0	0.0	0.0	0.0	0.0	0.0	0.0	0.0
GSM4138111_HNSCC_1_TIL_TCAACGAAGCGTAATA	0.0	0.0	0.0	0.0	0.0	0.0	0.0	5.98369712741972	0.0	283.2403540998602	0.0	0.0	0.0	0.0	0.0	0.0	0.0	0.0	0.0	0.0	0.0	0.0	0.0	0.0	0.0	0.0	0.0	0.0	0.0	0.0	0.0
GSM4138111_HNSCC_1_TIL_TCGGTAACATTACGAC	0.0	128.1209486205484	0.0	0.0	0.0	0.0	0.0	17.610896033724785	0.0	28.915086220274958	0.0	0.0	0.0	0.0	0.0	0.0	0.0	0.0	0.0	0.0	0.0	0.0	0.0	0.0	0.0	0.0	0.0	0.0	0.0	0.0	0.0
GSM4138111_HNSCC_1_TIL_AACTCCCAGATGAGAG	0.0	0.0	192.64436568172272	0.0	0.0	55.5859397069592	0.0	7.419852593878438	0.0	0.0	10.498192786508083	0.0	0.0	0.0	0.0	0.0	0.0	0.0	0.0	0.0	0.0	0.0	0.0	0.0	0.0	0.0	0.0	0.0	0.0	0.0	0.0
GSM4138111_HNSCC_1_TIL_CACACAACAATTCCTT	0.0	0.0	91.23376535046258	0.0	0.0	0.0	0.0	8.499690234013299	51.11943718209683	0.0	0.0	0.0	0.0	0.0	0.0	0.0	0.0	0.0	0.0	0.0	106.69398620666217	0.0	0.0	0.0	0.0	0.0	0.0	0.0	0.0	0.0	0.0
GSM4138111_HNSCC_1_TIL_CATGCCTCAGAGTGTG	0.0	0.0	0.0	0.0	0.0	7.5924698370891335	0.0	26.310729575265103	0.0	0.0	0.0	0.0	171.85117362980063	0.0	0.0	0.0	75.18691926258367	0.0	1.0527364980637368	0.0	0.0	0.0	0.0	0.0	0.0	0.0	0.0	0.0	0.0	0.0	0.0
GSM4138111_HNSCC_1_TIL_GACCTGGTCAATAAGG	0.0	0.0	194.44088374554408	0.0	0.0	56.00830961992605	0.0	18.05077137208791	0.0	0.0	0.0	0.0	0.0	0.0	0.0	0.0	0.0	0.0	0.0	0.0	0.0	0.0	0.0	0.0	0.0	0.0	0.0	0.0	0.0	0.0	0.0
GSM4138111_HNSCC_1_TIL_ACCGTAAAGAGGGATA	0.0	43.119994476279835	54.667172251842764	0.0	0.0	59.30794605804245	0.0	36.51264787612075	0.0	106.39498402777392	0.0	0.0	0.0	0.0	0.0	0.0	0.0	0.0	0.0	0.0	0.0	0.0	0.0	0.0	0.0	0.0	0.0	0.0	0.0	0.0	0.0
GSM4138111_HNSCC_1_TIL_ACGTCAAGTAGTACCT	41.894683304551705	0.0	0.0	0.0	0.0	0.0	0.0	41.525515349251755	0.0	0.0	0.0	0.0	0.0	0.0	0.0	480.2240616834211	0.0	0.0	0.0	29.872357007944743	0.0	0.0	0.0	0.0	0.0	0.0	0.0	0.0	0.0	0.0	0.0
GSM4138111_HNSCC_1_TIL_ACTGAACGTCTGGTCG	0.0	0.0	0.0	397.9114173630116	0.0	0.0	0.0	41.875530289888765	0.0	0.0	0.0	0.0	0.0	0.0	0.0	0.0	0.0	0.0	0.0	0.0	0.0	0.0	0.0	0.0	0.0	0.0	0.0	0.0	0.0	0.0	0.0
GSM4138111_HNSCC_1_TIL_AGGTCATGTCGCTTTC	0.0	21.240374339591696	0.0	0.0	0.0	0.0	0.0	24.10924475694358	66.78454596536669	212.5473782391807	0.0	0.0	0.0	0.0	0.0	0.0	0.0	0.0	0.0	0.0	0.0	0.0	0.0	0.0	0.0	0.0	0.0	0.0	0.0	0.0	0.0
GSM4138111_HNSCC_1_TIL_CCTCTGACACTTCTGC	0.0	0.0	306.96486367573976	0.0	0.0	0.0	0.0	35.70113964712365	0.0	0.0	0.0	0.0	0.0	0.0	0.0	0.0	0.0	0.0	0.0	0.0	0.0	0.0	0.0	0.0	0.0	0.0	0.0	0.0	0.0	0.0	0.0
GSM4138111_HNSCC_1_TIL_CTGCGGAGTTTAGCTG	0.0	0.0	224.5304047294097	6.541090731500821	0.0	0.0	0.0	25.67719591965572	0.0	0.0	0.0	0.0	0.0	0.0	0.0	0.0	0.0	0.0	0.0	0.0	0.0	0.0	0.0	0.0	0.0	0.0	0.0	0.0	0.0	0.0	0.0
GSM4138111_HNSCC_1_TIL_GAAACTCAGCTTTGGT	0.0	23.661567236464585	0.0	0.0	0.0	0.0	0.0	5.045974204625612	0.0	0.0	6.956112208452612	0.0	58.08018688359973	0.0	0.0	0.0	0.0	0.0	0.0	0.0	0.0	0.0	67.07124498548798	0.0	0.0	0.0	2.662534377561947	0.0	0.0	0.0	0.0
GSM4138111_HNSCC_1_TIL_GAAGCAGAGAAGATTC	58.40523488290023	0.0	109.70706733159422	0.0	0.0	0.0	0.0	0.0	0.0	0.0	16.053336787561804	0.0	0.0	42.78389508815648	0.0	0.0	0.0	0.0	0.0	0.0	0.0	0.0	0.0	0.0	0.0	0.0	0.0	0.0	0.0	0.0	0.0
GSM4138111_HNSCC_1_TIL_GATCGCGTCTGGTTCC	0.0	0.0	0.0	623.4298645589132	0.0	0.0	47.40045206981016	0.0	0.0	0.0	80.64224525857212	0.0	0.0	0.0	0.0	0.0	0.0	0.0	0.0	0.0	0.0	0.0	0.0	0.0	0.0	0.0	0.0	0.0	0.0	0.0	0.0
GSM4138111_HNSCC_1_TIL_GCAGCCATCACTATTC	0.0	0.0	266.9459143959396	0.0	0.0	0.0	0.0	0.0	0.0	0.0	37.70219860704211	0.0	0.0	0.0	0.0	0.0	0.0	0.0	0.0	0.0	0.0	0.0	0.0	0.0	0.0	0.0	0.0	0.0	0.0	0.0	0.0
GSM4138111_HNSCC_1_TIL_GGGCATCGTAGATTAG	404.740947488053	0.0	0.0	0.0	0.0	0.0	0.0	24.034893687098595	0.0	0.0	4.679731774972231	0.0	0.0	0.0	0.0	0.0	0.0	0.0	0.0	0.0	0.0	0.0	0.0	0.0	0.0	0.0	0.0	0.0	0.0	0.0	0.0
GSM4138111_HNSCC_1_TIL_GTGCTTCTCGCCAGCA	0.0	98.02881039722865	0.0	0.0	59.630329446259765	17.913406077873752	0.0	0.0	0.0	0.0	26.330754758959326	0.0	4.37916944378961	0.0	0.0	0.0	0.0	0.0	0.0	0.0	0.0	0.0	0.0	0.0	0.0	0.0	0.0	0.0	0.0	0.0	0.0
GSM4138111_HNSCC_1_TIL_TCGTAGAAGATAGCAT	0.0	0.0	241.53936313187145	0.0	0.0	0.0	0.0	0.0	0.0	0.0	0.0	0.0	0.0	0.0	0.0	0.0	0.0	0.0	30.14631440824489	0.0	0.0	0.0	0.0	0.0	0.0	0.0	0.0	0.0	0.0	0.0	0.0
GSM4138111_HNSCC_1_TIL_TGAAAGAGTGTTCTTT	0.0	0.0	0.0	893.9663196991073	0.0	0.0	0.0	0.0	0.0	0.0	54.695185363584	0.0	0.0	0.0	0.0	0.0	0.0	0.0	0.0	0.0	0.0	0.0	0.0	0.0	0.0	0.0	0.0	0.0	0.0	0.0	0.0
GSM4138111_HNSCC_1_TIL_TGAGCATTCCAATGGT	0.0	0.0	82.14442464919178	0.0	0.0	0.0	0.0	51.156270623829265	0.0	0.0	0.0	62.34688529439921	0.0	0.0	0.0	0.0	0.0	0.0	0.0	0.0	21.189653613590874	0.0	0.0	0.0	0.0	33.72468165295068	0.0	0.0	0.0	0.0	0.0
GSM4138111_HNSCC_1_TIL_TTGACTTGTGGTTTCA	0.0	238.31649885234688	0.0	0.0	46.12081403517698	0.0	0.0	0.0	0.0	0.0	18.53064837803558	0.0	0.0	5.8367347426486305	0.0	0.0	0.0	0.0	0.0	0.0	0.0	0.0	0.0	0.0	0.0	0.0	0.0	0.0	0.0	0.0	0.0
GSM4138111_HNSCC_1_TIL_TTGGCAACAAACCTAC	0.0	0.0	0.0	650.0032299861841	0.0	0.0	0.0	0.0	0.0	0.0	0.0	0.0	0.0	0.0	0.0	0.0	0.0	0.0	54.325822961529695	0.0	0.0	0.0	0.0	0.0	0.0	0.0	0.0	0.0	0.0	0.0	0.0
GSM4138111_HNSCC_1_TIL_AACACGTAGGAGTCTG	0.0	0.0	274.91921209792406	0.0	6.583476857717386	0.0	0.0	84.95173361137657	0.0	0.0	0.9071578884607135	0.0	0.0	0.0	0.0	0.0	0.0	0.0	0.0	0.0	0.0	0.0	0.0	0.0	0.0	0.0	0.0	33.16225003615393	0.0	0.0	0.0
GSM4138111_HNSCC_1_TIL_ACGCCGACATGCGCAC	0.0	200.44312093290716	0.0	0.0	0.0	0.0	0.0	0.0	0.0	0.0	68.50404407555946	0.0	0.0	0.0	0.0	0.0	0.0	0.0	0.0	0.0	0.0	0.0	0.0	0.0	0.0	0.0	0.0	0.0	0.0	0.0	0.0
GSM4138111_HNSCC_1_TIL_ACGGAGACAGGGTACA	0.0	0.0	0.0	0.0	30.19439140019975	0.0	0.0	0.0	0.0	0.0	85.36471775120023	133.39417080954996	0.0	0.0	11.705406656750865	0.0	0.0	85.29304857039084	0.0	0.0	27.722158219905754	0.0	0.0	0.0	0.0	0.0	0.0	0.0	0.0	0.0	0.0
GSM4138111_HNSCC_1_TIL_ACGGGCTCAGGAATGC	32.31352981357128	0.0	121.94202252110834	0.0	0.0	161.74867082858938	0.0	54.125609984009515	141.23954755638238	0.0	16.381061262994795	0.0	0.0	0.0	0.0	0.0	0.0	0.0	0.0	0.0	0.0	0.0	0.0	0.0	0.0	0.0	0.0	0.0	0.0	0.0	0.0
GSM4138111_HNSCC_1_TIL_ACGTCAAAGAGCTGCA	0.0	0.0	0.0	0.0	0.0	0.0	0.0	64.71026922117835	119.68074713737917	0.0	15.24501283837742	0.0	0.0	0.0	0.0	0.0	0.0	0.0	0.0	0.0	203.56046399435021	37.63679302199369	0.0	0.0	0.0	0.0	0.0	0.0	0.0	0.0	0.0
GSM4138111_HNSCC_1_TIL_ACTATCTAGAGTACAT	0.0	3.3271960324659697	0.0	0.0	0.0	0.0	0.0	39.62856324726566	0.0	0.0	58.54125271864073	0.0	0.0	124.43091507719737	0.0	0.0	0.0	0.0	0.0	121.4930772536719	19.718182222791523	0.0	0.0	0.0	0.0	56.08474795202995	20.233002294520485	0.0	0.0	0.0	0.0
GSM4138111_HNSCC_1_TIL_ACTGAGTCACCCAGTG	97.82513669483446	0.0	0.0	0.0	0.0	49.19053257724517	18.67255438464759	48.80667142543572	0.0	0.0	0.0	0.0	8.36193024648392	0.0	0.0	0.0	0.0	0.0	12.99735806470694	71.95708386720788	0.0	0.0	30.11718969530057	0.0	0.0	0.0	0.0	0.0	0.0	0.0	0.0
GSM4138111_HNSCC_1_TIL_ACTTGTTCAATCCGAT	0.0	0.0	0.0	0.0	0.0	0.0	0.0	82.41499629580207	0.0	0.0	0.0	0.0	0.0	0.0	0.0	0.0	0.0	0.0	0.0	176.21132113459277	116.21509108580025	0.0	0.0	0.0	0.0	0.0	0.0	0.0	0.0	0.0	0.0
GSM4138111_HNSCC_1_TIL_AGATCTGCACTCAGGC	0.0	133.84387086314527	0.0	0.0	111.41144397226037	17.23514871374315	0.0	0.0	0.0	0.0	82.1845206038688	0.0	0.0	0.0	0.0	0.0	0.0	0.0	0.0	0.0	0.0	0.0	0.0	0.0	0.0	0.0	0.0	0.0	0.0	0.0	0.0
GSM4138111_HNSCC_1_TIL_AGCAGCCCACATTAGC	0.0	37.982585949335956	0.0	0.0	0.0	0.0	0.0	0.0	0.0	0.0	49.22512475939205	0.0	0.0	94.03145015332778	0.0	0.0	0.0	0.0	0.0	0.0	0.0	0.0	0.0	0.0	0.0	0.0	81.84311435160161	0.0	0.0	0.0	0.0
GSM4138111_HNSCC_1_TIL_AGCTCCTTCACCTCGT	20.753959041023222	0.0	0.0	0.0	0.0	142.41657850085048	0.0	68.4567611844747	0.0	187.74396695466186	0.0	0.0	0.0	0.0	0.0	0.0	0.0	0.0	0.0	0.0	0.0	0.0	0.0	0.0	0.0	0.0	0.0	0.0	0.0	0.0	0.0
GSM4138111_HNSCC_1_TIL_AGGCCACGTCCTCTTG	0.0	0.0	0.0	0.0	0.0	0.0	0.0	78.47465766866449	434.11283184850606	0.0	0.0	0.0	0.0	0.0	0.0	0.0	0.0	0.0	0.0	0.0	0.0	0.0	0.0	0.0	0.0	0.0	0.0	0.0	0.0	0.0	0.0
GSM4138111_HNSCC_1_TIL_AGGCCGTGTTTGACAC	0.0	0.0	0.0	0.0	0.0	0.0	0.0	0.0	0.0	0.0	85.73754888511856	138.9136282691437	0.0	129.86041322693802	0.0	0.0	0.0	0.0	0.0	0.0	0.0	0.0	0.0	0.0	0.0	0.0	0.0	0.0	0.0	0.0	0.0
GSM4138111_HNSCC_1_TIL_AGTAGTCCAGTTTACG	0.0	0.0	0.0	0.0	2.8704760340413418	87.93326983280782	0.0	29.754192919853345	0.0	0.0	49.576789597395695	0.0	0.0	0.0	0.0	127.07858191370943	0.0	42.92544271130803	0.0	0.0	0.0	0.0	0.0	0.0	0.0	0.0	0.0	0.0	0.0	0.0	0.0
GSM4138111_HNSCC_1_TIL_AGTGGGAGTGTCCTCT	0.0	0.0	325.54185349319573	0.0	0.0	0.0	0.0	51.90186421897995	0.0	0.0	0.0	0.0	0.0	0.0	0.0	0.0	0.0	0.0	0.0	0.0	0.0	0.0	0.0	0.0	0.0	0.0	0.0	0.0	0.0	0.0	0.0
GSM4138111_HNSCC_1_TIL_ATCACGACAAGGACTG	285.3972825877829	0.0	0.0	0.0	0.0	0.0	0.0	0.0	0.0	0.0	37.977471689742835	0.0	0.0	0.0	0.0	0.0	0.0	0.0	0.0	0.0	0.0	0.0	0.0	0.0	0.0	0.0	0.0	0.0	0.0	0.0	0.0
GSM4138111_HNSCC_1_TIL_ATGCGATAGAATTCCC	0.0	0.0	0.0	0.0	0.0	0.0	0.0	79.85624345998964	0.0	0.0	0.0	0.0	0.0	295.33227240121283	0.0	0.0	0.0	0.0	0.0	0.0	0.0	0.0	0.0	0.0	0.0	0.0	0.0	0.0	0.0	0.0	0.0
GSM4138111_HNSCC_1_TIL_ATGCGATGTAGCTGCC	100.97965314360324	0.0	0.0	0.0	0.0	0.0	152.5667717916327	75.37923459304601	0.0	0.0	0.0	0.0	0.0	0.0	0.0	20.60585880420291	0.0	0.0	0.0	0.0	0.0	0.0	0.0	0.0	0.0	0.0	0.0	0.0	0.0	0.0	0.0
GSM4138111_HNSCC_1_TIL_ATTATCCAGTGTTAGA	145.73470942190502	0.0	108.69155557749056	0.0	0.0	0.0	0.0	0.0	0.0	0.0	0.0	0.0	0.0	0.0	0.0	31.021030968920083	0.0	0.0	86.9898674407689	0.0	0.0	0.0	0.0	17.677840598184208	0.0	0.0	0.0	0.0	0.0	0.0	0.0
GSM4138111_HNSCC_1_TIL_ATTCTACGTCGAATCT	0.0	0.0	232.32821571769287	0.0	0.0	137.1389531725614	0.0	58.82599074498985	0.0	0.0	37.169322385276594	0.0	0.0	0.0	0.0	0.0	0.0	0.0	0.0	0.0	0.0	0.0	0.0	0.0	0.0	0.0	0.0	0.0	0.0	0.0	0.0
GSM4138111_HNSCC_1_TIL_ATTGGACAGCAATCTC	0.0	257.92062375375724	0.0	0.0	0.0	0.0	0.0	57.197430428536705	0.0	0.0	0.0	0.0	0.0	0.0	0.0	0.0	0.0	0.0	21.15178073631404	0.0	0.0	0.0	0.0	0.0	0.0	0.0	0.0	0.0	0.0	0.0	0.0
GSM4138111_HNSCC_1_TIL_CACATTTGTTGTTTGG	0.0	0.0	0.0	637.9415100945802	0.0	0.0	0.0	80.23258316854847	0.0	0.0	0.0	0.0	0.0	0.0	0.0	0.0	0.0	0.0	0.0	0.0	0.0	0.0	0.0	0.0	0.0	0.0	0.0	0.0	0.0	0.0	0.0
GSM4138111_HNSCC_1_TIL_CCCAGTTTCTCGTTTA	0.0	0.0	54.699451397133906	0.0	19.20117524254127	0.0	0.0	86.29521515445988	360.1134697798685	0.0	0.0	44.105048754682265	0.0	0.0	0.0	0.0	0.0	0.0	0.0	0.0	0.0	0.0	0.0	0.0	0.0	0.0	0.0	0.0	0.0	0.0	0.0
GSM4138111_HNSCC_1_TIL_CCCATACAGACGCAAC	0.0	130.0410798046273	0.0	0.0	61.821666553479346	0.0	0.0	0.0	0.0	0.0	29.561157440651538	0.0	0.0	0.0	0.0	0.0	0.0	0.0	0.0	0.0	0.0	0.0	0.0	0.0	0.0	0.0	0.0	0.0	0.0	0.0	0.0
GSM4138111_HNSCC_1_TIL_CCGTGGAAGGCATTGG	0.0	70.73977420018156	0.0	174.201114394115	75.20786421704341	97.20429583509214	2.8671145390769275	0.0	0.0	0.0	125.26517798267304	0.0	0.0	0.0	0.0	0.0	0.0	0.0	0.0	0.0	0.0	0.0	0.0	0.0	0.0	0.0	0.0	0.0	0.0	0.0	0.0
GSM4138111_HNSCC_1_TIL_CCGTGGAAGTAACCCT	210.37454201396696	45.11361099228697	0.0	0.0	0.0	0.0	0.0	0.0	0.0	0.0	94.33515129008241	0.0	0.0	0.0	0.0	0.0	0.0	0.0	0.0	0.0	0.0	0.8221561200714766	35.73283467774603	0.0	0.0	0.0	0.0	0.0	0.0	0.0	0.0
GSM4138111_HNSCC_1_TIL_CCTAAAGTCTCCCTGA	56.2969936997793	0.0	192.10287510017105	0.0	0.0	0.0	0.0	90.208846980871	0.0	0.0	0.0	0.0	0.0	82.0580507934152	0.0	0.0	0.0	0.0	0.0	0.0	0.0	0.0	0.0	0.0	0.0	0.0	0.0	0.0	0.0	0.0	0.0
GSM4138111_HNSCC_1_TIL_CCTTACGAGTGGCACA	0.0	0.0	25.1515848209074	0.0	85.73641763896492	0.0	0.0	75.52902208544525	29.66081391650455	0.0	0.0	0.0	117.67714181895813	0.0	0.0	0.0	0.0	0.0	0.0	0.0	0.0	0.0	0.0	0.0	0.0	0.0	0.0	0.0	0.0	0.0	57.62786620668567
GSM4138111_HNSCC_1_TIL_CGCTGGATCCTCAACC	0.0	0.0	122.51838904118642	0.0	111.97777845522015	0.0	0.0	60.61457432364633	0.0	0.0	0.0	40.734845129394564	0.0	0.0	0.0	0.0	0.0	0.0	0.0	0.0	0.0	0.0	0.0	0.0	0.0	0.0	0.0	0.0	0.0	0.0	0.0
GSM4138111_HNSCC_1_TIL_CGGAGTCCATCCGCGA	122.98064583629431	0.0	0.0	0.0	0.0	0.0	0.0	0.0	0.0	0.0	10.910278905085088	0.0	0.0	0.0	0.0	99.0747331554923	0.0	0.0	41.28465364697391	0.0	0.0	0.0	0.0	0.0	0.0	0.0	0.0	0.0	0.0	0.0	0.0
GSM4138111_HNSCC_1_TIL_CGTCACTTCCCATTTA	0.0	0.0	0.0	0.0	0.0	0.0	0.0	0.0	0.0	0.0	54.46801038765358	0.0	14.074921473477264	0.0	0.0	0.0	0.0	0.0	0.0	0.0	0.0	159.84069676300896	0.0	0.0	0.0	0.0	0.0	0.0	0.0	0.0	0.0
GSM4138111_HNSCC_1_TIL_CTCGTCATCGATGAGG	0.0	0.0	42.170863587423355	0.0	0.0	0.0	0.0	9.423784313364587	77.43569794080089	0.0	92.85938922064413	23.182745275690035	76.81068692508859	0.0	0.0	0.0	0.0	50.20319964445761	0.0	0.0	52.32997201049928	40.91542980730191	0.0	0.0	0.0	0.0	0.0	0.0	0.0	0.0	0.0
GSM4138111_HNSCC_1_TIL_CTGATCCAGCTGAACG	0.0	0.0	0.0	318.0069619282295	0.0	0.0	0.0	54.43227514900886	9.386306087210476	0.0	21.867321158423795	0.0	131.14441208881783	0.0	0.0	0.0	0.0	0.0	0.0	0.0	0.0	0.0	0.0	0.0	0.0	0.0	0.0	0.0	0.0	0.0	0.0
GSM4138111_HNSCC_1_TIL_CTTAACTCATGGTCAT	39.490727840014365	0.0	93.86504022505605	0.0	0.0	0.0	0.0	68.47417284090099	65.92442232466087	0.0	0.0	0.0	0.0	0.0	0.0	0.0	0.0	0.0	19.05223892670987	0.0	212.43185278131637	0.0	0.0	0.0	0.0	0.0	0.0	0.0	0.0	0.0	0.0
GSM4138111_HNSCC_1_TIL_CTTACCGTCACAGTAC	61.498639595801734	0.0	0.0	0.0	0.0	59.45750912952865	0.0	0.0	7.306109383894058	0.0	93.90150766950697	0.0	0.0	0.0	0.0	0.0	0.0	0.0	0.0	0.0	0.0	0.0	143.2366774452766	0.0	0.0	0.0	0.0	0.0	0.0	0.0	0.0
GSM4138111_HNSCC_1_TIL_GAACGGATCTGAGTGT	0.0	0.0	30.470244248748173	0.0	0.0	0.0	0.0	0.0	0.0	0.0	109.04531691901741	0.0	0.0	0.0	0.0	0.0	0.0	0.0	0.0	0.0	0.0	108.68791306224621	0.0	0.0	0.0	9.883516780280681	0.0	86.37690575770183	0.0	0.0	0.0
GSM4138111_HNSCC_1_TIL_GACCAATCAAAGCGGT	74.15329034040766	0.0	0.0	0.0	0.0	0.0	0.0	67.82994722257114	0.0	0.0	27.445851330713694	0.0	0.0	0.0	0.0	9.336650226326217	0.0	0.0	0.0	79.94071652171645	0.0	0.0	181.1402147930824	0.0	0.0	0.0	0.0	0.0	0.0	0.0	0.0
GSM4138111_HNSCC_1_TIL_GATCTAGGTCAAACTC	0.0	0.0	0.0	0.0	0.0	0.0	0.0	0.0	0.0	0.0	82.01217068309975	30.113460698224163	0.0	0.0	0.0	0.0	0.0	0.0	0.0	0.0	61.98494167160554	0.0	0.0	0.0	0.0	75.57819909286435	108.93268411550625	0.0	0.0	0.0	0.0
GSM4138111_HNSCC_1_TIL_GCAATCATCTCTAGGA	158.77686150472337	100.8984787781261	0.0	0.0	0.0	67.4596309647907	1.759965839976191	17.89524423794361	0.0	0.0	0.0	0.0	0.0	0.0	0.0	0.0	0.0	0.0	48.18939453764105	0.0	0.0	0.0	0.0	0.0	0.0	0.0	0.0	0.0	0.0	0.0	0.0
GSM4138111_HNSCC_1_TIL_GCAGCCACAAGTCTGT	11.709172744996946	0.0	0.0	0.0	0.0	0.0	0.0	141.2245960474446	0.0	0.0	0.0	0.0	0.0	0.0	0.0	0.0	0.0	0.0	0.0	0.0	0.0	0.0	381.58340089322627	0.0	0.0	0.0	0.0	0.0	0.0	0.0	0.0
GSM4138111_HNSCC_1_TIL_GCAGTTATCTTCGAGA	418.7332054462288	0.0	0.0	72.87968824798284	0.0	0.0	0.0	76.27149936329224	0.0	0.0	0.0	0.0	0.0	0.0	0.0	0.0	0.0	0.0	0.0	0.0	0.0	0.0	0.0	0.0	0.0	0.0	0.0	0.0	0.0	0.0	0.0
GSM4138111_HNSCC_1_TIL_GCCTCTAAGCTAACTC	73.09448238128913	0.0	101.35037750914044	0.0	0.0	0.0	0.0	47.39856996018486	116.4756687483063	0.0	33.224826003879606	0.0	0.0	0.0	0.0	0.0	0.0	0.0	0.0	0.0	0.0	0.0	0.0	0.0	0.0	0.0	0.0	0.0	0.0	0.0	0.0
GSM4138111_HNSCC_1_TIL_GCGCCAAGTACAGTTC	0.0	0.0	0.0	0.0	0.0	0.0	0.0	0.0	0.0	0.0	109.90032905017706	91.06807515037112	0.0	0.0	0.0	0.0	0.0	0.0	0.0	0.0	219.12603308325217	0.0	0.0	0.0	0.0	0.0	0.0	0.0	0.0	0.0	0.0
GSM4138111_HNSCC_1_TIL_GCTCTGTTCAACTCTT	0.0	0.0	75.08298461552926	0.0	0.0	0.0	0.0	0.0	206.34751544796558	0.0	88.01944085167185	0.0	0.0	0.0	0.0	0.0	0.0	0.0	0.0	2.117301625469757	53.43279805461027	0.0	0.0	0.0	0.0	0.0	0.0	0.0	0.0	0.0	0.0
GSM4138111_HNSCC_1_TIL_GCTGCGATCTCGAGTA	242.84930142583866	0.0	189.03480076211542	0.0	0.0	0.0	0.0	90.62149425088656	0.0	0.0	2.104917086182245	0.0	0.0	0.0	0.0	0.0	0.0	0.0	0.0	0.0	0.0	0.0	0.0	0.0	0.0	0.0	0.0	0.0	0.0	0.0	0.0
GSM4138111_HNSCC_1_TIL_GCTTGAAGTGACCAAG	0.0	0.0	84.08143714514337	0.0	0.0	87.67503452482995	0.0	0.0	0.0	0.0	72.19638935510527	6.076301136646042	0.0	88.59222833406226	0.0	0.0	0.0	0.0	0.0	0.0	0.0	0.0	0.0	0.0	0.0	0.0	4.778888302573213	0.0	0.0	0.0	0.0
GSM4138111_HNSCC_1_TIL_GGAATAACATCGACGC	0.0	0.0	0.0	0.0	0.0	0.0	0.0	84.8007848568501	154.43091494527854	0.0	0.0	42.89246293572049	68.70178745937764	0.0	0.0	0.0	0.0	100.75335077197101	0.0	0.0	0.0	17.669498758013706	0.0	0.0	0.0	0.0	0.0	0.0	0.0	0.0	0.0
GSM4138111_HNSCC_1_TIL_GGACGTCTCCGTTGCT	0.0	88.10099841684342	0.0	0.0	0.0	274.87285784645684	0.0	0.0	0.0	0.0	0.0	0.0	0.0	0.0	0.0	0.0	0.0	0.0	95.28801856346644	0.0	0.0	0.0	0.0	0.0	0.0	0.0	0.0	0.0	0.0	0.0	0.0
GSM4138111_HNSCC_1_TIL_GGAGCAATCCGTAGGC	256.11727775561377	0.0	5.378912115355857	0.0	0.0	0.0	0.0	0.0	0.0	0.0	93.59332705146483	0.0	0.0	0.0	0.0	0.0	0.0	0.0	0.0	0.0	0.0	0.0	0.0	0.0	0.0	0.0	0.0	0.0	0.0	0.0	0.0
GSM4138111_HNSCC_1_TIL_GGCTGGTCACCAGCAC	65.49685788540388	0.0	0.0	0.0	0.0	0.0	16.550683564326462	39.94493194625553	0.0	0.0	33.85355694408176	0.0	0.0	197.6500124126692	0.0	0.0	0.0	0.0	0.0	0.0	0.0	0.0	0.0	0.0	0.0	0.0	0.0	0.0	0.0	0.0	0.0
GSM4138111_HNSCC_1_TIL_GGGAGATAGGGTTCCC	0.0	0.0	0.0	0.0	0.0	0.0	0.0	1273.6739576217171	0.0	0.0	0.0	0.0	0.0	0.0	0.0	0.0	0.0	0.0	48.146953406108594	0.0	0.0	0.0	0.0	0.0	0.0	0.0	0.0	0.0	0.0	0.0	0.0
GSM4138111_HNSCC_1_TIL_GGGTTGCCAGCCAATT	158.13741978880432	0.0	0.0	0.0	0.0	66.98726778728101	0.0	50.553965246281365	0.0	0.0	0.0	0.0	0.0	0.0	0.0	0.0	0.0	0.0	0.0	0.0	0.0	0.0	0.0	0.0	0.0	0.0	0.0	0.0	0.0	0.0	0.0
GSM4138111_HNSCC_1_TIL_GTAGTCACATCACGAT	0.0	0.0	0.0	0.0	0.0	0.0	0.0	0.0	0.0	0.0	65.67242517787955	0.0	0.0	306.8853264658678	0.0	0.0	0.0	0.0	0.0	0.0	0.0	0.0	0.0	0.0	0.0	0.0	0.0	0.0	0.0	0.0	0.0
GSM4138111_HNSCC_1_TIL_GTATTCTCAACTGCTA	0.0	0.0	0.0	0.0	187.93891645303168	0.0	0.0	2.6318104234662894	0.0	0.0	65.01783756136052	0.0	0.0	96.82200119204995	0.0	0.0	0.0	0.0	0.0	0.0	0.0	0.0	0.0	0.0	0.0	0.0	38.3319684066778	0.0	0.0	0.0	0.0
GSM4138111_HNSCC_1_TIL_GTCACGGGTCTTGTCC	0.0	0.0	0.0	0.0	29.585974278100228	270.1232146864187	0.0	47.97496812962962	0.0	0.0	37.5333075076769	0.0	0.0	0.0	0.0	0.0	0.0	0.0	0.0	0.0	0.0	0.0	0.0	0.0	0.0	0.0	0.0	0.0	0.0	0.0	0.0
GSM4138111_HNSCC_1_TIL_GTCCTCATCCCTCAGT	0.0	0.0	0.0	458.8067556589159	0.0	0.0	71.16286140431444	86.74063899277476	0.0	0.0	13.427273502726134	0.0	0.0	0.0	0.0	0.5158433845406677	0.0	0.0	0.0	41.61457938100223	0.0	0.0	235.29633528005746	0.0	0.0	0.0	0.0	0.0	0.0	0.0	0.0
GSM4138111_HNSCC_1_TIL_GTGCATACATCACAAC	0.0	0.0	121.02978151729113	0.0	0.0	0.0	0.0	37.279124945906325	0.0	0.0	0.0	101.26833129308677	0.0	0.0	0.0	0.0	0.0	0.0	14.420397693702023	0.0	0.0	0.0	0.0	96.7477539123535	0.0	0.0	0.0	0.0	0.0	0.0	0.0
GSM4138111_HNSCC_1_TIL_GTGTGCGAGTGGGATC	137.5895497064847	0.0	0.0	0.0	0.0	0.0	56.635352401158	38.09422971452139	0.0	0.0	39.343493690168565	0.0	0.0	0.0	0.0	43.63723949962192	0.0	0.0	0.0	0.0	0.0	0.0	0.0	0.0	0.0	0.0	0.0	0.0	0.0	0.0	0.0
GSM4138111_HNSCC_1_TIL_GTTCATTGTGCCTGGT	160.5762350067941	0.0	398.9935722172957	0.0	0.0	0.0	0.0	73.99877191145634	0.0	0.0	0.0	0.0	0.0	0.0	0.0	0.0	0.0	0.0	0.0	0.0	0.0	0.0	0.0	0.0	0.0	0.0	0.0	0.0	0.0	0.0	0.0
GSM4138111_HNSCC_1_TIL_GTTCATTTCATGTAGC	0.0	0.0	0.0	0.0	0.0	7.847406851060521	0.0	0.0	146.38124369447334	162.38632995679285	0.0	0.0	0.0	0.0	0.0	0.0	0.0	0.0	92.39669937088145	0.0	0.0	0.0	0.0	0.0	0.0	0.0	0.0	0.0	0.0	0.0	0.0
GSM4138111_HNSCC_1_TIL_TAAGCGTTCGGATGGA	0.0	0.0	0.0	0.0	0.0	47.80471655894874	4.751809084977153	82.28542017806369	0.0	0.0	0.0	0.0	15.107868818786304	0.0	0.0	0.0	0.0	0.0	0.0	0.0	0.0	0.0	47.478916140044404	0.0	0.0	0.0	0.0	0.0	157.18298332326376	0.0	0.0
GSM4138111_HNSCC_1_TIL_TACGGATGTCGTGGCT	0.0	0.0	0.0	0.0	75.51162282402956	134.4580895652259	0.0	0.0	0.0	0.0	152.27678897723266	0.0	0.0	0.0	0.0	0.0	0.0	0.0	0.0	0.0	0.0	0.0	0.0	0.0	0.0	0.0	0.0	0.0	0.0	0.0	0.0
GSM4138111_HNSCC_1_TIL_TATCAGGTCTACCAGA	0.0	0.0	181.2672843876214	0.0	0.0	0.0	0.0	99.21794543896223	0.0	0.0	0.0	0.0	0.0	0.0	0.0	0.0	0.0	0.0	0.0	0.0	0.0	0.0	0.0	48.00028617242717	0.0	0.0	0.0	0.0	0.0	0.0	0.0
GSM4138111_HNSCC_1_TIL_TCGCGAGTCCGCATAA	157.31335289560232	0.0	50.2875283168087	0.0	0.0	49.061394227372375	0.0	0.0	0.0	0.0	0.0	0.0	0.0	0.0	0.0	0.0	0.0	0.0	120.02744135203089	0.0	0.0	0.0	0.0	0.0	0.0	0.0	0.0	0.0	0.0	0.0	0.0
GSM4138111_HNSCC_1_TIL_TGACTAGAGCGTAATA	0.0	0.0	47.22297603391279	74.90722964196344	0.0	0.0	0.0	55.59077446548111	0.0	0.0	6.899750939342041	49.9648422882955	0.0	0.0	0.0	0.0	0.0	0.0	0.0	0.0	8.424442905627096	0.0	0.0	34.528291422245985	0.0	0.0	0.0	0.0	0.0	0.0	0.0
GSM4138111_HNSCC_1_TIL_TGCTACCCACTGTCGG	0.0	225.63810520061799	0.0	0.0	0.0	3.905539778816424	0.0	13.563306972032963	0.7599084016257734	30.17553427845357	0.0	0.0	12.510623109756192	0.0	0.0	0.0	0.0	0.0	20.14262355605733	0.0	0.0	0.0	0.0	0.0	0.0	0.0	0.0	0.0	0.0	0.0	0.0
GSM4138111_HNSCC_1_TIL_TTGCCGTCAAGACACG	0.0	0.0	0.0	0.0	0.0	0.0	0.0	100.688964165002	0.0	0.0	0.0	0.0	0.0	164.096084609396	0.0	226.86933980845046	0.0	0.0	0.0	0.0	0.0	0.0	0.0	0.0	0.0	0.0	0.0	0.0	0.0	0.0	0.0
GSM4138111_HNSCC_1_TIL_TTGTAGGCACAGGAGT	0.0	81.9356578787964	6.914579112136068	0.0	0.0	186.15137347990702	0.0	48.68561985172284	0.0	0.0	0.0	0.0	0.0	0.0	0.0	0.0	0.0	0.0	0.0	0.0	0.0	0.0	0.0	0.0	0.0	0.0	0.0	0.0	0.0	0.0	0.0
GSM4138111_HNSCC_1_TIL_ACACCAAAGACTACAA	0.0	0.0	235.1056999347535	0.0	0.0	0.0	0.0	0.0	0.0	20.611415881252476	17.464231171003746	0.0	0.0	0.0	0.0	0.0	0.0	0.0	0.0	0.0	0.0	0.0	0.0	0.0	0.0	0.0	0.0	0.0	0.0	0.0	0.0
GSM4138111_HNSCC_1_TIL_CTCATTAAGCTCCTTC	0.0	0.0	0.0	169.28780063747797	0.0	101.99096571283128	0.0	16.986765842922896	0.0	0.0	0.0	0.0	0.0	0.0	0.0	0.0	0.0	0.0	0.0	0.0	0.0	0.0	0.0	0.0	0.0	0.0	0.0	0.0	0.0	0.0	0.0
GSM4138111_HNSCC_1_TIL_TAGTGGTGTACCATCA	0.0	0.0	204.08763424164786	0.0	42.09026779561245	0.0	0.0	10.71357966848607	0.0	0.0	0.0	0.0	0.0	0.0	0.0	0.0	0.0	0.0	0.8948908518585142	33.5019249134935	1.0599181597201812	0.0	0.0	0.0	0.0	0.0	0.0	0.0	0.0	0.0	0.0
GSM4138111_HNSCC_1_TIL_TTATGCTTCCGATATG	0.0	0.0	4.860780275197593	107.89417448803195	79.69191697061385	0.0	0.0	10.23675271681204	0.0	0.0	0.0	0.0	0.0	0.0	0.0	0.0	0.0	0.0	0.0	0.0	0.0	0.0	0.0	0.0	0.0	0.0	0.0	0.0	0.0	0.0	0.0
GSM4138111_HNSCC_1_TIL_ATCCGAATCAACACTG	0.0	0.0	0.0	0.0	0.0	0.0	0.0	0.0	0.0	0.0	17.931209675396637	0.0	0.0	174.87729395389724	0.0	0.0	0.0	0.0	0.0	0.0	0.0	0.0	0.0	0.0	0.0	0.0	0.0	0.0	0.0	0.0	0.0
GSM4138111_HNSCC_1_TIL_CGTCTACTCTGGCGAC	0.0	335.181210912454	5.077277809902576	0.0	0.0	144.67983103556597	0.0	0.0	0.0	360.1969946443995	0.0	0.0	0.0	0.0	0.0	0.0	0.0	0.0	60.75681966540041	0.0	0.0	0.0	0.0	0.0	0.0	0.0	0.0	0.0	0.0	0.0	0.0
GSM4138111_HNSCC_1_TIL_GTTTCTAAGGAGTTTA	0.0	229.29005948123518	0.0	0.0	0.0	0.0	0.0	0.0	0.0	0.0	0.0	0.0	0.0	0.0	0.0	0.0	0.0	0.0	6.999652136273853	0.0	0.0	0.0	0.0	0.0	0.0	0.0	0.0	0.0	0.0	0.0	0.0
GSM4138111_HNSCC_1_TIL_AAACGGGTCTTGCCGT	0.0	0.0	0.0	1086.576157214389	0.0	0.0	0.0	0.0	0.0	0.0	40.62937154902424	0.0	0.0	0.0	0.0	0.0	0.0	0.0	0.0	0.0	0.0	0.0	0.0	0.0	0.0	0.0	0.0	0.0	0.0	0.0	0.0
GSM4138111_HNSCC_1_TIL_AAAGATGAGCTAGTCT	0.0	0.0	284.45155448001503	0.0	0.0	0.0	0.0	0.0	68.63012711990352	0.0	3.295506192678432	0.0	0.0	0.0	0.0	0.0	0.0	0.0	30.417986682388623	0.0	0.0	0.0	0.0	0.0	0.0	0.0	0.0	0.0	0.0	0.0	0.0
GSM4138111_HNSCC_1_TIL_AACTGGTTCCTCATTA	0.0	708.9680912029835	0.0	0.0	346.3802285782872	556.929611435473	0.0	101.43564007499222	0.0	0.0	0.0	0.0	0.0	0.0	0.0	0.0	0.0	0.0	0.0	0.0	0.0	0.0	0.0	0.0	0.0	0.0	0.0	0.0	0.0	0.0	0.0
GSM4138111_HNSCC_1_TIL_ACACTGACATTAACCG	45.22287189295172	0.0	0.0	0.0	0.0	0.0	0.0	20.749355744811037	492.7504877507398	0.0	3.7605529676985694	0.0	0.0	0.0	0.0	0.0	0.0	0.0	10.883356874710485	0.0	0.0	0.0	0.0	0.0	0.0	0.0	0.0	0.0	0.0	0.0	0.0
GSM4138111_HNSCC_1_TIL_ACCTTTATCAATCACG	0.0	0.0	555.0379716184659	0.0	344.9938996417762	98.44223830140731	150.73938408324275	55.62129365596055	0.0	0.0	0.0	51.945004745810145	0.0	0.0	0.0	0.0	0.0	0.0	20.971888707419517	0.0	0.0	0.0	0.0	0.0	0.0	0.0	0.0	0.0	0.0	0.0	0.0
GSM4138111_HNSCC_1_TIL_AGCTTGAAGAGGACGG	0.0	0.0	26.351476339070175	230.3260553679159	0.0	0.0	0.0	28.631006245286176	274.0482749059376	0.0	0.0	0.0	0.0	0.0	0.0	0.0	0.0	0.0	0.0	0.0	0.0	0.0	0.0	0.0	0.0	0.0	7.06595042681414	0.0	0.0	0.0	0.0
GSM4138111_HNSCC_1_TIL_ATGCGATAGACGCTTT	0.0	0.0	0.0	239.11475448846915	884.3916739899904	0.0	0.0	0.0	0.0	0.0	0.0	0.0	0.0	0.0	0.0	0.0	0.0	0.0	83.81288388394925	0.0	0.0	0.0	0.0	0.0	0.0	0.0	0.0	0.0	0.0	0.0	0.0
GSM4138111_HNSCC_1_TIL_ATTGGACAGACACTAA	258.52028760947115	0.0	33.0601566051784	0.0	0.0	0.0	2.5686945700713073	0.0	0.0	0.0	0.0	0.0	0.0	0.0	109.55607960370061	0.0	0.0	0.0	40.59434548599189	0.0	0.0	0.0	0.0	60.321599581386764	0.0	0.0	0.0	0.0	0.0	0.0	0.0
GSM4138111_HNSCC_1_TIL_ATTGGACAGCTAGGCA	767.9052619572317	0.0	0.0	0.0	0.0	0.0	0.0	22.411466222029123	0.0	0.0	21.036944854562243	0.0	0.0	0.0	0.0	0.0	0.0	0.0	6.710160087629188	0.0	0.0	0.0	0.0	0.0	0.0	0.0	0.0	0.0	0.0	0.0	0.0
GSM4138111_HNSCC_1_TIL_CAACTAGAGACTTTCG	0.0	0.0	0.0	688.8105609164658	0.0	0.0	0.0	0.0	0.0	0.0	27.235064169980465	0.0	0.0	0.0	0.0	0.0	0.0	0.0	0.0	0.0	0.0	0.0	0.0	0.0	0.0	0.0	0.0	0.0	0.0	0.0	0.0
GSM4138111_HNSCC_1_TIL_CAGCTAACAGTATGCT	426.0539326413347	0.0	0.0	0.0	0.0	0.0	0.0	4.635455869995743	0.0	0.0	40.144969316715446	0.0	0.0	0.0	0.0	0.0	0.0	0.0	0.0	0.0	0.0	0.0	0.0	0.0	0.0	0.0	0.0	0.0	0.0	0.0	0.0
GSM4138111_HNSCC_1_TIL_CATTCGCCAAGGACAC	0.0	0.0	0.0	0.0	0.0	0.0	56.18577961238561	0.0	0.0	361.2182885291536	0.0	0.0	0.0	0.0	129.04772338012972	0.0	0.0	0.0	17.59126860789308	0.0	0.0	0.0	0.0	0.0	0.0	0.0	0.0	0.0	0.0	0.0	0.0
GSM4138111_HNSCC_1_TIL_CCCTCCTAGCCGTCGT	0.0	0.0	0.0	0.0	0.0	0.0	208.61420028911087	0.0	0.0	0.0	0.0	0.0	0.0	0.0	193.31021089881477	0.0	0.0	0.0	26.803304406770405	0.0	0.0	0.0	0.0	0.0	0.0	0.0	0.0	0.0	0.0	0.0	0.0
GSM4138111_HNSCC_1_TIL_CCTTCCCGTCCCGACA	69.10925351403245	0.0	139.8543462867197	79.72247250793056	7.765263690699482	0.0	0.0	0.0	0.0	0.0	0.0	0.0	0.0	0.0	163.39264583933604	0.0	0.0	0.0	28.848490914010874	0.0	0.0	0.0	0.0	25.820779482963125	0.0	0.0	0.0	0.0	0.0	0.0	0.0
GSM4138111_HNSCC_1_TIL_CGTGAGCGTATCAGTC	0.0	0.0	120.66533071034549	0.0	0.0	0.0	0.0	0.0	0.0	0.0	0.0	0.0	0.0	0.0	0.0	0.0	0.0	0.0	14.925202039978592	199.4568598827103	0.0	0.0	0.0	0.0	0.0	0.0	0.0	0.0	0.0	0.0	0.0
GSM4138111_HNSCC_1_TIL_CGTGTAAAGCCAGGAT	0.0	0.0	0.0	171.9303406904259	0.0	0.0	0.0	31.966288130577748	0.0	0.0	0.0	0.0	0.0	0.0	0.0	0.0	0.0	297.69004490612247	3.5702396823070375	297.14434489410854	0.0	0.0	0.0	0.0	0.0	0.0	0.0	0.0	0.0	0.0	0.0
GSM4138111_HNSCC_1_TIL_CTAGCCTCAGCTTCGG	0.0	507.7507357568077	0.0	0.0	0.0	0.0	739.8860332455214	77.3153794522099	0.0	215.8430980085304	0.3152426247062306	0.0	0.0	0.0	0.0	0.0	0.0	0.0	0.0	0.0	0.0	0.0	0.0	0.0	0.0	0.0	0.0	0.0	0.0	0.0	0.0
GSM4138111_HNSCC_1_TIL_CTCAGAAAGTGCTGCC	0.0	0.0	0.0	0.0	0.0	0.0	234.38690842901252	30.095598178937962	0.0	0.0	0.0	0.0	0.0	0.0	0.0	0.0	0.0	0.0	0.0	0.0	0.0	0.0	0.0	0.0	0.0	0.0	0.0	0.0	0.0	0.0	0.0
GSM4138111_HNSCC_1_TIL_CTCAGAAGTCAAGCGA	0.0	0.0	0.0	1016.4876178765022	0.0	0.0	0.0	0.0	0.0	0.0	0.0	0.0	0.0	0.0	0.0	0.0	0.0	0.0	82.8258865809002	0.0	0.0	0.0	0.0	0.0	0.0	0.0	0.0	0.0	0.0	0.0	0.0
GSM4138111_HNSCC_1_TIL_CTCGAAAAGGCCCTCA	0.0	103.52852143232336	257.82424436607334	0.0	0.0	0.0	0.0	0.0	0.0	0.0	0.0	0.0	0.0	0.0	0.0	0.0	0.0	0.0	18.91145584495921	0.0	0.0	0.0	0.0	0.0	0.0	0.0	0.0	0.0	0.0	0.0	0.0
GSM4138111_HNSCC_1_TIL_GAAATGAAGGATATAC	0.0	0.0	0.0	468.32353001074523	0.0	0.0	0.0	0.0	0.0	0.0	23.804942900754124	0.0	0.0	0.0	0.0	0.0	0.0	0.0	0.0	0.0	0.0	0.0	0.0	0.0	0.0	0.0	0.0	0.0	0.0	0.0	0.0
GSM4138111_HNSCC_1_TIL_GGCAATTTCCCACTTG	0.0	0.0	179.30633356733858	286.15749669160164	0.0	0.0	0.0	37.955378218875914	0.0	9.72472063030226	0.0	0.0	0.0	0.0	0.0	0.0	0.0	0.0	0.0	0.0	0.0	0.0	0.0	0.0	0.0	0.0	0.0	0.0	0.0	0.0	0.0
GSM4138111_HNSCC_1_TIL_GGTGCGTGTCTAACGT	271.42718684508174	0.0	31.794771713148933	0.0	0.0	0.0	0.0	0.0	155.160644115493	0.0	0.0	0.0	0.0	0.0	0.0	0.0	0.0	0.0	44.67205214920671	0.0	0.0	75.5015384798214	12.475083647971303	0.0	0.0	0.0	0.0	0.0	0.0	0.0	0.0
GSM4138111_HNSCC_1_TIL_GTAGGCCAGATGTGTA	25.889766338495175	0.0	0.0	0.0	0.0	0.0	0.0	11.566771456377461	89.2463126080735	0.0	17.552211675970458	0.0	0.0	0.0	275.9562463006848	0.0	0.0	0.0	1.3249854983565936	0.0	0.0	0.0	0.0	3.9199986092979278	0.0	0.0	0.0	0.0	0.0	0.0	0.0
GSM4138111_HNSCC_1_TIL_GTCCTCAAGTGCCAGA	0.0	513.7280446954614	0.0	190.18791752121152	0.0	325.88308975608413	0.0	82.7298762625253	0.0	0.0	0.0	0.0	0.0	0.0	0.0	0.0	0.0	0.0	0.0	0.0	0.0	0.0	0.0	0.0	0.0	0.0	0.0	0.0	0.0	0.0	0.0
GSM4138111_HNSCC_1_TIL_TAAGTGCGTCAAAGCG	0.0	0.0	0.0	0.0	0.0	0.0	0.0	60.5644704654667	0.0	1046.5415159262338	0.0	0.0	0.0	0.0	0.0	0.0	0.0	0.0	0.0	0.0	0.0	0.0	0.0	0.0	0.0	0.0	0.0	0.0	0.0	0.0	0.0
GSM4138111_HNSCC_1_TIL_TAGCCGGCAGGTGGAT	118.08118779359967	0.0	832.4935581921555	46.97731744307455	0.0	187.02760381213452	0.0	83.95326318161376	0.0	0.0	0.0	0.0	0.0	0.0	0.0	0.0	0.0	0.0	0.0	0.0	0.0	0.0	0.0	0.0	0.0	0.0	0.0	0.0	0.0	0.0	0.0
GSM4138111_HNSCC_1_TIL_TAGGCATTCCACGTGG	0.0	0.0	211.54501957308293	128.41414457794673	0.0	0.0	0.0	3.436488552076705	0.0	66.16314063225965	30.62771750119906	0.0	0.0	0.0	0.0	0.0	0.0	0.0	0.0	0.0	0.0	0.0	0.0	0.0	0.0	0.0	0.0	0.0	0.0	0.0	0.0
GSM4138111_HNSCC_1_TIL_TCGGGACGTCACTTCC	945.1805578597462	0.0	0.0	0.0	0.0	0.0	0.0	0.0	0.0	0.0	0.0	0.0	0.0	0.0	0.0	0.0	0.0	0.0	56.64445075888765	0.0	0.0	0.0	0.0	0.0	0.0	0.0	0.0	0.0	0.0	0.0	0.0
GSM4138111_HNSCC_1_TIL_TGCACCTGTCTCCACT	0.0	278.99140888791385	74.2599917461992	0.0	0.0	0.0	33.838610259734466	68.32045904737583	0.0	0.0	0.0	0.0	0.0	0.0	0.0	0.0	0.0	0.0	0.0	0.0	0.0	0.0	0.0	0.0	0.0	0.0	0.0	0.0	0.0	0.0	0.0
GSM4138111_HNSCC_1_TIL_TGCGCAGTCTTGTCAT	0.0	0.0	0.0	0.0	0.0	0.0	207.28284870558105	27.686619077782815	0.0	0.0	40.25732786141021	0.0	0.0	0.0	418.3648659875117	60.6984220636963	0.0	322.3856069731421	0.0	0.0	0.0	0.0	0.0	0.0	0.0	0.0	0.0	0.0	0.0	0.0	0.0
GSM4138111_HNSCC_1_TIL_TGTCCCAAGAGGTTGC	0.0	0.0	0.0	0.0	0.0	0.0	0.0	4.289282212996361	0.0	0.0	33.62866534593708	0.0	0.0	0.0	0.0	632.4444571957266	27.61460300284454	0.0	0.0	0.0	0.0	0.0	0.0	0.0	0.0	0.0	0.0	0.0	0.0	0.0	0.0
GSM4138111_HNSCC_1_TIL_ATTGGTGGTGAAGGCT	138.2501863679736	0.0	245.19258319068425	0.0	0.0	0.0	0.0	4.2783695405404965	80.96030981043018	0.0	0.0	0.0	0.0	0.0	0.0	0.0	0.0	0.0	55.32897316951265	0.0	0.0	0.0	0.0	0.0	0.0	0.0	0.0	0.0	0.0	0.0	0.0
GSM4138111_HNSCC_1_TIL_CAGAATCGTGTGTGCC	306.0539167076318	0.0	0.0	0.0	0.0	0.0	0.0	48.24619640136879	0.0	0.0	0.0	0.0	0.0	0.0	0.0	0.0	0.0	0.0	0.0	0.0	0.0	0.0	0.0	0.0	0.0	0.0	0.0	0.0	0.0	0.0	0.0
GSM4138111_HNSCC_1_TIL_CGTCTACAGCGATCCC	202.03432781412945	0.0	106.54910061729748	0.0	0.0	0.0	0.0	138.89895879794332	0.0	0.0	0.0	0.0	0.0	105.77516836152209	0.0	0.0	0.0	0.0	0.0	0.0	0.0	0.0	0.0	0.0	0.0	0.0	0.0	0.0	0.0	0.0	0.0
GSM4138111_HNSCC_1_TIL_TGCGGGTTCTTGCAAG	357.6146070988113	0.0	0.0	0.0	0.0	0.0	0.0	0.0	0.0	0.0	0.0	0.0	0.0	0.0	0.0	0.0	0.0	0.0	51.46015398346552	0.0	0.0	0.0	0.0	0.0	0.0	0.0	0.0	0.0	0.0	0.0	0.0
GSM4138111_HNSCC_1_TIL_ACCGTAACAACACCTA	631.619648824274	0.0	0.0	0.0	0.0	0.0	0.0	0.0	0.0	0.0	0.0	0.0	0.0	0.0	0.0	0.0	0.0	0.0	54.78766159405148	0.0	0.0	0.0	0.0	0.0	0.0	0.0	0.0	0.0	0.0	0.0	0.0
GSM4138111_HNSCC_1_TIL_ACGGGTCAGCAATCTC	257.35513823423923	0.0	231.47827803849466	0.0	0.0	0.0	0.0	0.0	0.0	0.0	0.0	0.0	0.0	0.0	0.0	0.0	0.0	0.0	28.62043056353023	0.0	0.0	0.0	0.0	0.0	0.0	0.0	0.0	0.0	0.0	0.0	0.0
GSM4138111_HNSCC_1_TIL_CTAGCCTAGAGTCGGT	0.0	1305.5092164896223	0.0	0.0	0.0	172.08982647316702	0.0	91.18545974229998	0.0	0.0	6.3361943538908125	0.0	0.0	0.0	0.0	0.0	0.0	0.0	0.0	0.0	0.0	0.0	0.0	0.0	0.0	0.0	0.0	0.0	0.0	0.0	0.0
GSM4138111_HNSCC_1_TIL_TGACTAGAGCCTCGTG	0.0	0.0	0.0	0.0	0.0	0.0	0.0	36.75333630368596	164.69504953708287	590.3019277920552	0.0	0.0	0.0	0.0	0.0	0.0	0.0	0.0	0.0	0.0	0.0	0.0	0.0	0.0	0.0	0.0	0.0	0.0	0.0	0.0	0.0
GSM4138111_HNSCC_1_TIL_AGTGGGACAACTGCGC	0.0	0.0	0.0	0.0	0.0	0.0	0.0	0.0	0.0	0.0	0.0	270.6207541476151	0.0	0.0	0.0	0.0	0.0	0.0	28.13341699992793	0.0	0.0	262.8793446993151	0.0	0.0	0.0	0.0	0.0	0.0	0.0	0.0	0.0
GSM4138111_HNSCC_1_TIL_CAGCGACTCCACGAAT	0.0	0.0	0.0	829.8044786138154	0.0	0.0	0.0	0.0	0.0	0.0	45.69064559956801	0.0	0.0	0.0	0.0	0.0	0.0	0.0	0.0	0.0	0.0	0.0	0.0	0.0	0.0	0.0	0.0	0.0	0.0	0.0	0.0
GSM4138111_HNSCC_1_TIL_CCTATTAAGAATCTCC	0.0	0.0	0.0	0.0	0.0	0.0	0.0	16.19580269157698	0.0	0.0	0.0	191.12300142002664	6.606733571137977	0.0	0.0	0.0	0.0	1.806935321258265	3.541151262699435	0.0	0.0	347.38801224367097	0.0	0.0	0.0	0.0	0.0	0.0	0.0	0.0	0.0
GSM4138111_HNSCC_1_TIL_CCTCTGAAGTCTTGCA	0.0	0.0	0.0	403.9466990925432	0.0	0.0	0.0	22.316224272604142	0.0	0.0	0.0	0.0	0.0	0.0	0.0	0.0	0.0	0.0	0.0	341.48547427731813	0.0	0.0	0.0	0.0	0.0	0.0	0.0	0.0	0.0	0.0	0.0
GSM4138111_HNSCC_1_TIL_CTAGCCTCACGAAAGC	0.0	0.0	0.0	0.0	0.0	0.0	276.9623829727722	100.9016468430398	0.0	0.0	0.0	538.1398190162917	0.0	0.0	631.4932923528874	0.0	0.0	47.74150598680571	0.0	0.0	0.0	0.0	0.0	0.0	0.0	0.0	0.0	0.0	0.0	0.0	0.0
GSM4138111_HNSCC_1_TIL_GATGAAAGTGCAACTT	353.7138607273391	0.0	0.0	0.0	0.0	0.0	0.0	34.550231429241556	0.0	0.0	0.0	0.0	0.0	0.0	0.0	0.0	0.0	0.0	0.0	0.0	0.0	469.6128084601338	0.0	0.0	0.0	0.0	0.0	0.0	0.0	0.0	0.0
GSM4138111_HNSCC_1_TIL_GCGGGTTTCTTTACGT	570.5695154719517	0.0	0.0	0.0	0.0	0.0	0.0	28.21921912905398	0.0	0.0	0.0	0.0	0.0	0.0	0.0	0.0	0.0	0.0	0.0	0.0	0.0	0.0	0.0	0.0	0.0	0.0	0.0	0.0	0.0	0.0	0.0
GSM4138111_HNSCC_1_TIL_TCAGGTATCAGTGTTG	0.0	70.07006394409088	147.3228142093093	0.0	0.0	0.0	0.0	0.0	0.0	0.0	0.0	103.36729361136398	0.0	0.0	0.0	0.0	0.0	0.0	11.613999441610707	0.0	0.0	0.0	0.0	0.0	0.0	0.0	0.0	0.0	0.0	111.33003437083173	0.0
GSM4138111_HNSCC_1_TIL_TCGGGACAGATGAGAG	0.0	0.0	0.0	0.0	0.0	0.0	0.0	0.0	0.0	0.0	0.0	181.01951626242965	0.0	0.0	16.956055541062575	0.0	0.0	341.9750542889232	12.31313259078156	0.0	0.0	0.0	0.0	0.0	0.0	0.0	0.0	0.0	0.0	0.0	0.0
GSM4138111_HNSCC_1_TIL_TGCGCAGAGCGCCTCA	0.0	0.0	0.0	855.5168730844525	0.0	0.0	0.0	0.0	0.0	0.0	51.3111861967393	0.0	0.0	0.0	0.0	0.0	0.0	0.0	0.0	0.0	0.0	0.0	0.0	0.0	0.0	0.0	0.0	0.0	0.0	0.0	0.0
GSM4138111_HNSCC_1_TIL_AACCGCGCACACTGCG	0.0	247.52155439822596	0.0	404.0860351373667	0.0	0.0	0.0	0.0	0.0	0.0	0.0	0.0	0.0	0.0	0.0	0.0	0.0	0.0	30.059771663804298	0.0	0.0	0.0	0.0	0.0	0.0	0.0	0.0	0.0	0.0	0.0	0.0
GSM4138111_HNSCC_1_TIL_ACACTGATCATGCATG	0.0	121.41557593649054	0.0	0.0	0.0	0.0	4.5643904002803	54.25557155828494	0.0	643.4994238206629	0.0	0.0	0.0	0.0	0.0	0.0	0.0	0.0	0.0	0.0	0.0	0.0	0.0	0.0	0.0	0.0	0.0	0.0	0.0	0.0	0.0
GSM4138111_HNSCC_1_TIL_AGTAGTCTCTGTCCGT	0.0	0.0	0.0	625.8076760339749	0.0	0.0	0.0	0.0	0.0	0.0	17.15200664680213	0.0	0.0	0.0	0.0	0.0	0.0	0.0	5.573423471341062	0.0	0.0	0.0	0.0	0.0	0.0	0.0	0.0	0.0	0.0	0.0	0.0
GSM4138111_HNSCC_1_TIL_ATCCGAAGTGTTAAGA	0.0	0.0	0.0	0.0	107.7520932382758	0.0	0.0	0.0	0.0	0.0	0.0	204.93042332552417	0.0	0.0	0.0	0.0	0.0	0.0	28.150806622548668	0.0	0.0	0.0	0.0	0.0	0.0	0.0	0.0	0.0	0.0	0.0	0.0
GSM4138111_HNSCC_1_TIL_CATCGGGCAAGACACG	0.0	193.09129022744693	0.0	72.42307906612596	406.8051809455963	20.256695298801855	0.0	0.0	0.0	0.0	0.0	0.0	0.0	0.0	0.0	0.0	0.0	0.0	53.749515999400444	0.0	0.0	0.0	0.0	0.0	0.0	0.0	0.0	0.0	0.0	0.0	0.0
GSM4138111_HNSCC_1_TIL_CCCTCCTTCCCACTTG	0.0	0.0	0.0	0.0	0.0	0.0	0.0	0.0	0.0	0.0	0.0	0.0	0.0	0.0	682.5732417628317	0.0	0.0	95.90174709202347	47.661442130721866	0.0	0.0	0.0	0.0	0.0	0.0	0.0	0.0	0.0	0.0	0.0	0.0
GSM4138111_HNSCC_1_TIL_CGGACTGTCGCTTGTC	0.0	423.32709881378844	0.0	0.0	0.0	0.0	0.0	0.0	0.0	0.0	32.491423786399096	0.0	0.0	0.0	0.0	0.0	0.0	0.0	0.0	0.0	0.0	0.0	0.0	0.0	0.0	0.0	0.0	0.0	0.0	0.0	0.0
GSM4138111_HNSCC_1_TIL_CTGATAGAGACTGGGT	0.0	87.6941909223478	0.0	0.0	134.1076533434512	0.0	0.0	0.0	0.0	0.0	0.0	0.0	0.0	0.0	0.0	0.0	0.0	0.0	21.82303483703095	0.0	0.0	0.0	52.74295417998785	0.0	0.0	0.0	0.0	0.0	0.0	0.0	0.0
GSM4138111_HNSCC_1_TIL_GACGTTAAGGCTACGA	0.0	0.0	0.0	0.0	0.0	0.0	0.0	0.0	0.0	0.0	0.0	0.0	0.0	0.0	0.0	0.0	0.0	0.0	14.214109016068594	0.0	0.0	0.0	219.27746792454695	0.0	0.0	0.0	0.0	0.0	0.0	0.0	0.0
GSM4138111_HNSCC_1_TIL_GCGCGATTCGCCTGAG	0.0	0.0	0.0	881.7961994509106	0.0	0.0	0.0	0.0	0.0	0.0	0.0	0.0	0.0	0.0	0.0	0.0	0.0	0.0	33.53859655692192	0.0	0.0	0.0	0.0	0.0	0.0	0.0	0.0	0.0	0.0	0.0	0.0
GSM4138111_HNSCC_1_TIL_GCTTCCAGTCTAGTGT	0.0	0.0	97.87420294168064	0.0	0.0	0.0	0.0	0.0	45.83828400197309	0.0	0.0	32.553179492793156	64.10523067625132	0.0	0.0	0.0	0.0	0.0	25.530031462070298	0.0	0.0	46.251464983517586	0.0	49.37983586891401	0.0	0.0	0.0	0.0	0.0	0.0	0.0
GSM4138111_HNSCC_1_TIL_GCTTCCAGTTGCTCCT	0.0	584.2736877494026	0.0	0.0	0.0	0.0	0.0	0.0	0.0	0.0	77.40259881837983	0.0	0.0	10.05699016784726	0.0	0.0	0.0	0.0	0.0	0.0	0.0	0.0	0.0	0.0	0.0	0.0	0.0	0.0	0.0	0.0	0.0
GSM4138111_HNSCC_1_TIL_GGACGTCGTCCTCCAT	0.0	0.0	0.0	0.0	0.0	0.0	0.0	0.0	0.0	0.0	98.69841327268733	431.9755035217382	0.0	0.0	256.34621041057477	0.0	0.0	0.0	0.0	0.0	0.0	0.0	0.0	0.0	0.0	0.0	0.0	0.0	0.0	0.0	0.0
GSM4138111_HNSCC_1_TIL_GGGTCTGTCTATCCTA	0.0	503.94323232238764	244.97845598836656	581.2889834419901	0.0	238.17874375769208	95.42705820979577	99.07512510193898	0.0	0.0	0.0	0.0	0.0	0.0	0.0	0.0	0.0	0.0	0.0	0.0	0.0	0.0	0.0	0.0	0.0	0.0	0.0	0.0	0.0	0.0	0.0
GSM4138111_HNSCC_1_TIL_GTTACAGCAATGTTGC	0.0	611.9189577850343	0.0	0.0	0.0	0.0	0.0	0.0	0.0	0.0	0.0	0.0	0.0	0.0	0.0	0.0	0.0	0.0	36.18740164637138	0.0	0.0	0.0	0.0	0.0	0.0	0.0	0.0	0.0	0.0	0.0	0.0
GSM4138111_HNSCC_1_TIL_TACGGGCAGTGGGATC	0.0	141.2600560559699	0.0	0.0	62.694262337773694	0.0	0.0	0.0	0.0	0.0	0.0	0.0	0.0	0.0	0.0	0.0	0.0	0.0	43.59911847321194	0.0	0.0	0.0	0.0	0.0	0.0	0.0	44.96219072394089	0.0	0.0	0.0	0.0
GSM4138111_HNSCC_1_TIL_TACGGGCTCTACTATC	0.0	73.32459396156464	0.0	0.0	0.0	0.0	0.0	0.0	0.0	0.0	0.0	0.0	0.0	0.0	0.8648534090177854	0.0	0.0	236.1008707135769	36.27802714509726	0.0	0.0	0.0	0.0	0.0	0.0	0.0	0.0	0.0	0.0	0.0	0.0
GSM4138111_HNSCC_1_TIL_TGTGGTAGTTACGTCA	0.0	0.0	0.0	0.0	0.0	0.0	0.0	0.0	112.51442061448022	0.0	87.74104644252157	0.0	39.02088252919273	0.0	0.0	0.0	79.80042718870543	0.0	0.0	0.0	0.0	0.0	0.0	0.0	0.0	0.0	0.0	0.0	0.0	0.0	0.0
GSM4138111_HNSCC_1_TIL_GTGGGTCGTACGACCC	0.0	0.0	0.0	0.0	37.619940902127425	0.0	0.0	0.0	0.0	0.0	34.654328023260426	208.82945108804918	0.0	84.68087518324663	0.0	0.0	0.0	0.0	0.0	0.0	0.0	0.0	0.0	0.0	0.0	0.0	0.0	0.0	0.0	0.0	0.0
GSM4138111_HNSCC_1_TIL_AACTCCCTCTCTTGAT	0.0	340.38224260090277	55.60923889840238	0.0	0.0	0.0	0.0	0.0	0.0	0.0	0.0	0.0	0.0	0.0	0.0	0.0	0.0	0.0	34.89953956710547	0.0	0.0	0.0	0.0	0.0	0.0	0.0	0.0	0.0	0.0	0.0	0.0
GSM4138111_HNSCC_1_TIL_AAGTCTGGTCTTTCAT	0.0	174.90599782142564	0.0	0.0	0.0	0.0	0.0	0.0	0.0	0.0	12.071526798283973	0.0	0.0	0.0	0.0	0.0	0.0	0.0	0.0	0.0	0.0	0.0	0.0	0.0	0.0	0.0	0.0	0.0	0.0	0.0	0.0
GSM4138111_HNSCC_1_TIL_ACACCAAAGCTACCTA	0.0	281.52080035090063	0.0	0.0	0.0	0.0	0.0	20.92101192146101	0.0	0.0	0.0	0.0	0.0	0.0	0.0	0.0	0.0	0.0	0.0	0.0	0.0	0.0	0.0	0.0	0.0	0.0	0.0	0.0	0.0	0.0	0.0
GSM4138111_HNSCC_1_TIL_ACCGTAATCGGCATCG	0.0	372.94468473574517	0.0	0.0	0.0	0.0	9.709582576930758	14.87687069629385	0.0	0.0	0.0	0.0	0.0	0.0	0.0	0.0	0.0	0.0	0.0	0.0	0.0	0.0	0.0	0.0	0.0	0.0	0.0	0.0	0.0	0.0	0.0
GSM4138111_HNSCC_1_TIL_AGATTGCCATACCATG	0.0	0.0	0.0	0.0	0.0	0.0	210.43063653352777	0.0	0.0	0.0	0.0	0.0	0.0	0.0	0.0	0.0	0.0	0.0	35.6691827922801	0.0	0.0	0.0	0.0	0.0	0.0	0.0	0.0	0.0	0.0	0.0	0.0
GSM4138111_HNSCC_1_TIL_AGTAGTCGTAGGGTAC	0.0	217.96651013866887	0.0	0.0	0.0	0.0	0.0	13.273914038365625	0.0	0.0	3.3948785285708625	0.0	0.0	0.0	0.0	0.0	0.0	0.0	0.0	0.0	0.0	0.0	0.0	0.0	0.0	0.0	0.0	0.0	0.0	0.0	0.0
GSM4138111_HNSCC_1_TIL_CATCGGGGTATTCGTG	0.0	0.0	0.0	16.62938186076696	0.0	0.0	66.14059936217532	26.086679806674837	0.0	0.0	0.0	0.0	0.0	0.0	65.82192602824882	0.0	0.0	59.98543301607611	0.0	147.2052578981469	0.0	0.0	0.0	0.0	0.0	0.0	0.0	0.0	0.0	0.0	0.0
GSM4138111_HNSCC_1_TIL_CCGGTAGTCACCGTAA	0.0	458.0430632271048	136.93004143694353	0.0	0.0	0.0	0.0	0.0	0.0	0.0	52.04935189351386	0.0	0.0	0.0	0.0	0.0	0.0	0.0	0.0	0.0	0.0	0.0	0.0	0.0	0.0	0.0	0.0	0.0	0.0	0.0	0.0
GSM4138111_HNSCC_1_TIL_CCTCAGTAGATCCCGC	0.0	0.0	138.30714799312017	0.0	0.0	0.0	0.0	0.0	0.0	0.0	10.664047148697485	0.0	0.0	0.0	0.0	0.0	0.0	0.0	9.971767577101522	0.0	0.0	0.0	0.0	0.0	0.0	51.86786012121293	0.0	0.0	0.0	0.0	0.0
GSM4138111_HNSCC_1_TIL_CGGACTGAGGGTTCCC	0.0	0.0	0.0	0.0	0.0	0.0	90.814772336277	17.73889823856039	0.0	0.0	0.0	0.0	0.0	0.0	0.0	0.0	0.0	0.0	0.0	0.0	0.0	79.85260755589448	0.0	40.12400223852547	0.0	3.900781247739471	0.0	0.0	0.0	0.0	0.0
GSM4138111_HNSCC_1_TIL_CGTGTAAAGAGGTTAT	0.0	263.4756259552754	0.0	0.0	0.0	0.0	0.0	16.97506167262365	0.0	0.0	0.0	0.0	0.0	0.0	0.0	0.0	0.0	0.0	0.0	0.0	0.0	0.0	0.0	0.0	0.0	0.0	0.0	0.0	0.0	0.0	0.0
GSM4138111_HNSCC_1_TIL_CTCGTACAGCAATATG	0.0	0.0	0.0	0.0	0.0	0.0	0.0	20.074055190434738	52.9597497010196	0.0	0.0	0.0	0.0	0.0	0.0	0.0	60.20301658178926	0.0	0.1400714322092918	0.0	197.14720518330304	0.0	0.0	0.0	0.0	0.0	0.0	0.0	0.0	0.0	0.0
GSM4138111_HNSCC_1_TIL_GACTACACAACGATCT	0.0	143.1945258912291	0.0	0.0	0.0	178.06161948265475	0.0	20.21657480432882	0.0	0.0	0.0	0.0	0.0	0.0	0.0	124.37135421584709	0.0	0.0	0.0	0.0	0.0	0.0	0.0	0.0	0.0	0.0	0.0	0.0	0.0	0.0	0.0
GSM4138111_HNSCC_1_TIL_GATCTAGCAGCTCCGA	24.705032004849112	49.8384426322968	0.0	0.0	0.0	0.0	0.0	0.0	0.0	0.0	0.0	0.0	0.0	68.77319376771993	0.0	0.0	0.0	0.0	31.42269680912139	0.0	0.0	0.0	0.0	0.0	0.0	0.0	0.0	0.0	0.0	0.0	0.0
GSM4138111_HNSCC_1_TIL_GCAGCCATCAAACAAG	0.0	365.911430683641	0.0	0.0	0.0	10.105416893861342	0.0	25.2217314697535	0.0	0.0	0.0	0.0	0.0	0.0	0.0	0.0	0.0	0.0	0.0	0.0	0.0	0.0	0.0	0.0	0.0	0.0	0.0	0.0	0.0	0.0	0.0
GSM4138111_HNSCC_1_TIL_GCTCCTAGTACGAAAT	0.0	225.9417784039401	0.0	0.0	0.0	0.0	0.0	16.63550772938796	0.0	0.0	0.0	0.0	0.0	0.0	0.0	0.0	0.0	0.0	0.0	0.0	0.0	0.0	0.0	0.0	0.0	0.0	0.0	0.0	0.0	0.0	0.0
GSM4138111_HNSCC_1_TIL_GGCAATTGTTGAGTTC	0.0	112.28951821226904	0.0	0.0	23.31319493000781	54.17038430992173	0.0	8.54710001730842	0.0	0.0	0.0	0.0	0.0	0.0	0.0	0.0	0.0	0.0	0.7260934038929032	0.0	0.0	0.0	0.0	0.0	0.0	0.0	0.0	0.0	0.0	0.0	0.0
GSM4138111_HNSCC_1_TIL_GTACTTTGTGCATCTA	0.0	14.22643111913352	88.7689135879092	0.0	0.0	42.29433416846517	0.0	8.658908298544262	0.0	0.0	0.0	0.0	0.0	0.0	0.0	0.0	0.0	0.0	0.0	0.0	0.0	0.0	0.0	0.0	71.5926390750044	0.0	0.0	0.0	0.0	0.0	0.0
GSM4138111_HNSCC_1_TIL_GTCAAGTAGTCCCACG	0.0	0.0	0.0	0.0	0.0	167.61010184311544	0.0	0.0	0.0	0.0	0.0	0.0	0.0	0.0	0.0	0.0	0.0	0.0	27.939681725873168	0.0	0.0	0.0	0.0	0.0	0.0	0.0	0.0	0.0	0.0	0.0	0.0
GSM4138111_HNSCC_1_TIL_GTCAAGTGTATATGGA	0.0	236.23639145967937	0.0	0.0	0.0	0.0	0.0	0.0	0.0	0.0	0.0	0.0	0.0	0.0	0.0	0.0	0.0	0.0	16.76583713922342	0.0	0.0	0.0	0.0	0.0	0.0	0.0	0.0	0.0	0.0	0.0	0.0
GSM4138111_HNSCC_1_TIL_GTTCTCGCACGCCAGT	58.544152860044235	0.0	200.71426455910145	0.0	0.0	0.0	0.0	11.514252665156004	0.0	0.0	0.0	0.0	0.0	0.0	0.0	0.0	0.0	0.0	0.0	0.0	0.0	0.0	0.0	0.0	0.0	0.0	0.0	0.0	0.0	0.0	0.0
GSM4138111_HNSCC_1_TIL_GTTCTCGTCCTGTACC	0.0	154.18008229172688	0.0	0.0	0.0	0.0	0.0	13.480062290588604	0.0	0.0	0.0	0.0	0.0	0.0	0.0	0.0	0.0	0.0	0.0	0.0	0.0	0.0	0.0	0.0	0.0	0.0	0.0	0.0	0.0	0.0	0.0
GSM4138111_HNSCC_1_TIL_TATCAGGCAGCCAGAA	212.21528768508446	0.0	0.0	0.0	0.0	0.0	0.0	25.60669904046147	0.0	0.0	0.0	0.0	0.0	0.0	0.0	0.0	0.0	0.0	0.0	0.0	0.0	0.0	0.0	0.0	0.0	0.0	0.0	0.0	0.0	0.0	0.0
GSM4138111_HNSCC_1_TIL_TCAGCTCGTACCGTAT	0.0	0.0	0.0	0.0	0.0	0.0	0.0	34.90577510276098	0.0	0.0	0.0	0.0	0.0	280.1323994959885	0.0	0.0	0.0	0.0	0.0	72.99264893076277	0.0	0.0	0.0	0.0	0.0	0.0	0.0	0.0	0.0	0.0	0.0
GSM4138111_HNSCC_1_TIL_TCTTCGGCACATCTTT	0.0	168.66740358473493	0.0	0.0	0.0	0.0	0.0	6.572610649465219	5.382769215154382	0.0	0.0	0.0	0.0	0.0	0.0	0.0	0.0	0.0	1.9376183312160637	35.511858102415204	0.0	0.0	0.0	0.0	0.0	0.0	0.0	0.0	0.0	0.0	0.0
GSM4138111_HNSCC_1_TIL_TGAGAGGTCGGCGGTT	0.0	0.0	0.0	0.0	0.0	344.39998943309536	0.0	27.227544354031266	0.0	0.0	0.0	0.0	0.0	0.0	0.0	0.0	0.0	0.0	0.0	0.0	0.0	0.0	0.0	0.0	0.0	0.0	19.74351183185369	0.0	0.0	0.0	0.0
GSM4138111_HNSCC_1_TIL_TGCACCTTCTTTACAC	0.0	0.0	0.0	0.0	210.6449909937872	12.193714600838778	0.0	21.602013249258487	0.0	0.0	0.0	0.0	0.0	0.0	0.0	0.0	0.0	0.0	0.0	0.0	0.0	0.0	0.0	0.0	0.0	0.0	0.0	0.0	0.0	0.0	0.0
GSM4138111_HNSCC_1_TIL_TTAGTTCTCTTCATGT	0.0	0.0	0.0	0.0	0.0	0.0	0.0	27.582133928352555	0.0	0.0	0.0	171.18108661230903	0.0	0.0	0.0	0.0	0.0	0.0	0.0	0.0	27.28601999040949	0.0	0.0	0.0	0.0	40.65969217298505	0.0	0.0	0.0	0.0	0.0
GSM4138111_HNSCC_1_TIL_TTTACTGTCTTGACGA	32.53181856604426	0.0	0.0	12.438076688460967	75.69686777343827	71.95304368688323	68.5510187193009	37.48321677697777	0.0	0.0	0.0	0.0	0.0	0.0	0.0	0.0	0.0	0.0	0.0	8.27931062337529	0.0	0.0	0.0	0.0	0.0	0.0	0.0	0.0	0.0	0.0	0.0
GSM4138111_HNSCC_1_TIL_ATCTGCCCATGCCCGA	286.97314674039694	0.0	0.0	0.0	0.0	0.0	0.0	18.383789280033486	0.0	0.0	0.0	0.0	0.0	0.0	0.0	0.0	0.0	0.0	0.0	0.0	0.0	0.0	0.0	0.0	0.0	0.0	0.0	0.0	0.0	0.0	0.0
GSM4138111_HNSCC_1_TIL_CAACCTCGTAGCTCCG	0.0	0.0	0.0	0.0	0.0	0.0	0.0	8.743049517794741	0.0	0.0	0.0	0.0	0.0	0.0	0.0	0.0	0.0	194.5891850416114	9.314949333593662	0.0	0.0	0.0	0.0	0.0	0.0	0.0	0.0	0.0	0.0	0.0	0.0
GSM4138111_HNSCC_1_TIL_CATCGGGAGCTAGTTC	0.0	0.0	0.0	0.0	0.0	0.0	0.0	24.559828600999218	0.0	0.0	0.0	151.6880013155697	0.0	122.52793962118679	0.0	0.0	0.0	15.290463840391169	0.0	39.53922649668079	0.0	0.0	0.0	0.0	0.0	0.0	0.0	0.0	0.0	0.0	0.0
GSM4138111_HNSCC_1_TIL_CCACGGACAGATGAGC	0.0	0.0	0.0	0.0	97.82857659626514	0.0	367.3999474470828	53.421747674508254	0.0	0.0	0.0	0.0	0.0	0.0	0.0	214.32980134396095	0.0	0.0	0.0	0.0	0.0	0.0	0.0	0.0	0.0	0.0	0.0	0.0	0.0	0.0	0.0
GSM4138111_HNSCC_1_TIL_CGGCTAGTCGGAAACG	108.86115848844679	0.0	0.0	0.0	0.0	0.0	0.0	10.047853704480337	0.0	0.0	0.0	0.0	0.0	31.737694621270084	0.0	0.0	0.0	0.0	0.29262608886134395	0.0	0.0	0.0	0.0	0.0	0.0	0.0	0.0	0.0	0.0	0.0	0.0
GSM4138111_HNSCC_1_TIL_CGTCTACGTCCGAACC	0.0	0.0	192.90420118234144	11.928525454325714	0.0	0.0	0.0	17.60357034505162	0.0	0.0	0.0	0.0	0.0	0.0	0.0	0.0	0.0	0.0	0.0	0.0	0.0	0.0	0.0	0.0	0.0	0.0	0.0	0.0	0.0	15.04474279074933	0.0
GSM4138111_HNSCC_1_TIL_CGTCTACGTGTGAATA	0.0	180.5434034516774	0.0	5.318264096506977	0.0	0.0	154.0840540256338	0.0	0.0	0.0	37.98601562712364	0.0	45.66984748240339	0.0	0.0	0.0	12.30376976216246	0.0	0.0	0.0	0.0	0.0	0.0	0.0	0.0	0.0	0.0	0.0	0.0	0.0	0.0
GSM4138111_HNSCC_1_TIL_CGTTCTGGTCCAGTAT	0.0	0.0	0.0	0.0	0.0	0.0	929.075852256924	0.0	0.0	0.0	63.958701611033995	0.0	73.38178991522405	0.0	0.0	0.0	0.0	0.0	0.0	0.0	0.0	0.0	0.0	0.0	0.0	0.0	0.0	0.0	0.0	0.0	0.0
GSM4138111_HNSCC_1_TIL_CTCGTCAGTTGCTCCT	0.0	0.0	0.0	0.0	0.0	0.0	0.0	0.0	0.0	0.0	0.0	0.0	0.0	453.79148532000534	0.0	0.0	0.0	0.0	40.99414246841528	0.0	0.0	0.0	0.0	0.0	0.0	0.0	0.0	0.0	0.0	0.0	0.0
GSM4138111_HNSCC_1_TIL_CTTAGGAAGACAAGCC	0.0	34.11308118412926	204.47751742614727	0.0	0.0	96.04156027289235	0.0	29.896865224022395	0.0	0.0	0.0	0.0	0.0	0.0	0.0	0.0	21.727628031196076	0.0	0.0	0.0	0.0	0.0	0.0	0.0	0.0	0.0	0.0	0.0	0.0	0.0	0.0
GSM4138111_HNSCC_1_TIL_CTTGGCTCATAGTAAG	0.0	0.0	231.10960049865133	0.0	25.74893702088885	0.0	0.0	36.15555960166444	0.0	0.0	0.0	0.0	0.0	110.11784714823641	0.0	0.0	0.0	0.0	0.0	0.0	0.0	0.0	0.0	28.7557686912047	0.0	0.0	0.0	0.0	0.0	0.0	0.0
GSM4138111_HNSCC_1_TIL_GAAACTCTCAACACAC	0.0	0.0	0.0	0.0	0.0	0.0	0.0	0.0	0.0	0.0	0.0	80.35065499336487	0.0	231.1757227812638	0.0	0.0	0.0	0.0	31.481888649285008	0.0	26.821671274307423	0.0	0.0	0.0	0.0	0.0	0.0	0.0	0.0	0.0	0.0
GSM4138111_HNSCC_1_TIL_GATTCAGGTGAGCGAT	0.0	0.0	0.0	0.0	0.0	0.0	0.0	15.168578420609117	0.0	0.0	0.0	0.0	0.0	0.0	0.0	0.0	0.0	0.0	0.0	194.64481027651178	0.0	0.0	0.0	0.0	0.0	0.0	0.0	0.0	0.0	0.0	0.0
GSM4138111_HNSCC_1_TIL_GGATTACAGTTGCAGG	0.0	0.0	514.4508331105957	119.40750389073098	0.0	0.0	0.0	0.0	0.0	0.0	0.0	0.0	0.0	0.0	0.0	0.0	0.0	0.0	32.294610795414194	0.0	0.0	0.0	0.0	0.0	0.0	0.0	0.0	0.0	0.0	0.0	0.0
GSM4138111_HNSCC_1_TIL_GGTGAAGTCATCTGCC	0.0	0.0	0.0	0.0	0.0	0.0	0.0	1.94205489620913	0.0	0.0	0.0	104.51725670277588	0.0	0.0	0.0	0.0	0.0	323.20967820710376	35.19648470504915	0.0	46.445361755721066	0.0	0.0	0.0	0.0	0.0	0.0	0.0	0.0	0.0	0.0
GSM4138111_HNSCC_1_TIL_GTGAAGGGTATATGAG	31.35124719093491	0.0	367.13631471323043	0.0	0.0	91.35937857237886	0.0	0.0	0.0	0.8703351127531099	0.0	0.0	0.0	0.0	0.0	140.937197082291	38.14465103451949	0.0	53.883654910228984	34.81633630585334	0.0	0.0	0.0	0.0	0.0	0.0	0.0	0.0	0.0	0.0	0.0
GSM4138111_HNSCC_1_TIL_GTTTCTAAGCCAGAAC	0.0	0.0	55.101978364193954	0.0	0.0	0.0	0.0	0.0	0.0	0.0	0.0	116.34551549102288	0.0	0.0	74.05640855530812	0.0	0.0	0.0	21.09286368773539	0.0	0.0	0.0	0.0	0.0	0.0	0.0	0.0	0.0	0.0	0.0	0.0
GSM4138111_HNSCC_1_TIL_TAAGAGACATCGGTTA	469.70154725854894	46.825425515218136	0.0	0.0	0.0	0.0	0.0	0.0	0.0	0.0	56.22999023364626	0.0	0.0	0.0	0.0	0.0	0.0	0.0	0.0	0.0	0.0	0.0	0.0	0.0	0.0	0.0	0.0	0.0	0.0	0.0	0.0
GSM4138111_HNSCC_1_TIL_TATTACCGTTGTTTGG	110.91266163617574	0.0	448.4382187324099	0.0	0.0	0.0	0.0	56.102227781259835	0.0	0.0	0.0	0.0	0.0	0.0	0.0	0.0	0.0	0.0	0.0	0.0	0.0	6.742389093804191	0.0	106.46252789736548	0.0	0.0	0.0	0.0	0.0	0.0	0.0
GSM4138111_HNSCC_1_TIL_TGGTTAGAGTTTAGGA	0.0	0.0	108.96482753802958	0.0	0.0	0.0	0.0	22.092892199336465	0.0	0.0	0.0	0.0	0.0	247.97192036024762	0.0	0.0	0.0	0.0	1.656622341565333	0.0	0.0	0.0	0.0	6.23347165631725	0.0	0.0	0.0	0.0	0.0	0.0	0.0
GSM4138111_HNSCC_1_TIL_TTGACTTCATCGACGC	43.54664366618937	0.0	64.32210498896004	0.0	0.0	0.0	0.0	31.14003519970001	0.0	0.0	0.0	0.0	0.0	58.8552921823295	13.10544426201559	121.99550131087871	0.0	0.0	0.0	0.0	0.0	0.0	0.0	0.0	0.0	0.0	0.0	0.0	0.0	0.0	0.0
