	1	2	3	4	5	6	7	8	9	10	11	12
GSM4138113_HNSCC_2_TIL_ACAGCTACAGCAGTTT	352.42017495106103	75.77552952921332	12.9679457978475	0.0	141.3491091749577	0.0	0.0	0.0	86.25278359060883	3.839499269925054	59.537230559850464	0.0
GSM4138113_HNSCC_2_TIL_CGCTATCTCGGTCCGA	464.4705840715869	0.0	83.51855106094494	136.37284372681845	238.3666695557059	65.93613064616541	12.408005279128572	0.0	91.27020411212168	67.40403565726207	227.22525091769205	0.0
GSM4138113_HNSCC_2_TIL_GGACGTCGTAGAGGAA	622.3530977754102	0.0	97.69395385672668	0.0	0.0	0.5091788242250647	0.0	0.0	0.0	0.0	0.0	3.2460010268561352
GSM4138113_HNSCC_2_TIL_AACTCTTGTCAAGCGA	433.5776983733082	0.0	139.84362327010038	0.6704880001503264	46.54099243424145	0.0	29.321617460775258	120.57412904142686	56.33692221176322	0.0	0.0	0.0
GSM4138113_HNSCC_2_TIL_AGTGTCAAGAACTGTA	261.5724822455518	0.0	197.5476263077439	224.4859761976728	324.050271787382	272.5918952572136	243.21567092607717	0.0	86.44623613157187	100.64850717343906	0.0	0.0
GSM4138113_HNSCC_2_TIL_GAAACTCAGTTACGGG	72.43175190841885	0.0	140.32321582322268	213.95999312081372	340.05084434253877	59.12987404679138	76.5049681565053	79.38119082139633	90.06128374042841	6.057237928506128	0.0	0.0
GSM4138113_HNSCC_2_TIL_ACGGAGACAGGGATTG	1456.3416960231816	0.0	6.766118254148929	0.0	0.0	1113.7802956517821	0.0	0.0	0.0	3.40639760404554	0.0	0.0
GSM4138113_HNSCC_2_TIL_CACACAAAGTCCGTAT	982.981326484538	298.5344828996138	338.0404802076112	0.0	138.8284741662627	392.2438825398093	90.58580501144856	0.0	179.3768804404592	36.043616877711365	0.0	0.0
GSM4138113_HNSCC_2_TIL_CAGCTAACAGTCACTA	167.8331715531544	0.0	174.14640540870798	65.62819042612423	14.87394805122376	0.0	38.680846921886825	122.880816192059	10.860574855887673	31.056754347024214	0.0	56.59413950173001
GSM4138113_HNSCC_2_TIL_CATATGGAGGGTGTGT	932.6675801211229	95.85881856882354	107.52329401125724	0.0	94.51111405476614	268.5129266070049	21.853705225533787	0.0	25.56811203012539	11.84339097035151	0.0	0.0
GSM4138113_HNSCC_2_TIL_CATCAAGTCTATCGCC	1501.567130291059	196.8016749446685	361.8565256890417	0.0	34.044962255836744	0.0	105.49262900453331	311.1185656386349	30.880542785205908	43.88508341996894	0.0	0.0
GSM4138113_HNSCC_2_TIL_CCTACACCACGAAGCA	1331.4709613621092	0.0	181.74873890759875	0.0	0.0	135.70317843412425	0.0	783.7731512735172	2.23668461244825	0.0	0.0	0.0
GSM4138113_HNSCC_2_TIL_CGTCACTTCGGCGGTT	199.19666964063344	0.0	113.53674484335437	42.076147881360676	37.43408594759938	123.06322605916475	40.80131443891668	46.6648431524982	6.91220162855702	21.93079024352951	0.0	0.0
GSM4138113_HNSCC_2_TIL_CTGATAGGTAAGTGGC	181.14770631783352	0.0	118.8206663179908	13.581586916980932	35.549358601375964	0.0	125.00002769237993	170.21597942738774	2.133851657223879	8.483701095805957	27.477030234050776	0.0
GSM4138113_HNSCC_2_TIL_CTGCCTATCACCACCT	375.6732598596447	0.0	253.3558705367247	129.8155557151716	42.54971662464366	0.0	0.0	508.97417459727365	8.878600574906184	14.219922992748886	0.0	0.0
GSM4138113_HNSCC_2_TIL_GATCAGTAGAGTAATC	895.345431795473	0.0	63.96018168717389	19.68230460567647	9.541034297351828	334.0131002099193	7.631739520811633	32.047301191079356	0.0	20.404821800400537	0.0	0.0
GSM4138113_HNSCC_2_TIL_GATGAGGGTAGCCTCG	143.17620426343595	0.0	170.76021055081316	19.41085168857225	0.0	383.51556355012815	0.0	0.0	12.669861359063658	24.07349835403627	0.0	0.0
GSM4138113_HNSCC_2_TIL_GCAAACTGTCGCCATG	547.0894294399399	0.0	109.79597146338537	142.55030451651604	295.7472481158149	61.8155665210205	50.075410113527255	237.74931713490446	61.27984791365426	32.70350949511105	0.0	0.0
GSM4138113_HNSCC_2_TIL_GCGCCAAAGTTTCCTT	0.0	0.0	0.0	0.0	0.0	0.0	0.0	3621.0216144691267	0.0	0.0	0.0	0.0
GSM4138113_HNSCC_2_TIL_GCGCGATAGGTAAACT	248.7551596805115	0.0	241.53244126563402	154.18762814945225	60.28542656270472	164.7693483797402	70.32237163625096	128.68621984200902	36.378426566329864	37.464620672144754	0.0	0.0
GSM4138113_HNSCC_2_TIL_TCAATCTGTCCAGTTA	356.8606427249869	0.0	236.71156589729534	111.03084923392665	60.487771354688824	347.2019700719634	29.587375104123154	0.0	0.9347346073687559	18.88321662217467	0.0	0.0
GSM4138113_HNSCC_2_TIL_TGCTGCTCAGTGAGTG	311.25163796379996	0.0	378.4597305593792	78.83875554679254	32.844108767393195	0.0	43.09729232542744	219.4095063832051	76.88466783468918	31.408024879632503	0.0	0.0
GSM4138113_HNSCC_2_TIL_ACGAGCCTCGCGATCG	677.6892593817637	0.0	39.09547000736332	69.93143623177477	5.300530064732282	7.596095453400926	21.314240109670465	15.802072844623419	21.457669818423778	0.0	0.0	0.0
GSM4138113_HNSCC_2_TIL_AGCATACTCACAGTAC	1101.5557133678035	65.01238971855572	73.14878358637905	0.0	14.593278962088425	0.0	27.500426661382175	0.0	17.600521025599175	2.4809515107196702	0.0	0.0
GSM4138113_HNSCC_2_TIL_CCACTACAGTTCGCGC	879.1442872578048	12.734658790863895	16.623964646206442	0.0	0.0	29.842197884633176	0.0	0.0	14.371320772821718	0.0	43.98716871793276	0.0
GSM4138113_HNSCC_2_TIL_CGATTGAGTATATGGA	1029.2931603169873	0.0	25.86346943034099	0.0	0.0	0.0	0.0	0.0	18.39986905457988	0.0	19.612240505709014	0.0
GSM4138113_HNSCC_2_TIL_CTCGTACCACCGATAT	779.3080626418848	9.349955228003509	58.60793189152715	0.0	66.01388658066664	9.991293313229505	0.0	0.0	40.039881195343426	0.0	0.0	0.0
GSM4138113_HNSCC_2_TIL_CTGTTTATCAACACGT	890.3769606925102	0.0	6.9155287621145245	50.4182054910914	33.54015835571105	0.0	56.298760429455356	2.1187887138510884	8.644046400885331	11.695665683984362	0.0	0.0
GSM4138113_HNSCC_2_TIL_CTTCTCTTCTCTGTCG	693.7618558301377	44.48572360285238	14.096369715026698	55.30162484452706	45.824108085921715	0.0	0.0	0.0	10.759316158948193	7.2644010408483695	0.0	0.0
GSM4138113_HNSCC_2_TIL_GAATAAGGTTAAGAAC	1131.6775645890646	0.0	0.0	0.0	0.0	0.0	0.0	0.0	16.12641414463607	11.896554247325954	10.992810099640373	0.0
GSM4138113_HNSCC_2_TIL_GATCGATCATGTTGAC	1014.5553932255323	0.0	3.6401099452147867	23.651120890645227	47.63331601196794	8.694089869890107	16.719791480775648	0.0	46.39152275774036	15.693144968912478	0.0	20.05420499953611
GSM4138113_HNSCC_2_TIL_TCCACACTCTTGTACT	664.688068458941	0.0	63.09156526173321	50.631200779880345	40.00846275436758	0.0	56.283917541721294	0.0	0.0	28.379305779641314	0.0	0.0
GSM4138113_HNSCC_2_TIL_TCTTCGGAGATGTCGG	792.4161404312676	0.0	120.58028812525866	15.185893206787439	0.0	0.0	18.693176826772913	10.716855134831555	49.73553681357287	30.019731183046606	0.0	0.0
GSM4138113_HNSCC_2_TIL_TTCGAAGAGTACCGGA	1343.8213139664922	0.0	0.0	0.0	0.0	0.0	0.0	0.0	28.831951854279804	0.0	0.0	0.0
GSM4138113_HNSCC_2_TIL_AAACCTGTCTGATTCT	1232.70278428771	0.0	25.426075869837838	0.0	0.0	0.3429067783726059	0.0	0.0	2.2474294471523097	18.539430891079768	7.124016877095443	21.85303363063992
GSM4138113_HNSCC_2_TIL_AAGCCGCGTCGACTAT	557.473208085033	0.0	4.282289639106648	0.0	0.0	12.218029857188979	0.0	0.0	11.487826663892436	0.0	0.0	0.0
GSM4138113_HNSCC_2_TIL_AATCGGTGTCCGACGT	977.3539986463463	0.0	0.0	0.0	21.553240828094303	0.0	0.0	0.0	23.14907613099279	0.0	0.0	0.0
GSM4138113_HNSCC_2_TIL_AGTTGGTGTCTTTCAT	757.7620114998067	0.0	17.279409474827336	0.0	0.0	0.0	14.125268453931172	18.088465551809342	0.0	0.0	0.0	0.0
GSM4138113_HNSCC_2_TIL_ATCACGAAGAGAGCTC	670.3484535676351	0.0	0.6488142188427223	0.0	62.413987374821524	1.1087571848991684	54.05282349265143	0.0	0.0	0.0	0.0	0.0
GSM4138113_HNSCC_2_TIL_ATCATGGGTAGCAAAT	765.6024430272832	0.0	39.10138701990926	16.55852769951504	29.709241516127378	24.41497170593582	13.204834794523833	0.0	33.68460734630087	11.53285090885603	0.0	0.0
GSM4138113_HNSCC_2_TIL_ATTTCTGCAAGGACAC	871.2626854392731	0.0	23.91653901233488	48.27630854140283	8.447495342739767	52.09248567611211	3.7998956791893224	0.0	0.0	0.0	0.0	0.0
GSM4138113_HNSCC_2_TIL_CACAGGCGTCGACTAT	488.6893915634581	0.0	41.52617194734121	0.0	0.0	7.20245517433812	0.0	0.0	0.0	0.0	62.05428690861583	0.0
GSM4138113_HNSCC_2_TIL_CACAGGCTCGTACCGG	871.9331738982313	0.0	0.0	0.0	0.0	0.0	0.0	0.0	0.0	4.877676704898866	35.544726762608974	33.21343755091697
GSM4138113_HNSCC_2_TIL_CACAGTACAAGTCTGT	706.9478633174596	0.0	0.0	0.0	0.0	0.0	0.0	0.0	0.0	0.0	0.0	0.0
GSM4138113_HNSCC_2_TIL_CACTCCACATGTAAGA	749.3199465728657	32.63340145088826	0.0	0.0	20.792449351121427	0.921472903520621	0.0	27.303728545507933	0.6839814560479661	3.7048739997212476	15.941426982045106	0.0
GSM4138113_HNSCC_2_TIL_CAGAATCCATGGGACA	816.9940468355037	0.0	0.0	0.0	13.888403275292095	0.0	0.0	9.857808592958603	0.0	0.0	0.0	0.0
GSM4138113_HNSCC_2_TIL_CAGAATCTCATGCATG	620.3806951592985	77.83772084301988	0.0	0.0	5.568441315846624	0.0	24.96344801333037	12.882513946610054	0.0	0.0	0.0	0.0
GSM4138113_HNSCC_2_TIL_CAGGTGCAGACGCACA	535.6028780790547	0.0	0.0	0.0	0.0	20.068996834315442	46.778399026448334	0.0	18.867017471641937	5.792585406052161	0.0	23.63078972174627
GSM4138113_HNSCC_2_TIL_CAGTCCTCAACTGCTA	538.8450998683983	7.608075752205964	0.0	62.00890119747918	108.2381777230336	56.1873970735896	25.3730043659901	0.0	113.36864879630069	56.173819224434375	0.0	0.0
GSM4138113_HNSCC_2_TIL_CATCGAAAGGCATTGG	843.5014065895124	0.0	0.0	0.0	0.0	22.506268722025982	0.0	0.0	39.527186886893496	0.0	0.0	0.0
GSM4138113_HNSCC_2_TIL_CCATTCGTCTGAGGGA	512.2721143181598	0.0	98.10635632546528	10.245678511940648	52.53685291797015	62.879224574572085	54.94909724726696	0.0	7.955857861331775	0.0	0.0	0.0
GSM4138113_HNSCC_2_TIL_CCCTCCTTCGCGATCG	870.5851247228744	0.0	0.0	0.0	0.9400118348492613	0.0	0.0	77.74839643281422	0.0	0.0	0.0	5.801773137376216
GSM4138113_HNSCC_2_TIL_CCTAGCTGTTCAGACT	866.567207737123	0.0	0.0	11.861413939817348	0.0	13.08168918753802	0.0	0.0	0.0	0.0	38.73096466387748	5.096405036564947
GSM4138113_HNSCC_2_TIL_CCTTCCCTCCACGTGG	598.5532618831388	0.0	0.0	13.606027316664756	0.0	0.0	15.857452459145332	0.0	27.742894456574405	0.0	0.0	52.42347667047968
GSM4138113_HNSCC_2_TIL_CGTCAGGGTGGTGTAG	728.0742049127718	0.0	1.1999375420245209	0.0	0.0	26.72879949026373	0.0	0.0	0.0	0.0	42.661620599663365	0.0
GSM4138113_HNSCC_2_TIL_CTGCCTAGTATAAACG	936.5615587791342	0.0	0.0	0.0	0.0	0.0	14.658307796835103	3.9691757425347176	0.0	7.77389717923129	0.0	9.699496356483467
GSM4138113_HNSCC_2_TIL_CTGTGCTAGAAAGTGG	827.8291925951802	0.0	0.0	0.0	0.0	0.0	0.0	1.5334135622967004	23.817635149619882	0.0	0.0	0.0
GSM4138113_HNSCC_2_TIL_CTGTTTAAGTTACCCA	779.8985784117684	7.035551244103866	0.0	0.0	0.0	0.0	0.0	3.08833388854165	2.373468911641612	7.23692699963638	10.57975806892087	0.0
GSM4138113_HNSCC_2_TIL_CTTACCGCATTGAGCT	1126.7230977016268	0.0	46.076734523539095	16.690961707039207	34.05669408593748	11.00049975939794	28.237757633566147	0.0	28.89176558279822	16.505177473110216	0.0	17.226317070809447
GSM4138113_HNSCC_2_TIL_GAAGCAGGTACAGTGG	998.7071603651508	36.51120321302011	12.08002210112608	0.0	0.0	0.0	0.0	2.938770318722963	1.9106739908681052	0.0	0.0	18.06016118299114
GSM4138113_HNSCC_2_TIL_GACGTGCGTATTAGCC	918.9735382270156	4.182861228667574	30.25389137398146	0.0	21.408399473369037	0.0	0.0	38.23916811342325	0.0	0.0	43.212118822540155	0.0
GSM4138113_HNSCC_2_TIL_GACGTGCTCGGATGTT	742.8371439289299	0.0	32.34688733133654	0.0	0.0	9.434184721770473	31.294758865148506	0.0	13.041831608890645	13.814561642394088	0.0	0.0
GSM4138113_HNSCC_2_TIL_GAGCAGAAGACTACAA	470.4794206602433	57.367173646144295	0.0	0.0	50.02579975724259	40.0018486996769	0.0	11.122874160558034	41.70088504942192	33.098706067486546	117.4648374467056	0.0
GSM4138113_HNSCC_2_TIL_GAGTCCGAGCAATCTC	645.6409391530915	0.0	0.0	0.0	0.0	18.148162651062812	0.0	0.0	0.0	0.0	0.0	105.88890839349257
GSM4138113_HNSCC_2_TIL_GCGCGATAGGCTACGA	999.9540754288316	0.0	6.122220711451987	0.0	0.0	11.18423027544419	0.0	0.0	0.0	8.642141486390003	0.0	0.0
GSM4138113_HNSCC_2_TIL_GCTGCTTCAGTTCATG	603.0784922882777	0.0	9.685281174440167	0.0	0.0	26.14758818150141	0.0	0.0	0.0	0.0	18.18541332470088	0.0
GSM4138113_HNSCC_2_TIL_GGCGACTGTAAGTGTA	1204.9428317813554	0.0	72.61479999885256	21.109620033662164	0.0	0.0	20.73167212359887	0.0	2.163439696420991	6.8681002472126265	0.0	0.0
GSM4138113_HNSCC_2_TIL_GGCTGGTTCCAAACTG	518.3086920679863	0.0	0.0	2.7130688032495214	15.783965271345194	8.900463513875	51.22417763462285	47.911619593135725	35.83065892063776	0.0	0.0	19.014554169264645
GSM4138113_HNSCC_2_TIL_GGGTTGCTCCTTGGTC	748.8869486857243	0.0	52.71247803575044	44.85157836944645	82.92033030036181	0.0	0.0	0.0	19.688757891282453	0.0	41.14872382992832	0.0
GSM4138113_HNSCC_2_TIL_GTAACTGTCTGGTTCC	1034.0718999632575	0.0	31.66703828178658	0.0	0.0	0.0	0.0	0.0	0.0	8.796131508904756	0.0	19.156025692402952
GSM4138113_HNSCC_2_TIL_GTCACGGGTCCGTGAC	980.9607541946685	0.0	56.01325790243788	0.0	32.7110278580933	11.384456496070307	0.0	0.0	0.0	0.0	9.035266878157264	0.0
GSM4138113_HNSCC_2_TIL_GTTAAGCCATGCAACT	669.32318117518	24.078409583610693	9.027834740467982	0.0	0.0	25.844264726350268	0.5311493290726869	0.0	39.86810180484957	0.0	0.0	0.0
GSM4138113_HNSCC_2_TIL_TAGAGCTTCCGTTGCT	1002.4615666636025	0.0	1.1128008713174373	17.414494295123973	0.0	0.0	0.0	6.0470334680960205	34.94238811743323	0.0	0.0	0.0
GSM4138113_HNSCC_2_TIL_TATCAGGAGAACTGTA	1176.3822513581845	0.0	93.99044903805823	67.38838539865314	70.964049012317	0.0	0.0	63.66221517813933	32.16557508379311	16.375663415029774	57.66058357419209	0.0
GSM4138113_HNSCC_2_TIL_TATCAGGTCGGTCCGA	932.2084297865931	0.0	0.0	0.0	0.0	34.254410300842395	0.0	0.0	0.0	0.0	0.0	0.0
GSM4138113_HNSCC_2_TIL_TCACAAGAGAGTGAGA	701.5219802745294	0.0	9.93301022122736	0.0	0.08258029374134901	0.0	0.0	0.0	0.0	0.0	112.58760463773572	0.0
GSM4138113_HNSCC_2_TIL_TGCCCATAGAAAGTGG	411.5854793842795	43.141617640913914	10.958331137958805	0.0	42.44810452470363	0.0	0.0	73.47220394020698	0.0	5.140170477959285	65.07095488907962	4.868007848517876
GSM4138113_HNSCC_2_TIL_TGTATTCTCAAGGCTT	1171.5836693977974	0.0	0.0	0.0	0.0	25.746449653109018	0.0	0.0	0.0	0.0	46.239060597109855	31.821703609025107
GSM4138113_HNSCC_2_TIL_TGTGTTTAGAGCTTCT	851.8389754112841	0.0	17.285342155619038	0.0	6.696464773362499	0.0	0.0	0.0	25.766933398938747	8.413694914358876	68.48688301222153	0.0
GSM4138113_HNSCC_2_TIL_TTGGCAATCCAAACTG	840.1848842481434	0.0	16.811147944211722	0.0	2.155273744172004	3.6576585859255766	0.0	0.0	0.0	0.0	0.0	0.0
GSM4138113_HNSCC_2_TIL_TTTCCTCCAAGCCCAC	742.2147388323249	38.40182436805992	34.8796010922102	0.0	0.0	34.68485096183557	4.2484503110559375	0.0	0.0	0.0	0.0	53.36052052562565
GSM4138113_HNSCC_2_TIL_CGAGAAGAGAAACGCC	574.1459099949145	0.0	0.0	56.632960680534964	160.15275613623976	67.0592126074403	0.0	0.0	0.0	0.0	89.04232803484776	248.31735928235435
GSM4138113_HNSCC_2_TIL_CTAGAGTCACTAGTAC	1503.1374114119462	0.0	0.0	33.5411138276016	11.038796363456065	0.0	47.65886516850669	0.0	17.71433776079427	2.314917825477969	0.0	0.0
GSM4138113_HNSCC_2_TIL_GTTCTCGCAATCGAAA	0.0	0.0	0.0	0.0	3960.0640511255438	0.0	0.0	0.0	0.0	0.0	0.0	590.0291111556797
GSM4138113_HNSCC_2_TIL_TCATTTGCACTATCTT	618.4326698807964	47.30441491782428	13.280862385460393	47.96036899900109	213.54163669413842	0.0	0.0	47.63644734642294	22.063011684959605	17.81251776144704	108.66155392318431	424.67305929542715
GSM4138113_HNSCC_2_TIL_CGTCAGGAGTCAAGCG	1005.7776465993271	8.159297335429695	59.73821549837503	0.0	4.20636570682984	6.9551877079519375	0.0	0.0	0.0	0.0	0.0	0.0
GSM4138113_HNSCC_2_TIL_TCATTTGGTTTGCATG	751.9780660986064	0.0	0.0	0.0	0.0	0.0	6.177391749928523	0.0	2.143691678925858	0.5480788050359832	0.0	0.0
GSM4138113_HNSCC_2_TIL_TGACGGCGTCCCTACT	1216.3223222966596	44.344995327108336	26.810080655554636	0.0	0.0	0.0	0.0	0.0	0.0	8.622136468307806	0.0	0.0
GSM4138113_HNSCC_2_TIL_ACGCCGAGTACTTCTT	927.3894563244025	0.0	0.0	0.0	0.0	0.0	6.653636316297064	0.0	0.0	0.0	0.0	0.0
GSM4138113_HNSCC_2_TIL_CAGGTGCGTAGCGCTC	675.3570785450476	0.0	19.657322916675916	0.0	0.0	0.0	0.0	0.0	9.304980442748343	0.0	38.700485624958255	0.0
GSM4138113_HNSCC_2_TIL_TGAGCCGGTTACGGAG	1212.0038441325419	112.09627786504277	4.029940718369716	71.80072278922691	280.6326831812283	0.0	154.58052589830112	0.0	129.5622320279417	24.875787709783527	94.1493696985793	0.0
GSM4138113_HNSCC_2_TIL_TGGCTGGTCGTCCAGG	865.2249368112746	0.0	0.0	0.0	29.67530565476087	0.0	0.0	0.0	0.0	9.718212036201281	9.504787758962744	0.0
GSM4138113_HNSCC_2_TIL_CCTTCGATCGTGGTCG	1162.0027520019526	0.0	10.76524887180226	32.53669928978875	11.606858870136415	6.327516620176272	71.09082453053952	0.0	0.0	26.478610285061603	0.0	0.0
GSM4138113_HNSCC_2_TIL_CGACTTCGTTTGACTG	454.77416829217634	0.0	70.03820013871733	19.590302647277248	33.30088604442471	0.0	53.336864322161475	0.0	15.013183403009966	3.5434202729897284	0.0	0.0
GSM4138113_HNSCC_2_TIL_GCTTCCATCTCTTGAT	531.6537618149814	18.73800036048672	19.146998249595107	45.393084483016885	0.0	8.722013610057706	76.88100802497836	0.0	6.7012530518275994	6.239895042970829	0.0	4.8973409462983355
GSM4138113_HNSCC_2_TIL_TAGTTGGTCCAAGCCG	686.3658875952176	0.0	55.9972562925785	0.0	21.942226992495875	74.80832836063999	3.8230082660121476	0.9787402420933292	11.743120186646808	3.5544808058368402	0.0	0.0
GSM4138113_HNSCC_2_TIL_CGCGGTACAAGTTGTC	644.3585317691949	0.0	106.76042147913321	210.59779488014476	332.58207692969034	622.8042774176639	177.60344911409825	0.0	111.44140160650463	67.22621977472427	0.0	0.0
GSM4138113_HNSCC_2_TIL_GGATGTTCACCAGGCT	203.58432060614854	0.0	7.273688144511519	17.303878641102145	45.307449200738866	0.0	55.126374736386175	426.5051862534825	0.0	6.658386870877815	0.0	0.0
GSM4138113_HNSCC_2_TIL_ACCCACTGTTTAAGCC	616.3288852589784	0.0	13.600317316118959	167.41298929602675	122.49331014163944	0.0	145.38958619456557	0.0	67.06864047873816	0.0	0.0	0.0
GSM4138113_HNSCC_2_TIL_ACGATGTTCATTCACT	435.3134794293201	51.60454393420779	29.231905596787726	52.027917958103394	90.97934432239043	0.0	120.84341674563386	68.94572381209957	58.441531401206255	5.546038760580909	0.0	72.4228299398617
GSM4138113_HNSCC_2_TIL_ATCCACCTCTTGTACT	939.1717526467577	0.0	61.098773656664434	285.3674616703977	0.0	0.0	209.86643504602463	36.9104258750712	44.09050482849667	14.648289280395245	0.0	227.81967897142016
GSM4138113_HNSCC_2_TIL_CATCGGGAGAAAGTGG	739.3896695015869	0.0	84.32493676291797	282.0416517295808	339.6209884513898	0.0	218.6263831170937	0.0	8.710435627201797	31.11928893007825	0.0	0.0
GSM4138113_HNSCC_2_TIL_CGAATGTGTCGGCATC	714.1533569624711	0.0	121.91514475447477	264.9160370522588	0.0	0.0	92.28463793119408	0.0	56.946499635279764	9.456967639292293	0.0	137.64310215406985
GSM4138113_HNSCC_2_TIL_GGACAGACAGCGATCC	808.9469434335274	0.0	143.00949199983447	234.4048814940445	143.65291323056016	0.0	190.35091938127476	39.63517367128696	63.199580461276284	38.37530944789239	0.0	0.0
GSM4138113_HNSCC_2_TIL_GTAACTGAGACTACAA	759.4158578398027	0.0	10.901039748026934	165.91755749182997	0.0	101.74441714020118	75.02806774065566	0.0	40.001501272289985	3.156070180606942	0.0	121.13240977340813
GSM4138113_HNSCC_2_TIL_GTCACAAGTGAAAGAG	868.2927828110306	0.0	116.26760091698164	281.6487554196453	140.1065846902661	0.0	74.56385914116926	0.0	119.0332613891128	20.601730234000684	0.0	0.0
GSM4138113_HNSCC_2_TIL_TCGCGAGGTCGCGGTT	948.065193142006	0.0	8.84212926178753	210.0778613339496	235.20713622602577	48.920416527705484	135.59954941384112	0.0	13.46066119881422	18.90610071832075	0.0	0.0
GSM4138113_HNSCC_2_TIL_TGACAACGTCTCTCGT	1162.1220373938152	0.0	5.58802872215668	151.6364560851367	75.06038711608633	0.0	85.09097497909774	18.182200596213786	38.62897061640688	15.489208012986236	0.0	0.0
GSM4138113_HNSCC_2_TIL_TTTACTGTCTAGAGTC	1001.8100780697052	0.0	129.02345014177806	337.47995838574366	0.0	0.0	176.97871010174217	29.208129986313278	92.52702748219076	6.564100828084825	0.0	215.48411513062462
GSM4138113_HNSCC_2_TIL_AAACGGGAGTAAGTAC	34.32253840274756	1193.8653299822658	0.0	0.0	0.0	0.0	0.0	0.0	0.0	14.677257534498324	0.0	67.5588462322303
GSM4138113_HNSCC_2_TIL_ACACCGGAGAATGTTG	0.0	737.8569745929685	39.49305051875481	87.95699692222863	0.0	22.364025995062033	0.0	0.0	15.990036761969016	0.0	30.79538057950045	20.578310736366113
GSM4138113_HNSCC_2_TIL_ACACCGGTCCGCATAA	15.31748119402566	947.3093560167474	0.0	0.0	0.0	28.738885665129263	17.42905415023162	0.0	0.0	0.0	0.0	0.0
GSM4138113_HNSCC_2_TIL_ACATGGTAGCAGACTG	0.0	336.52048499772667	43.96891764623648	921.0564124718652	171.61667801546858	22.263372995447796	0.0	0.0	0.042422065339296794	18.7641473799968	111.43500870159292	0.0
GSM4138113_HNSCC_2_TIL_ACGTCAAGTTATCGGT	137.97039470141024	457.29217827423395	131.30603201551773	715.914149767511	65.36803424398134	70.24183542364423	4.810669971332642	0.0	18.697030117183484	15.205127011265107	0.0	0.0
GSM4138113_HNSCC_2_TIL_ACTGAACGTAGCGCTC	37.522711168455295	809.0989079005085	0.0	0.0	29.99995705531284	0.0	0.0	0.0	4.6889702463916	1.789696699411501	41.893384141224956	0.0
GSM4138113_HNSCC_2_TIL_AGCATACGTCGTCTTC	0.0	1502.9799359593164	0.0	0.0	0.0	0.0	0.0	0.0	0.0	0.0	0.0	0.0
GSM4138113_HNSCC_2_TIL_AGCCTAATCGCGTTTC	0.0	1422.6815589846717	19.740496426165492	0.0	0.0	0.0	0.0	0.0	10.940493061577328	0.0	0.0	0.0
GSM4138113_HNSCC_2_TIL_ATTGGACCAACGCACC	0.0	1334.5503692229827	24.67125100393686	0.0	0.0	1.3957657313837482	0.0	0.0	8.54482154266344	0.0	29.14891947373598	0.0
GSM4138113_HNSCC_2_TIL_CACAGGCGTTCCTCCA	0.0	0.0	61.41000516214711	1427.3095998591195	0.0	0.0	0.0	0.0	0.0	0.0	0.0	0.0
GSM4138113_HNSCC_2_TIL_CAGCGACAGTACGCCC	10.548877003423126	1021.270933831997	0.0	0.0	0.0	0.0	17.39611583365799	0.0	0.0	0.0	0.0	0.0
GSM4138113_HNSCC_2_TIL_CATGCCTCACTGAAGG	16.389027639980977	1373.7126746599154	20.706585591995502	0.0	0.0	0.0	0.0	54.21811000102382	0.0	0.0	0.0	0.0
GSM4138113_HNSCC_2_TIL_CCAATCCCAGATGGGT	34.301631239095194	443.8370019810905	11.153660808837195	0.0	58.72548831214152	0.0	41.946910261774605	24.738396219378377	28.81135379300018	0.0	0.0	0.0
GSM4138113_HNSCC_2_TIL_CCACGGAGTACCGTAT	62.83338232670372	773.3318907498589	2.502359246531724	0.0	0.0	0.0	0.0	19.27834723269223	0.0	0.0	14.694445502180338	48.54786751293133
GSM4138113_HNSCC_2_TIL_CCGGGATGTCGCATAT	11.872333450914184	1434.2901307598634	0.0	0.0	0.0	0.0	0.0	0.0	0.0	8.804264236468976	0.0	0.0
GSM4138113_HNSCC_2_TIL_CGATGTAGTCATTAGC	25.06889280715938	1254.692005335565	0.0	0.0	0.0	0.0	0.0	0.0	9.59907009252949	0.0	0.0	0.0
GSM4138113_HNSCC_2_TIL_CTACACCAGGTCATCT	0.09805846256014361	908.9428344635377	27.1225176739076	0.0	0.0	10.446313389919204	0.0	0.0	0.0	0.0	0.0	0.4588321520612537
GSM4138113_HNSCC_2_TIL_CTAGTGATCACGACTA	51.08839373658295	1275.592674176147	25.98351993968748	0.0	37.06598463884365	0.0	0.0	0.0	0.0	0.0	0.0	0.0
GSM4138113_HNSCC_2_TIL_CTGCTGTAGTGCTGCC	0.0	961.7946378661105	26.06705025844799	0.0	0.0	0.9535879707544896	0.0	0.0	0.0	1.5863583939159882	10.367659330616462	0.0
GSM4138113_HNSCC_2_TIL_GACGTGCCACATCTTT	0.0	1512.516648070264	0.0	0.0	0.0	14.569970392379991	0.0	45.45726810767933	19.790805663383157	7.526295564491899	0.0	0.0
GSM4138113_HNSCC_2_TIL_GATCTAGGTGGCTCCA	0.0	696.6399577790769	0.0	0.0	0.0	0.0	0.0	0.0	8.99911818281122	0.0	57.84741003278931	0.0
GSM4138113_HNSCC_2_TIL_GCCAAATCAGCCTATA	29.272984310697744	626.0430268548145	17.197298126798632	0.0	0.0	0.0	0.0	3.865202861616807	36.3874992672321	10.278059857941685	16.70011787638748	112.69761765855098
GSM4138113_HNSCC_2_TIL_GCGCAGTGTCTTGATG	31.31996198062103	636.4427110383908	42.482909862952994	54.89835468327019	22.35733295682538	0.0	0.0	0.0	4.781121295090431	0.0	47.58809678516022	0.0
GSM4138113_HNSCC_2_TIL_GGACAAGTCCTCAATT	0.0	1291.4943782371452	0.0	0.0	267.4783470690746	41.49036922961641	0.0	0.0	2.5368162755862707	27.610158133284347	29.78358697273185	0.0
GSM4138113_HNSCC_2_TIL_GGGTCTGAGCTATGCT	36.48523046773674	1063.2272536175542	8.62348084699082	0.0	0.0	0.0	0.0	0.0	51.89017461812801	17.15106434237456	0.0	13.908798368749697
GSM4138113_HNSCC_2_TIL_GTAGGCCAGCACCGCT	0.0	819.9883839444651	0.0	297.3143216349347	0.0	0.0	29.82221956941944	0.0	38.13192461746435	0.0	0.0	33.01499425704413
GSM4138113_HNSCC_2_TIL_GTCAAGTTCCGCAAGC	0.0	1350.0628701102846	40.080406498153714	0.0	0.0	9.404367143812602	0.0	0.0	0.0	0.9734485653076359	15.508428268510619	0.0
GSM4138113_HNSCC_2_TIL_GTTACAGAGGCCGAAT	0.0	1381.3553146366564	0.0	0.0	0.0	0.0	0.0	0.0	0.0	0.0	0.0	3.2457681526535436
GSM4138113_HNSCC_2_TIL_TAGAGCTCAGATGGCA	71.48903854076171	1140.3545881488108	20.943463887883624	401.2835902664033	28.172004674398174	0.0	67.34272425718866	41.14347251302273	57.79753595428535	22.366684260171255	0.0	0.0
GSM4138113_HNSCC_2_TIL_TAGCCGGTCAAAGTAG	0.0	1177.0391866670714	0.0	0.0	0.0	0.0	0.0	3.8409115474824262	0.0	12.022020086912363	0.0	41.06343100136029
GSM4138113_HNSCC_2_TIL_TCAGCAATCCTTGGTC	59.2928515396847	673.4089084333096	0.0	0.0	0.0	0.0	59.59800769308511	28.361544597716897	61.205730836000036	0.0	0.0	0.0
GSM4138113_HNSCC_2_TIL_TCGAGGCCATATACCG	10.470066776332686	666.6924173834914	2.817391276489517	130.428829449669	191.38285771691392	13.714909996595592	0.0	0.0	55.59678484946881	60.6913384069485	78.93875305339675	0.0
GSM4138113_HNSCC_2_TIL_TCTTTCCCAGATCGGA	17.780485182394006	0.0	58.8536101858039	1053.2597115969907	210.40423290527306	37.588009605910194	1.635477584463061	0.0	18.769411391526024	23.23006368342385	55.98065134770773	0.0
GSM4138113_HNSCC_2_TIL_TCTTTCCGTCCATGAT	49.12600357088977	1137.2630133409405	0.0	107.04013693812333	0.0	18.412937518189317	0.0	0.0	34.760539945467066	27.23858016718341	0.0	1.2089536121322613
GSM4138113_HNSCC_2_TIL_TGAGCCGTCTCGCTTG	0.0	1057.7053902142536	0.0	0.0	0.0	0.0	0.0	15.66070079133874	0.0	14.04936027701244	24.134941451249354	33.10409807711656
GSM4138113_HNSCC_2_TIL_TTAACTCCACGGTAAG	0.0	839.4704164529422	13.882515213050821	0.0	0.0	0.0	0.0	0.0	0.0	21.995232048548406	24.175272794437916	0.0
GSM4138113_HNSCC_2_TIL_GCACATAGTGCTCTTC	361.1834007267633	0.0	65.33981465513308	99.4976633876765	9.638500440992914	0.0	25.613075601616035	214.90963386022415	43.05937028671936	18.00704824812994	0.0	0.0
GSM4138113_HNSCC_2_TIL_AACTGGTAGCCACGTC	431.8445387299673	0.0	540.3981066468893	171.57761438442068	177.83857810223512	0.0	139.45971585149593	143.21888144783253	226.12782953261168	25.046822274929546	0.0	0.0
GSM4138113_HNSCC_2_TIL_ATCTGCCAGACTAGGC	276.16031329785966	0.0	182.07999807063868	164.29805535676138	49.465929846652976	156.41765571227185	55.15529049460636	0.0	60.15806429954655	37.01047985811351	0.0	0.0
GSM4138113_HNSCC_2_TIL_CAACCTCTCCTACAGA	805.1144728729516	0.0	273.1339497499865	197.60714681458626	125.37476161761658	0.0	234.7094991413127	174.1532982098727	26.37990620311827	61.69289589197674	0.0	0.0
GSM4138113_HNSCC_2_TIL_CAAGGCCGTAGAGCTG	154.1605015138616	0.0	505.8917351438663	97.79247275676265	0.0	0.0	124.74793456780303	110.38923023785537	247.23808452728878	41.79988655349739	0.0	23.941334772367732
GSM4138113_HNSCC_2_TIL_CACACTCCACAACGCC	179.8326452045156	118.94916391214669	6.918619013019945	0.0	157.69490830345288	24.618048095400592	151.8976512597383	0.0	110.52440280946632	23.659151980971632	0.0	0.0
GSM4138113_HNSCC_2_TIL_CTCGGGACACTGAAGG	651.4183586532782	0.0	439.77105999058733	224.81241592945037	182.7319723017683	368.26062381021546	110.0630929267989	0.0	90.12254726418966	62.71253965912682	0.0	0.0
GSM4138113_HNSCC_2_TIL_CTTGGCTGTTCGCTAA	216.42887077581514	0.0	173.9356160442219	171.12907486033006	0.0	164.46004788979235	25.96428084106218	0.0	95.05261059939687	16.924735017726206	0.0	80.0287043105923
GSM4138113_HNSCC_2_TIL_GACCAATGTTACGACT	0.0	0.0	0.0	0.0	0.0	0.0	0.0	0.0	3040.6499696985966	0.0	0.0	0.0
GSM4138113_HNSCC_2_TIL_GCGGGTTCAGCGTCCA	1377.375503969051	0.0	246.1976921170835	159.86012897121694	32.612584565027426	0.0	124.69015089973213	306.9978269210491	50.39835556984782	35.853378928302234	0.0	0.0
GSM4138113_HNSCC_2_TIL_GTAGGCCAGTCGTACT	568.1899368796506	0.0	247.13099116311173	84.71294974767	44.066982061739786	0.0	109.50690548287616	201.74753211045095	98.54037638730618	55.755259305481495	0.0	0.0
GSM4138113_HNSCC_2_TIL_GTGAAGGGTAGAAGGA	706.8664618517683	0.0	302.82684073160186	157.39260424080345	25.914417318964638	0.0	52.906734150646834	100.52633344593985	73.7146913996829	10.858067094659848	0.0	0.0
GSM4138113_HNSCC_2_TIL_GTTACAGCATAGGATA	255.46663664140385	0.0	202.51437902793992	89.70854268121525	0.0	293.41293049251016	0.0	0.0	188.8786209620746	34.2035801790738	177.5791383923595	154.73533015307888
GSM4138113_HNSCC_2_TIL_TAGGCATCATGACGGA	346.75829726678097	0.0	287.5827746407847	397.2969657852599	233.83863798705104	360.1204595977793	117.06743779486918	0.0	147.1621643047518	79.7632569621971	0.0	0.0
GSM4138113_HNSCC_2_TIL_TCAATCTCAAGAAGAG	488.5534489155589	0.0	563.7204014393379	132.53983208744097	104.19805211158801	0.0	251.2396043301342	228.52788575449702	222.40572829074978	38.63637507716562	0.0	0.0
GSM4138113_HNSCC_2_TIL_TGGCCAGCATGTAAGA	0.0	0.0	3431.476760781147	0.0	0.0	0.0	0.0	0.0	0.0	0.0	0.0	0.0
GSM4138113_HNSCC_2_TIL_AACTCAGCAATGGTCT	142.11801296244923	0.0	116.15419022277214	2.317304110897068	0.0	343.6278224414527	1.7966968164360124	36.79561248420761	22.954485717528577	52.676677253281994	0.0	0.0
GSM4138113_HNSCC_2_TIL_TGCGGGTGTCTAGCCG	133.50088196730567	0.0	224.36657770099617	0.0	25.893979155048743	227.56265921867876	17.211114428916115	0.0	40.716953112758645	99.02224031438422	0.0	0.0
GSM4138113_HNSCC_2_TIL_AGTGAGGTCTACCAGA	340.92082722311477	0.0	123.03428936215565	360.5385616636661	313.7927493068016	143.2507965936286	184.88628153549837	0.0	41.39385061776367	36.76346874989781	0.0	0.0
GSM4138113_HNSCC_2_TIL_CATGGCGCATTCTCAT	203.80267334386335	0.0	32.810496976927226	145.58578252720662	105.0708966145895	85.46427543574033	59.61454237666798	0.0	134.235597979381	24.840746762829227	0.0	0.0
GSM4138113_HNSCC_2_TIL_GTACTCCAGTGGGATC	401.5679533168636	0.0	179.7421168474096	609.7480648356292	0.0	0.0	411.0040047826757	110.0574196948811	57.12252764073087	93.30262471842781	0.0	427.69417352714913
GSM4138113_HNSCC_2_TIL_TTTGGTTGTTACCGAT	165.21407136483137	0.0	102.81686501808589	237.412935526457	205.34614517616788	147.6920791763714	400.6770657363569	0.0	57.17100301297722	69.4762422323415	0.0	0.0
GSM4138113_HNSCC_2_TIL_AGCTCCTCAGTCGATT	274.0577300745205	0.0	46.24220942444098	71.05128393141706	218.82165712750034	139.37028506205613	20.629243217283474	0.0	79.5522972786074	10.767800102502546	0.0	0.0
GSM4138113_HNSCC_2_TIL_AACTCCCAGTGTCTCA	0.0	0.0	0.0	0.0	0.0	0.0	0.0	0.0	0.0	1267.997980434158	0.0	0.0
GSM4138113_HNSCC_2_TIL_AGCAGCCGTATAGGTA	0.0	0.0	11.007468965895443	0.0	0.0	0.0	0.0	0.0	0.0	1900.0052726659617	0.0	0.0
GSM4138113_HNSCC_2_TIL_CTGAAACAGTGGACGT	68.73152096256075	0.0	17.830359476653985	63.12401183679766	140.12651499505867	0.0	9.17117611130574	0.0	14.453385932544846	526.4173015082686	0.0	0.0
GSM4138113_HNSCC_2_TIL_TCAGCAATCCGAAGAG	0.0	0.0	0.0	0.0	0.0	0.0	0.0	0.0	4.610885467038204	1237.753478509261	38.34118513716239	0.0
GSM4138113_HNSCC_2_TIL_AACTCTTAGGCATGGT	301.5063924262133	0.0	249.42465169344246	453.32640943728615	0.0	0.0	551.3069873280573	100.71560839448944	321.78870082007256	9.290069387036253	0.0	149.75137696095828
GSM4138113_HNSCC_2_TIL_AAGTCTGTCTCCGGTT	189.13370895420448	0.0	289.6639758767713	422.4769622396161	0.0	0.0	515.619673353938	115.21576970218133	292.3550431570284	21.650460594528464	0.0	83.47693978788064
GSM4138113_HNSCC_2_TIL_GACGTGCAGTAGGTGC	0.0	0.0	0.0	0.0	0.0	0.0	0.0	0.0	0.0	0.0	4252.218693295333	0.0
GSM4138113_HNSCC_2_TIL_GATTCAGCAGCTGCAC	506.9983446310194	0.0	205.41006317984522	333.16251840741154	16.96686047718145	0.0	531.3767657726596	96.72294897559877	136.79729453474442	20.164449597382173	0.0	121.11473223154323
GSM4138113_HNSCC_2_TIL_GTACTTTGTGCAGACA	43.21938822673165	0.0	33.82271666992584	19.61151290118726	0.0	0.0	41.229964764084166	4.625023068036479	0.16864060893059205	4.664228144519961	0.0	11.150694908714042
