	1	2	3	4	5	6	7	8	9	10	11	12	13	14	15	16	17	18	19	20	21	22	23	24	25	26	27	28	29	30	31	32	33	34	35
GSM4138113_HNSCC_2_TIL_ACAGCTACAGCAGTTT	147.6567693375809	33.96093688764482	65.29810044545992	99.32000449775016	10.034825145381571	10.657011597836643	0.0	0.0	0.0	0.0	0.0	0.0	0.0	0.0	0.0	15.589087454481117	89.42988731298071	0.0	0.0	0.0	0.0	0.0	0.0	0.0	0.0	30.028055374024113	15.290187043060412	0.0	14.368770504887863	0.0	0.0	0.0	0.0	0.0	0.0
GSM4138113_HNSCC_2_TIL_CGCTATCTCGGTCCGA	89.33615966887993	106.35567889873151	108.2783862325744	0.0	42.71259585744514	0.0	0.0	98.51492084173526	0.0	0.0	0.0	16.569964191478572	102.54891715899576	46.674784721811754	0.0	0.0	0.0	0.0	7.085658795313348	0.0	0.0	83.37504437958411	0.0	11.100974606832748	0.0	0.0	20.268382373285164	0.0	0.0	296.5843394948161	0.0	0.0	27.407574951471922	0.0	0.0
GSM4138113_HNSCC_2_TIL_GGACGTCGTAGAGGAA	108.15781389200927	27.933004304139207	42.301471984900296	38.13912315380075	11.628926474335568	64.27757524379689	0.0	13.427589364216047	0.0	0.0	0.0	0.0	0.0	0.0	0.0	26.38831337643347	0.0	12.763205695032829	0.0	127.42803565069237	0.0	0.0	0.0	0.0	0.0	0.0	0.0	0.0	0.0	0.0	0.0	0.0	0.0	0.0	0.0
GSM4138113_HNSCC_2_TIL_AACTCTTGTCAAGCGA	152.80299045168758	91.57314803707342	102.01498048835651	54.79680547536166	0.0	0.0	0.0	0.0	127.89267450559139	0.0	0.0	17.650732026580467	90.24095602913742	0.0	0.0	0.0	57.75980792971398	12.548675274911751	0.0	0.0	0.0	0.0	0.0	0.0	0.0	0.0	0.0	0.0	0.0	0.0	0.0	0.0	0.0	0.0	0.0
GSM4138113_HNSCC_2_TIL_AGTGTCAAGAACTGTA	144.9307434117256	190.79777413033094	321.39261112119743	0.0	51.28195524660139	0.0	0.0	0.0	157.82840738285225	201.96168037325003	0.0	13.784799704237681	0.0	0.0	0.0	0.0	0.0	0.0	0.0	0.0	24.951756302356905	0.0	83.03181628607831	0.0	0.0	0.0	24.734599528745367	0.0	29.473185275356713	244.6354299075166	0.0	0.0	0.0	0.0	0.0
GSM4138113_HNSCC_2_TIL_GAAACTCAGTTACGGG	63.74515223889174	77.65380402028886	109.04533904444877	124.22946476974442	43.92094556764761	0.0	0.0	68.715855054326	0.0	0.0	0.0	32.72503244471257	0.0	0.0	6.29187264923814	0.0	0.0	0.0	0.0	122.73565048736926	34.736347031918065	0.0	11.161755057663012	0.0	0.0	0.0	1.8791882378045046	0.0	27.803911865390976	0.0	110.93436839042579	0.0	0.0	0.0	0.0
GSM4138113_HNSCC_2_TIL_ACGGAGACAGGGATTG	276.2824374944588	195.84955334440178	276.1582333884298	127.55453812763197	18.388253236917226	0.0	0.0	36.437903052873665	0.0	353.3660788616946	0.0	21.2298107374862	0.0	0.0	0.0	44.6835542633319	0.0	0.0	0.0	156.74011306364073	0.0	0.0	0.0	0.0	113.43691770102596	0.0	32.726555819428015	0.0	0.0	0.0	0.0	18.531871777750215	0.0	18.028301751370943	0.0
GSM4138113_HNSCC_2_TIL_CACACAAAGTCCGTAT	0.0	3210.887669227002	0.0	0.0	0.0	0.0	0.0	0.0	0.0	0.0	0.0	0.0	0.0	0.0	0.0	0.0	0.0	0.0	0.0	0.0	0.0	0.0	0.0	0.0	0.0	0.0	0.0	0.0	0.0	0.0	0.0	0.0	0.0	0.0	0.0
GSM4138113_HNSCC_2_TIL_CAGCTAACAGTCACTA	145.212480869335	110.1073897723052	33.55493091262069	0.0	2.0293150448801702	0.0	48.8428576459037	10.127308034196664	0.0	0.0	0.0	0.0	79.66479313829696	4.978229335504809	0.0	0.0	0.00780095746746663	63.44010306575056	0.0	0.0	0.0	0.0	0.0	151.66979439578878	0.0	0.0	0.0	0.0	0.0	0.0	0.0	0.0	0.0	0.0	0.0
GSM4138113_HNSCC_2_TIL_CATATGGAGGGTGTGT	299.5625956329247	515.7172497133952	107.75580905051406	75.15757240195008	19.64574259672606	165.19249714225316	0.0	13.081278197859826	0.0	0.0	0.0	109.16107669445864	0.0	0.0	0.0	16.054891609674627	0.0	19.25899593961511	0.0	0.0	0.0	0.0	0.0	62.593409733831656	0.0	0.0	0.0	0.0	0.0	0.0	0.0	6.817344962228342	0.0	0.0	0.0
GSM4138113_HNSCC_2_TIL_CATCAAGTCTATCGCC	3110.3005024358463	0.0	0.0	0.0	0.0	0.0	0.0	0.0	0.0	0.0	0.0	0.0	0.0	0.0	0.0	0.0	0.0	0.0	0.0	0.0	0.0	0.0	0.0	0.0	0.0	0.0	0.0	0.0	0.0	0.0	0.0	0.0	0.0	0.0	0.0
GSM4138113_HNSCC_2_TIL_CCTACACCACGAAGCA	265.37553367283783	169.1260287067251	155.45677208738462	0.0	18.89793366399518	117.27793935320783	155.7735561254206	0.0	259.3126387975754	207.9352833263929	0.0	11.63527159566499	0.0	0.0	0.0	39.33251392881442	81.53799669801735	9.333900705819083	0.0	0.0	0.0	0.0	0.0	0.0	0.0	0.0	0.0	0.0	0.0	0.0	0.0	0.0	18.78713486751822	134.85936580950388	0.0
GSM4138113_HNSCC_2_TIL_CGTCACTTCGGCGGTT	62.21574792343418	53.00796851037496	58.68444628165101	0.0	10.051384534148488	53.71992133124599	0.0	9.55955041950993	0.0	0.0	45.95006928703896	11.662816144132101	0.0	0.0	0.0	9.414902218097204	0.0	0.0	109.28657465624372	0.0	0.0	0.0	4.053429337241432	0.0	0.0	0.0	2.1367419679832618	0.0	0.0	15.066117067451813	63.47327711165303	0.0	3.6646252925894878	0.0	0.0
GSM4138113_HNSCC_2_TIL_CTGATAGGTAAGTGGC	223.08248116200863	217.22860671368318	50.11925742190199	0.0	9.143316137155397	0.0	0.0	0.0	0.0	0.0	119.1726384227271	0.0	81.05965934810779	0.0	0.0	16.495128312233057	0.0	0.0	0.0	0.0	0.0	0.0	0.0	48.58880697224035	0.0	0.0	0.0	0.0	0.0	0.0	0.0	9.631907027119276	0.0	0.0	0.0
GSM4138113_HNSCC_2_TIL_CTGCCTATCACCACCT	413.92071501990046	205.9881618730997	111.38161863984399	0.0	10.509282629068213	0.0	0.0	0.0	0.0	0.0	0.0	38.72109686338199	294.79815516386395	32.547499029011625	0.0	0.0	0.0	0.0	0.0	0.0	0.0	0.0	8.713308750114228	153.9925570573001	0.0	0.0	0.4259090240642286	30.49239583136583	0.0	0.0	0.0	0.0	7.294640990917895	0.0	0.0
GSM4138113_HNSCC_2_TIL_GATCAGTAGAGTAATC	178.56698223494783	109.16588889892135	258.59179480197906	0.0	9.757460106541211	245.90496011496305	69.31123860113877	0.0	0.0	0.0	0.0	28.888644828018002	0.0	0.0	0.0	38.031725059298275	5.663206457517367	0.0	0.0	91.81485124327138	0.0	0.0	0.0	0.0	0.0	0.0	1.3679589232647797	0.0	0.0	0.0	0.0	42.74062551408592	0.0	0.0	0.0
GSM4138113_HNSCC_2_TIL_GATGAGGGTAGCCTCG	141.1082466049509	209.5681309083029	55.61830673541529	0.0	5.223056295934424	0.0	0.0	0.0	0.0	0.0	0.0	27.000131684562056	202.91046713248934	0.0	0.0	0.0	0.0	0.0	84.97810533037675	0.0	8.87432026958482	0.0	2.4444234184533156	48.860541634532936	0.0	0.0	0.7573461816338418	0.0	0.0	0.0	0.0	0.0	6.1969396896223605	0.0	0.0
GSM4138113_HNSCC_2_TIL_GCAAACTGTCGCCATG	117.19429328975	73.73273579084668	214.4238999071309	0.0	55.747569225556454	227.52158982409904	0.0	54.72699569234381	0.0	0.0	139.65642731047967	34.79758057145446	0.0	0.0	0.0	30.509447344654937	0.0	0.0	0.0	139.54083078617842	0.0	0.0	26.971973116644808	0.0	0.0	0.0	17.578772912757458	0.0	0.0	0.0	0.0	37.906765950405216	0.0	0.0	0.0
GSM4138113_HNSCC_2_TIL_GCGCCAAAGTTTCCTT	0.0	0.0	0.0	0.0	0.0	0.0	0.0	0.0	0.0	610.8028137189001	0.0	0.0	2431.476468192775	0.0	0.0	0.0	0.0	0.0	0.0	0.0	0.0	0.0	0.0	0.0	261.22953504040805	0.0	0.0	0.0	0.0	0.0	0.0	0.0	0.0	64.0436098564273	0.0
GSM4138113_HNSCC_2_TIL_GCGCGATAGGTAAACT	221.60107654179802	279.67671792833283	79.18488515494106	0.0	36.357309056321924	0.0	0.0	14.65861186775879	0.0	0.0	16.583635904889398	56.14003542381731	190.07390493122713	0.0	0.0	0.0	9.059392758999849	0.0	0.0	0.0	11.421332384392512	0.0	0.0	172.70134311990464	0.0	0.0	21.738951718581188	0.0	0.0	48.89630839150175	0.0	0.0	0.49097519131666223	0.0	0.0
GSM4138113_HNSCC_2_TIL_TCAATCTGTCCAGTTA	107.18758203154017	134.40994185026247	118.30389771554229	0.0	24.44143655835802	97.56301366107212	21.803490468001968	5.106409071217914	0.0	0.0	0.0	125.7318498481127	0.0	0.0	0.0	0.0	0.0	9.912065063228102	0.0	0.0	0.0	0.0	0.0	218.72306439735152	0.0	0.0	0.0	0.0	0.0	43.76334710688155	95.91362887718992	0.0	8.63994721272944	0.0	41.45717307261735
GSM4138113_HNSCC_2_TIL_TGCTGCTCAGTGAGTG	356.117743352291	139.15757834129144	124.71041233219347	0.0	31.560362769398605	0.0	0.0	0.0	285.2192846430288	0.0	28.682937960673485	127.77998627144822	79.8304595811821	0.0	0.0	1.7476823188007973	60.80070175817834	0.0	0.0	0.0	0.0	0.0	0.0	0.0	0.0	0.0	19.317722940234344	0.0	0.0	0.0	0.0	0.0	10.952541140172679	0.0	0.0
GSM4138113_HNSCC_2_TIL_ACGAGCCTCGCGATCG	80.16011200192341	108.73428190609219	70.23233277679434	0.0	18.877608251656536	0.0	0.0	30.799935109995108	0.0	0.0	0.0	20.181202897273096	33.457623441492274	0.0	78.06350641709524	0.0	0.0	0.0	0.0	0.0	16.847679412304107	0.0	0.0	0.0	0.0	0.0	2.0631074754237515	59.28471709247177	11.467531057365717	0.0	57.86350332218029	0.0	0.0	0.0	0.0
GSM4138113_HNSCC_2_TIL_AGCATACTCACAGTAC	113.43622434826221	161.92124355368273	103.46590245664352	0.0	19.309478576656897	0.0	0.0	0.0	0.0	0.0	0.0	35.34912027922199	103.26392091913391	0.0	123.46060723579933	0.0	0.0	12.411279533866587	0.0	0.0	24.461763342797433	0.0	37.2040363684317	0.0	0.0	0.0	0.0	113.81013189349862	14.153811227994021	0.0	0.0	0.0	0.0	0.0	0.0
GSM4138113_HNSCC_2_TIL_CCACTACAGTTCGCGC	137.29535072396106	138.85369838808592	76.64832594297418	0.0	0.8444714529549892	0.0	113.47740938881026	26.585592226843815	39.79507331999839	0.0	0.0	16.964102652869904	0.0	0.0	0.0	0.0	0.0	0.0	0.0	0.0	17.784797850350966	0.0	0.0	0.0	102.5314807588686	0.0	1.9774499265913497	0.0	0.8844404270280248	0.0	0.0	0.0	0.0	0.0	0.0
GSM4138113_HNSCC_2_TIL_CGATTGAGTATATGGA	75.98884328755115	118.73636607729581	92.98023875292323	0.0	6.748974067806102	0.0	2.8177133645300514	0.0	0.0	0.0	44.03655208678669	23.480166237005452	0.0	0.0	0.0	0.0	36.411547104371245	0.0	0.0	0.0	23.966016110851292	0.0	0.0	0.0	0.0	0.0	19.820588236784154	74.84876110451805	9.452352122105797	61.83483074898409	92.75230409483683	0.0	0.0	0.0	0.0
GSM4138113_HNSCC_2_TIL_CTCGTACCACCGATAT	71.22772107055597	104.11296825588045	107.35003659337129	0.0	23.825265928829907	0.0	0.0	50.67959065277898	0.0	0.0	0.0	27.086038073539694	94.73873381516388	0.0	66.23646555264075	0.0	0.0	7.29641547258815	0.0	0.0	17.588886987944225	0.0	0.0	0.0	0.0	0.0	3.289191382626147	83.69563244817903	7.4436440654826015	0.0	0.0	0.0	0.0	0.0	0.0
GSM4138113_HNSCC_2_TIL_CTGTTTATCAACACGT	79.59454413614156	98.36277152969818	103.59705377142801	0.0	16.00420399856373	0.0	0.0	0.0	0.0	0.0	0.0	0.0	90.39584143835658	0.0	23.27165655903176	0.0	0.0	12.25060482502496	41.24855817267784	0.0	18.415767222038003	0.0	30.76610717243121	13.75478328016797	0.0	3.155127023525138	0.0	0.0	18.398802737680445	109.96483089531654	0.0	0.0	0.0	0.0	0.0
GSM4138113_HNSCC_2_TIL_CTTCTCTTCTCTGTCG	174.13910644377668	70.70260358184902	66.8608638842974	0.0	22.87216909131936	0.0	51.5258958226828	29.008188332309977	0.0	0.0	0.0	21.470159345565616	0.0	0.0	0.0	0.0	0.0	0.0	0.0	43.52875985094199	5.900045947141938	0.0	0.0	0.0	68.53925575952134	0.0	16.377481162657332	0.0	3.621598894999414	0.0	0.0	0.0	0.0	0.0	0.0
GSM4138113_HNSCC_2_TIL_GAATAAGGTTAAGAAC	128.18147992398983	179.88456045398294	72.21073845838102	0.0	28.992256728692382	0.0	0.0	35.18415265411072	0.8307258145544373	0.0	0.0	0.0	0.0	0.0	112.26120649185518	0.0	0.0	0.0	0.0	0.0	16.22772647277827	43.95668805248981	1.0332483331485294	0.0	75.56843744572481	0.0	12.97110454873353	0.0	8.646486658359283	0.0	0.0	0.0	0.0	0.0	0.0
GSM4138113_HNSCC_2_TIL_GATCGATCATGTTGAC	95.4624455888648	123.83497356947605	83.080560905695	0.0	1.7900462011177163	0.0	0.0	0.0	29.747657559724495	0.0	111.78512281855626	7.61786135295004	0.0	0.0	1.3467612409893555	0.0	63.46191059306301	0.0	0.0	0.0	37.37565209415344	28.68395283731457	0.0	0.0	132.21680929042122	0.0	9.997670711179593	0.0	0.0	0.0	0.0	32.06304709575332	0.0	0.9185650279830744	0.0
GSM4138113_HNSCC_2_TIL_TCCACACTCTTGTACT	90.5981939735068	83.0240931627261	77.54964967969238	0.0	12.419022374978457	0.0	118.16102171758591	14.018145952118731	0.0	0.0	0.0	18.503398370280024	0.0	0.0	0.0	0.0	0.0	0.0	0.0	0.0	12.749940944739105	0.0	0.0	0.0	63.18738040200216	0.0	41.58066379968355	92.10721527018023	1.697420620993265	0.0	0.0	0.0	0.0	0.0	0.0
GSM4138113_HNSCC_2_TIL_TCTTCGGAGATGTCGG	137.34655669262614	146.57030715954645	70.56659961725667	0.0	8.842178016618877	0.0	77.10465487150415	0.0	0.0	0.0	0.0	12.22356660241077	30.22959660481956	0.0	0.0	0.0	53.24345487859336	0.0	0.0	0.0	12.39238202102514	0.0	0.0	0.0	51.984350955619966	0.0	23.405972356955527	131.22298599075495	13.55138625864518	0.0	0.0	0.0	0.0	0.0	0.0
GSM4138113_HNSCC_2_TIL_TTCGAAGAGTACCGGA	157.93747618039436	202.20240044510692	98.9966724070556	0.0	16.742943770310735	0.0	0.0	54.921362490079275	0.0	0.0	0.0	7.264227025421751	0.0	0.0	93.11885214392238	0.0	0.0	18.220904942225825	0.0	0.0	6.217649878168121	0.0	0.0	0.0	0.0	0.0	0.0	44.63172282539569	0.0	0.0	138.3744677040834	0.0	0.0	0.0	0.0
GSM4138113_HNSCC_2_TIL_AAACCTGTCTGATTCT	150.7528971014118	177.46328091883842	88.00726210672592	0.0	0.9510094959718793	115.28216716034706	0.0	30.468639743704802	0.0	0.0	118.27064091312687	0.9018181455948926	0.0	18.691280465951028	0.0	0.0	0.0	0.0	82.50860157316434	0.0	0.0	0.0	0.0	0.0	0.0	0.0	12.89942528660089	0.0	0.0	0.0	0.0	0.0	19.09404761020571	0.0	0.28109209574600746
GSM4138113_HNSCC_2_TIL_AAGCCGCGTCGACTAT	83.49650653525705	66.54595570710212	49.107651658388356	35.582894693594824	4.026894230240364	51.24805523324051	0.0	0.0	29.842776465567837	0.0	0.0	2.3873806090685354	0.0	0.0	0.0	8.478626407172676	21.532570609919564	6.2355827434231035	0.0	0.0	0.0	0.0	0.0	0.0	0.0	0.0	1.5708006779662163	0.0	3.6260963420470844	0.0	0.0	0.0	0.0	0.0	0.0
GSM4138113_HNSCC_2_TIL_AATCGGTGTCCGACGT	153.8498469730585	105.85962728870501	62.92558045667017	0.0	24.4573805894369	0.0	78.0709148936955	0.0	0.0	10.01631786702004	0.0	24.25621545430993	65.77390067405582	0.0	0.0	0.0	42.738719917395045	0.0	11.713335355316072	1.1698695524069305	0.0	0.0	0.0	0.0	0.0	0.0	11.830635266645794	18.862873532610095	0.0	0.0	0.0	17.025632240229665	0.0	0.0	14.841271475295175
GSM4138113_HNSCC_2_TIL_AGTTGGTGTCTTTCAT	79.4319476353122	112.42458495560365	60.44033833829729	73.44156512505987	0.891891667781073	100.2827478441578	0.0	0.0	0.0	0.0	0.0	2.1819452634076595	0.0	0.0	0.0	13.46681919858012	4.7087585837560635	0.0	0.0	13.663355956849538	0.0	0.0	0.0	0.0	0.0	0.0	2.8812750760705463	40.32306020349965	0.0	0.0	0.0	0.0	1.8581290911265094	0.0	0.0
GSM4138113_HNSCC_2_TIL_ATCACGAAGAGAGCTC	86.66093033452661	76.7563320808173	56.35284045458212	0.0	4.933797071416399	69.95740708634222	119.61666695798661	0.0	0.0	0.0	0.0	8.90397933570085	0.0	29.773547347505364	0.0	0.0	0.0	18.93981278144603	0.0	0.0	0.0	0.0	0.0	0.0	0.0	37.481483173687494	0.0	0.0	0.0	0.0	0.0	0.0	0.0	0.0	0.0
GSM4138113_HNSCC_2_TIL_ATCATGGGTAGCAAAT	128.09447335687037	138.18246250780044	72.4186418933918	79.48521973454864	7.108055208265451	72.79253194025397	0.0	0.0	61.70957491531694	0.0	0.0	5.78902302937217	0.0	0.0	0.0	6.738807950851273	0.0	0.0	0.0	0.0	0.0	0.0	41.80570265482851	0.0	0.0	0.0	6.67045954419159	0.0	0.0	0.0	0.0	0.0	8.001084925717619	0.0	0.0
GSM4138113_HNSCC_2_TIL_ATTTCTGCAAGGACAC	103.22102527078175	139.90599964428372	68.22347291741099	78.32416439854796	11.923819702766345	129.88527792063093	0.0	0.0	66.95704665979338	0.0	0.0	15.381955621657374	0.0	0.0	0.0	40.02365406904584	0.0	0.15177532006987027	0.0	0.0	0.0	0.0	0.0	0.0	0.0	0.0	0.0	0.0	0.0	0.0	0.0	7.115404572760649	0.0	0.0	0.0
GSM4138113_HNSCC_2_TIL_CACAGGCGTCGACTAT	40.14850331337069	56.99114514605168	26.445172863921194	110.16043992717236	1.654674101669096	61.36452548525028	0.0	2.8738394104031815	0.0	0.0	0.0	0.0	0.0	0.0	0.0	5.714218500853594	0.0	9.354060713675766	67.83111731244477	0.0	0.0	0.0	0.0	0.0	0.0	0.0	0.0	0.0	0.0	0.0	0.0	0.0	0.0	0.0	0.0
GSM4138113_HNSCC_2_TIL_CACAGGCTCGTACCGG	126.54467453279932	90.48401992621028	62.953098554998185	0.0	16.388730810604244	72.61255752192821	115.24618055390722	5.132520709915272	0.0	0.0	0.0	36.60671279669372	0.0	0.0	0.0	0.0	14.419783237469707	7.467962032936563	0.0	0.0	0.0	0.0	0.0	0.0	0.0	19.660591989168996	0.0	0.0	0.0	0.0	0.0	26.223575245015414	0.0	0.0	9.364695039780063
GSM4138113_HNSCC_2_TIL_CACAGTACAAGTCTGT	121.3396898317822	46.804475644534165	41.15908826440606	53.08730887860375	21.438938374246888	75.32839489562758	0.0	8.910981628979972	0.0	0.0	0.0	0.0	0.0	0.0	0.0	8.034043856271861	0.0	0.0	22.563516542723768	0.0	0.0	0.0	0.0	0.0	0.0	0.0	3.6812614310980827	0.0	5.53208540450612	0.0	0.0	0.0	0.0	0.0	0.0
GSM4138113_HNSCC_2_TIL_CACTCCACATGTAAGA	114.08634206524071	69.27207044506315	62.83023785451002	87.55394192840225	8.281311072419168	0.0	0.0	0.0	28.827089394641852	99.79940982238027	0.0	6.275571424318252	0.0	0.0	0.0	13.97211027154442	21.865940470071983	19.875736895923968	0.0	0.0	0.0	0.0	0.0	0.0	0.0	0.0	0.0	0.0	0.0	0.0	0.0	0.09145166022584687	0.0	0.0	0.0
GSM4138113_HNSCC_2_TIL_CAGAATCCATGGGACA	111.19861071843805	63.009098976860244	48.12860728702469	0.0	12.021034433400693	100.54750120547322	74.42923791315356	0.0	0.0	0.0	0.0	9.606513057062138	0.0	0.0	0.0	1.1673205664214974	13.61132970751614	5.872005364898187	0.0	0.0	0.0	41.838804947483155	0.0	0.0	0.0	0.0	0.0	0.0	0.0	0.0	0.0	0.9241950054793612	0.0	0.0	0.0
GSM4138113_HNSCC_2_TIL_CAGAATCTCATGCATG	161.9181611636975	51.461786681620374	104.29281499007529	70.00123424671278	6.166364984465181	50.53797716858797	0.0	0.0	7.10939997579432	0.0	0.0	4.6250561220771225	0.0	0.0	0.0	32.28736071922151	0.0	0.0	0.0	0.0	0.0	2.8630502011590764	0.0	0.0	0.0	0.0	4.18857943877279	0.0	0.0	0.0	0.0	15.011789370518558	0.0	0.0	0.0
GSM4138113_HNSCC_2_TIL_CAGGTGCAGACGCACA	77.41197541188828	67.09018099796518	44.099380020970365	0.0	10.953060552027189	78.29168147304142	0.0	0.0	0.0	0.0	80.79661234492288	2.803059565357705	0.0	0.0	0.0	5.152286093951519	22.772770328275104	1.0164405210694363	0.0	0.0	0.0	0.0	11.272424724277371	0.0	0.0	0.0	1.8159747792849272	0.0	0.0	9.721877918642999	0.0	0.0	5.921079942226173	0.0	0.0
GSM4138113_HNSCC_2_TIL_CAGTCCTCAACTGCTA	106.15019610927114	85.03887770142703	144.47757618099982	71.61841832209959	27.827105107133217	13.946867716045206	0.0	0.0	0.0	82.05277053688766	0.0	22.958208865259483	0.0	0.0	0.0	8.37764387601776	0.0	0.0	0.0	0.0	0.0	15.690656726062981	107.28451390551604	0.0	0.0	0.0	57.02437543681563	0.0	0.0	0.0	0.0	0.0	13.18304180679547	0.0	0.0
GSM4138113_HNSCC_2_TIL_CATCGAAAGGCATTGG	123.59401997670425	89.07882689161706	74.9750890372261	61.29377437690068	10.90240970929842	99.39078674578707	0.0	0.0	0.0	0.0	0.0	0.0	0.0	0.0	0.0	14.731410857214488	51.93409379830818	9.5618132538944	0.0	0.0	0.0	0.0	11.05519123207195	0.0	0.0	0.0	0.0	0.0	0.0	0.0	0.0	0.0	0.0	0.0	0.0
GSM4138113_HNSCC_2_TIL_CCATTCGTCTGAGGGA	80.39841700608412	75.59114776030523	70.89477669186822	0.0	29.027831025833517	109.52231124772577	85.16626366516792	14.319291816860591	115.68118028554298	0.0	0.0	0.0	0.0	0.0	0.0	8.973777990174462	0.0	0.0	0.0	0.0	0.0	0.0	0.0	0.0	0.0	0.0	4.312789128295259	0.0	0.0	0.0	0.0	0.0	1.7685339937733922	0.0	0.0
GSM4138113_HNSCC_2_TIL_CCCTCCTTCGCGATCG	74.77131748238355	63.266511875299585	44.097383200391796	0.0	15.253829101807678	233.41809582885492	0.0	5.045771081205164	0.0	0.0	0.0	16.81544598294614	0.0	0.0	0.0	8.931440189858641	0.0	12.287452548040223	0.0	0.0	0.0	0.0	0.0	33.34561069166215	0.0	0.0	0.0	0.0	0.0	28.071463874032553	0.0	0.0	1.8272102515446405	0.0	0.0
GSM4138113_HNSCC_2_TIL_CCTAGCTGTTCAGACT	106.12603211525953	70.13723517460849	24.088994249394734	0.0	52.44421893083896	117.58259192040708	110.28593456731932	13.707366880652364	13.907409117602917	0.0	0.0	45.872697483119744	0.0	0.0	0.0	0.0	0.0	0.0	0.0	0.0	0.0	16.62182015328831	0.0	0.0	0.0	0.0	0.0	0.0	0.0	0.0	0.0	0.0	9.298494220517266	0.0	0.0
GSM4138113_HNSCC_2_TIL_CCTTCCCTCCACGTGG	67.0897233969033	139.3452180238317	20.731332506821076	0.0	4.25625036965699	0.0	72.54866577765672	0.0	17.21020788087968	44.041541625120296	0.0	4.465430469036915	0.0	31.593225266692386	0.0	0.0	34.4762787586917	0.0	0.0	3.115227322976226	0.0	0.0	0.0	0.0	0.0	0.0	7.4781787378458375	0.0	1.102534954198332	0.0	0.0	0.0	0.0	0.0	0.0
GSM4138113_HNSCC_2_TIL_CGTCAGGGTGGTGTAG	91.18398688716898	118.6958755673689	43.140053367814694	0.0	43.8893001850984	68.03570693252824	92.73677023857576	2.193660139767935	32.70011914933714	0.0	0.0	0.0	0.0	0.0	0.0	29.851553162814746	0.0	0.0	0.0	0.0	0.0	0.0	0.0	0.0	0.0	0.0	3.246129116491071	0.0	0.0	0.0	0.0	0.0	12.594124703234037	0.0	0.0
GSM4138113_HNSCC_2_TIL_CTGCCTAGTATAAACG	96.71167939035598	55.43524714329814	79.33613059491321	98.15898386132938	37.17432653294171	98.4423833419627	0.0	0.0	28.483809978181718	0.0	0.0	20.640224276077145	0.0	0.0	0.0	3.610011596109728	22.86008867361995	0.0	0.0	15.832939197526173	0.0	0.0	0.0	0.0	0.0	0.0	12.31292220780832	0.0	0.0	0.0	0.0	0.0	0.0	0.0	0.0
GSM4138113_HNSCC_2_TIL_CTGTGCTAGAAAGTGG	187.32103326826217	103.70214516182025	4.118918262543074	36.15389175198424	5.631345923745824	85.69331378004087	0.0	35.113476585477315	1.9807646635446718	0.0	22.40467831890683	21.40205220331589	0.0	0.0	0.0	5.932174175632814	0.0	0.0	0.0	0.0	0.0	0.0	9.869208479231995	0.0	0.0	0.0	0.0	0.0	0.0	0.0	0.0	0.0	3.31792741366041	0.0	0.0
GSM4138113_HNSCC_2_TIL_CTGTTTAAGTTACCCA	112.56236100673209	106.24997686988212	54.69088693173541	71.23612292641975	7.721138611466135	79.48699290310466	0.0	11.254709197473241	0.0	0.0	0.0	0.0	0.0	0.0	0.0	20.900962867103246	0.0	0.0	0.0	0.0	0.0	0.0	4.770712165077584	0.0	0.0	18.576651243078498	0.0	0.0	0.0	0.0	0.0	36.04811945156878	0.0	0.0	0.0
GSM4138113_HNSCC_2_TIL_CTTACCGCATTGAGCT	206.12573444753488	119.19175218178867	107.49187412510744	128.72370062909226	6.729633952190619	0.0	0.0	0.0	0.0	103.06437259048603	0.0	19.207925733856595	0.0	0.0	0.0	2.987245600318884	54.514321234757354	18.25478640636301	0.0	0.0	8.673838608830849	89.1210989435707	0.0	0.0	2.0638849731437947	0.0	0.0	0.0	5.945145070682523	0.0	0.0	0.0	0.0	0.0	0.0
GSM4138113_HNSCC_2_TIL_GAAGCAGGTACAGTGG	176.73868192818625	78.16540999463297	52.15164160853701	67.02734050675711	36.558190893093965	103.5566945698446	0.0	0.0	0.0	0.0	0.0	34.02310063729285	0.0	0.0	0.0	10.447902973703837	26.47376752103825	10.847096117266831	0.0	53.80825273746661	0.0	3.723109347818891	0.0	0.0	0.0	0.0	0.32002540858038986	0.0	0.0	0.0	0.0	0.0	6.147992705568175	0.0	0.0
GSM4138113_HNSCC_2_TIL_GACGTGCGTATTAGCC	234.6063213480398	93.82305865038265	93.23779159188985	0.0	45.48709444654809	99.3795920121569	104.97343449549416	0.0	0.0	0.0	0.0	18.715045287426605	0.0	0.0	0.0	24.3945024092949	0.0	1.3535936828129569	51.420713674135186	0.0	0.0	0.0	0.0	0.0	0.0	0.0	0.0	0.0	0.0	0.0	0.0	0.0	0.0	0.0	0.0
GSM4138113_HNSCC_2_TIL_GACGTGCTCGGATGTT	118.12116858258693	52.495101674782404	66.68613958871344	82.07909382905251	51.75962799717462	68.35355592637863	0.0	19.561558757140602	0.0	0.0	0.0	20.647478386437104	0.0	0.0	0.0	0.0	0.0	41.07408538360641	0.0	0.0	0.0	0.0	1.7812159809929546	0.0	0.0	63.656084866136965	0.0	0.0	0.0	0.0	0.0	0.0	2.1647517786540944	0.0	0.0
GSM4138113_HNSCC_2_TIL_GAGCAGAAGACTACAA	100.7583966946741	35.848646751462155	44.937290284786975	163.95525731040127	8.637472591903519	99.09018128729087	0.0	16.888253545708114	0.0	0.0	0.0	10.90032134079366	0.0	19.740167940100772	0.0	0.0	0.0	0.0	0.0	0.0	0.0	0.0	41.19013168279232	0.0	0.0	0.0	3.3185112722914294	0.0	0.0	0.0	0.0	0.0	22.622642601412323	0.0	0.0
GSM4138113_HNSCC_2_TIL_GAGTCCGAGCAATCTC	91.79256067783582	101.44812347976777	19.777122668347108	66.22144147946199	4.587366681212175	95.43220145589467	5.278128567511422	10.273049995659772	0.0	0.0	0.0	13.84111338641593	0.0	16.631356782506785	0.0	0.0	0.0	11.198900793126748	0.0	0.0	0.0	0.0	0.0	32.73545658338573	0.0	0.0	0.0	0.0	0.0	0.0	0.0	0.0	0.0	0.0	0.0
GSM4138113_HNSCC_2_TIL_GCGCGATAGGCTACGA	131.6079705175733	98.88159121942805	91.30053878901846	3.843184344719746	9.26763659126685	89.05395525503144	56.799358166095764	0.0	0.0	0.0	0.0	5.274152623783421	0.0	0.0	0.0	25.684408695030083	9.47697655575615	0.0	0.0	0.0	0.0	0.0	0.0	0.0	0.0	57.60807796640756	4.483030266398859	0.0	0.0	0.0	0.0	19.810265582736932	4.0076184713725125	0.0	0.0
GSM4138113_HNSCC_2_TIL_GCTGCTTCAGTTCATG	100.99667730272505	55.927112327977504	39.604245272243	0.0	4.18471744499466	64.57652123814323	73.50582629899196	0.0	0.0	0.0	0.0	1.9157897405673145	0.0	10.62496476609077	0.0	0.0	14.72175076893672	4.182378609208225	0.0	0.0	0.0	35.38832382585751	0.0	0.0	0.0	0.0	0.0	0.0	0.0	0.0	0.0	0.0	0.0	10.234738648217391	0.0
GSM4138113_HNSCC_2_TIL_GGCGACTGTAAGTGTA	167.3866960152994	141.47324424124244	111.95642629580549	113.54830288542908	5.207353998736014	64.35297169651925	0.0	0.0	115.64015312470727	0.0	0.0	15.19953730735723	34.84972835068696	0.0	0.0	64.51501742746937	25.59679839408388	0.0	0.0	0.0	0.0	0.0	0.0	0.0	0.0	0.0	16.907465999771585	0.0	0.0	0.0	0.0	5.151335562515533	0.0	0.0	0.0
GSM4138113_HNSCC_2_TIL_GGCTGGTTCCAAACTG	131.24149798056234	30.93292398466007	57.80335631782007	96.25803406303545	0.0	0.0	0.0	0.0	7.7118544248012695	90.16635223356823	0.0	6.584177007139309	0.0	0.0	0.0	2.070133335092091	0.0	14.159973946786328	0.0	0.0	0.0	0.0	47.137990044783734	0.0	0.0	0.0	0.0	0.0	0.7759631685047806	0.0	0.0	0.0	0.0	0.0	0.0
GSM4138113_HNSCC_2_TIL_GGGTTGCTCCTTGGTC	101.0367132208455	88.29616065934876	159.2863955356335	108.37508758706711	16.874004701629413	45.251665532334904	0.0	33.71005768385554	0.0	0.0	0.0	15.500146116207587	0.0	0.0	0.0	19.93313452299111	0.0	7.230285261578258	0.0	0.0	0.0	84.13388221127992	0.0	0.0	0.0	0.0	0.0	0.0	0.0	0.0	0.0	3.3533266470522305	9.963605845075318	0.0	0.0
GSM4138113_HNSCC_2_TIL_GTAACTGTCTGGTTCC	159.51824255412868	136.41354551675283	70.42587557250273	73.49273263677051	4.499315036604885	57.93135298778283	15.641006900618207	0.0	0.0	0.0	0.0	17.445943119018846	0.0	0.0	0.0	25.906329391970555	19.95229897347789	37.317762043212646	74.30785240210899	0.0	0.0	0.0	0.0	0.0	0.0	0.0	0.0	0.0	0.0	0.0	0.0	0.0	5.580724731517297	0.0	0.0
GSM4138113_HNSCC_2_TIL_GTCACGGGTCCGTGAC	94.60886138752073	174.57475777356004	91.93249319645693	94.4721214538793	11.43567299065704	100.36215948641441	2.438779903631062	6.965826592870028	102.33594646470058	0.0	0.0	2.975329553139797	0.0	0.0	0.0	12.031631820357694	0.0	1.6583941116566685	0.0	0.0	0.0	0.0	0.0	0.0	0.0	0.0	0.0	0.0	2.0901787586999028	0.0	0.0	0.0	8.225006575146073	0.0	0.0
GSM4138113_HNSCC_2_TIL_GTTAAGCCATGCAACT	93.11542147892739	121.9666083543505	41.3272767082964	0.0	11.354516087183974	0.0	51.258485492151664	0.0	0.0	74.0077645756962	0.0	0.0	0.0	0.0	0.0	30.99099345330945	49.309988772860535	0.0	0.0	0.0	0.0	34.28458111134944	0.0	0.0	0.0	0.0	13.446729072912913	0.0	0.0	0.0	0.0	0.0	12.287707739283624	0.0	0.0
GSM4138113_HNSCC_2_TIL_TAGAGCTTCCGTTGCT	213.76326528353076	46.53376561807121	113.0060294468555	0.0	23.28666029149996	105.20174241253541	49.72881290269448	0.0	0.0	0.0	0.0	16.20113170194152	0.0	0.0	0.0	15.415436040530656	0.0	3.2585340473088324	0.0	0.0	0.0	0.0	49.8378920817772	0.0	0.0	42.439397055726275	0.0	0.0	0.0	0.0	0.0	6.556294083277877	0.0	0.0	0.0
GSM4138113_HNSCC_2_TIL_TATCAGGAGAACTGTA	280.86756889601133	186.0374787844778	104.18473900856839	0.0	38.38119410166686	144.28383275136454	156.54222141872617	0.0	0.0	0.0	0.0	35.168342363992586	0.0	0.0	0.0	0.0	51.82399119848877	0.0	0.0	0.0	0.0	0.0	0.0	0.0	0.0	110.87769818455337	20.51250853558073	0.0	17.909064331279648	0.0	0.0	0.0	0.0	0.0	19.62163785935433
GSM4138113_HNSCC_2_TIL_TATCAGGTCGGTCCGA	92.67450192104263	87.76372038186699	61.99812929022433	0.0	0.0	116.06967557228076	76.60521748105599	0.0	0.0	0.851331919379104	0.0	40.02674619581541	0.0	0.0	0.0	10.141884226174897	14.888131605311727	10.64298751503972	0.0	48.599481072688356	0.0	0.0	0.0	0.0	0.0	0.0	0.0	0.0	0.0	0.0	0.0	2.9189300427302736	0.0	0.0	0.0
GSM4138113_HNSCC_2_TIL_TCACAAGAGAGTGAGA	100.64085547794772	38.39700210637715	71.86152330816215	3.3590374532613008	8.851857999744663	1.577998260861606	0.0	0.0	47.164664810703925	42.966912830655346	169.08088393871435	0.0	23.438304902230833	0.0	0.0	20.488512538462082	14.46181434628079	0.0	0.0	0.0	0.0	0.0	0.0	0.0	0.0	0.0	3.2430409904116075	0.0	0.0	0.0	0.0	0.0	0.0	0.0	0.0
GSM4138113_HNSCC_2_TIL_TGCCCATAGAAAGTGG	34.22012262671497	75.29581368574195	41.446436830742336	0.0	0.0	0.0	107.6952454986323	0.0	17.192075099108948	0.0	0.0	9.830636791978414	0.0	0.0	0.0	0.0	0.0	0.0	0.0	0.0	0.0	16.935049955235232	0.0	0.0	111.86424635274098	0.0	13.333075213953947	0.0	0.0	0.0	0.0	0.0	0.0	0.0	18.985646445239016
GSM4138113_HNSCC_2_TIL_TGTATTCTCAAGGCTT	153.83514578796877	160.28712289073223	74.28091038322563	0.0	17.54454331388611	19.75563627502135	150.86106985608447	0.0	9.935549966204825	52.37765992843545	0.0	19.37506626357323	0.0	8.4237434413611	0.0	0.0	11.78013398705311	10.371056213152352	0.0	47.83735534744465	0.0	0.0	0.0	0.0	0.0	0.0	0.0	0.0	0.0	0.0	0.0	0.0	0.0	69.7718002328811	0.0
GSM4138113_HNSCC_2_TIL_TGTGTTTAGAGCTTCT	128.4572323014041	99.35862549852439	73.28317638842145	0.0	0.5256832745386344	0.0	145.46840133187825	0.0	0.0	49.28484101845836	0.0	5.616498834791373	0.0	0.0	0.0	0.0	43.56985522900551	10.390647331770255	0.0	0.0	0.0	56.78941018548054	0.0	0.0	0.0	0.0	0.0	0.0	0.0	0.0	0.0	0.0	7.017597835558131	0.0	0.0
GSM4138113_HNSCC_2_TIL_TTGGCAATCCAAACTG	87.50104625857284	55.673174786126125	81.57097570287544	67.98090141538385	37.26833800532599	91.42118863138866	0.0	0.0	0.0	0.0	0.0	23.803887437585725	0.0	0.0	0.0	14.296642572591344	4.0426964988837515	0.0	0.0	62.23212822699554	0.0	0.0	0.0	0.0	0.0	0.0	0.0	0.0	0.0	0.0	0.0	0.0	14.76557894974437	0.0	0.0
GSM4138113_HNSCC_2_TIL_TTTCCTCCAAGCCCAC	88.07745640503886	68.93816035505192	55.47790032632309	79.40803386324767	52.77552532303078	2.8215737397669898	0.0	0.0	74.91632352851495	0.0	0.0	16.88665139304984	0.0	23.321827782675967	0.0	0.0	14.16154525854383	8.228952868592145	0.0	0.0	0.0	0.0	0.0	0.0	73.34385163268126	0.0	0.0	0.0	0.0	0.0	0.0	0.0	0.0	33.75560588462616	0.0
GSM4138113_HNSCC_2_TIL_CGAGAAGAGAAACGCC	101.82707544843262	90.11154411682615	50.374365788010714	187.71939464005217	16.503119126283927	0.0	0.0	0.0	17.046561462283837	153.8205578223181	0.0	30.917227286628695	0.0	0.0	0.0	23.484161357869525	23.827207946811864	0.0	0.0	31.734925308225957	0.0	0.0	0.0	0.0	0.0	0.0	10.468935442272889	0.0	9.761061900359921	0.0	0.0	0.0	0.0	0.0	0.0
GSM4138113_HNSCC_2_TIL_CTAGAGTCACTAGTAC	199.13655861715816	163.0803038662902	124.23078431942366	171.21382608336467	37.697232023332084	119.17206946666106	0.0	0.0	55.80671821926031	0.0	0.0	49.113707711797716	0.0	0.0	0.0	12.626053684716611	49.68736932637339	0.0	0.0	0.0	0.0	0.0	0.0	0.0	0.0	0.0	6.374006797662382	0.0	0.0	0.0	0.0	40.45789348793965	0.0	0.0	0.0
GSM4138113_HNSCC_2_TIL_GTTCTCGCAATCGAAA	226.41151398728599	251.46997716092307	401.84250533407766	622.4499438533851	118.13182779252244	49.03189830619548	0.0	187.1202279156753	37.294842829448704	295.1337203859483	0.0	69.47118335322047	0.0	0.0	0.0	110.20381562451327	0.0	0.0	169.1231067182389	0.0	0.0	0.0	0.0	0.0	0.0	86.60711386872978	54.45578092264748	0.0	65.5462674506699	0.0	0.0	0.0	0.0	1.523710956281555	0.0
GSM4138113_HNSCC_2_TIL_TCATTTGCACTATCTT	165.0989564704929	81.6427066978834	154.32809397009495	0.0	32.69659394256819	67.9056730146532	0.0	60.72118720474396	0.0	50.26187876745835	237.30296763005194	13.737343807293101	0.0	0.0	0.0	63.595415599369375	0.0	31.416434383707603	0.0	83.65774513479325	0.0	0.0	0.0	0.0	0.0	0.0	0.0	0.0	0.0	0.0	0.0	0.0	0.0	0.0	0.0
GSM4138113_HNSCC_2_TIL_CGTCAGGAGTCAAGCG	158.63597303351276	150.2967735774007	62.531804410235814	0.0	1.254316761227117	0.0	0.0	22.57669133088757	90.51688133964369	94.7055253405195	0.0	11.898262707913394	0.0	0.0	0.0	0.0	0.0	7.420988432183097	0.0	0.0	18.793108679001513	0.0	0.0	0.0	8.72928535157424	0.0	0.0	0.0	0.0	70.68985646515222	0.0	0.0	0.0	0.0	0.0
GSM4138113_HNSCC_2_TIL_TCATTTGGTTTGCATG	96.80339367595843	147.4513092585121	50.53887318423381	8.115365605930686	20.07818498181108	0.0	0.0	0.0	17.501679132498253	0.0	0.0	0.0	0.0	4.327697126947549	57.23508445577115	0.0	0.0	7.116865674289056	0.0	0.0	0.0	0.0	14.044050024382742	0.0	55.356114799290616	0.0	0.0	0.0	0.0	0.0	0.0	5.832903989550847	0.0	0.0	0.0
GSM4138113_HNSCC_2_TIL_TGACGGCGTCCCTACT	149.8453022758086	141.00954894845	105.08648860278531	0.0	10.98288990199462	0.0	99.6902111412322	19.953229112786463	0.0	21.062525929244853	0.0	6.146394414286445	99.77483661175616	0.0	0.0	0.0	0.0	0.0	0.0	0.0	0.0	89.827342525828	0.0	0.0	0.0	0.0	9.959565633499729	0.0	8.823794367465297	0.0	0.0	0.0	0.0	0.0	12.140331204915674
GSM4138113_HNSCC_2_TIL_ACGCCGAGTACTTCTT	173.4334890789731	64.4182363467005	64.73175679604863	0.0	12.405203152696641	57.758994008536575	91.81731236179552	0.0	0.0	0.0	0.0	0.0	0.0	0.0	0.0	7.502569012395667	22.486408206364363	9.604151966673644	22.80176388265107	0.0	0.0	0.0	0.0	0.0	0.0	0.0	0.0	0.0	0.0	0.0	0.0	7.420180810483396	0.0	0.0	0.0
GSM4138113_HNSCC_2_TIL_CAGGTGCGTAGCGCTC	100.59931565645067	65.8747048981451	65.13711563568343	0.0	2.441642846363311	50.746263887555706	91.99842601772322	0.0	56.173067015318146	0.0	0.0	0.9421868165834888	0.0	0.0	0.0	0.0	6.244136497955024	12.710682073926739	0.0	0.0	0.0	0.0	16.293958738410087	0.0	0.0	0.0	0.0	0.0	0.0	0.0	0.0	0.0	0.0	0.0	0.0
GSM4138113_HNSCC_2_TIL_TGAGCCGGTTACGGAG	135.48666271588112	194.54340468734247	193.83225936298848	377.84467458392123	65.46367868469187	2.4963177481336496	0.0	154.51863069581339	82.77678635637902	9.524807739611637	0.0	34.78703324457407	0.0	0.0	0.0	75.64622727014034	0.0	6.759906515669872	0.0	0.0	0.0	0.0	0.0	0.0	0.0	0.0	13.707449552801144	0.0	0.0	0.0	0.0	0.0	7.37425441783856	101.39883585611324	0.0
GSM4138113_HNSCC_2_TIL_TGGCTGGTCGTCCAGG	106.55658195225729	121.84681625332158	61.557054849902386	90.00776067568796	4.733762722139702	78.38947188903428	0.0	0.0	0.0	0.0	0.0	0.979624088809695	0.0	0.0	0.0	12.762033169331787	0.0	22.588845894573684	31.37730948870107	0.0	0.0	0.0	16.033966416593852	0.0	0.0	0.0	0.0	0.0	0.0	0.0	0.0	6.8414025176242195	0.0	0.0	0.0
GSM4138113_HNSCC_2_TIL_CCTTCGATCGTGGTCG	191.65423632478377	122.95350460651288	132.2150535960542	0.0	22.61547270949141	0.0	159.0616677357268	12.411309810405655	16.143232067427647	98.65321629253035	0.0	10.993820389954239	0.0	0.0	0.0	0.0	0.0	0.0	0.0	0.0	0.0	0.0	8.851104146104305	0.0	7.797835642892891	46.34763242712053	23.788813652034666	0.0	0.0	0.0	0.0	0.0	10.234400705387914	1.5036188712593528	2.700004654921246
GSM4138113_HNSCC_2_TIL_CGACTTCGTTTGACTG	64.08264469657115	107.5695136314338	53.03044256840503	0.0	20.43804320980346	0.0	0.0	18.760722339884637	0.0	0.0	0.0	11.195134904789214	25.364848017953612	0.0	81.98966170107008	0.0	0.0	0.0	0.0	0.0	0.0	0.0	0.0	0.0	0.0	0.0	5.093510500873735	81.61855810266951	0.0	0.0	0.0	0.0	7.511279203917109	0.0	0.0
GSM4138113_HNSCC_2_TIL_GCTTCCATCTCTTGAT	117.56225054126193	109.41242097980609	29.345113267860278	0.0	24.723383137242926	0.0	112.96307129855632	8.403218145898254	0.0	45.776820212770275	0.0	12.339318296040805	0.0	0.0	0.0	0.0	6.0869143280210745	0.0	0.0	0.0	11.855366910799388	0.0	2.252633415095211	29.16494332182797	0.0	0.0	1.494992425524214	0.0	0.0	0.0	0.0	5.460380559007264	0.0	0.0	0.0
GSM4138113_HNSCC_2_TIL_TAGTTGGTCCAAGCCG	127.50008242249147	67.91664766221913	74.76980326339567	0.0	0.0	0.0	0.0	25.079243141528046	78.0688913157825	119.0090116270566	0.0	14.703704951830822	0.0	0.0	63.10303432760593	0.0	0.0	8.165596458776305	0.0	0.0	0.0	0.0	0.0	0.0	0.0	0.0	0.0	0.0	0.7702757148425583	0.0	0.0	0.0	0.0	0.0	6.225773344985072
GSM4138113_HNSCC_2_TIL_CGCGGTACAAGTTGTC	0.0	0.0	2847.0437067164135	0.0	0.0	0.0	0.0	0.0	0.0	0.0	0.0	0.0	0.0	0.0	0.0	0.0	0.0	0.0	0.0	0.0	0.0	0.0	0.0	0.0	0.0	0.0	0.0	0.0	0.0	0.0	0.0	0.0	0.0	0.0	0.0
GSM4138113_HNSCC_2_TIL_GGATGTTCACCAGGCT	0.0	93.53360774295123	242.47927193495636	55.52839086034003	9.973148660052816	230.26103563673485	0.0	0.0	0.0	0.0	0.0	3.559464492801925	0.0	0.0	0.0	0.0	0.0	0.0	0.0	20.758152769013993	0.0	0.0	0.0	0.0	0.0	0.0	9.399958911234785	0.0	0.0	0.0	0.0	0.0	0.0	0.0	0.0
GSM4138113_HNSCC_2_TIL_ACCCACTGTTTAAGCC	131.25254914598625	32.81499597774556	100.98898273112485	198.33962958056023	89.03648031307016	0.0	0.0	78.85410812366243	0.0	0.0	0.0	22.184695425122992	19.718293219581337	0.0	0.0	46.955087298111955	0.0	13.421844877056968	0.0	0.0	0.0	0.0	0.0	0.0	0.0	55.0389417585265	0.0	0.0	4.339708197867844	0.0	0.0	0.0	0.0	23.151526951021264	0.0
GSM4138113_HNSCC_2_TIL_ACGATGTTCATTCACT	109.91993050866516	121.32930710410626	60.79366272172072	0.0	6.979347322271252	0.0	0.0	0.0	0.0	137.5633322849506	0.0	0.0	0.0	0.0	154.29192372821709	2.03007869380952	55.65259693074266	3.9953208000657034	0.0	53.39641595615911	0.0	0.0	0.0	0.0	0.0	0.0	0.0	0.0	0.0	0.0	0.0	0.0	0.0	0.0	0.0
GSM4138113_HNSCC_2_TIL_ATCCACCTCTTGTACT	144.9700709092651	133.03532154241174	133.02644007365603	301.9881721289112	56.047374452168306	0.0	0.0	85.0383112145047	116.37760429725644	172.696426678849	0.0	27.489821162132714	0.0	0.0	0.0	35.21322436248492	0.0	0.0	0.0	19.284976799947984	0.0	0.0	0.0	0.0	0.0	0.0	22.59427510914567	0.0	6.416416968407419	0.0	0.0	0.0	0.0	0.0	0.0
GSM4138113_HNSCC_2_TIL_CATCGGGAGAAAGTGG	134.48385544280654	133.14066271500204	161.40942284593655	313.80108441010395	32.65224458337117	0.0	0.0	54.12936233212613	0.0	0.0	0.0	41.92088322227662	0.0	0.0	0.0	37.06139209778981	0.0	0.0	0.0	0.0	0.0	135.2126261075874	0.0	0.0	0.0	0.0	43.02647496783241	0.0	3.4337677707825627	0.0	0.0	0.0	0.0	94.95938995457544	0.0
GSM4138113_HNSCC_2_TIL_CGAATGTGTCGGCATC	132.20416480862133	49.32661817885332	104.09169313655745	171.32970110690636	97.00239704039309	51.184927707518355	0.0	84.71829415930928	0.0	0.0	0.0	12.721510938138808	0.0	0.0	0.0	0.0	0.0	0.0	136.6310171190052	0.0	26.819624329828446	0.0	0.0	37.29135792731195	0.0	0.0	13.08124899526317	0.0	16.982547357879337	0.0	0.0	0.0	0.0	54.64363431995281	0.0
GSM4138113_HNSCC_2_TIL_GGACAGACAGCGATCC	172.49978142782197	137.9388001979334	116.05697672676841	0.0	120.91445062947169	0.0	0.0	76.64890262060621	0.0	0.0	0.0	19.1097478127332	0.0	0.0	244.24423376574202	0.0	0.0	0.0	7.90799355752436	0.0	19.783078411523576	159.16098030229003	0.0	0.0	124.07418789818355	0.0	16.742066510979942	0.0	0.0	0.0	0.0	0.0	28.99651796343651	0.0	0.0
GSM4138113_HNSCC_2_TIL_GTAACTGAGACTACAA	157.84084790737083	97.25379457693664	93.23904695489676	158.92529198107283	31.160119454379597	0.0	0.0	70.07287875304137	58.92175477035281	0.0	0.0	19.17367084418102	0.0	0.0	0.0	0.0	0.0	26.68824040673579	0.0	0.0	0.0	0.0	0.0	0.0	0.0	0.0	0.0	0.0	9.763816778155785	0.0	0.0	0.0	0.0	138.93361872349246	26.214003970621853
GSM4138113_HNSCC_2_TIL_GTCACAAGTGAAAGAG	151.18923367689436	130.5781220066014	109.3924782891153	169.0619795035911	70.12075711307126	0.0	0.0	133.83968138414127	0.0	0.0	0.0	27.39422556501319	0.0	0.0	0.0	28.949381174873327	0.0	17.488730369055812	0.0	0.0	0.0	160.21673931341272	0.0	0.0	0.0	0.0	0.0	0.0	36.45783834619982	0.0	0.0	0.0	0.0	105.94292967598973	0.0
GSM4138113_HNSCC_2_TIL_TCGCGAGGTCGCGGTT	144.89592128648593	107.94736174710238	153.95364597529988	234.8512572665039	58.4370993632336	0.0	0.0	52.24004870286914	0.0	157.67055975102667	0.0	38.19338947130559	0.0	0.0	0.0	9.557204823976729	1.077989449736815	0.0	0.0	60.77298264240547	0.0	0.0	0.0	0.0	0.0	0.0	23.96973882897385	20.673990462739866	0.0	0.0	0.0	0.0	4.1778781948549515	0.0	0.0
GSM4138113_HNSCC_2_TIL_TGACAACGTCTCTCGT	155.3028155664617	159.23226327612343	147.45666314662537	177.08200555330524	32.811439931176736	0.0	0.0	0.0	63.65416444252236	149.72596941052907	0.0	19.18243818658879	0.0	0.0	0.0	29.668818026296805	61.60704159249555	6.92466243226482	0.0	0.0	0.0	0.0	0.0	0.0	0.0	0.0	10.475106199989916	0.0	0.0	0.0	0.0	16.858803617356678	0.0	0.0	0.0
GSM4138113_HNSCC_2_TIL_TTTACTGTCTAGAGTC	186.1243908735274	66.64469248922485	146.64191573611046	0.0	42.95805048182773	155.96329890267782	0.0	117.92804995443127	0.0	0.0	280.61215327181213	98.23040956179794	16.706610809424394	0.0	0.0	0.0	0.0	0.0	66.34303342430302	0.0	45.59139220469345	0.0	0.0	102.14991485451775	0.0	0.0	24.144746326816982	18.74062238122742	11.041194133050176	0.0	0.0	0.0	9.12115543836475	0.0	0.0
GSM4138113_HNSCC_2_TIL_AAACGGGAGTAAGTAC	69.38646893850684	23.603202585849942	76.47981782432949	0.0	128.71499983883234	0.0	54.29307144234337	67.38421016532227	4.024504704281347	53.78320485514158	95.83292288619468	19.192887144279243	0.0	113.87058612530923	0.0	0.0	0.0	45.62970240151135	0.0	0.0	0.0	0.0	0.0	0.0	0.0	0.0	0.0	0.0	0.0	12.17293172647468	0.0	1.3109153301741505	5.516130072397013	0.0	0.0
GSM4138113_HNSCC_2_TIL_ACACCGGAGAATGTTG	2.7650795146598153	50.78004382791335	54.244656564164536	119.46628863098177	105.40825397173295	0.0	0.0	56.770346939060445	84.49712651305781	58.25687160620629	0.0	2.030754698438802	0.0	0.0	0.0	92.62401108936652	0.0	8.351868364046311	0.0	0.0	0.0	0.0	0.0	0.0	0.0	0.0	0.0	0.0	6.567546755717098	0.0	0.0	0.0	0.0	0.0	0.0
GSM4138113_HNSCC_2_TIL_ACACCGGTCCGCATAA	15.61742601344482	118.31718786220833	30.636751738668806	120.28435097145574	79.57370461202107	0.0	0.0	0.0	0.0	0.0	0.0	17.318438103988324	0.0	66.48999883375858	9.548458025351852	10.518963537459765	0.0	18.957024042828884	12.802484687787302	0.0	0.0	0.0	37.6505474538507	0.0	67.67475776676537	12.206693217829514	0.0	0.0	0.0	0.0	0.0	9.142075911332658	0.0	0.0	0.0
GSM4138113_HNSCC_2_TIL_ACATGGTAGCAGACTG	65.13117017302298	82.74518523561073	182.69803833502016	237.67888623797714	105.1251250433023	0.0	0.0	16.038110989383878	0.0	0.0	0.0	24.056830043425975	62.76905271047114	102.66384355214015	0.0	0.0	0.0	2.6228216008372547	0.0	0.0	0.0	0.0	51.036675083744406	22.522940687484038	0.0	79.41093493666091	0.0	3.2462882437178666	48.09970744883973	0.0	0.0	0.0	0.0	0.0	0.0
GSM4138113_HNSCC_2_TIL_ACGTCAAGTTATCGGT	110.88667241607693	59.56636205815926	157.6090586824184	0.0	66.57583658299112	0.0	0.0	86.66257601222478	0.0	95.39243533139529	0.0	24.85873471675481	0.0	118.52048072109115	90.23757632123403	0.0	2.6589280579635246	10.249021060050328	0.0	0.0	0.0	0.0	0.0	188.44342805308906	0.0	0.0	0.0	0.0	0.0	63.92739033994503	0.0	32.97565758537849	0.0	0.0	0.0
GSM4138113_HNSCC_2_TIL_ACTGAACGTAGCGCTC	45.0764262034333	42.95982829892644	47.08851857984055	140.72627438394744	68.15903942191103	0.0	0.0	51.00978412088877	44.909626675398684	21.897807105393042	0.0	7.642141785582046	0.0	32.648622135273456	0.0	0.0	0.0	17.104077494456508	0.0	0.0	0.0	0.0	0.0	0.0	3.1258046930943317	0.0	0.0	0.0	0.0	0.0	0.0	0.0	7.662565027496594	0.0	55.813481070813914
GSM4138113_HNSCC_2_TIL_AGCATACGTCGTCTTC	49.70360793101244	32.68637557026585	72.61044737512252	160.16373829226706	113.55882149068371	23.094733119839066	0.0	61.45464943128709	0.0	2.6947259061601123	0.0	52.512957007239116	0.0	0.0	0.0	0.0	2.3032204128953664	11.13151614410155	0.0	0.0	0.0	0.0	5.078545156545609	0.0	0.0	81.09196498254312	3.2301857539592596	0.0	8.236761524862029	0.0	3.426384849217002	0.0	0.0	0.0	133.03123222226608
GSM4138113_HNSCC_2_TIL_AGCCTAATCGCGTTTC	91.71708144898568	39.670256161845934	74.78701093955056	26.129772529785264	88.89480976223435	0.0	110.07701753069537	92.7348703420284	0.0	53.749648285157924	0.0	51.824200209267495	0.0	83.69785033669866	0.0	0.0	0.0	8.901418073706632	0.0	89.05015471204496	49.93177983263242	0.0	0.0	0.0	0.0	0.0	0.0	0.0	0.0	23.610770055349157	0.0	2.6200651723451	0.0	0.0	0.0
GSM4138113_HNSCC_2_TIL_ATTGGACCAACGCACC	60.394253453940586	58.59723992665732	53.75667918459484	100.64091163230651	70.14791962340874	0.0	0.0	84.3874260413959	0.0	60.702399591671615	0.0	25.658968955460132	0.0	154.31443334441042	84.56657421408637	0.0	0.0	11.221292509651096	0.0	56.61842239574521	0.0	37.11639789048334	0.0	0.0	0.0	0.0	0.0	0.0	0.0	0.0	0.0	7.016763052919309	0.0	0.0	0.0
GSM4138113_HNSCC_2_TIL_CACAGGCGTTCCTCCA	0.0	0.0	0.0	0.0	0.0	0.0	0.0	0.0	0.0	0.0	0.0	0.0	0.0	0.0	0.0	0.0	0.0	0.0	0.0	0.0	1505.288889961399	0.0	0.0	0.0	0.0	0.0	0.0	0.0	0.0	0.0	0.0	0.0	0.0	0.0	86.86734549852214
GSM4138113_HNSCC_2_TIL_CAGCGACAGTACGCCC	45.106094644048305	0.8703854316332067	32.8323858390762	142.92162324777482	93.66505633303203	6.999405268913249	0.0	50.4390321954417	0.0	20.497602376365347	0.0	19.554045576047365	0.0	0.0	0.0	92.87734193195094	0.0	10.074299130494664	0.0	0.0	0.38867446494652524	0.0	0.0	0.0	0.0	0.0	0.0	57.93688509722064	0.0	0.0	0.0	18.964486424578	0.0	0.0	0.0
GSM4138113_HNSCC_2_TIL_CATGCCTCACTGAAGG	48.303164768065706	125.00195507365532	62.98815054188628	35.68066955496067	110.60168289771424	0.0	0.0	0.0	0.0	112.80355772865549	0.0	15.216500039435306	0.0	179.51223912388713	93.19314650787493	0.0	46.286106747912726	14.566450236799009	0.0	0.0	0.0	87.64281617348125	0.0	0.0	0.0	0.0	0.0	0.0	0.0	0.0	0.0	0.0	0.0	0.0	0.0
GSM4138113_HNSCC_2_TIL_CCAATCCCAGATGGGT	75.58392508157463	13.366405275448573	60.583501044376675	64.9981595996639	34.02178023223646	0.0	0.0	52.53480724163177	34.10401903642014	0.0	0.0	9.542176065703494	0.0	0.0	26.036391659606686	36.21715502446064	0.0	6.058959840039857	0.0	0.0	0.0	0.0	0.0	0.0	31.310016805579195	0.0	0.0	0.0	0.0	0.0	0.0	13.016202112709488	0.0	0.0	0.0
GSM4138113_HNSCC_2_TIL_CCACGGAGTACCGTAT	90.16787261178924	45.60835311962088	22.970601583989108	0.0	69.32524347780696	0.0	0.0	32.836483694703304	41.494374880953934	64.98939668846229	111.25960915566363	2.227908147181739	0.0	103.96382275392698	0.0	0.0	0.0	0.0	0.0	0.0	0.0	0.0	0.0	0.0	0.0	0.0	6.425713443200537	0.0	10.510984095605961	0.0	0.0	0.0	0.0	0.0	0.0
GSM4138113_HNSCC_2_TIL_CCGGGATGTCGCATAT	80.42490401468784	67.85140473720875	37.775845186640446	87.59190689581412	115.49152750278228	0.0	71.57707171666192	67.38283534296029	0.0	52.60479716818021	0.0	4.8236436935049865	0.0	18.242383296152365	0.0	138.04442212116948	1.2427953075940772	0.1087600450237132	11.768021987834338	0.0	0.0	63.04541316180215	0.0	0.0	0.0	0.0	0.0	0.0	0.0	0.0	0.0	0.0	30.49434890651868	0.0	0.0
GSM4138113_HNSCC_2_TIL_CGATGTAGTCATTAGC	65.60222178944012	60.04690064465605	46.428437672611544	148.54605438245756	101.10986351763579	0.0	0.0	83.95928555803954	0.0	43.64389220294017	0.0	15.752806398262734	6.119302100941493	32.42800647936601	0.0	54.02739224661382	0.0	15.860121501857058	0.0	0.0	0.0	0.0	0.0	0.0	0.0	0.0	0.0	71.17170128211055	1.9290242510739248	0.0	0.0	0.0	0.0	0.0	0.0
GSM4138113_HNSCC_2_TIL_CTACACCAGGTCATCT	61.31511372305896	54.465602980848324	22.319557813203122	98.48763064464237	61.230572743995225	0.0	0.0	0.0	0.0	37.808010679647936	0.0	38.31094065521542	0.0	86.244275974831	0.0	0.0	30.16760491233322	0.0	0.0	0.0	0.0	0.0	0.0	70.31930690965416	0.0	0.0	0.0	0.0	0.0	0.0	12.85586514920366	0.0	5.32012660344154	0.0	0.0
GSM4138113_HNSCC_2_TIL_CTAGTGATCACGACTA	39.92346402829615	83.6151170029962	84.93067110174661	113.35275193654194	138.64876927601472	43.263361036656356	0.0	47.063363513908975	74.74986811125868	0.0	0.0	22.800154622155308	0.0	0.0	0.0	108.76462110233597	0.0	19.38010548032374	0.0	0.0	19.51100864987291	0.0	21.663716420129422	0.0	0.0	0.0	0.0	28.128685237425916	0.0	0.0	0.0	7.002953876168199	0.0	0.0	0.0
GSM4138113_HNSCC_2_TIL_CTGCTGTAGTGCTGCC	25.083168684466074	82.61186738108226	22.441296289192028	0.0	62.40811544373776	6.857378946007313	117.048887356405	46.02881855506301	70.72341180303079	26.720530518583626	0.0	19.625263537036524	0.0	118.82221601802728	0.0	0.0	0.0	22.997487609163585	0.0	0.0	0.0	0.0	0.0	0.0	0.0	0.0	0.0	0.0	0.0	0.0	9.127674503892111	0.0	4.77739441996495	0.0	0.0
GSM4138113_HNSCC_2_TIL_GACGTGCCACATCTTT	70.70393074416947	93.52025248539456	50.50767808808258	24.792657769277703	102.59148215573488	0.0	0.0	109.29478180480504	0.0	129.3946497472658	0.0	33.278093202022326	0.0	100.45987435986783	98.66646515200495	9.088006278630694	0.0	6.271126459835386	0.0	71.64861315501082	34.75622121646907	0.0	0.0	0.0	0.0	0.0	0.0	0.0	0.0	0.0	0.0	0.0	26.777292666067947	0.0	0.0
GSM4138113_HNSCC_2_TIL_GATCTAGGTGGCTCCA	47.8069088487911	18.507249037604687	45.03826916929237	0.0	50.732209392269596	0.0	0.0	3.4976432590930844	2.7254996402896476	11.410528168618397	133.13982797825665	14.351061352271882	0.0	0.0	0.0	10.604585124031557	9.026630720003999	14.250098996074849	0.0	0.0	42.710996380576475	27.596853210314613	36.34023246366936	0.0	0.0	6.431554542373033	0.0	0.0	1.2458208624902118	0.0	0.0	0.0	0.0	0.0	0.0
GSM4138113_HNSCC_2_TIL_GCCAAATCAGCCTATA	148.35974062211943	37.06937053901367	20.82600557421158	0.0	25.975764123867382	0.0	0.0	62.68896627033114	0.0	14.722792940200591	97.5967326846908	3.6312920488108986	0.0	66.4168639632704	0.0	0.0	0.0	7.036143318643057	0.0	0.0	0.0	39.726234670440874	0.0	0.0	14.624490542603239	0.0	0.0	0.0	0.0	0.0	0.0	0.0	14.005915099284202	8.748497000432156	0.0
GSM4138113_HNSCC_2_TIL_GCGCAGTGTCTTGATG	33.87797439175022	22.323805328046284	47.026547052445984	0.0	65.95463277213881	0.0	53.9432148218397	44.96374434654979	0.0	0.0	76.48491369104102	5.786788759167103	19.956446587393472	52.38390650627816	0.0	11.673653857319167	0.0	0.0	0.0	0.0	0.0	0.0	0.0	0.0	0.0	0.0	1.3170584100373506	82.28934549331811	0.0	0.0	0.0	0.0	0.0	0.0	0.0
GSM4138113_HNSCC_2_TIL_GGACAAGTCCTCAATT	107.97721068370255	127.39113686885766	113.49745621328506	0.0	158.96540143035412	0.0	0.0	81.96464049864807	0.0	40.883245031676836	0.0	3.331546360009522	0.0	0.0	205.06782091138166	0.0	0.0	0.0	0.0	48.6869611139417	0.0	0.0	0.0	0.0	0.0	0.0	31.361013025897552	0.0	15.119932383733437	0.0	45.54613285398939	0.0	0.0	0.0	117.38935355629715
GSM4138113_HNSCC_2_TIL_GGGTCTGAGCTATGCT	76.30768201208413	51.455914295549604	36.65422121796612	116.3735214347828	65.5223853770419	0.0	0.0	0.0	0.0	39.60405204690838	0.0	17.79641854217605	0.0	0.0	0.0	0.0	3.7070420969448876	0.0	0.0	0.0	129.42931825704756	64.89710084603043	105.1048638256328	0.0	0.0	0.0	35.23641655430715	0.0	1.945386646930575	0.0	0.0	0.0	0.0	0.0	0.0
GSM4138113_HNSCC_2_TIL_GTAGGCCAGCACCGCT	0.0	0.0	0.0	0.0	1690.1016365213216	0.0	0.0	0.0	0.0	0.0	0.0	0.0	0.0	0.0	0.0	0.0	0.0	0.0	0.0	0.0	0.0	0.0	0.0	0.0	0.0	0.0	0.0	0.0	0.0	0.0	0.0	0.0	0.0	0.0	0.0
GSM4138113_HNSCC_2_TIL_GTCAAGTTCCGCAAGC	55.4959394012347	100.1019161454954	81.9418757292366	145.84342716135748	85.9301505954628	0.0	0.0	68.78930747128808	0.0	0.0	0.0	32.08491562422125	0.0	0.0	25.8102575799877	47.041666038695595	0.0	0.0	0.0	0.0	63.39423568007017	0.0	0.0	0.0	0.0	100.90933293341291	13.273289196911694	0.0	0.0	0.0	54.04459122336218	3.1928274525189715	0.0	0.0	0.0
GSM4138113_HNSCC_2_TIL_GTTACAGAGGCCGAAT	47.42697813381536	77.64395884043145	53.64422081027741	18.64996919640071	101.19996394532397	60.349593376098596	139.63565295924303	8.58728537710419	49.44191507823923	0.0	0.0	26.951233503341047	0.0	127.7799543271989	9.855453721885905	0.0	0.0	3.713692641584193	0.0	0.0	0.0	0.0	65.92769403765129	0.0	0.0	0.0	12.227374329466942	0.0	0.0	0.0	0.0	10.362767400436487	0.0	0.0	0.0
GSM4138113_HNSCC_2_TIL_TAGAGCTCAGATGGCA	142.4972178334995	77.53291145891707	144.410117304449	9.200521632648663	119.06681254450967	0.0	59.91477686050864	84.82923881530833	86.84921297239794	0.0	159.68560525887034	34.279676391422456	75.23377452947852	165.22594108832337	0.0	0.0	48.63386694851543	0.0	0.0	0.0	0.0	0.0	0.0	0.0	0.0	0.0	7.762158810357558	0.0	0.0	0.0	0.0	49.435216306853235	0.0	0.0	0.0
GSM4138113_HNSCC_2_TIL_TAGCCGGTCAAAGTAG	65.72935083726898	48.35073172371371	23.257608086287338	87.39457803727265	130.54322929800335	77.16913382768169	0.0	68.3257169008832	0.0	0.0	0.0	4.266117167576317	0.0	0.0	39.91619378586481	14.88985145363304	0.0	0.0	0.0	0.0	86.36791685617486	67.43726546672106	0.0	0.0	0.0	0.0	14.480215900389389	0.0	9.967870188238624	0.0	0.0	0.0	0.0	0.0	0.0
GSM4138113_HNSCC_2_TIL_TCAGCAATCCTTGGTC	74.08930115402786	85.23752953383729	0.0	0.0	37.26277976638376	0.0	0.0	86.92199093394672	0.0	62.13409148071514	0.0	0.0	0.0	68.99228963060607	130.7669652190056	0.0	2.0787762926763484	0.0	0.0	16.548344177948326	0.0	0.0	0.0	0.0	0.0	0.0	0.0	0.0	5.838506489835906	0.0	0.0	0.0	0.0	0.0	0.0
GSM4138113_HNSCC_2_TIL_TCGAGGCCATATACCG	37.14660008622416	57.68501701228908	92.97870537491482	0.0	61.1318769024764	0.0	187.3845056419335	0.0	53.08304201503234	64.49857656565416	0.0	43.20596729565245	0.0	73.22841821284196	0.0	0.0	92.5356402712695	0.0	0.0	0.0	0.0	0.0	5.2413713244928495	0.0	0.0	0.0	20.491626043532506	0.0	12.785786819783526	0.0	0.0	0.0	0.0	0.0	0.0
GSM4138113_HNSCC_2_TIL_TCTTTCCCAGATCGGA	37.91142555938692	70.7354211812913	236.98278131259585	184.65732911204526	77.22509845987979	0.0	0.0	74.0528295563487	19.70929493746073	40.66686845797932	0.0	23.134261052951352	0.0	80.71336932391858	5.327919252030819	0.0	0.9512709324205637	0.0	0.0	0.0	0.0	87.17113222588429	0.0	0.0	0.0	0.0	20.583118327098198	0.0	0.0	0.0	0.0	28.249461660956968	0.0	22.601436934677146	0.0
GSM4138113_HNSCC_2_TIL_TCTTTCCGTCCATGAT	79.98157885937881	67.96676967590152	41.612854285426316	142.91709813216897	80.4220867574489	0.0	0.0	0.0	62.52408051483185	74.55809984844224	0.0	7.629857700949273	0.0	0.0	0.0	87.17312623608059	0.0	38.281604548105314	0.0	0.0	30.58171921039082	0.0	104.94218415721774	0.0	0.0	0.0	0.0	0.0	0.0	0.0	0.0	0.0	13.331654218251218	0.0	0.0
GSM4138113_HNSCC_2_TIL_TGAGCCGTCTCGCTTG	82.38616042623428	46.69933841503613	53.4348582688612	134.65680841949097	129.02686943046183	0.0	0.0	12.893593005575083	46.05108947880491	54.45870859304485	0.0	18.45761907115823	0.0	0.0	0.0	99.78124174568308	37.96456375023384	0.0	0.0	0.0	0.0	0.0	0.0	0.0	0.0	0.0	20.64395233855133	0.0	0.0	0.0	0.0	11.831199005514119	0.0	0.0	0.0
GSM4138113_HNSCC_2_TIL_TTAACTCCACGGTAAG	73.05982871342866	35.80071216792989	0.44419913409216055	0.0	83.42255754456144	0.0	122.89799056437302	28.195196603489652	57.313772407681356	0.0	0.0	5.0444316193468834	20.274243114555446	91.84681343748413	0.0	0.0	0.0	9.536126367217019	0.0	0.0	0.0	0.0	6.506728271917775	0.0	0.0	0.0	0.0	0.0	20.52642427690214	0.0	0.0	0.0	0.0	0.0	0.0
GSM4138113_HNSCC_2_TIL_GCACATAGTGCTCTTC	174.46098730254062	95.7869288010953	37.73337209340625	0.0	17.305127931059637	0.0	53.606696234744426	0.0	58.34977782464393	0.0	0.0	16.290243157680738	160.41797344996317	0.0	0.0	0.0	49.06953430993724	0.0	0.0	0.0	0.0	0.0	0.0	0.0	0.0	0.0	20.98977500563083	0.0	0.0	0.0	0.0	0.0	24.846893338521053	0.0	0.0
GSM4138113_HNSCC_2_TIL_AACTGGTAGCCACGTC	177.34125032415847	166.89894421944953	166.433628655535	0.0	47.58474759122619	0.0	0.0	0.0	134.43526427849574	143.30995362205283	194.485353159951	125.70862909938515	0.0	0.0	0.0	19.798461246066136	0.0	0.0	0.0	0.0	0.0	0.0	177.26291202928581	0.0	0.0	106.01189184170507	17.484540432610924	104.2621388885277	0.0	0.0	0.0	0.0	16.59653043646192	0.0	0.0
GSM4138113_HNSCC_2_TIL_ATCTGCCAGACTAGGC	144.2481322187736	170.53354612667235	97.31049135112906	0.0	31.912118777923947	0.0	70.28348934226098	55.501011593337154	0.0	0.0	0.0	66.05415794231268	108.20841565912748	0.0	0.0	0.0	0.0	4.661790655102763	0.0	0.0	0.0	0.0	0.0	0.0	0.0	143.22154487163453	1.5713222039068353	0.0	0.0	0.0	0.0	0.0	24.847625861905623	0.0	0.0
GSM4138113_HNSCC_2_TIL_CAACCTCTCCTACAGA	215.02396114649025	98.71819269964186	196.26468832956888	301.48858661837284	20.429463948088355	0.0	0.0	53.60683661372473	0.0	0.0	0.0	12.993548819604616	211.00793755197284	0.0	0.0	31.21292248729818	7.574544358104212	0.0	0.0	0.0	0.0	0.0	0.0	0.0	0.0	298.60849365954664	30.527591230382342	0.0	0.0	0.0	0.0	0.0	15.983342416204033	0.0	0.0
GSM4138113_HNSCC_2_TIL_CAAGGCCGTAGAGCTG	51.41508458439837	182.5626224580868	37.30186497768593	0.0	34.509669442476934	0.0	0.0	0.0	384.10007719852064	0.0	129.27774509726393	99.47848181526992	0.0	0.0	0.0	0.0	0.0	0.0	0.0	0.0	0.0	0.0	207.04395945369	0.0	72.02024563338675	0.0	5.68517265148101	0.0	0.0	0.0	0.0	56.78306458805116	0.0	0.0	28.242456968894643
GSM4138113_HNSCC_2_TIL_CACACTCCACAACGCC	61.45113921103447	78.95509030580246	82.90942082012891	16.223614593728513	12.279483492019832	0.0	0.0	75.54249969095895	0.0	42.119875406683434	69.26632265397699	0.06660130696658056	0.0	0.0	66.2660748801194	26.49074860149958	0.0	0.5321684280648729	0.0	27.077781851586348	0.0	0.0	0.0	0.0	0.0	0.0	35.25349261349614	0.0	0.0	0.0	0.0	0.0	0.0	0.0	0.0
GSM4138113_HNSCC_2_TIL_CTCGGGACACTGAAGG	394.18503616621626	213.69734712544852	196.7422862949199	0.0	22.602735589057446	0.0	169.70086791304192	118.46087404457104	0.0	0.0	0.0	86.29398739621851	264.22339827238295	0.0	0.0	0.0	0.0	21.415445585263818	412.3313148558231	0.0	0.0	0.0	0.0	0.0	0.0	0.0	0.0	0.0	25.757511976157485	0.0	0.0	8.042920725274293	0.0	0.0	3.6406708591889663
GSM4138113_HNSCC_2_TIL_CTTGGCTGTTCGCTAA	0.0	0.0	0.0	0.0	0.0	0.0	0.0	0.0	0.0	0.0	0.0	1648.0483132295778	0.0	0.0	0.0	0.0	0.0	0.0	0.0	0.0	0.0	0.0	0.0	0.0	0.0	0.0	0.0	0.0	0.0	0.0	0.0	0.0	0.0	0.0	0.0
GSM4138113_HNSCC_2_TIL_GACCAATGTTACGACT	0.0	0.0	0.0	0.0	0.0	0.0	0.0	2798.773676911112	0.0	0.0	0.0	0.0	0.0	0.0	0.0	0.0	72.05116700817226	0.0	0.0	0.0	0.0	0.0	0.0	0.0	0.0	0.0	0.0	0.0	0.0	0.0	0.0	0.0	0.0	0.0	0.0
GSM4138113_HNSCC_2_TIL_GCGGGTTCAGCGTCCA	171.73575114084414	194.86371190458215	458.3263988857273	0.0	29.101436319677326	0.0	0.0	26.76297070850108	123.7252342073272	0.0	193.49760425066845	11.421493690351012	0.0	0.0	0.0	38.87869420407274	53.39923266445396	31.5512688577222	27.850790164509554	0.0	0.0	145.09671122826103	0.0	0.0	158.00895904997904	0.0	0.0	0.0	0.0	31.572330850932975	121.01846766764173	15.767865769428646	0.0	0.0	0.0
GSM4138113_HNSCC_2_TIL_GTAGGCCAGTCGTACT	135.0074392556769	98.73900512214145	203.65425380989336	160.4642290862853	9.440636943889698	0.0	0.0	2.30714517242441	0.0	0.0	0.0	53.490107692651165	161.3216724168945	0.0	0.0	1.6001064016774658	108.68544322692287	0.0	0.0	0.0	0.0	0.0	0.0	0.0	0.0	223.4718793186247	24.678166058052156	0.0	19.084337089660888	0.0	0.0	0.0	0.0	0.0	0.0
GSM4138113_HNSCC_2_TIL_GTGAAGGGTAGAAGGA	222.2311188137458	51.263025347045726	174.83884442625393	0.0	43.371014296466	0.0	36.18737249404228	72.51529280569426	0.0	138.81606730720566	52.62754535072652	27.76350586235614	0.0	0.0	0.0	0.0	0.0	11.440715242448174	0.0	0.0	0.0	0.0	0.0	0.0	0.0	299.2007686774823	0.0	0.0	16.24207660202433	0.0	0.0	0.0	0.0	0.0	61.42644784543581
GSM4138113_HNSCC_2_TIL_GTTACAGCATAGGATA	100.83490859726837	212.62688596361863	60.08429245526015	0.0	171.95419948643772	0.0	0.0	156.55541911792236	159.37332865130827	0.0	0.0	28.66177946663302	253.50697439180112	0.0	176.49729382935843	0.0	0.0	0.0	0.0	0.0	0.0	0.0	0.0	0.0	0.0	0.0	18.953592783865663	0.0	0.0	0.0	0.0	0.0	28.033309496778433	0.0	0.0
GSM4138113_HNSCC_2_TIL_TAGGCATCATGACGGA	156.9889260747029	175.27003234718828	225.094607423834	0.0	73.53080457054293	0.0	0.0	92.28144615505295	191.79187282938136	0.0	181.61214886136383	101.54413630406762	0.0	0.0	0.0	0.0	0.0	36.74726520828938	0.0	0.0	37.60778293229051	0.0	79.27732334360113	0.0	23.657000516578034	0.0	0.0	103.36838029879773	0.0	0.0	217.627670201856	64.86878757943188	0.0	0.0	0.0
GSM4138113_HNSCC_2_TIL_TCAATCTCAAGAAGAG	314.333738493397	187.70070401582547	192.78919387044002	0.0	47.958261863711364	0.0	0.0	0.0	0.0	0.0	83.45097045776913	58.032847392714125	0.0	0.0	0.0	0.0	198.62281088512734	1.619991678915896	400.11227529153973	0.0	0.0	0.0	0.0	0.0	133.0398592027923	0.0	21.20705370379786	0.0	0.0	181.75447314154505	26.71512764270977	0.24017051404774092	0.0	0.0	21.826829426910763
GSM4138113_HNSCC_2_TIL_TGGCCAGCATGTAAGA	0.0	0.0	0.0	0.0	0.0	0.0	0.0	0.0	2804.8961249183008	0.0	0.0	0.0	0.0	0.0	0.0	0.0	0.0	0.0	292.553052303717	15.844828627748756	0.0	54.83483624817893	0.0	111.89180841629225	0.0	0.0	0.0	0.0	0.0	0.0	0.0	0.0	0.0	0.0	0.0
GSM4138113_HNSCC_2_TIL_AACTCAGCAATGGTCT	86.01660122191525	97.21286752018177	102.8514486413533	0.0	0.0	51.20376734192145	5.939188655620418	0.0	0.0	0.0	0.0	0.0	0.0	0.0	0.0	0.0	21.22748967486668	0.0	0.0	0.0	0.0	0.0	0.0	107.33711812342568	0.0	0.0	0.0	0.0	0.0	0.3801778206592797	184.86048192856344	0.0	29.145830830719383	0.0	0.0
GSM4138113_HNSCC_2_TIL_TGCGGGTGTCTAGCCG	156.9944618987462	149.69600146729246	80.98043265191357	0.0	0.0	0.0	0.0	0.0	0.0	0.0	20.14538933173332	0.0	81.32260214831139	0.0	0.0	0.0	39.92297579382554	8.925564729390064	0.0	0.0	0.0	0.0	0.0	201.54288603377654	0.0	0.0	0.0	0.0	0.0	0.0	0.0	0.0	12.865432258217444	0.0	0.0
GSM4138113_HNSCC_2_TIL_AGTGAGGTCTACCAGA	88.2822487672192	105.6669801700259	249.77911702090674	0.0	37.862721287426695	146.57907969051672	0.0	66.82653345379148	141.42661423291537	0.0	84.82695370380169	28.555136947683263	0.0	0.0	0.0	66.66690530733325	0.0	6.113471047114393	0.0	0.0	0.0	6.510828931842744	0.0	0.0	0.0	0.0	18.59562106872	0.0	22.03127182382779	174.45290048041457	0.0	0.0	0.0	0.0	0.0
GSM4138113_HNSCC_2_TIL_CATGGCGCATTCTCAT	44.147111004487385	75.38710518787413	94.76677438258942	0.0	38.86353380671227	0.0	0.0	105.71947765700209	0.0	75.35217377680982	87.20262412684437	17.74697834859824	0.0	3.188642879144654	0.0	0.0	0.0	0.0	0.0	50.775538446168625	0.0	0.0	0.0	0.0	21.053486130584744	0.0	6.063434261297534	0.0	8.08199786311954	0.0	0.0	0.0	0.0	0.0	0.0
GSM4138113_HNSCC_2_TIL_GTACTCCAGTGGGATC	200.06416135110112	99.97367163736314	201.5728369080101	411.2653121712038	99.05921507065909	0.0	0.0	100.5300109986621	127.18802250956084	145.02654987427533	0.0	43.227593804786835	0.0	114.50311553366691	107.15459523606724	7.885401433151493	0.0	60.37518698657885	10.579160868750327	0.0	0.0	51.206818567424556	3.3086987148676883	15.556482072680211	0.0	0.0	3.4552874581761945	0.0	0.0	0.0	0.0	0.0	27.699907118285687	0.0	0.0
GSM4138113_HNSCC_2_TIL_TTTGGTTGTTACCGAT	51.09234476951636	41.61796577209739	220.0455339242033	0.0	42.89857041937091	0.0	0.0	65.27147587918242	0.0	0.0	399.4244251139162	17.859043092359315	113.30133075254467	0.0	0.0	0.0	0.0	0.0	0.0	118.78080010487847	30.040111979953533	0.0	0.0	0.0	0.0	0.0	35.28189177347886	0.0	19.166831266711725	0.0	0.0	0.0	0.0	0.0	0.0
GSM4138113_HNSCC_2_TIL_AGCTCCTCAGTCGATT	124.36780709649236	98.6048372678564	198.7285935801324	0.0	8.161727688030469	0.0	60.02851323300848	71.44913450430889	0.0	0.0	0.0	11.525369906406215	79.51959823178483	11.371537359349736	0.0	0.0	0.0	29.220646113464607	0.0	0.0	0.0	43.441148857667294	0.0	0.0	0.0	0.0	0.0	0.0	1.0215616320585195	0.0	0.0	0.0	0.0	0.0	0.0
GSM4138113_HNSCC_2_TIL_AACTCCCAGTGTCTCA	0.0	0.0	0.0	0.0	0.0	0.0	0.0	0.0	0.0	0.0	0.0	0.0	0.0	0.0	0.0	0.0	0.0	1354.5621478985927	0.0	0.0	0.0	0.0	0.0	0.0	0.0	0.0	0.0	0.0	0.0	0.0	0.0	0.0	0.0	0.0	0.0
GSM4138113_HNSCC_2_TIL_AGCAGCCGTATAGGTA	55.84235459930174	32.27692441572921	70.33654520123152	100.21305552522684	43.940868830195726	4.594753446448966	0.0	0.0	0.0	0.0	0.0	0.0	89.7362806435466	0.0	0.0	10.57246709377356	39.373776132381636	0.0	0.0	0.0	0.0	0.0	0.0	107.13881023438603	0.0	0.0	332.82920917153206	0.0	0.0	0.0	0.0	0.0	348.5337939566847	0.0	0.0
GSM4138113_HNSCC_2_TIL_CTGAAACAGTGGACGT	30.798486333331685	41.96138144781806	78.67840457123552	68.34977621293646	0.0	0.0	0.0	0.0	0.0	9.929566386674304	0.0	2.715289399967243	30.121857007746964	0.0	0.0	11.476451550023926	0.0	0.0	0.0	52.907057804651146	0.0	0.0	38.619621513997636	0.0	0.0	0.0	97.50502614742946	0.0	0.0	0.0	0.0	88.00520909685486	0.0	0.0	0.0
GSM4138113_HNSCC_2_TIL_TCAGCAATCCGAAGAG	0.0	0.0	0.0	0.0	0.0	0.0	0.0	0.0	0.0	0.0	0.0	0.0	0.0	0.0	0.0	0.0	0.0	0.0	0.0	0.0	0.0	0.0	0.0	0.0	0.0	0.0	0.0	0.0	1334.4105187979912	0.0	0.0	58.07840493268331	0.0	0.0	0.0
GSM4138113_HNSCC_2_TIL_AACTCTTAGGCATGGT	198.34635939799236	70.1941356360785	116.9753507418803	0.0	69.03783209107941	132.6301394556612	0.0	0.0	0.0	0.0	438.28432345193846	26.018752604428094	0.0	62.657132549757065	0.0	0.0	0.0	15.410951140306844	248.4899507959841	0.0	7.169718278024767	0.0	272.2524574284061	0.0	0.0	65.8695128181433	0.0	0.0	6.934276272215759	0.0	0.0	5.360678219316358	0.0	0.0	0.0
GSM4138113_HNSCC_2_TIL_AAGTCTGTCTCCGGTT	91.06396559190031	113.72949544128406	100.55223085760474	173.06102054899947	76.43844383959969	0.0	133.32331379091931	0.0	308.37566056222244	144.79355307421227	29.589346201276143	49.51787889745699	0.0	54.97136907629554	52.14639164339682	0.0	0.0	15.420489299334568	0.0	0.0	0.0	0.0	214.26386988668818	0.0	0.0	0.0	0.87596968099657	0.0	0.0	0.0	0.0	16.216673447194623	0.0	0.0	0.0
GSM4138113_HNSCC_2_TIL_GACGTGCAGTAGGTGC	0.0	0.0	0.0	0.0	0.0	0.0	1012.2680517417693	0.0	0.0	0.0	3077.086893292575	0.0	0.0	0.0	0.0	0.0	0.0	0.0	0.0	0.0	0.0	0.0	0.0	0.0	0.0	0.0	0.0	0.0	0.0	0.0	0.0	0.0	0.0	0.0	0.0
GSM4138113_HNSCC_2_TIL_GATTCAGCAGCTGCAC	224.49559717117265	176.01041184595033	168.79690949781647	0.0	53.80747999815993	0.0	0.0	161.14204911099884	0.0	0.0	0.0	56.225843152329965	0.0	0.0	0.0	0.0	0.0	20.968802105936653	0.0	0.0	34.73268629809236	0.0	0.0	0.0	0.0	0.0	0.0	232.1250166763744	0.0	418.5332573670664	102.72153680765548	11.998998101788535	0.0	0.0	0.0
GSM4138113_HNSCC_2_TIL_GTACTTTGTGCAGACA	11.11219710328561	13.001467347911225	2.917495747569779	20.42719886520061	1.3171160524343255	0.0	0.0	2.566799237531593	0.0	0.0	0.0	0.0	11.105854906055084	0.0	19.643885871979098	1.6907527402822624	0.0	0.0	37.2914129205064	0.0	0.0	0.0	0.0	0.0	0.0	0.0	4.315428300224421	0.0	0.0	0.0	0.0	0.0	0.0	0.0	0.0
