	1	2	3	4	5	6	7	8	9	10	11	12	13	14	15	16	17	18	19	20	21	22	23	24	25	26
GSM4138113_HNSCC_2_TIL_ACAGCTACAGCAGTTT	52.68117636248407	0.0	91.61752294762256	0.0	0.0	18.876766680409915	72.45230590973527	0.0	60.364476302231296	0.0	0.0	0.0	40.364985977963265	20.25273820210245	0.0	0.0	16.90241817411825	41.202296917868374	0.0	96.47573665082027	0.0	11.423105562963386	0.0	0.0	0.0	0.0
GSM4138113_HNSCC_2_TIL_CGCTATCTCGGTCCGA	111.4811297545799	0.0	179.7614059100494	0.0	106.30225081228927	82.48631587229272	0.0	0.0	289.023063684694	0.0	99.43578305317753	0.0	0.0	92.98735006336398	0.0	46.00727102277326	0.0	92.93392897964979	0.0	0.0	0.0	42.785015135119735	0.0	0.0	0.0	0.0
GSM4138113_HNSCC_2_TIL_GGACGTCGTAGAGGAA	45.80719776730573	141.3630722834558	15.150942841728487	0.0	30.751478809277778	2.021544350103524	20.88137459537984	0.0	0.0	14.763627308438949	0.0	16.065966727107938	0.0	60.71519066251141	0.0	0.0	28.909981745859387	0.0	45.39586323781673	16.11826821154067	0.0	0.0	0.0	0.0	0.0	0.0
GSM4138113_HNSCC_2_TIL_AACTCTTGTCAAGCGA	121.16500678793788	149.70939475499372	14.777021333227196	0.0	116.87956436729449	3.8228136624552427	0.0	0.0	0.0	0.0	0.0	53.539985863536316	66.8802682516632	0.0	56.650180293947564	2.062239286279288	0.0	0.0	0.0	0.0	0.0	0.0	0.0	0.0	62.62556740615585	0.0
GSM4138113_HNSCC_2_TIL_AGTGTCAAGAACTGTA	201.6527332332752	142.81704677272248	169.25716080671626	0.0	415.3751144819008	98.77886858031744	0.0	0.0	249.4104600386058	0.0	78.37905242141885	0.0	0.0	179.42123014192725	0.0	18.98386525020392	0.0	0.0	0.0	0.0	0.0	56.32072521879161	0.0	0.0	0.0	0.0
GSM4138113_HNSCC_2_TIL_GAAACTCAGTTACGGG	86.0031619029256	124.58184346597685	120.54136613506633	66.13635958510574	0.0	26.582859360375167	105.77078782036007	85.5950230125932	0.0	0.0	81.65151577134226	0.0	55.79764041417785	0.0	0.0	34.09622602672491	0.0	0.0	0.0	0.0	0.0	43.93839802547977	0.0	0.0	0.0	25.423292389073186
GSM4138113_HNSCC_2_TIL_ACGGAGACAGGGATTG	246.04689118093086	181.3220060283423	56.360592637972886	0.0	300.80703798103684	75.20276878121562	0.0	337.9395696984107	0.0	23.786511943646108	44.36462926348092	0.0	141.16932527704938	0.0	176.10907882376733	49.31473734444355	0.0	0.0	0.0	0.0	0.0	0.0	0.0	0.0	0.0	0.0
GSM4138113_HNSCC_2_TIL_CACACAAAGTCCGTAT	3253.977071690445	0.0	0.0	0.0	0.0	0.0	0.0	0.0	0.0	0.0	0.0	0.0	0.0	0.0	0.0	0.0	0.0	0.0	0.0	0.0	0.0	0.0	0.0	0.0	0.0	0.0
GSM4138113_HNSCC_2_TIL_CAGCTAACAGTCACTA	139.64318038387506	170.18969220115184	18.345151083140006	56.27177971972806	46.376436980898006	36.825588728457454	0.0	0.0	0.0	4.714293592675845	15.16743095782265	96.79876148211058	0.0	0.0	0.0	0.0	0.0	0.0	2.3422098414496015	0.0	0.0	0.0	0.0	7.121881694156904	0.0	0.0
GSM4138113_HNSCC_2_TIL_CATATGGAGGGTGTGT	606.2443778198673	100.17001109893897	109.03861724768021	87.25306216446656	0.0	26.697029720292036	123.61956471241085	0.0	0.0	27.598805517078596	20.509574127495586	198.86689837312232	0.0	0.0	0.0	18.700310936798683	0.0	0.0	0.0	0.0	0.0	0.0	0.0	0.0	0.0	0.0
GSM4138113_HNSCC_2_TIL_CATCAAGTCTATCGCC	499.1732928537989	374.9159552768822	74.70502457978439	0.0	235.09148407196605	77.88630482718752	0.0	343.55129330225793	212.8963399044724	64.09140178245738	63.21413563830134	0.0	20.434027408067276	0.0	0.0	0.0	44.76271656176987	0.0	0.0	0.0	0.0	0.0	0.0	0.0	0.0	0.0
GSM4138113_HNSCC_2_TIL_CCTACACCACGAAGCA	209.10186849727933	287.3478234751049	57.7674867985337	0.0	0.0	51.851029875281476	172.1840871290332	165.53340243458592	0.0	23.85744069179494	87.64482166625237	0.0	170.99968369522836	0.0	320.5987392072416	43.88750022741569	0.0	0.0	0.0	0.0	0.0	0.0	0.0	0.0	0.0	0.0
GSM4138113_HNSCC_2_TIL_CGTCACTTCGGCGGTT	65.80897700034444	0.0	26.726890963820562	0.0	61.4264816378608	29.471513712653167	0.0	0.0	62.05109285730581	0.0	14.502386276267217	0.0	0.0	61.42719039987565	59.65005572735744	9.083393900987595	0.0	0.0	0.0	0.0	114.70130646764957	10.979616381416767	0.0	0.0	0.0	0.0
GSM4138113_HNSCC_2_TIL_CTGATAGGTAAGTGGC	270.1128246943054	77.04914566185228	0.0	0.0	70.98121311997835	6.416224420904979	0.0	0.0	0.0	0.0	0.0	106.20596982534745	138.64119375122652	0.0	0.0	20.422756243686088	0.0	0.0	0.0	0.0	0.0	14.584892166657898	0.0	0.0	0.0	0.0
GSM4138113_HNSCC_2_TIL_CTGCCTATCACCACCT	303.0337257332044	237.04868256935356	60.217847846177925	17.625243327171997	140.989361438222	23.43854850883851	0.0	0.0	0.0	18.951033882585747	0.0	190.70533505196866	0.0	0.0	148.5902689994638	37.15385560040724	0.0	0.0	0.0	15.483483934567229	0.0	0.0	0.0	0.0	0.0	0.0
GSM4138113_HNSCC_2_TIL_GATCAGTAGAGTAATC	139.9763993042649	112.03240539987371	64.43856399465531	0.0	0.0	39.55369139440962	271.6383860010048	0.0	0.0	0.0	0.0	0.0	0.0	265.90912857203136	0.0	0.0	39.35500223990878	0.0	78.14112484069706	0.0	0.0	13.398665236460385	0.0	0.0	9.213648136649788	0.0
GSM4138113_HNSCC_2_TIL_GATGAGGGTAGCCTCG	259.45202895140704	153.50400662371084	0.0	0.0	0.0	23.990017691327935	67.55864209799711	125.39616555165975	0.0	8.556519805706005	0.0	93.57650225337254	0.0	0.0	0.0	11.498712577715184	0.0	0.0	0.0	0.0	0.0	0.0	5.200811706022755	0.0	0.0	0.0
GSM4138113_HNSCC_2_TIL_GCAAACTGTCGCCATG	92.5096267244114	149.59678876603877	61.261150223086815	0.0	228.61460201118663	60.756117538574706	0.0	237.59111448260282	0.0	0.0	87.81917086273809	0.0	143.17595744370152	0.0	0.0	32.17842649643639	0.0	0.0	0.0	0.0	0.0	60.53885429737038	0.0	0.0	0.0	0.0
GSM4138113_HNSCC_2_TIL_GCGCCAAAGTTTCCTT	0.0	0.0	0.0	0.0	0.0	0.0	0.0	2853.828876239856	0.0	0.0	0.0	0.0	0.0	72.8250228689279	323.44592113001926	0.0	0.0	0.0	0.0	0.0	0.0	0.0	0.0	0.0	0.0	131.8872593644075
GSM4138113_HNSCC_2_TIL_GCGCGATAGGTAAACT	339.8321398023177	201.95560358086314	53.34733944177254	0.0	91.15210150384699	38.92080671202028	0.0	0.0	0.0	0.0	29.504786526021526	130.48473695074333	75.84851192050012	0.0	83.90778189749804	13.222574877264606	0.0	0.0	0.0	0.0	0.0	42.35599085645449	0.0	0.0	0.0	0.0
GSM4138113_HNSCC_2_TIL_TCAATCTGTCCAGTTA	193.84664753631284	0.0	47.03349437449457	71.16158783174883	0.0	29.600138152756845	130.04617881110298	208.5295947407636	0.0	27.8689987478772	0.0	0.0	0.0	0.0	0.0	0.0	0.0	213.95007996658205	0.0	0.0	23.480058581577545	0.0	0.0	41.481865192179875	10.807581196026957	0.0
GSM4138113_HNSCC_2_TIL_TGCTGCTCAGTGAGTG	218.52392208362562	346.03775681143173	11.076192588803902	58.353182535448866	0.0	32.522600790213275	161.78835379811048	96.03375345620883	0.0	44.19605662014803	0.0	37.39686213959942	1.8660965620696117	0.0	0.0	9.807171551646247	0.0	0.0	0.0	77.33240641007797	0.0	0.0	0.0	0.0	0.0	0.0
GSM4138113_HNSCC_2_TIL_ACGAGCCTCGCGATCG	127.8899851898799	68.38805438234141	30.50996094366816	0.0	77.08052986612307	14.536579124460344	0.0	0.0	81.12311209412243	0.0	36.239124087137824	0.0	0.0	0.0	98.7553230999059	0.0	0.0	0.0	0.0	0.0	0.0	19.800395591482967	0.0	17.73649513383664	0.0	0.0
GSM4138113_HNSCC_2_TIL_AGCATACTCACAGTAC	188.35103409270636	125.33713785783156	93.78704857092717	0.0	106.21248462922355	28.378052647996164	0.0	0.0	121.46820938165365	19.13771267062708	40.16209943873596	0.0	0.0	0.0	109.89088187065335	0.0	0.0	0.0	0.0	0.0	0.0	0.0	0.0	24.118103244990927	0.0	0.0
GSM4138113_HNSCC_2_TIL_CCACTACAGTTCGCGC	169.73243717536147	54.105760195058124	49.00070846184827	0.0	83.04525790106267	6.864131444200722	0.0	0.0	0.0	0.0	30.978003618158677	0.0	119.39571168100876	0.0	115.25023654856066	0.0	0.0	0.0	0.0	0.0	0.0	1.8642272608798105	0.0	18.465103338349383	0.0	0.0
GSM4138113_HNSCC_2_TIL_CGATTGAGTATATGGA	133.45372618331632	85.21268636782342	23.132845467302722	0.0	104.40553979930527	23.754826308217798	0.0	0.0	113.59642694948444	0.0	42.117615048479394	0.0	0.0	0.0	100.87550364603469	0.0	0.0	0.0	0.0	0.0	0.0	7.681154018462531	0.0	25.841638395056275	0.0	0.0
GSM4138113_HNSCC_2_TIL_CTCGTACCACCGATAT	118.00263024109476	90.97938976647784	53.03687366098765	0.0	113.31703408273212	17.584798431012224	0.0	0.0	54.33131511357498	0.0	55.43188042623847	0.0	11.855042265191413	0.0	100.3157938292656	0.0	0.0	0.0	0.0	0.0	0.0	24.324229786213888	0.0	17.500537730757905	0.0	0.0
GSM4138113_HNSCC_2_TIL_CTGTTTATCAACACGT	113.16946598617577	65.4853240935163	28.384071178390183	135.82221678847404	0.0	36.10555282674761	111.83161911896009	0.0	0.0	16.23640154104298	0.0	0.0	0.0	0.0	95.64153711801461	0.0	0.0	0.0	0.0	0.0	0.0	0.0	0.0	19.069923462335264	31.027564148014314	0.0
GSM4138113_HNSCC_2_TIL_CTTCTCTTCTCTGTCG	99.47412560721469	29.458493571259748	73.36217262956247	0.0	75.17607294836905	27.592290363316497	0.0	0.0	55.76567624894799	0.0	32.53939577642897	0.0	0.0	0.0	84.5279082168174	0.0	0.0	32.36015568321608	0.0	0.0	0.0	25.38937899165456	0.0	6.775988970978122	0.0	0.0
GSM4138113_HNSCC_2_TIL_GAATAAGGTTAAGAAC	202.8765262648732	0.0	52.64688778887294	0.0	76.61868809443101	39.69980810842928	0.0	0.0	114.49718332630495	0.0	40.96352152042681	0.0	0.0	0.0	84.0373385071425	0.0	0.0	54.02647210569035	0.0	0.0	0.0	30.19268992217368	0.0	16.644153448226014	0.0	0.0
GSM4138113_HNSCC_2_TIL_GATCGATCATGTTGAC	137.99994805747454	65.62200442350252	60.27430974065534	0.0	86.14943092242719	42.063844142229996	0.0	0.0	114.33125905994685	0.0	68.74368330164575	0.0	0.0	0.0	140.0011153830907	0.0	0.0	0.0	0.0	0.0	0.0	1.4251259797568478	0.0	39.56087394018957	0.0	0.0
GSM4138113_HNSCC_2_TIL_TCCACACTCTTGTACT	99.1197847553983	102.98526878365345	39.64221441996194	119.87079334034597	0.0	44.68798418742973	81.24523036573098	0.0	0.0	0.0	0.0	0.0	0.0	0.0	72.41167079144971	0.0	0.0	0.0	0.0	15.892952164457306	0.0	13.566381759703688	0.0	14.057922949590964	0.0	0.0
GSM4138113_HNSCC_2_TIL_TCTTCGGAGATGTCGG	170.59947511534546	144.58724081748886	67.63810732271052	0.0	73.88664565867992	44.59851183938175	0.0	0.0	52.229871841375555	0.0	57.15745641028385	0.0	25.903595218283428	0.0	93.78261193020452	0.0	0.0	0.0	0.0	0.0	0.0	9.629955035398101	0.0	13.02118999413748	0.0	0.0
GSM4138113_HNSCC_2_TIL_TTCGAAGAGTACCGGA	238.3165902868719	60.56110193276261	42.26514660924232	0.0	107.44809451866094	29.49973482510401	0.0	0.0	98.58746691929599	17.859553342225443	0.0	0.0	0.0	0.0	151.87007601483597	0.0	0.0	0.0	0.0	0.0	0.0	0.0	0.0	7.678417130940472	57.525193821367935	0.0
GSM4138113_HNSCC_2_TIL_AAACCTGTCTGATTCT	200.57251315197763	97.40203912700365	43.428447343240954	123.42760193405354	0.0	49.22320057838063	96.94328367518635	99.59265847189971	0.0	3.727557499326664	32.86368070112403	28.61927453331011	0.0	0.0	0.0	20.068665352972275	0.0	0.0	0.0	0.0	0.0	0.0	0.0	0.0	0.0	0.0
GSM4138113_HNSCC_2_TIL_AAGCCGCGTCGACTAT	80.32845118763034	40.03894949258747	11.061909305492467	0.0	0.0	9.67366418425871	56.590581314257435	0.0	0.0	5.876870757201298	23.728589822818353	0.0	0.0	60.957186615502046	0.0	10.783165156633224	0.0	0.0	40.59836436217587	0.0	0.0	0.0	0.0	0.0	0.0	0.0
GSM4138113_HNSCC_2_TIL_AATCGGTGTCCGACGT	133.9860517194723	51.164045083896404	32.57934914443383	87.52295885405199	0.0	26.59615002151087	75.79980752125574	0.0	0.0	0.0	48.36855511130077	83.58434801891717	0.0	0.0	9.829975957777263	18.127279705339927	0.0	0.0	0.0	0.0	0.0	29.33355699026653	0.0	0.0	0.0	0.0
GSM4138113_HNSCC_2_TIL_AGTTGGTGTCTTTCAT	125.72512034118913	61.846066301418176	29.56445647024942	0.0	66.3301705474764	11.68892905274643	0.0	0.0	0.0	0.0	4.840729389768079	107.10657079132432	0.0	0.0	0.0	0.0	13.792852653489962	0.0	75.66909687033274	0.0	0.0	2.5119526826827068	0.0	0.0	0.0	0.0
GSM4138113_HNSCC_2_TIL_ATCACGAAGAGAGCTC	91.99847935626303	46.89866469795352	38.30363666901805	121.57345465045302	60.97339546186079	15.476037809708194	0.0	0.0	0.0	6.50457752631122	0.0	0.0	0.0	78.28434991490859	0.0	30.853678664464628	0.0	0.0	0.0	0.0	0.0	0.0	0.0	0.0	0.0	0.0
GSM4138113_HNSCC_2_TIL_ATCATGGGTAGCAAAT	155.16468458563585	0.0	40.97822319816274	0.0	81.8760013981612	31.263927381659826	0.0	0.0	0.0	9.520198088999448	44.7126310474255	84.14156600847278	82.72892767993706	0.0	0.0	0.0	8.254159716309395	74.36413916760665	0.0	0.0	0.0	0.0	0.0	0.0	0.0	0.0
GSM4138113_HNSCC_2_TIL_ATTTCTGCAAGGACAC	156.25450115040792	78.20786229916996	46.422426371056304	0.0	0.0	4.013034540927516	75.16469657800911	0.0	0.0	14.256797430736905	0.0	141.84931542898022	0.0	0.0	0.0	42.1745773585783	0.0	0.0	81.53105028656698	0.0	0.0	0.0	0.0	0.0	0.0	0.0
GSM4138113_HNSCC_2_TIL_CACAGGCGTCGACTAT	63.63454808608886	71.57192348603814	15.629002379028494	111.1732741005366	29.102028089778635	5.697149127236699	0.0	0.0	0.0	2.575249004664069	5.142994978052585	65.29561957472723	0.0	0.0	0.0	0.0	6.009334814926205	0.0	0.0	0.0	0.0	0.0	0.0	0.0	0.0	0.0
GSM4138113_HNSCC_2_TIL_CACAGGCTCGTACCGG	117.95638265306289	37.99348848835756	23.40574630156982	125.05929501730114	0.0	29.820375509475955	74.16650555070359	0.0	0.0	21.062170022301707	0.0	89.34000344619886	0.0	0.0	0.0	11.166453683184676	0.0	0.0	0.0	0.0	0.0	0.0	23.961196565811544	0.0	0.0	0.0
GSM4138113_HNSCC_2_TIL_CACAGTACAAGTCTGT	65.37998094688987	35.69607271192675	31.126181944723548	0.0	49.10805604264503	8.879132276354454	0.0	0.0	0.0	0.0	12.027839778680653	0.0	58.803914671857385	87.43456820544093	0.0	9.13827040083282	0.0	0.0	0.0	0.0	0.0	25.74614051221986	0.0	0.0	0.0	0.0
GSM4138113_HNSCC_2_TIL_CACTCCACATGTAAGA	87.9775375600268	41.373823441172696	21.56484268169134	0.0	71.73808391013645	25.567429208361894	0.0	56.92861706724269	0.0	11.040356672325895	7.056722179410601	55.28372508826285	0.0	0.0	0.0	16.167032163724702	0.0	0.0	93.31000297948874	0.0	0.0	0.0	2.096165771384964	0.0	14.86782416782241	0.0
GSM4138113_HNSCC_2_TIL_CAGAATCCATGGGACA	81.74723305181799	54.59021389023161	30.973485464776193	0.0	0.0	9.361885561060182	54.29315420219139	0.0	0.0	14.676244403680592	0.0	112.777008653424	0.0	0.0	0.0	2.967134689699489	0.0	0.0	79.8309143963801	0.0	0.0	0.0	15.134741183908007	0.0	0.0	0.0
GSM4138113_HNSCC_2_TIL_CAGAATCTCATGCATG	77.63002775492343	28.130738077116654	43.34901092045483	0.0	0.0	15.803685656075839	115.1475825193319	0.0	0.0	9.396112281900956	0.0	0.0	77.67450950562755	67.07979757051554	0.0	39.148884559662385	0.0	0.0	0.0	0.0	0.0	0.0	0.0	0.0	0.0	0.0
GSM4138113_HNSCC_2_TIL_CAGGTGCAGACGCACA	77.92586100070994	2.757153724537714	34.198460174416944	0.0	48.17010552965498	20.22140855174867	0.0	84.80597230476499	91.71621469952505	0.0	0.0	0.0	0.0	0.0	0.0	6.487029778369186	0.0	0.0	2.0245134624430436	35.10930679385779	0.0	12.153489605515539	0.0	0.0	0.0	0.0
GSM4138113_HNSCC_2_TIL_CAGTCCTCAACTGCTA	101.11680897757985	0.0	44.96226126618828	0.0	155.56751544187327	65.78483657410936	0.0	108.48020783221321	9.951688657284857	0.0	0.0	0.0	64.11971244828813	0.0	0.0	0.0	9.38985126451593	25.922499802398928	0.0	112.15900219725427	0.0	35.1697209910631	0.0	0.0	0.0	0.0
GSM4138113_HNSCC_2_TIL_CATCGAAAGGCATTGG	109.00424252790548	7.364868164954438	21.22560499445358	0.0	0.0	15.442402783216805	85.95606090777987	112.98801858908917	0.0	0.0	68.7875090865317	0.0	67.60132971864583	0.0	0.0	17.446608333451863	0.0	0.0	0.0	0.0	0.0	13.913230619300773	0.0	0.0	0.0	0.0
GSM4138113_HNSCC_2_TIL_CCATTCGTCTGAGGGA	87.63843267961548	14.622875887188039	38.17416044722593	0.0	0.0	11.797835884807839	76.73503125091459	116.83019082903296	0.0	33.448271407162956	0.0	0.0	0.0	0.0	0.0	8.667922814429259	0.0	0.0	86.34857585685906	14.450387638030199	106.42812580040446	0.0	0.0	0.0	0.0	0.0
GSM4138113_HNSCC_2_TIL_CCCTCCTTCGCGATCG	75.65078292011364	40.00796639380979	49.6344013171084	26.82911595142929	44.36258229641616	20.909308086560884	0.0	241.83934159205106	0.0	16.810208567871666	5.797333333980733	0.0	0.0	0.0	0.0	9.207971406936558	0.0	0.0	0.0	0.0	0.0	0.0	0.0	0.0	0.0	0.0
GSM4138113_HNSCC_2_TIL_CCTAGCTGTTCAGACT	91.40148565721415	45.64789989809219	21.96389008479805	0.0	33.26737562974103	24.086835894167866	0.0	73.72427733046842	117.71108369062235	62.997497462127086	16.934769604132303	0.0	0.0	60.01706163106568	0.0	0.05704999056044182	0.0	0.0	0.0	0.0	0.0	0.0	0.0	0.0	0.0	0.0
GSM4138113_HNSCC_2_TIL_CCTTCCCTCCACGTGG	149.39323912322718	27.102265958457814	13.773367522832748	0.0	25.82728741025997	18.159044707829622	0.0	0.0	3.7170855513453622	0.0	37.34000010873295	0.0	72.14219764341684	28.49298746310395	21.80167602728679	33.56761068254288	0.0	0.0	0.0	0.0	0.0	5.724798024423092	0.0	0.0	0.0	0.0
GSM4138113_HNSCC_2_TIL_CGTCAGGGTGGTGTAG	135.33733465721278	41.63258599382623	29.795575524587516	0.0	48.1459175823348	7.555701645215824	0.0	0.0	0.0	50.24335081605019	3.395392583725207	0.0	0.0	76.59106686490556	0.0	0.0	32.21766440859818	0.0	98.06466653867555	0.0	0.0	0.0	0.0	0.0	0.0	0.0
GSM4138113_HNSCC_2_TIL_CTGCCTAGTATAAACG	71.69033945997712	53.517514110720626	40.133123476030285	0.0	0.0	32.97618210851149	86.05575671096445	0.0	0.0	41.99785145819814	0.0	106.51391630791014	0.0	0.0	0.0	0.0	4.5803778608510575	0.0	99.19467096257625	23.198364582528797	0.0	0.0	0.0	0.0	0.0	0.0
GSM4138113_HNSCC_2_TIL_CTGTGCTAGAAAGTGG	136.06301534096653	25.214455058351632	26.865738358180614	0.0	18.82604678779697	11.248583687996208	0.0	1.3101494045319568	0.0	11.359835790723494	0.0	0.0	71.6133083124252	106.09885887783392	0.0	9.253015006004457	0.0	0.0	0.0	0.0	0.0	0.0	0.0	0.0	49.63155521879481	0.0
GSM4138113_HNSCC_2_TIL_CTGTTTAAGTTACCCA	125.46476078668266	30.850033847168014	22.971707467391138	0.0	63.58012297974976	27.089555854577725	0.0	0.0	0.0	0.0	20.21154696120834	91.6833721074091	46.86587809663643	0.0	0.0	24.342815879288366	0.0	0.0	32.01857204724359	0.0	0.0	10.041963893969925	0.0	0.0	0.0	0.0
GSM4138113_HNSCC_2_TIL_CTTACCGCATTGAGCT	152.1251198815937	111.44469367124712	64.83445875070215	14.000718852216078	119.90889724610572	45.214188665630545	0.0	115.79937812978879	120.9137524837135	9.910531651313422	59.580429506115145	0.0	0.0	0.0	8.502414737309739	13.0447513324949	0.0	0.0	0.0	0.0	0.0	0.0	0.0	0.0	0.0	0.0
GSM4138113_HNSCC_2_TIL_GAAGCAGGTACAGTGG	107.3230728445983	76.77711020693572	60.52430246242213	0.0	65.25150757776943	24.08493117339561	0.0	0.0	0.0	0.0	32.656167316923394	109.75512314615787	74.24366217376419	12.167307698535398	0.0	12.278661875994754	0.0	0.0	0.0	0.0	0.0	44.47420518360933	0.0	0.0	0.0	0.0
GSM4138113_HNSCC_2_TIL_GACGTGCGTATTAGCC	138.04695165967834	85.11250931576531	0.674331512065938	125.1039658783205	0.0	3.2065132449394795	117.07176299715059	0.0	0.0	54.12409063473327	0.18789646164105747	129.6741221188223	0.0	0.0	0.0	28.885873147739346	0.0	0.0	0.0	0.0	0.0	0.0	0.0	0.0	0.0	0.0
GSM4138113_HNSCC_2_TIL_GACGTGCTCGGATGTT	73.94570471608888	79.07535187674864	23.396311576300562	38.65834433096747	61.237848074946925	31.822734238399406	16.136720397538916	6.749348864443211	0.0	56.17654181640469	26.48256110892989	76.75643267626702	50.634048766268606	0.0	0.0	0.0	0.9252795533467726	0.0	0.0	0.0	0.0	0.0	0.0	0.0	0.0	0.0
GSM4138113_HNSCC_2_TIL_GAGCAGAAGACTACAA	50.45775753110322	0.0	44.661031335854936	0.0	52.30103735825351	48.21125599969115	0.0	107.91828563578756	0.0	9.76278731692538	0.0	0.0	0.0	0.0	0.0	0.0	21.389580465381382	7.406864537275164	167.32877905716236	58.03330080988944	0.0	0.34524242820875367	0.0	0.0	0.0	0.0
GSM4138113_HNSCC_2_TIL_GAGTCCGAGCAATCTC	120.71455228323279	42.66307622528522	26.40173354974062	0.0	0.0	14.527076482640798	24.715539726959285	0.0	0.0	6.86243470077214	0.0	106.27319734555549	0.0	0.0	0.0	20.03930891941931	0.0	0.0	74.78288641232844	0.0	0.0	0.0	11.94377295475047	0.0	0.0	0.0
GSM4138113_HNSCC_2_TIL_GCGCGATAGGCTACGA	120.83296231447135	69.77564473271158	55.18978121841869	63.46736120018532	33.86591776515045	35.83464648904998	62.20328959938218	0.0	0.0	11.19178048220328	11.93289564998759	99.89839549582322	0.0	0.0	0.0	27.030651398910198	0.0	0.0	0.0	0.0	0.0	0.0	0.0	0.0	0.0	0.0
GSM4138113_HNSCC_2_TIL_GCTGCTTCAGTTCATG	71.92571386259738	46.49229626209298	22.300379579899797	0.0	46.52322528830193	9.288667367908417	0.0	0.0	0.0	6.34233724891196	16.82585443270614	63.66554003196386	0.0	21.478097534374257	0.0	12.391889970635674	0.0	0.0	78.3079288755069	0.0	0.0	0.0	0.0	0.0	0.0	0.0
GSM4138113_HNSCC_2_TIL_GGCGACTGTAAGTGTA	170.36295816139304	0.0	40.59792406609507	120.43907329670037	0.0	35.51274366221335	124.31053291759743	6.301187349558672	0.0	8.778008194845395	28.832686257492316	110.07810883951954	0.0	0.0	0.0	65.15912884648263	0.0	135.51602706987262	0.0	0.0	0.0	0.0	0.0	0.0	0.0	0.0
GSM4138113_HNSCC_2_TIL_GGCTGGTTCCAAACTG	51.26563125443282	22.120799568158063	33.2926866167898	0.0	69.21875796713962	4.156507173562224	0.0	104.57343973793795	0.0	0.0	52.586984219209214	0.0	104.1855756609273	0.0	0.0	3.7440289402849007	0.0	0.0	0.0	0.0	0.0	2.764311034811895	0.0	0.0	0.0	0.0
GSM4138113_HNSCC_2_TIL_GGGTTGCTCCTTGGTC	104.11673514839279	27.87956151179508	61.15271154234758	0.0	0.0	16.533029181107796	164.93383679604787	0.0	70.82753759525143	6.199111699885984	36.55806113036165	0.0	39.101641594258716	53.95307758806205	0.0	20.290775328483132	0.0	0.0	0.0	0.0	65.72049480427306	13.147168669412082	0.0	0.0	0.0	0.0
GSM4138113_HNSCC_2_TIL_GTAACTGTCTGGTTCC	164.47541959982533	92.82139578169219	48.193989076532226	92.2460349792536	0.0	36.31540018955522	79.2127141156011	0.0	0.0	7.718425585504436	24.853047320870317	73.38969971999668	3.316598717495127	2.03037334269459	0.0	28.512862872032823	0.0	0.0	0.0	0.0	0.0	0.0	0.0	0.0	0.0	0.0
GSM4138113_HNSCC_2_TIL_GTCACGGGTCCGTGAC	188.33528832814272	111.22431129984112	37.61704112710535	21.714653557015474	97.35898841274854	21.212100897535986	0.0	0.0	0.0	13.053109562500694	8.908969094816529	108.5742945043245	76.8570740225883	0.0	0.0	13.141499544847637	0.0	0.0	0.0	0.0	0.0	0.0	0.0	0.0	0.0	0.0
GSM4138113_HNSCC_2_TIL_GTTAAGCCATGCAACT	137.38307992464263	9.150839204875522	29.082007112410572	55.99371191894494	0.0	14.611659370495236	47.787255005870996	0.0	0.0	13.713289227390362	0.0	0.0	0.0	83.63140131018173	0.0	1.5799243011581778	30.61070476004494	0.0	0.0	0.0	35.24289616725461	0.0	51.12555415034705	0.0	0.0	0.0
GSM4138113_HNSCC_2_TIL_TAGAGCTTCCGTTGCT	82.8695130250276	68.10570555713097	37.28321780138437	61.57669740740729	130.55259326798816	14.815776379280248	0.0	42.104454856661384	0.0	28.599619740640495	56.52498776511984	87.12584928553318	0.0	0.0	0.0	0.0	17.809725136945268	0.0	0.0	0.0	0.0	0.0	0.0	0.0	0.0	0.0
GSM4138113_HNSCC_2_TIL_TATCAGGAGAACTGTA	232.58781321037665	144.09830201141568	74.86503322796973	0.0	124.10493527535849	45.59418526387837	0.0	0.0	0.0	0.0	60.61557364093883	175.51044503474378	171.5963326369184	0.0	0.0	22.43468644734537	0.0	0.0	0.0	0.0	0.0	47.13889205257671	0.0	0.0	0.0	0.0
GSM4138113_HNSCC_2_TIL_TATCAGGTCGGTCCGA	107.19923376711012	60.93484747383231	43.3913939243609	80.49076784437429	0.0	14.74060525363943	67.55807427392348	128.5436656007779	0.0	0.0	18.78937952838452	0.0	0.0	0.0	0.0	10.596624178588225	0.0	0.0	0.0	0.0	0.0	0.0	0.0	0.0	0.0	0.0
GSM4138113_HNSCC_2_TIL_TCACAAGAGAGTGAGA	53.75683811101028	58.85318433917643	19.997776578465636	178.94793147336878	0.0	0.0	77.66177422562393	79.73996274460332	0.0	11.560680950949388	0.0	0.0	0.0	0.0	0.0	22.05610486602219	0.0	0.0	0.0	0.0	0.0	0.0	7.654462434154448	0.0	8.92949689288898	0.0
GSM4138113_HNSCC_2_TIL_TGCCCATAGAAAGTGG	81.70874929007276	37.28552165621035	12.95474127144521	0.0	45.51537470332985	19.286579914923905	0.0	0.0	0.0	0.0	0.555803171465472	115.91097998199717	111.04917785109781	0.0	0.0	19.138507504756458	0.0	0.0	0.0	0.0	0.0	0.28249727571642025	0.0	0.0	0.0	0.0
GSM4138113_HNSCC_2_TIL_TGTATTCTCAAGGCTT	185.13152993852012	76.77562605165168	26.70878059522085	148.9224663565899	85.42325248456378	18.840993478595482	0.0	0.0	0.0	21.590617310337716	16.310359699763154	161.752260542614	0.0	0.0	0.0	11.323701986698364	0.0	0.0	9.572759630358933	0.0	0.0	0.0	0.0	0.0	0.0	0.0
GSM4138113_HNSCC_2_TIL_TGTGTTTAGAGCTTCT	118.68892947864246	70.62697904433153	28.985616650703538	151.70606059637282	82.46431293106487	31.72301865378398	0.0	0.0	0.0	2.8968300194515693	48.34177872998395	0.0	0.0	0.0	61.26428126772351	0.07630979054247897	0.0	0.0	0.0	0.0	0.0	0.0	0.0	0.0	0.0	0.0
GSM4138113_HNSCC_2_TIL_TTGGCAATCCAAACTG	72.14654190481014	74.10758423330867	25.04998224411055	0.0	0.0	6.394743030372199	92.4576054571496	0.0	0.0	43.28820897638388	6.433021932708095	0.0	0.0	102.27385099364413	0.0	16.296948108673835	0.0	0.0	73.1024999909654	0.0	0.0	0.0	0.0	0.0	0.0	0.0
GSM4138113_HNSCC_2_TIL_TTTCCTCCAAGCCCAC	80.94608054637695	83.23380466809542	54.79921128358417	0.0	56.78251526192822	10.627942400449147	0.0	0.0	0.0	56.82874052859369	15.865327100718854	118.91462599941002	78.97613918773418	0.0	0.0	26.16832417583436	0.0	0.0	0.0	0.0	0.0	0.0	0.0	0.0	0.0	0.0
GSM4138113_HNSCC_2_TIL_CGAGAAGAGAAACGCC	105.25223090199381	56.76320773961497	68.82018043879371	0.0	0.0	22.203643621380976	49.93347222540593	0.0	199.82287734985195	17.847965993702793	0.0	0.0	0.0	177.5483362492867	0.0	0.0	23.64371179382273	0.0	0.0	0.0	0.0	0.0	21.742687692018265	0.0	0.0	0.0
GSM4138113_HNSCC_2_TIL_CTAGAGTCACTAGTAC	201.35317405683548	80.05851802731485	77.91902893310153	178.4300523426875	137.62758070135393	41.52579794334138	0.0	0.0	0.0	31.83281007147214	56.60475986416551	0.0	0.0	140.84084170391586	0.0	0.0	15.008051836229377	0.0	0.0	0.0	0.0	11.698464727661875	0.0	0.0	0.0	0.0
GSM4138113_HNSCC_2_TIL_GTTCTCGCAATCGAAA	278.5253593509164	299.51935447863417	315.63623361740093	594.7372582532847	396.4957936894817	177.68449133561256	0.0	165.0620768429905	0.0	117.24288076264943	185.615761893446	182.39172952326317	0.0	0.0	0.0	110.60523554281524	0.0	0.0	0.0	0.0	0.0	0.0	0.0	0.0	0.0	0.0
GSM4138113_HNSCC_2_TIL_TCATTTGCACTATCTT	97.02382416289004	86.967266362358	99.19318436694232	0.0	0.0	60.10944154924029	170.7818831462521	0.0	0.0	0.0	59.113911978260354	0.0	0.0	126.08718224312038	0.0	117.67210986877734	0.0	0.0	238.0864485325114	0.0	0.0	34.8293047202835	0.0	0.0	0.0	0.0
GSM4138113_HNSCC_2_TIL_CGTCAGGAGTCAAGCG	177.52913666347874	108.65919598659117	31.831281827348427	0.0	75.46997036848184	21.64952940300897	0.0	0.0	78.97918265961255	0.0	27.393399417324883	0.0	0.0	0.0	118.76318813840021	2.0517397390261736	0.0	0.0	0.0	0.0	0.0	4.082307187397843	0.0	18.051639594073567	0.0	0.0
GSM4138113_HNSCC_2_TIL_TCATTTGGTTTGCATG	163.1294604880317	25.764289008228026	39.370452846999086	66.60409730797365	53.63102899077642	18.217863813976262	0.0	0.0	0.0	2.5819255338825644	16.96313153978941	0.0	0.0	0.0	63.08511985995497	0.0	0.0	0.0	0.0	0.0	0.0	18.8189869998622	0.0	4.689090933937582	0.0	0.0
GSM4138113_HNSCC_2_TIL_TGACGGCGTCCCTACT	163.99516132174793	106.12095156719764	42.08344596390207	0.0	115.8020258779589	40.825990450241356	0.0	0.0	105.11174886410235	0.0	22.136243875164038	0.0	0.0	0.0	133.53530942757425	0.0	0.0	0.0	0.0	0.0	0.0	12.269164470781945	0.0	12.845624804918831	0.0	0.0
GSM4138113_HNSCC_2_TIL_ACGCCGAGTACTTCTT	92.61578911703901	41.32499351381761	50.59315185651406	69.97663432513184	0.0	13.210645149563822	74.61441121721407	60.55211019071113	0.0	16.44322011020378	8.400799390300616	14.073811054941046	29.612377439547902	0.0	0.0	9.123323860529052	0.0	0.0	0.0	16.277269469041197	0.0	0.0	0.0	0.0	0.0	0.0
GSM4138113_HNSCC_2_TIL_CAGGTGCGTAGCGCTC	79.90345087844779	65.18840000044015	55.67429433286613	94.91812177214585	0.0	2.625013255200211	68.96099999240037	0.0	0.0	4.580924162668207	0.0	0.0	0.0	59.41558136878243	0.0	0.0	0.0	0.0	0.0	0.0	0.0	0.0	23.469915336602146	0.0	0.0	0.0
GSM4138113_HNSCC_2_TIL_TGAGCCGGTTACGGAG	211.65304002723826	84.34714332172827	173.9453325487574	349.5801910350343	0.0	63.827900387652065	199.7368691343082	0.0	0.0	73.80168106301772	0.0	0.0	0.0	111.97278221802016	0.0	75.46572689188179	0.0	0.0	15.785311404123135	0.0	0.0	0.0	0.0	0.0	151.3404106959291	0.0
GSM4138113_HNSCC_2_TIL_TGGCTGGTCGTCCAGG	138.49316764051886	41.17420995357018	39.09241836113918	92.66970681896336	66.34213701853528	34.18507026167813	0.0	87.89533359694983	0.0	7.091348537796651	17.68829122500531	0.0	0.0	0.0	0.0	13.821717016022621	0.0	0.0	0.0	0.0	0.0	0.0	0.0	0.0	0.0	0.0
GSM4138113_HNSCC_2_TIL_CCTTCGATCGTGGTCG	153.92858808540765	83.17266028346418	45.257197830366955	166.26763127694116	0.0	54.75588251777929	145.57266951117668	0.0	0.0	25.934956434695003	25.21632220417189	0.0	0.0	0.0	126.45296200986502	4.357225166275179	0.0	0.0	0.0	0.0	0.0	0.0	0.0	0.0	0.0	0.0
GSM4138113_HNSCC_2_TIL_CGACTTCGTTTGACTG	125.80310452287004	0.0	36.122227009439975	0.0	54.87353110408401	14.323089281705812	0.0	0.0	0.0	0.0	20.341705789575972	0.0	82.62989052843191	0.0	29.42171673905164	0.0	0.0	88.04371732214898	0.0	0.0	0.0	20.719556871645775	0.0	0.0	0.0	0.0
GSM4138113_HNSCC_2_TIL_GCTTCCATCTCTTGAT	140.04857237087012	0.0	30.204548069864174	0.0	34.916092961211774	19.77507013624381	0.0	0.0	120.05960565954359	0.0	19.75058641229749	0.0	0.0	0.0	55.53144403732537	0.0	0.0	41.0408538760535	0.0	0.0	0.0	25.270040718857977	0.0	12.411068337050446	0.0	0.0
GSM4138113_HNSCC_2_TIL_TAGTTGGTCCAAGCCG	89.62270373621031	93.74558027507011	20.397017935800204	0.0	88.23228854881239	21.598468647031208	0.0	133.04323165285976	69.58717090714129	0.0	28.960225509430995	0.0	0.0	0.0	0.0	0.0	0.0	0.0	0.0	0.0	0.0	1.5090115446030261	0.0	8.287239794420937	0.0	0.0
GSM4138113_HNSCC_2_TIL_CGCGGTACAAGTTGTC	0.0	0.0	0.0	0.0	0.0	0.0	2898.6047664914113	0.0	0.0	0.0	0.0	0.0	0.0	0.0	0.0	0.0	0.0	0.0	0.0	0.0	0.0	0.0	0.0	0.0	0.0	0.0
GSM4138113_HNSCC_2_TIL_GGATGTTCACCAGGCT	93.58827907338518	0.0	4.822065849425044	0.0	0.0	11.846633227549146	248.15988139086107	116.0341449112366	55.97593888014282	0.0	0.0	0.0	0.0	0.0	113.1531201065235	0.0	0.0	18.89577342963604	0.0	0.0	0.0	10.91488561950675	0.0	0.0	0.0	0.0
GSM4138113_HNSCC_2_TIL_ACCCACTGTTTAAGCC	54.87829817132692	69.43704235645423	57.46626806835701	199.0346422890825	0.0	22.039262577245907	106.13210505371727	0.0	0.0	91.21425087999613	84.64216544614656	0.0	0.0	0.0	56.33191663585367	0.0	0.0	0.0	0.0	0.0	0.0	0.0	0.0	46.616591348154664	0.0	0.0
GSM4138113_HNSCC_2_TIL_ACGATGTTCATTCACT	139.09975715547822	0.0	26.420875277328374	153.2739815958944	66.32261715009203	25.948202282321187	0.0	150.6930785168803	0.0	8.843592292685347	0.0	0.0	0.0	0.0	0.0	0.0	2.812863897356036	62.74399041130304	0.0	62.58781602309322	0.0	0.0	0.0	0.0	0.0	0.0
GSM4138113_HNSCC_2_TIL_ATCCACCTCTTGTACT	154.40340336126252	0.0	77.56189584003334	108.95485265853137	0.0	53.411255913903005	139.156134272631	186.96654954828372	0.0	59.0421377127192	0.0	0.0	0.0	0.0	0.0	0.0	37.014857905138356	150.42475190786985	180.9605970110568	90.03411861162388	0.0	0.0	0.0	0.0	0.0	0.0
GSM4138113_HNSCC_2_TIL_CATCGGGAGAAAGTGG	158.56004449339983	0.0	88.6196784802149	0.0	27.88658385106143	65.13228434020814	146.05916797866473	0.0	305.37911529899816	34.71008941147013	58.20712072696703	0.0	0.0	104.71287456034553	0.0	0.0	37.95086665112293	147.43776048894244	0.0	0.0	0.0	0.0	0.0	0.0	0.0	0.0
GSM4138113_HNSCC_2_TIL_CGAATGTGTCGGCATC	66.21044330487894	0.0	112.39310684648059	164.6243494379503	104.38024121667313	36.51367825608246	0.0	0.0	0.0	97.81315061231757	0.0	113.31090121691238	0.0	0.0	0.0	0.0	16.155917180531848	185.77671959355808	0.0	85.52455467322778	0.0	0.0	0.0	9.752175208458349	0.0	0.0
GSM4138113_HNSCC_2_TIL_GGACAGACAGCGATCC	167.25002325701038	0.0	62.29484427115371	243.1188846550162	113.73252250281757	62.05847321056592	11.652124775985852	141.239881428769	0.0	0.0	0.0	0.0	0.0	0.0	0.0	0.0	0.0	194.8342300365122	0.0	81.28596187640531	0.0	123.86194981750312	0.0	20.05557354386229	0.0	0.0
GSM4138113_HNSCC_2_TIL_GTAACTGAGACTACAA	116.57438909595639	70.07783620104588	137.7904433665732	153.45321448753268	85.11707914076659	29.061587548949383	6.722122603649916	0.0	0.0	32.0649453078374	73.175278089172	149.86539821873544	0.0	0.030098901351650803	0.0	0.0	25.992373478467655	0.0	0.0	0.0	0.0	0.0	0.0	0.0	0.0	0.0
GSM4138113_HNSCC_2_TIL_GTCACAAGTGAAAGAG	159.95180130840035	0.0	84.58512783848705	0.0	115.8723345836446	51.30096001366178	0.0	0.0	0.0	0.0	141.68100604700055	118.23605736269299	170.94702011714324	0.0	0.0	0.0	28.891803742667697	175.34075713952808	0.0	0.0	0.0	72.14236599210275	0.0	0.0	0.0	0.0
GSM4138113_HNSCC_2_TIL_TCGCGAGGTCGCGGTT	131.7446135229542	0.0	71.59668483758038	18.993334041686577	0.0	54.62018379173059	161.7663515714959	176.93144530824387	0.0	0.0	56.60262881877948	0.0	210.52395371866152	0.0	0.0	0.0	10.493084765327184	96.45872583857205	0.0	0.0	0.0	61.6822972487719	0.0	0.0	0.0	0.0
GSM4138113_HNSCC_2_TIL_TGACAACGTCTCTCGT	185.4476827950415	79.43683406124399	39.65920178942677	0.0	160.5380379706239	47.514452507096316	0.0	168.06502711950066	0.0	36.327733601724496	68.46362313518634	0.0	182.63417794477462	0.0	0.0	0.0	31.60897603975528	0.0	0.0	0.0	0.0	0.0	0.0	0.0	0.0	0.0
GSM4138113_HNSCC_2_TIL_TTTACTGTCTAGAGTC	104.21933078238357	0.0	101.69066249080612	99.44483960154899	0.0	47.71453492805553	156.8155120017546	0.0	183.88250805769962	47.064732466713984	0.0	111.52431053434186	0.0	80.98166653062496	0.0	0.0	47.08812126341031	223.28418350529859	0.0	136.61220681948635	0.0	0.0	0.0	0.0	0.0	0.0
GSM4138113_HNSCC_2_TIL_AAACGGGAGTAAGTAC	32.83394942319942	8.550737947326343	51.11907388096701	161.0898669855254	0.0	57.26913443982849	79.09428889684503	0.0	0.0	131.73840029473175	69.84572632403221	23.581306088038588	0.0	35.71717740861792	0.0	1.9770218472458074	114.36728411593984	0.0	0.0	0.0	0.0	0.0	0.0	0.0	0.0	0.0
GSM4138113_HNSCC_2_TIL_ACACCGGAGAATGTTG	49.69757611540819	82.97878787761768	22.516891078710838	115.65195750364407	0.0	17.990987401612262	52.016617702341016	57.65073060336432	0.0	105.98034122678463	0.0	0.0	0.0	0.0	0.0	0.0	93.73542730858374	0.0	0.0	57.824252743388456	0.0	0.0	0.0	0.0	0.0	0.0
GSM4138113_HNSCC_2_TIL_ACACCGGTCCGCATAA	125.51350346314366	24.21040369893898	50.676321091099574	124.97090471626734	0.0	21.99148282190127	26.80508246636321	0.0	0.0	81.0427647595321	0.0	0.0	0.0	67.47171492657615	0.0	49.93910813511822	28.014481314334148	0.0	0.0	0.0	0.0	0.0	37.3503896402	0.0	0.0	0.0
GSM4138113_HNSCC_2_TIL_ACATGGTAGCAGACTG	85.50264509135285	95.85582007535352	137.11322774743033	0.0	242.32749630589194	50.98855485614227	0.0	0.0	241.23767778326626	100.1195053596107	63.57380466980803	0.0	0.0	45.91399673547001	0.0	80.1407783723836	19.07432729992273	0.0	0.0	0.0	0.0	0.0	0.0	0.0	0.0	0.0
GSM4138113_HNSCC_2_TIL_ACGTCAAGTTATCGGT	70.92893029973823	192.29776487974104	195.32371820558555	138.8885607193836	0.0	47.264186242115095	140.48191813283157	95.5944195492425	0.0	65.5600585366853	32.673080711879	0.0	0.0	0.0	0.0	117.62732345920959	0.0	0.0	0.0	0.0	0.0	0.0	0.0	0.0	53.432709926835805	0.0
GSM4138113_HNSCC_2_TIL_ACTGAACGTAGCGCTC	49.8299186632748	48.204251062988185	32.08439479760999	138.8040037556484	0.0	27.12251591079374	47.41118602822619	25.09419444449079	0.0	69.77844882263717	0.0	3.5423669599846916	0.0	0.0	0.0	0.0	41.07265633875453	0.0	0.0	52.88564550751971	0.0	0.0	0.0	48.935499843637494	0.0	0.0
GSM4138113_HNSCC_2_TIL_AGCATACGTCGTCTTC	45.05547428611681	86.26791804624783	68.36571799155578	156.82677946043486	75.07079219627595	21.547237953866393	0.0	33.211441830510985	0.0	115.88524341442766	73.54708049510401	0.0	0.0	0.0	0.0	79.23748301954363	56.33581291966855	0.0	0.0	0.0	0.0	0.0	0.0	0.0	0.0	0.2791346574238508
GSM4138113_HNSCC_2_TIL_AGCCTAATCGCGTTTC	55.5224735273741	100.45882754465696	83.46784378374541	157.94386495510548	79.13989876456726	16.38023700893938	0.0	61.71420774952913	0.0	91.89640573171017	0.0	0.0	0.0	0.0	0.0	137.05333144384653	0.0	0.0	0.0	95.46869106700623	0.0	0.0	0.0	0.0	0.0	0.0
GSM4138113_HNSCC_2_TIL_ATTGGACCAACGCACC	69.77599769757205	99.41293167783546	52.975938830318995	36.57624948695433	0.0	24.004823840338858	54.332495472795394	0.0	147.34474657185982	71.58837583414038	87.24963775398143	0.0	0.0	64.85171617834754	0.0	158.8841154987936	0.0	0.0	0.0	0.0	0.0	0.0	0.0	0.0	0.0	0.0
GSM4138113_HNSCC_2_TIL_CACAGGCGTTCCTCCA	0.0	0.0	0.0	0.0	0.0	0.0	0.0	0.0	0.0	0.0	0.0	0.0	0.0	0.0	0.0	0.0	1251.118150063204	0.0	0.0	0.0	0.0	0.0	0.0	376.28374459879893	0.0	0.0
GSM4138113_HNSCC_2_TIL_CAGCGACAGTACGCCC	8.19885371218431	60.70825167717289	54.522114967622294	140.7259166353037	33.491917290746485	25.855433349398165	0.0	29.887377079748887	0.0	96.09210880974484	52.35204775818709	0.0	0.0	0.0	0.0	0.0	94.71402524149009	0.0	0.0	0.0	0.0	0.0	0.0	0.0	0.0	0.0
GSM4138113_HNSCC_2_TIL_CATGCCTCACTGAAGG	129.32625154390956	87.46749841818163	95.04265818173047	117.74436737703263	0.0	29.584590233747548	54.13865299746584	0.0	0.0	111.28908395115253	45.84335713220678	105.44971801315418	0.0	0.0	7.226376409354515	181.15100646187423	0.0	0.0	0.0	0.0	0.0	0.0	0.0	0.0	0.0	0.0
GSM4138113_HNSCC_2_TIL_CCAATCCCAGATGGGT	25.00691777237924	41.13237556909329	45.65797076927238	0.0	0.0	12.910579508165757	63.727742808423116	37.774915196741546	92.43579216632222	35.71901596003077	0.0	0.0	0.0	0.0	0.0	37.281600406209236	0.0	0.0	0.0	0.0	0.0	0.0	0.0	0.0	53.96853374323956	0.0
GSM4138113_HNSCC_2_TIL_CCACGGAGTACCGTAT	58.63456300793195	49.57060939553676	35.044435545764486	0.0	0.0	22.13444786882128	25.222539032181203	74.12156240617031	114.51869142583509	71.54063587208704	0.0	0.0	0.0	0.0	0.0	0.0	106.67769781716706	0.0	0.0	34.3356138497977	0.0	0.0	0.0	0.0	0.0	0.0
GSM4138113_HNSCC_2_TIL_CCGGGATGTCGCATAT	79.07559619205419	79.09922156792186	62.82391845662244	157.3691651926104	0.0	52.19325997565565	40.1679044283729	0.0	0.0	117.91490565566356	0.0	0.0	0.0	54.69581262904295	0.0	18.08332786419567	138.8656709782032	0.0	0.0	0.0	0.0	0.0	66.77786530149682	0.0	0.0	0.0
GSM4138113_HNSCC_2_TIL_CGATGTAGTCATTAGC	71.19761753919627	74.8077063222862	57.174866946606805	145.4262653913021	0.0	28.582709946692038	48.653952972901315	53.150745706405544	0.0	103.21983383773463	0.0	0.0	0.0	0.0	0.0	0.9084265010582875	86.76237274328028	0.0	0.0	84.72297747467152	0.0	0.0	0.0	0.0	0.0	0.0
GSM4138113_HNSCC_2_TIL_CTACACCAGGTCATCT	71.07584204657819	82.57254966295415	6.880941019402925	103.60355909869702	28.157591884460565	9.821041446431012	0.0	60.64304066744218	0.0	64.57727487724321	34.61423722338527	0.0	0.0	0.0	0.0	84.80746468221088	5.052862948631639	0.0	0.0	0.0	0.0	0.0	0.0	0.0	0.0	0.0
GSM4138113_HNSCC_2_TIL_CTAGTGATCACGACTA	91.0325375283334	106.09986071770646	54.261547734897604	109.14236550478259	0.0	27.291405023970505	84.57918688866651	44.95439181121408	0.0	141.99376556141183	0.0	0.0	0.0	0.0	0.0	130.98174127861418	0.0	0.0	0.0	0.0	0.0	0.0	68.88785536520031	0.0	0.0	0.0
GSM4138113_HNSCC_2_TIL_CTGCTGTAGTGCTGCC	88.7632676511856	73.3304452303993	26.088223668148864	117.3539947281492	25.259257439119175	29.005824262188025	0.0	0.0	0.0	63.466084146106425	0.0	0.0	0.0	44.45849477197819	0.0	4.1082729926663815	117.03379980428072	0.0	0.0	37.92948161940955	0.0	0.0	2.491278025846638	0.0	6.6262208374522	0.0
GSM4138113_HNSCC_2_TIL_GACGTGCCACATCTTT	104.54001427135364	75.21089885845042	78.8200371317785	0.0	49.605240034528805	54.562882798820695	0.0	0.0	0.0	103.99065680018577	20.889534909085977	0.0	118.24137986333699	0.0	0.0	147.6174442820167	0.0	0.0	0.0	22.23694155353651	0.0	0.0	0.0	0.0	68.31154319355626	133.4629868914054
GSM4138113_HNSCC_2_TIL_GATCTAGGTGGCTCCA	26.303081158968535	40.74418923518796	31.898386193015224	0.0	0.0	17.299611502925618	49.81740023027881	14.608136837078057	0.0	52.261352206627656	0.0	0.0	135.79783388771506	0.0	0.0	0.0	54.569797769314306	0.0	0.0	50.07830668981499	0.0	0.0	0.0	0.0	0.0	0.0
GSM4138113_HNSCC_2_TIL_GCCAAATCAGCCTATA	58.78671599247361	52.894128234190525	36.13795184233322	0.0	29.70430773103457	33.62686308195874	0.0	0.0	58.15358924263225	28.382205450808495	73.41121688355352	0.0	47.59993995283549	50.32269622365877	0.9359743528734665	0.0	0.0	0.0	0.0	0.0	0.0	0.0	0.0	68.89552738006002	0.0	0.0
GSM4138113_HNSCC_2_TIL_GCGCAGTGTCTTGATG	26.474312485278897	35.02602697896228	31.403073749292883	128.50699190812986	0.0	7.431926397851051	47.30570584280527	21.491103595589646	0.0	67.13201814147901	0.0	0.0	0.0	0.0	0.0	0.0	65.0613178740963	50.24480550318108	0.0	45.29100870703452	0.0	0.0	0.0	0.0	0.0	0.0
GSM4138113_HNSCC_2_TIL_GGACAAGTCCTCAATT	143.1115939905282	50.06375643393186	115.99733356651264	0.0	0.0	70.5097171774003	111.27384005189076	87.39030000983452	196.5999211579649	159.25097434192725	80.9206983754167	0.0	0.0	0.0	0.0	0.0	84.76146795187044	0.0	0.0	0.0	0.0	0.0	0.0	30.47804105329834	0.0	0.0
GSM4138113_HNSCC_2_TIL_GGGTCTGAGCTATGCT	62.985713889182534	71.70789695402829	45.97141212614842	95.11600732310328	0.0	50.19407428229798	40.163890868195274	3.2940742240294747	15.462761150648722	67.10264663824223	0.0	0.0	4.962277529122926	41.91781277895611	0.0	0.0	132.23732629120065	0.0	0.0	110.61503806634825	0.0	0.0	0.0	0.0	0.0	0.0
GSM4138113_HNSCC_2_TIL_GTAGGCCAGCACCGCT	0.0	0.0	0.0	0.0	0.0	0.0	0.0	0.0	0.0	1707.8960383812832	0.0	0.0	0.0	0.0	0.0	0.0	0.0	0.0	0.0	0.0	0.0	0.0	0.0	0.0	0.0	0.0
GSM4138113_HNSCC_2_TIL_GTCAAGTTCCGCAAGC	114.58595656631914	106.82879817282866	34.30070113288957	160.23570919209246	87.23667326357092	39.24037273697314	0.0	57.8414409243522	9.798964532684055	88.50551941378464	70.6330586289175	0.0	0.0	0.0	0.0	113.22278783639146	0.0	0.0	0.0	0.0	0.0	0.0	0.0	0.0	0.0	0.0
GSM4138113_HNSCC_2_TIL_GTTACAGAGGCCGAAT	86.45518574510969	52.392836835867705	62.340752109132886	166.0301559502426	53.455621547871154	31.39698460922281	0.0	0.0	0.0	102.79203380750424	28.80225264479388	45.874202136976706	0.0	13.07647991961915	0.0	0.0	0.0	0.0	0.0	0.0	0.0	0.0	46.08379180233433	128.80044466076365	0.0	3.3758624644644017
GSM4138113_HNSCC_2_TIL_TAGAGCTCAGATGGCA	96.81697608722529	96.26977946665657	144.7849341398048	0.0	0.0	62.50010973464223	138.94997138080623	32.56621398066554	0.0	120.77512041451624	27.656190204355507	0.0	225.51425789247824	0.0	50.17067296614592	172.1793620546107	0.0	0.0	0.0	59.692641038767704	0.0	0.0	49.001269143686834	0.0	0.0	0.0
GSM4138113_HNSCC_2_TIL_TAGCCGGTCAAAGTAG	55.4786397782427	70.474111835785	54.19702765794537	122.97202921365997	22.75791238723813	48.76873793116355	0.0	5.655671491089096	0.0	133.30362574793583	0.0	73.75287551226984	0.0	0.0	0.0	30.46177167117423	72.48626782730808	0.0	0.0	66.90733195025406	0.0	0.0	0.0	0.0	0.0	0.0
GSM4138113_HNSCC_2_TIL_TCAGCAATCCTTGGTC	97.07362078456137	0.0	42.743670365239566	130.3727804946704	0.0	12.577670744919283	0.0	69.31313245359274	0.0	37.57593376881593	0.0	0.0	0.0	0.0	0.0	0.0	0.0	20.353610753636385	0.0	95.00358748027303	0.0	0.0	0.0	69.27907028978932	0.0	0.0
GSM4138113_HNSCC_2_TIL_TCGAGGCCATATACCG	60.60857559493352	49.17073675778151	75.80377812550253	0.0	99.81955803964158	86.16913798759977	0.0	0.0	182.73941849040497	60.423029694333415	0.0	0.0	0.0	5.112375432875156	54.78872797471792	0.0	0.0	0.0	0.0	97.5871433148904	0.0	0.0	0.0	72.70731897382616	0.0	0.0
GSM4138113_HNSCC_2_TIL_TCTTTCCCAGATCGGA	73.3842696490657	106.66784971349401	91.19898651844653	162.16353635448084	213.66159353017977	53.14117225139674	19.734285145924346	62.06912494282832	0.0	77.18662766251857	76.25496462181265	0.0	0.0	0.0	0.0	82.56324845816246	0.0	0.0	17.37137779355317	0.0	0.0	0.0	0.0	0.0	0.0	0.0
GSM4138113_HNSCC_2_TIL_TCTTTCCGTCCATGAT	79.03850929162155	66.6890027634693	58.16968962505011	140.4073269519166	0.0	65.87105959307856	43.33621445757545	0.0	0.0	82.49397570768019	0.0	0.0	0.0	78.54362831191041	0.0	42.44711520240033	77.61606623370095	0.0	0.0	0.0	0.0	0.0	104.7024109746077	0.0	0.0	0.0
GSM4138113_HNSCC_2_TIL_TGAGCCGTCTCGCTTG	58.32089341617113	53.05761840157783	39.614349027481516	0.0	61.14722286486541	44.4474275298076	0.0	61.26981663870379	87.74791754411319	133.53004012862058	53.18276506507268	0.0	48.37620415145522	0.0	0.0	102.30993583239385	0.0	0.0	0.0	0.0	0.0	0.0	0.0	0.0	0.0	0.0
GSM4138113_HNSCC_2_TIL_TTAACTCCACGGTAAG	44.50491746742583	61.68684600521698	53.29056672024849	2.8074781218808518	2.4331729326279152	47.035633311086116	0.0	0.7897381358582581	120.24514392072976	84.65264431287223	34.89842681112017	0.0	0.0	0.0	21.83126524282578	0.0	0.0	0.0	0.0	0.0	0.0	0.0	0.0	91.86959759584857	0.0	0.0
GSM4138113_HNSCC_2_TIL_GCACATAGTGCTCTTC	126.19299411193471	79.93527552624772	37.23017345947184	0.0	52.72360280584428	28.96131422155242	0.0	0.0	0.0	21.913880259937297	0.0	37.52367438239731	0.0	0.0	144.21945662859528	0.0	0.8531850148421716	0.0	65.99309748986519	55.21537361757475	0.0	0.0	0.0	0.0	0.0	0.0
GSM4138113_HNSCC_2_TIL_AACTGGTAGCCACGTC	200.48304935764224	354.43595586444303	64.5399012165868	0.0	217.4849386643084	44.99143200315324	0.0	0.0	203.49567411026038	0.0	234.77400767643059	0.0	0.0	0.0	145.93211490189475	0.0	0.0	0.0	0.0	0.0	0.0	52.1039221719346	0.0	19.958955874078107	0.0	14.595879912026902
GSM4138113_HNSCC_2_TIL_ATCTGCCAGACTAGGC	206.23971895123213	166.3126911076472	21.08796895751121	80.85696736895301	114.21899865745199	41.44796965330026	0.0	128.2405737924792	0.0	36.11465878012067	64.18229791666519	0.0	0.0	0.0	0.0	0.0	0.0	0.0	0.0	0.0	0.0	0.0	0.0	0.0	0.0	0.0
GSM4138113_HNSCC_2_TIL_CAACCTCTCCTACAGA	126.71372969180895	315.4180727681478	146.66103641695418	0.0	0.0	79.93896348487867	198.25553855450602	225.84445461679033	0.0	21.894778216433153	61.58397735123058	0.0	288.7073909441639	0.0	0.0	0.0	24.093469513113618	0.0	0.0	0.0	0.0	0.0	0.0	6.545108446978535	0.0	0.0
GSM4138113_HNSCC_2_TIL_CAAGGCCGTAGAGCTG	196.45378315033312	0.0	51.768410911215746	0.0	42.66468686761916	40.282156987424884	0.0	0.0	146.90779742865894	0.0	251.5681361756356	0.0	0.0	0.0	0.0	0.0	0.0	0.0	0.0	0.0	387.4997314691165	43.04196526875176	0.0	26.25085535442727	0.0	79.51570769313469
GSM4138113_HNSCC_2_TIL_CACACTCCACAACGCC	82.14312590496138	0.0	60.97726166236491	0.0	83.6485307505072	31.651692164474426	0.0	0.0	165.9145784339521	0.0	95.58259194387524	0.0	0.0	40.24606032459517	0.0	0.0	0.0	22.296726631774767	0.0	0.0	0.0	10.271988734630112	0.0	26.90692332757013	0.0	0.0
GSM4138113_HNSCC_2_TIL_CTCGGGACACTGAAGG	285.32880261650547	467.2511061388758	100.0663742475102	191.7844434567533	0.0	77.9226904859544	227.34333016028577	0.0	0.0	31.417739208613465	0.0	307.38013417356945	0.0	0.0	0.0	6.211218048336752	0.0	0.0	0.0	128.78834441396782	0.0	0.0	0.0	0.0	0.0	0.0
GSM4138113_HNSCC_2_TIL_CTTGGCTGTTCGCTAA	193.65883238395028	88.76253212416307	37.32845622690265	0.0	0.0	23.873860803357577	89.75551264009935	83.49151060713044	0.0	0.0	84.0501066777598	0.0	57.97885387976933	46.29872694847689	0.0	13.166674284631643	0.0	63.66777943510854	0.0	0.0	0.0	39.717832994461034	0.0	0.0	0.0	0.0
GSM4138113_HNSCC_2_TIL_GACCAATGTTACGACT	0.0	0.0	0.0	0.0	0.0	0.0	0.0	0.0	0.0	0.0	0.0	0.0	0.0	0.0	0.0	0.0	0.0	0.0	0.0	0.0	0.0	0.0	2890.500167311215	0.0	0.0	0.0
GSM4138113_HNSCC_2_TIL_GCGGGTTCAGCGTCCA	217.1197450544256	65.6575810419355	134.72153880831843	218.71917050395635	462.680663875749	59.74696651191989	0.0	0.0	0.0	29.781501168865244	83.49313935914651	0.0	0.0	289.50610229741756	0.0	36.83108002090167	0.0	244.05664686787304	0.0	0.0	0.0	0.0	0.0	0.0	0.0	0.0
GSM4138113_HNSCC_2_TIL_GTAGGCCAGTCGTACT	125.55796773994744	238.85742339643508	68.26716866291976	0.0	212.29170886599505	63.27446384770697	0.0	0.0	0.0	0.0	122.3953798715457	0.0	163.73542630645395	0.0	173.98810118284445	0.0	0.0	0.0	0.0	0.0	0.0	11.583538369796328	0.0	0.062246421523054554	0.0	0.0
GSM4138113_HNSCC_2_TIL_GTGAAGGGTAGAAGGA	89.42291873636066	0.0	65.19718529670352	0.0	189.47273905683457	25.820981094252502	0.0	163.42125661512503	99.96096365415124	0.0	82.50314447955104	0.0	0.0	0.0	0.0	0.0	42.47421356714933	0.0	0.0	0.0	326.0386502955465	48.58248627990407	0.0	17.926875832244956	0.0	0.0
GSM4138113_HNSCC_2_TIL_GTTACAGCATAGGATA	231.1185968549869	103.46581590202791	30.024223278434825	0.0	74.04889211404543	37.74010865006525	0.0	0.0	186.81723920960133	0.0	169.01454441413532	0.0	0.0	0.0	266.3324910679819	0.0	0.0	65.60636372656714	0.0	0.0	0.0	182.40232265006694	0.0	0.0	0.0	0.0
GSM4138113_HNSCC_2_TIL_TAGGCATCATGACGGA	198.96928588164826	0.0	371.74634739229657	153.36571920029573	0.0	80.61944914091039	205.2078638033576	0.0	0.0	71.94480437848625	0.0	0.0	0.0	215.08405358089195	0.0	30.443442575167396	0.0	0.0	0.0	0.0	296.7657686964932	0.0	0.0	0.0	169.73596953404567	24.13536625258929
GSM4138113_HNSCC_2_TIL_TCAATCTCAAGAAGAG	237.69250031475664	92.16862240079709	105.79884186135335	0.0	221.14482277635992	45.8923411536482	0.0	0.0	0.0	0.0	262.5243160008518	0.0	297.4410488284243	0.0	182.44940075442895	0.0	0.0	0.0	0.0	0.0	328.6421448399639	56.61792747170399	0.0	18.900001762880468	0.0	0.0
GSM4138113_HNSCC_2_TIL_TGGCCAGCATGTAAGA	0.0	292.0696204837458	0.0	0.0	0.0	0.0	0.0	0.0	0.0	0.0	0.0	0.0	0.0	0.0	0.0	0.0	0.0	0.0	0.0	0.0	3008.3281782618515	0.0	0.0	0.0	0.0	0.0
GSM4138113_HNSCC_2_TIL_AACTCAGCAATGGTCT	135.34634020209847	0.0	0.0	0.0	0.0	51.63591093991981	110.57995354116339	0.0	9.85728850040985	0.0	0.0	0.0	0.0	240.94696772885374	0.0	0.0	0.0	0.0	0.0	20.622720319073277	112.18522302454335	0.0	0.0	0.0	0.0	0.0
GSM4138113_HNSCC_2_TIL_TGCGGGTGTCTAGCCG	287.8621673852141	197.50855308456502	0.41927545998498417	15.389101525562438	0.0	92.25852853979603	91.45096408756034	0.0	0.0	0.0	0.0	0.0	0.0	75.2216047165015	0.0	0.0	0.0	0.0	0.0	0.0	0.0	0.0	31.287442436570032	0.0	0.0	0.0
GSM4138113_HNSCC_2_TIL_AGTGAGGTCTACCAGA	0.0	0.0	2256.019437766833	0.0	0.0	0.0	0.0	0.0	0.0	0.0	0.0	0.0	0.0	0.0	0.0	0.0	0.0	0.0	0.0	0.0	0.0	0.0	0.0	0.0	0.0	0.0
GSM4138113_HNSCC_2_TIL_CATGGCGCATTCTCAT	54.14699756981877	0.0	404.27070977507026	33.39562237474181	0.0	22.961655814496186	46.89883677686982	69.21186923781664	0.0	29.874343896462122	0.0	0.0	0.0	0.0	0.0	0.0	0.0	19.74874514741244	0.0	0.0	0.0	0.0	0.0	0.0	122.16819463268253	0.0
GSM4138113_HNSCC_2_TIL_GTACTCCAGTGGGATC	116.76078833560481	207.3510139009973	320.66606791265286	170.87146850690385	184.08557226600763	123.62093226302913	0.0	92.31684462463892	0.0	97.30760996878996	101.06478048476205	0.0	320.77844721276347	16.810759692889835	34.42316060703757	0.0	119.80133620610027	0.0	0.0	0.0	0.0	0.0	0.0	0.0	0.0	0.0
GSM4138113_HNSCC_2_TIL_TTTGGTTGTTACCGAT	33.46419499971964	104.57459518127253	220.56479680500527	0.0	230.73109993211767	73.41983748541762	0.0	0.0	385.3502702150577	0.0	57.63428216338901	0.0	0.0	94.86425591679512	0.0	10.25882807215343	0.0	0.0	0.0	0.0	0.0	40.42580822994591	0.0	13.5225948478922	0.0	0.0
GSM4138113_HNSCC_2_TIL_AGCTCCTCAGTCGATT	119.53178749851095	50.471836521738275	92.00375998897468	0.0	209.11703761422945	19.439347415623082	0.0	0.0	57.87744248088201	0.0	79.47106370474795	0.0	0.0	86.95118572158658	0.0	0.0	0.0	0.0	0.0	0.0	0.0	8.57220369673589	0.0	10.869650946891426	0.0	0.0
GSM4138113_HNSCC_2_TIL_AACTCCCAGTGTCTCA	0.0	0.0	0.0	0.0	0.0	1250.320882824247	0.0	0.0	0.0	0.0	0.0	0.0	0.0	0.0	0.0	0.0	0.0	0.0	0.0	0.0	0.0	0.0	0.0	0.0	0.0	0.0
GSM4138113_HNSCC_2_TIL_AGCAGCCGTATAGGTA	0.0	16.164137180631187	0.0	0.0	0.0	1871.379211240132	0.0	0.7043748716247563	0.0	20.372948044218404	0.0	0.0	0.0	0.0	0.0	0.0	0.0	0.0	0.0	0.0	0.0	0.0	0.0	0.0	0.0	0.0
GSM4138113_HNSCC_2_TIL_CTGAAACAGTGGACGT	29.39381228220121	0.0	24.56820783047589	7.283802585700458	0.0	520.0858387184622	55.312416945677555	16.78785667279425	0.0	0.0	0.0	0.0	0.0	0.0	0.0	0.0	5.739275535932023	30.86395335376211	26.85519517269779	21.213446372578733	0.0	0.0	0.0	0.0	0.0	0.0
GSM4138113_HNSCC_2_TIL_TCAGCAATCCGAAGAG	14.785304393050327	0.0	0.0	39.44917576527784	0.0	1213.0175594605068	5.734254674139887	0.0	0.0	0.0	0.0	0.0	0.0	0.0	0.0	0.0	0.0	0.0	0.0	4.897255346568987	0.0	0.0	0.0	2.378426965404989	0.0	0.0
GSM4138113_HNSCC_2_TIL_AACTCTTAGGCATGGT	101.90751240410121	330.15365784029876	114.66698485474029	281.37502635236325	48.066482089011785	42.36815181444225	75.20134356553643	147.25367014596918	0.0	71.23907987487996	281.4504573297679	0.0	159.93713204372938	0.0	0.0	73.120150328176	0.0	0.0	0.0	0.0	0.0	0.0	0.0	0.0	0.0	0.0
GSM4138113_HNSCC_2_TIL_AAGTCTGTCTCCGGTT	132.26002419659784	0.0	64.62478433639005	0.0	104.31124196037634	50.98893381796305	0.0	0.0	390.2496008679354	0.0	220.1087550407196	0.0	0.0	0.0	153.61987217408222	54.51674156864905	0.0	322.48137313559715	0.0	0.0	0.0	80.4281676328632	0.0	0.0	0.0	0.0
GSM4138113_HNSCC_2_TIL_GACGTGCAGTAGGTGC	0.0	0.0	0.0	1418.5106855778165	0.0	0.0	0.0	0.0	2707.654253923962	0.0	0.0	0.0	0.0	0.0	0.0	0.0	0.0	0.0	0.0	0.0	0.0	0.0	0.0	0.0	0.0	0.0
GSM4138113_HNSCC_2_TIL_GATTCAGCAGCTGCAC	213.26587945364898	252.5371037964307	185.16439213260915	0.0	66.83392017584077	41.578281891458225	102.33185026726308	118.4645755587213	128.0942565110864	55.678361646094466	165.04721787521026	0.0	287.62857177410615	0.0	0.0	0.0	0.0	0.0	0.0	0.0	0.0	0.0	0.0	34.70096631870641	0.0	0.0
GSM4138113_HNSCC_2_TIL_GTACTTTGTGCAGACA	12.780259250399777	36.16211936823764	33.48065473107783	36.29895088520454	0.0	5.9435312186565525	0.0	0.0	0.0	0.8020970791810546	0.0	9.587919476857328	0.0	0.0	0.0	0.7693094661594537	0.0	0.0	0.0	1.36627613669906	0.0	0.0	0.0	0.0	0.0	0.0
