	1	2	3	4	5	6	7	8	9	10	11
GSM4138113_HNSCC_2_TIL_ACAGCTACAGCAGTTT	0.0	48.68424581269701	335.1066815352198	0.0	131.90832925859252	119.92671333025551	82.18703071793335	0.0	0.0	0.0	44.52924507984323
GSM4138113_HNSCC_2_TIL_CGCTATCTCGGTCCGA	431.52061491740443	83.6260609657938	0.0	66.60343655219303	295.4316383718483	195.12781735036722	92.58505310905736	59.80530840614013	4.739473896209	0.0	211.24511609197373
GSM4138113_HNSCC_2_TIL_GGACGTCGTAGAGGAA	650.6164516471225	0.0	0.0	0.0	0.0	13.802952581174745	15.704662225950047	0.0	11.26856520854357	0.0	0.0
GSM4138113_HNSCC_2_TIL_AACTCTTGTCAAGCGA	0.0	4.342672205335262	448.91355867240577	180.57742028230652	36.60172186225558	44.966770119539056	72.12317513403308	0.0	0.0	0.0	31.928269731538716
GSM4138113_HNSCC_2_TIL_AGTGTCAAGAACTGTA	0.0	135.04759545573228	164.14495971426993	436.8189436808371	492.49975741841564	239.71388031623923	91.28669230617075	83.99755914068355	0.0	0.0	183.5916645451301
GSM4138113_HNSCC_2_TIL_GAAACTCAGTTACGGG	0.0	184.23115022231173	56.23010005119981	182.59495533466952	213.28167681478584	311.43302552357613	100.71104969876623	1.3773857953912179	0.0	58.647004429307934	0.0
GSM4138113_HNSCC_2_TIL_ACGGAGACAGGGATTG	198.7936800176846	0.0	1198.4464584655968	579.9270415457681	0.0	0.0	0.0	0.0	641.210774328506	0.0	0.0
GSM4138113_HNSCC_2_TIL_CACACAAAGTCCGTAT	1013.9271485030795	307.36511642150225	0.0	375.825135362731	133.81757937417603	134.96666619299268	222.5365493236663	39.13426499996596	103.71725757607626	97.34097089049965	0.0
GSM4138113_HNSCC_2_TIL_CAGCTAACAGTCACTA	0.0	78.93055162260433	196.7994656523297	100.13369419969622	30.344214871966447	77.08138173254592	33.61459523889872	34.27543266085754	59.91842256434375	47.099454617236276	0.0
GSM4138113_HNSCC_2_TIL_CATATGGAGGGTGTGT	0.0	86.79183787172582	937.4729161952763	314.4296715739421	67.99138943534072	83.45730874411011	34.83487028374672	9.814265705633328	17.397657915362306	0.0	16.261740381799253
GSM4138113_HNSCC_2_TIL_CATCAAGTCTATCGCC	0.0	202.92909836261876	1614.0290816567808	164.4305192377221	122.04798453331964	26.0544986325027	72.9653736025683	46.77389606436565	207.5800243987414	0.0	115.49921125865538
GSM4138113_HNSCC_2_TIL_CCTACACCACGAAGCA	1398.8769100810973	0.0	0.0	0.0	0.0	0.0	33.8453916053238	0.0	939.6608980003999	0.0	0.0
GSM4138113_HNSCC_2_TIL_CGTCACTTCGGCGGTT	103.04749080835636	43.4990305856104	101.41971891863764	157.0900241406508	49.722529665091535	34.78511403504379	19.70774834991268	22.40679614945304	51.96208137157095	41.780735843427316	0.0
GSM4138113_HNSCC_2_TIL_CTGATAGGTAAGTGGC	0.0	17.787341796945036	189.20061983929665	229.6103158612586	26.26760279976906	34.36281223799074	15.470566136799597	8.860431432573687	0.0	0.0	154.8766264292478
GSM4138113_HNSCC_2_TIL_CTGCCTATCACCACCT	0.0	142.54564802475736	423.3784067719176	387.97917141883596	45.7946459230804	43.04578382438682	39.725324795531606	16.664205486899206	216.6627011967611	0.0	0.0
GSM4138113_HNSCC_2_TIL_GATCAGTAGAGTAATC	122.61566781400099	10.727552898485225	734.2258212656917	513.567085089718	10.661563782553484	0.0	0.0	15.976648019514757	0.0	0.20761118641678905	0.0
GSM4138113_HNSCC_2_TIL_GATGAGGGTAGCCTCG	0.0	38.95999042197507	177.06922617517134	185.35751976002675	0.0	0.0	36.183985656005724	27.75396774424517	251.64225285370213	8.188676088290723	0.0
GSM4138113_HNSCC_2_TIL_GCAAACTGTCGCCATG	136.38859821663146	125.82633969946444	383.21141526499116	403.6676945980682	100.06928881630161	277.99377382335405	68.51952588465014	28.625791092708845	0.0	0.0	39.05055657098483
GSM4138113_HNSCC_2_TIL_GCGCCAAAGTTTCCTT	0.0	0.0	0.0	0.0	0.0	0.0	0.0	0.0	3623.05247849494	0.0	0.0
GSM4138113_HNSCC_2_TIL_GCGCGATAGGTAAACT	0.0	173.95973587351614	289.9193636643187	208.25904374757368	32.91816832451171	67.03805737636378	67.0914622729222	41.43914565536493	148.9831645050502	81.8041706376415	0.0
GSM4138113_HNSCC_2_TIL_TCAATCTGTCCAGTTA	0.0	115.02958865445457	375.4270509736498	441.46371649511883	83.38059779566568	54.551985332499484	27.45449403954189	19.389449594294415	5.808787163850606	31.283361682300182	0.0
GSM4138113_HNSCC_2_TIL_TGCTGCTCAGTGAGTG	0.0	113.26447161542038	362.7011518608759	343.2871123342885	25.767786134852724	46.065216300411	125.75031204112815	38.107257864490606	0.0	0.0	65.30763887977159
GSM4138113_HNSCC_2_TIL_ACGAGCCTCGCGATCG	51.1681088178337	68.63765855056657	632.6086741183461	33.562702824884475	22.895015384962687	3.100676275558236	25.503561539360025	0.0	0.0	20.45542698247038	0.0
GSM4138113_HNSCC_2_TIL_AGCATACTCACAGTAC	759.7891896105151	49.01414742307509	339.8891783687878	0.0	122.46347170897421	0.23651763922445154	24.318933126736393	0.5780506441431862	0.0	0.0	17.99282123280453
GSM4138113_HNSCC_2_TIL_CCACTACAGTTCGCGC	879.906794290256	9.781964337765196	0.0	21.616604840772386	23.92609898656065	0.0	15.518599135452328	0.0	8.040213637157448	0.0	42.00475742707756
GSM4138113_HNSCC_2_TIL_CGATTGAGTATATGGA	1031.2268785860856	0.0	0.0	0.0	27.063922928521265	0.0	21.448138222123646	0.0	0.0	0.0	17.474900837732168
GSM4138113_HNSCC_2_TIL_CTCGTACCACCGATAT	768.6272554895446	0.0	0.0	23.292235225701557	97.84318051157679	50.508450250612654	43.25553253548364	0.0	0.0	0.0	0.0
GSM4138113_HNSCC_2_TIL_CTGTTTATCAACACGT	556.7946671600625	49.691116730200335	333.47922977333695	14.562969912630203	0.0	32.16044311313487	9.363028533169663	11.318361146812489	0.0	55.66963259484751	0.0
GSM4138113_HNSCC_2_TIL_CTTCTCTTCTCTGTCG	0.0	87.75660118361806	694.0663585559337	0.3794379172685332	50.13357825556367	36.57963977393846	10.113884869225483	5.408216249196272	0.0	0.0	0.0
GSM4138113_HNSCC_2_TIL_GAATAAGGTTAAGAAC	880.8148302993359	0.0	252.0639542229373	0.0	2.153173488543528	0.0	15.981327593311923	11.588517747713235	0.0	0.0	10.417726833535173
GSM4138113_HNSCC_2_TIL_GATCGATCATGTTGAC	513.9221462085508	13.924363000980675	499.73962961916953	0.0	42.89375721806547	60.51885908366131	46.214191306879854	14.223419741562406	4.37180231612501	11.275496183541636	0.0
GSM4138113_HNSCC_2_TIL_TCCACACTCTTGTACT	0.0	49.76322584365908	683.5189177795048	12.935449386819936	29.175520022280967	37.84976348583564	3.9530980138047433	28.653552651935968	0.0	55.87900022969823	0.0
GSM4138113_HNSCC_2_TIL_TCTTCGGAGATGTCGG	308.58533241672393	6.282523996721567	490.14131241422837	22.110432590252792	102.97040709803807	0.0	63.22010313987694	29.62112607658181	0.0	0.0	15.754435660234531
GSM4138113_HNSCC_2_TIL_TTCGAAGAGTACCGGA	1345.4333576378754	0.0	0.0	0.0	0.0	0.0	28.820084383640236	0.0	0.0	0.0	0.0
GSM4138113_HNSCC_2_TIL_AAACCTGTCTGATTCT	1237.2622767006533	0.0	0.0	0.0	23.780558129464364	18.966682208853097	5.228975049777053	18.474669011944822	0.0	0.0	6.17619950918246
GSM4138113_HNSCC_2_TIL_AAGCCGCGTCGACTAT	559.1302031077197	0.0	0.0	12.735629892626996	0.0	0.0	12.426383684743712	0.0	0.0	0.0	0.0
GSM4138113_HNSCC_2_TIL_AATCGGTGTCCGACGT	412.38358756109994	0.0	568.5974560080605	0.0	0.0	20.267775478599216	22.578218286002368	0.0	0.0	0.0	0.0
GSM4138113_HNSCC_2_TIL_AGTTGGTGTCTTTCAT	766.0833961224615	0.0	0.0	6.481075862059311	0.0	0.0	0.0	0.0	11.479118532464955	16.68882972760565	0.0
GSM4138113_HNSCC_2_TIL_ATCACGAAGAGAGCTC	591.3485418287282	0.0	74.6500718233624	0.0	23.82039677192831	57.49601577327446	0.0	0.0	0.0	50.36446614853233	0.0
GSM4138113_HNSCC_2_TIL_ATCATGGGTAGCAAAT	534.4858413680028	5.026529882839679	227.74475258149712	24.595738039027953	75.45478608625709	20.214537672928564	36.21545169928704	10.08066534171979	2.4179854887573398	0.0	7.447586632911799
GSM4138113_HNSCC_2_TIL_ATTTCTGCAAGGACAC	466.6693696921795	45.36907015894308	408.8782298304605	31.549110385525346	23.95137343024496	5.4945140235272305	0.0	0.0	25.259182427942868	2.204845255448707	0.08059831924525322
GSM4138113_HNSCC_2_TIL_CACAGGCGTCGACTAT	503.44992009215156	0.0	0.0	0.0	0.0	0.0	0.0	0.0	11.133032612204344	0.0	68.46289373816734
GSM4138113_HNSCC_2_TIL_CACAGGCTCGTACCGG	725.0313414692632	0.0	148.70578160270045	0.0	0.0	32.6077500127649	0.0	4.737207052199258	0.0	0.0	35.774788706522756
GSM4138113_HNSCC_2_TIL_CACAGTACAAGTCTGT	707.7377917483659	0.0	0.0	0.0	0.0	0.0	0.0	0.0	0.0	0.0	0.0
GSM4138113_HNSCC_2_TIL_CACTCCACATGTAAGA	751.1406387805196	32.713226286782984	0.0	27.07528253425166	0.0	19.712687175237384	0.7211161977830738	3.5647334484205744	2.186615585305249	0.0	15.643890823140648
GSM4138113_HNSCC_2_TIL_CAGAATCCATGGGACA	821.3704560741916	0.0	0.0	0.0	0.0	13.503806794094093	0.0	0.0	5.492811041993763	0.0	0.0
GSM4138113_HNSCC_2_TIL_CAGAATCTCATGCATG	603.94334374788	65.97316535077795	0.0	32.22153533164946	47.90098744422643	0.0	0.0	0.0	0.0	15.281506494091904	0.0
GSM4138113_HNSCC_2_TIL_CAGGTGCAGACGCACA	225.79889477898726	0.0	307.9964451677591	7.1885395838453965	21.727695785481597	19.086498430817343	17.64000484171743	4.741600425032316	11.683258706016336	42.98725513162773	0.0
GSM4138113_HNSCC_2_TIL_CAGTCCTCAACTGCTA	518.5191203115356	58.3069552562494	0.0	100.01202398157034	40.51093820545364	95.42610850351303	109.5061115975991	53.39245202548108	0.0	16.411394401414118	0.0
GSM4138113_HNSCC_2_TIL_CATCGAAAGGCATTGG	835.7893717061605	0.0	0.0	23.731593623853453	21.01262751970193	0.0	37.011587257965815	0.0	0.0	0.0	0.0
GSM4138113_HNSCC_2_TIL_CCATTCGTCTGAGGGA	528.099529169227	21.56789528447147	0.0	89.79228519696315	0.0	57.839730989102414	23.31129020953766	0.7198904154098235	0.0	61.3966471154667	0.0
GSM4138113_HNSCC_2_TIL_CCCTCCTTCGCGATCG	878.5211237024956	0.0	0.0	0.0	0.0	6.039964926041436	0.0	0.0	72.06982708562519	0.0	0.0
GSM4138113_HNSCC_2_TIL_CCTAGCTGTTCAGACT	872.2245717156018	10.73699307192884	0.0	0.0	0.0	4.273517841240692	0.0	0.0	8.119418428340703	0.0	39.56508660001861
GSM4138113_HNSCC_2_TIL_CCTTCCCTCCACGTGG	235.27247880629145	12.451718707669146	365.94841735316567	0.0	0.0	51.95478674849747	26.805425229660628	0.0	0.0	15.712802868593442	0.0
GSM4138113_HNSCC_2_TIL_CGTCAGGGTGGTGTAG	730.9608719494324	0.0	0.0	0.0	4.12014427708352	0.0	0.0	0.0	22.568628232751625	0.0	42.42312500904871
GSM4138113_HNSCC_2_TIL_CTGCCTAGTATAAACG	910.8908784045223	0.0	28.971235272382206	0.863095744812566	0.9388677461862206	8.78755038354869	0.0	7.790533649561202	0.0	14.824676188969141	0.0
GSM4138113_HNSCC_2_TIL_CTGTGCTAGAAAGTGG	754.8763819298624	0.0	74.5648516057756	0.0	1.604709625734413	0.0	23.62450834757838	0.0	0.0	0.0	0.0
GSM4138113_HNSCC_2_TIL_CTGTTTAAGTTACCCA	780.1925807625918	4.542283678822787	0.0	3.332462831982562	6.630008591893399	0.0	1.8652302080213103	6.947866372572267	0.0	0.0	9.30508029707701
GSM4138113_HNSCC_2_TIL_CTTACCGCATTGAGCT	0.0	0.0	1123.5224933483512	9.465876541849457	112.81076455643077	35.5062205769608	30.95182166093166	13.534535592106486	2.587410691697235	0.0	16.57345552932306
GSM4138113_HNSCC_2_TIL_GAAGCAGGTACAGTGG	820.8712202061163	33.28985452924642	180.77924839956657	0.0	20.532867543920418	14.237437743669455	3.1171972766952774	0.0	0.0	0.0	0.0
GSM4138113_HNSCC_2_TIL_GACGTGCGTATTAGCC	516.7983828506203	6.399272659595456	405.3444914760264	59.48795678404794	0.0	20.852826191057616	0.0	0.0	0.0	0.0	45.423109968505344
GSM4138113_HNSCC_2_TIL_GACGTGCTCGGATGTT	0.0	0.0	753.6340525164841	20.121059568342883	2.0679675879478867	0.0	16.90637123997037	14.177703622996228	0.0	32.334446982927204	0.0
GSM4138113_HNSCC_2_TIL_GAGCAGAAGACTACAA	466.9665549245946	48.566564834014585	0.0	0.0	39.25398276602602	43.18237823907415	40.24367810407606	31.885810829445173	47.478179058031074	0.0	113.15761844363793
GSM4138113_HNSCC_2_TIL_GAGTCCGAGCAATCTC	232.26275675037903	0.0	417.23457595864926	0.0	0.0	104.98922167639002	0.0	0.0	16.924584696250363	0.0	0.0
GSM4138113_HNSCC_2_TIL_GCGCGATAGGCTACGA	1001.2000678780419	0.0	0.0	14.69905487758858	1.1739000922207552	0.0	0.0	8.766216024277073	0.0	0.0	0.0
GSM4138113_HNSCC_2_TIL_GCTGCTTCAGTTCATG	606.8764911469442	0.0	0.0	0.0	5.332492871750482	0.0	0.3949566493765528	0.0	24.02001672361112	0.0	18.671958604023313
GSM4138113_HNSCC_2_TIL_GGCGACTGTAAGTGTA	757.0139826265663	29.894440637249197	464.01821754616077	17.484603659656404	0.0	1.355678105715609	12.600695272198026	8.43409103479739	0.0	0.0	26.183058360168758
GSM4138113_HNSCC_2_TIL_GGCTGGTTCCAAACTG	0.0	0.0	508.34729879950083	30.52474325355684	54.72665223339714	23.75902980533097	32.37273183079716	0.0	28.866128781644143	0.0	41.53449295531671
GSM4138113_HNSCC_2_TIL_GGGTTGCTCCTTGGTC	735.3203296537633	27.55145475688333	0.0	32.32894888955958	94.63967982803129	67.04312388410142	22.998042626704112	0.0	0.0	0.0	32.22342475886093
GSM4138113_HNSCC_2_TIL_GTAACTGTCTGGTTCC	740.8829289901531	0.0	305.8221304472029	0.0	0.2626360484413607	22.3883132483028	2.850825162493932	10.109904209489338	0.0	0.0	0.36786093308557
GSM4138113_HNSCC_2_TIL_GTCACGGGTCCGTGAC	989.2537449100644	0.0	0.0	18.996916012396344	34.8001470351063	31.195244492552597	0.0	0.0	0.0	0.0	10.57213673152579
GSM4138113_HNSCC_2_TIL_GTTAAGCCATGCAACT	671.7407887074241	21.834463398795183	0.0	0.0	14.397627478154009	0.0	40.67575209610676	0.0	22.173924171781966	0.0	0.0
GSM4138113_HNSCC_2_TIL_TAGAGCTTCCGTTGCT	131.57569456292543	14.143032777729186	872.590300246889	15.864580933758152	0.0	0.0	34.300977949420556	0.0	0.0	0.0	0.0
GSM4138113_HNSCC_2_TIL_TATCAGGAGAACTGTA	0.0	71.81656490255523	1202.7161638819007	73.83502367324692	11.055696362930682	72.43406638620026	42.837535493956054	17.694992034271603	12.022854326148016	0.0	63.65569177644477
GSM4138113_HNSCC_2_TIL_TATCAGGTCGGTCCGA	936.9982566866418	0.0	0.0	0.0	0.0	0.0	0.0	0.0	29.227303075348406	0.0	0.0
GSM4138113_HNSCC_2_TIL_TCACAAGAGAGTGAGA	707.1141622173511	0.0	0.0	0.9405033667104786	0.0	0.19909752223986882	0.0	0.0	0.0	0.0	113.84574112348075
GSM4138113_HNSCC_2_TIL_TGCCCATAGAAAGTGG	415.9994394806906	45.37861730199071	0.0	0.0	0.0	48.35359046599543	0.0	5.602445004005626	72.2316077241923	0.0	66.41469555628571
GSM4138113_HNSCC_2_TIL_TGTATTCTCAAGGCTT	1176.4261819946432	0.0	0.0	0.0	0.0	31.656290122958726	0.0	0.0	20.030309087351842	0.0	46.67606328884369
GSM4138113_HNSCC_2_TIL_TGTGTTTAGAGCTTCT	274.98372913529505	0.0	584.4725053804361	0.0	0.0	7.382952709322777	28.398284749458707	8.874252677070341	0.0	0.0	70.34975623063052
GSM4138113_HNSCC_2_TIL_TTGGCAATCCAAACTG	846.7704825235985	1.2965584654969424	0.0	9.356350892436984	0.13865256480808397	2.6605377306763374	0.0	0.0	0.0	0.0	0.0
GSM4138113_HNSCC_2_TIL_TTTCCTCCAAGCCCAC	753.0096814637383	44.43434281405252	0.0	0.0	0.0	56.217740327334695	0.7693436276339531	0.0	35.61788345147942	0.0	7.850204074842743
GSM4138113_HNSCC_2_TIL_CGAGAAGAGAAACGCC	574.6309757620678	40.20022503026213	0.0	0.0	63.80336626019108	396.3224412859175	0.0	0.0	59.3037999194043	0.0	81.08152619069146
GSM4138113_HNSCC_2_TIL_CTAGAGTCACTAGTAC	0.0	25.87357713259825	1522.6856127997423	0.0	5.022101531376946	6.894892876331146	17.53440288530145	1.2224206507465025	0.0	44.38395552532237	0.0
GSM4138113_HNSCC_2_TIL_GTTCTCGCAATCGAAA	0.0	0.0	0.0	0.0	0.0	4549.635310423989	0.0	0.0	0.0	0.0	0.0
GSM4138113_HNSCC_2_TIL_TCATTTGCACTATCTT	567.878697124687	28.301264420681132	0.0	33.74035649073426	325.117106176794	588.2625393986455	11.667776558717241	7.080085601991285	5.313098335576646	0.0	69.59678546102874
GSM4138113_HNSCC_2_TIL_CGTCAGGAGTCAAGCG	836.1265939954338	17.637919528493796	187.12987605358313	0.0	0.0	9.001585290760126	8.854114615548912	0.0	10.762100360792436	0.0	0.0
GSM4138113_HNSCC_2_TIL_TCATTTGGTTTGCATG	714.5535226419552	0.0	21.344702661107032	0.0	49.94404722271983	0.0	0.0	0.0	0.0	0.0	0.0
GSM4138113_HNSCC_2_TIL_TGACGGCGTCCCTACT	971.7043103756577	47.27842676436599	252.82257505478137	0.0	12.401601873233817	0.0	0.0	9.097914020718626	0.0	0.0	0.0
GSM4138113_HNSCC_2_TIL_ACGCCGAGTACTTCTT	83.59114115992867	0.0	845.9913099380523	0.0	5.816928881707119	0.0	0.0	0.0	0.0	3.9561605100795285	0.0
GSM4138113_HNSCC_2_TIL_CAGGTGCGTAGCGCTC	679.7561541421396	0.0	0.0	0.0	10.425079150475392	0.0	12.370336749083885	0.0	0.0	0.0	39.1660203626885
GSM4138113_HNSCC_2_TIL_TGAGCCGGTTACGGAG	1163.3243389107643	115.78121815522435	0.0	0.0	324.46003595596613	224.45834908811418	117.07486054942747	13.630055586958004	0.0	116.71957950327653	90.53114710302127
GSM4138113_HNSCC_2_TIL_TGGCTGGTCGTCCAGG	868.1369139254331	0.0	0.0	0.0	0.0	28.506036141064357	0.0	9.71087033105592	0.0	0.0	9.244848039989542
GSM4138113_HNSCC_2_TIL_CCTTCGATCGTGGTCG	477.4435449279641	32.17384369558668	685.4177155929054	24.35298800682706	0.0	9.436390044470912	0.0	25.967904835304555	0.0	70.13426639997024	0.0
GSM4138113_HNSCC_2_TIL_CGACTTCGTTTGACTG	203.30334360039896	19.687941049262314	262.04062646340066	0.0	47.27909837714332	31.0430793579864	23.72722577106563	4.152757686936573	0.0	53.283965017117765	0.0
GSM4138113_HNSCC_2_TIL_GCTTCCATCTCTTGAT	0.0	51.6497859077722	529.3535396818693	0.0	62.50122486231544	0.0	6.539215391144896	4.380989586389604	6.6383444785766565	69.45889421983848	0.0
GSM4138113_HNSCC_2_TIL_TAGTTGGTCCAAGCCG	284.60563892724156	0.0	408.3281041798512	72.99851098868602	21.93361082729603	20.630199180358925	18.656867167323153	3.806032953456577	20.36684110461925	0.0	4.463173664544525
GSM4138113_HNSCC_2_TIL_CGCGGTACAAGTTGTC	0.0	49.067523772961906	17.951342999294553	2119.9280651091076	311.6373766897264	133.8416489559515	45.47510943538157	4.372955561900505	0.0	39.63090395942578	0.0
GSM4138113_HNSCC_2_TIL_GGATGTTCACCAGGCT	140.1000476150449	0.0	0.0	579.841123941437	27.43144499046553	23.131864451339617	0.0	0.0	0.0	40.08156927281923	0.0
GSM4138113_HNSCC_2_TIL_ACCCACTGTTTAAGCC	0.0	163.71239199385462	634.0158996711492	0.0	9.580701894359223	119.56715477027768	68.45394603917775	0.0	0.0	143.35454079728066	0.0
GSM4138113_HNSCC_2_TIL_ACGATGTTCATTCACT	0.0	105.47227552338295	444.7212445606309	28.589344129250605	0.0	164.64139590785325	61.97610388060321	5.915808113104456	47.97540144464821	122.48580449173484	0.0
GSM4138113_HNSCC_2_TIL_ATCCACCTCTTGTACT	0.0	261.3941982502082	975.889785581373	0.0	112.09562233027997	210.43302649826276	49.50560680909542	11.45048731527882	30.604976059415016	196.2769205191321	0.0
GSM4138113_HNSCC_2_TIL_CATCGGGAGAAAGTGG	0.0	262.5908490057011	753.1717924622211	1.4748155750492433	133.52641080967916	322.71716117406544	15.137085017114591	28.670061083077858	0.0	206.66907433416512	0.0
GSM4138113_HNSCC_2_TIL_CGAATGTGTCGGCATC	0.0	266.93789053160265	748.8945040476824	15.884001963872759	47.012088901062256	136.38675007986174	72.42877065697827	10.470874067082917	0.0	93.36331099301044	0.0
GSM4138113_HNSCC_2_TIL_GGACAGACAGCGATCC	0.0	239.5756694843801	842.8197707232433	62.8871897020331	49.59746049769116	142.98550703636423	80.71219927339162	39.786311849122114	0.0	193.26510937727858	0.0
GSM4138113_HNSCC_2_TIL_GTAACTGAGACTACAA	0.0	154.82171002279657	804.9909538270491	6.992422113791465	10.311279502412555	114.79346935853033	40.28346798263706	1.8337699046050007	88.99230502439663	70.55475431178883	0.0
GSM4138113_HNSCC_2_TIL_GTCACAAGTGAAAGAG	0.0	283.51204288913897	910.2855459663324	3.7425950521227684	42.93762259760711	139.7891783898389	133.41690977096403	21.944798173123406	0.0	76.61191802077798	0.0
GSM4138113_HNSCC_2_TIL_TCGCGAGGTCGCGGTT	0.0	204.97930214554836	957.0881235528583	75.49042986859139	0.0	230.61945038232628	13.472567218079066	17.38475661941363	0.0	132.41586885167146	0.0
GSM4138113_HNSCC_2_TIL_TGACAACGTCTCTCGT	0.0	145.52874715765338	1176.3322824575737	38.29332630024055	0.0	70.24643276349694	38.90367243571598	14.040574563556591	0.0	81.15694267624504	0.0
GSM4138113_HNSCC_2_TIL_TTTACTGTCTAGAGTC	0.0	331.07280355391595	1038.469796605452	46.51026233186279	86.2284510899331	207.80833636023806	104.24975747932285	6.186677243608734	0.0	173.289126842097	0.0
GSM4138113_HNSCC_2_TIL_AAACGGGAGTAAGTAC	0.0	1202.4958008589535	33.00385719105011	0.0	0.0	65.386847202611	0.0	14.28563775768984	0.0	0.0	0.0
GSM4138113_HNSCC_2_TIL_ACACCGGAGAATGTTG	0.0	838.7815177628478	0.0	20.734769131826035	0.0	23.128468422300262	21.4251945851312	0.0	9.470461573592317	0.0	33.65440996487753
GSM4138113_HNSCC_2_TIL_ACACCGGTCCGCATAA	0.0	954.4492150694999	13.71580573651486	0.0	0.0	0.0	0.0	0.0	27.091838894928234	15.97792961587123	0.0
GSM4138113_HNSCC_2_TIL_ACATGGTAGCAGACTG	0.0	1181.8894422718663	0.0	57.02145683774765	348.59960040482883	98.75066371946967	0.0	4.142249199337502	0.0	0.0	61.76731200660444
GSM4138113_HNSCC_2_TIL_ACGTCAAGTTATCGGT	0.0	1137.7960234789377	114.92442888135287	99.53546029042784	245.01442526511406	28.80129042994925	25.420502394234607	9.005787175961988	0.0	0.0	0.0
GSM4138113_HNSCC_2_TIL_ACTGAACGTAGCGCTC	0.0	815.1113444878348	35.6660104288091	0.0	0.0	29.356375797715575	4.026076861423544	1.6250448354396503	0.0	0.0	40.99892435727837
GSM4138113_HNSCC_2_TIL_AGCATACGTCGTCTTC	0.0	1510.0455933317094	0.0	0.0	0.0	0.0	0.0	0.0	0.0	0.0	0.0
GSM4138113_HNSCC_2_TIL_AGCCTAATCGCGTTTC	0.0	1437.8846131702212	0.0	0.0	0.0	0.0	12.937899869240034	0.0	0.0	0.0	0.0
GSM4138113_HNSCC_2_TIL_ATTGGACCAACGCACC	0.0	1348.8187728196237	0.0	0.0	0.0	0.0	11.182295137957396	0.0	2.9451382186769317	0.0	30.565439828715668
GSM4138113_HNSCC_2_TIL_CACAGGCGTTCCTCCA	0.0	1447.125555001422	0.0	0.0	5.298356754672897	0.0	1.7467179187129585	0.0	0.0	0.0	0.0
GSM4138113_HNSCC_2_TIL_CAGCGACAGTACGCCC	6.269084095954474	1028.2223909167337	0.0	0.0	0.0	0.0	0.0	0.0	0.0	16.18201847653295	0.0
GSM4138113_HNSCC_2_TIL_CATGCCTCACTGAAGG	18.104929067230817	1387.9759005945461	0.0	0.0	0.0	0.0	0.0	0.0	54.556225717055746	0.0	0.0
GSM4138113_HNSCC_2_TIL_CCAATCCCAGATGGGT	0.0	441.21412485540026	30.004745469128302	35.7624117454029	30.24351374718315	52.15674929673656	28.196533359289088	0.0	0.0	37.13853995312692	0.0
GSM4138113_HNSCC_2_TIL_CCACGGAGTACCGTAT	62.24925202049123	778.5327059549339	0.0	0.0	0.0	47.713960143671386	0.0	0.0	19.10953779032446	0.0	14.21293268448872
GSM4138113_HNSCC_2_TIL_CCGGGATGTCGCATAT	0.0	1443.560358749163	7.62129279802296	0.0	0.0	0.0	0.0	8.348101775827493	0.0	0.0	0.0
GSM4138113_HNSCC_2_TIL_CGATGTAGTCATTAGC	0.0	1263.0378961460224	20.296612886896856	0.0	0.0	0.0	8.127009538752613	0.0	0.0	0.0	0.0
GSM4138113_HNSCC_2_TIL_CTACACCAGGTCATCT	3.8683399826810105	920.3431375031485	0.0	0.0	0.0	2.3581327417740856	0.0	0.0	13.187808906630083	0.0	0.0
GSM4138113_HNSCC_2_TIL_CTAGTGATCACGACTA	51.86466196760273	1291.046005373306	0.0	4.382516648426005	0.0	38.40703941500991	0.0	0.0	0.0	0.0	0.0
GSM4138113_HNSCC_2_TIL_CTGCTGTAGTGCTGCC	0.0	969.3207188336721	0.0	0.0	14.723820118618413	0.0	0.0	1.85765290943535	2.1217460994904114	0.0	10.557526274448701
GSM4138113_HNSCC_2_TIL_GACGTGCCACATCTTT	0.0	1522.803616800201	0.0	0.0	0.0	0.0	18.23503385060508	7.1045797068416405	56.61093178806588	0.0	0.0
GSM4138113_HNSCC_2_TIL_GATCTAGGTGGCTCCA	0.0	699.4644840567134	0.0	0.0	6.888248668077693	0.0	8.079607177640966	0.0	0.0	0.0	55.43003249412141
GSM4138113_HNSCC_2_TIL_GCCAAATCAGCCTATA	0.0	631.6196037415873	33.63155259376686	0.0	0.0	113.2404998316144	36.83519660624216	10.640906353368118	5.620829082595188	0.0	18.194218185053586
GSM4138113_HNSCC_2_TIL_GCGCAGTGTCTTGATG	37.94776990559263	701.2876473730805	0.0	0.0	7.230283482859282	24.532446760121225	10.747437034181651	0.0	0.0	0.0	50.303806624512966
GSM4138113_HNSCC_2_TIL_GGACAAGTCCTCAATT	0.0	1276.2892819439414	0.0	22.243155046680727	97.33865451372395	247.36693382532926	0.0	23.53144008024	13.04496300351722	0.0	14.69894463757897
GSM4138113_HNSCC_2_TIL_GGGTCTGAGCTATGCT	35.102249269894976	1072.5136512282938	0.0	0.0	0.0	13.582250801703356	52.088990162387766	17.292481211570195	0.0	0.0	0.0
GSM4138113_HNSCC_2_TIL_GTAGGCCAGCACCGCT	0.0	1123.6814306417264	0.0	0.0	4.69582193296688	30.059592377843806	36.759494006451106	0.0	0.0	27.877011666698824	0.0
GSM4138113_HNSCC_2_TIL_GTCAAGTTCCGCAAGC	0.0	1366.389147946677	0.0	21.74591943805599	0.0	0.0	0.4699863371168255	1.9261304175194618	0.0	0.0	18.213335925888718
GSM4138113_HNSCC_2_TIL_GTTACAGAGGCCGAAT	0.0	1389.1484706582783	0.0	0.0	0.0	0.40203529694428985	0.0	0.0	0.0	0.0	0.0
GSM4138113_HNSCC_2_TIL_TAGAGCTCAGATGGCA	0.0	1528.7064113021634	50.17181533687239	56.71400884866599	118.1837168741166	6.9953417332866765	53.84778620251506	17.94672699362598	0.0	51.026059793417744	0.0
GSM4138113_HNSCC_2_TIL_TAGCCGGTCAAAGTAG	0.0	1183.9069690838744	0.0	0.0	0.0	39.06902173245302	0.0	11.834116153671914	1.2710588352383398	0.0	0.0
GSM4138113_HNSCC_2_TIL_TCAGCAATCCTTGGTC	53.60036153789071	672.0393290802269	0.0	0.0	22.713584407646604	0.0	58.68024634798114	0.0	25.875675042747222	0.0	55.42693065801696
GSM4138113_HNSCC_2_TIL_TCGAGGCCATATACCG	0.0	787.6553502046174	0.0	25.32422139697769	67.61627574802186	177.1301070285743	51.26190334485678	57.92040749482562	0.0	0.0	68.52270202612051
GSM4138113_HNSCC_2_TIL_TCTTTCCCAGATCGGA	0.0	980.8672001669831	0.0	121.66981294230294	363.66671533748297	135.00826045839804	5.160232044782632	7.3130519109851235	0.0	0.0	2.8626828400103297
GSM4138113_HNSCC_2_TIL_TCTTTCCGTCCATGAT	47.44308166457733	1253.03356376376	0.0	0.0	0.0	0.0	33.64461962586547	27.173167946063515	16.284131221240234	0.0	0.0
GSM4138113_HNSCC_2_TIL_TGAGCCGTCTCGCTTG	0.0	1065.4861329637845	0.0	0.0	0.0	31.492224142138472	0.0	13.834888135632387	13.891255241587382	0.0	23.12588736991607
GSM4138113_HNSCC_2_TIL_TTAACTCCACGGTAAG	0.0	841.1361413020232	0.0	0.0	17.072400825066524	0.0	0.0	21.672333271965005	0.0	0.0	22.455392769756557
GSM4138113_HNSCC_2_TIL_GCACATAGTGCTCTTC	0.0	95.26195598148759	380.8667049176711	0.0	44.838232015049854	5.66380200077449	50.15656577278512	18.06927383345035	219.06732832525498	24.264582897443027	0.0
GSM4138113_HNSCC_2_TIL_AACTGGTAGCCACGTC	0.0	197.2655952527301	490.49522913630454	274.5402966910396	185.11861960895484	183.11230852881795	283.63761891196935	31.76773414703617	0.0	0.0	154.52823913191781
GSM4138113_HNSCC_2_TIL_ATCTGCCAGACTAGGC	0.0	166.33207544418383	306.51338973627946	212.7399366256499	71.15813461465113	44.77830958613906	79.95207367086736	37.95761037736817	0.0	56.29321639591451	0.0
GSM4138113_HNSCC_2_TIL_CAACCTCTCCTACAGA	0.0	187.88014043472424	882.0917297173241	249.5118829750188	129.57152270811434	110.59070458724673	56.52533691125778	61.51661293848036	0.0	230.08378127330792	0.0
GSM4138113_HNSCC_2_TIL_CAAGGCCGTAGAGCTG	0.0	128.23450410302652	229.91824586997657	43.137820859558744	166.03802188197915	34.96729444106131	308.7463099417907	50.8504583885396	126.37026186634115	0.0	147.12231354645806
GSM4138113_HNSCC_2_TIL_CACACTCCACAACGCC	141.0829049461184	64.25852679503943	0.0	23.37913894980656	261.1831358649442	113.92119289231698	100.09376923572255	15.027543675879508	0.0	118.71408352823765	0.0
GSM4138113_HNSCC_2_TIL_CTCGGGACACTGAAGG	0.0	241.21163983406996	787.4308836490441	209.80908196025337	110.31517637428121	184.30287478616938	146.73942714547533	68.71878022132883	226.11674872592002	122.74183638809345	0.0
GSM4138113_HNSCC_2_TIL_CTTGGCTGTTCGCTAA	0.0	176.63441318530977	239.69259140690616	145.55570985141077	73.48258909374954	79.66863625051232	107.8779115525037	18.783305191584187	57.94781767041889	29.398624963492846	0.0
GSM4138113_HNSCC_2_TIL_GACCAATGTTACGACT	0.0	0.0	0.0	0.0	0.0	0.0	3034.271904783566	0.0	0.0	0.0	0.0
GSM4138113_HNSCC_2_TIL_GCGGGTTCAGCGTCCA	0.0	134.63013643043826	1324.8722546195297	667.3751808815598	103.25650894570059	0.0	62.46393598665121	25.01929480892709	0.0	98.72151109767175	0.0
GSM4138113_HNSCC_2_TIL_GTAGGCCAGTCGTACT	0.0	92.90561163278907	596.5033974494214	332.72665909502774	46.56138135858792	40.10162411885335	124.69804234706545	57.07930329962553	0.0	113.40170955521339	0.0
GSM4138113_HNSCC_2_TIL_GTGAAGGGTAGAAGGA	0.0	170.48452260237272	745.6373019212566	195.96520307160733	87.24104502337951	25.389512548887748	110.62634049820946	13.729838393264805	0.0	59.61915873338489	0.0
GSM4138113_HNSCC_2_TIL_GTTACAGCATAGGATA	0.0	93.42500400181483	278.84643378214867	121.05618578406252	91.58324087973303	152.2812753173202	213.37580672330392	35.944315011376794	212.3409550442494	0.0	183.86887282556904
GSM4138113_HNSCC_2_TIL_TAGGCATCATGACGGA	0.0	270.0251257660682	325.6206124033388	79.57726176843026	743.790100031913	129.70497431093264	163.93703954246067	62.26965705823719	277.9888680806862	44.178297435165696	0.0
GSM4138113_HNSCC_2_TIL_TCAATCTCAAGAAGAG	0.0	151.35798970856223	584.5271026222167	349.35920821142327	203.49465952516755	102.26895866480311	282.4263634053064	45.11121563534506	0.0	264.1235431894261	0.0
GSM4138113_HNSCC_2_TIL_TGGCCAGCATGTAAGA	554.9033895154907	353.7206130086071	0.0	228.32003396451418	233.122268376374	197.56771850405204	471.88220532850806	80.27609429839836	173.22558356124983	0.0	272.8247932211016
GSM4138113_HNSCC_2_TIL_AACTCAGCAATGGTCT	0.0	6.859032666250735	143.18106550499937	390.72249048568574	7.081310580203505	0.0	35.68907297679264	52.45041650343699	73.92973446937195	0.0	5.1808354946451
GSM4138113_HNSCC_2_TIL_TGCGGGTGTCTAGCCG	0.0	4.439580596182832	159.89324251390667	320.3614655975503	16.043171807438004	32.894569483367626	69.81997040431331	102.67638182377355	0.0	0.0	29.887472828111196
GSM4138113_HNSCC_2_TIL_AGTGAGGTCTACCAGA	0.0	0.0	0.0	0.0	2214.8368194956115	0.0	0.0	0.0	0.0	0.0	0.0
GSM4138113_HNSCC_2_TIL_CATGGCGCATTCTCAT	0.0	0.0	70.13376567462498	0.0	785.6273284169874	0.0	109.7930363744635	0.0	39.703877994799406	0.0	0.0
GSM4138113_HNSCC_2_TIL_GTACTCCAGTGGGATC	0.0	0.0	0.0	0.0	3074.4162867949008	0.0	0.0	0.0	0.0	6.35577732437632	0.0
GSM4138113_HNSCC_2_TIL_TTTGGTTGTTACCGAT	0.0	110.6352842280975	62.85564856652207	193.28392080165233	635.9180305927449	104.29604601457363	46.989916752180804	49.04562356377228	0.0	325.3908815293114	0.0
GSM4138113_HNSCC_2_TIL_AGCTCCTCAGTCGATT	0.0	24.638331083695835	222.74341248354602	214.83075533186795	203.2290800433637	178.78050489859962	74.12168899030837	1.9999298799037248	0.0	0.0	0.0
GSM4138113_HNSCC_2_TIL_AACTCCCAGTGTCTCA	0.0	0.0	0.0	0.0	0.0	0.0	0.0	1269.1409588612714	0.0	0.0	0.0
GSM4138113_HNSCC_2_TIL_AGCAGCCGTATAGGTA	0.0	0.0	0.0	0.0	0.0	0.0	0.0	1903.0891732079087	1.0437458685633598	0.0	0.0
GSM4138113_HNSCC_2_TIL_CTGAAACAGTGGACGT	59.69286659390167	54.26967820959103	0.0	13.748726536856214	46.557846198193175	133.1783492954069	14.959657861044217	526.2565588540585	0.0	3.1651376401807503	0.0
GSM4138113_HNSCC_2_TIL_TCAGCAATCCGAAGAG	0.0	0.0	0.0	0.0	0.0	0.0	4.463489260204601	1239.492416695519	0.0	0.0	38.11543788081991
GSM4138113_HNSCC_2_TIL_AACTCTTAGGCATGGT	0.0	454.47457085636006	375.63533082596854	0.0	89.3559742052349	151.65907886080169	359.02898041216486	12.751986701849324	116.91414120390779	557.1385507533936	0.0
GSM4138113_HNSCC_2_TIL_AAGTCTGTCTCCGGTT	0.0	441.2028064997666	253.3530709720527	31.19409106859667	67.8594806962945	94.87967609934296	325.65352306166153	27.697467980235956	115.08865874595875	529.6106496167384	0.0
GSM4138113_HNSCC_2_TIL_GACGTGCAGTAGGTGC	0.0	0.0	0.0	0.0	0.0	0.0	0.0	0.0	0.0	0.0	4256.417409730486
GSM4138113_HNSCC_2_TIL_GATTCAGCAGCTGCAC	0.0	301.57968809838235	617.700166874959	119.35584246079813	158.98110836801536	114.3800726685774	160.8310233430206	17.200737077727712	0.0	517.2328610835403	0.0
GSM4138113_HNSCC_2_TIL_GTACTTTGTGCAGACA	0.0	19.32953367226825	50.9454283764012	0.0	18.422821952934168	10.186046178766166	4.598619650404178	4.970735682212624	6.82082329851644	41.364079417845495	0.0
