	1	2	3	4	5	6	7	8	9	10	11	12	13	14	15	16	17	18	19	20	21	22	23	24	25	26	27	28	29	30	31	32
GSM4138113_HNSCC_2_TIL_ACAGCTACAGCAGTTT	47.970685670707965	61.41851495679536	0.0	87.33043607341827	158.73466323041197	8.928870620353695	36.61448445338017	14.128882374647281	0.0	0.0	0.0	0.0	0.0	13.619377729895948	13.833865273408973	0.0	0.0	0.0	0.0	0.0	0.0	86.23376297919715	0.0	0.0	0.0	0.0	0.0	0.0	0.0	0.0	14.568186095443943	0.0
GSM4138113_HNSCC_2_TIL_CGCTATCTCGGTCCGA	104.34270103566577	87.95286417652143	0.0	273.13529559286883	260.771560607999	35.96466192987377	0.0	0.0	0.0	0.0	0.0	88.88296191882182	91.58248529259443	16.95677905351724	45.31956627586463	0.0	4.751846292359984	0.0	0.0	0.0	0.0	89.87257020411475	0.0	0.0	0.0	0.0	9.974827088352475	0.0	0.0	0.0	24.42310911585125	0.0
GSM4138113_HNSCC_2_TIL_GGACGTCGTAGAGGAA	40.928482174147724	43.63812060562608	0.0	35.54227377527021	73.32720481735616	12.468002714687378	0.0	70.46289795316989	0.0	0.0	0.0	0.0	136.63146092477544	12.65879196812611	0.0	0.0	0.9678462597799651	0.0	0.0	0.0	0.0	0.0	25.89714168794229	0.0	12.321887078287407	0.0	0.0	0.0	0.0	0.0	0.0	0.0
GSM4138113_HNSCC_2_TIL_AACTCTTGTCAAGCGA	113.24817294721322	106.7606210496151	77.15421479325447	0.0	0.0	0.0	141.46249318968128	0.0	55.23251651195034	0.0	0.0	0.0	0.0	12.740217015274657	0.0	0.0	22.08574409864088	100.93541252963608	57.44422820590422	0.0	0.0	0.0	0.0	0.0	0.0	0.0	0.0	0.0	0.0	0.0	0.0	0.0
GSM4138113_HNSCC_2_TIL_AGTGTCAAGAACTGTA	193.9675983032686	299.1564080180193	0.0	242.4342153951421	263.5550214758306	46.3574142652805	0.0	0.0	0.0	0.0	0.0	195.85030595280244	0.0	21.687566567496667	19.08601189001644	0.0	13.663259930455396	0.0	73.01637942371424	0.0	0.0	0.0	0.0	0.0	0.0	0.0	0.0	0.0	0.0	0.0	27.1386633538918	152.78284142270581
GSM4138113_HNSCC_2_TIL_GAAACTCAGTTACGGG	72.58368712236204	90.5868994817471	100.53506600058297	100.65604460889458	133.11713411027057	38.49266645468292	0.0	0.0	0.0	98.11726650130863	0.0	0.0	0.0	0.0	29.892206093803605	0.0	31.06965119966362	0.0	0.0	0.0	113.31166341129494	70.8249669293101	0.0	12.909855391058535	0.0	0.0	0.0	0.0	0.0	0.0	11.850708390773594	0.0
GSM4138113_HNSCC_2_TIL_ACGGAGACAGGGATTG	232.98997566072603	276.97010390171886	209.9032220240697	115.97471876449066	0.0	18.38743176914309	0.0	0.0	1.646599633240021	0.0	0.0	417.13684785834505	0.0	31.712934089684	43.488020760014564	0.0	0.0	81.03174548844078	0.0	0.0	174.95384301142994	0.0	0.0	0.21097620669175035	32.39149825994506	0.0	26.655347592926294	18.859016372237726	0.0	0.0	0.0	0.0
GSM4138113_HNSCC_2_TIL_CACACAAAGTCCGTAT	3243.465450076468	0.0	0.0	0.0	0.0	0.0	0.0	0.0	0.0	0.0	0.0	0.0	0.0	0.0	0.0	0.0	0.0	0.0	0.0	0.0	0.0	0.0	0.0	0.0	0.0	0.0	0.0	0.0	0.0	0.0	0.0	0.0
GSM4138113_HNSCC_2_TIL_CAGCTAACAGTCACTA	133.42489747848106	36.75475027767478	84.85413740377953	47.49820549651601	0.0	2.7138467863659637	0.0	0.0	0.0	0.0	0.0	0.0	0.0	63.5037648151021	0.0	0.0	2.0020237559065825	87.53574107792117	0.0	0.0	163.61924545661788	0.0	0.0	0.0	9.144308471878364	4.839743019764912	0.0	0.0	0.0	0.0	0.0	0.0
GSM4138113_HNSCC_2_TIL_CATATGGAGGGTGTGT	586.9804058986526	116.20665639298774	150.96777594196658	0.0	0.0	21.957786149658435	0.0	0.0	73.27349447404121	181.98805201390658	0.0	0.0	0.0	19.290693947297576	16.15977451324116	0.0	118.63846878293599	0.0	9.783970969530605	0.0	83.91645306506186	0.0	0.0	8.10853862871191	0.0	0.0	0.0	0.0	0.0	0.0	0.0	0.0
GSM4138113_HNSCC_2_TIL_CATCAAGTCTATCGCC	480.2709957368451	215.73353033550976	5.475490619125692	213.85306596245064	169.39196787774443	58.98019195874324	262.07392464805434	65.80665015214201	0.0	0.0	0.0	261.1497277083116	97.23228327969413	15.069881213433316	39.565000144833775	0.0	94.85326885117638	0.0	0.0	0.0	0.0	32.09404381042598	0.0	0.0	17.710860347087568	0.0	0.0	39.8142941155475	0.0	0.0	0.0	0.0
GSM4138113_HNSCC_2_TIL_CCTACACCACGAAGCA	197.74374626313005	156.86257612226672	194.9664921974042	0.0	0.0	19.499326552338204	275.5534840485449	0.0	79.38249433208344	476.25607909371644	68.96041037755728	0.0	0.0	8.634787800323743	38.525057686327386	0.0	0.0	0.0	79.23584516826229	0.0	0.0	0.0	0.0	0.0	0.0	0.0	17.527296935058697	19.486545006440444	0.0	0.0	0.0	0.0
GSM4138113_HNSCC_2_TIL_CGTCACTTCGGCGGTT	62.97480160712903	57.36905931069785	59.98874888217562	0.0	0.0	9.56574654036087	112.36056199986021	0.0	0.0	118.92944519687535	56.703309565289395	0.0	0.0	1.7378856498723465	8.813013358820424	0.0	12.584281131902243	0.0	8.739799780799208	0.0	0.0	3.119835765852767	0.0	0.0	0.0	0.0	0.0	3.534127401883667	0.0	0.0	0.0	0.0
GSM4138113_HNSCC_2_TIL_CTGATAGGTAAGTGGC	264.9948146646053	66.43807272671486	0.0	0.0	23.655918468851162	13.213245783083789	0.0	0.0	40.7116757210012	0.0	91.8851431601515	0.0	0.0	0.0	19.714385320742014	0.0	7.363524771815813	99.02231919707152	0.0	0.0	73.72056454544318	0.0	0.0	12.63418483310557	0.0	0.0	0.0	0.0	2.771398952200004	0.0	0.0	0.0
GSM4138113_HNSCC_2_TIL_CTGCCTATCACCACCT	295.6586957466967	137.23842766367275	72.87536366637264	0.0	0.0	17.14310804971986	0.0	0.0	5.701985103409479	331.3276160728888	8.502106503498208	0.0	0.0	2.294506054993947	36.34228530344292	0.0	51.995412749483144	0.0	12.210974254386946	0.0	228.8293194786895	0.0	0.0	0.0	0.0	0.0	0.0	11.731131044715504	0.0	0.0	0.0	0.0
GSM4138113_HNSCC_2_TIL_GATCAGTAGAGTAATC	131.82313511430942	263.995362514429	95.67970205869322	0.0	0.0	11.405485340386116	0.0	0.0	69.11974278840772	259.4786985389393	0.0	0.0	33.568601935849706	1.3423436276440022	0.0	0.0	34.287473975738266	0.0	4.88551276449529	0.0	71.89603044074116	0.0	38.18250983851153	44.06454038796916	0.0	0.0	0.0	0.0	0.0	0.0	0.0	0.0
GSM4138113_HNSCC_2_TIL_GATGAGGGTAGCCTCG	255.00365932494057	66.53976153051381	0.0	0.0	0.0	8.011854709255415	0.0	0.0	0.0	217.36783582367303	0.0	0.0	0.0	1.7346535664353036	0.0	149.67725179709225	0.0	0.0	4.688480075186119	0.0	0.0	0.0	0.0	0.0	0.0	0.0	31.927835057439825	8.083143616959092	0.0	11.04228477223494	0.0	0.0
GSM4138113_HNSCC_2_TIL_GCAAACTGTCGCCATG	68.68434266844831	191.13951088305427	333.5522941679836	63.253962630601244	0.0	49.66686511312907	0.0	0.0	36.035884707840225	213.13165769943015	0.0	0.0	0.0	13.724310278751211	12.248769555902372	0.0	33.16238472206902	0.0	69.476755152761	0.0	128.10580305570315	0.0	11.03951168344144	34.41036848659399	0.0	0.0	0.0	0.0	0.0	0.0	0.0	0.0
GSM4138113_HNSCC_2_TIL_GCGCCAAAGTTTCCTT	0.0	0.0	0.0	0.0	0.0	0.0	0.0	0.0	0.0	2598.3018900248426	0.0	449.33368694540263	0.0	0.0	0.0	0.0	0.0	324.1007232800755	0.0	0.0	0.0	0.0	0.0	0.0	0.0	0.0	0.0	0.0	0.0	0.0	0.0	0.0
GSM4138113_HNSCC_2_TIL_GCGCGATAGGTAAACT	330.1528628628526	90.77730242513033	64.28005245467227	0.0	0.0	39.23590938199968	0.0	0.0	71.89676890072684	0.0	0.0	0.0	0.0	21.844342012511675	13.189344760707524	0.0	62.20478788749688	205.3355709791102	0.0	24.290460718366344	194.231130241092	0.0	0.0	0.0	0.0	0.0	0.0	2.403695287732222	0.0	0.0	0.0	0.0
GSM4138113_HNSCC_2_TIL_TCAATCTGTCCAGTTA	172.19287696287896	118.70894951814202	56.802356043418065	0.0	28.050444317521354	22.74218225673502	0.0	0.0	0.0	194.84416092953754	58.96692254800911	0.0	0.0	9.283275894031227	0.0	0.0	0.0	0.0	0.0	0.0	222.09637334820988	0.0	0.0	0.0	1.719577431021867	40.138484734478446	129.61911814978532	8.2964421212637	0.0	0.0	0.0	0.0
GSM4138113_HNSCC_2_TIL_TGCTGCTCAGTGAGTG	197.15854059039214	150.20506509802658	32.04266458752398	0.0	0.0	39.12310715314038	328.40130897008765	0.0	51.268034460730334	0.0	0.0	0.0	0.0	21.479597639285572	6.497660694647842	0.0	142.19467494342638	117.30430564475797	0.0	66.6113139613992	0.0	0.0	0.0	0.0	0.0	0.0	0.0	15.3716123889389	0.0	0.0	0.0	0.0
GSM4138113_HNSCC_2_TIL_ACGAGCCTCGCGATCG	118.93804601051836	68.69182425619921	78.18934742249326	0.0	0.0	17.54904494979242	0.0	0.0	0.0	0.0	72.16841207672118	0.0	0.0	1.5598145988803453	0.0	63.568803135607666	0.0	93.58214870800144	0.0	0.0	0.0	0.0	0.0	0.0	28.98953871791814	0.0	21.686854695747922	0.0	0.0	15.976438452104833	11.35413177046775	0.0
GSM4138113_HNSCC_2_TIL_AGCATACTCACAGTAC	175.27760697610302	98.65474493675282	0.0	0.0	132.50755066221603	16.915888037019187	0.0	0.0	0.0	0.0	111.63236452924848	0.0	0.0	11.42783602602746	0.0	119.22109829850164	0.0	104.14095746648749	0.0	0.0	0.0	0.0	0.0	0.0	33.50278136534698	0.0	37.382911565122576	0.0	0.0	22.641248737890063	13.754326008068283	0.0
GSM4138113_HNSCC_2_TIL_CCACTACAGTTCGCGC	158.39596716949558	79.05547412387962	84.83870900146864	0.0	0.0	0.3341107709505341	0.0	0.0	111.4604634087181	0.0	0.0	110.99241839794192	0.0	1.768435295369746	0.0	42.04273179349313	0.0	0.0	0.0	0.0	8.38549510425258	0.0	0.0	0.0	25.767389118880587	0.0	20.70861091764269	0.0	0.0	17.622235860875072	1.3575482169912385	0.0
GSM4138113_HNSCC_2_TIL_CGATTGAGTATATGGA	124.70263573580839	87.82725192393303	0.0	84.17201998397653	108.81252448231112	4.391640807907664	0.0	0.0	0.0	0.0	14.682918482353607	60.11517942700943	0.0	18.94501187234082	0.0	76.68654893091136	0.0	31.80389895124897	0.0	33.209144812311244	0.0	0.0	0.0	8.6213408184089	0.0	0.0	25.034791383734166	0.0	0.0	22.2401974631425	0.0	0.0
GSM4138113_HNSCC_2_TIL_CTCGTACCACCGATAT	107.57529657389975	99.04117392618669	134.93631722156658	51.141822692412276	3.725695256508177	20.355952044276105	0.0	0.0	0.0	0.0	0.0	8.944022798635189	0.0	9.28560345617095	0.0	82.64049248173613	0.0	81.92774505288602	10.392902276530135	0.0	0.0	35.37938698362791	0.0	0.0	0.0	0.0	27.110592431688254	6.155011129251605	0.0	14.991927099471209	0.0	0.0
GSM4138113_HNSCC_2_TIL_CTGTTTATCAACACGT	105.77455672470165	96.51088474239755	0.0	119.07835445470312	139.57603166757474	12.990663473285707	0.0	0.0	0.0	0.0	0.0	0.0	0.0	10.864964497079402	0.0	57.30587225963158	0.0	86.57613583700953	0.0	0.0	0.0	0.0	0.0	0.0	26.0958003650717	0.0	0.0	0.0	0.0	15.820881730613431	17.490760166667915	0.0
GSM4138113_HNSCC_2_TIL_CTTCTCTTCTCTGTCG	91.88109297831927	68.0749381782913	109.6925695510179	0.0	16.07947188486893	22.546913856702957	0.0	0.0	0.0	0.0	45.85671947104891	77.72927376725535	0.0	16.042007339316886	0.0	55.77648634713608	26.39999090527466	0.0	0.0	0.0	0.0	26.89593715161242	0.0	3.9785891409338485	0.0	5.327490702508957	0.0	0.0	0.0	0.0	0.0	0.0
GSM4138113_HNSCC_2_TIL_GAATAAGGTTAAGAAC	194.31330409485466	69.51060198131884	125.59373340473981	0.0	0.0	27.16050669309389	0.0	0.0	0.0	0.0	103.32978973470915	79.59019346188501	50.913321920646624	12.13957762991839	0.0	0.0	0.0	0.0	0.0	0.0	0.0	30.29053236659176	0.0	8.287314131893824	3.304096486180407	0.0	2.299887171502043	0.0	0.0	14.889415383094793	0.0	0.0
GSM4138113_HNSCC_2_TIL_GATCGATCATGTTGAC	128.45472960084953	72.65047027596168	176.47548960819682	0.0	0.0	0.0	0.0	0.0	0.0	0.0	93.99397437493147	129.1455924855719	0.0	8.218128480065973	0.0	56.89866677108805	0.0	0.0	0.0	57.801830212210355	0.0	0.0	0.0	30.809686851802066	0.0	0.0	8.351110886492743	0.0	0.0	34.009881841505184	0.0	0.0
GSM4138113_HNSCC_2_TIL_TCCACACTCTTGTACT	91.68932252635392	74.01206183028626	108.05641643562623	108.9855721956884	0.0	10.5695749682206	0.0	0.0	0.0	0.0	0.0	64.16631592197281	0.0	41.51276946433516	0.0	95.48801945131936	0.0	0.0	0.0	0.0	0.0	10.831873003499455	0.0	0.0	0.0	0.0	19.891399305380045	0.0	0.0	11.304540579964154	0.9405123726155046	0.0
GSM4138113_HNSCC_2_TIL_TCTTCGGAGATGTCGG	165.66060178381636	73.29583377638276	77.50210597847274	0.0	0.0	8.929461208341705	0.0	0.0	0.0	0.0	76.3174892924001	0.0	0.0	23.39460832155969	0.0	142.8584820351018	0.0	91.46893105341906	0.0	52.5403766293811	0.0	0.0	0.0	14.146715124619604	0.0	0.0	15.853402000234876	0.0	0.0	12.40756711829882	0.0	0.0
GSM4138113_HNSCC_2_TIL_TTCGAAGAGTACCGGA	226.2103946656923	102.19151949764687	89.16519550795539	0.0	0.0	16.403792357297586	0.0	0.0	0.0	0.0	91.87153638339721	20.867591644862937	0.0	18.28868764318111	0.0	57.66404617293122	0.0	127.55274395863364	0.0	0.0	0.0	0.0	0.0	0.0	54.61377901440285	0.0	10.925091198444632	0.0	0.0	6.294079712615427	0.0	0.0
GSM4138113_HNSCC_2_TIL_AAACCTGTCTGATTCT	193.02183134862898	83.50311301838279	163.56806768965782	0.0	0.0	0.0	79.16787561565651	118.27160611527202	105.71447692981442	0.0	0.0	0.0	9.926723132218465	11.694829683068198	16.970477994102957	0.0	2.9343098469725306	0.0	0.0	0.0	0.0	26.056151403212727	0.0	0.0	0.0	0.0	0.0	18.625901233089014	0.0	0.0	0.0	0.0
GSM4138113_HNSCC_2_TIL_AAGCCGCGTCGACTAT	76.97630232844968	50.20788872374489	0.0	22.43876599654103	55.41939637544717	4.507734622993674	36.22212141695013	56.22744078112066	10.992915248112679	0.0	0.0	0.0	0.0	7.633266127849118	8.309684230959455	0.0	4.4575383762848455	0.0	20.67297372745586	0.0	0.0	0.0	0.0	0.0	0.0	0.0	0.0	0.0	0.0	0.0	3.9906164156493014	0.0
GSM4138113_HNSCC_2_TIL_AATCGGTGTCCGACGT	122.66272842930846	61.55372721412584	0.0	70.54490102987147	132.9027586148323	24.79849285886563	0.0	64.52975242403917	0.0	0.0	0.0	17.447473443582822	32.75471169535752	11.036370810298793	13.69322135691954	8.269618457544599	28.11582162898826	0.0	1.2423780860346996	38.47027128482427	0.0	0.0	0.0	13.588138876679952	0.0	0.0	0.0	3.5284806731014178	0.0	0.0	0.0	0.0
GSM4138113_HNSCC_2_TIL_AGTTGGTGTCTTTCAT	122.5876940761815	59.63614026553264	0.0	69.28376291092688	70.410441574095	0.984922532321775	58.63605841461005	103.11774728425902	0.0	0.0	0.0	0.0	0.0	2.373132309512686	12.775627589285234	0.0	4.05603756636133	0.0	2.831885376029894	0.0	0.0	0.0	0.0	0.0	0.0	0.0	0.0	1.8253834646075229	0.0	0.0	0.0	0.0
GSM4138113_HNSCC_2_TIL_ATCACGAAGAGAGCTC	82.8814587812194	49.485417702055756	134.53902032633366	0.0	0.0	2.9419589492645275	12.90584379559174	0.0	105.1045882266909	67.912540658834	0.0	0.0	24.393598071312997	17.50768736163991	0.0	0.0	5.664898590874158	0.0	0.0	0.0	0.0	0.0	0.0	0.0	0.0	27.23128214424971	3.5879985815547846	0.0	0.0	0.0	0.0	0.0
GSM4138113_HNSCC_2_TIL_ATCATGGGTAGCAAAT	150.63158606759262	72.08319720282431	109.92360810257556	0.0	0.0	7.054387588266369	69.199313492334	78.3231435769951	72.76672690030264	0.0	0.0	0.0	0.0	6.13240367093608	0.0	0.0	8.866726891877013	0.0	0.0	0.0	0.0	40.23905738608174	5.7259819905503235	0.0	0.0	0.0	0.0	8.034580887196519	0.0	0.0	0.0	0.0
GSM4138113_HNSCC_2_TIL_ATTTCTGCAAGGACAC	149.32130915827412	65.72540121438745	0.0	0.0	104.32146609621122	11.604952582023266	70.97356794253088	133.6227649338807	70.02476743478383	0.0	0.0	0.0	0.0	0.0	0.0	0.0	17.840422583180942	0.0	0.0	0.0	0.0	0.0	38.75182692739763	6.789428789635026	0.0	0.0	0.0	0.0	0.0	0.0	0.0	0.0
GSM4138113_HNSCC_2_TIL_CACAGGCGTCGACTAT	61.96786675933081	25.51151763611836	41.551086362052274	0.0	0.0	1.6344364063327643	0.0	0.0	106.68761577618493	0.0	0.0	0.0	69.74894304371131	9.061887689414993	0.0	0.0	0.8606855036235087	0.0	0.0	0.0	0.0	1.7744359151485982	5.122688236521301	0.0	0.0	0.0	0.0	0.0	62.312655780293284	0.0	0.0	0.0
GSM4138113_HNSCC_2_TIL_CACAGGCTCGTACCGG	103.91312489939239	59.909345728148594	130.59450538122164	0.0	0.0	16.48097406680509	0.0	75.53128757098902	105.3923087799884	0.0	0.0	0.0	25.52508120510086	6.564031801633489	5.4768747062502445	0.0	39.84630714769474	0.0	0.0	15.936247184288208	0.0	0.0	2.1403886661412543	26.035942028582685	0.0	0.0	0.0	0.0	0.0	0.0	0.0	0.0
GSM4138113_HNSCC_2_TIL_CACAGTACAAGTCTGT	62.38494089006303	43.87770523072011	68.83684355210102	52.02600390172741	0.0	23.79618555698144	0.0	83.51714391668304	0.0	0.0	0.0	0.0	0.0	3.601442004425343	0.0	32.76361519166488	1.9103306887492377	0.0	0.0	8.404818605894109	0.0	0.0	7.919636107903371	0.0	0.0	0.0	0.0	0.0	0.0	0.0	6.22210420617371	0.0
GSM4138113_HNSCC_2_TIL_CACTCCACATGTAAGA	80.78275339857382	61.11034581230865	108.2388211466507	0.0	0.0	8.131649737650482	34.80295034445812	104.02979892397916	80.090982465951	0.0	0.0	0.0	0.0	19.240310326044327	0.0	0.0	8.234189151315467	0.0	0.0	19.26140623015529	0.0	0.0	12.812702482054352	0.014973569963157782	0.0	0.0	0.0	0.0	0.0	0.0	0.0	0.0
GSM4138113_HNSCC_2_TIL_CAGAATCCATGGGACA	74.19850576889372	45.511461958300806	115.8840238031998	0.0	0.0	11.558389901081098	0.0	35.00355743818104	65.85344049932978	68.2027077484508	0.0	0.0	46.96657605160981	5.046677498687913	0.0	0.0	11.778905093940548	0.0	10.354839195923368	0.0	0.0	0.0	0.0	0.6799726811641552	0.0	0.0	0.0	0.0	0.0	0.0	0.0	0.0
GSM4138113_HNSCC_2_TIL_CAGAATCTCATGCATG	74.07334149903879	110.8017117289253	66.40032917149354	0.0	0.0	8.27455117621739	0.0	63.3547783825302	72.18049050227862	0.0	0.0	0.0	10.990354042860448	4.394320314184449	34.11463397352792	13.911766130207331	10.088316239565307	0.0	0.0	0.0	0.0	0.0	0.0	16.336103127660092	0.0	0.0	0.0	0.0	0.0	0.0	0.0	0.0
GSM4138113_HNSCC_2_TIL_CAGGTGCAGACGCACA	75.04484300823005	42.65118531524751	76.96700168140595	0.0	0.0	10.712778655841742	0.0	81.00670541512243	85.92563830153208	0.0	0.0	0.0	0.26473786567489066	2.371167771554751	0.0	0.0	4.894717563849831	0.0	0.0	0.0	0.0	32.75690249619601	4.299697013740737	0.0	0.0	0.0	0.0	5.815821641825148	0.0	0.0	0.0	0.0
GSM4138113_HNSCC_2_TIL_CAGTCCTCAACTGCTA	93.50055345824116	140.58492986180116	0.0	61.60001805454189	124.42508139744639	28.02006648828412	19.52439759306056	98.27400025843181	0.0	0.0	0.0	0.0	0.0	56.00899116113318	6.643481786863794	0.0	24.61567660122653	0.0	0.0	0.0	0.0	103.6324582412347	0.0	12.475275233163696	0.0	0.0	0.0	0.0	0.0	0.0	0.0	0.0
GSM4138113_HNSCC_2_TIL_CATCGAAAGGCATTGG	104.57169835770104	76.12620882305237	91.29144748210769	0.0	0.0	11.756879407457793	3.433676372368037	107.24164853386621	57.589449070415775	0.0	0.0	0.0	0.0	9.39608965295292	1.195491030187299	0.0	0.0	0.0	62.41676230945985	0.0	0.0	0.0	13.125047737559035	0.0	0.0	0.0	0.0	0.0	0.0	0.0	0.0	0.0
GSM4138113_HNSCC_2_TIL_CCATTCGTCTGAGGGA	83.33776447486585	67.60754152319556	0.0	77.3969435680995	93.88520719963404	30.47709317099648	118.04458739822515	112.1866948300366	0.0	0.0	0.0	0.0	0.0	3.540660325982321	7.480641912762145	0.0	0.0	0.0	0.0	11.633491087934786	0.0	0.0	0.0	0.0	0.0	0.0	0.0	1.417597181892341	0.0	0.0	0.0	0.0
GSM4138113_HNSCC_2_TIL_CCCTCCTTCGCGATCG	68.59165256202844	37.77565278601796	122.95193837327679	0.0	0.0	13.872998825022709	0.0	155.61050550641968	15.467862961406594	75.38671786684982	0.0	0.0	33.33934548643742	11.146582057600334	6.720344180521819	0.0	17.548069878455575	0.0	0.0	0.7067246642581568	0.0	0.0	0.0	0.0	0.0	0.0	0.0	0.9488330676191463	0.0	0.0	0.0	0.0
GSM4138113_HNSCC_2_TIL_CCTAGCTGTTCAGACT	79.13619644918909	21.82303968595392	59.270557626855016	102.93562604493742	42.60867030843232	56.30438519989787	5.46960349006303	121.08672882326024	0.0	0.0	0.0	0.0	0.0	0.0	0.0	29.52020548813755	52.83662540193422	0.0	10.533775727383963	0.0	0.0	0.0	0.0	0.0	0.0	0.0	0.0	0.0	0.0	0.0	9.026380653491245	0.0
GSM4138113_HNSCC_2_TIL_CCTTCCCTCCACGTGG	142.0262547093154	14.873771708444929	0.0	4.447358200474445	113.71045056176253	2.5644748353981393	20.195756177485876	11.398494604316621	56.58616083377624	0.0	0.0	30.64442739970458	0.0	6.414753701276732	0.0	0.0	4.94491849318291	0.0	0.0	0.0	0.0	31.021666164614963	25.668643667597227	0.0	0.0	3.841807259568034	0.0	0.0	0.0	0.0	0.12625597458210452	0.0
GSM4138113_HNSCC_2_TIL_CGTCAGGGTGGTGTAG	130.97901508208193	43.08450154925978	73.01050590913172	0.0	0.0	47.12292642333005	38.49487593561499	72.0458659137916	88.45821560042056	0.0	0.0	0.0	0.0	2.8415135703519625	29.359570986939225	0.0	0.0	0.0	0.3950315382751069	0.0	0.0	0.0	0.0	0.0	0.0	0.0	0.0	12.908886283358171	0.0	0.0	0.0	0.0
GSM4138113_HNSCC_2_TIL_CTGCCTAGTATAAACG	64.13499868783315	75.6301258674135	34.87870788446321	88.42738258816432	79.35178605587926	38.02933331571291	47.476907906229826	99.37499424306837	0.0	0.0	0.0	0.0	0.0	11.301167938741001	0.0	0.0	23.099856041825678	0.0	19.172010991066255	0.0	0.0	0.0	1.8156748953516648	0.0	0.0	0.0	0.0	0.0	0.0	0.0	0.0	0.0
GSM4138113_HNSCC_2_TIL_CTGTGCTAGAAAGTGG	127.6882510556189	9.358946414443384	0.0	60.043645014020434	92.01970590913405	7.936192752625447	3.4584954700715604	99.60498587973265	0.0	0.0	0.0	0.0	0.0	0.0	6.341144504373459	14.436147100282144	28.046748820922645	0.0	44.623591261306345	0.0	0.0	0.0	0.0	0.0	0.0	0.0	0.0	4.547323081263019	0.0	0.0	0.0	0.0
GSM4138113_HNSCC_2_TIL_CTGTTTAAGTTACCCA	121.21778825533258	55.767319460281634	0.0	62.22977787567555	79.63745348730211	8.273485937193623	26.796600009640255	0.0	5.837358804313363	69.65924853444079	0.0	0.0	0.0	0.0	20.803188467925278	0.0	0.0	0.0	0.0	0.0	0.0	14.680744283396479	0.0	36.45354316801138	0.0	0.0	0.0	0.0	16.135563290988937	0.0	0.0	0.0
GSM4138113_HNSCC_2_TIL_CTTACCGCATTGAGCT	142.82194941527547	106.62469389821783	175.60416910476664	0.0	0.0	6.103998691955551	0.0	0.0	0.0	33.412985080046646	117.5247595761535	80.10331058393699	0.0	17.379642021241793	0.0	102.08824312830775	0.0	0.0	0.0	50.85005430434002	0.0	0.0	0.0	0.0	0.0	10.134847542636422	22.95503937905357	6.095249395804901	0.0	0.0	0.0	0.0
GSM4138113_HNSCC_2_TIL_GAAGCAGGTACAGTGG	97.13337760751122	52.37064402040685	15.642071629466896	60.50515578550071	120.26845087588555	39.115426231692986	0.0	112.24635725825058	0.0	0.0	0.0	0.0	68.61978135317192	10.55862296108383	9.582703572403448	0.0	39.862285849509284	0.0	0.0	0.0	0.0	23.727071632271034	0.0	0.0	0.0	0.0	0.0	6.57888737947342	0.0	0.0	0.0	0.0
GSM4138113_HNSCC_2_TIL_GACGTGCGTATTAGCC	126.92656779387478	100.93283988701751	111.5834258516502	0.0	0.0	49.03118142795592	0.0	79.22447111117617	106.27706582438724	0.0	0.0	0.0	72.18155884855244	1.679466088799378	0.0	0.0	26.02242580940776	0.0	0.0	0.0	0.0	0.0	24.810944411301197	0.0	0.0	0.0	0.0	0.0	37.364044260896435	0.0	0.0	0.0
GSM4138113_HNSCC_2_TIL_GACGTGCTCGGATGTT	67.83059695214008	69.94781326618573	62.64807022666982	11.956493388433124	0.0	54.69747947901776	0.0	74.85717262144605	69.07669533028105	0.0	0.0	0.0	73.63298437540398	41.14035593909365	0.0	0.0	24.849149668350503	0.0	0.0	0.0	0.0	20.658865056627686	0.0	0.0	0.0	0.0	0.0	0.0	1.6290297820830386	0.0	2.881675673647576	0.0
GSM4138113_HNSCC_2_TIL_GAGCAGAAGACTACAA	45.66238972507252	42.80925764788061	0.0	158.0880558616513	99.3479062538064	8.418223041026176	0.0	0.0	0.0	0.0	0.0	0.0	4.24244040803866	2.579697649670734	18.736369315102674	0.0	13.137111693284222	0.0	55.3927095862668	0.0	0.0	0.0	0.0	0.0	0.0	0.0	0.0	22.60970858288532	103.059614213025	0.0	0.0	0.0
GSM4138113_HNSCC_2_TIL_GAGTCCGAGCAATCTC	109.48056876806616	10.235966174488714	165.49175171965018	0.0	0.0	1.9768391632194648	0.0	0.0	52.77294961860174	0.0	0.0	0.0	0.0	9.341904705581797	13.647452740398	0.0	14.462645566907215	0.0	0.0	4.3810505977956025	31.171144651529307	0.0	0.0	0.0	0.0	0.0	0.0	0.0	91.15619151774581	0.0	0.0	0.0
GSM4138113_HNSCC_2_TIL_GCGCGATAGGCTACGA	116.42801935988756	91.94945936183929	100.44852483897363	0.0	0.0	9.520584758660352	4.323296011855986	0.0	55.886585467108006	95.02617147708685	0.0	0.0	61.76615306807234	4.032622383223791	25.063916741483443	0.0	8.634676028412061	0.0	0.0	7.355320057821072	0.0	0.0	0.0	24.07347380444432	0.0	0.0	0.0	0.0	0.0	0.0	0.0	0.0
GSM4138113_HNSCC_2_TIL_GCTGCTTCAGTTCATG	69.52935364999715	42.0537831985345	55.406351087457004	0.0	0.0	5.057157423965839	0.0	81.93792365800438	72.87624292362865	0.0	0.0	0.0	27.56310618926045	4.231446732259488	0.0	16.426302548854846	4.895413222773583	0.0	14.055488249110763	0.0	0.0	0.0	6.083038638863698	0.0	0.0	4.57656813469781	0.0	0.0	0.0	0.0	0.0	0.0
GSM4138113_HNSCC_2_TIL_GGCGACTGTAAGTGTA	162.70090604007711	112.2498559717635	44.061115572432385	107.17766217233297	83.94236825421368	5.496734449424116	0.0	0.0	0.0	26.709446021103624	0.0	0.0	127.36655957589544	16.195257210061527	64.15128418574243	0.0	19.038529664159192	0.0	0.0	0.0	0.0	22.802989844531965	0.0	0.0	0.0	0.0	0.0	0.0	80.42021230964994	0.0	5.50585114797517	0.0
GSM4138113_HNSCC_2_TIL_GGCTGGTTCCAAACTG	45.803825944520554	58.91885958655904	0.0	92.68418164749679	93.18074669914702	0.456643350117016	16.720571658596715	97.68417565172986	0.0	0.0	0.0	0.0	0.0	13.844463226247528	1.5984640284327565	0.0	9.574699003680724	0.0	6.381101518605584	39.261414031518065	0.0	0.0	0.0	1.1414843844222198	0.0	0.0	0.0	0.0	0.0	0.0	0.0	0.0
GSM4138113_HNSCC_2_TIL_GGGTTGCTCCTTGGTC	95.30159283773311	153.87742360047886	142.22522032294881	0.0	0.0	15.88597051190504	0.0	44.57724914623268	94.73551978923307	0.0	0.0	0.0	86.16948743170894	5.947611127887951	17.75053433812137	0.0	17.016790889488306	0.0	29.186144726207168	0.0	0.0	0.0	0.0	12.503329429994894	0.0	0.0	0.0	0.0	0.0	0.0	0.0	0.0
GSM4138113_HNSCC_2_TIL_GTAACTGTCTGGTTCC	155.7308947181077	69.31575445773134	136.6428924445202	0.0	0.0	4.303162926571461	0.0	0.0	80.27853254632653	64.2480335679177	0.0	0.0	83.9718229004527	36.584423683359255	24.77973066397818	0.0	20.95550248955153	0.0	0.0	0.0	0.0	16.873007595596835	0.0	5.635546981350742	0.0	0.0	0.0	0.0	0.0	0.0	0.0	0.0
GSM4138113_HNSCC_2_TIL_GTCACGGGTCCGTGAC	182.2467077898451	86.25586271996329	133.58783267998024	0.0	0.0	10.090683073881564	0.0	99.9848135332068	84.29998332712593	0.0	0.0	0.0	104.04030669339897	0.4838913384942673	3.890580459959155	0.0	3.9185533103731323	0.0	2.62799603471044	0.0	0.0	0.0	5.98470597923648	0.0	0.0	0.0	0.0	0.0	0.0	0.0	9.564082913798604	0.0
GSM4138113_HNSCC_2_TIL_GTTAAGCCATGCAACT	134.729417638191	42.209042390591705	10.648668878396066	48.965319807027555	54.12419828881012	12.097658980021023	0.0	79.44470533956572	0.0	0.0	0.0	0.0	41.25142601711499	12.974027840358731	30.918964584061893	0.0	0.0	0.0	47.994435284476694	0.0	0.0	0.0	0.0	0.0	0.0	0.0	0.0	12.669583584646645	0.0	0.0	0.0	0.0
GSM4138113_HNSCC_2_TIL_TAGAGCTTCCGTTGCT	75.56881659602855	120.29149477058837	0.0	12.040802347378424	102.17430789278148	25.976912603645893	61.237978593063275	121.03023786939872	38.49566214752256	0.0	0.0	0.0	0.0	3.3133961082438095	0.0	0.0	22.141802180775237	0.0	0.0	50.47293733509654	0.0	0.0	15.795319599576619	7.9423084701949875	0.0	0.0	0.0	0.0	0.0	0.0	0.0	0.0
GSM4138113_HNSCC_2_TIL_TATCAGGAGAACTGTA	219.96883427108435	107.54634810041176	0.0	144.60049170560023	189.84937633090897	41.243292783978255	0.0	134.06644822603442	5.228118828898607	0.0	0.0	0.0	131.9788525759644	19.865587346235532	0.0	0.0	42.941026667305955	0.0	48.44795038958139	0.0	0.0	0.0	10.070448248394735	0.0	0.0	8.531861001095402	0.0	0.0	26.50366546768812	0.0	18.844832294304073	0.0
GSM4138113_HNSCC_2_TIL_TATCAGGTCGGTCCGA	97.36002593906316	59.93392540568311	94.20989211030441	0.0	0.0	0.0	10.76856526962406	106.62297448611187	69.79745626596123	12.776863634564304	0.0	0.0	42.00194463782953	10.023841900890549	0.0	0.0	42.31118602633637	0.0	0.0	12.224080495004015	0.0	0.0	8.934993554877522	2.763527355366683	0.0	0.0	0.0	0.0	0.0	0.0	0.0	0.0
GSM4138113_HNSCC_2_TIL_TCACAAGAGAGTGAGA	49.28699499960569	71.88278751046141	83.29126613003258	0.0	0.0	9.341089176206252	0.0	72.61582561897107	168.97268872793177	0.0	0.0	0.0	53.38241116463472	2.878124467509746	19.847861213720037	0.0	0.0	0.0	0.0	12.934658572163986	0.0	0.0	0.0	0.0	0.0	0.0	0.0	0.0	0.0	0.0	0.0	0.0
GSM4138113_HNSCC_2_TIL_TGCCCATAGAAAGTGG	74.19700426945748	33.94909775054175	0.0	96.13365680723686	96.13831510232396	0.0	0.0	74.264065977251	0.0	0.0	0.0	32.99585394951584	12.572804166169087	11.95125170554445	0.0	17.58677565449364	9.39053472068764	0.0	0.0	0.0	0.0	0.0	0.0	0.0	0.0	16.583759086158956	0.0	0.0	0.0	0.0	0.0	0.0
GSM4138113_HNSCC_2_TIL_TGTATTCTCAAGGCTT	173.9220279179426	70.45611309614443	160.133621264952	0.0	0.0	16.697478614973914	64.66055002016942	147.3083181008274	137.94678285201095	0.0	0.0	0.0	0.0	9.221383196029008	6.510847579876953	0.0	23.010793968543663	0.0	7.54059072771212	0.0	0.0	0.0	0.0	0.0	0.0	0.0	0.0	0.0	0.0	0.0	0.0	0.0
GSM4138113_HNSCC_2_TIL_TGTGTTTAGAGCTTCT	113.05044785247226	72.52617582386557	85.4227039072123	139.98266895721116	24.04261605188725	0.1973961301684985	0.0	0.0	0.0	0.0	0.0	54.58165874873816	62.19967849821318	9.816355173020431	0.0	2.388727516244178	0.0	0.0	0.0	41.361958395288816	0.0	0.0	0.0	0.0	0.0	0.0	8.276033545874755	7.069607225992098	0.0	0.0	0.0	0.0
GSM4138113_HNSCC_2_TIL_TTGGCAATCCAAACTG	63.673068206697046	79.50557573090882	88.39718689522813	53.25957901472866	0.0	39.775989517468865	66.23202469946168	93.67498015008287	7.8154944743957095	0.0	0.0	0.0	0.0	0.0	0.0	0.0	27.345863569753362	0.0	1.2732872465363816	0.0	0.0	0.0	12.991582864980424	14.597696305667881	0.0	0.0	0.0	0.0	0.0	0.0	0.0	0.0
GSM4138113_HNSCC_2_TIL_TTTCCTCCAAGCCCAC	73.66311310330121	49.00780795591089	132.50234294631963	0.0	0.0	52.2508093026064	0.0	109.72768284394418	56.76490090855972	0.0	9.003439186138769	0.0	75.41981744528456	6.91495736378233	21.489022152587754	0.0	18.405306715405008	0.0	0.0	9.84029955045635	0.0	0.0	0.0	0.0	0.0	0.0	0.0	0.0	0.0	0.0	0.0	0.0
GSM4138113_HNSCC_2_TIL_CGAGAAGAGAAACGCC	84.95764005194829	24.713336499564743	48.540044003695094	146.3408852490037	278.3205516324421	9.533553267623336	0.0	0.0	0.0	138.0481973407464	0.0	0.0	37.05275579729847	6.730549796354701	16.326303572492836	0.0	29.095828656889825	0.0	0.0	11.111964012033928	0.0	0.0	0.0	0.0	0.0	0.0	0.0	0.0	0.0	0.0	5.937433006255301	0.0
GSM4138113_HNSCC_2_TIL_CTAGAGTCACTAGTAC	185.3550837105417	122.38592101936084	178.81840126365995	0.0	0.0	38.53859114133487	66.99513624666439	0.0	157.6089218859413	100.3158194385896	0.0	0.0	0.0	5.276605143474621	10.822102164368342	0.0	54.71271438285888	0.0	45.23481564540788	0.0	0.0	0.0	0.0	40.86493793514844	0.0	0.0	0.0	0.0	26.03196712410115	0.0	0.0	0.0
GSM4138113_HNSCC_2_TIL_GTTCTCGCAATCGAAA	0.0	0.0	4320.9398033971565	0.0	0.0	0.0	0.0	0.0	0.0	0.0	0.0	0.0	0.0	0.0	0.0	0.0	0.0	0.0	0.0	0.0	0.0	0.0	0.0	0.0	0.0	0.0	0.0	0.0	0.0	0.0	0.0	0.0
GSM4138113_HNSCC_2_TIL_TCATTTGCACTATCTT	74.84719920105795	119.35668317019741	476.6335742759431	0.0	0.0	22.659555347441774	16.819381026370987	0.0	0.0	0.0	178.5381149578893	96.6142421083002	51.24127375237179	25.50556789574048	53.59538549760181	0.0	11.617440798559619	0.0	0.0	0.0	0.0	42.35224990190871	0.0	0.0	0.0	0.0	0.0	0.0	0.0	0.0	0.0	0.0
GSM4138113_HNSCC_2_TIL_CGTCAGGAGTCAAGCG	168.39647399877984	62.710439876216185	37.45184482742822	0.0	86.1421588385338	0.8695987533386385	39.039431746735964	0.0	0.0	0.0	64.75504784513964	111.16390934843277	0.0	6.9534906950983615	0.0	62.44663825457185	0.0	0.0	0.0	0.0	0.0	0.0	0.0	0.0	20.514321040011065	0.0	15.012389279735563	0.0	0.0	17.921525272850477	0.0	0.0
GSM4138113_HNSCC_2_TIL_TCATTTGGTTTGCATG	159.10807909104898	50.59741638164208	75.77682170094828	0.0	0.0	20.17530975959838	23.822820615502	0.0	0.0	0.0	61.26707802829152	60.073975711977035	0.0	6.811779168969103	0.0	0.0	0.0	0.0	0.0	0.0	0.0	12.748218296127554	0.0	2.807888529917852	0.0	3.8323711852649813	1.3459875976101092	3.1808205987210427	0.0	0.0	0.0	0.0
GSM4138113_HNSCC_2_TIL_TGACGGCGTCCCTACT	156.71900419373338	102.62865619081859	0.0	90.81146606752962	140.21332503440192	9.611113865889951	0.0	0.0	0.0	0.0	0.0	126.0572667738266	0.0	9.135815192283326	0.0	99.40952824229117	0.0	0.0	0.0	16.34554570597322	0.0	0.0	0.0	0.0	0.0	10.690923763949018	8.549407099998396	8.57699190564742	0.0	0.0	0.0	0.0
GSM4138113_HNSCC_2_TIL_ACGCCGAGTACTTCTT	86.7497141472039	66.92279341333011	115.72707747910215	0.0	0.0	13.725836381919054	0.0	0.0	87.93767560855993	37.46928141884058	0.0	0.0	35.74224089851374	9.21952221109273	7.088686563370421	0.0	3.9882391706749423	0.0	20.32468447625965	0.0	0.0	0.0	0.0	8.087014918085295	0.0	0.0	0.0	0.0	30.17168647746998	0.0	0.0	0.0
GSM4138113_HNSCC_2_TIL_CAGGTGCGTAGCGCTC	78.53477511670529	66.73108933805163	33.35972504946694	0.0	30.77807071499508	3.4900629963124574	63.65625021832137	25.085444421682155	91.11438330888093	0.0	0.0	0.0	0.0	12.576609704635182	0.0	0.0	3.6181338610794898	0.0	0.0	0.0	0.0	21.695522683999705	0.0	0.0	0.0	0.0	0.0	0.0	31.50257425401046	0.0	0.0	0.0
GSM4138113_HNSCC_2_TIL_TGAGCCGGTTACGGAG	189.20988198291982	167.10451006832614	0.0	331.7895056450094	386.5999384754815	62.3397990956963	69.8567862067021	95.044300885932	0.0	0.0	0.0	0.0	0.0	16.208915274130565	70.41741216664711	0.0	34.123606035822576	0.0	0.0	139.7616051480339	0.0	0.0	0.0	0.0	0.0	0.0	0.0	2.880478872018981	0.0	0.0	0.0	0.0
GSM4138113_HNSCC_2_TIL_TGGCTGGTCGTCCAGG	131.84080950342147	57.54315548491558	0.0	0.0	127.33927779692246	4.05886491563358	0.0	79.33435228034735	79.00577738693977	0.0	0.0	0.0	35.13414132869685	21.654717791883737	10.985664089935451	0.0	2.859575162507147	0.0	12.218067980711812	0.0	0.0	0.0	0.0	6.394377413064368	0.0	0.0	0.0	0.0	0.0	0.0	0.0	0.0
GSM4138113_HNSCC_2_TIL_CCTTCGATCGTGGTCG	146.08841647980907	133.3140673641345	141.3385286421422	152.76045493511597	0.0	22.66808916370823	76.06237330498801	0.0	0.0	0.0	0.0	117.92067843331306	0.0	23.222097713073033	0.0	0.0	0.0	0.0	6.824063997255279	5.580757863812915	0.0	6.140724624585446	0.0	0.0	0.0	1.742144687043526	15.487770514976352	10.746957514365503	0.0	0.0	0.0	0.0
GSM4138113_HNSCC_2_TIL_CGACTTCGTTTGACTG	115.04609265794174	50.286222842852204	78.00958838602118	74.70548360062153	0.0	18.817188303845708	0.0	0.0	0.0	0.0	0.0	0.0	0.0	4.393262727961866	0.0	83.94607433927303	0.0	25.491160729685934	0.0	0.0	0.0	0.0	0.0	0.0	17.003231416235586	0.0	12.030136614322487	7.2025809754876535	0.0	0.0	0.0	0.0
GSM4138113_HNSCC_2_TIL_GCTTCCATCTCTTGAT	126.37849887540663	32.12669500007858	0.0	0.0	64.04564858266053	24.058977118888155	0.0	0.0	113.3594414632673	0.0	0.0	53.52868963160068	0.0	1.4211417956786851	0.0	39.01024024128902	0.0	0.0	0.0	0.0	0.0	0.0	0.0	6.041328616321953	16.398804616309608	0.0	15.649852625851139	0.0	0.0	11.929048584833854	0.0	0.0
GSM4138113_HNSCC_2_TIL_TAGTTGGTCCAAGCCG	83.26482865089685	75.70982019553026	0.0	58.86423611548117	92.08489986485696	0.0	49.452489263781	0.0	0.0	0.0	0.0	115.11067709329005	0.0	7.866385692665999	0.0	38.17940040461998	0.0	10.601247322754798	0.0	0.0	0.0	0.0	0.0	0.0	23.85187126048634	5.646549995380735	17.181668379113166	1.129852548978946	0.0	0.0	0.0	0.0
GSM4138113_HNSCC_2_TIL_CGCGGTACAAGTTGTC	0.0	2850.5074413865805	0.0	0.0	0.0	0.0	0.0	0.0	0.0	0.0	0.0	0.0	0.0	0.0	0.0	0.0	0.0	0.0	0.0	0.0	0.0	0.0	0.0	0.0	0.0	0.0	0.0	0.0	0.0	0.0	0.0	0.0
GSM4138113_HNSCC_2_TIL_GGATGTTCACCAGGCT	86.52634266905962	236.60302844730836	18.562862899055258	48.714397907707585	29.193680002668163	9.04272035302777	0.0	0.0	0.0	228.74994799682162	0.0	0.0	0.0	8.551930296466688	0.0	0.0	3.046451128063543	0.0	0.0	0.0	16.143746674937724	0.0	0.0	0.0	0.0	0.0	0.0	0.0	0.0	0.0	0.0	0.0
GSM4138113_HNSCC_2_TIL_ACCCACTGTTTAAGCC	42.84781676050696	93.83515755245648	120.77226355725081	0.0	61.713897489871364	86.91637436968456	24.983004141924617	0.0	131.66487090112244	0.0	45.912642778504356	42.56410732688825	0.0	11.930843376049376	0.0	33.080420115185746	23.149336899256298	0.0	0.0	0.0	0.0	0.0	0.0	0.0	74.08999992386991	44.24778830443009	0.0	0.0	0.0	0.0	3.2156047685572053	0.0
GSM4138113_HNSCC_2_TIL_ACGATGTTCATTCACT	129.38997272063506	52.83684052978722	0.0	132.63073992814478	177.16862224467215	4.658975750605381	54.39401981837304	19.778810251275562	0.0	0.0	0.0	111.8789774737292	0.0	2.224832362198803	0.0	0.0	0.0	0.0	0.0	0.0	0.0	0.0	0.0	0.0	50.75543544694694	0.0	0.0	0.0	0.0	0.0	0.0	0.0
GSM4138113_HNSCC_2_TIL_ATCCACCTCTTGTACT	137.59400933785884	118.26127918462166	20.64135681187255	228.45826622021815	267.34869172607233	51.78516742453882	133.66587500342098	0.0	30.4489401925724	0.0	0.0	105.5007341519158	0.0	19.897703882681004	30.62021208766603	0.0	26.080889504122894	56.840880224378225	0.0	76.99218165378325	0.0	0.0	0.0	0.0	0.0	0.0	0.0	3.944300449644701	0.0	0.0	0.0	0.0
GSM4138113_HNSCC_2_TIL_CATCGGGAGAAAGTGG	133.51430695739637	135.9404655557175	0.0	261.9750479758047	367.2624479019779	25.392750098256684	0.0	79.66163005229951	0.0	0.0	0.0	0.0	0.0	38.659825211429826	29.951176867781438	124.65389774395912	37.56594729389337	0.0	37.29045473153711	3.1892598355889854	0.0	0.0	0.0	0.0	0.0	0.0	0.0	0.0	0.0	0.0	0.0	0.0
GSM4138113_HNSCC_2_TIL_CGAATGTGTCGGCATC	57.6120903768427	94.43346183177754	161.882892939985	0.0	46.03598379154424	94.4605214863671	0.0	26.605098524365225	60.811552230861906	0.0	87.41811065090755	0.0	0.0	11.166765227376208	0.0	175.18938344005653	13.53978340280509	0.0	0.0	0.0	0.0	0.0	0.0	15.519254838116991	77.63827936554189	0.0	0.0	0.0	76.85130310311055	23.48333598587544	0.0	0.0
GSM4138113_HNSCC_2_TIL_GGACAGACAGCGATCC	152.72039873484005	109.99647855923074	197.04709615491396	221.16367369944382	7.754483234858777	118.43834293299437	0.0	0.0	0.0	0.0	0.0	67.40565733927161	0.0	15.002381196073776	17.392579774998765	173.6979691468883	0.0	59.14874450239175	0.0	71.36795554576213	2.1286528245871166	0.0	0.0	0.0	0.0	0.0	21.291772794362533	28.893818553914574	0.0	0.0	0.0	0.0
GSM4138113_HNSCC_2_TIL_GTAACTGAGACTACAA	109.43320406498029	87.62587807364469	189.91494214607238	0.0	0.0	29.40643457580667	64.17414631351768	141.35973385872953	60.02941167132838	0.0	81.31676240667448	0.0	0.0	25.13685689743538	0.0	0.0	20.874101980478773	0.0	0.0	0.0	0.0	64.88835051785807	0.0	8.94419136704647	0.0	23.491964457313703	0.0	0.0	0.0	0.0	0.0	0.0
GSM4138113_HNSCC_2_TIL_GTCACAAGTGAAAGAG	145.8514485953963	100.07241748801624	216.41043745055728	0.0	0.0	67.1891858083624	0.0	2.3187681162356752	77.25901556918829	0.0	69.44699457198287	101.76500124052926	162.4303892757677	15.858770430387034	0.0	0.0	27.850798346561152	0.0	0.0	0.0	0.0	0.0	25.6843508695602	33.55432412607687	127.77684295526733	0.0	0.0	0.0	0.0	0.0	0.0	0.0
GSM4138113_HNSCC_2_TIL_TCGCGAGGTCGCGGTT	113.34306675953732	137.3770240238216	289.9670099761765	61.554263054966555	0.0	53.47571128023194	0.0	0.0	134.91318067931087	0.0	0.0	0.0	0.0	21.06059783206413	4.539907043445787	59.68518888769953	37.7631072823606	147.70859881749124	43.54987581812821	0.0	19.111586711504863	0.0	0.0	0.0	0.0	0.0	0.0	1.7565456842691918	0.0	0.0	0.0	0.0
GSM4138113_HNSCC_2_TIL_TGACAACGTCTCTCGT	173.18063344381343	141.14851276758282	29.370220285097314	0.0	158.0015202177427	31.383105930453745	68.78888585129855	152.20489672618734	159.22250831634517	0.0	0.0	0.0	0.0	15.97631012701541	27.434334157065116	0.0	21.04379444024282	0.0	0.0	56.53666934267599	0.0	0.0	0.0	16.068317012242797	0.0	0.0	0.0	0.0	0.0	0.0	0.0	0.0
GSM4138113_HNSCC_2_TIL_TTTACTGTCTAGAGTC	77.67476991919284	132.63722990818667	283.96913129863435	0.0	0.0	38.457841914831505	0.0	0.0	0.0	167.54978548177147	249.8761756241941	0.0	19.8293700766631	21.113160618385017	40.89095975517525	61.32539373584438	118.5464564436496	0.0	0.0	0.0	106.22015531880542	0.0	0.0	0.0	108.40031090036776	0.0	0.0	18.114895455558422	0.0	0.0	0.0	0.0
GSM4138113_HNSCC_2_TIL_AAACGGGAGTAAGTAC	21.606379387499317	63.931747065154084	179.6223174406927	141.8828646495203	0.0	125.55538387714255	0.0	0.0	0.0	0.0	0.0	46.30088336081585	0.0	43.907009288654294	14.192101000344241	0.0	19.16009406706144	0.0	29.193689868958536	31.147015528617395	0.0	0.0	24.455513099671983	0.0	0.0	71.54289727595534	0.0	4.973943343997084	0.0	0.0	0.0	0.0
GSM4138113_HNSCC_2_TIL_ACACCGGAGAATGTTG	45.62287265105557	47.236658957914884	0.0	107.72673428350802	75.35339385176405	103.97801986361725	79.28036003105268	0.0	0.0	0.0	0.0	51.89698511318585	0.0	7.356018963455002	58.47737243052815	0.0	0.0	0.0	0.0	0.0	0.0	0.0	32.58604654123187	0.0	54.38862342797209	0.0	0.6602358654418856	5.4519533659404456	0.0	0.0	0.0	0.0
GSM4138113_HNSCC_2_TIL_ACACCGGTCCGCATAA	121.15011943638177	25.711417877456206	3.277369259282016	121.90597677419878	56.13120852028691	78.60406319187534	0.0	0.04625721485410061	0.0	0.0	0.0	0.0	0.0	18.30330858488231	76.29637677976447	21.955392720834276	16.56532860318028	16.21456951830693	0.0	35.21481539605741	0.0	0.0	0.0	0.0	0.0	0.0	0.0	8.41189685274678	47.57167884444733	0.0	0.0	0.0
GSM4138113_HNSCC_2_TIL_ACATGGTAGCAGACTG	79.18439003573553	163.29297706106743	0.0	228.10754777196584	223.39598287088515	99.57308505311289	35.14382307682212	0.0	0.0	50.14035648059055	0.0	0.0	25.029366852713792	0.0	0.0	0.0	0.0	0.0	0.0	0.0	33.6565793796528	9.489972752596177	0.0	0.0	47.37868986661208	96.94735351303491	22.6283915697323	0.0	0.0	0.0	46.22831516977238	0.0
GSM4138113_HNSCC_2_TIL_ACGTCAAGTTATCGGT	67.7553236818174	150.19389560887257	171.92928284681574	0.0	0.0	63.81160929605399	0.0	0.0	0.0	19.3105765192936	136.42371783476455	4.5364346955622095	188.9770857378717	8.550932784843404	116.85687135077994	0.0	0.0	68.98151570398848	83.59440017495245	0.0	0.0	0.0	0.0	32.09771358115035	0.0	0.0	25.640851209221875	0.0	0.0	0.0	0.0	0.0
GSM4138113_HNSCC_2_TIL_ACTGAACGTAGCGCTC	44.0703999713764	41.32203443394404	95.44404196733903	0.0	0.0	66.78778492935979	43.30505053167076	0.0	62.29355472852416	22.128852848839	66.0104361501334	0.0	0.0	16.15077274529087	87.42827621586011	0.0	7.755057323446909	0.0	0.0	13.958135526134619	0.0	0.0	0.0	0.0	34.194023340733466	0.0	0.0	6.880156018056711	0.0	0.0	0.0	0.0
GSM4138113_HNSCC_2_TIL_AGCATACGTCGTCTTC	35.33867440649443	66.52197087237205	0.0	149.43267161450504	100.04575453968727	112.18058345459615	79.47750732120252	0.0	0.0	26.116788906907864	0.0	0.0	0.0	13.383475424219087	0.0	0.0	53.77141477324038	0.0	0.0	4.149027714128753	0.0	61.248287222331264	0.0	0.0	0.0	130.77337636777858	0.0	0.0	0.0	0.0	7.35514673620567	0.0
GSM4138113_HNSCC_2_TIL_AGCCTAATCGCGTTTC	47.22706010101122	72.04226609291956	25.011202097729754	152.98333238874338	74.88968057936482	88.23802604632952	93.52054575467359	0.0	0.0	0.0	0.0	55.489908725516976	0.0	8.168845914158524	133.4312285022516	0.0	0.0	0.0	90.36052797045197	0.0	0.0	0.0	0.0	0.0	0.0	0.0	54.07266744926198	2.3333385749737205	0.0	0.0	0.0	0.0
GSM4138113_HNSCC_2_TIL_ATTGGACCAACGCACC	64.91603878782142	50.89164585692215	20.294241124662683	179.5029231246312	51.694627746025304	69.44984385997253	0.0	0.0	0.0	0.0	0.0	61.27053838664619	95.903401345652	10.684378935688912	155.0347350322575	0.0	12.884583997714417	0.0	35.30465789469792	0.0	0.0	47.13982697745067	0.0	0.0	0.0	0.0	13.28851812268685	6.791126530165729	0.0	0.0	0.0	0.0
GSM4138113_HNSCC_2_TIL_CACAGGCGTTCCTCCA	0.0	0.0	0.0	0.0	0.0	0.0	0.0	0.0	0.0	0.0	0.0	0.0	0.0	0.0	0.0	0.0	0.0	0.0	0.0	0.0	0.0	0.0	1344.2279968326907	0.0	0.0	49.81773252122865	0.0	0.0	0.0	205.8063831775964	0.0	0.0
GSM4138113_HNSCC_2_TIL_CAGCGACAGTACGCCC	2.917326060184727	28.283355337756053	0.0	134.74248105318242	79.3261367680337	92.94282858806115	0.0	0.0	0.0	25.96564458777084	0.0	0.0	0.0	9.283075998641605	92.47987621144674	35.2213068031193	20.292841912058606	0.0	0.0	0.0	22.121660370756143	47.90085289940937	0.0	18.378597588053037	0.0	0.0	0.0	0.0	0.0	0.0	0.0	0.0
GSM4138113_HNSCC_2_TIL_CATGCCTCACTGAAGG	128.42274024172164	60.042614235407676	21.272825214279127	61.050260693218256	43.12857069280707	110.39348906365025	0.0	0.0	0.0	113.82902586720611	61.05626334979637	0.0	0.0	13.96430628462234	180.2607665768107	88.6838007540148	15.943503073284361	0.0	0.0	44.95178003800347	0.0	0.0	0.0	0.0	0.0	0.0	0.0	0.0	0.0	0.0	0.0	0.0
GSM4138113_HNSCC_2_TIL_CCAATCCCAGATGGGT	19.531061189878407	58.11356794977219	89.59126612768162	0.0	0.0	33.43694138637046	36.455949833564354	0.0	58.75855563073153	0.0	24.095935981413625	32.29827341048239	0.0	5.366944850554904	35.32128775946117	0.0	10.766371638737528	0.0	24.376479983842145	25.641237067872922	0.0	0.0	0.0	12.73166144232256	0.0	0.0	0.0	0.0	0.0	0.0	0.0	0.0
GSM4138113_HNSCC_2_TIL_CCACGGAGTACCGTAT	53.09753103179422	19.84486368971897	105.77107644417673	11.843969909616705	0.0	68.51335609004774	44.618788277335426	0.0	0.0	0.0	90.62773992239056	66.25558999147923	0.0	5.621707840450803	0.0	0.0	4.1466784122867715	0.0	0.0	30.165634912479405	0.0	0.0	0.0	10.07288970701399	0.0	102.30395515906878	0.0	0.0	0.0	0.0	0.0	0.0
GSM4138113_HNSCC_2_TIL_CCGGGATGTCGCATAT	77.47301303870825	36.22502866921286	0.0	156.1721917475436	73.26743590412171	115.75645981072702	0.0	49.119492636785985	0.0	0.0	0.0	6.202379313412373	60.761051157358544	0.0	0.0	18.60559390580796	6.333239832637268	0.0	66.75298282545707	0.0	0.0	0.0	155.75180173633217	0.0	0.0	0.0	0.0	30.446792395230762	0.0	0.0	0.0	0.0
GSM4138113_HNSCC_2_TIL_CGATGTAGTCATTAGC	66.54731498306981	41.37772750067469	0.0	139.03818984292218	101.20185687360062	99.92299727923897	71.10969122576323	0.0	0.0	0.0	0.0	0.0	0.0	15.00172469179254	0.0	0.0	16.438546994522174	48.06526830592179	0.0	14.0189897940364	0.0	0.0	84.96292523142463	0.0	67.11431673084331	0.0	0.0	1.1714979672995167	0.0	0.0	0.0	0.0
GSM4138113_HNSCC_2_TIL_CTACACCAGGTCATCT	60.41269538038303	19.262073776456713	78.74106762642128	0.0	0.0	60.455527166692576	0.0	0.0	0.0	20.020799666706512	91.0248568488357	30.69006356819306	0.0	0.0	85.60817698734104	0.0	39.060979846822164	0.0	0.0	0.0	72.77524611578723	27.056431338561893	0.0	0.0	0.8085950658881816	0.0	0.0	4.768377235458248	0.0	0.0	0.0	0.0
GSM4138113_HNSCC_2_TIL_CTAGTGATCACGACTA	80.66965217278079	73.38018558275898	64.74366971413573	94.36446498477758	81.03616742143282	136.14348546438146	0.0	0.0	0.0	35.09644036159077	0.0	0.0	12.9765305173863	17.76445287110126	126.01658680044676	42.27917988623955	21.7580870024086	0.0	0.0	0.0	41.91360814807836	63.169875496327954	0.0	0.0	0.0	0.0	0.0	5.267460978810661	0.0	0.0	0.0	0.0
GSM4138113_HNSCC_2_TIL_CTGCTGTAGTGCTGCC	83.38874991583658	18.689994343120006	0.0	113.33589669331694	52.65926267150106	61.59764805723726	22.59011751179566	0.0	0.0	41.072906271325216	0.0	0.0	15.387462916524271	22.43645505502219	0.0	0.0	19.78282979359231	0.0	0.0	39.75534035838298	31.903858960768254	0.0	0.0	0.0	4.625645957793422	117.64157798428164	0.0	4.353136107460312	0.0	0.0	0.0	0.0
GSM4138113_HNSCC_2_TIL_GACGTGCCACATCTTT	100.12897864419574	48.551723647415	37.19616113150932	117.86358913283999	35.12969863276171	102.35515066391395	74.56870463253009	0.0	0.0	90.07970874101348	0.0	41.74825472442602	0.0	5.747445902428025	144.79094765203456	0.0	0.0	0.0	0.0	0.0	0.0	0.0	0.0	0.0	109.13929910239936	0.0	34.710512685121635	26.90122710782146	0.0	0.0	0.0	0.0
GSM4138113_HNSCC_2_TIL_GATCTAGGTGGCTCCA	23.474232875299617	44.65658107339352	0.0	133.2267349208289	39.16012353607835	50.922634065223505	0.0	0.0	0.0	0.0	0.0	13.311691063967658	0.0	14.176036685292782	19.516964366697753	0.20812556137191296	15.39949660278237	0.0	0.0	34.954312649172174	39.51972507649704	10.82011647567631	33.796881854238	0.0	2.325114700925693	0.0	0.0	0.0	0.0	0.0	1.2732999763061605	0.0
GSM4138113_HNSCC_2_TIL_GCCAAATCAGCCTATA	49.74385669786052	16.223903333541873	14.116830316277099	85.95750916478302	148.01689495431123	24.44568000497506	0.0	0.0	0.0	0.0	0.0	41.27860157047062	0.0	5.799656793473059	64.87945756857854	45.348303695857545	6.2561240395710005	0.0	0.0	0.0	0.0	0.0	0.0	0.0	59.95632963737614	0.0	0.0	13.724058739802762	0.0	0.0	0.0	0.0
GSM4138113_HNSCC_2_TIL_GCGCAGTGTCTTGATG	22.891869427284234	41.54754702387511	0.0	0.0	80.99728338224394	64.52917529970378	80.54826800344341	0.0	24.98423417942682	3.743952828833414	95.73379841127412	0.0	0.0	0.2983295592143037	62.82229670432231	0.0	5.941187039365775	10.401493053089522	0.0	42.09569971656154	0.0	0.0	0.0	0.0	0.0	0.0	0.0	0.0	2.4436137133938405	0.0	0.0	0.0
GSM4138113_HNSCC_2_TIL_GGACAAGTCCTCAATT	127.26915140683813	90.91643977711685	0.0	164.702100397272	326.00621793762485	151.92868294947215	0.0	0.0	0.0	0.0	0.0	69.84174664357785	0.0	27.65374269485616	0.0	0.0	0.9125249565818082	0.0	0.0	0.0	37.6498324012746	69.57273875656583	7.068472183544442	0.0	0.0	6.034128191909664	0.0	0.0	0.0	94.0831482735994	11.558113087386198	0.0
GSM4138113_HNSCC_2_TIL_GGGTCTGAGCTATGCT	56.54777429030426	31.60616586301653	0.0	106.85962989475131	108.8508678924549	64.124729384056	13.66780425240167	0.0	0.0	0.0	0.0	38.98873510589971	49.91148778998134	34.24414407971685	0.0	2.5926719019020723	19.200937733185086	0.0	105.71873373663333	0.0	0.0	0.0	128.62830603534468	0.0	0.0	0.0	0.0	0.0	0.0	0.0	1.2136691316875101	0.0
GSM4138113_HNSCC_2_TIL_GTAGGCCAGCACCGCT	0.0	0.0	0.0	0.0	0.0	1697.3310626140333	0.0	0.0	0.0	0.0	0.0	0.0	0.0	0.0	0.0	0.0	0.0	0.0	0.0	0.0	0.0	0.0	0.0	0.0	0.0	0.0	0.0	0.0	0.0	0.0	0.0	0.0
GSM4138113_HNSCC_2_TIL_GTCAAGTTCCGCAAGC	105.41574047883125	77.2407702851543	0.0	161.69498253511958	96.71327041319509	84.40816683530691	0.0	0.0	0.0	0.0	0.0	0.0	100.33262849488197	12.266655822620354	109.76995159494085	0.0	0.0	51.347772964419796	0.0	65.62703778715075	0.0	0.0	0.0	0.0	0.0	0.0	32.669155641102265	2.359854937942649	0.0	0.0	0.0	0.0
GSM4138113_HNSCC_2_TIL_GTTACAGAGGCCGAAT	77.95680954720834	44.429681748594255	0.0	155.43745757019133	124.29125521467171	98.80157537574482	0.0	0.0	0.0	54.895748846159364	0.0	0.0	29.660624811874168	14.574166010165818	0.0	16.133435429765697	5.192812122495075	0.0	19.717460091694093	50.01510960024766	0.0	0.0	0.0	0.0	0.0	125.0558714357651	21.438105937274038	9.017755489538398	0.0	0.0	0.0	0.0
GSM4138113_HNSCC_2_TIL_TAGAGCTCAGATGGCA	91.06405938759231	141.69956396327876	143.35002380419155	0.0	0.0	118.10433638530833	93.5617574404359	0.0	150.83253934637747	1.232484404634882	67.94451832448905	0.0	0.0	6.610678295500684	165.4222913481198	0.0	0.0	77.74273855155448	130.68185873734998	0.0	0.0	0.0	0.0	49.62491583817269	0.0	0.0	37.338639879811076	0.0	0.0	0.0	0.0	0.0
GSM4138113_HNSCC_2_TIL_TAGCCGGTCAAAGTAG	48.96021969941451	13.92908160818479	0.0	111.0148738893123	144.21677507869228	128.37837590101162	0.0	0.0	0.0	72.89369784293156	0.0	0.0	0.0	12.978688918398714	90.58992834969001	65.07704458824644	4.125928591319003	0.0	0.0	0.0	0.0	63.12124091599079	8.689997719440422	0.0	0.0	0.0	0.0	0.0	0.0	0.0	8.501622954775616	0.0
GSM4138113_HNSCC_2_TIL_TCAGCAATCCTTGGTC	93.74483481050873	0.0	0.0	129.17275592717448	52.410319922675704	37.36821588396344	21.461476234172135	0.0	0.0	66.38951238229582	0.0	0.13280886918636212	0.0	0.0	0.0	0.0	0.0	0.0	0.0	0.0	0.0	0.0	0.0	0.0	90.95539274183687	68.78450728504546	0.0	0.0	0.0	0.0	5.948097417015317	0.0
GSM4138113_HNSCC_2_TIL_TCGAGGCCATATACCG	47.74061453305953	72.55378719018651	0.0	161.54307294038406	225.88943814062384	54.93832026471902	39.72514076389916	0.0	0.0	0.0	0.0	49.31522640785611	0.0	17.54463536194707	0.0	0.0	0.0	0.0	0.0	0.0	0.0	89.6264171529226	0.0	0.0	0.0	67.55951619090754	40.54445350218366	0.0	0.0	0.0	9.558981448967788	0.0
GSM4138113_HNSCC_2_TIL_TCTTTCCCAGATCGGA	61.282605706107425	218.8117319170463	215.44530869095436	0.0	0.0	72.1752944195549	95.86741112784254	9.259231858816756	2.090626341990451	0.0	157.29989658503567	39.76591997505985	0.0	18.000884621493277	76.53089935736675	0.0	16.326528208402724	0.0	0.0	0.0	0.0	66.18865724221877	0.0	2.906563049110936	0.0	0.0	4.8935723908907525	22.52410018380222	0.0	0.0	0.0	0.0
GSM4138113_HNSCC_2_TIL_TCTTTCCGTCCATGAT	73.54975521404657	36.13208731019946	0.0	132.35183749818	116.80091528638138	79.38648777113814	63.542356550027804	0.0	0.0	23.964204979534788	0.0	49.64310693041034	0.0	37.480996540275704	116.80677673974414	0.0	8.810385249398012	0.0	64.80601186354136	0.0	0.0	36.21870866547791	0.0	0.0	0.0	0.0	0.0	12.611489284269059	0.0	0.0	0.0	0.0
GSM4138113_HNSCC_2_TIL_TGAGCCGTCTCGCTTG	50.918886431997954	48.37747228369949	0.0	124.91934690556067	113.14670793869043	128.45004662745708	47.67642671373127	0.0	0.0	0.0	0.0	54.604142834557464	0.0	19.73003475952105	27.550584175852663	0.0	19.593183870330275	0.0	0.0	42.30864625979407	0.0	0.0	70.8039508892645	11.195714765429877	5.653085230954711	0.0	0.0	0.0	0.0	0.0	0.0	0.0
GSM4138113_HNSCC_2_TIL_TTAACTCCACGGTAAG	44.40305197302733	1.315358979538765	0.0	124.04320925144312	46.75892990752475	83.91102916018906	0.0	0.0	0.0	0.0	0.0	24.47598664800109	63.167544038441534	9.447761037712244	0.0	0.0	6.750606877643771	0.0	0.0	10.135150789318054	0.0	0.0	0.0	0.0	23.919363541231732	91.51926768622313	0.0	0.0	0.0	0.0	20.78368298874218	0.0
GSM4138113_HNSCC_2_TIL_GCACATAGTGCTCTTC	120.4822635148372	46.73346151898421	0.0	60.52546919920191	50.22990652719573	20.279948351683405	76.76619112083866	24.269857440906733	0.0	152.22339534109133	0.0	0.0	0.0	20.460160178430012	0.0	0.0	21.83697998297568	0.0	50.89515949898041	0.0	0.0	0.0	0.0	0.0	0.0	0.0	0.0	26.787280956918398	0.0	0.0	0.0	0.0
GSM4138113_HNSCC_2_TIL_AACTGGTAGCCACGTC	183.2804912638086	161.32367864228598	0.0	181.59178590116912	192.51091436547586	46.133571639329546	353.2863013157849	0.0	0.0	0.0	0.0	146.7036384990034	0.0	15.977522945559315	17.25804383388485	0.0	130.2239066853685	0.0	0.0	0.0	0.0	0.0	0.0	0.0	171.4185375479365	0.0	0.0	9.694726442066187	0.0	0.0	6.230231240314649	0.0
GSM4138113_HNSCC_2_TIL_ATCTGCCAGACTAGGC	194.17078420284966	103.07789715542114	60.99367969280927	0.0	0.0	33.15593167341338	156.21146968266376	0.0	0.0	0.0	72.21735585949006	0.0	0.0	6.480395292221504	0.0	0.0	3.0668691356048012	118.24701207435488	0.0	55.898315841601736	0.0	0.0	0.0	0.0	0.0	0.0	67.36103154611226	25.75902511795599	0.0	0.0	0.0	0.0
GSM4138113_HNSCC_2_TIL_CAACCTCTCCTACAGA	121.73086850156517	193.74861235759533	175.48863086382832	243.86856980773226	32.85244785245941	19.69057883055585	310.119308513965	0.0	35.59132435450529	0.0	0.0	0.0	0.0	29.31137920141196	0.0	0.0	16.695903554276633	217.59653378424187	56.4007394579769	0.0	0.0	0.0	29.305000311333814	0.0	0.0	0.0	0.0	15.807494690901017	0.0	0.0	0.0	0.0
GSM4138113_HNSCC_2_TIL_CAAGGCCGTAGAGCTG	186.76993718432553	38.06322794684263	31.056532956863826	0.0	0.0	34.70754634584639	388.175638283264	0.0	0.0	0.0	129.18510841130018	75.60371222042156	0.0	5.627154998215358	0.0	0.0	0.0	0.0	0.0	207.96583118091925	0.0	0.0	0.0	57.349246421161	0.0	28.565949186059342	100.98226938981179	0.0	0.0	0.0	0.0	0.0
GSM4138113_HNSCC_2_TIL_CACACTCCACAACGCC	77.25807454589822	79.71655940137494	129.80011718133534	0.0	0.0	8.561356447109626	0.0	0.0	0.0	0.0	136.2308910346017	34.91690623548232	0.0	33.585122420715756	0.0	0.0	0.0	0.0	0.0	0.0	19.747499282433118	90.36610005218124	0.0	0.0	0.0	25.75336383849139	0.0	0.0	0.0	0.0	0.0	0.0
GSM4138113_HNSCC_2_TIL_CTCGGGACACTGAAGG	264.58391022269024	205.97716181844265	232.26947608216184	166.583594755945	0.0	24.692876217118815	0.0	0.0	0.0	0.0	0.0	0.0	445.8537831069087	21.267011028008465	0.0	0.0	97.07588448812237	283.83654857958	0.0	116.51908122816612	0.0	0.0	0.0	0.0	0.0	3.3840542787730232	0.0	0.0	0.0	0.0	35.67815505153018	0.0
GSM4138113_HNSCC_2_TIL_CTTGGCTGTTCGCTAA	0.0	0.0	0.0	0.0	0.0	0.0	0.0	0.0	0.0	0.0	0.0	0.0	0.0	0.0	0.0	0.0	1474.786970788373	0.0	0.0	0.0	0.0	0.0	0.0	0.0	0.0	0.0	186.08038580878582	0.0	0.0	0.0	0.0	0.0
GSM4138113_HNSCC_2_TIL_GACCAATGTTACGACT	0.0	0.0	0.0	0.0	0.0	0.0	0.0	0.0	0.0	0.0	0.0	0.0	0.0	0.0	0.0	0.0	0.0	0.0	2825.3067627330347	2.361479922152035	0.0	19.071901565137868	0.0	0.0	28.018670305927962	0.0	0.0	0.0	0.0	0.0	0.0	0.0
GSM4138113_HNSCC_2_TIL_GCGGGTTCAGCGTCCA	214.45526963319688	456.4311508923195	159.62728320584026	0.0	0.0	28.53971815446175	104.33871476814484	0.0	30.007874155514013	258.7613878233227	184.6233851712678	0.0	0.0	30.596492422358665	0.0	202.61754204829413	0.0	0.0	0.0	41.93244128267582	0.0	0.0	37.208556210266465	15.65311071294256	34.726331646973826	0.0	14.789145180151435	0.0	26.522229325234374	0.0	0.0	0.0
GSM4138113_HNSCC_2_TIL_GTAGGCCAGTCGTACT	117.86090755504092	205.0855202672941	98.89011485003769	0.0	0.0	9.593559154462756	232.54333607065945	0.0	26.01641366643402	0.0	128.9710701911224	0.0	0.0	24.252870352999317	0.0	0.0	0.0	166.84827389271783	0.0	109.94678258509903	0.0	0.0	0.9473668532131274	0.0	0.0	0.0	56.719703370362026	0.0	0.0	0.0	19.20537883134226	0.0
GSM4138113_HNSCC_2_TIL_GTGAAGGGTAGAAGGA	82.67856757163037	185.19956271764397	89.403829409766	0.0	0.0	46.32140669939961	319.9970545094916	0.0	84.33403050330497	156.5451550935955	8.145527322532741	0.0	0.0	11.805171377870257	0.0	0.0	35.29492381558928	0.0	0.0	0.0	0.0	0.0	0.0	17.8975045243448	73.46134994880333	61.59046207883294	0.0	0.0	0.0	0.0	0.0	0.0
GSM4138113_HNSCC_2_TIL_GTTACAGCATAGGATA	223.0185541563088	57.41779550011932	23.702780135120854	0.0	85.41262217359925	171.49753832238017	164.03658268692323	0.0	0.0	0.0	166.3939698800482	0.0	0.0	17.67262645254883	0.0	0.0	0.3809216147007909	256.27334501166973	154.00753504391852	0.0	0.0	0.0	0.0	0.0	0.0	0.0	29.70477150328374	27.57677506357112	0.0	0.0	0.0	0.0
GSM4138113_HNSCC_2_TIL_TAGGCATCATGACGGA	189.79868046854327	211.7607399738406	200.41889200613542	156.48409348894123	54.111192810070364	69.50378381550412	295.6646628269908	0.0	0.0	145.99298614501384	0.0	89.60680453082303	0.0	34.22286838459751	0.0	0.0	33.89482540359212	0.0	0.0	21.13137765015002	0.0	142.31541996497592	0.0	0.0	0.0	33.243105519339174	68.99710128013706	63.54292235135921	0.0	0.0	0.0	0.0
GSM4138113_HNSCC_2_TIL_TCAATCTCAAGAAGAG	236.49445694424452	203.23690159186012	142.50108715006664	0.0	0.0	51.021763347677364	0.0	1.5195576389860288	0.0	181.75287348414108	267.4962737578955	0.0	0.0	22.99195076466553	15.560768586631717	428.19348712734205	0.0	0.0	102.35337641909511	0.0	0.0	96.31815417379595	7.3061581039033205	0.0	0.0	0.0	66.79893447393056	0.0	0.0	0.0	2.4185379589250315	0.0
GSM4138113_HNSCC_2_TIL_TGGCCAGCATGTAAGA	0.0	0.0	0.0	0.0	0.0	0.0	3112.1368003227467	0.0	0.0	0.0	0.0	0.0	0.0	0.0	0.0	179.2557798651236	0.0	0.0	0.0	0.0	0.0	0.0	0.0	0.0	0.0	0.0	0.0	0.0	0.0	0.0	0.0	0.0
GSM4138113_HNSCC_2_TIL_AACTCAGCAATGGTCT	135.29192891879478	110.01380536550106	2.632829160757991	0.0	0.0	0.0	0.0	0.0	11.100905894066802	243.05434989071136	0.0	0.0	0.0	0.0	0.0	0.0	0.0	0.0	21.44318377909692	0.0	114.72465565114955	0.0	0.0	0.0	0.0	0.0	0.0	29.966535492644176	0.0	0.055362953229066536	0.0	0.0
GSM4138113_HNSCC_2_TIL_TGCGGGTGTCTAGCCG	286.9683076874163	91.51535748627474	31.144771950314677	0.0	0.0	0.0	0.0	0.0	0.0	0.0	18.571344638402277	0.0	0.0	8.737106049094944	0.0	0.0	0.0	77.86464712439114	4.153831679764155	0.0	202.1192884356586	29.210730350583148	0.0	0.0	0.0	0.0	0.0	0.0	0.0	0.0	12.805478573420645	0.0
GSM4138113_HNSCC_2_TIL_AGTGAGGTCTACCAGA	98.80516196627657	224.41213955204984	318.7829675741378	196.34580250703664	8.865066655483387	30.318342067521918	0.0	0.0	0.0	0.0	21.662180208765573	0.0	109.8130081256538	20.80401222673701	59.575605159246024	25.233004149479	25.905568044914066	127.67107001794989	0.0	0.0	0.0	53.708418638267396	0.0	0.0	0.0	0.0	0.0	0.0	0.0	0.0	18.032584337110972	0.0
GSM4138113_HNSCC_2_TIL_CATGGCGCATTCTCAT	70.8581911613126	84.57352772781547	124.09073803868374	0.0	0.0	35.83387867307497	41.5609273607987	0.0	0.0	0.0	69.40404356500933	89.62036666347515	0.0	4.11346852474781	0.00026306431518658107	0.0	0.0	0.0	0.0	126.50535548282981	0.0	0.0	0.0	0.0	0.0	0.0	16.46956342875706	6.358594621375874	0.0	0.0	0.0	0.0
GSM4138113_HNSCC_2_TIL_GTACTCCAGTGGGATC	100.03023378521374	169.86708473789224	481.86648901946313	348.42474297808826	0.0	89.56195913643919	194.55282511190163	0.0	0.0	0.0	112.93117766731717	16.33035190169043	0.0	58.765655692363644	113.48522638867132	0.0	19.96737109892464	109.89520843305094	0.0	0.0	0.0	85.9840019419711	0.0	0.0	0.0	0.0	22.026107530479603	22.84872765536264	0.0	0.0	0.0	0.0
GSM4138113_HNSCC_2_TIL_TTTGGTTGTTACCGAT	36.37942593719129	205.01390609247375	0.0	385.25974021957467	192.71771196992398	38.09032845324808	0.0	0.0	0.0	0.0	0.0	98.69522815213023	0.0	31.178125124733466	9.557318181680648	0.0	16.44799781881846	2.5000540466082346	0.0	0.0	110.54575808976685	0.0	0.0	0.0	57.46857079563064	0.0	0.0	0.0	0.0	15.83048577892052	16.979848164821014	0.0
GSM4138113_HNSCC_2_TIL_AGCTCCTCAGTCGATT	104.60320010157086	191.66277705324853	0.0	39.044668965265124	202.65614918297467	4.8086175046513855	0.0	10.712545559018992	0.0	0.0	0.0	0.0	0.0	27.323493967884062	0.0	0.0	0.0	64.64546378421387	0.0	0.0	0.0	66.43282642926543	0.0	0.0	0.0	7.546583542728952	12.269348428418576	0.0	0.0	0.0	0.0	43.2863179929052
GSM4138113_HNSCC_2_TIL_AACTCCCAGTGTCTCA	0.0	0.0	0.0	0.0	0.0	0.0	0.0	0.0	0.0	0.0	0.0	0.0	0.0	1357.9856228375993	0.0	0.0	0.0	0.0	0.0	0.0	0.0	0.0	0.0	0.0	0.0	0.0	0.0	0.0	0.0	0.0	0.0	0.0
GSM4138113_HNSCC_2_TIL_AGCAGCCGTATAGGTA	38.21036477866546	62.93082991120694	120.83484115754477	86.46566463543816	0.0	41.01937020401261	0.0	0.0	0.0	0.0	0.0	0.0	104.25820009836968	329.78171083630673	8.363866878104758	0.0	0.0	89.67765194025112	0.0	28.704962323030745	0.0	0.0	0.0	0.0	6.363416108531401	0.0	0.0	347.74787897185365	0.0	0.0	0.0	0.0
GSM4138113_HNSCC_2_TIL_CTGAAACAGTGGACGT	36.295086919795956	63.52989566556154	8.377669876100375	46.16227309950686	151.76106796001056	0.0	44.97517270620924	0.0	0.0	0.0	0.0	0.0	0.0	95.18851262345109	7.66244557615773	0.0	0.0	30.00614065269889	31.688597890489422	0.0	0.0	0.0	0.0	86.01287725624209	0.0	0.0	0.7709061596291432	0.0	0.0	0.0	0.0	0.0
GSM4138113_HNSCC_2_TIL_TCAGCAATCCGAAGAG	0.0	0.0	0.0	0.0	0.0	0.0	0.0	0.0	0.0	0.0	0.0	0.0	0.0	0.0	0.0	0.0	0.0	0.0	0.0	0.0	0.0	0.0	0.0	1320.2401799819213	0.0	0.0	0.0	0.0	0.0	0.0	73.00780870267668	0.0
GSM4138113_HNSCC_2_TIL_AACTCTTAGGCATGGT	89.28523271064553	108.90590555456191	199.17754411621937	421.4193792802085	33.94669970736022	66.9086270130066	0.0	0.0	0.0	134.9628878071963	0.0	0.0	235.42295667380978	13.470607217652857	67.30706251160602	85.93042930600612	28.88096733594349	0.0	0.0	31.282285926362203	0.0	234.6413260788968	0.0	0.0	0.0	0.0	0.0	0.0	0.0	0.0	11.774768973892725	0.0
GSM4138113_HNSCC_2_TIL_AAGTCTGTCTCCGGTT	119.33228215212344	90.64632188070816	158.14624638759904	64.21516138170301	0.0	74.75344649576208	309.24232081114866	0.0	0.0	141.95980691842257	307.4316357725988	0.0	0.0	14.85143297403942	52.588576883508814	0.0	49.25384842485315	0.0	0.0	208.93708363854086	0.0	0.0	0.0	10.953675009012645	0.0	0.0	1.1604204470676374	4.057510480794952	0.0	0.0	0.0	0.0
GSM4138113_HNSCC_2_TIL_GACGTGCAGTAGGTGC	0.0	0.0	0.0	0.0	0.0	0.0	0.0	0.0	0.0	0.0	4092.1689290108225	0.0	0.0	0.0	0.0	0.0	0.0	0.0	0.0	0.0	0.0	0.0	0.0	0.0	0.0	0.0	0.0	0.0	0.0	0.0	0.0	0.0
GSM4138113_HNSCC_2_TIL_GATTCAGCAGCTGCAC	204.10626775692253	166.38931687061446	199.4215633305007	0.0	0.0	52.67625595930373	20.979671487914477	0.0	0.0	0.0	405.6940583048316	0.0	0.0	19.90180656383986	0.0	221.15990348884228	61.21612616130408	110.92624752461145	155.82510958819435	0.0	2.9725499643078503	0.0	0.0	11.952525780471884	0.0	0.0	0.0	0.0	0.0	32.872687793585854	0.0	0.0
GSM4138113_HNSCC_2_TIL_GTACTTTGTGCAGACA	13.810282268540517	1.9371538643409087	2.008728376577036	38.190917132475725	16.181227005309722	1.0453918251664052	0.0	0.0	0.0	0.0	0.0	0.0	37.41008589143081	4.089766755795243	1.4196559231000703	0.0	0.02739262960794125	10.780602826309234	0.0	1.9577583265937015	0.0	0.0	0.0	0.0	0.0	0.0	0.0	0.0	0.0	0.0	0.0	0.0
