	1	2	3	4	5	6	7	8	9	10	11	12	13	14	15
GSM4138113_HNSCC_2_TIL_ACAGCTACAGCAGTTT	31.403685957630383	113.45440084156931	0.0	175.43544190950115	94.06910319113815	94.2417646568629	0.0	0.0	0.0	10.12959704079326	0.0	0.0	79.7103062257638	0.0	0.0
GSM4138113_HNSCC_2_TIL_CGCTATCTCGGTCCGA	142.15248656267931	176.21129241889636	0.0	277.2769519328356	172.09967607780573	110.25433988384034	0.0	0.0	0.0	74.0278992309004	0.0	0.0	260.6912542060946	0.0	0.0
GSM4138113_HNSCC_2_TIL_GGACGTCGTAGAGGAA	122.2604851466659	91.1980850300242	0.0	94.80943300447315	30.003557567925117	36.20764828745527	47.64350840226469	0.0	0.0	0.0	0.0	2.767799959744005	0.0	0.0	0.0
GSM4138113_HNSCC_2_TIL_AACTCTTGTCAAGCGA	204.6179280005894	0.0	72.93133960359552	0.0	71.9493263056745	91.46431962260971	0.0	0.0	104.0501940789688	0.0	69.29384015959317	6.4070020760306035	0.0	0.0	0.0
GSM4138113_HNSCC_2_TIL_AGTGTCAAGAACTGTA	327.0330717930772	217.63823401511345	0.0	319.38841630476395	309.91804320970124	111.82220350107163	0.0	0.0	0.0	99.65965789946948	0.0	0.0	232.4873480434433	0.0	0.0
GSM4138113_HNSCC_2_TIL_GAAACTCAGTTACGGG	175.33609109306977	0.0	220.54268930739622	351.05071183393005	71.72702796891146	99.73971004023502	0.0	0.0	0.0	11.184941248841088	0.0	0.0	74.77424989728402	0.0	0.0
GSM4138113_HNSCC_2_TIL_ACGGAGACAGGGATTG	1344.2494698404505	0.0	182.13827678120327	0.0	60.9885109927393	37.227012914889336	0.0	0.0	0.0	0.0	0.0	47.2776452408217	0.0	161.6062834584493	67.5869436082682
GSM4138113_HNSCC_2_TIL_CACACAAAGTCCGTAT	597.7413014986325	0.0	463.0339321427921	276.9515793685846	128.14740066987144	261.33452298650104	176.16802788950812	0.0	0.0	47.71969668900656	0.0	19.665012025835413	0.0	0.0	0.0
GSM4138113_HNSCC_2_TIL_CAGCTAACAGTCACTA	167.43207684234272	111.90363486640466	0.0	106.80120265837691	36.68508306936729	42.32069166241369	61.93553462449515	0.0	0.0	0.0	0.0	39.72506672167915	0.0	0.0	0.0
GSM4138113_HNSCC_2_TIL_CATATGGAGGGTGTGT	417.67283843569334	0.0	242.77610372966205	0.0	65.99956949183563	74.45853797953355	0.0	0.0	0.0	0.0	0.0	36.515682675118484	0.0	214.25444885824052	103.56470573579722
GSM4138113_HNSCC_2_TIL_CATCAAGTCTATCGCC	578.7396134452222	442.48748448488243	0.0	235.2909727329335	198.53565409965924	122.54507389663252	240.91872020713296	0.0	0.0	0.0	0.0	85.68036231266335	0.0	0.0	0.0
GSM4138113_HNSCC_2_TIL_CCTACACCACGAAGCA	1162.1956456606697	0.0	139.78968509371543	0.0	91.88303204144992	98.33492473521733	0.0	0.0	0.0	0.0	0.0	29.79709679165983	0.0	146.98842429406656	117.41988424391144
GSM4138113_HNSCC_2_TIL_CGTCACTTCGGCGGTT	215.27088543905333	0.0	78.28141554173669	0.0	48.721775153532434	29.680829805352282	0.0	0.0	0.0	28.918065923623047	0.0	0.0	0.0	66.1502546207003	56.78606562796
GSM4138113_HNSCC_2_TIL_CTGATAGGTAAGTGGC	203.6923209236669	47.53535936568227	0.0	61.13557708259795	62.79882404373681	24.46135302780795	165.81233930149344	0.0	0.0	0.0	0.0	14.972050723159876	0.0	0.0	0.0
GSM4138113_HNSCC_2_TIL_CTGCCTATCACCACCT	559.62037949136	0.0	227.32356082403828	0.0	44.39935539652835	67.95900414397815	39.43471232298126	0.0	117.27292042562465	0.0	0.0	32.80501494435386	0.0	0.0	0.0
GSM4138113_HNSCC_2_TIL_GATCAGTAGAGTAATC	514.8687291966688	0.0	157.69266141539828	0.0	49.38664660579655	33.064131195929555	0.0	0.0	0.0	0.0	0.0	43.149189097400225	0.0	124.51339141439874	83.41638282456259
GSM4138113_HNSCC_2_TIL_GATGAGGGTAGCCTCG	415.76120254731893	0.0	73.8742465502298	0.0	8.122106515793769	48.58842165774892	0.0	0.0	0.0	0.0	0.0	34.69882069067714	0.0	19.335837760211056	28.536527549242034
GSM4138113_HNSCC_2_TIL_GCAAACTGTCGCCATG	397.0455983898517	0.0	206.65078715935852	0.0	131.66777597536077	90.11150071498804	0.0	0.0	0.0	18.61523302200527	0.0	26.060435464083785	0.0	354.78398233232775	83.01321135807025
GSM4138113_HNSCC_2_TIL_GCGCCAAAGTTTCCTT	3606.0150770900486	0.0	0.0	0.0	0.0	0.0	0.0	0.0	0.0	0.0	0.0	0.0	0.0	0.0	0.0
GSM4138113_HNSCC_2_TIL_GCGCGATAGGTAAACT	356.126851058231	0.0	224.87566602554526	114.89768080665282	21.98684314720295	84.47726103848701	106.71210959979285	0.0	0.0	0.0	0.0	51.6295094408614	0.0	0.0	0.0
GSM4138113_HNSCC_2_TIL_TCAATCTGTCCAGTTA	417.418814393757	0.0	181.8898568314202	0.0	88.5051422257088	50.36219001379138	0.0	0.0	0.0	0.0	0.0	32.228279331206664	0.0	117.24978378778229	73.53772351715897
GSM4138113_HNSCC_2_TIL_TGCTGCTCAGTGAGTG	309.5217579053475	0.0	178.44341815481678	31.16068702140987	39.50132711090795	150.51734081217367	0.0	0.0	72.25782427988328	0.0	0.0	49.9356427385623	105.65910119295486	0.0	0.0
GSM4138113_HNSCC_2_TIL_ACGAGCCTCGCGATCG	140.35564067794476	163.3735078210478	0.0	65.4293934572458	57.245746480464206	49.214206080529074	71.55340380575713	0.0	20.930624616284245	13.70351607165181	0.0	0.0	0.0	0.0	0.0
GSM4138113_HNSCC_2_TIL_AGCATACTCACAGTAC	166.42637831861333	217.52484757443355	0.0	144.57208463837952	124.95400399918884	62.910551920410825	0.0	0.0	0.0	0.0	0.0	27.81774699937495	111.08141758798337	0.0	0.0
GSM4138113_HNSCC_2_TIL_CCACTACAGTTCGCGC	179.00357607055196	142.0875183572261	0.0	97.99924152795268	46.46330479932457	47.20008902591367	117.1597207744646	0.0	0.0	0.0	0.0	7.240607676283732	0.0	0.0	0.0
GSM4138113_HNSCC_2_TIL_CGATTGAGTATATGGA	165.140351661408	125.65694301780199	0.0	117.89457792417791	94.64503128172309	57.30886132820448	98.32395321676549	0.0	0.0	0.0	0.0	21.253683553803555	0.0	0.0	0.0
GSM4138113_HNSCC_2_TIL_CTCGTACCACCGATAT	141.3062499036767	111.69477658342045	0.0	152.02122199088274	111.8388670848878	73.03971421317041	0.0	0.0	0.0	0.0	0.0	16.033407432077272	52.7321844178198	0.0	0.0
GSM4138113_HNSCC_2_TIL_CTGTTTATCAACACGT	150.27368255084968	174.37377100693308	0.0	140.457996656047	56.17216340356946	35.67828843156669	0.0	0.0	0.0	0.0	112.89896381852456	32.205957051876105	0.0	0.0	0.0
GSM4138113_HNSCC_2_TIL_CTTCTCTTCTCTGTCG	112.19433635716369	175.97299050737018	0.0	0.0	52.57591151019146	37.03452083395277	0.0	20.58443287972539	130.59244664849706	0.0	34.91118938455545	23.92628719212836	0.0	0.0	0.0
GSM4138113_HNSCC_2_TIL_GAATAAGGTTAAGAAC	142.4258591242122	148.4900207892715	0.0	141.45955402514332	55.12845611465209	58.41922791058102	0.0	0.0	0.0	0.0	107.66285145943378	40.57082174772743	0.0	0.0	0.0
GSM4138113_HNSCC_2_TIL_GATCGATCATGTTGAC	175.3776259338456	161.17862405328688	0.0	186.31220644615095	69.67694309425039	77.75835462116542	0.0	0.0	0.0	0.0	0.0	37.9672910203838	90.53574108738941	0.0	0.0
GSM4138113_HNSCC_2_TIL_TCCACACTCTTGTACT	113.91132176274553	147.37413117177485	0.0	0.0	56.758797364804856	28.557370034902167	44.054870134679675	0.0	122.34336754036879	0.0	65.43479025444992	44.88144753922869	0.0	0.0	0.0
GSM4138113_HNSCC_2_TIL_TCTTCGGAGATGTCGG	155.41250497653613	127.31871800819289	0.0	88.93268085126816	112.60996505392977	88.41023781311753	81.13144447860418	0.0	0.0	49.18445010716316	0.0	0.0	0.0	0.0	0.0
GSM4138113_HNSCC_2_TIL_TTCGAAGAGTACCGGA	232.28469184605453	168.50234967844335	0.0	103.64251324970944	59.25561719588654	81.65551696789764	0.0	0.0	0.0	0.0	95.3592905368265	32.83117841047573	0.0	0.0	0.0
GSM4138113_HNSCC_2_TIL_AAACCTGTCTGATTCT	205.76750531507548	143.90672242313707	0.0	83.21175665731354	94.80126617227243	48.03420854121358	0.0	0.0	85.77879928835569	0.0	103.98323499061144	46.73498856448942	0.0	0.0	0.0
GSM4138113_HNSCC_2_TIL_AAGCCGCGTCGACTAT	111.21018502866028	50.35968264087459	0.0	69.58395976058708	27.778306680911026	32.69847221557141	17.69813181882383	0.0	0.0	0.0	19.00176830928551	8.953609914550771	0.0	0.0	0.0
GSM4138113_HNSCC_2_TIL_AATCGGTGTCCGACGT	153.5069953631524	138.2163353189178	0.0	149.21830551032548	17.18569416009552	57.53380571259722	74.58197068635306	0.0	0.0	24.269858398279638	0.0	0.0	0.0	0.0	0.0
GSM4138113_HNSCC_2_TIL_AGTTGGTGTCTTTCAT	152.23169126905196	82.88322619893084	0.0	88.93617923118897	34.47735726590281	20.63772093293402	80.57359458890598	0.0	0.0	0.0	0.0	13.529742551872577	0.0	0.0	0.0
GSM4138113_HNSCC_2_TIL_ATCACGAAGAGAGCTC	112.44672453360434	76.53162239128977	0.0	142.62202066155623	58.9853956474574	2.6751505741907113	0.0	0.0	0.0	0.0	106.46950298252209	11.506195891027472	0.0	0.0	0.0
GSM4138113_HNSCC_2_TIL_ATCATGGGTAGCAAAT	149.45273671701585	113.68733163480185	0.0	111.93600302555376	113.89770636599296	56.82253786600745	62.80969266042901	0.0	0.0	0.0	0.0	27.38494716382483	0.0	0.0	0.0
GSM4138113_HNSCC_2_TIL_ATTTCTGCAAGGACAC	202.2011866615436	176.56060598608215	0.0	116.1971393537063	67.9644936509749	5.954143953787416	0.0	0.0	0.0	0.0	70.58692236096178	2.300618993018548	0.0	0.0	0.0
GSM4138113_HNSCC_2_TIL_CACAGGCGTCGACTAT	99.93286195486367	63.53127942569878	0.0	0.0	17.040272050003423	17.478217807351996	113.77266772205962	0.0	49.50298053176481	0.0	0.0	6.518432128087201	0.0	0.0	0.0
GSM4138113_HNSCC_2_TIL_CACAGGCTCGTACCGG	140.24676253543961	102.8487730115728	0.0	63.00145407575515	57.02134452410663	26.59237611602147	103.48057089794816	0.0	75.0158640460559	0.0	0.0	25.041316041539243	0.0	0.0	0.0
GSM4138113_HNSCC_2_TIL_CACAGTACAAGTCTGT	113.54761177602978	94.72347022130113	0.0	77.41199795026527	31.123301995313625	17.07218479812819	52.18637981992795	0.0	0.0	7.252888044710187	0.0	0.0	0.0	0.0	0.0
GSM4138113_HNSCC_2_TIL_CACTCCACATGTAAGA	152.53544626384675	140.94306048852886	0.0	112.67062913274344	25.942341667564722	24.896731254292284	0.0	0.0	0.0	0.0	73.7292541737774	21.390896013934878	0.0	0.0	0.0
GSM4138113_HNSCC_2_TIL_CAGAATCCATGGGACA	152.95346948264347	95.5731839104117	0.0	126.29364023222082	8.536148450913515	19.691947197521095	0.0	0.0	0.0	0.0	67.98750832375985	6.59146077635338	0.0	0.0	0.0
GSM4138113_HNSCC_2_TIL_CAGAATCTCATGCATG	115.01910171857824	162.613829153187	0.0	75.37618506513725	64.32587852771356	0.0	65.28758135702515	0.0	0.0	13.316226570897989	0.0	0.0	0.0	0.0	0.0
GSM4138113_HNSCC_2_TIL_CAGGTGCAGACGCACA	108.4627630726418	61.89547212134188	0.0	54.635493226636186	36.30036985906757	37.12531277003472	0.0	0.0	33.287599753576814	17.86155853421444	0.0	0.0	86.01921005878084	0.0	0.0
GSM4138113_HNSCC_2_TIL_CAGTCCTCAACTGCTA	143.27870601877407	144.28580457853266	0.0	169.75677223464865	41.62859769348947	123.10424696743912	0.0	0.0	0.0	67.5031722382422	0.0	0.0	64.06453475830392	0.0	0.0
GSM4138113_HNSCC_2_TIL_CATCGAAAGGCATTGG	164.9615239068945	74.48024052115836	0.0	94.39298572028824	94.7809128793994	67.83346186076548	46.57353827155415	0.0	0.0	0.0	0.0	10.475890241858655	0.0	0.0	0.0
GSM4138113_HNSCC_2_TIL_CCATTCGTCTGAGGGA	166.43945901530572	105.4248213306513	0.0	129.2565599265387	0.0	38.125168803769874	0.0	0.0	0.0	15.08043303162811	0.0	0.0	99.44361684396397	0.0	0.0
GSM4138113_HNSCC_2_TIL_CCCTCCTTCGCGATCG	237.55170969437754	107.4441570209496	0.0	136.40729378805668	16.72385282897607	10.88156762748651	7.926600966989815	0.0	0.0	0.0	0.0	18.90555332293629	8.320183251305208	0.0	0.0
GSM4138113_HNSCC_2_TIL_CCTAGCTGTTCAGACT	159.796467269683	0.0	127.87756546762834	114.50344170448689	21.24812197612312	20.92385459106359	0.0	9.805838401917248	0.0	0.0	106.31168695676423	19.92261047508517	0.0	0.0	0.0
GSM4138113_HNSCC_2_TIL_CCTTCCCTCCACGTGG	75.74247417128012	97.39622571336506	0.0	0.0	46.6470435050432	45.01212462952264	58.1918551481039	0.0	124.90464965765857	13.942449280896932	0.0	0.0	0.0	0.0	0.0
GSM4138113_HNSCC_2_TIL_CGTCAGGGTGGTGTAG	148.72164633679748	91.71286372767945	0.0	88.90976306812904	42.7562714005754	16.48659046244727	23.1879332413867	0.0	0.0	7.115093698849451	0.0	0.0	76.66578334505279	0.0	0.0
GSM4138113_HNSCC_2_TIL_CTGCCTAGTATAAACG	160.06865981143497	124.89909574831965	0.0	121.5085928237747	55.19282201166206	26.829612948546533	81.49646608931867	0.0	0.0	0.0	0.0	29.32047904350764	0.0	0.0	0.0
GSM4138113_HNSCC_2_TIL_CTGTGCTAGAAAGTGG	142.33167100988243	91.43067357589179	0.0	0.0	70.49070331012287	51.12451912006883	49.879224782057065	0.0	91.66843849214067	4.059918252152746	0.0	1.8533522921722718	0.0	0.0	0.0
GSM4138113_HNSCC_2_TIL_CTGTTTAAGTTACCCA	129.93328924064656	111.8205633871017	0.0	86.88045581054806	60.80317417069463	26.291612375148954	0.0	0.0	0.0	24.12096440321748	0.0	0.0	67.7639321237623	0.0	0.0
GSM4138113_HNSCC_2_TIL_CTTACCGCATTGAGCT	194.36827963092003	156.95767180604872	0.0	0.0	156.20060381362848	70.7383933811669	103.44776687777147	0.0	172.818543140077	0.0	0.0	39.30624081803647	0.0	0.0	0.0
GSM4138113_HNSCC_2_TIL_GAAGCAGGTACAGTGG	170.60000104865264	180.58967485331982	0.0	140.47947340962943	68.82498195726826	37.782410034265936	50.92341315678394	0.0	0.0	0.0	0.0	18.24885445211948	0.0	0.0	0.0
GSM4138113_HNSCC_2_TIL_GACGTGCGTATTAGCC	193.96448265297775	147.4121299591261	0.0	131.58501258485788	46.75425761018806	16.489992522448695	122.2157754129299	0.0	5.946613456861872	0.0	0.0	2.416474538588789	0.0	0.0	0.0
GSM4138113_HNSCC_2_TIL_GACGTGCTCGGATGTT	140.4196783496007	85.79338405432568	0.0	75.6652035986025	56.22984427748155	41.5465840574031	91.01392324043242	0.0	0.0	0.0	0.0	32.80379294155159	0.0	0.0	0.0
GSM4138113_HNSCC_2_TIL_GAGCAGAAGACTACAA	127.73134168152055	120.82049038777973	0.0	104.17671332753909	39.64703866711713	52.87230900221451	0.0	0.0	0.0	42.9571647084506	0.0	0.0	149.89992823292195	0.0	0.0
GSM4138113_HNSCC_2_TIL_GAGTCCGAGCAATCTC	127.88940806937681	81.03695719596065	0.0	68.03273677193648	8.553265840024803	14.667167251383201	55.25894252780646	0.0	123.57564975869423	9.041135943187287	0.0	0.0	0.0	0.0	0.0
GSM4138113_HNSCC_2_TIL_GCGCGATAGGCTACGA	184.4263486377035	121.13781563161474	0.0	31.58359999469086	56.72072909537713	25.256785475349435	0.0	0.0	21.601618126048987	0.0	0.0	35.620930781797924	0.0	56.72932202791677	55.261350525834935
GSM4138113_HNSCC_2_TIL_GCTGCTTCAGTTCATG	128.84158997666287	68.84690476184329	0.0	0.0	47.71373734680869	23.627599427718074	0.0	0.0	57.23187481405022	0.0	69.93383091491765	7.652334591191325	0.0	0.0	0.0
GSM4138113_HNSCC_2_TIL_GGCGACTGTAAGTGTA	207.62597472391556	204.82527832343695	0.0	151.4667121281057	53.43663833893064	52.812233963812105	102.23434829580438	0.0	0.0	0.0	17.56616787744803	37.191074364926344	0.0	0.0	0.0
GSM4138113_HNSCC_2_TIL_GGCTGGTTCCAAACTG	137.2148381719901	64.47826740535166	0.0	88.37156688190623	82.99826704736624	49.44831989818807	81.78602202543692	0.0	0.0	0.0	0.0	0.0	0.0	0.0	0.0
GSM4138113_HNSCC_2_TIL_GGGTTGCTCCTTGGTC	122.69736412950414	143.8615708615002	0.0	165.95618742805192	99.14301730743266	51.183720009478066	1.523810837861543	0.0	0.0	0.0	43.71101620687068	14.100178724150917	50.97033890079743	0.0	0.0
GSM4138113_HNSCC_2_TIL_GTAACTGTCTGGTTCC	148.83829329224804	144.59569608117272	0.0	152.98937662475805	50.94381714878584	39.67964622581416	85.79491643566867	0.0	0.0	0.0	0.0	35.046025650244474	0.0	0.0	0.0
GSM4138113_HNSCC_2_TIL_GTCACGGGTCCGTGAC	179.56095795029202	136.38772380951266	0.0	149.7729493356372	86.4124614860263	28.52698464492244	0.0	0.0	0.0	0.0	88.05189442619995	20.390514468055166	0.0	0.0	0.0
GSM4138113_HNSCC_2_TIL_GTTAAGCCATGCAACT	138.3589016136665	118.3141353933679	0.0	73.50399713481511	45.87714072082311	60.78507108026093	0.0	0.0	0.0	0.0	50.072677817182516	14.158795913987609	0.0	0.0	0.0
GSM4138113_HNSCC_2_TIL_TAGAGCTTCCGTTGCT	178.94217986430021	174.04861539989372	0.0	60.89379956867381	32.23624467090072	67.71085429444629	54.74732575504361	0.0	55.275026100122986	0.0	0.0	14.13149517782387	0.0	0.0	0.0
GSM4138113_HNSCC_2_TIL_TATCAGGAGAACTGTA	262.52759667360385	249.73833028145458	0.0	223.38177931865695	50.65179423465201	87.13252309446918	166.1565901616738	0.0	0.0	0.0	0.0	45.95059216443184	0.0	0.0	0.0
GSM4138113_HNSCC_2_TIL_TATCAGGTCGGTCCGA	195.83854995086077	0.0	139.554069703142	102.45420835656144	18.547484936625946	25.36404525963838	0.0	0.0	2.5426258386417024	0.0	67.7799317922073	12.063442492476625	0.0	0.0	0.0
GSM4138113_HNSCC_2_TIL_TCACAAGAGAGTGAGA	118.00727445182041	55.47173289207307	0.0	96.28775869653485	26.541138051755013	27.040910060479124	0.0	0.0	0.0	0.0	179.49504783446827	0.0	0.0	0.0	0.0
GSM4138113_HNSCC_2_TIL_TGCCCATAGAAAGTGG	143.10533391704612	102.61998595004857	0.0	0.0	31.14166381423601	1.2530372749824445	96.77062556484198	0.0	96.98103588186613	15.02212582459931	0.0	0.0	0.0	0.0	0.0
GSM4138113_HNSCC_2_TIL_TGTATTCTCAAGGCTT	221.20152700832216	158.55491590163132	0.0	103.41764145259114	49.29699435154461	27.898697826414836	142.43983104561698	0.0	74.60384741517237	0.0	0.0	15.057556203017645	0.0	0.0	0.0
GSM4138113_HNSCC_2_TIL_TGTGTTTAGAGCTTCT	117.38454973792668	121.37881476822857	0.0	91.83412218800979	20.439364275251986	59.540053916183496	55.25942284010947	0.0	27.991457958763682	0.0	41.437815570525146	31.01706193560159	46.75088863009003	0.0	0.0
GSM4138113_HNSCC_2_TIL_TTGGCAATCCAAACTG	146.84176520978372	123.47609542805078	0.0	94.47596154616042	52.31601861299438	17.07860036356734	65.43583127926584	0.0	11.13627616682494	0.0	0.0	4.789185707323481	0.0	0.0	0.0
GSM4138113_HNSCC_2_TIL_TTTCCTCCAAGCCCAC	165.9340001257201	156.05171159807782	0.0	0.0	9.471366143950652	27.43149139610766	26.328553676662725	0.0	151.40376032814086	0.0	45.2803905742676	8.066808248805955	0.0	0.0	0.0
GSM4138113_HNSCC_2_TIL_CGAGAAGAGAAACGCC	155.48074059213837	129.33860614131797	0.0	470.4650918120411	85.57807844961239	0.13286350815450665	0.0	0.0	0.0	0.0	128.83644168184998	0.0	0.0	0.0	0.0
GSM4138113_HNSCC_2_TIL_CTAGAGTCACTAGTAC	213.86939632520293	248.44222007402593	0.0	17.012676637574824	75.5363813368652	69.63340547002707	160.78974251458666	0.0	179.6582718142164	0.0	0.0	38.61786400928784	0.0	0.0	0.0
GSM4138113_HNSCC_2_TIL_GTTCTCGCAATCGAAA	0.0	0.0	0.0	2531.644605457055	0.0	0.0	0.0	0.0	0.0	0.0	0.0	0.0	0.0	1997.071702891729	0.0
GSM4138113_HNSCC_2_TIL_TCATTTGCACTATCTT	131.72318385787776	80.76519452086919	26.095764093686526	0.0	342.4777086932296	31.166349093946728	0.0	0.0	0.0	0.0	0.0	19.846110890783038	0.0	655.2643194530656	106.441920266983
GSM4138113_HNSCC_2_TIL_CGTCAGGAGTCAAGCG	182.67944160336953	165.6421607039601	0.0	134.75510422612652	42.823823950799536	46.35746375798864	70.2506043875426	0.0	0.0	0.0	0.0	21.463428698560556	0.0	0.0	0.0
GSM4138113_HNSCC_2_TIL_TCATTTGGTTTGCATG	115.28284099418444	88.25442741438518	0.0	74.96288729332375	94.35342309205299	26.086235822180466	54.04103751833752	0.0	0.0	0.0	0.0	16.38554269401988	0.0	0.0	0.0
GSM4138113_HNSCC_2_TIL_TGACGGCGTCCCTACT	201.49929735709472	221.48078401790812	0.0	141.75021768193216	86.78668987281998	33.24839244664547	2.81646221360808	0.0	0.0	0.0	77.08131682790396	37.596332241308325	0.0	0.0	0.0
GSM4138113_HNSCC_2_TIL_ACGCCGAGTACTTCTT	120.35264933543223	97.83496587825185	0.0	73.98015318862295	62.77593834525269	28.371908510741722	84.02434079456407	0.0	44.46305563954189	0.0	0.0	9.581472058331194	0.0	0.0	0.0
GSM4138113_HNSCC_2_TIL_CAGGTGCGTAGCGCTC	108.65588890608466	91.80681333229694	0.0	75.03683118239066	28.29341177572194	35.77843745768042	0.0	0.0	0.0	0.0	0.0	3.726368662172721	97.97221662248646	0.0	0.0
GSM4138113_HNSCC_2_TIL_TGAGCCGGTTACGGAG	175.10124740206604	313.7111198202204	0.0	397.1294387435136	246.42832580980112	153.87335321082358	0.0	0.0	0.0	46.22999861818575	0.0	0.0	303.1304250507597	0.0	0.0
GSM4138113_HNSCC_2_TIL_TGGCTGGTCGTCCAGG	132.1850676034819	125.64484153440489	0.0	138.45993718019534	32.477548588646314	22.762350922106954	78.80984902667672	0.0	0.0	30.76293174823955	0.0	0.0	0.0	0.0	0.0
GSM4138113_HNSCC_2_TIL_CCTTCGATCGTGGTCG	202.6849718724456	202.36713211411418	0.0	156.28922176216224	40.204136845265936	38.27674986019242	0.0	0.0	0.0	0.0	117.70127605482952	54.260484110446676	37.19439878187595	0.0	0.0
GSM4138113_HNSCC_2_TIL_CGACTTCGTTTGACTG	67.75568309304987	89.48825961538337	0.0	91.95169298409586	56.6726026800354	39.12414691964841	40.99921364662201	0.0	0.0	0.0	0.0	15.991123458457036	43.81928307376285	0.0	0.0
GSM4138113_HNSCC_2_TIL_GCTTCCATCTCTTGAT	93.4598330353739	127.33145165259134	0.0	0.0	87.1251734058084	26.34734168883271	108.52067434146502	0.0	59.819877586167756	0.0	0.0	16.377866888663394	0.0	0.0	0.0
GSM4138113_HNSCC_2_TIL_TAGTTGGTCCAAGCCG	195.59280668581997	81.27353493766253	0.0	105.85110968254413	63.49333000839895	43.03805139671854	60.04699287850481	0.0	0.0	19.79493935986073	0.0	0.5454327379660139	0.0	0.0	0.0
GSM4138113_HNSCC_2_TIL_CGCGGTACAAGTTGTC	735.0890108104932	298.11200535754153	0.0	348.6786053037919	173.56870635704098	145.49021744378953	0.0	0.0	0.0	0.0	211.58694736655727	81.8959627532079	0.0	0.0	0.0
GSM4138113_HNSCC_2_TIL_GGATGTTCACCAGGCT	457.7112682722082	0.0	40.284219586583454	61.253272941130085	49.64855189046777	4.0784927866512914	0.0	0.0	0.0	10.898887885387802	0.0	0.0	0.0	0.0	55.24941750771511
GSM4138113_HNSCC_2_TIL_ACCCACTGTTTAAGCC	61.344225413784066	256.3180003411912	0.0	204.1933296930639	40.096638121173655	90.27712845580545	181.8903990981684	0.0	0.0	0.0	0.0	15.291135898764587	0.0	0.0	0.0
GSM4138113_HNSCC_2_TIL_ACGATGTTCATTCACT	152.73560697044644	167.52027241646354	0.0	220.130809033879	27.21111744222625	66.28679455644559	135.09489833656485	0.0	0.0	17.847634119807562	0.0	0.0	0.0	0.0	0.0
GSM4138113_HNSCC_2_TIL_ATCCACCTCTTGTACT	200.00408003113063	374.4063308506498	0.0	0.0	196.01634332971435	83.25954439401625	236.88072157529015	0.0	321.5507673941472	33.71261245038325	0.0	0.0	0.0	0.0	0.0
GSM4138113_HNSCC_2_TIL_CATCGGGAGAAAGTGG	117.27620932572452	358.40324458077356	0.0	412.2398756333934	173.4708947402512	46.38025836913885	247.7124651342846	0.0	0.0	46.364736114040554	0.0	0.0	0.0	0.0	0.0
GSM4138113_HNSCC_2_TIL_CGAATGTGTCGGCATC	140.66131370283122	371.2888790328663	0.0	0.0	44.97214361748422	99.46681227842718	144.75389427663694	0.0	235.36818659999201	0.0	0.0	30.470827833141623	0.0	0.0	0.0
GSM4138113_HNSCC_2_TIL_GGACAGACAGCGATCC	198.80875959112205	348.2999447222258	0.0	247.6656822540016	88.11274964611053	106.05711097036037	241.78654038178982	0.0	0.0	60.7038437613525	0.0	0.0	0.0	0.0	0.0
GSM4138113_HNSCC_2_TIL_GTAACTGAGACTACAA	227.6173028180652	274.33424449442157	0.0	0.0	0.0	77.2270833962784	133.0298610337597	0.0	0.0	0.0	0.0	22.82517269192915	0.0	221.15758638465292	0.0
GSM4138113_HNSCC_2_TIL_GTCACAAGTGAAAGAG	159.15713674234826	400.0134653665573	0.0	251.00575985732678	83.37802990326458	161.01097480039286	131.77283936858555	0.0	0.0	44.47990727213195	0.0	0.0	0.0	0.0	0.0
GSM4138113_HNSCC_2_TIL_TCGCGAGGTCGCGGTT	212.81231875205	333.9439400798673	0.0	347.88405074929557	52.57053482900027	48.31558189729103	189.31595412224576	0.0	0.0	41.66284747865475	0.0	0.0	0.0	0.0	0.0
GSM4138113_HNSCC_2_TIL_TGACAACGTCTCTCGT	216.69734864661106	303.80970745785396	0.0	214.37996338416974	68.14490159932366	75.51369890084462	156.79692129189363	0.0	0.0	0.0	0.0	42.874372039856176	0.0	0.0	0.0
GSM4138113_HNSCC_2_TIL_TTTACTGTCTAGAGTC	212.15862839863178	0.0	0.0	0.0	131.65210473182685	143.1463068135981	248.2013473576774	458.91502090074937	334.447529508681	30.99526343718193	0.0	0.0	0.0	0.0	0.0
GSM4138113_HNSCC_2_TIL_AAACGGGAGTAAGTAC	0.0	0.0	366.94009674576563	0.0	0.0	0.0	0.0	824.3709280829784	75.73352062143573	0.0	6.354054383955965	16.47586630321923	0.0	0.0	0.0
GSM4138113_HNSCC_2_TIL_ACACCGGAGAATGTTG	31.916179473812573	286.75431755525386	227.26886204737124	0.0	0.0	21.771671736095175	0.0	308.6752219133916	0.0	0.0	34.263574083658845	0.0	0.0	25.812638981080724	0.0
GSM4138113_HNSCC_2_TIL_ACACCGGTCCGCATAA	34.47643511532602	0.0	160.25124301052637	0.0	0.0	0.0	0.0	779.7957047121321	0.0	0.0	18.680425110542018	0.0	0.0	0.0	0.0
GSM4138113_HNSCC_2_TIL_ACATGGTAGCAGACTG	13.598550245771905	1013.4523617720457	176.31375964733732	131.22791816373788	239.96452905423646	0.0	0.0	0.0	0.0	10.534965443095352	0.0	0.0	84.04145479213707	0.0	0.0
GSM4138113_HNSCC_2_TIL_ACGTCAAGTTATCGGT	102.1200177786295	198.7500722967165	956.6035310734658	0.0	124.41198448589694	43.52494789497203	0.0	14.448711730635182	45.80309071567231	0.0	16.186566845361416	18.433702875889573	0.0	30.332719340146614	0.0
GSM4138113_HNSCC_2_TIL_ACTGAACGTAGCGCTC	0.1659335082675646	220.08002772564313	425.3902674592756	0.0	0.0	8.631615405293868	0.0	163.2528675497595	0.0	0.0	48.509876389368365	3.140349382496212	0.0	36.105003382971994	0.0
GSM4138113_HNSCC_2_TIL_AGCATACGTCGTCTTC	0.0	0.0	1179.1376254609283	0.0	0.0	0.0	0.0	315.7890946612673	0.0	0.0	0.0	0.0	0.0	0.0	0.0
GSM4138113_HNSCC_2_TIL_AGCCTAATCGCGTTTC	0.0	0.0	1417.2906756053628	0.0	0.0	19.73087167007317	0.0	0.0	0.0	0.0	0.6800440794362255	0.0	0.0	0.0	0.0
GSM4138113_HNSCC_2_TIL_ATTGGACCAACGCACC	8.094485315794955	0.0	1326.780557985933	0.0	0.0	16.088165862261466	0.0	0.0	0.0	0.0	37.46615971827449	0.0	0.0	0.0	0.0
GSM4138113_HNSCC_2_TIL_CACAGGCGTTCCTCCA	0.0	0.0	52.069271249510855	0.0	22.032273206500086	5.550136354409318	0.0	1363.5594340313542	0.0	0.0	0.0	0.0	0.0	2.4771796804554236	0.0
GSM4138113_HNSCC_2_TIL_CAGCGACAGTACGCCC	0.0	0.0	890.2987589604928	0.0	0.0	0.0	0.0	123.99220281389327	0.0	0.0	19.172050010595783	0.0	0.0	0.0	0.0
GSM4138113_HNSCC_2_TIL_CATGCCTCACTGAAGG	64.39211436836801	486.86265933749456	331.6578884416051	0.0	0.0	0.0	0.0	551.9565064800964	0.0	0.0	0.0	0.0	0.0	0.0	0.0
GSM4138113_HNSCC_2_TIL_CCAATCCCAGATGGGT	34.20641670882275	0.0	441.34658298100317	0.0	14.836362050078918	32.53718958300076	0.0	0.0	62.07051466049958	0.0	41.066486687377314	0.0	0.0	0.0	0.0
GSM4138113_HNSCC_2_TIL_CCACGGAGTACCGTAT	30.20113325730138	365.3050350702254	0.0	0.0	0.0	0.0	0.0	411.66261798686014	58.41518882567143	0.0	26.320753867264074	0.0	0.0	0.0	0.0
GSM4138113_HNSCC_2_TIL_CCGGGATGTCGCATAT	0.0	462.5722627519343	966.5591056357977	0.0	0.0	0.0	0.0	0.0	0.0	0.0	0.0	10.363371318042834	0.0	0.0	0.0
GSM4138113_HNSCC_2_TIL_CGATGTAGTCATTAGC	0.0	89.21702465276745	1027.3863732368889	0.0	0.0	13.2899299571879	0.0	135.55239607680033	0.0	0.0	0.0	0.0	0.0	0.0	0.0
GSM4138113_HNSCC_2_TIL_CTACACCAGGTCATCT	11.817069066304041	0.0	0.0	0.0	42.72777848673192	0.0	0.0	890.610938715916	0.0	0.0	0.0	0.0	0.0	0.0	0.0
GSM4138113_HNSCC_2_TIL_CTAGTGATCACGACTA	10.866964820206206	0.0	1279.5673102340518	0.0	2.5285282416680244	2.8549145154722337	0.0	0.0	0.0	0.0	0.0	0.0	0.0	51.565335880682134	0.0
GSM4138113_HNSCC_2_TIL_CTGCTGTAGTGCTGCC	4.969807932648118	0.0	210.54447842679664	0.0	38.632680869998914	0.0	0.0	734.0785951470384	0.0	1.4403327610726908	0.0	0.0	0.0	0.0	8.039414483254705
GSM4138113_HNSCC_2_TIL_GACGTGCCACATCTTT	63.71797324090722	0.0	990.5522496260967	0.0	0.0	23.498991348428163	0.0	508.1764599600383	0.0	0.0	0.0	8.557553582471078	0.0	0.0	0.0
GSM4138113_HNSCC_2_TIL_GATCTAGGTGGCTCCA	0.0	0.0	601.2699782277548	0.0	3.9463015098236065	11.48367620809222	0.0	86.62846496620656	0.0	0.0	59.51383313763283	0.0	0.0	0.0	0.0
GSM4138113_HNSCC_2_TIL_GCCAAATCAGCCTATA	12.378746219641222	496.4237690913204	130.22622025552556	120.5882491411661	0.0	38.73205843643471	0.0	0.0	0.0	0.0	19.88532541077241	11.983717715651492	0.0	0.0	0.0
GSM4138113_HNSCC_2_TIL_GCGCAGTGTCTTGATG	0.0	234.4711650545666	456.8596126644981	30.64624420859169	20.880371708201867	11.681216494996107	50.927427123540916	0.0	0.0	0.0	0.0	0.0	0.0	0.0	0.0
GSM4138113_HNSCC_2_TIL_GGACAAGTCCTCAATT	35.185765418903806	823.662009190114	444.54502850297314	259.2071619694942	57.55919365943137	2.7014924082228062	0.0	0.0	0.0	25.192312509078683	27.14434775877053	0.0	0.0	0.0	0.0
GSM4138113_HNSCC_2_TIL_GGGTCTGAGCTATGCT	0.0	449.0043839195362	613.1566827312472	0.0	0.0	53.630396490097226	0.0	0.0	0.0	0.0	0.0	19.813841703821673	0.0	24.52019721919378	0.0
GSM4138113_HNSCC_2_TIL_GTAGGCCAGCACCGCT	0.0	0.0	1091.4241836746228	0.0	26.32509230213911	36.813053097289554	0.0	0.0	0.0	0.0	21.43269262437571	0.0	0.0	32.05677506023254	0.0
GSM4138113_HNSCC_2_TIL_GTCAAGTTCCGCAAGC	19.47637963261145	0.0	1343.887730461114	0.0	4.008366047915675	3.587805792563156	0.0	0.0	0.0	0.0	23.784560313380048	2.965384835100695	0.0	0.0	0.0
GSM4138113_HNSCC_2_TIL_GTTACAGAGGCCGAAT	0.0	0.0	707.8075138187368	0.0	7.334333151617712	0.0	0.0	657.3212763492138	4.683244345839358	0.0	3.701215573222229	0.0	0.0	0.0	0.0
GSM4138113_HNSCC_2_TIL_TAGAGCTCAGATGGCA	53.247835324096606	232.60582097846313	1289.7323560075927	0.0	58.820023708501395	65.51166639298886	0.0	0.0	0.0	0.0	65.96941430881766	23.027611686981718	0.0	32.638792544343524	0.0
GSM4138113_HNSCC_2_TIL_TAGCCGGTCAAAGTAG	6.237859602742415	475.9098934879549	0.0	15.789696666497555	0.0	0.0	0.0	690.3901939864543	28.036799237739586	0.0	0.0	12.752674371684824	0.0	0.0	0.0
GSM4138113_HNSCC_2_TIL_TCAGCAATCCTTGGTC	38.95001690674175	665.7269348733312	0.0	0.0	41.4164149979243	58.52509070659574	54.40986233981342	0.0	0.0	0.0	0.0	0.0	0.0	0.0	0.0
GSM4138113_HNSCC_2_TIL_TCGAGGCCATATACCG	15.675893229530974	0.0	779.7426641927381	186.0866592216109	38.85764278151984	53.9986699259058	0.0	0.0	0.0	59.36951845132116	0.0	0.0	74.98939788593681	0.0	0.0
GSM4138113_HNSCC_2_TIL_TCTTTCCCAGATCGGA	31.865188830321273	969.623468452285	0.0	153.00030078193274	298.4625115160875	19.820055181217725	0.0	0.0	0.0	14.59993613356082	0.0	0.0	26.7670155826404	0.0	0.0
GSM4138113_HNSCC_2_TIL_TCTTTCCGTCCATGAT	31.16448682381225	103.55470623886097	949.7593340814211	0.0	19.64257777873052	31.49103598581287	0.0	177.45772586155016	0.0	0.0	0.0	28.66369459065906	0.0	8.056327292340578	0.0
GSM4138113_HNSCC_2_TIL_TGAGCCGTCTCGCTTG	20.591284181194574	84.26021638955632	958.0240329050836	0.0	5.035338947557916	0.0	0.0	0.0	0.0	0.0	20.112675249528287	14.660150620914585	0.0	34.586405078592634	0.0
GSM4138113_HNSCC_2_TIL_TTAACTCCACGGTAAG	0.0	23.23495057596279	807.0514697787288	0.0	17.84519497447027	0.0	27.246180461534422	0.0	0.0	0.0	0.0	21.868857491157343	0.0	0.0	0.0
GSM4138113_HNSCC_2_TIL_GCACATAGTGCTCTTC	270.1220165666607	0.0	154.90812179398534	0.0	49.22748435752128	66.5065785158818	0.0	0.0	55.2230090554449	0.0	0.0	27.226894672021007	55.304146969607075	0.0	0.0
GSM4138113_HNSCC_2_TIL_AACTGGTAGCCACGTC	281.6745236489693	0.0	258.6094563789058	0.0	202.05157627138496	323.95990122170423	199.2129728243021	0.0	0.0	45.386380181805514	0.0	0.0	0.0	246.86864234493058	0.0
GSM4138113_HNSCC_2_TIL_ATCTGCCAGACTAGGC	213.59877682415058	0.0	205.21443818199893	0.0	100.96296555762098	99.57563628377375	0.0	0.0	87.03843237308764	0.0	0.0	45.63454172583642	79.6356947762547	0.0	0.0
GSM4138113_HNSCC_2_TIL_CAACCTCTCCTACAGA	339.1044407531662	321.61012722852564	0.0	0.0	129.4735403991574	101.23250330130743	300.7539798694323	0.0	234.44953219653925	0.0	0.0	85.28035079677565	0.0	0.0	0.0
GSM4138113_HNSCC_2_TIL_CAAGGCCGTAGAGCTG	197.7428531349171	0.0	160.34444803974785	0.0	125.52719856534618	346.20809486208464	0.0	0.0	68.07206355074496	0.0	31.89036338425555	55.16105000144633	149.63754032221377	0.0	0.0
GSM4138113_HNSCC_2_TIL_CACACTCCACAACGCC	42.55365586368924	103.55686171194789	0.0	148.6645916347576	179.98109102537944	109.84084183846423	0.0	0.0	0.0	20.30091222280305	0.0	0.0	139.94271755503507	0.0	0.0
GSM4138113_HNSCC_2_TIL_CTCGGGACACTGAAGG	490.3368584071568	0.0	366.4632902856326	0.0	121.33063658360129	191.59917223179144	0.0	0.0	295.25611399799703	0.0	0.0	88.55135859641017	199.2287915134455	0.0	0.0
GSM4138113_HNSCC_2_TIL_CTTGGCTGTTCGCTAA	204.8973818860857	0.0	216.0764324345537	0.0	68.75148829674767	136.07155579260473	0.0	0.0	0.0	0.0	14.599785932904876	25.435544287561623	35.20177056083982	113.20229411208744	0.0
GSM4138113_HNSCC_2_TIL_GACCAATGTTACGACT	0.0	0.0	0.0	0.0	0.0	3000.743917751433	0.0	0.0	0.0	0.0	0.0	0.0	0.0	0.0	0.0
GSM4138113_HNSCC_2_TIL_GCGGGTTCAGCGTCCA	562.5528287856523	0.0	0.0	0.0	123.33565787964862	145.40349445960322	0.0	370.33973383281545	0.0	0.0	243.51471425283927	73.24804372717723	0.0	210.1523947695155	0.0
GSM4138113_HNSCC_2_TIL_GTAGGCCAGTCGTACT	309.91649195239853	0.0	193.8198457447287	0.0	50.13160034257976	170.49049514697467	0.0	0.0	131.70492232062477	0.0	185.70881144345248	74.67550723288372	0.0	0.0	0.0
GSM4138113_HNSCC_2_TIL_GTGAAGGGTAGAAGGA	260.08117512552235	274.8548563376442	0.0	0.0	98.34021349080774	140.45650477252434	122.77735847899434	0.0	131.3396568598783	0.0	0.0	35.416164703258126	0.0	0.0	0.0
GSM4138113_HNSCC_2_TIL_GTTACAGCATAGGATA	349.56516051281193	137.63408943330404	0.0	191.22014101556084	89.15330720507104	228.3715209809055	134.55611875611754	0.0	0.0	17.97022417975005	0.0	24.52683842182662	78.83093705609527	0.0	0.0
GSM4138113_HNSCC_2_TIL_TAGGCATCATGACGGA	430.58319693094467	0.0	331.8242610057996	0.0	237.98135696161742	230.75996313577042	0.0	86.18980358243145	265.7452228025104	0.0	136.95712793969903	86.72548708278775	0.0	0.0	0.0
GSM4138113_HNSCC_2_TIL_TCAATCTCAAGAAGAG	362.31763591847977	0.0	234.30249389202928	0.0	189.50272356550758	359.1854456413027	337.04810668728635	0.0	183.91344843613308	0.0	0.0	58.596298689456916	0.0	0.0	0.0
GSM4138113_HNSCC_2_TIL_TGGCCAGCATGTAAGA	463.56739191179986	0.0	443.8493393448141	284.8319543011425	203.41340556033202	492.49857479537326	0.0	0.0	0.0	0.0	311.8569867280209	94.68654913167924	0.0	0.0	0.0
GSM4138113_HNSCC_2_TIL_AACTCAGCAATGGTCT	407.4559382063382	0.0	38.18260080802881	0.0	27.43608973558152	47.35588301477508	0.0	0.0	0.0	0.0	25.192223189894907	59.41862628333378	0.0	20.558395535253897	0.0
GSM4138113_HNSCC_2_TIL_TGCGGGTGTCTAGCCG	262.732221564214	0.0	42.66476856681655	0.0	24.368015846764553	82.5600884861513	0.0	0.0	0.0	0.0	0.0	109.07202218125536	0.0	65.17732813296284	50.39466471017613
GSM4138113_HNSCC_2_TIL_AGTGAGGTCTACCAGA	189.7361350263313	335.1837362135235	0.0	311.2214253845358	362.019512936986	57.476307018427214	0.0	0.0	0.0	0.0	0.0	34.61263437449038	168.8847659365147	0.0	0.0
GSM4138113_HNSCC_2_TIL_CATGGCGCATTCTCAT	93.20480971948787	74.81178490136017	0.0	61.060897132580855	430.0088574575459	123.3434813806748	0.0	0.0	0.0	0.0	4.598918371004643	14.548355875210117	0.0	0.0	0.0
GSM4138113_HNSCC_2_TIL_GTACTCCAGTGGGATC	0.0	0.0	0.0	0.0	3085.04318271189	0.0	0.0	0.0	0.0	0.0	0.0	0.0	0.0	0.0	0.0
GSM4138113_HNSCC_2_TIL_TTTGGTTGTTACCGAT	168.28139835478302	167.01432328257883	0.0	160.9585436579769	437.6286138461491	59.64574166038114	0.0	0.0	0.0	59.54924294069428	0.0	0.0	330.88635043258756	0.0	0.0
GSM4138113_HNSCC_2_TIL_AGCTCCTCAGTCGATT	173.1665191782941	91.43985944139402	0.0	234.38583144275384	127.99666252206377	91.53876648989649	0.0	0.0	0.0	13.913212243579727	0.0	0.0	33.47731512984778	0.0	0.0
GSM4138113_HNSCC_2_TIL_AACTCCCAGTGTCTCA	0.0	0.0	0.0	0.0	0.0	0.0	0.0	0.0	0.0	1010.9959631005344	0.0	253.3870923430677	0.0	0.0	0.0
GSM4138113_HNSCC_2_TIL_AGCAGCCGTATAGGTA	2.787995888485442	0.0	0.0	0.0	0.0	0.0	0.0	0.0	0.0	1537.024509126774	0.0	357.937763961298	0.0	0.0	0.0
GSM4138113_HNSCC_2_TIL_CTGAAACAGTGGACGT	10.425275312898652	0.0	0.0	110.3552269276658	59.48444613314211	15.716189651872027	5.9639586303447825	57.42926764856801	28.00705572322119	524.5018921639293	0.0	0.0	0.0	0.0	0.0
GSM4138113_HNSCC_2_TIL_TCAGCAATCCGAAGAG	0.0	0.0	0.0	0.0	0.0	5.494279496716671	0.0	0.0	0.0	1233.0000496197065	22.25524598011038	0.0	17.611893723973278	0.0	0.0
GSM4138113_HNSCC_2_TIL_AACTCTTAGGCATGGT	239.6956262500069	0.0	472.88917066380037	0.0	112.57049187310476	310.65675442225967	0.0	0.0	0.0	0.0	0.0	34.47304733821285	0.0	234.8457850184808	407.6909133688505
GSM4138113_HNSCC_2_TIL_AAGTCTGTCTCCGGTT	240.16365893291277	0.0	433.2088911701439	0.0	121.79493874389073	257.85895466467355	0.0	0.0	0.0	0.0	0.0	46.437101067657856	0.0	164.93781579254838	365.26622884175356
GSM4138113_HNSCC_2_TIL_GACGTGCAGTAGGTGC	0.0	0.0	0.0	0.0	0.0	0.0	3189.9466220010686	0.0	0.0	0.0	5.161098876991521	0.0	0.0	0.0	994.0670403179412
GSM4138113_HNSCC_2_TIL_GATTCAGCAGCTGCAC	241.42909856634222	0.0	398.19771876401677	0.0	136.84342371958186	203.8942753668409	0.0	0.0	0.0	0.0	0.0	41.5525920840678	0.0	226.03223229336982	402.3177088634237
GSM4138113_HNSCC_2_TIL_GTACTTTGTGCAGACA	18.956381918391806	30.408710941956482	0.0	11.209100486346427	0.0	6.896690785535705	0.0	0.0	0.0	0.0	9.02797558688122	7.2696933472596275	0.0	10.374091357654539	31.47970826273689
