	1	2	3	4	5	6	7	8	9	10	11	12	13	14	15	16	17	18	19	20	21	22	23	24	25	26	27	28
GSM4138113_HNSCC_2_TIL_ACAGCTACAGCAGTTT	46.73600793711644	170.035471928545	0.0	86.27575800601932	66.28679883556256	0.0	36.27274626732311	0.0	5.48130346423177	0.0	0.0	87.61937156320685	0.0	0.0	7.338686539861429	14.878733110789927	0.0	0.0	0.0	17.198774130542617	0.0	0.0	0.0	0.0	8.46775335851502	0.0	0.0	0.0
GSM4138113_HNSCC_2_TIL_CGCTATCTCGGTCCGA	105.58009177259733	267.3060616045559	0.0	272.7146057127673	100.38580758634018	0.0	90.19808788669887	0.0	0.0	39.36984750784268	0.0	89.87685962783651	87.14874330553846	0.0	0.0	0.0	0.0	0.0	44.883837196593525	28.006202455662965	0.0	0.0	0.0	0.0	0.0	0.0	0.0	14.528172928695549
GSM4138113_HNSCC_2_TIL_GGACGTCGTAGAGGAA	41.18190958574932	77.28021562830436	0.0	35.80453257394022	45.34656979820342	0.0	0.0	0.0	71.20312392763012	0.0	0.0	0.0	0.0	0.0	0.0	2.0812829224174205	0.0	0.0	0.0	0.0	0.0	24.323953974329946	0.0	1.2109920070341444	12.65021267396878	13.014167584786973	136.44875068731236	0.0
GSM4138113_HNSCC_2_TIL_AACTCTTGTCAAGCGA	112.93652464198546	82.42848237752065	0.0	54.97581024316411	107.64796143273124	141.76601934316238	0.0	0.0	102.1185840991882	0.0	0.0	0.0	0.0	0.0	0.0	0.0	58.28498676001018	0.0	0.0	0.0	0.0	0.0	0.9323136902882792	0.0	0.0	0.0	0.0	22.693911104427194
GSM4138113_HNSCC_2_TIL_AGTGTCAAGAACTGTA	197.70513565798188	272.6903869056974	0.0	232.11053338438822	398.67827235132364	0.0	142.8622608011307	0.0	0.0	0.0	0.0	67.30957167441258	174.3516892399732	0.0	0.0	0.0	0.0	0.0	17.971573801938064	29.673581816442155	0.0	0.0	0.0	9.989523430919872	50.68958925118876	0.0	0.0	0.0
GSM4138113_HNSCC_2_TIL_GAAACTCAGTTACGGG	72.45283418476933	222.9081783943786	99.25884575684606	0.0	28.015624473759846	0.0	112.8219225516745	66.12334890229735	0.0	38.57225552342035	16.336276509287092	70.49174727866874	0.0	97.2767849832031	0.0	17.245048762363243	0.0	0.0	12.93011293646167	0.0	31.00586786210797	0.0	24.719758405832103	0.0	0.0	0.0	0.0	0.0
GSM4138113_HNSCC_2_TIL_ACGGAGACAGGGATTG	232.9810113376018	217.22320500717612	118.11430263178109	0.0	177.11758831323098	0.0	170.870227217104	107.15658784071374	0.0	18.84550837319077	0.0	0.0	500.92027481900357	0.0	0.0	0.0	29.43580964605926	0.0	44.7492432065401	11.42145247095374	0.0	0.0	13.087988840341545	27.899590889638308	0.0	4.140888087329055	0.0	0.0
GSM4138113_HNSCC_2_TIL_CACACAAAGTCCGTAT	3252.40604322591	0.0	0.0	0.0	0.0	0.0	0.0	0.0	0.0	0.0	0.0	0.0	0.0	0.0	0.0	0.0	0.0	0.0	0.0	0.0	0.0	0.0	0.0	0.0	0.0	0.0	0.0	0.0
GSM4138113_HNSCC_2_TIL_CAGCTAACAGTCACTA	135.0525365242457	0.0	0.0	49.878020090230606	40.63791537577807	0.0	165.7719555643633	0.0	92.283985631777	2.9329442909474754	88.66099167980929	0.0	0.0	0.0	0.0	0.0	0.0	0.0	5.454893099917537	0.0	0.0	0.0	9.424836131932533	0.0	0.0	12.127545375457245	0.0	4.034381213759427
GSM4138113_HNSCC_2_TIL_CATATGGAGGGTGTGT	585.9291912163587	153.266141873354	73.65620023612493	0.0	0.0	84.96912235292483	0.0	115.00908859544624	184.2763435679362	22.2669658256524	0.0	10.988050311814263	0.0	0.0	0.0	0.0	0.0	0.0	0.0	0.0	0.0	16.33623585448864	11.536582512436212	120.52476202079353	0.0	0.0	0.0	0.0
GSM4138113_HNSCC_2_TIL_CATCAAGTCTATCGCC	480.07201129312267	181.56130040850235	212.59028099587	0.0	220.73469190164292	89.1875914774697	270.83597064684005	0.0	0.0	4.626886686164067	0.0	50.2359537607326	76.99375419604317	0.0	250.7847867554209	41.159246651509136	0.0	0.0	0.0	42.11409394581937	0.0	0.0	0.0	95.13059641999881	53.966976519232404	0.0	0.0	0.0
GSM4138113_HNSCC_2_TIL_CCTACACCACGAAGCA	197.70085163012786	0.0	0.0	148.99020895205072	79.6697329425095	34.51408538705298	0.0	80.02342414222595	0.0	0.0	199.2166741514056	4.08235045802966	474.6003645710579	0.0	0.0	38.60565042678735	75.76434720122883	0.0	0.0	20.779310033183215	0.0	0.0	0.0	17.437784596011248	19.44989898438429	0.0	241.94514234149648	0.0
GSM4138113_HNSCC_2_TIL_CGTCACTTCGGCGGTT	62.965445701820485	56.04517089761673	0.0	56.4710960232401	57.852667281069984	112.64485658871757	0.0	0.0	0.0	0.0	6.009387256765091	11.962592628438436	0.0	0.0	118.88557003527664	0.0	0.0	0.0	0.0	3.7699224319989537	0.0	8.96996422937264	0.0	12.677620153878749	9.63626101334978	0.0	0.0	0.0
GSM4138113_HNSCC_2_TIL_CTGATAGGTAAGTGGC	266.5533776385663	23.461711950592143	132.60023497154816	0.0	0.0	0.0	73.98897736679542	66.68601887141428	103.57492750995944	13.552469364779428	0.0	0.0	0.0	0.0	0.0	11.565661392821548	0.0	0.0	7.492263419277758	12.330881341597898	0.0	0.0	0.0	0.0	0.0	0.0	0.0	7.375069646571498
GSM4138113_HNSCC_2_TIL_CTGCCTATCACCACCT	294.69272144253483	0.0	13.033025316979657	0.0	0.0	0.0	230.6028193561406	136.52833017103208	334.9922426669831	16.917510232374322	72.82850937409201	0.0	0.0	0.0	0.0	36.504019820644146	12.288447947080499	0.0	0.0	11.978587338484958	0.0	0.0	0.0	38.58719391536441	0.0	0.0	0.0	13.872350367263973
GSM4138113_HNSCC_2_TIL_GATCAGTAGAGTAATC	131.62044261579416	97.64409466708462	0.0	68.71660866198457	197.20668568873998	0.0	0.0	69.1026916573554	0.0	10.977734755618158	0.0	5.047252526861355	236.47627101230898	0.0	21.73778866578702	37.260356218878044	0.0	0.0	0.0	0.0	0.0	0.0	44.53929436812637	34.78529235997382	0.28368644310680113	0.0	105.9093030190799	0.0
GSM4138113_HNSCC_2_TIL_GATGAGGGTAGCCTCG	255.51465501379545	0.0	0.0	0.0	0.0	150.51361199858516	0.0	66.41182659945399	217.66128934620681	0.0	0.0	4.569671374984728	0.0	0.0	0.0	0.0	0.0	0.0	11.282568322036282	8.28742035337112	0.0	0.0	0.0	12.515626167772295	7.92331388149739	0.0	0.0	19.62003123395994
GSM4138113_HNSCC_2_TIL_GCAAACTGTCGCCATG	68.61466435739744	344.8214365444801	0.0	98.62039132953876	195.76155369749475	42.74952761566414	84.24306694655702	0.0	0.0	0.0	0.0	70.10805528483255	0.0	211.85701752283362	0.0	23.62714758513021	0.0	0.0	0.0	0.0	0.0	0.0	36.056150924175455	33.4593118561748	50.949641401940376	0.0	0.0	0.0
GSM4138113_HNSCC_2_TIL_GCGCCAAAGTTTCCTT	0.0	0.0	0.0	0.0	0.0	0.0	0.0	0.0	0.0	0.0	0.0	0.0	257.5084851545919	0.0	3118.366244649316	0.0	0.0	0.0	0.0	0.0	0.0	0.0	0.0	0.0	0.0	0.0	0.0	0.0
GSM4138113_HNSCC_2_TIL_GCGCGATAGGTAAACT	331.8063515767594	0.0	72.45767347501852	0.0	0.0	0.0	196.82698035097627	87.75003579783214	210.25734821784093	0.0	63.40680572288902	0.0	0.0	0.0	0.0	0.0	25.511463379314392	0.0	12.836826077349135	6.402003218737203	63.57995284443255	0.0	0.0	0.0	39.2496278214367	0.0	0.0	0.0
GSM4138113_HNSCC_2_TIL_TCAATCTGTCCAGTTA	173.4201934339219	0.0	59.365814653659946	0.0	0.0	0.0	0.0	120.09646338109023	143.1222136539062	22.91762577716758	87.53629906819123	0.0	0.0	51.16994678777313	0.0	0.0	0.0	0.0	38.787523429628685	9.929492804745284	130.21035779639016	0.0	0.0	0.0	0.0	2.364448782836136	221.3890805045164	0.0
GSM4138113_HNSCC_2_TIL_TGCTGCTCAGTGAGTG	197.53901316550332	35.46829491697396	24.123477235338044	26.335281729330887	151.39225882303307	0.0	330.6514305287135	0.0	119.4671426035468	0.0	0.0	0.0	0.0	0.0	0.0	7.542820959759456	28.536643653624978	0.0	0.0	18.76665418555575	0.0	0.0	0.0	0.0	39.646998973004884	39.34311850402601	0.0	143.2189675932103
GSM4138113_HNSCC_2_TIL_ACGAGCCTCGCGATCG	121.60269221092767	0.0	0.0	71.52985928630885	70.16535572853076	0.0	63.807013033803486	0.0	0.0	0.0	79.73563030174166	0.0	0.0	0.0	0.0	0.0	0.0	93.019146420229	16.304597321857162	0.0	21.643616392443043	0.0	11.546723707592555	0.0	17.373250865686316	28.703947172361076	0.0	0.0
GSM4138113_HNSCC_2_TIL_AGCATACTCACAGTAC	180.09905672800957	0.0	11.621678970701582	99.43173602366824	101.43802178258527	0.0	119.04649564655591	0.0	0.0	16.65663134970813	136.20851096997586	0.0	0.0	0.0	0.0	0.0	0.0	103.50481284948467	22.993760858108413	0.0	37.7188916364113	0.0	15.948117587399148	0.0	0.0	33.16620521279273	0.0	0.0
GSM4138113_HNSCC_2_TIL_CCACTACAGTTCGCGC	164.24407070663798	0.0	111.23408389890629	0.0	0.0	0.0	50.00988682017271	78.96876946815992	0.0	0.0	85.96234861611782	0.0	0.0	0.0	0.0	0.0	0.0	110.29849551893653	17.48443901746259	1.5565057640812134	20.802094635283	0.0	0.0	0.0	0.0	25.488457509396493	0.0	0.0
GSM4138113_HNSCC_2_TIL_CGATTGAGTATATGGA	124.17588738959945	0.0	28.38432128105674	70.06691383084146	47.56438912893167	1.7260090422581793	74.71887117698557	46.05621006771582	0.0	4.228972085483611	113.45187726048094	0.0	0.0	0.0	0.0	0.0	34.30960610487051	91.8419409018623	23.215463495630477	11.862004822004248	25.61419127491469	0.0	0.0	0.0	0.0	0.0	0.0	0.0
GSM4138113_HNSCC_2_TIL_CTCGTACCACCGATAT	108.36510153538825	0.0	50.470140723937945	0.0	0.0	0.0	82.61051543901569	102.48976029084315	0.0	0.0	142.30965603073938	0.0	0.0	0.0	0.0	0.0	0.0	90.65290295309507	15.005640527902674	7.585058630972598	27.334515495429926	0.0	0.0	0.0	20.350035267015283	46.392065668560534	0.0	0.0
GSM4138113_HNSCC_2_TIL_CTGTTTATCAACACGT	105.17171586970204	0.0	118.95295061067618	0.0	0.0	57.750479698030276	0.0	101.75986009137868	0.0	0.0	140.91517526433236	0.0	0.0	0.0	0.0	0.0	0.0	86.66244209552214	15.970689519565378	0.0	0.0	0.0	19.80834654337289	0.0	13.040113482944948	26.160070077604175	0.0	0.0
GSM4138113_HNSCC_2_TIL_CTTCTCTTCTCTGTCG	92.37641173262405	128.5170241198066	45.75769339828028	0.0	70.2422428329877	0.0	56.47149542802883	0.0	0.0	22.784108985452537	0.0	27.5218029649231	0.0	0.0	0.0	0.0	0.0	78.26798763068068	5.53444513525565	0.0	0.0	0.0	6.8148991575629925	26.983775712623157	0.0	0.0	0.0	0.0
GSM4138113_HNSCC_2_TIL_GAATAAGGTTAAGAAC	198.46215721583792	0.0	0.0	102.36284725257727	69.82324309491847	0.0	50.882778329207426	0.0	0.0	0.0	130.87384234672197	0.0	0.0	0.0	0.0	0.0	0.0	79.46881456633398	15.385222706464749	10.145069312932682	2.5307992830820076	0.0	0.0	0.0	27.210842903096058	33.70094592914845	0.0	0.0
GSM4138113_HNSCC_2_TIL_GATCGATCATGTTGAC	127.63009874076393	0.0	0.0	92.50168381996599	73.46564965375966	52.35321892722288	4.006252562549051	0.0	0.0	0.0	184.794548206127	0.0	0.0	0.0	0.0	0.0	59.48224900991047	128.8831305910828	35.863546835965934	0.0	8.636081503485622	0.0	32.106169563835216	0.0	0.0	0.0	0.0	0.0
GSM4138113_HNSCC_2_TIL_TCCACACTCTTGTACT	92.09162231083539	0.0	109.97728578934543	0.0	13.870053933523529	0.0	98.0468446322627	61.540790503541345	0.0	10.779442579743408	113.64128071878952	12.410147000081444	0.0	0.0	0.0	0.0	0.0	66.140031633502	12.32039605379227	0.0	21.229055851242382	0.0	8.251592569891317	0.0	0.0	0.0	0.0	0.0
GSM4138113_HNSCC_2_TIL_TCTTCGGAGATGTCGG	168.23249040733424	0.0	68.20014678151368	7.451264916717753	15.667198913432822	0.0	143.8443032105648	58.20352554182235	0.0	0.0	81.36157298368042	0.0	0.0	0.0	0.0	0.0	54.08528590123029	92.67863927159654	13.155164159122977	0.0	16.55116100949309	0.0	18.23612334410074	0.0	8.879184714503747	0.0	0.0	0.0
GSM4138113_HNSCC_2_TIL_TTCGAAGAGTACCGGA	233.730143448484	0.0	0.0	91.31373333158804	103.5532360282055	57.49519493752412	0.0	0.0	0.0	0.0	93.03267000023695	0.0	0.0	0.0	0.0	0.0	0.0	148.40010214058896	6.706835844100778	0.0	11.176535532100567	0.0	0.0	0.0	16.14084242676176	55.65306121300179	0.0	0.0
GSM4138113_HNSCC_2_TIL_AAACCTGTCTGATTCT	192.0578478681755	166.19055325886933	105.95931839916126	0.0	0.0	89.70405077487965	0.0	86.94612440459863	56.07779497099935	0.0	0.0	26.63980939506861	36.076796999553736	8.131631206095726	18.422381960301355	0.0	0.0	0.0	0.0	20.505091144933083	0.0	16.77133951761194	0.0	3.247455046624419	0.09554711351631685	0.0	0.0	0.0
GSM4138113_HNSCC_2_TIL_AAGCCGCGTCGACTAT	76.30187569044716	59.21920545308713	0.0	33.08054227373728	51.79483450360449	36.083956077315	0.0	0.0	0.0	0.0	0.0	20.833388262535347	3.4374033848582033	0.0	52.92233989304361	0.0	0.0	0.0	0.0	0.0	0.0	9.290641494473062	5.34168505404572	0.0	4.311737861080058	0.0	0.0	4.707582770305654
GSM4138113_HNSCC_2_TIL_AATCGGTGTCCGACGT	122.42697843334614	139.67517576603564	69.59918786233091	0.0	0.0	40.67062012945477	0.0	64.21040153732925	81.8040422390082	0.0	0.0	0.0	0.0	0.0	0.0	0.0	40.086172759759066	0.0	0.0	0.0	0.0	14.624710618590358	18.79307887854576	0.0	24.96468253384848	0.0	0.0	28.497311886930436
GSM4138113_HNSCC_2_TIL_AGTTGGTGTCTTTCAT	122.2664854859774	71.07641702256704	0.0	69.36242334809296	33.79967322081974	58.83556065928693	0.0	28.49944447991627	103.35082302489411	1.0182623583742485	0.0	0.0	0.0	0.0	0.0	12.767838667040468	2.744105522351875	0.0	0.0	1.6490351547460822	0.0	0.0	0.5580206358940092	4.0943510988386524	0.0	0.0	0.0	0.0
GSM4138113_HNSCC_2_TIL_ATCACGAAGAGAGCTC	83.35004892863105	137.0102094850087	105.83223757107034	0.0	0.0	38.05729109020236	0.0	51.23614520243024	68.91671988890333	2.899295918746824	0.0	0.0	0.0	0.0	0.0	0.0	0.0	0.0	0.0	0.0	0.0	27.92368356624553	1.6749336450013461	0.0	0.0	0.0	0.0	9.941155401666206
GSM4138113_HNSCC_2_TIL_ATCATGGGTAGCAAAT	149.28855564355115	114.7636162203785	33.25383009373122	38.63246633767548	0.0	0.0	69.50742813500959	74.88009126113994	78.16121596888046	0.0	0.0	40.91161722512604	0.0	0.0	0.0	6.715915566962352	0.0	0.0	0.0	8.794979673394575	0.0	0.0	0.0	9.041970009086537	6.951107562258753	0.0	0.0	0.0
GSM4138113_HNSCC_2_TIL_ATTTCTGCAAGGACAC	148.33832429467085	107.44901278177227	0.0	69.32592968567117	68.07895655728657	70.39764505811404	0.0	0.0	131.60352714426085	0.0	0.0	0.0	2.067545444697641	0.0	0.0	0.0	0.0	0.0	0.0	0.0	0.0	40.03462069684557	6.793723426290519	17.865918905626977	11.334625399895648	0.0	0.0	0.0
GSM4138113_HNSCC_2_TIL_CACAGGCGTCGACTAT	61.82511669896313	43.09802654285713	107.3376996347483	0.0	0.0	69.84847728821738	0.0	26.67983953194713	63.00979142965485	0.0	0.0	2.303623766389163	0.0	0.0	0.0	5.359645501517202	0.0	0.0	0.0	0.0	0.0	0.0	0.0	1.1686542811501464	1.7310762467964478	0.0	0.0	0.0
GSM4138113_HNSCC_2_TIL_CACAGGCTCGTACCGG	104.10549759972159	133.12290116957504	105.28000691378912	0.0	0.0	0.0	0.0	60.632599179515545	76.26463121398334	0.0	0.0	0.0	0.0	0.0	0.0	0.0	16.45470305172415	0.0	0.0	0.0	0.0	7.2922781008275415	27.00179697241625	40.22083661456658	16.671000830065537	0.0	25.564635287918147	0.0
GSM4138113_HNSCC_2_TIL_CACAGTACAAGTCTGT	62.32501991943089	69.6172539809235	51.81069994403059	0.0	0.0	32.86402269122262	0.0	45.52951390399452	11.847233976297705	0.0	0.0	0.0	0.0	0.0	71.89467762871786	0.0	8.544902721864757	0.0	0.0	0.0	0.0	8.145697910154114	6.9209693936755246	2.134502083548427	24.064810307190307	0.0	0.0	0.0
GSM4138113_HNSCC_2_TIL_CACTCCACATGTAAGA	81.005975451653	114.19069931706754	0.0	80.295749472062	62.97827471879735	34.676141847223015	0.0	0.0	0.0	0.0	0.0	0.0	104.6527800335819	0.0	0.0	0.0	20.01636899629212	0.0	0.0	0.0	0.0	13.632821600652807	3.39002832810773	8.63831969175979	8.095016480795266	0.0	0.0	0.0
GSM4138113_HNSCC_2_TIL_CAGAATCCATGGGACA	73.83086367331413	119.47935580087808	0.0	65.60934521351585	0.0	46.96125110007303	0.0	45.3519628275954	103.91951079063588	0.0	0.0	10.494774478841896	0.0	0.0	0.0	0.0	0.0	0.0	0.0	0.0	0.0	0.3453110177925143	1.6768409096492758	11.980090220149425	11.43693293487688	0.0	0.0	0.0
GSM4138113_HNSCC_2_TIL_CAGAATCTCATGCATG	73.4704279162606	71.59237146908704	0.0	70.63419692641507	111.97083683297375	24.431051763909707	0.0	0.0	0.0	7.999730941392369	0.0	0.0	25.21232408694002	0.0	37.93253671510265	0.0	0.0	0.0	0.0	0.0	0.0	37.64814928651674	17.13758395155317	10.298091830128287	0.0	0.0	0.0	0.0
GSM4138113_HNSCC_2_TIL_CAGGTGCAGACGCACA	74.20329033120936	82.66079503589697	0.0	86.16041925964683	43.590737537520894	0.0	0.0	0.0	0.0	0.0	0.0	32.6290166575929	0.0	80.9260767095469	0.0	0.0	0.0	0.0	0.0	0.0	0.0	5.287216054333718	6.023661381293485	4.966613598809522	10.42503449247723	0.0	0.0	0.0
GSM4138113_HNSCC_2_TIL_CAGTCCTCAACTGCTA	93.14804787098832	139.67535640204235	0.0	61.076264013641776	146.62319162822152	0.0	19.30421797986816	0.0	0.0	0.0	0.0	106.34171051162288	83.94506419180898	16.160496660087144	0.0	7.213704133239813	0.0	0.0	0.0	21.35029106681893	0.0	0.0	0.0	0.0	30.875124247289534	0.0	0.0	27.496688282107367
GSM4138113_HNSCC_2_TIL_CATCGAAAGGCATTGG	104.51388373860696	96.90384074739426	0.0	57.016733037967	79.37568602808201	0.0	3.1185373113206856	0.0	0.0	0.0	0.0	0.0	107.17532274845126	0.0	0.0	0.0	63.03238479383115	0.0	0.0	0.0	0.0	15.433416482191895	0.0	0.0	11.61445556643921	0.0	0.0	0.0
GSM4138113_HNSCC_2_TIL_CCATTCGTCTGAGGGA	83.51654702659181	96.65465867608305	0.0	77.30246977131632	0.0	117.27198077343374	0.0	71.79757766842336	0.0	0.0	0.0	0.0	111.68524528691245	0.0	0.0	0.0	0.0	0.0	0.0	1.8888849352104964	0.0	7.615866193286591	0.0	0.0	31.543833314494105	11.516099893813035	0.0	0.0
GSM4138113_HNSCC_2_TIL_CCCTCCTTCGCGATCG	68.2906743414547	125.94372236479771	15.014385834070891	0.0	0.0	33.26599810450229	0.0	37.272111765550804	0.0	13.803547212159405	0.0	0.0	0.0	234.20692470966975	0.0	0.0	1.3344441887993432	0.0	0.0	0.0	0.0	7.070242194460868	2.972225331679341	17.859852838069717	0.0	0.0	0.011423444567320105	0.0
GSM4138113_HNSCC_2_TIL_CCTAGCTGTTCAGACT	78.75285411440868	105.7472481976291	10.574453785248377	91.57898432813592	22.359767139030243	34.570571283455116	0.0	0.0	0.0	0.0	0.0	10.073170131967224	0.0	121.6932791965548	0.0	0.0	0.0	0.0	0.0	0.0	0.0	0.0	9.022274305965777	53.42558628851471	57.920051430802566	0.0	0.0	0.0
GSM4138113_HNSCC_2_TIL_CCTTCCCTCCACGTGG	141.69826358913156	118.9672222064402	0.0	60.642922350145405	15.513273377486062	19.833311523283395	0.0	0.0	0.0	2.506292117245396	0.0	31.463422981613213	41.92493353565012	0.0	0.0	0.5539308558453288	0.0	0.0	0.0	0.0	0.0	30.011839083006755	1.1726962874307612	5.109254242537243	0.0	0.0	0.0	0.0
GSM4138113_HNSCC_2_TIL_CGTCAGGGTGGTGTAG	131.30988871550534	75.77085865509827	0.0	89.02468839871997	43.08203465829958	38.083390286217664	0.0	0.0	18.900383611791085	35.40927422976258	0.0	0.0	0.0	0.0	52.954929188791255	30.751147671790463	0.3143796068030781	0.0	0.0	0.0	0.0	0.0	13.377140633566778	0.0	12.653363321942827	0.0	0.0	0.0
GSM4138113_HNSCC_2_TIL_CTGCCTAGTATAAACG	64.21279761053472	118.87958158853782	0.0	88.20199808004384	79.33929560945937	0.0	47.304678311909335	0.0	4.274876240634644	0.0	0.0	0.0	41.55700849582097	0.0	53.26261571762414	2.5476639270442427	19.429869874926013	0.0	0.0	0.0	0.0	0.0	0.23822875375973318	23.512295430380274	38.78163591353929	0.0	0.0	0.0
GSM4138113_HNSCC_2_TIL_CTGTGCTAGAAAGTGG	127.22057917823231	96.80675402307251	0.0	59.21083148338547	0.0	17.348252207650585	0.0	10.156170511548034	0.0	0.0	0.0	0.0	98.98517689352926	0.0	0.0	0.0	45.03505463584927	0.0	0.0	0.0	0.0	6.946583394402857	4.3024296188132585	28.294010849443954	8.188476200041066	0.0	0.0	0.0
GSM4138113_HNSCC_2_TIL_CTGTTTAAGTTACCCA	120.24581035449205	82.93821704656447	0.0	67.62073600902245	0.0	26.246762757091386	0.0	56.48916454260599	66.38272591370269	0.0	0.0	14.50853421429404	0.0	0.0	19.629829248213348	0.0	0.0	0.0	0.0	0.0	0.0	22.20560557337364	36.660525648543675	0.0	8.137624619779228	0.0	0.0	0.0
GSM4138113_HNSCC_2_TIL_CTTACCGCATTGAGCT	142.37500452717956	176.94324770520203	118.36503273040972	0.0	83.3758967943876	70.90497225435425	31.941837299765634	26.60191343741747	0.0	6.069756829755312	0.0	0.0	0.0	114.57184488303022	0.0	0.0	52.12811590885195	0.0	10.151752918889217	0.0	11.326396808960833	0.0	9.169311607283777	0.0	0.0	0.0	0.0	12.149713571372716
GSM4138113_HNSCC_2_TIL_GAAGCAGGTACAGTGG	96.90996925409438	140.35489867164324	56.08409583871218	3.837764332023315	56.08587357781354	0.0	68.42684259155868	0.0	14.400726558347788	3.587492422071935	0.0	0.21847968786886987	97.59046668060655	0.0	0.0	9.841252629029931	0.0	0.0	0.0	0.0	0.0	0.0	8.25346855213098	40.115819913725836	36.6872129253892	23.805579170202037	0.0	0.0
GSM4138113_HNSCC_2_TIL_GACGTGCGTATTAGCC	125.83570892373994	113.38609461437727	106.09092129259024	0.0	0.0	0.0	0.0	103.20648412493	117.20914396739303	49.557871778541234	0.0	0.0	0.0	0.0	0.0	0.0	0.0	0.0	0.0	0.0	0.0	24.64497152870477	0.0	26.092081158624637	0.0	0.0	72.40266871472765	0.0
GSM4138113_HNSCC_2_TIL_GACGTGCTCGGATGTT	68.18668072474463	66.12160148113462	61.236476846619794	21.523080112557757	69.744753930571	0.0	0.0	3.0891699255112672	78.86559109797363	0.0	0.0	22.69895975584498	0.0	0.0	0.0	0.0	0.0	0.0	0.0	0.0	0.0	0.0	10.260507083796226	0.0	54.44967921595427	0.0	74.4133576265948	26.718328136292836
GSM4138113_HNSCC_2_TIL_GAGCAGAAGACTACAA	45.07360402011276	105.8234867096695	0.0	157.98295687812518	47.26816844601676	0.0	3.303177043124585	0.0	0.0	8.096127010350735	0.0	55.26482920382265	100.60564021878463	1.5227940638270332	0.0	19.832651931678686	0.0	0.0	0.0	23.181041417462502	0.0	0.0	0.0	12.928672249579655	0.0	0.0	0.0	0.0
GSM4138113_HNSCC_2_TIL_GAGTCCGAGCAATCTC	108.19404487777051	179.42672634487298	0.0	51.43984348712535	9.338501945161674	30.207588027523478	0.0	0.0	91.67085717685141	0.0	0.0	0.0	0.0	0.0	0.0	15.365409747145028	4.531006664750181	0.0	0.0	0.0	0.0	0.0	0.0	14.648701819646694	1.6965272790963464	0.0	0.0	0.0
GSM4138113_HNSCC_2_TIL_GCGCGATAGGCTACGA	116.0521318322928	103.28730954173675	55.149959823981256	0.0	0.0	66.07452497875887	0.0	92.37410155518342	95.49546081775199	9.469941998421168	0.0	0.0	0.0	0.0	0.0	0.0	7.715509979770168	0.0	0.0	0.0	0.0	25.68271081956658	24.788744369927024	8.898483755192245	0.0	0.0	0.0	0.0
GSM4138113_HNSCC_2_TIL_GCTGCTTCAGTTCATG	69.18812458044056	58.04763621141786	0.0	73.1206096274186	42.72995507971817	43.909808512865474	0.0	0.0	0.0	0.0	0.0	14.155199021664728	0.0	0.0	82.13828931991756	0.0	0.0	0.0	0.0	0.0	0.0	11.455110287497378	0.2768575371107456	4.984009931576859	5.04956227849552	0.0	0.0	0.0
GSM4138113_HNSCC_2_TIL_GGCGACTGTAAGTGTA	161.94604777349076	129.664263029221	107.55627716684832	0.0	0.0	0.0	23.43672940547144	116.51192612722414	108.28195352705454	5.6453757566209415	0.0	23.687326223320856	0.0	0.0	0.0	2.4837418866543457	0.0	0.0	0.0	0.0	0.0	60.01146952804691	8.447133110867385	19.571055057259578	0.0	0.0	104.91077498786795	0.0
GSM4138113_HNSCC_2_TIL_GGCTGGTTCCAAACTG	45.58074495754922	95.47085779838937	92.84883572419605	0.0	21.17145754409439	16.816061835829245	0.0	41.07866687006829	0.0	0.46722367351099814	0.0	0.0	75.96938717675843	22.125355685852256	0.0	0.0	46.2187404304662	0.0	0.0	0.0	0.0	1.9086241106590807	3.6163356904998736	0.0	0.0	0.0	0.0	9.98608471987729
GSM4138113_HNSCC_2_TIL_GGGTTGCTCCTTGGTC	95.39987405029116	144.57702623856852	94.56465900660874	0.0	101.65887657015045	80.99821871785099	0.0	54.607088681761724	0.0	0.22243761346204344	0.0	0.0	44.79711719045919	0.0	0.0	0.0	29.499179461989293	0.0	0.0	0.0	0.0	17.99349056060703	13.51901354059917	17.343572183359424	15.727973669550297	0.0	4.900608200127006	0.0
GSM4138113_HNSCC_2_TIL_GTAACTGTCTGGTTCC	155.38396808069675	142.04733475910305	65.05051607854634	16.301857712017533	0.0	6.4555238359560745	0.0	70.97156407497111	66.45547281553469	4.349703949474712	0.0	0.0	0.0	0.0	0.0	0.0	0.0	0.0	0.0	0.0	0.0	25.426112695858706	12.05367951498193	0.0	0.0	18.752355276506446	78.51275526948184	22.320685956054085
GSM4138113_HNSCC_2_TIL_GTCACGGGTCCGTGAC	180.99021367320404	136.55481335568254	83.35916416909207	0.0	0.0	85.47824316587153	0.0	87.63986337284204	13.926145048043024	10.000136653864663	0.0	2.6588239761732275	86.22085359916744	0.0	0.0	0.0	0.0	0.0	0.0	0.0	0.0	10.274564365617758	9.739702793440054	4.001974099098445	0.0	0.0	18.570871631301397	0.0
GSM4138113_HNSCC_2_TIL_GTTAAGCCATGCAACT	134.07156961528486	66.8752828195954	49.14359498617493	0.0	3.39033670474235	0.0	0.0	40.886639252746555	0.0	0.0	0.0	0.0	80.09300364828871	0.0	0.0	17.46995519757722	49.05479721985763	0.0	0.0	15.132289532371855	0.0	13.468718787095517	0.0	0.0	12.486502845268415	0.0	41.58290221063505	0.0
GSM4138113_HNSCC_2_TIL_TAGAGCTTCCGTTGCT	75.18861626062339	102.64849698323991	50.405252333623395	0.0	0.0	61.25080373762173	0.0	122.91686068424546	121.49804919466418	25.88111330211443	0.0	0.0	0.0	0.0	0.0	15.800731364208444	50.69538520155043	0.0	0.0	0.0	0.0	0.0	8.553566528592695	22.408310978596585	0.0	0.0	0.0	0.0
GSM4138113_HNSCC_2_TIL_TATCAGGAGAACTGTA	218.93823751181696	194.5691592892817	149.8211629345248	0.0	14.351792263357693	69.47896216227825	62.68460215056781	97.19112879115742	162.8053658296739	31.87774620539589	0.0	0.0	0.0	0.0	0.0	0.0	45.9008266101698	0.0	0.0	0.0	0.0	19.01594397884378	22.52397108694885	43.48679393969215	9.65959798223441	3.4132533720568703	0.0	0.0
GSM4138113_HNSCC_2_TIL_TATCAGGTCGGTCCGA	97.52922457381058	95.19885970241916	70.2562703129278	0.0	0.0	53.100840559940686	0.0	61.140203087829555	76.1246870804888	0.0	0.0	0.0	0.0	44.042110054044	0.0	0.0	12.791888549442449	0.0	0.0	0.0	0.0	8.674498483879871	4.503105909605913	42.79039433867673	0.0	0.0	0.0	0.0
GSM4138113_HNSCC_2_TIL_TCACAAGAGAGTGAGA	49.046858054809604	83.29477272542914	168.8623419831315	0.0	0.0	14.53918139059056	0.0	71.58450011125694	3.6937565132916412	0.0	0.0	0.0	64.94959687800382	4.9807662251967315	0.0	0.0	13.456860732472844	0.0	0.0	0.0	0.0	19.891292615501825	0.0	0.0	9.48198503288611	0.0	39.21587484215532	0.0
GSM4138113_HNSCC_2_TIL_TGCCCATAGAAAGTGG	74.87901958029083	97.3350533300425	24.96974507602594	72.06204231387271	36.55408622932027	30.4718603208266	0.0	0.0	0.0	0.0	0.0	0.0	108.4148693364425	0.0	0.0	0.0	0.0	0.0	0.0	0.0	0.0	16.523901122746935	0.0	0.0	0.0	0.0	0.0	9.882637192648602
GSM4138113_HNSCC_2_TIL_TGTATTCTCAAGGCTT	172.69649702851984	164.59001085589358	137.7046488798646	0.0	0.0	65.04387788455581	0.0	70.8546948622143	114.03128017257436	16.682537272981392	0.0	0.0	34.40365851655388	0.0	0.0	0.0	8.053266574791634	0.0	0.0	0.0	0.0	7.213476179526943	0.5605414239847355	23.492748341373854	0.0	0.0	0.0	0.0
GSM4138113_HNSCC_2_TIL_TGTGTTTAGAGCTTCT	112.57763896877574	111.67546885508203	140.21524160213727	0.0	7.402291964652597	64.95070089496784	0.0	67.13932645098618	0.0	0.35714155474692816	0.0	0.0	54.9446844719162	0.0	0.0	0.0	28.849288548737228	0.0	0.0	8.805117126464147	8.53257672588957	0.0	0.0	0.0	0.0	13.200117511451856	0.0	0.0
GSM4138113_HNSCC_2_TIL_TTGGCAATCCAAACTG	62.87434781910871	91.9855795256648	7.442432919093867	52.481953484906164	83.36563600665785	65.48913077389773	0.0	0.0	0.0	0.0	0.0	0.0	0.0	0.0	93.04422494877792	0.0	0.8308324571274478	0.0	0.0	0.0	0.0	13.823403262878863	14.760902099599432	27.477347333293668	39.98979717719554	0.0	0.0	0.0
GSM4138113_HNSCC_2_TIL_TTTCCTCCAAGCCCAC	72.7113602574047	140.18612328019765	0.0	64.80029736681526	48.16998955187768	75.31895265926623	0.0	0.0	0.0	0.0	0.0	0.0	72.32627869409534	0.0	37.51774189170775	0.0	10.070503869412203	0.0	0.0	0.0	0.0	23.38359022937526	0.0	0.0	53.23305998746052	0.0	0.0	18.615596828380127
GSM4138113_HNSCC_2_TIL_CGAGAAGAGAAACGCC	85.11325363350407	115.4878889102787	142.40970796135483	2.447257407296909	0.0	0.0	37.2403171892906	27.07648402136769	117.08103381488363	9.247331440102242	217.21268756421975	0.0	0.0	0.0	6.762505941441016	16.378951396668725	11.085574596465674	13.738528145055406	0.0	0.0	0.0	0.0	7.256966414773154	29.635746468630675	0.0	0.0	0.0	0.0
GSM4138113_HNSCC_2_TIL_CTAGAGTCACTAGTAC	185.45538613981734	181.4202057057412	157.52674517657726	0.0	0.0	66.83487019561365	0.0	124.1646803063492	126.66152631531749	38.77132195628925	0.0	45.48189175364349	0.0	0.0	0.0	11.43186320529456	0.0	0.0	0.0	0.0	0.0	0.0	41.7168688942074	54.96538684551792	0.0	0.0	0.0	0.0
GSM4138113_HNSCC_2_TIL_GTTCTCGCAATCGAAA	0.0	3511.2144189350406	0.0	0.0	0.0	0.0	0.0	0.0	0.0	0.0	870.348568389397	0.0	0.0	0.0	0.0	0.0	0.0	0.0	0.0	0.0	0.0	0.0	0.0	0.0	0.0	0.0	0.0	0.0
GSM4138113_HNSCC_2_TIL_TCATTTGCACTATCTT	57.50257209233587	662.3738559237364	0.0	154.66544071952183	117.7418422269726	47.6286149059258	0.0	0.0	0.0	0.0	0.0	32.39614706879361	77.71894472206402	0.0	0.0	2.7126947103412875	0.0	0.0	0.0	0.0	0.0	96.89561262014229	0.0	7.367529278592277	16.720176444464112	0.0	0.0	0.0
GSM4138113_HNSCC_2_TIL_CGTCAGGAGTCAAGCG	169.90673633790544	0.0	65.02349644202654	0.0	0.0	101.67162182967209	0.0	66.09518482547738	0.0	0.8806443445797906	123.7944578053619	0.0	0.0	0.0	0.0	0.0	0.0	110.81907321277636	3.9085453250116187	0.0	15.174185714512616	13.941896617529425	0.0	0.0	0.0	20.685511813873354	0.0	0.0
GSM4138113_HNSCC_2_TIL_TCATTTGGTTTGCATG	160.63679527750722	0.0	61.34319557209445	0.0	49.783533320983885	23.863339957739804	0.0	0.6527942911577926	0.0	20.252933779829085	76.16195263910646	13.156567946440724	0.0	0.0	0.0	0.0	0.0	60.43231854475579	3.907318309138837	0.0	1.6386824899632235	0.0	7.058273577077806	0.0	0.0	0.0	0.0	0.0
GSM4138113_HNSCC_2_TIL_TGACGGCGTCCCTACT	156.65232257849587	0.0	90.4648761130521	0.0	0.0	97.75667645420728	1.617731832886171	106.79676299960133	0.0	9.360911179369753	142.67147281635758	16.555919410481334	0.0	0.0	0.0	0.0	0.0	126.00257677775265	10.46942657818601	10.149760546442742	8.781081130667369	0.0	0.0	0.0	0.0	0.0	0.0	0.0
GSM4138113_HNSCC_2_TIL_ACGCCGAGTACTTCTT	86.74070404705898	118.97444717076881	87.79605922346191	0.0	0.0	35.79763070636871	0.0	68.5380552071429	67.5418624569338	13.923833883525964	0.0	0.0	0.0	0.38105518961420815	0.0	7.086237048494122	17.282172838522918	0.0	0.0	0.0	0.0	0.0	9.656218215398606	0.0	0.0	3.460713140670258	0.0	4.294970257799601
GSM4138113_HNSCC_2_TIL_CAGGTGCGTAGCGCTC	78.37633993906088	64.92331793714648	92.23882878467538	0.0	0.0	64.12309609270879	0.0	69.43453790919571	57.257963485336965	0.0	0.0	22.478540963124864	0.0	0.0	0.0	0.0	0.0	0.0	0.0	0.0	0.0	0.0	0.0	0.0	3.7371655136634723	0.0	0.0	4.1407612659688215
GSM4138113_HNSCC_2_TIL_TGAGCCGGTTACGGAG	192.75117644521995	390.62585358677086	0.0	332.6605165605734	0.0	68.26838486777272	0.0	180.74956886307424	0.0	0.0	0.0	0.0	92.50783816846256	0.0	0.0	0.0	128.40006705860662	0.0	0.0	0.0	0.0	67.68987272629896	5.152798184657231	34.22642592873622	65.81454839061641	11.775340077986149	0.0	0.0
GSM4138113_HNSCC_2_TIL_TGGCTGGTCGTCCAGG	132.10272743212838	131.67232045210142	79.6257564254473	0.0	0.0	35.362470574453205	0.0	58.945380853032816	39.67582441604932	0.0	0.0	13.187915300195005	0.0	40.91125745290449	0.0	0.0	0.0	0.0	0.0	0.0	0.0	11.420629886328785	10.180496963335406	0.0	4.2765705378035825	0.0	0.0	3.584449610927285
GSM4138113_HNSCC_2_TIL_CCTTCGATCGTGGTCG	146.1289695097511	142.62701919140667	153.05551163775343	0.0	54.2462394772942	76.54109497574834	0.0	83.36406871951084	0.0	23.00525904423532	2.057677758724714	0.0	73.75336535061174	0.0	0.0	0.0	19.597486145818728	45.116731757024695	0.0	14.66621349331809	16.234473973134747	1.9749787044108214	0.0	0.0	0.0	0.0	0.0	0.0
GSM4138113_HNSCC_2_TIL_CGACTTCGTTTGACTG	120.90625723546223	0.0	74.55621234772032	0.0	0.0	0.0	84.22959646878425	50.58101402839603	0.0	0.0	77.27254384121862	0.0	0.0	0.0	0.0	0.0	0.0	25.041031045214826	0.0	0.0	12.090500281089986	0.0	7.826940894372816	0.0	18.819296984533565	16.81061232456471	0.0	0.0
GSM4138113_HNSCC_2_TIL_GCTTCCATCTCTTGAT	135.82035268368764	0.0	113.4878383249325	0.0	0.0	0.0	38.42832035297505	31.957432351511727	0.0	23.647474738345068	64.07075793416571	0.0	0.0	0.0	0.0	0.0	0.0	52.12074382244662	11.849667267850677	0.0	15.327615916776802	0.0	6.039683381401362	0.0	0.0	15.732091613845324	0.0	0.0
GSM4138113_HNSCC_2_TIL_TAGTTGGTCCAAGCCG	82.76500162987848	0.0	0.0	58.077705186263934	79.87597633965866	0.0	87.5624663791284	0.0	0.0	0.0	96.50140437410083	0.0	0.0	125.87568220846354	0.0	0.0	0.0	0.0	6.18036891495053	2.4704149918846374	17.088073032096563	0.0	0.0	0.0	0.0	23.87350202663346	0.0	0.0
GSM4138113_HNSCC_2_TIL_CGCGGTACAAGTTGTC	0.0	0.0	0.0	0.0	2138.3645870776845	0.0	0.0	758.1021055330896	0.0	0.0	0.0	0.0	0.0	0.0	0.0	0.0	0.0	0.0	0.0	0.0	0.0	0.0	0.0	0.0	0.0	0.0	0.0	0.0
GSM4138113_HNSCC_2_TIL_GGATGTTCACCAGGCT	89.72778298526087	46.74599133146501	0.0	49.336615554128215	244.27640009509838	0.0	15.992732667409337	0.0	0.0	0.0	0.0	0.0	0.0	0.0	225.52848283587207	0.0	0.0	0.0	0.0	0.0	0.0	0.0	0.0	0.0	9.285968576885605	0.0	0.0	3.33739648295087
GSM4138113_HNSCC_2_TIL_ACCCACTGTTTAAGCC	43.288860418003715	180.720949344768	179.2848775314497	0.0	0.0	0.0	59.13554284910429	94.54482177181646	43.93131655661382	87.016489865591	0.0	0.0	0.0	0.0	0.0	0.0	0.0	0.0	43.03414822454426	0.0	23.548098876598722	0.0	5.384994380588291	0.0	0.0	75.16829707471152	0.0	0.0
GSM4138113_HNSCC_2_TIL_ACGATGTTCATTCACT	129.08062587041437	184.10025924178572	0.0	131.5440726927055	51.90437057454136	0.0	53.51828203609809	0.0	0.0	0.0	0.0	0.0	0.0	138.17811995325616	0.0	0.0	0.0	0.0	0.0	0.0	0.0	0.0	0.0	0.0	4.238170396641676	50.43172820653976	0.0	0.0
GSM4138113_HNSCC_2_TIL_ATCCACCTCTTGTACT	136.87519613050566	295.52810297586865	8.261521316604421	249.80816267948276	119.44595955559261	0.0	134.68816231082164	0.0	0.0	51.65494098704166	0.0	0.0	0.0	167.30487495084202	0.0	31.638632206577324	0.0	0.0	0.0	7.315655162688995	0.0	0.0	0.0	0.0	0.0	77.64465917332612	0.0	26.219430684789835
GSM4138113_HNSCC_2_TIL_CATCGGGAGAAAGTGG	135.0765459288513	375.3920885150272	0.0	261.69306875923195	147.54141895693184	0.0	126.41978721698992	0.0	71.87924134124167	25.197856372371486	0.0	41.24721182835591	7.307613091531923	0.0	0.0	30.705229282396253	0.0	0.0	0.0	0.0	0.0	0.0	5.991819959227738	33.47136948398197	0.0	0.0	0.0	4.607896071705633
GSM4138113_HNSCC_2_TIL_CGAATGTGTCGGCATC	57.32579804205137	210.5495336374776	147.96817094504155	0.0	84.61256158321592	0.0	178.79397067834677	11.51577555985922	77.50552738068293	94.29455308293198	0.0	77.73568385136288	0.0	0.0	26.349708487039745	9.86596431076363	0.0	0.0	14.185754664435606	0.0	0.0	0.0	17.09186283930092	0.0	0.0	0.0	0.0	13.773958641090669
GSM4138113_HNSCC_2_TIL_GGACAGACAGCGATCC	154.77433904686887	207.22170570374817	0.0	220.76723155365838	111.66655053994756	0.0	184.68926485096856	0.0	0.0	58.44848173321894	0.0	0.0	0.0	128.40202992445327	0.0	0.0	70.3079602095977	0.0	17.005956927236284	31.94959746556346	21.27041515062039	0.0	0.0	0.0	60.03929114117637	0.0	0.0	0.0
GSM4138113_HNSCC_2_TIL_GTAACTGAGACTACAA	109.40821517197547	143.78602741460702	142.06402961472133	0.0	88.14233320531307	0.0	65.01876350756386	0.0	143.10047974201663	29.371783754032286	50.969930444725726	66.19484434195313	0.0	0.0	0.0	24.563574036957835	0.0	0.0	0.0	0.0	0.0	0.0	13.423991081316457	0.0	0.0	0.0	0.0	21.53624350739213
GSM4138113_HNSCC_2_TIL_GTCACAAGTGAAAGAG	146.2035557178476	219.08580714938822	147.12307052218824	0.0	44.187896585073815	0.0	164.7379564928938	58.00817255037276	104.95246354553929	67.39535331389092	0.0	0.0	0.0	0.0	0.0	25.82445082859781	91.18803749908841	0.0	0.0	0.0	0.0	0.0	35.95594408404098	0.0	0.0	37.29508495436142	0.0	28.23039788436534
GSM4138113_HNSCC_2_TIL_TCGCGAGGTCGCGGTT	112.54006640565488	295.4934096655837	147.75970390189528	47.98656502846573	37.0225786845106	0.0	79.25884516513679	103.42735266141703	0.0	53.595566030006694	0.0	43.78931943183622	0.0	156.33263844968621	0.0	4.853533898345704	0.0	0.0	0.0	5.080029659098308	0.0	0.0	0.0	38.04102941663417	0.0	0.0	0.0	0.0
GSM4138113_HNSCC_2_TIL_TGACAACGTCTCTCGT	173.0752926331185	189.69313419632337	159.09100805918973	0.0	0.0	4.93643341196307	63.73676616310213	145.6887408383613	0.0	31.65253942371242	0.0	0.0	0.0	154.80750740064704	0.0	27.53961508338909	57.34466729169399	0.0	0.0	0.0	0.0	0.0	18.735897863726418	21.44925410954604	0.0	0.0	0.0	0.0
GSM4138113_HNSCC_2_TIL_TTTACTGTCTAGAGTC	75.5066916901443	290.9048944432967	22.66739527757777	226.4543885918102	134.04089942216515	0.0	200.88563821149043	0.0	53.21495617651853	37.85464239744704	0.0	0.0	0.0	0.0	113.3351009311073	0.0	0.0	0.0	41.70007976330709	21.585016354740418	0.0	0.0	0.0	122.26967007844597	0.0	106.9356231073221	0.0	0.0
GSM4138113_HNSCC_2_TIL_AAACGGGAGTAAGTAC	21.973583259095673	185.18447516776817	40.8756427779499	101.78685361010581	0.0	0.0	0.0	68.0264615492013	2.48622253526391	127.32181312708292	0.0	0.0	45.73033082337883	0.0	0.0	98.43038114936135	62.37022813194649	0.0	0.0	0.0	0.0	14.391775706893458	12.724894465570346	0.0	0.0	0.0	0.0	20.4175419890536
GSM4138113_HNSCC_2_TIL_ACACCGGAGAATGTTG	45.896076521161746	76.35953046235265	51.66609644950298	56.06746098148831	0.0	0.0	80.27195893308237	47.56804390452456	0.0	78.92151159922125	0.0	0.0	0.0	53.14209441179778	0.0	92.31104243162996	0.0	0.0	0.0	6.6876734776068245	0.0	0.0	0.0	0.0	25.23941138775421	54.83183832417529	0.0	0.7805199560850522
GSM4138113_HNSCC_2_TIL_ACACCGGTCCGCATAA	122.09679574734749	61.14180736448465	122.16122623924586	0.0	0.0	22.255834183249714	0.0	26.536138409471512	65.0782288941929	80.09556293015821	0.0	0.0	0.0	0.0	0.0	56.5145428401109	36.062489338682475	0.0	0.0	0.0	0.0	20.99740718481993	11.574940802987484	0.0	0.0	0.0	0.0	17.231261525356963
GSM4138113_HNSCC_2_TIL_ACATGGTAGCAGACTG	76.30948280791141	218.64130797559403	80.5145772943786	140.7419069020003	234.92135094085614	13.104798111338058	76.08428309676616	0.0	0.0	97.09234903874591	0.0	53.94253355457894	0.0	0.0	0.0	0.0	0.0	36.10923731849823	0.0	45.22234845097887	0.0	97.1925145558548	0.0	20.3246639395941	0.0	0.0	0.0	0.0
GSM4138113_HNSCC_2_TIL_ACGTCAAGTTATCGGT	67.9140255363764	172.1062369341986	137.40163339768222	0.0	0.0	192.20257731654812	0.0	146.99381546048184	0.0	64.62956240174896	0.0	65.25848480201743	0.0	94.82737206196948	0.0	0.0	18.966327605010488	0.0	0.0	0.0	2.9577623401666875	117.81270345895254	33.065825619615744	0.0	0.0	0.0	0.0	23.012353716715346
GSM4138113_HNSCC_2_TIL_ACTGAACGTAGCGCTC	44.513578449219956	34.3293565343722	129.22419046669745	0.0	0.0	0.0	44.191227607679295	42.03996062792738	22.90084192135172	67.69614448167087	62.13358858786845	0.0	0.0	0.25219241616745935	0.0	4.148828456361276	0.0	0.0	83.91256980519263	9.707444559284943	0.0	0.0	0.0	0.0	0.0	48.95500649214747	0.0	8.289046315085603
GSM4138113_HNSCC_2_TIL_AGCATACGTCGTCTTC	35.348438885032984	103.10626155930579	111.1015258417062	37.60897334880168	69.76792180366809	6.953370435078537	72.46458912523147	0.0	0.0	112.93619010916503	0.0	5.223160510789095	0.0	26.20395434350605	0.0	55.59306018282351	60.67421112424734	0.0	0.0	0.0	0.0	78.40606009581566	9.679919851487567	54.46040989533732	0.0	0.0	0.0	0.0
GSM4138113_HNSCC_2_TIL_AGCCTAATCGCGTTTC	46.84093560711734	83.1902935768977	152.11565521279547	0.0	75.70291912758039	93.85418377843317	0.0	0.0	0.0	89.04520298730965	18.477798974136128	91.36601735923392	0.0	55.33110852551469	0.0	82.9124507563316	0.0	0.0	47.00989574797056	0.0	54.90643230642051	5.595811807838124	3.540276984623959	0.0	0.0	0.0	0.0	0.0
GSM4138113_HNSCC_2_TIL_ATTGGACCAACGCACC	65.28394534226545	0.0	0.0	179.46320492711888	0.0	0.0	96.27547749336387	53.35888148313119	0.0	70.1875186781386	73.16349887722805	83.07797972863406	0.0	29.449582079547085	0.0	0.0	0.0	31.885717858233367	156.95788671248172	8.521469340223547	4.954885167877901	0.0	0.0	21.59360587354054	0.0	0.0	0.0	0.0
GSM4138113_HNSCC_2_TIL_CACAGGCGTTCCTCCA	0.0	0.0	0.0	0.0	0.0	0.0	0.0	0.0	0.0	0.0	0.0	0.0	0.0	0.0	0.0	1267.5853930447204	0.0	0.0	300.64783878049246	0.0	0.0	58.088858605345166	0.0	0.0	0.0	0.0	0.0	0.0
GSM4138113_HNSCC_2_TIL_CAGCGACAGTACGCCC	3.212439576843596	80.96218618569628	134.54292484448948	0.0	0.0	57.30012816708657	0.0	30.75603429161346	0.0	94.6677295449608	0.0	32.26802462027411	0.0	26.020794294095932	0.0	93.84148377320601	0.0	0.0	0.0	0.0	0.0	0.0	19.896785179212458	20.52604836817046	0.0	15.789416592245132	0.0	0.0
GSM4138113_HNSCC_2_TIL_CATGCCTCACTGAAGG	129.9654794396074	64.967112109744	122.73857699446056	0.0	0.0	15.231022556041914	74.77908959014576	60.89428891998528	0.0	111.37587489507837	0.0	0.0	60.992965253195926	48.251203030391586	5.554819217935366	96.63779272742917	45.784306737986455	0.0	80.9925403144789	0.0	0.0	3.625638659698442	0.49095002595909026	16.47637080466306	0.0	0.0	0.0	0.0
GSM4138113_HNSCC_2_TIL_CCAATCCCAGATGGGT	19.77476905802657	90.13051025881853	25.880686787325583	57.22143465654752	0.0	36.51237092080581	0.0	59.20589622550709	0.0	33.78218100234981	0.0	50.65512703992752	0.0	32.56377980053133	0.0	35.69301070105061	0.0	0.0	0.0	0.0	0.0	0.0	13.597462119928737	0.0	0.0	0.0	0.0	10.968065189127808
GSM4138113_HNSCC_2_TIL_CCACGGAGTACCGTAT	52.81131702695722	56.829527699018584	64.76084553562895	37.443870978481215	0.0	0.0	44.57517777818988	18.89244104321335	0.0	68.93150126718415	53.52024998441104	0.0	0.0	67.32537167141425	0.0	0.0	30.35785265070137	0.0	104.16304635895558	10.951413498798443	0.0	0.0	0.0	4.300300863367735	0.0	0.0	0.0	0.0
GSM4138113_HNSCC_2_TIL_CCGGGATGTCGCATAT	77.66621710136774	71.30172713517148	155.47105084048843	0.0	0.0	0.0	79.43040974358904	41.97113428310058	0.0	117.53696136998377	0.0	66.62310558930618	54.43803473615398	0.0	0.0	92.62594544195028	0.0	0.0	0.0	30.729672744835323	0.0	64.25182249581265	0.0	6.164709923315673	0.0	0.0	0.0	0.0
GSM4138113_HNSCC_2_TIL_CGATGTAGTCATTAGC	66.256678437199	102.83827196000856	138.67822936986263	0.0	0.0	0.0	71.24173425459628	45.84950066732833	0.0	101.30472789153383	0.0	28.353527632857723	0.0	48.68046019444863	0.0	78.88756486111002	0.0	0.0	0.0	0.0	0.0	7.737870738417848	3.78925252540455	16.75256305541081	0.0	53.33417275880515	0.0	0.0
GSM4138113_HNSCC_2_TIL_CTACACCAGGTCATCT	60.30776472198978	81.67414238562404	53.009948318963175	37.7979951346409	18.135308151311268	73.07857344109975	0.0	0.0	0.0	61.047665699707856	0.0	14.738485869097413	0.0	50.88452401487026	0.0	83.8818009878944	0.0	0.0	3.080524770144067	4.468165258388305	0.0	0.0	0.0	39.789502048580374	0.0	12.92954126252041	0.0	0.0
GSM4138113_HNSCC_2_TIL_CTAGTGATCACGACTA	81.33761805542521	149.0571539684678	40.58435061708423	53.48784575495943	75.63189999834636	0.0	97.94283271717725	0.0	35.356299986532186	138.3631701496776	0.0	63.741802360130684	0.0	0.0	0.0	127.71216314977758	0.0	0.0	0.0	0.0	0.0	0.0	8.114918480149385	0.0	0.0	0.0	0.0	22.315089872314548
GSM4138113_HNSCC_2_TIL_CTGCTGTAGTGCTGCC	84.40163408557954	55.28593389243354	113.0629257729528	0.0	21.78117027353421	0.0	70.45841285925262	1.0415906561635804	0.0	62.14778870781364	0.0	0.0	0.0	0.0	41.24240136231779	49.18950707043373	3.1076688540388493	0.0	0.0	8.26711931403421	0.0	71.13075568453652	0.0	0.0	0.0	42.08190799497125	0.0	20.54397093641007
GSM4138113_HNSCC_2_TIL_GACGTGCCACATCTTT	100.37836433358964	53.000156434162605	0.0	117.10066903475081	50.84668875008163	0.0	74.11778586119739	0.0	0.0	103.0563722757294	22.136868381076514	0.0	0.0	0.0	132.1056711476366	147.37313574349704	88.62647084647547	0.0	0.0	27.43063970230365	31.769965522278593	0.0	0.0	3.4131918501050302	0.0	20.8602692264979	0.0	0.0
GSM4138113_HNSCC_2_TIL_GATCTAGGTGGCTCCA	23.954392583204672	40.52596910294912	0.0	133.26412836584535	49.490221725603426	0.0	39.95389003537802	0.0	0.0	51.46656769149534	0.0	48.52705296471982	0.0	13.204382667495562	0.0	54.41805396880257	0.0	0.0	0.0	3.754934867247819	0.0	0.0	0.0	0.0	0.0	0.0	0.0	15.716574340122072
GSM4138113_HNSCC_2_TIL_GCCAAATCAGCCTATA	50.14281427525177	42.73583612066286	43.74487359273679	42.282588306109844	0.0	0.0	45.771451177119616	17.73522199721738	0.0	24.867676469756354	119.42799583076932	0.0	41.276520673804356	0.0	0.0	0.0	60.611474389111926	0.0	65.64996026331745	14.761566877778282	0.0	0.0	0.0	6.469034274797221	0.0	0.0	0.0	0.0
GSM4138113_HNSCC_2_TIL_GCGCAGTGTCTTGATG	21.937563033242093	82.0377790234986	33.718817095113025	86.75344868140368	42.628634703558326	0.0	82.25057597007317	0.0	0.0	65.1367629795968	0.0	0.0	0.0	16.53842830163096	0.0	63.76939298679403	41.96107089880075	0.0	0.0	0.0	0.0	0.0	0.0	5.955426289744178	0.0	0.0	0.0	0.0
GSM4138113_HNSCC_2_TIL_GGACAAGTCCTCAATT	129.16537743375113	328.85087093969764	143.31957614584383	21.620966024237617	95.18800173961773	0.0	37.5931504587307	0.0	0.0	153.5952150197865	0.0	22.920022026793553	0.0	71.34218953219522	0.0	20.61105602028401	0.0	0.0	88.99423036919454	16.456730915426064	0.0	0.0	0.0	1.4732517676073078	0.0	47.40895760923707	0.0	0.0
GSM4138113_HNSCC_2_TIL_GGGTCTGAGCTATGCT	57.076204590124796	112.333910735932	103.44737100824352	3.8074787447454788	0.0	0.0	67.82503397247189	35.90549398418884	0.0	64.75326071910764	0.0	107.16367404050901	0.0	40.15134379809507	0.0	22.012551399897898	0.0	0.0	0.0	0.0	0.0	108.67447182041906	7.288810047394857	0.0	0.0	0.0	0.0	20.259454024679147
GSM4138113_HNSCC_2_TIL_GTAGGCCAGCACCGCT	0.0	0.0	0.0	0.0	0.0	0.0	0.0	0.0	0.0	1703.9493220304817	0.0	0.0	0.0	0.0	0.0	0.0	0.0	0.0	0.0	0.0	0.0	0.0	0.0	0.0	0.0	0.0	0.0	0.0
GSM4138113_HNSCC_2_TIL_GTCAAGTTCCGCAAGC	106.47958296927546	98.66401165230583	0.0	161.42288381609237	80.83478805731161	0.0	101.16706770943368	0.0	0.0	85.67060465089159	0.0	0.0	0.0	51.53390733465608	0.0	66.17950389738368	8.486798789047443	0.0	12.959611368198548	4.2607157671042275	33.226074009122	31.923446766263528	0.0	0.0	0.0	57.408396104038076	0.0	0.0
GSM4138113_HNSCC_2_TIL_GTTACAGAGGCCGAAT	78.40428147381822	0.0	155.40541325877945	0.0	30.52440380873292	46.13508786047272	0.0	17.117377254117358	0.0	100.03732162460959	124.49326097444492	21.992675481297255	0.0	0.0	55.316595918378084	0.0	48.31797370777696	0.0	127.05102416852691	0.0	27.314770604574818	0.0	11.477852298017227	0.0	0.0	0.0	0.0	0.0
GSM4138113_HNSCC_2_TIL_TAGAGCTCAGATGGCA	90.49478376789496	27.849185292381712	0.0	218.82003569900488	139.81115289433322	0.0	93.14826486040965	0.0	0.0	118.99164071283614	121.42073699610083	133.11425541821086	0.0	28.90629249281991	0.0	0.0	0.0	50.50710484312784	170.05990829299785	0.0	38.08762883287163	0.0	49.63218850362066	0.0	0.0	0.0	0.0	0.0
GSM4138113_HNSCC_2_TIL_TAGCCGGTCAAAGTAG	49.55217802062066	145.3700471006537	110.83860190449855	0.0	16.309781377574897	0.0	65.77270982723444	0.0	0.0	130.54976868096546	0.0	63.58319224124247	0.0	0.0	73.13528321430351	100.73390314894384	0.0	0.0	0.0	10.861411100519874	0.0	0.0	0.0	4.337698133521091	0.0	0.0	0.0	0.0
GSM4138113_HNSCC_2_TIL_TCAGCAATCCTTGGTC	96.00256889809529	53.087503861883384	0.0	128.86406205493608	0.0	0.0	21.213218324177927	0.0	0.0	37.29282173257517	0.0	0.0	0.0	68.07004311825236	0.0	0.0	91.51521683924778	0.0	69.31226336489993	0.0	0.0	0.0	5.8248613390211625	0.0	0.0	0.0	0.0	0.0
GSM4138113_HNSCC_2_TIL_TCGAGGCCATATACCG	46.74265725997909	14.675350695726706	0.0	160.1954910032605	85.95218893616507	0.0	38.317283988496875	0.0	0.0	54.77400270985505	221.37294019189585	90.0239477751877	0.0	0.0	0.0	0.0	0.0	46.87598431145403	68.84019969351695	12.387573516242497	40.58743016901156	0.0	0.0	0.0	0.0	0.0	0.0	0.0
GSM4138113_HNSCC_2_TIL_TCTTTCCCAGATCGGA	61.28069431246012	221.17565991722256	0.0	159.1101970429208	221.10340736032475	0.0	96.53034488521527	0.0	0.0	72.52635477280862	0.0	67.10384136968803	0.0	50.05790319676622	0.0	76.82494681180619	0.0	0.0	1.6068791213635512	0.0	22.01128325336387	0.0	28.033470586882224	0.0	0.0	0.0	0.0	0.0
GSM4138113_HNSCC_2_TIL_TCTTTCCGTCCATGAT	74.72538417269058	121.48042986080374	132.93821639216404	0.0	40.264565226291865	63.92147940150102	0.0	0.22053127824556407	0.0	80.52092190395255	0.0	102.69577091878158	15.405782996766819	0.0	59.51079082200479	118.71440455713648	0.0	0.0	0.0	19.057043695353563	0.0	0.0	0.0	0.0	0.0	0.0	0.0	9.895086066187314
GSM4138113_HNSCC_2_TIL_TGAGCCGTCTCGCTTG	51.46295867869734	115.60184304353429	78.38211679778779	46.1493904946105	53.87978654070479	42.82195086159322	4.72169956613634	0.0	0.0	130.61628822540607	0.0	0.0	45.80503897333156	8.951333738642399	0.0	0.0	45.77048901746308	0.0	0.0	0.0	0.0	100.10405815468567	14.481376589364434	20.053432572761817	0.0	2.8877080821326992	0.0	0.0
GSM4138113_HNSCC_2_TIL_TTAACTCCACGGTAAG	44.77531006157351	46.94000096578561	24.568960408868293	99.40534203700534	4.562295084742815	0.0	63.82974481033622	0.0	0.0	84.71791926412673	0.0	12.662432694650612	0.0	0.0	0.0	0.0	0.0	24.34613187704171	92.47763775105298	22.711240829109823	0.0	0.0	0.0	6.880793064538441	0.0	21.567473695018634	0.0	0.0
GSM4138113_HNSCC_2_TIL_GCACATAGTGCTCTTC	120.94476552439494	53.99506661647634	0.0	60.74537313533902	49.22158448669723	76.38292391626923	0.0	0.0	178.21447806775632	20.898977492452502	0.0	52.41362440669922	0.0	0.0	0.0	0.07923082536874172	0.0	0.0	0.0	30.49366960450383	0.0	0.0	0.0	0.0	0.0	0.0	0.0	22.569483226851116
GSM4138113_HNSCC_2_TIL_AACTGGTAGCCACGTC	183.14115767400406	200.83573774884357	108.93253496180282	72.83624333401465	168.49726709116194	345.1075749028949	0.0	0.0	0.0	45.9715098099333	0.0	0.0	82.94669052473705	0.0	65.28120826370657	0.0	0.0	0.0	17.325311878067225	18.88032245092749	0.0	0.0	0.0	78.55419907918011	0.0	172.75994179534652	0.0	51.39574140031975
GSM4138113_HNSCC_2_TIL_ATCTGCCAGACTAGGC	194.13952126161524	0.0	71.90166616913557	0.0	103.78053147544752	0.0	157.35467255529932	0.0	119.86712264081082	33.14609805006069	62.34843249894478	0.0	0.0	0.0	0.0	0.0	56.30137302884253	0.0	0.0	26.648502574506328	0.0	0.0	0.0	70.95714645074477	0.0	0.0	0.0	0.0
GSM4138113_HNSCC_2_TIL_CAACCTCTCCTACAGA	121.87826752683965	213.6917804480883	279.6174822122863	0.0	68.96530442928433	309.9231684565561	0.0	128.89589173247836	220.3863555111046	0.0	0.0	57.7278698933674	0.0	0.0	0.0	11.084904447995312	0.0	0.0	18.712097710164308	20.356113789460792	0.0	0.0	0.45702130232247545	0.0	19.5337757358556	0.0	0.0	17.41122067775238
GSM4138113_HNSCC_2_TIL_CAAGGCCGTAGAGCTG	188.11452726098508	0.0	129.44143674798028	0.0	0.0	385.7682048008727	0.0	39.12965474266506	0.0	34.54548066263493	29.981746429829695	0.0	11.488086015483441	0.0	64.40247218958014	0.0	210.4013730906704	0.0	28.843424086130643	58.712606941568204	103.07438354443869	0.0	0.0	0.0	0.0	0.0	0.0	0.0
GSM4138113_HNSCC_2_TIL_CACACTCCACAACGCC	79.18344419646118	137.88949155898024	0.0	137.63640544313077	78.77183286008648	0.0	21.057690875461187	0.0	0.0	8.88351597128115	0.0	91.63407847632969	0.0	0.0	0.0	0.0	0.0	37.058729172606576	25.317034290043182	0.0	0.0	0.0	2.5449079918616833	0.0	0.0	0.0	0.0	0.12719329149366965
GSM4138113_HNSCC_2_TIL_CTCGGGACACTGAAGG	262.8876757105884	17.665087540276097	166.58001759357307	0.0	211.17168067401312	0.0	448.40021554450044	0.0	290.45776093450087	8.076779494770097	214.92399943614444	0.0	0.0	0.0	0.0	0.0	117.79130459410395	0.0	0.0	0.0	98.33721545819697	2.3434434367190273	39.24911184505724	0.0	16.530411721985107	0.0	0.0	0.0
GSM4138113_HNSCC_2_TIL_CTTGGCTGTTCGCTAA	0.0	0.0	0.0	0.0	0.0	0.0	0.0	0.0	0.0	0.0	0.0	0.0	0.0	0.0	0.0	0.0	0.0	0.0	0.0	0.0	1659.9211367800983	0.0	0.0	0.0	0.0	0.0	0.0	0.0
GSM4138113_HNSCC_2_TIL_GACCAATGTTACGACT	0.0	0.0	0.0	0.0	0.0	0.0	0.0	0.0	0.0	0.0	0.0	2658.7676203335736	0.0	0.0	0.0	0.0	227.24908186117347	0.0	0.0	0.0	0.0	0.0	0.0	0.0	0.0	0.0	0.0	0.0
GSM4138113_HNSCC_2_TIL_GCGGGTTCAGCGTCCA	214.0648873477659	149.29241926767375	214.7570120475485	0.0	0.0	0.0	309.13339529884604	461.8485763160717	0.0	28.490796476679545	12.482738843016577	0.0	0.0	282.66266185185924	5.2668565873926445	0.0	78.50944240937658	0.0	0.0	0.0	0.0	37.84892561056648	20.979882006965227	0.0	0.0	0.0	0.0	16.045248154231444
GSM4138113_HNSCC_2_TIL_GTAGGCCAGTCGTACT	118.47503768162467	0.0	156.1748478594746	0.0	0.0	0.0	235.0491051674664	205.640034587112	170.42956889664165	9.733289384875652	97.16357505318817	0.0	0.0	0.0	0.0	0.0	77.81950809287594	0.0	0.0	0.0	57.62364114220701	0.0	23.787860289510167	0.0	0.0	33.71281153734017	0.0	0.0
GSM4138113_HNSCC_2_TIL_GTGAAGGGTAGAAGGA	82.87504673308207	40.562109985290874	58.61882224432719	33.76548771006003	182.99262438031715	0.0	0.0	0.0	0.0	47.71175268184067	51.318470108989835	0.0	0.0	158.98438728334432	0.0	59.69807677786343	0.0	0.0	0.0	20.155591932903203	0.0	0.0	0.0	0.0	0.0	74.5508941435067	322.1227293226672	35.84245338036707
GSM4138113_HNSCC_2_TIL_GTTACAGCATAGGATA	221.08711740229333	127.7175773237705	0.0	166.51268994005588	59.96357447869493	0.0	161.81958167568698	0.0	0.0	0.0	0.0	154.8824518312936	257.17902943101205	0.0	0.0	0.0	0.0	0.0	0.0	29.526380876548163	0.0	0.0	0.0	0.0	174.78449448652367	0.0	0.0	30.434168297634628
GSM4138113_HNSCC_2_TIL_TAGGCATCATGACGGA	189.8713792746533	262.8650998355287	11.82951460030614	143.88730519621947	218.66566909714354	294.9522026121179	0.0	0.0	0.0	70.55177505058798	0.0	165.68194174536399	0.0	0.0	237.1424523033059	0.0	0.0	0.0	0.0	69.77123219532218	0.0	35.05229186116374	0.0	0.0	0.0	0.0	0.0	104.2338137834488
GSM4138113_HNSCC_2_TIL_TCAATCTCAAGAAGAG	238.0355765051657	0.0	267.34131682160245	0.0	0.0	429.9213178914027	0.0	203.4997149941961	0.0	50.84251066362076	144.98587200391958	0.0	0.0	0.0	0.0	0.0	200.5707354429088	184.97522204856992	23.260304821989223	7.140758352200636	67.97108489696774	0.0	0.0	0.0	0.0	0.0	0.0	0.0
GSM4138113_HNSCC_2_TIL_TGGCCAGCATGTAAGA	0.0	0.0	0.0	0.0	0.0	3295.633694753479	0.0	0.0	0.0	0.0	0.0	0.0	0.0	0.0	0.0	0.0	0.0	0.0	0.0	0.0	0.0	0.0	0.0	0.0	0.0	0.0	0.0	0.0
GSM4138113_HNSCC_2_TIL_AACTCAGCAATGGTCT	135.8041086630821	0.0	10.694040144201004	0.0	0.0	113.35838830295044	0.0	111.60616673171515	0.0	0.0	3.0339629552152716	21.633606128069587	0.0	0.0	242.29767901485852	0.0	0.0	0.0	0.18319145796986114	30.182877077169575	0.0	0.0	0.0	0.0	0.0	0.0	0.0	0.0
GSM4138113_HNSCC_2_TIL_TGCGGGTGTCTAGCCG	289.02224813149616	0.0	17.883500069810683	0.0	0.0	199.6469475171348	0.0	94.4512591250424	78.52127042455544	0.0	30.745606985681494	34.41296507602105	0.0	0.0	0.0	0.0	0.0	0.0	0.0	14.63280721775452	0.0	0.0	0.0	0.0	0.0	0.0	0.0	0.0
GSM4138113_HNSCC_2_TIL_AGTGAGGTCTACCAGA	99.06655871641237	336.4366611996891	0.0	217.2327347496422	109.92788476377605	67.0589249052152	67.83923183926215	120.8553754168595	127.89035763151007	29.947998976275805	0.0	54.41712630747397	0.0	0.0	0.0	60.800902630542815	0.0	0.0	0.0	0.0	0.0	0.0	21.606841512341752	0.0	0.0	0.0	0.0	26.508496761814097
GSM4138113_HNSCC_2_TIL_CATGGCGCATTCTCAT	70.53435628070977	124.98154457665214	68.82628191000771	0.0	85.96007072764027	40.76828215446082	0.0	0.0	0.0	14.677030816502823	0.0	0.0	89.92357991720876	0.0	0.0	0.0	132.23197507209775	0.0	0.0	6.976900139964653	16.514022509044825	0.0	0.0	0.0	20.896616479850415	0.0	0.0	0.0
GSM4138113_HNSCC_2_TIL_GTACTCCAGTGGGATC	100.87621084689752	492.2358864285815	309.72111502460365	153.2784410761792	0.0	0.0	196.24351904234823	175.62660077321752	0.0	89.90650560957725	0.0	88.75291089084253	0.0	128.5098975781489	0.0	116.31233279923556	0.0	0.0	0.0	33.09870904823428	0.0	0.0	0.0	0.0	0.0	0.0	0.0	44.13374729549441
GSM4138113_HNSCC_2_TIL_TTTGGTTGTTACCGAT	34.68283932137208	196.13505795485992	0.0	383.041887991265	239.0162718958474	109.2923562346807	0.0	0.0	0.0	39.60004641153942	0.0	0.0	0.0	97.44202763959954	0.0	0.0	0.0	0.0	1.619525613669545	22.045397321768952	14.773699782342085	24.448799892120945	0.0	0.0	0.0	56.975684930578474	0.0	1.491795735251999
GSM4138113_HNSCC_2_TIL_AGCTCCTCAGTCGATT	110.52331925692613	203.20347296122557	0.0	39.52900948833687	195.65688789350327	42.96134147975433	0.0	0.0	0.0	4.684982382016933	0.0	68.4168056265671	0.0	40.504148811423114	0.0	0.0	0.0	35.967069389072705	8.105860901735536	0.0	0.0	0.0	4.203153654666171	0.0	0.0	0.0	0.0	12.970038839277317
GSM4138113_HNSCC_2_TIL_AACTCCCAGTGTCTCA	15.551245711281153	78.54341609397686	0.0	46.793513010045615	37.52921756909812	0.0	23.7350120842132	0.0	0.0	3.789067389120786	0.0	60.148369858265056	0.0	65.34318991901041	0.0	17.645110027454106	0.0	0.0	0.0	0.0	0.0	0.0	243.6317641100563	0.0	0.0	0.0	0.0	47.90231654313252
GSM4138113_HNSCC_2_TIL_AGCAGCCGTATAGGTA	45.87690541483834	148.25796533083349	0.0	98.74372986502769	77.28572201522553	8.305114817197595	104.13305194423906	0.0	0.0	0.0	0.0	0.0	0.0	107.23026839106804	0.0	13.517181874707024	51.16684871065627	0.0	0.0	407.02656552343046	0.0	0.0	0.0	0.0	43.86183823199205	0.0	0.0	0.0
GSM4138113_HNSCC_2_TIL_CTGAAACAGTGGACGT	38.14683319521637	0.0	4.457937823672672	44.92587777788824	0.0	0.0	47.09066843212736	69.43692296934704	0.0	0.0	168.55474012240282	36.159898024229484	0.0	34.77526075348018	0.0	8.597248206245924	0.0	0.0	0.0	0.0	0.0	0.0	102.98193314038508	3.381642046062954	0.0	0.0	0.0	0.0
GSM4138113_HNSCC_2_TIL_TCAGCAATCCGAAGAG	0.0	0.0	0.0	0.0	0.0	0.0	0.0	0.0	0.0	0.0	0.0	0.0	0.0	0.0	0.0	0.0	0.0	0.0	0.0	1260.6429290522797	0.0	0.0	139.36324253537876	0.0	0.0	0.0	0.0	0.0
GSM4138113_HNSCC_2_TIL_AACTCTTAGGCATGGT	90.02339300077982	238.71744089725914	420.44553642597606	0.0	113.33993681501109	320.3014431444446	0.0	0.0	0.0	66.74898247326162	0.0	235.84845543092717	0.0	0.0	134.95920692454402	0.0	31.29220344218423	0.0	0.0	0.0	0.0	69.24009999403651	14.054548084503061	29.467867392764585	0.0	0.0	0.0	0.0
GSM4138113_HNSCC_2_TIL_AAGTCTGTCTCCGGTT	119.82889464457038	161.3424053039636	76.29138055289403	296.7359978984116	94.0741476588132	0.0	311.88402042337594	0.0	0.0	0.0	0.0	0.0	0.0	0.0	91.2187171953523	47.159000977083565	123.79457766807342	50.96233368389238	0.0	0.0	51.86165365868862	5.8083034852431235	17.715481270459332	0.0	75.67046133349977	85.56718685616043	0.0	0.0
GSM4138113_HNSCC_2_TIL_GACGTGCAGTAGGTGC	0.0	0.0	306.74720072200745	3810.511189130304	0.0	0.0	0.0	0.0	0.0	0.0	0.0	0.0	0.0	0.0	0.0	0.0	0.0	0.0	0.0	0.0	0.0	0.0	0.0	0.0	0.0	0.0	0.0	0.0
GSM4138113_HNSCC_2_TIL_GATTCAGCAGCTGCAC	204.05789294880202	204.95253326895948	46.88484258427568	360.00846962269117	169.12225099871614	245.7514708217417	0.0	0.0	111.91870011682803	52.967808566258974	0.0	0.0	0.0	0.0	0.0	0.0	157.6941844787912	0.0	34.336340880548796	0.0	0.0	0.0	15.04793643398415	0.0	0.0	0.0	0.0	60.50418779778783
GSM4138113_HNSCC_2_TIL_GTACTTTGTGCAGACA	13.861795224519877	18.64655653330677	0.0	38.42232415366974	2.4838302923776614	0.0	37.690405086853254	0.0	11.050307177083424	1.101360362783964	0.0	0.0	0.0	0.0	0.0	0.0	2.180935868831176	0.0	0.0	0.0	0.0	1.3548220000523017	0.0	0.09782466800784356	0.0	0.0	0.0	0.0
