	1	2	3	4	5	6	7	8	9	10	11	12	13	14	15	16	17	18	19	20	21	22	23	24
GSM4138113_HNSCC_2_TIL_ACAGCTACAGCAGTTT	78.90451867072242	117.58416348942755	0.0	16.586997873089587	0.0	98.17818510853067	0.0	21.626856806359115	0.0	0.0	0.0	100.59247528474887	31.985432917072433	0.0	0.0	0.0	9.878157643598211	19.090380015223303	0.0	0.0	0.0	0.0	0.0	0.0
GSM4138113_HNSCC_2_TIL_CGCTATCTCGGTCCGA	123.32019080533136	0.0	184.95105701357318	49.33153817596677	0.0	189.60792499283815	126.1877681809163	0.0	0.0	0.0	89.8764334838223	80.95081394592178	0.0	29.079144905596955	0.0	122.44353755119984	14.987137085941095	0.0	0.0	52.78250196096669	0.0	0.0	0.0	0.0
GSM4138113_HNSCC_2_TIL_GGACGTCGTAGAGGAA	65.67833011212252	0.0	67.27835433147693	20.23875551101881	0.0	24.085060282132766	0.0	9.072048230276234	0.0	0.0	0.0	43.867747796833854	101.57268390699883	0.0	35.61897771933682	0.0	0.0	0.0	0.0	0.0	0.0	0.0	0.0	0.0
GSM4138113_HNSCC_2_TIL_AACTCTTGTCAAGCGA	139.02764286143562	96.53102975691101	0.0	7.2783800581430125	0.0	0.0	0.0	13.560178808754484	0.0	27.00890849505664	0.0	0.0	148.2668486995409	99.47054484415351	10.50214300100217	0.0	0.0	0.0	0.0	0.0	0.0	0.0	0.0	0.0
GSM4138113_HNSCC_2_TIL_AGTGTCAAGAACTGTA	445.81850709326085	62.57758370925626	0.0	65.53315778139505	0.0	184.9073854491388	223.72412252482275	0.0	0.0	0.0	111.46850758848734	0.0	0.0	120.0574710811242	17.930317155191297	230.67371536283278	0.0	0.0	0.0	11.124517704624662	0.0	0.0	0.0	0.0
GSM4138113_HNSCC_2_TIL_GAAACTCAGTTACGGG	122.2283262781368	146.73382894428502	0.0	51.59329829146582	0.0	130.64747151454827	0.0	34.40177742816494	0.0	0.0	0.0	109.37472961828888	0.0	0.0	40.85700357708035	0.0	0.0	0.0	139.7314543013313	0.0	0.0	0.0	0.0	0.0
GSM4138113_HNSCC_2_TIL_ACGGAGACAGGGATTG	336.635001309654	0.0	185.2828299560133	37.74486350727237	478.4105401655306	13.81671703385267	0.0	90.58380092116836	0.0	61.786258680718895	0.0	0.0	0.0	20.82228044247894	25.751572742612254	54.520215910169036	75.82203705211207	0.0	0.0	35.98497829883664	0.0	0.0	43.640072691213064	0.0
GSM4138113_HNSCC_2_TIL_CACACAAAGTCCGTAT	295.15437726371255	207.82065095515745	48.67046322534644	106.67314059785105	486.2316372939668	0.0	0.0	91.07487373200281	0.0	129.6396786141842	0.0	0.0	0.0	247.86972348533163	72.486380573954	0.0	40.893082705055534	0.0	0.0	0.0	0.0	0.0	0.0	0.0
GSM4138113_HNSCC_2_TIL_CAGCTAACAGTCACTA	71.58162114550152	92.31532073045005	0.0	12.346142895675431	0.0	0.0	0.0	48.088869693746574	100.30743099394287	32.395569587441074	0.0	56.50213732390394	39.73829028430029	0.0	0.0	0.0	0.0	0.0	0.0	16.777904677305408	0.0	0.0	0.0	0.0
GSM4138113_HNSCC_2_TIL_CATATGGAGGGTGTGT	187.3446749802117	0.0	150.36608212668722	50.36231188094628	0.0	0.0	0.0	50.18442168549318	308.9853994553305	139.57925278983404	0.0	55.45670707230851	0.0	0.0	36.94037441648302	0.0	37.39026213538179	0.0	0.0	0.0	0.0	0.0	0.0	0.0
GSM4138113_HNSCC_2_TIL_CATCAAGTCTATCGCC	307.7165989618513	218.28240364525644	0.0	93.58699736685253	213.9622234257558	57.30294905230295	107.66378347430978	109.18415000784047	118.71713090171288	56.63057149262614	0.0	0.0	0.0	0.0	70.34145782935036	0.0	170.39445259479584	0.0	128.49254205675763	0.0	0.0	0.0	7.568211691251392	0.0
GSM4138113_HNSCC_2_TIL_CCTACACCACGAAGCA	211.77222500868504	0.0	225.4628100777503	37.559693314386315	453.3235948153814	80.63707899487473	0.0	0.0	102.22500283953963	0.0	70.00445850392062	149.38907528290278	0.0	4.818766900271129	59.57820966811348	0.0	0.0	0.0	0.0	0.0	0.0	0.0	0.0	0.0
GSM4138113_HNSCC_2_TIL_CGTCACTTCGGCGGTT	75.72870043187906	0.0	82.14071678551905	16.071375911457608	0.0	0.0	0.0	0.0	0.0	35.17187108825341	36.21435712711858	0.0	27.78453538280983	24.27372469047935	15.509369776062876	118.09957382781826	14.808170976507228	0.0	0.0	0.0	0.0	0.0	0.0	0.0
GSM4138113_HNSCC_2_TIL_CTGATAGGTAAGTGGC	105.21400980377194	176.5236070368372	0.0	27.362049529047443	161.5265738580393	0.0	0.0	19.075218952862805	0.0	0.0	0.0	0.0	0.0	28.302179591267503	0.0	0.0	0.0	0.0	0.0	30.522336873789037	0.0	0.0	0.0	0.0
GSM4138113_HNSCC_2_TIL_CTGCCTATCACCACCT	186.10960062927253	73.16235445911298	0.0	35.186722260171045	0.0	0.0	0.0	42.43607702195456	0.0	84.1136178110711	0.0	82.83231779908687	418.22774990293135	0.0	0.0	0.0	0.0	0.0	0.0	52.79922203433938	0.0	0.0	0.0	0.0
GSM4138113_HNSCC_2_TIL_GATCAGTAGAGTAATC	292.687519719393	0.0	104.2924938357502	21.321799810517938	0.0	0.0	0.0	48.69629904567134	0.0	76.22312074794921	0.0	37.00446901859685	0.0	0.0	0.0	302.5413988400604	0.0	47.201172289431454	0.0	0.0	0.0	0.0	0.0	2.971377619692356
GSM4138113_HNSCC_2_TIL_GATGAGGGTAGCCTCG	102.80064062387085	0.0	41.01258553332358	20.89883503621381	281.8168852500681	0.0	0.0	0.0	0.0	10.127236098352316	38.73945731545675	0.0	0.0	54.15529602548199	3.433431245393892	0.0	0.0	12.768944006610548	0.0	7.524533370937829	0.0	0.0	0.0	0.0
GSM4138113_HNSCC_2_TIL_GCAAACTGTCGCCATG	247.89404874951913	171.39464368263967	0.0	68.18087954843165	0.0	72.28252903157977	0.0	69.95198553544617	0.0	0.0	0.0	89.35225233628563	0.0	0.0	39.892296225337965	271.00268910875445	32.391635196443445	0.0	0.0	0.0	0.0	0.0	0.0	0.0
GSM4138113_HNSCC_2_TIL_GCGCCAAAGTTTCCTT	0.0	0.0	0.0	0.0	2723.653337543827	0.0	0.0	0.0	0.0	0.0	0.0	0.0	0.0	0.0	0.0	559.2589912104119	0.0	0.0	103.20357055326554	0.0	0.0	0.0	0.0	0.0
GSM4138113_HNSCC_2_TIL_GCGCGATAGGTAAACT	137.43546578433435	130.25408449572907	0.0	59.42626137805944	0.0	0.0	0.0	0.0	48.059471452753314	77.41836713276246	57.668224867184904	0.0	246.11729551497166	94.1693932746758	0.0	0.0	0.0	0.0	0.0	28.89240992497967	0.0	0.0	0.0	0.0
GSM4138113_HNSCC_2_TIL_TCAATCTGTCCAGTTA	164.74342762486904	117.98038782159743	0.0	39.33414700461756	269.3906410657309	14.628849986405282	0.0	14.011362174325392	0.0	51.924835043492614	31.092682509135596	38.23799034438427	0.0	28.781714525549436	0.0	0.0	0.0	0.0	0.0	56.15867527702303	0.0	0.0	0.0	0.0
GSM4138113_HNSCC_2_TIL_TGCTGCTCAGTGAGTG	206.08597103752896	124.1046417766948	0.0	60.09767263376881	211.66399327208342	36.98749979328452	0.0	53.72344119572334	0.0	0.0	0.0	57.76268144112797	0.0	0.0	27.82514574199043	0.0	0.0	0.0	0.0	0.0	95.137743636236	0.0	0.0	0.0
GSM4138113_HNSCC_2_TIL_ACGAGCCTCGCGATCG	94.10969776582981	100.73790051265223	0.0	26.758291757604795	0.0	39.39707219101905	0.0	21.54341062889681	0.0	0.0	0.0	0.0	0.0	59.36709916634523	0.0	0.0	0.0	0.0	0.0	23.120497786354978	0.0	0.0	127.10713427763915	0.0
GSM4138113_HNSCC_2_TIL_AGCATACTCACAGTAC	133.18836487087455	153.54354855195396	0.0	30.232030343432935	153.55042103658695	0.0	0.0	39.68971282275278	0.0	107.9269872615031	0.0	0.0	0.0	78.08036204479934	0.0	0.0	0.0	0.0	0.0	33.59263827923451	0.0	0.0	0.0	0.0
GSM4138113_HNSCC_2_TIL_CCACTACAGTTCGCGC	103.10456210268408	127.56916577581892	13.386141371093647	10.04767281869125	0.0	53.445517512869266	0.0	0.0	79.6095834992041	5.523062146261734	14.40056768876203	0.0	0.0	55.37557348998439	0.0	0.0	0.0	0.0	18.31503678408332	24.63838339793202	0.0	0.0	50.759138581560705	0.0
GSM4138113_HNSCC_2_TIL_CGATTGAGTATATGGA	123.50285350287214	0.0	135.6671589169818	14.63962597197329	0.0	33.23577043544364	0.0	0.0	0.0	0.0	31.58130571719163	0.0	11.594586757764601	68.42319289002721	0.0	119.95682274950778	0.0	0.0	0.0	32.448408150329875	0.0	0.0	0.0	0.0
GSM4138113_HNSCC_2_TIL_CTCGTACCACCGATAT	131.29313673566168	87.75721536784586	0.0	31.061236867001412	30.73486584535638	0.0	0.0	25.19507047797441	0.0	62.52024958631488	0.0	0.0	0.0	80.98241427714582	0.0	0.0	0.0	0.0	0.0	24.15143830933977	0.0	0.0	98.56887574229152	0.0
GSM4138113_HNSCC_2_TIL_CTGTTTATCAACACGT	128.75037270199073	0.0	153.16349149224465	22.06762063407508	98.374885383616	36.31616946905711	0.0	8.240299634232873	0.0	0.0	34.31416443841779	0.0	22.00336560164349	52.50569482091722	0.0	0.0	0.0	0.0	0.0	24.392310931241838	0.0	0.0	0.0	0.0
GSM4138113_HNSCC_2_TIL_CTTCTCTTCTCTGTCG	88.98104873816737	0.0	0.0	32.30740583130736	0.0	0.0	72.25309295436298	33.58557255529118	0.0	80.2887414814192	0.0	26.67576364004913	53.409378027700704	0.0	0.0	0.0	25.284090273110138	0.0	0.0	11.36224797394519	0.0	0.0	53.63652758148871	0.0
GSM4138113_HNSCC_2_TIL_GAATAAGGTTAAGAAC	100.10254269297104	0.0	138.17596716972588	39.29855881597237	0.0	0.0	0.0	48.77660398930946	0.0	64.0758940558819	0.0	0.0	0.0	68.30984559174134	0.0	63.407063583484195	0.0	0.0	0.0	23.96182759405242	0.0	0.0	58.05901831100004	0.0
GSM4138113_HNSCC_2_TIL_GATCGATCATGTTGAC	103.80032791804565	0.0	133.685756520343	7.788328753230139	0.0	65.89764597474026	0.0	0.0	0.0	3.7212222699919697	49.50542000952214	0.0	0.0	92.12670164358228	0.0	0.0	0.0	0.0	169.90757312030948	45.83422859444504	0.0	0.0	0.0	0.0
GSM4138113_HNSCC_2_TIL_TCCACACTCTTGTACT	98.01354732284055	142.30920533503564	0.0	20.822479479897975	62.425349784194225	48.973792169490714	0.0	52.76478417343748	36.5243795596058	0.0	0.0	41.70765967806828	0.0	0.0	0.0	0.0	0.0	0.0	0.0	20.120120864825875	0.0	0.0	0.5221838143727734	0.0
GSM4138113_HNSCC_2_TIL_TCTTCGGAGATGTCGG	100.36983845805302	71.80845577945767	38.96091475924521	18.779865402713824	49.09907109730313	82.12024479511707	0.0	56.21689284097008	0.0	0.0	0.0	0.0	0.0	96.67279075363444	0.0	0.0	0.0	0.0	0.0	22.714437394901815	0.0	0.0	88.62483015790477	0.0
GSM4138113_HNSCC_2_TIL_TTCGAAGAGTACCGGA	134.6033980117046	0.0	125.46355985619199	29.016128139712652	0.0	24.24674494487286	0.0	39.880087575347666	0.0	31.166669316383725	0.0	0.0	0.0	23.05064186147267	0.0	0.0	0.0	0.0	0.0	15.844063505707298	0.0	0.0	196.17907095642616	66.41407416500788
GSM4138113_HNSCC_2_TIL_AAACCTGTCTGATTCT	122.78281002832641	0.0	153.5118110457222	12.383268613641693	128.58019112642876	28.48181069773124	0.0	0.0	43.86177554954867	28.05889916375495	59.665804092031834	0.0	0.0	66.72869695558822	28.531693668176658	0.0	0.0	0.0	0.0	0.0	0.0	0.0	0.0	0.0
GSM4138113_HNSCC_2_TIL_AAGCCGCGTCGACTAT	67.18239726879756	0.0	52.75117684887973	10.220856322002767	0.0	16.44033479327049	0.0	0.0	0.0	0.0	13.712737951015402	0.0	21.03559511227944	37.42319108620694	14.244829952371424	57.81895315765004	0.0	0.0	0.0	0.0	0.0	0.0	0.0	0.0
GSM4138113_HNSCC_2_TIL_AATCGGTGTCCGACGT	92.34119586357467	0.0	105.30532671497642	35.85650228814276	33.60296382230189	40.706643524713115	0.0	33.20250620781181	87.42320670699523	0.0	0.0	42.306108754426866	0.0	26.86975344280174	23.2549773054342	0.0	0.0	0.0	0.0	0.0	0.0	0.0	0.0	0.0
GSM4138113_HNSCC_2_TIL_AGTTGGTGTCTTTCAT	82.84237911459091	0.0	0.0	8.75862664568207	125.56630640424461	37.960810254737986	95.22101229663433	18.148983451638827	9.072957673420374	0.0	0.0	26.491991005516585	0.0	0.0	19.24473673548887	0.0	0.0	0.0	0.0	0.0	0.0	0.0	0.0	0.0
GSM4138113_HNSCC_2_TIL_ATCACGAAGAGAGCTC	73.20393317992504	0.0	136.26438287352457	11.033492373492129	0.0	44.68914107679578	0.0	0.0	0.0	0.0	20.28415424371326	0.0	99.11404373415976	0.0	35.0445783678252	0.0	13.874166100456428	0.0	0.0	0.0	0.0	0.0	0.0	0.0
GSM4138113_HNSCC_2_TIL_ATCATGGGTAGCAAAT	101.55941048783964	105.80400794319327	0.0	16.66755213970221	0.0	51.275085647998466	0.0	0.0	117.84713466617916	0.0	39.08280411237753	72.56155792278831	0.0	0.0	14.95985209488962	0.0	0.0	0.0	0.0	0.0	0.0	0.0	0.0	0.0
GSM4138113_HNSCC_2_TIL_ATTTCTGCAAGGACAC	95.32796604985832	0.0	105.75701923136319	22.11589096471269	0.0	33.758497954395914	0.0	12.62054657492839	177.37617645420892	23.412817700703414	0.0	0.0	0.0	20.575759772591518	49.471527451007944	0.0	0.0	0.0	0.0	0.0	0.0	0.0	0.0	0.0
GSM4138113_HNSCC_2_TIL_CACAGGCGTCGACTAT	40.00389211472623	0.0	125.82235805515155	6.723503627446677	0.0	22.021852957955	0.0	0.0	84.30914150237673	0.0	10.530142899437596	0.0	0.0	0.0	10.15069131422379	0.0	22.798148020850356	0.0	0.0	0.0	0.0	0.0	0.0	0.0
GSM4138113_HNSCC_2_TIL_CACAGGCTCGTACCGG	87.75090184299506	0.0	139.59989449567016	25.541166380557108	0.0	30.456103104845184	0.0	0.0	0.0	0.0	35.15988003716035	0.0	113.30410817630808	0.0	15.573237503918708	0.0	0.0	0.0	0.0	0.0	34.28816881286281	0.0	0.0	6.371070940032812
GSM4138113_HNSCC_2_TIL_CACAGTACAAGTCTGT	57.79071721644242	0.0	68.87757935674536	29.45789674734937	0.0	35.97926110220072	0.0	12.458590884285051	34.141409434042814	0.0	0.0	0.0	68.10638386536665	0.0	12.072992561494315	0.0	23.988258295374326	0.0	0.0	0.0	0.0	0.0	0.0	0.0
GSM4138113_HNSCC_2_TIL_CACTCCACATGTAAGA	83.0603228247112	0.0	105.79633433012417	14.84878577586641	62.16034536558352	27.301502139445113	0.0	30.231254643416047	69.28706374523406	0.0	0.0	0.0	0.0	39.15757000015608	19.873705716872397	0.0	0.0	0.0	0.0	0.0	0.0	0.0	0.0	0.0
GSM4138113_HNSCC_2_TIL_CAGAATCCATGGGACA	65.30182517760946	0.0	93.60927696409085	19.29488546333075	0.0	37.33563440524415	0.0	14.160501423465481	132.71811380929475	0.0	0.0	0.0	0.0	0.0	7.045704598402963	0.0	0.0	0.0	0.0	0.0	0.0	0.0	0.0	31.005659377494833
GSM4138113_HNSCC_2_TIL_CAGAATCTCATGCATG	125.22334101589765	88.94735874946625	0.0	12.628115488456915	0.0	0.0	0.0	19.620213543219744	0.0	48.52832955850683	0.0	0.0	83.5995059773926	6.294929232437948	43.05730841940656	0.0	0.0	0.0	0.0	0.0	0.0	0.0	0.0	0.0
GSM4138113_HNSCC_2_TIL_CAGGTGCAGACGCACA	55.69758095365534	0.0	0.0	16.756233301788026	97.31333985952637	0.0	102.1962099013783	22.983051818469622	0.0	37.49810503819938	0.0	43.23339292804145	0.0	0.0	8.329641176266538	0.0	0.0	0.0	0.0	0.0	0.0	0.0	0.0	0.0
GSM4138113_HNSCC_2_TIL_CAGTCCTCAACTGCTA	166.648156452694	37.33391102453325	0.0	42.73139052700628	0.0	51.21320101410487	49.24877280450742	71.29265501827318	0.0	0.0	0.0	0.0	0.0	0.0	12.56968033096365	0.0	0.0	0.0	0.0	0.0	125.61011332975433	128.2737626572232	0.0	0.0
GSM4138113_HNSCC_2_TIL_CATCGAAAGGCATTGG	97.28602553816737	78.07222261165822	0.0	19.06649656756334	0.0	26.19926734301021	0.0	6.128957190941102	0.0	0.0	13.192322347488433	0.0	0.0	79.13192249702325	20.433796988528233	0.0	0.0	0.0	131.31019385577338	0.0	0.0	0.0	0.0	0.0
GSM4138113_HNSCC_2_TIL_CCATTCGTCTGAGGGA	93.65694156257507	0.0	109.19469529009271	38.42178992493606	0.0	48.02882508918527	0.0	19.458571620718125	0.0	0.0	0.0	0.0	0.0	0.0	15.893822129047242	0.0	0.0	0.0	146.0348350872276	0.0	41.494842404828844	0.0	0.0	0.0
GSM4138113_HNSCC_2_TIL_CCCTCCTTCGCGATCG	54.46750787977795	0.0	38.041438484393595	19.323955922076987	0.0	0.0	0.0	0.0	0.0	54.89352961036018	24.95903288080447	0.0	0.0	19.34102335302576	12.653099493091233	0.0	0.0	0.0	259.0157549658889	0.0	0.0	0.0	0.0	0.0
GSM4138113_HNSCC_2_TIL_CCTAGCTGTTCAGACT	45.165301154589	0.0	133.18897547954438	60.05197437898169	0.0	28.26410295798302	0.0	28.937007432923217	0.0	0.0	0.0	0.0	0.0	0.0	4.304881067036736	0.0	33.2656912221119	0.0	0.0	0.0	0.0	156.4549062112264	0.0	0.0
GSM4138113_HNSCC_2_TIL_CCTTCCCTCCACGTGG	41.7370949185196	0.0	91.6978852542833	12.293637552985194	0.0	0.0	0.0	23.986149663345934	0.0	21.183262193478125	0.0	25.850185952526363	77.66305975114682	0.0	38.30225694997926	0.0	31.148619445358964	0.0	0.0	0.0	0.0	0.0	0.0	0.0
GSM4138113_HNSCC_2_TIL_CGTCAGGGTGGTGTAG	63.93198564438907	0.0	116.21091644625511	55.067343754048906	0.0	0.0	0.0	13.582805246392804	0.0	37.715861445480925	0.0	0.0	29.284767044693556	0.0	0.0	73.79524128192456	22.8363861776083	38.07043625343794	0.0	0.0	0.0	0.0	0.0	0.0
GSM4138113_HNSCC_2_TIL_CTGCCTAGTATAAACG	96.32139014694462	11.231453945340254	0.0	47.81724962410382	0.0	45.73146202243054	101.79083104235221	37.76957916016741	124.18530962568656	0.0	0.0	0.0	0.0	0.0	8.113165941122201	0.0	38.658741608395424	0.0	0.0	0.0	0.0	0.0	0.0	0.0
GSM4138113_HNSCC_2_TIL_CTGTGCTAGAAAGTGG	33.58074554009752	0.0	86.31851229936413	16.424564135543328	0.0	24.427827314691903	0.0	16.717499610332055	0.0	9.501092277130738	0.0	0.0	92.15122049569385	31.68536841069965	13.5670403790263	40.42416281181958	0.0	0.0	0.0	0.0	0.0	0.0	0.0	34.70109968384074
GSM4138113_HNSCC_2_TIL_CTGTTTAAGTTACCCA	77.75498666500638	0.0	93.56732368921595	15.625950577285213	0.0	29.967679163369844	0.0	0.0	115.58247744752492	0.0	32.174293362897885	36.76113066949992	0.0	0.0	28.75710888750329	0.0	0.0	0.0	0.0	0.0	0.0	0.0	0.0	0.0
GSM4138113_HNSCC_2_TIL_CTTACCGCATTGAGCT	142.15005505201205	0.0	0.0	18.142340080182198	120.11989494059807	76.85045040944946	163.18783390408305	54.86371242370073	0.0	0.0	0.0	0.0	0.0	91.80777619622111	0.0	0.0	0.0	0.0	41.956887269941056	20.72536000660566	0.0	0.0	0.0	0.0
GSM4138113_HNSCC_2_TIL_GAAGCAGGTACAGTGG	80.8640341037899	0.0	93.46035533204983	49.211505859949376	0.0	25.23783577544193	0.0	30.730742740651053	17.643860895295017	43.74675213983297	0.0	4.418226052037741	131.14286583203886	50.63182199557675	17.914473367740705	0.0	0.0	0.0	0.0	0.0	0.0	0.0	0.0	0.0
GSM4138113_HNSCC_2_TIL_GACGTGCGTATTAGCC	136.49818735559103	0.0	148.1311909260324	60.75204431360932	0.0	10.510250133852736	0.0	10.95975465475275	161.99110235850327	0.0	0.0	26.688653742185988	0.0	0.0	35.48943621277775	0.0	0.0	0.0	0.0	0.0	0.0	0.0	0.0	0.0
GSM4138113_HNSCC_2_TIL_GACGTGCTCGGATGTT	89.75749256453689	107.28265061496656	0.0	61.53568217425779	80.17906532536081	30.411302317017906	0.0	37.282035291845744	24.489210992666596	0.0	0.0	26.38619738845336	0.0	0.0	5.568097035817144	0.0	19.92029714280011	0.0	0.0	0.0	0.0	0.0	0.0	0.0
GSM4138113_HNSCC_2_TIL_GAGCAGAAGACTACAA	57.173896458832964	0.0	0.0	13.907899769303427	90.8589947625166	47.175794304948795	176.43681281152908	50.92687548766845	0.0	0.0	0.0	0.0	0.0	0.0	0.0	0.0	0.0	22.781004574190852	0.0	0.0	63.44952000967172	25.540882397997414	0.0	0.0
GSM4138113_HNSCC_2_TIL_GAGTCCGAGCAATCTC	38.71241144152023	90.93728742924219	0.0	12.194827660819048	131.40323014937277	33.8151603045207	0.0	20.10634882963979	0.0	0.0	0.0	0.0	0.0	0.0	24.708484534172353	0.0	0.0	0.0	0.0	0.0	29.45816255251522	0.0	0.0	0.0
GSM4138113_HNSCC_2_TIL_GCGCGATAGGCTACGA	112.64660461241694	0.0	82.22243963369706	17.486866445054286	0.0	0.0	0.0	42.58115373201825	127.76970118586303	63.60025307085648	0.0	34.767475773979385	0.0	0.0	32.669932344463376	0.0	0.0	0.0	0.0	0.0	0.0	0.0	0.0	0.0
GSM4138113_HNSCC_2_TIL_GCTGCTTCAGTTCATG	56.4075043644559	0.0	90.52236768582404	9.532687848371026	0.0	27.768268887201216	0.0	13.405076672727285	102.45401339189715	0.0	0.0	0.0	0.0	0.0	15.909884514519026	0.0	31.156100541606	0.0	0.0	0.0	0.0	0.0	0.0	0.0
GSM4138113_HNSCC_2_TIL_GGCGACTGTAAGTGTA	150.32142220283853	153.20233483124645	0.0	18.600166644969047	0.0	54.21209907544509	0.0	46.62491759706865	0.0	0.0	0.0	66.82202192344752	91.36758785418495	0.0	75.01075973170417	0.0	0.0	0.0	0.0	0.0	0.0	68.83102363873112	0.0	0.0
GSM4138113_HNSCC_2_TIL_GGCTGGTTCCAAACTG	75.6100709768136	112.10494988806694	0.0	6.034024749961336	81.41188599345276	36.70147623894545	0.0	6.724592987823157	0.0	0.0	0.0	60.91540189808854	0.0	0.0	5.771775469511311	0.0	0.0	0.0	0.0	0.0	0.0	0.0	33.9739677151815	0.0
GSM4138113_HNSCC_2_TIL_GGGTTGCTCCTTGGTC	182.42880243188216	0.0	131.6193707667724	24.81651940848996	0.0	16.031833976469837	0.0	23.439225001409874	0.0	54.15370291728147	0.0	0.0	81.9406770962162	61.35809113590253	26.67122777084668	0.0	0.0	0.0	0.0	0.0	0.0	0.0	0.0	0.0
GSM4138113_HNSCC_2_TIL_GTAACTGTCTGGTTCC	101.49248094822352	63.789702565928806	0.0	15.243876041641336	0.0	59.80310324886007	58.77624725769728	45.321932234894234	0.0	0.0	0.0	0.0	84.37484649156217	0.0	35.95184887683157	0.0	55.13166469188877	0.0	0.0	0.0	0.0	28.817099052738126	0.0	0.0
GSM4138113_HNSCC_2_TIL_GTCACGGGTCCGTGAC	122.94671359278018	0.0	128.88170870671115	21.918894820553398	0.0	51.12879950335629	0.0	31.823675134336636	152.43710333025268	0.0	0.0	0.0	0.0	44.09073382467722	21.859231347525714	0.0	0.0	0.0	0.0	0.0	0.0	0.0	0.0	0.0
GSM4138113_HNSCC_2_TIL_GTTAAGCCATGCAACT	63.72103847157585	0.0	73.15905754167814	19.6732533348794	0.0	37.345582343372925	0.0	20.90097974690199	0.0	0.0	0.0	0.0	0.0	0.0	37.618490400840265	111.26881613907865	0.0	0.0	0.0	0.0	0.0	0.0	0.0	70.45845885892257
GSM4138113_HNSCC_2_TIL_TAGAGCTTCCGTTGCT	143.26328649248418	77.96920258335383	0.0	33.44901832963989	138.08050383186063	44.44147630162661	0.0	3.0650704072859347	12.634088143985462	0.0	16.975645382066244	19.78591552603655	0.0	0.0	0.0	0.0	55.78590777969567	22.323514529684594	0.0	0.0	0.0	0.0	0.0	0.0
GSM4138113_HNSCC_2_TIL_TATCAGGAGAACTGTA	156.4129190544419	210.33003310022625	0.0	57.45874774584241	230.5002247125925	91.7660857369977	0.0	58.87285882488339	0.0	0.0	0.0	0.0	0.0	105.57452875865343	33.587551846208875	0.0	0.0	0.0	0.0	0.0	0.0	0.0	0.0	0.0
GSM4138113_HNSCC_2_TIL_TATCAGGTCGGTCCGA	82.13364418441415	0.0	97.28208793745866	4.497336534026265	0.366212398550249	51.39082737466365	0.0	20.706909537139307	48.43674282274042	0.0	0.0	38.745420603183476	0.0	0.0	15.464719338374605	0.0	0.0	0.0	0.0	0.0	0.0	104.63598190795405	0.0	0.0
GSM4138113_HNSCC_2_TIL_TCACAAGAGAGTGAGA	86.91775345730323	0.0	191.00922251078742	14.392538365686434	84.30914780302102	0.0	0.0	0.0	0.0	25.16681874783282	2.390092967333602	0.0	0.0	0.0	25.83253987865505	0.0	0.0	0.0	0.0	0.0	0.0	11.771544870082135	0.0	30.98738988695077
GSM4138113_HNSCC_2_TIL_TGCCCATAGAAAGTGG	55.7314451887855	123.98091963995547	0.0	3.918926815863924	0.0	18.250142512981707	0.0	23.29680100130773	133.82315018246396	0.0	0.0	8.82811117838908	0.0	5.28656013948405	0.0	0.0	0.0	0.0	0.0	22.46930053322074	0.0	0.0	0.0	0.0
GSM4138113_HNSCC_2_TIL_TGTATTCTCAAGGCTT	108.0583932916123	103.08182829203177	81.80473021295164	30.828869833862182	199.64300467783852	38.356953689216795	0.0	28.164709630596796	1.069644573820492	0.0	0.0	45.94471911712075	0.0	0.0	18.537536201787177	0.0	0.0	0.0	0.0	0.0	0.0	0.0	0.0	0.0
GSM4138113_HNSCC_2_TIL_TGTGTTTAGAGCTTCT	98.49218964824439	0.0	171.1402387803387	8.70415136241777	0.0	37.668577628080016	0.0	38.43963805787897	88.92806704911887	0.0	0.0	71.14824941025688	0.0	0.0	0.0	0.0	0.0	0.0	0.0	5.498111977254791	0.0	0.0	0.0	0.0
GSM4138113_HNSCC_2_TIL_TTGGCAATCCAAACTG	104.11513017356253	0.0	89.54923034760677	43.80322350340814	0.0	32.02919354683319	0.0	11.720841663058378	0.0	0.0	0.0	0.0	0.0	25.259585224245715	21.251275908460244	123.37127965183207	0.0	0.0	0.0	0.0	0.0	0.0	0.0	0.0
GSM4138113_HNSCC_2_TIL_TTTCCTCCAAGCCCAC	70.15698617547484	25.046700864047118	71.6590177784612	60.944186063387605	0.0	62.36145962923289	0.0	16.52033256551301	141.9060908668884	0.0	0.0	0.0	0.0	0.0	31.373028404883033	0.0	37.456684120261386	0.0	0.0	0.0	0.0	0.0	0.0	0.0
GSM4138113_HNSCC_2_TIL_CGAGAAGAGAAACGCC	65.32794690395131	0.0	215.97712994080092	22.47281227494811	0.0	0.0	0.0	27.13435621042038	0.0	77.00329097257328	0.0	0.0	0.0	40.781084934686184	27.99875538268306	209.46815681020692	0.0	0.0	0.0	0.0	0.0	0.0	0.0	0.0
GSM4138113_HNSCC_2_TIL_CTAGAGTCACTAGTAC	162.05064813481223	207.46527769702314	0.0	55.82571860092496	0.0	90.59830550475026	0.0	51.58423808974019	10.42266692912729	0.0	0.0	0.0	172.18057078942584	0.0	22.560039107766258	0.0	87.8064127267342	0.0	0.0	0.0	0.0	0.0	0.0	0.0
GSM4138113_HNSCC_2_TIL_GTTCTCGCAATCGAAA	443.0885843502762	524.5548627151742	135.74086238161357	138.29752902808042	236.670751126314	342.5065066008921	0.0	0.0	191.04537304579367	0.0	198.09173989967178	0.0	0.0	0.0	128.3685291336966	0.0	261.1674966319954	0.0	0.0	0.0	0.0	0.0	0.0	0.0
GSM4138113_HNSCC_2_TIL_TCATTTGCACTATCTT	185.55388335041533	0.0	259.20921772530414	41.120726145756635	0.0	0.0	0.0	0.0	0.0	107.60993839907808	66.70000389916576	0.0	0.0	0.0	124.86982866087476	152.31029172920367	82.03093108294871	0.0	0.0	0.0	0.0	0.0	0.0	0.0
GSM4138113_HNSCC_2_TIL_CGTCAGGAGTCAAGCG	99.9906457001485	0.0	107.55367176237708	12.623144308797915	160.34655565055908	17.813877177408084	0.0	0.0	0.0	26.867826750923676	31.705895337216575	0.0	0.0	61.52914188736569	0.0	0.0	0.0	0.0	0.0	28.766988065227583	0.0	0.0	0.0	0.0
GSM4138113_HNSCC_2_TIL_TCATTTGGTTTGCATG	71.18414114046348	25.76396855731504	57.71107747228801	27.761958109173257	0.0	0.0	0.0	24.793073465170057	39.20951243281218	47.60157059620264	0.0	9.47931552071804	0.0	26.799373781062396	0.0	52.71508747430278	0.0	0.0	0.0	9.678385457412388	0.0	0.0	0.0	0.0
GSM4138113_HNSCC_2_TIL_TGACGGCGTCCCTACT	138.81111548319456	0.0	131.85765763025233	22.480830549284534	172.09922430668658	54.4261051925755	0.0	50.92909737819677	0.0	0.0	0.0	0.0	0.0	0.0	0.0	0.0	54.905842802804344	0.0	0.0	20.446953146956062	0.0	0.0	0.0	0.0
GSM4138113_HNSCC_2_TIL_ACGCCGAGTACTTCTT	86.24337439990907	0.0	113.32240885210228	20.53007897034202	36.110669418035975	0.0	0.0	0.0	47.86831848898585	56.45912698732671	17.79656534579676	0.0	10.510409876955134	0.0	12.871013603639426	0.0	40.26957846368134	0.0	0.0	0.0	0.0	0.0	0.0	0.0
GSM4138113_HNSCC_2_TIL_CAGGTGCGTAGCGCTC	80.83679798207463	0.0	111.30206137432477	7.805387036853058	0.0	0.0	0.0	0.0	0.0	62.712317646529556	7.740812501179485	0.0	80.56546043998908	0.0	3.6162905282192668	0.0	0.0	0.0	0.0	0.0	0.0	0.0	0.0	40.9316003194211
GSM4138113_HNSCC_2_TIL_TGAGCCGGTTACGGAG	227.93193274248193	0.0	394.93006272660864	81.02294405095338	0.0	19.682908426180717	0.0	74.22783458931801	98.22257610725052	168.81032302583247	0.0	0.0	0.0	0.0	85.19843829048617	0.0	0.0	0.0	57.416504310379786	0.0	0.0	0.0	0.0	183.37039896638578
GSM4138113_HNSCC_2_TIL_TGGCTGGTCGTCCAGG	82.61921048590061	0.0	110.11367086938297	12.862562701754399	45.504619212918804	0.0	0.0	0.0	0.0	46.919484776951634	40.142876757889496	0.0	0.0	31.52954379098548	18.727141655745907	0.0	5.390578560013656	0.0	0.0	0.0	0.0	69.77092840057371	0.0	0.0
GSM4138113_HNSCC_2_TIL_CCTTCGATCGTGGTCG	166.5159310213963	0.0	190.14071755608217	32.3080067041888	0.0	56.08093366311834	0.0	0.0	161.46001892919028	0.0	63.13858328864552	0.0	0.0	0.0	0.0	0.0	53.1562979470426	0.0	0.0	11.327607333679909	0.0	0.0	0.0	0.0
GSM4138113_HNSCC_2_TIL_CGACTTCGTTTGACTG	73.10580488264546	106.29358778149692	0.0	28.72683337344267	59.47567585006561	45.743327416973145	0.0	21.953792468268727	0.0	0.0	0.0	46.323411488666366	0.0	0.0	0.0	0.0	0.0	0.0	0.0	5.103127777890655	0.0	0.0	0.0	0.0
GSM4138113_HNSCC_2_TIL_GCTTCCATCTCTTGAT	51.13849530953397	0.0	0.0	32.04997200026249	0.0	38.2428344706376	139.79288325684152	25.775389274266004	0.0	0.0	0.0	39.11954939045869	0.0	0.0	0.0	0.0	0.0	0.0	0.0	17.495195746701953	0.0	71.4505444353859	10.604899716177645	0.0
GSM4138113_HNSCC_2_TIL_TAGTTGGTCCAAGCCG	103.07024588115944	0.0	0.0	7.183460519693837	158.91291784972736	28.853910221767432	90.05839472456019	28.276860720400823	0.0	0.0	0.0	23.452876752622657	0.0	0.0	0.0	0.0	29.25864959855634	0.0	0.0	13.82529622306825	0.0	0.0	0.0	0.0
GSM4138113_HNSCC_2_TIL_CGCGGTACAAGTTGTC	2910.496004267523	0.0	0.0	0.0	0.0	0.0	0.0	0.0	0.0	0.0	0.0	0.0	0.0	0.0	0.0	0.0	0.0	0.0	0.0	0.0	0.0	0.0	0.0	0.0
GSM4138113_HNSCC_2_TIL_GGATGTTCACCAGGCT	260.68772338266365	34.143301330373205	0.0	15.794538456981492	104.34427961313266	10.032156310345536	33.39989075286697	15.87191408832328	0.0	0.0	0.0	0.0	0.0	7.411737790559198	0.0	0.0	0.0	0.0	142.90908377729363	0.0	0.0	0.0	0.0	0.0
GSM4138113_HNSCC_2_TIL_ACCCACTGTTTAAGCC	115.18573874000425	21.979767736991462	0.0	102.89903912587886	0.0	63.1625059908594	195.4581719374745	26.54102022331426	72.05103820816483	0.0	0.0	101.81005792433808	0.0	0.0	0.0	0.0	0.0	49.43479127874732	0.0	0.0	0.0	0.0	0.0	0.0
GSM4138113_HNSCC_2_TIL_ACGATGTTCATTCACT	82.3404557029796	184.25812378028218	0.0	16.813163454178028	0.0	34.746858945666155	0.0	32.900685246788015	0.0	0.0	0.0	86.5426638842089	0.0	0.0	0.0	0.0	0.0	7.939625635430988	178.9758080931533	0.0	0.0	0.0	0.0	0.0
GSM4138113_HNSCC_2_TIL_ATCCACCTCTTGTACT	160.58548615967717	296.32186702262715	0.0	81.66160560274916	226.7670710233306	90.4218825109897	45.15023427488099	64.86300084093135	0.0	0.0	0.0	127.38577658583299	0.0	0.0	0.0	0.0	0.0	44.953710764010985	0.0	0.0	0.0	0.0	0.0	0.0
GSM4138113_HNSCC_2_TIL_CATCGGGAGAAAGTGG	196.88271720615148	359.74954901099665	0.0	48.89020515748442	0.0	102.20158854984864	0.0	78.43816333205638	0.0	0.0	0.0	95.04693753284369	144.68823403364274	0.0	0.0	0.0	0.0	46.09666235321997	0.0	0.0	0.0	0.0	0.0	0.0
GSM4138113_HNSCC_2_TIL_CGAATGTGTCGGCATC	120.63757542512855	198.38465014525386	0.0	118.06923473695274	0.0	126.76166518230957	0.0	46.31283423556108	144.2169447026056	0.0	0.0	122.16309347365335	0.0	0.0	0.0	0.0	0.0	33.86296658934157	0.0	0.0	0.0	0.0	0.0	0.0
GSM4138113_HNSCC_2_TIL_GGACAGACAGCGATCC	148.5074590589223	293.46334338465493	0.0	182.08127942239398	185.2902855113569	76.1806028430279	5.531772953909216	78.12449328107803	0.0	0.0	0.0	0.0	0.0	0.0	0.0	0.0	126.87504675750603	27.967802104499082	0.0	0.0	0.0	0.0	0.0	0.0
GSM4138113_HNSCC_2_TIL_GTAACTGAGACTACAA	106.3470450853011	175.28761820235525	0.0	42.854810252917574	0.0	150.6422679907348	0.0	36.10487993626779	0.0	0.0	0.0	95.68732510239249	175.86355761082862	0.0	0.0	0.0	0.0	30.599585133337865	0.0	0.0	0.0	0.0	0.0	0.0
GSM4138113_HNSCC_2_TIL_GTCACAAGTGAAAGAG	139.87792267776672	207.28888863647424	0.0	102.22267516664132	0.0	101.55165021346687	0.0	65.52358383094742	162.03159132700802	0.0	0.0	191.78686941032146	0.0	0.0	0.0	0.0	0.0	37.94694265546219	0.0	0.0	0.0	0.0	0.0	0.0
GSM4138113_HNSCC_2_TIL_TCGCGAGGTCGCGGTT	177.2860504310023	268.9744908993945	0.0	86.55702474102681	0.0	81.04845411152833	0.0	64.9124410431145	0.0	0.0	0.0	0.0	0.0	0.0	0.0	0.0	82.53222974826717	15.43538164867379	184.6089813808266	0.0	0.0	0.0	21.59424159464756	0.0
GSM4138113_HNSCC_2_TIL_TGACAACGTCTCTCGT	183.07347275213053	212.16654991827508	0.0	51.13052435703455	0.0	51.117233815264406	0.0	58.29887917111374	0.0	0.0	0.0	98.95496938903695	0.0	0.0	0.0	0.0	0.0	38.228207347024195	0.0	0.0	0.0	0.0	206.73093435962892	0.0
GSM4138113_HNSCC_2_TIL_TTTACTGTCTAGAGTC	176.36217055899078	89.24946706687717	0.0	66.11882600478027	125.17520868592204	119.19040905687015	259.0047319970349	60.5836674770163	0.0	0.0	0.0	96.4696158750729	106.89355173043614	0.0	0.0	0.0	84.5852000331879	56.48160517497135	0.0	0.0	0.0	0.0	0.0	0.0
GSM4138113_HNSCC_2_TIL_AAACGGGAGTAAGTAC	82.86754293353543	165.99093114560537	0.0	134.2138199271666	0.0	29.204208169708824	0.0	0.0	65.15258245710473	23.52411537528993	58.53200764601767	7.319868216288197	0.0	0.0	41.08185809497798	0.0	67.30919996464472	76.67351675299578	0.0	0.0	0.0	0.0	0.0	0.0
GSM4138113_HNSCC_2_TIL_ACACCGGAGAATGTTG	61.96363117904794	0.0	0.0	114.24082079314854	8.736314330489765	20.01998143085485	131.19021102601215	22.714513134063388	0.0	8.298434436417825	0.0	0.0	0.0	0.0	26.05975066364877	0.0	0.0	71.75421848277378	11.490521599585286	0.0	75.10707040284197	0.0	55.3419221675479	0.0
GSM4138113_HNSCC_2_TIL_ACACCGGTCCGCATAA	40.30629457154539	0.0	138.66452045449276	86.4645318673617	0.0	0.0	0.0	26.94564440659724	0.0	57.24185870812733	0.0	0.0	1.0566387868835088	0.0	72.07849835086748	0.0	0.0	0.0	0.0	10.003410763654907	0.0	89.83666602176018	0.0	52.31736477477552
GSM4138113_HNSCC_2_TIL_ACATGGTAGCAGACTG	257.27581849693485	0.0	0.0	106.91811574274	0.0	146.4573875933633	263.47092155692104	0.0	0.0	0.0	57.32246141778257	0.0	0.0	0.0	0.0	70.83196869926601	87.43772240760353	104.64898579921967	0.0	0.0	0.0	0.0	0.0	0.0
GSM4138113_HNSCC_2_TIL_ACGTCAAGTTATCGGT	160.57398736231718	0.0	169.0419961932458	74.09212906263689	0.0	0.0	0.0	0.0	0.0	208.51419824997976	57.33128143479341	0.0	0.0	11.982695007204564	0.0	0.0	0.0	0.0	130.34033433992283	127.3143259599457	0.0	0.0	0.0	110.39879032996342
GSM4138113_HNSCC_2_TIL_ACTGAACGTAGCGCTC	54.34243136774397	126.21818963848844	0.0	75.83386833544635	0.0	36.44400990863847	25.931867110418807	30.697226093059008	0.0	0.0	0.0	0.0	34.49316830154904	0.0	0.0	0.0	0.0	93.37136769895214	0.0	0.0	64.45372656240428	7.638639161515005	0.0	0.0
GSM4138113_HNSCC_2_TIL_AGCATACGTCGTCTTC	84.99470809199327	0.0	0.0	121.20798551732571	0.0	0.0	173.41997003980603	6.022497574573006	0.0	74.3524547065911	20.21345950790952	0.0	0.0	0.0	61.32674182477709	0.0	91.9290135421196	54.026383742401485	50.805790831676354	24.702751637768543	0.0	0.0	0.0	0.0
GSM4138113_HNSCC_2_TIL_AGCCTAATCGCGTTTC	91.05342567296938	176.07626030785687	0.0	97.3280314602976	82.46679794364266	0.0	0.0	0.0	0.0	91.01878432633204	21.85263941863086	86.17192372592761	0.0	0.0	0.0	0.0	32.5938455846706	4.921896017460239	0.0	137.1958036467939	0.0	0.0	0.0	0.0
GSM4138113_HNSCC_2_TIL_ATTGGACCAACGCACC	67.70470591366986	0.0	202.75467083419582	77.69663804008746	0.0	60.74779645897464	0.0	30.303938136528725	0.0	0.0	0.0	51.87347387510984	4.7415242675908065	12.097618870127452	0.0	20.422439549938314	45.8175204625036	0.0	0.0	165.23257064103632	0.0	62.98080702675119	0.0	0.0
GSM4138113_HNSCC_2_TIL_CACAGGCGTTCCTCCA	0.0	0.0	0.0	0.0	0.0	0.0	0.0	0.0	0.0	0.0	0.0	0.0	0.0	0.0	1375.6298337694955	0.0	0.0	194.11608040975236	0.0	65.599180005338	0.0	0.0	0.0	0.0
GSM4138113_HNSCC_2_TIL_CAGCGACAGTACGCCC	38.3675086114234	25.602307823016424	0.0	98.69983584481673	0.0	7.426317621541943	125.62199122635249	28.47280764313883	0.0	50.17561179824098	0.0	63.06976329070828	0.0	0.0	0.0	33.09156087696746	0.0	97.33374573947471	0.0	0.0	0.0	5.112927818723424	0.0	0.0
GSM4138113_HNSCC_2_TIL_CATGCCTCACTGAAGG	71.66612574412382	140.96741957087414	0.0	120.17650790247681	0.0	0.0	0.0	37.21514495608514	144.1451906524926	104.49593377322617	0.0	0.0	0.0	71.61898061620175	0.0	0.0	0.0	0.0	0.0	187.93058134815735	0.0	0.0	0.0	0.0
GSM4138113_HNSCC_2_TIL_CCAATCCCAGATGGGT	68.98298846066061	0.0	0.0	38.329989004561966	3.8551533776326465	49.40633454493135	101.65841744689709	0.0	0.0	0.0	15.160038017626702	0.0	0.0	0.0	39.41047413667586	4.727182468826933	0.0	0.0	37.739145794712755	0.0	0.0	0.0	0.0	62.58874593502136
GSM4138113_HNSCC_2_TIL_CCACGGAGTACCGTAT	33.50034275646008	0.0	0.0	77.87114909538548	0.0	39.79505009782732	126.84682681834387	8.601150579277608	0.0	0.0	17.120585575630614	48.28186930236615	0.0	0.0	0.0	0.0	0.0	109.8661988130971	0.0	0.0	0.0	90.01405632637795	0.0	0.0
GSM4138113_HNSCC_2_TIL_CCGGGATGTCGCATAT	53.041273113433384	0.0	156.2649460389137	124.40565756497256	0.0	54.75716835942301	18.254579565851962	58.08436824925461	0.0	15.076575258910532	0.0	0.0	0.0	0.0	0.0	60.21554605936141	0.0	162.325103641128	0.0	0.0	0.0	16.851383720033	0.0	86.05659878143346
GSM4138113_HNSCC_2_TIL_CGATGTAGTCATTAGC	60.340766506676225	127.94195535786733	0.0	108.96782149376942	49.320420858618505	63.814388432547084	34.03795695351737	33.841394263654536	0.0	0.0	0.0	13.028344561859319	0.0	0.0	33.69819220505486	0.0	2.198406828063816	58.685460994709324	0.0	0.0	87.99323588756255	24.159159794258755	0.0	0.0
GSM4138113_HNSCC_2_TIL_CTACACCAGGTCATCT	40.42100415541827	0.0	120.31398999170446	69.80324320462861	82.26269764491968	0.0	0.0	0.0	0.0	13.687321509800059	15.29937645228967	30.024027787905705	0.0	7.224097625853239	0.0	0.0	17.352407714472314	0.0	0.0	94.62856070118164	0.0	0.0	0.0	0.0
GSM4138113_HNSCC_2_TIL_CTAGTGATCACGACTA	100.47440100232954	8.950521867967801	0.0	148.3889276781941	72.41596669348442	63.255826209775755	122.3002211724892	0.0	0.0	0.0	34.252828565420096	0.0	0.0	0.0	127.06247083423322	0.0	0.0	0.0	0.0	10.357002748723723	50.453088250600345	0.0	0.0	43.40331222548682
GSM4138113_HNSCC_2_TIL_CTGCTGTAGTGCTGCC	38.658983552227355	62.68253898556556	0.0	69.31027728234767	0.0	0.0	72.10175559132674	0.0	0.0	33.177436517106145	34.778777458011064	0.0	0.0	0.0	0.0	67.5973232175167	0.0	126.66349901719727	0.0	0.0	21.280846014943876	0.0	0.0	45.16513708534511
GSM4138113_HNSCC_2_TIL_GACGTGCCACATCTTT	63.82839853756143	101.88755215000513	0.0	111.48735013539012	0.0	0.0	35.505148536051124	0.0	159.17430744133517	86.60894283891778	60.795617164902744	0.0	0.0	0.0	0.0	0.0	135.94324015490685	0.0	0.0	152.8140511967882	0.0	0.0	0.0	0.0
GSM4138113_HNSCC_2_TIL_GATCTAGGTGGCTCCA	54.411377105586155	146.74166563097384	0.0	57.15145159934307	23.164644950059383	34.78321906449279	0.0	19.848462088744437	0.0	0.0	0.0	0.0	0.0	0.0	0.0	0.0	0.0	56.560122464433256	0.0	0.0	58.341656482925934	0.0	0.0	0.0
GSM4138113_HNSCC_2_TIL_GCCAAATCAGCCTATA	38.57753558333886	117.8877017136705	0.0	33.062169987798306	0.0	41.12990937752977	0.0	37.75419952303829	0.0	0.0	0.0	0.0	0.0	0.0	0.0	40.895972436758946	90.48952620966148	72.91920927081333	0.0	0.0	0.0	0.0	25.639804361235537	0.0
GSM4138113_HNSCC_2_TIL_GCGCAGTGTCTTGATG	55.12460389553483	36.999839392460714	0.0	72.59769933652882	35.61986221100881	36.49514186598201	106.9700677766471	11.531430205569277	0.0	0.0	0.0	62.139783313975265	0.0	0.0	0.0	0.0	0.0	68.99100662591599	0.0	0.0	0.0	0.0	0.0	0.0
GSM4138113_HNSCC_2_TIL_GGACAAGTCCTCAATT	128.17222386176388	0.0	0.0	166.8649592423863	0.0	124.54227483275955	217.35436871633965	77.27553831751787	0.0	0.0	0.0	0.0	0.0	0.0	119.02149232079024	84.32566751530362	101.95956159235251	1.890560773194853	0.0	0.0	0.0	31.927407572764047	0.0	0.0
GSM4138113_HNSCC_2_TIL_GGGTCTGAGCTATGCT	50.87002497906538	73.05155347913183	57.28565597430175	72.05230598565838	0.0	9.958382071624664	0.0	55.40680630675211	0.0	42.05729298617976	0.0	0.0	0.5659703946415043	0.0	0.0	42.16892133547289	80.848374261901	137.1752849687585	8.994890322340101	0.0	48.297787561875325	12.008594478975553	0.0	0.0
GSM4138113_HNSCC_2_TIL_GTAGGCCAGCACCGCT	0.0	0.0	0.0	1745.9271728417903	0.0	0.0	0.0	0.0	0.0	0.0	0.0	0.0	0.0	0.0	0.0	0.0	0.0	0.0	0.0	0.0	0.0	0.0	0.0	0.0
GSM4138113_HNSCC_2_TIL_GTCAAGTTCCGCAAGC	105.60545828168446	0.0	193.90842406299012	97.45812888453383	0.0	44.244358335037006	0.0	47.44460828961561	0.0	0.0	0.0	0.0	0.0	24.95612231662687	0.0	0.0	73.5449733000443	0.0	0.0	119.7383321450504	0.0	89.34261429664889	0.0	0.0
GSM4138113_HNSCC_2_TIL_GTTACAGAGGCCGAAT	64.88923188399076	180.6615761238242	0.0	108.62020633935488	0.0	68.74377469043462	0.0	36.255203064223835	81.91424977365206	0.0	0.0	0.0	0.0	0.0	0.0	0.0	92.42792057978441	119.98733161723436	0.0	13.609555888813707	0.0	0.0	0.0	0.0
GSM4138113_HNSCC_2_TIL_TAGAGCTCAGATGGCA	154.57814599602827	173.875659063077	72.34988480131649	129.9426845958798	50.17006171583888	0.0	0.0	0.0	0.0	154.15956395248472	69.41499204232314	0.0	0.0	0.0	0.0	0.0	0.0	0.0	8.078046077811154	179.33276436321222	66.96103296862674	51.37443442346605	0.0	92.91084019804661
GSM4138113_HNSCC_2_TIL_TAGCCGGTCAAAGTAG	32.34734451739415	137.04902906597704	0.0	140.2304154584219	21.63653341187758	20.761803969287794	0.0	53.363589915974416	47.576371110594245	38.84113247677791	0.0	0.0	0.0	0.0	28.466657870738047	0.0	84.68791078986023	38.228340043004124	27.187226276572012	40.2050276819222	0.0	0.0	0.0	0.0
GSM4138113_HNSCC_2_TIL_TCAGCAATCCTTGGTC	4.636949903480281	148.3279405428586	0.0	43.76335858938449	0.0	47.68909978609784	0.0	16.45797708495463	0.0	0.0	0.0	65.73854628223536	0.0	0.0	0.0	0.0	44.50272286669908	72.74545128121018	87.61969274699742	0.0	0.0	0.0	0.0	0.0
GSM4138113_HNSCC_2_TIL_TCGAGGCCATATACCG	108.62875391829235	0.0	0.0	65.41143025001122	0.0	80.75533112051448	196.73013752497383	90.44607795300816	0.0	0.0	0.0	0.0	0.0	0.0	0.0	26.561501287175904	113.83150494248989	76.10817582501778	0.0	0.0	0.0	48.652090399936306	0.0	0.0
GSM4138113_HNSCC_2_TIL_TCTTTCCCAGATCGGA	247.03867226145445	0.0	0.0	84.05523142337698	0.0	99.85523288509233	201.79935238010003	0.0	0.0	0.0	59.47144716203467	0.0	0.0	0.0	88.19173149597084	0.0	101.27968005559606	0.0	0.0	0.0	0.0	0.0	86.35375454891681	0.0
GSM4138113_HNSCC_2_TIL_TCTTTCCGTCCATGAT	55.03791438933949	0.0	0.0	87.14207217574815	0.0	0.0	157.3375290149546	0.0	0.0	64.50686742224381	71.20981488646314	0.0	0.0	0.0	43.44566650452837	99.27702247025393	0.0	64.37744525372081	0.0	16.92647446609918	122.45056610041006	0.0	0.0	0.0
GSM4138113_HNSCC_2_TIL_TGAGCCGTCTCGCTTG	70.20595945170591	149.05352826243438	0.0	138.15104238834158	0.0	37.392793035069694	0.0	48.5266414249983	0.0	7.0775806514292885	0.0	36.85001438355549	0.0	0.0	105.93308777972955	0.0	30.425470104343827	0.0	76.69907488240466	0.0	0.0	0.0	0.0	0.0
GSM4138113_HNSCC_2_TIL_TTAACTCCACGGTAAG	10.369040701917072	135.61490653952023	0.0	90.48628756981911	0.0	22.937072062211822	0.0	50.98461803750098	0.0	35.056258502319785	0.0	40.93794664201575	0.0	0.0	0.0	0.0	8.606475010563456	95.7748914407516	0.0	0.0	0.0	36.939819075096864	0.0	0.0
GSM4138113_HNSCC_2_TIL_GCACATAGTGCTCTTC	70.20245195530455	0.0	0.0	28.528815154344507	0.0	19.753136440197363	87.50210554770622	0.0	0.0	26.503975357414753	36.00950221255319	0.0	213.21761171157465	0.0	6.767271995890791	0.0	0.0	0.0	0.0	0.0	79.33515051787228	0.0	0.0	0.0
GSM4138113_HNSCC_2_TIL_AACTGGTAGCCACGTC	259.51231015515134	269.83739020811254	0.0	70.37991249963031	0.0	89.62729411461561	0.0	65.19329544060722	0.0	0.0	0.0	5.934573893635707	0.0	0.0	0.0	0.0	312.9251203600896	36.861424881254585	0.0	0.0	0.0	0.0	238.13364219291836	0.0
GSM4138113_HNSCC_2_TIL_ATCTGCCAGACTAGGC	145.43936867798845	121.0987502685237	0.0	49.247004948829975	182.4114539708592	0.0	0.0	55.17882989350936	0.0	37.88261193787784	0.0	111.85741076708942	0.0	0.0	0.0	0.0	0.0	4.321476204028211	0.0	0.0	0.0	0.0	0.0	0.0
GSM4138113_HNSCC_2_TIL_CAACCTCTCCTACAGA	230.05582734100898	355.5164244177835	0.0	35.34698119208229	283.8979706392246	167.5025863125044	0.0	98.35903226825488	0.0	0.0	0.0	124.01135649687824	0.0	0.0	0.0	0.0	0.0	44.235366558774814	0.0	0.0	0.0	0.0	0.0	0.0
GSM4138113_HNSCC_2_TIL_CAAGGCCGTAGAGCTG	87.59052511534189	0.0	213.0428454803429	58.17104903006922	0.0	0.0	0.0	0.0	0.0	78.87173960861632	62.29840689020193	0.0	0.0	332.5413455312002	0.0	158.79490493948663	0.0	0.0	0.0	47.264578426805954	0.0	0.0	0.0	0.0
GSM4138113_HNSCC_2_TIL_CACACTCCACAACGCC	94.29079558798138	0.0	0.0	14.564073741123677	0.0	0.0	177.95436612262256	0.0	0.0	65.40863772859238	35.11642876638721	107.01580463435985	0.0	0.0	0.0	55.80279537246675	0.0	28.945825286627933	0.0	0.0	0.0	0.0	0.0	0.0
GSM4138113_HNSCC_2_TIL_CTCGGGACACTGAAGG	276.2392830042617	268.6728506175139	0.0	48.98252905952411	417.148101852658	0.0	0.0	106.7369194455764	0.0	135.43484822475347	0.0	0.0	0.0	0.0	31.242903688505656	0.0	0.0	0.0	0.0	0.0	230.59638503972818	0.0	0.0	0.0
GSM4138113_HNSCC_2_TIL_CTTGGCTGTTCGCTAA	117.88098689086276	6.087314192191602	0.0	51.17023477723796	37.08063410941897	53.156855100013395	87.90621314980461	36.42965353562959	0.0	0.0	0.0	126.80719416423413	92.88354968773102	0.0	23.79357175215978	0.0	0.0	0.0	0.0	0.0	0.0	50.0416752550187	0.0	0.0
GSM4138113_HNSCC_2_TIL_GACCAATGTTACGACT	0.0	0.0	0.0	0.0	0.0	0.0	0.0	0.0	0.0	0.0	0.0	128.64606536306306	0.0	0.0	0.0	0.0	0.0	0.0	0.0	0.0	2539.806219463228	0.0	0.0	237.2055803079151
GSM4138113_HNSCC_2_TIL_GCGGGTTCAGCGTCCA	504.7376207589149	0.0	267.6207208084888	44.56335496353331	0.0	0.0	9.284462671330887	0.0	0.0	158.63855727644165	79.0237855485209	154.59959390245004	0.0	0.0	52.07155158035258	262.28963698877135	0.0	0.0	100.54044663178067	2.2166758850345576	0.0	0.0	0.0	0.0
GSM4138113_HNSCC_2_TIL_GTAGGCCAGTCGTACT	240.54939639655424	207.4893464366761	0.0	20.684916640520793	223.5339485348706	10.6205692982963	0.0	77.32022924700188	0.0	74.58644183610969	0.0	0.0	0.0	172.8978932812593	0.0	0.0	0.0	0.0	0.0	11.626833793420388	0.0	0.0	0.0	0.0
GSM4138113_HNSCC_2_TIL_GTGAAGGGTAGAAGGA	218.79916099835165	149.16804622529244	0.0	62.523087165087254	0.0	85.72541055328371	0.0	41.59930905424124	0.0	0.0	0.0	0.0	0.0	0.0	0.0	0.0	145.84920114826892	76.9628899105358	0.0	0.0	0.0	0.0	217.15223087869774	0.0
GSM4138113_HNSCC_2_TIL_GTTACAGCATAGGATA	106.7538330915484	232.16268009661596	0.0	203.20405377663997	0.0	47.66797369727886	0.0	52.189119929760984	0.0	0.0	0.0	219.81427371572195	0.0	0.0	0.0	0.0	0.0	1.256626413503337	0.0	0.0	0.0	326.15082230479993	0.0	0.0
GSM4138113_HNSCC_2_TIL_TAGGCATCATGACGGA	243.49853823765974	0.0	0.0	85.93420932234632	0.0	395.6530379416093	208.78988941828794	0.0	0.0	0.0	102.25677239984503	0.0	0.0	0.0	0.0	307.6137761352912	0.0	0.0	0.0	47.57006678263642	0.0	0.0	0.0	234.5384469900599
GSM4138113_HNSCC_2_TIL_TCAATCTCAAGAAGAG	270.7134032321494	377.55471397294684	0.0	76.94351395644122	0.0	0.0	0.0	70.23357423074084	92.17272606836474	138.50977657922007	0.0	0.0	0.0	352.69954632165303	0.0	0.0	0.0	0.0	0.0	41.44841176735587	0.0	0.0	179.42921851318926	0.0
GSM4138113_HNSCC_2_TIL_TGGCCAGCATGTAAGA	207.13237962800426	308.11795415444254	0.0	46.186482048917014	387.4228490187106	0.0	109.20381256405167	108.0150342514476	0.0	157.6583953505478	15.216899232211178	0.0	0.0	528.295150700505	118.59117147501719	0.0	0.0	0.0	0.0	0.0	0.0	0.0	0.0	0.0
GSM4138113_HNSCC_2_TIL_AACTCAGCAATGGTCT	132.77359279936846	0.0	37.902113560179906	2.425452878790275	0.0	0.0	0.0	0.0	0.0	0.0	61.46830078477782	0.0	278.2030871955431	0.0	0.3085455268681644	0.0	0.0	0.0	0.0	7.6727693314787	51.44784831426521	0.0	0.0	0.0
GSM4138113_HNSCC_2_TIL_TGCGGGTGTCTAGCCG	130.6545815695345	17.389827475499484	49.884238929942434	0.0	148.0618290793239	0.0	0.0	0.0	0.0	23.211548208425867	110.37214972657372	0.0	0.0	0.0	0.0	0.0	0.0	0.0	0.0	10.446128689051775	89.6478845046171	0.0	0.0	0.0
GSM4138113_HNSCC_2_TIL_AGTGAGGTCTACCAGA	0.0	0.0	0.0	0.0	0.0	1811.6071132984973	0.0	0.0	0.0	450.7684322279945	0.0	0.0	0.0	0.0	0.0	0.0	0.0	0.0	0.0	0.0	0.0	0.0	0.0	0.0
GSM4138113_HNSCC_2_TIL_CATGGCGCATTCTCAT	52.1643976585001	40.129560052303454	0.0	36.47583276906002	0.0	409.8119634157564	0.0	0.0	0.0	0.0	25.41490305931632	0.0	0.0	0.0	0.0	0.0	0.0	0.0	0.0	0.0	0.0	0.0	81.65794254672956	130.301210139288
GSM4138113_HNSCC_2_TIL_GTACTCCAGTGGGATC	208.78236425333418	531.8365582937759	0.0	108.75805288477129	0.0	0.0	0.0	0.0	0.0	335.24859074899234	135.7740961943763	145.27292256249297	0.0	0.0	18.23139482665479	187.56147552100833	0.0	112.25663286650237	0.0	0.0	0.0	0.0	0.0	0.0
GSM4138113_HNSCC_2_TIL_TTTGGTTGTTACCGAT	241.73498752993947	0.0	0.0	44.87067777424083	0.0	227.48149438243155	406.5274126447243	78.94047135243144	0.0	0.37798333803437	0.0	0.0	0.0	0.0	0.0	55.2179280189972	77.56333627477986	0.0	0.0	28.34745497659719	0.0	58.410308473875006	0.0	0.0
GSM4138113_HNSCC_2_TIL_AGCTCCTCAGTCGATT	225.83337893936837	0.0	73.54538803923764	13.742468230037064	0.0	0.0	0.0	0.0	0.0	100.60381606059289	25.06294353600911	0.0	0.0	99.15251383785548	0.0	0.0	0.0	0.0	0.0	15.502111298382546	0.0	112.8485145239929	0.0	0.0
GSM4138113_HNSCC_2_TIL_AACTCCCAGTGTCTCA	0.0	0.0	0.0	0.0	0.0	0.0	0.0	0.0	0.0	0.0	1251.814216840615	0.0	0.0	0.0	0.0	0.0	0.0	0.0	0.0	0.0	0.0	0.0	0.0	0.0
GSM4138113_HNSCC_2_TIL_AGCAGCCGTATAGGTA	0.0	0.0	0.0	20.76163554121291	3.3039097660376444	0.0	0.0	111.18825352172166	0.0	0.0	1764.1930160034942	0.0	0.0	0.0	0.0	0.0	0.0	0.0	0.0	0.0	0.0	0.0	0.0	0.0
GSM4138113_HNSCC_2_TIL_CTGAAACAGTGGACGT	60.36280013824674	41.530696656750166	0.0	0.0	13.198279556605616	0.0	0.0	528.1250315744805	0.0	26.88358639851337	0.0	29.37036738792262	0.0	0.0	0.0	0.0	0.0	6.4315373618388385	0.0	1.1648953333617462	0.0	0.0	11.302702699295702	0.0
GSM4138113_HNSCC_2_TIL_TCAGCAATCCGAAGAG	6.673300039738915	0.0	38.790861178535614	0.0	0.0	0.0	0.0	0.0	0.0	0.0	1217.3197257565637	0.0	0.0	0.0	0.0	0.0	0.0	0.0	0.0	2.8430565115195283	0.0	0.0	0.0	6.443844087354173
GSM4138113_HNSCC_2_TIL_AACTCTTAGGCATGGT	155.18837306035277	0.0	493.66545046998635	81.80406039064229	0.0	0.0	0.0	0.0	0.0	134.79377052381443	58.962052350099306	0.0	0.0	314.74612508791654	88.21765084566631	0.0	0.0	0.0	204.20479469334424	0.0	28.652227706716634	0.0	0.0	0.0
GSM4138113_HNSCC_2_TIL_AAGTCTGTCTCCGGTT	140.06188130091908	0.0	442.12937389088916	91.09362673071313	0.0	0.0	0.0	0.0	10.859134568820915	85.94751738551713	68.1844600733005	0.0	202.94269825995397	288.18448946111056	18.080722634034853	0.0	0.0	0.0	0.0	52.8557628937981	0.0	0.0	0.0	0.0
GSM4138113_HNSCC_2_TIL_GACGTGCAGTAGGTGC	0.0	2414.4626019592265	1732.8915464058887	0.0	0.0	0.0	0.0	0.0	0.0	0.0	0.0	0.0	0.0	0.0	0.0	0.0	0.0	0.0	0.0	0.0	0.0	0.0	0.0	0.0
GSM4138113_HNSCC_2_TIL_GATTCAGCAGCTGCAC	206.25413173851393	245.02113966519832	220.9819844665737	72.91870396824733	120.39048841872821	0.0	0.0	58.20938842924975	0.0	207.71915360322512	0.0	0.0	0.0	68.27214799309264	0.0	0.0	159.17416541765252	49.05382965023421	0.0	0.0	0.0	62.80595395926982	0.0	0.0
GSM4138113_HNSCC_2_TIL_GTACTTTGTGCAGACA	3.4295108868367494	0.0	0.0	2.2774056702560874	14.654339827867199	0.0	42.5068456342814	7.817190262670658	0.0	35.82107123088295	0.0	0.0	0.0	8.341011131413172	2.4062378587403592	0.0	0.0	0.0	0.0	0.0	0.0	1.4416414647457088	0.0	0.0
