	1	2	3	4	5	6	7	8	9	10	11	12	13	14	15	16	17	18	19	20
GSM4138113_HNSCC_2_TIL_ACAGCTACAGCAGTTT	58.02899695514851	147.47534046760612	163.53944541415834	78.54831401739729	75.73553152400386	93.22270263840085	0.0	0.0	0.0	0.0	0.0	0.0	0.0	0.0	0.0	6.893808817722154	0.0	0.0	0.0	0.0
GSM4138113_HNSCC_2_TIL_CGCTATCTCGGTCCGA	154.99622930653013	84.53985964970038	0.0	141.3162223900219	0.0	110.47184006281857	0.0	80.00481371081855	0.0	0.0	0.0	269.8412663100705	257.9448106618222	0.0	0.0	74.90602650940664	0.0	0.0	0.0	0.0
GSM4138113_HNSCC_2_TIL_GGACGTCGTAGAGGAA	152.39223982624276	120.92949689553522	75.1488067689903	20.165734687580127	37.569148357143945	18.541216475245363	0.0	47.7315028305854	11.060755204176143	0.0	0.0	0.0	0.0	0.0	0.0	0.0	0.0	0.0	0.0	0.0
GSM4138113_HNSCC_2_TIL_AACTCTTGTCAAGCGA	174.09563846951247	176.675920318351	79.45162241132738	58.10381138672845	52.194655867131345	0.0	0.0	0.0	79.10008096805977	0.0	0.0	0.0	0.0	88.7727727141197	0.0	0.0	0.0	0.0	0.0	0.0
GSM4138113_HNSCC_2_TIL_AGTGTCAAGAACTGTA	122.13527921558807	182.01489617478197	0.0	246.439711125841	0.0	112.69422766303651	0.0	255.92355811233614	0.0	0.0	0.0	243.33509586246754	296.3394896821558	0.0	0.0	100.90551808947691	0.0	0.0	0.0	0.0
GSM4138113_HNSCC_2_TIL_GAAACTCAGTTACGGG	99.84567772294821	76.21479380561736	0.0	80.46013656964264	0.0	95.3511207475817	0.0	0.0	0.0	21.00308300749266	228.42923845693505	115.17118824528985	19.685393914393913	133.25490552485036	0.0	0.0	0.0	0.0	0.0	0.0
GSM4138113_HNSCC_2_TIL_ACGGAGACAGGGATTG	2658.835807014712	0.0	0.0	0.0	0.0	0.0	0.0	0.0	0.0	0.0	0.0	0.0	0.0	0.0	0.0	0.0	0.0	0.0	0.0	0.0
GSM4138113_HNSCC_2_TIL_CACACAAAGTCCGTAT	380.5357335386296	560.9101698671781	233.83325826880687	106.44896906350053	161.47929168615954	246.32251785223232	336.52496336186124	0.0	0.0	54.36854455111733	0.0	0.0	0.0	0.0	0.0	0.0	0.0	0.0	0.0	0.0
GSM4138113_HNSCC_2_TIL_CAGCTAACAGTCACTA	108.48173677818731	186.85357263820714	62.133063550280696	27.91832365018276	13.25501084224045	36.85503073052118	0.0	84.11354100969665	0.0	33.791119943549	28.273316760942812	0.0	0.0	0.0	0.0	0.0	38.74694719993414	0.0	0.0	0.0
GSM4138113_HNSCC_2_TIL_CATATGGAGGGTGTGT	426.09126156465544	410.4799177784718	159.1514335562943	38.89805715364307	69.62811680321485	53.264857528664315	0.0	0.0	0.0	0.0	0.0	0.0	0.0	158.99762696806374	0.0	7.656393220949713	2.7107790235059315	1.0608231560603387	10.319270852919061	0.0
GSM4138113_HNSCC_2_TIL_CATCAAGTCTATCGCC	0.0	3191.163161404374	0.0	0.0	0.0	0.0	0.0	0.0	0.0	0.0	0.0	0.0	0.0	0.0	0.0	0.0	0.0	0.0	0.0	0.0
GSM4138113_HNSCC_2_TIL_CCTACACCACGAAGCA	2235.911532315824	0.7468205854505887	0.0	18.034382602624984	0.0	0.0	8.223806853799246	0.0	39.08758859900454	0.0	0.0	0.0	0.0	0.0	26.176923983844723	0.0	0.0	0.0	0.0	0.0
GSM4138113_HNSCC_2_TIL_CGTCACTTCGGCGGTT	222.9567426805906	59.78446959598551	0.0	39.771876915758476	0.0	8.586924316950837	0.0	0.0	16.303001369903093	0.0	0.0	0.0	50.52611021845137	88.66705246995187	51.47876291360801	5.658101603009873	0.0	0.0	18.93185108584931	0.0
GSM4138113_HNSCC_2_TIL_CTGATAGGTAAGTGGC	66.93038099341129	297.13666388391914	31.322264644426806	39.13354919186732	16.37292488648402	9.926806736541694	0.0	109.92435678269376	0.0	0.0	0.0	0.0	0.0	0.0	122.03819454339146	0.0	0.0	5.204424438791301	0.0	0.0
GSM4138113_HNSCC_2_TIL_CTGCCTATCACCACCT	368.4710618415985	502.04348075432756	62.37337185356391	14.637249420510873	0.0	0.0	0.0	0.0	45.19019123314792	0.0	0.0	0.0	0.0	275.2452008460141	0.0	0.0	4.405051005584712	14.469882308513144	0.0	0.0
GSM4138113_HNSCC_2_TIL_GATCAGTAGAGTAATC	654.5288341464263	149.47016949910065	0.0	27.771969045059915	56.554605891716854	14.726036348073029	0.0	0.0	0.0	0.0	70.97659443178763	0.0	0.0	172.88168739501953	0.0	0.0	0.0	27.07839263689201	0.0	0.0
GSM4138113_HNSCC_2_TIL_GATGAGGGTAGCCTCG	312.7641572445304	191.0653275515706	0.0	0.0	0.0	32.706001507246086	0.0	189.78762201576495	0.0	0.0	0.0	0.0	0.0	0.0	0.0	0.0	3.8719250254323336	0.0	23.263399813273047	0.0
GSM4138113_HNSCC_2_TIL_GCAAACTGTCGCCATG	494.95068292219	73.48358459501773	0.0	115.62519624313796	0.0	85.60719757124993	0.0	147.41256532538412	0.0	38.081113529553164	318.1524484872049	81.13555402012385	0.0	0.0	0.0	0.0	0.0	0.0	0.0	0.0
GSM4138113_HNSCC_2_TIL_GCGCCAAAGTTTCCTT	0.0	0.0	0.0	0.0	0.0	0.0	1037.8543355056543	2364.8535310221832	0.0	0.0	0.0	0.0	0.0	0.0	0.0	0.0	0.0	0.0	0.0	0.0
GSM4138113_HNSCC_2_TIL_GCGCGATAGGTAAACT	144.48751108194486	334.18415949369245	91.29997510872921	13.240783110698484	95.13398836285623	0.0	0.0	229.55761102546413	77.06688995643927	0.0	0.0	0.0	0.0	0.0	0.0	0.0	0.0	0.0	43.38704376198359	0.0
GSM4138113_HNSCC_2_TIL_TCAATCTGTCCAGTTA	453.8664276880362	141.80394527188452	0.17081630714009152	72.46894425480623	0.0	41.921165184193484	0.0	0.0	0.0	0.0	0.0	0.0	83.42731569210189	156.83476885255072	0.0	23.714871420118	64.84403318197086	0.0	0.0	0.0
GSM4138113_HNSCC_2_TIL_TGCTGCTCAGTGAGTG	212.94248277973875	455.01445023211824	60.4021573034052	13.431191897139083	0.0	0.0	0.0	121.67645448233519	129.41652843449225	0.0	0.0	0.0	0.0	0.0	0.0	0.0	73.73399931596266	33.926153605492104	0.0	0.0
GSM4138113_HNSCC_2_TIL_ACGAGCCTCGCGATCG	132.73096959668996	95.46861360466994	78.7065207649829	53.225571664024805	74.38683120658875	48.85737830130987	88.45398273355137	0.0	0.0	0.0	0.0	0.0	0.0	0.0	0.0	11.63035114961772	0.0	0.0	0.0	0.0
GSM4138113_HNSCC_2_TIL_AGCATACTCACAGTAC	180.7455012489842	138.23049905544818	131.83975361902853	112.83337199196752	113.15393422331039	61.62188426096031	47.4960209386486	51.91126216049949	0.0	0.0	0.0	0.0	0.0	0.0	0.0	0.0	0.0	24.526897643941552	0.0	0.0
GSM4138113_HNSCC_2_TIL_CCACTACAGTTCGCGC	189.64041404061388	145.50353265295718	76.12243596634934	37.57819389185279	108.26548160779788	39.86986054795918	0.0	0.0	0.0	0.0	0.0	0.0	0.0	90.6338732163213	0.0	0.0	0.0	0.0	1.5028993378050295	0.0
GSM4138113_HNSCC_2_TIL_CGATTGAGTATATGGA	249.9531392639984	72.67935503769891	98.14861146719723	84.69097959519338	91.69737221689891	49.74910345224393	0.0	65.46099373364706	0.0	0.0	0.0	0.0	0.0	0.0	0.0	0.0	0.0	15.479322101550977	0.0	0.0
GSM4138113_HNSCC_2_TIL_CTCGTACCACCGATAT	131.44671087357213	83.96154388380309	136.26553841309777	103.2144020078833	50.31423810532869	67.99063838831115	0.0	93.08925087404062	0.0	0.0	0.0	0.0	0.0	0.0	0.0	0.0	0.0	12.674828583322839	0.0	0.0
GSM4138113_HNSCC_2_TIL_CTGTTTATCAACACGT	230.0776041401923	73.09522895279368	127.35658383619592	56.34156945402208	112.64553655541742	35.376263539770896	0.0	59.88084842172772	0.0	0.0	0.0	0.0	0.0	0.0	0.0	0.0	0.0	1.0582338118261239	26.808837028386098	0.0
GSM4138113_HNSCC_2_TIL_CTTCTCTTCTCTGTCG	90.18942192105933	191.6190521040128	120.0904047867094	52.816441906488535	34.49493487373069	35.420281953126846	59.86601710751188	0.0	0.0	0.0	0.0	0.0	0.0	0.0	0.0	0.0	0.0	20.191072584758487	0.0	0.0
GSM4138113_HNSCC_2_TIL_GAATAAGGTTAAGAAC	201.0403363802421	138.06202467866984	120.5791111842633	46.109108081352986	99.69610152329908	50.91667140412887	56.642805331152886	0.0	0.0	0.0	0.0	0.0	0.0	0.0	0.0	0.0	0.0	33.92246512816686	0.0	0.0
GSM4138113_HNSCC_2_TIL_GATCGATCATGTTGAC	182.47435487085886	92.7224465816893	171.67111253872056	66.494475576962	88.71051649889795	74.1800877163677	47.083292160095276	63.74813861579518	0.0	0.0	0.0	0.0	0.0	0.0	0.0	0.0	0.0	0.0	33.740331952665	0.0
GSM4138113_HNSCC_2_TIL_TCCACACTCTTGTACT	141.69673004371103	100.59495594158079	111.67666122419115	57.501831319886904	108.74536483433687	27.056359353669443	53.33761409705619	0.0	0.0	0.0	0.0	0.0	0.0	0.0	0.0	0.0	0.0	40.71501275441248	0.0	0.0
GSM4138113_HNSCC_2_TIL_TCTTCGGAGATGTCGG	146.75790988409693	163.43256290215507	70.23162894876323	96.67809530280357	72.40899347183478	80.65842010886605	0.0	0.0	0.0	0.0	0.0	0.0	0.0	84.71051041142024	0.0	42.66355087281252	0.0	0.0	0.0	0.0
GSM4138113_HNSCC_2_TIL_TTCGAAGAGTACCGGA	256.0022814488646	168.72272875997962	78.34652561855381	49.486633136614905	82.58555254105886	71.5014596647739	66.48602106294551	55.13892513537052	0.0	0.0	0.0	0.0	0.0	0.0	0.0	0.0	0.0	23.93820592898043	0.0	0.0
GSM4138113_HNSCC_2_TIL_AAACCTGTCTGATTCT	309.5109821972192	145.79039224664317	137.79225631932994	81.44692341088171	87.82677336140591	36.821496565291916	72.3569862699552	0.0	0.0	0.0	0.0	0.0	0.0	0.0	0.0	0.0	0.0	0.0	36.47471370423947	0.0
GSM4138113_HNSCC_2_TIL_AAGCCGCGTCGACTAT	175.3490913973943	78.07942560527205	48.1425638637478	18.08883008930267	25.497361671398277	24.192661649501957	0.0	0.0	0.0	0.0	0.0	0.0	0.0	28.422774958013314	0.0	0.0	0.0	0.0	3.1408193909219544	0.0
GSM4138113_HNSCC_2_TIL_AATCGGTGTCCGACGT	270.02688001723214	148.95654622260017	121.22034371538234	5.003747664261728	60.664004578378545	47.11890848803034	0.0	34.02288157617644	0.0	8.474725119840398	0.0	0.0	0.0	0.0	0.0	6.609888720970726	0.0	0.0	0.0	0.0
GSM4138113_HNSCC_2_TIL_AGTTGGTGTCTTTCAT	136.3623106682108	94.81296528675023	71.18662913479103	25.890164291013253	71.89630379688259	15.06588157589248	0.0	94.81975520243287	0.0	8.677076395050193	0.0	0.0	0.0	0.0	0.0	0.0	0.0	0.0	0.0	0.0
GSM4138113_HNSCC_2_TIL_ATCACGAAGAGAGCTC	161.59177006227802	79.99957534420793	124.08150296712128	51.28210711569795	96.82842625855196	0.0	43.997267044112355	0.0	0.0	0.0	0.0	0.0	0.0	0.0	0.0	0.0	0.0	0.0	6.045690514824126	0.0
GSM4138113_HNSCC_2_TIL_ATCATGGGTAGCAAAT	222.43570303595422	131.6523435091927	90.23915970302886	94.69849595665282	52.66514345742747	49.42746369470355	0.0	43.03013354515956	0.0	0.0	0.0	0.0	0.0	0.0	0.0	0.0	0.0	0.0	20.328064463772474	0.0
GSM4138113_HNSCC_2_TIL_ATTTCTGCAAGGACAC	195.32275223807085	116.06300938922443	103.17128916718018	65.66264338783732	68.66000665361922	4.625487904103848	0.0	117.22283606498114	0.0	0.0	0.0	0.0	0.0	0.0	0.0	0.0	0.0	0.0	0.0	0.0
GSM4138113_HNSCC_2_TIL_CACAGGCGTCGACTAT	126.07076492153405	45.62196685679205	39.015309508040936	12.251641243568244	109.07453852949361	13.691655671325199	0.0	26.570188121055324	0.0	3.239162794783899	0.0	0.0	0.0	0.0	0.0	0.0	0.0	0.0	0.0	21.478792924063733
GSM4138113_HNSCC_2_TIL_CACAGGCTCGTACCGG	251.55585101716554	117.09830621097706	111.35341521059118	44.745826535427874	88.85786707473883	17.137642842947375	0.0	29.82179243157492	0.0	0.0	0.0	0.0	0.0	0.0	0.0	0.0	0.0	0.0	16.436941313587152	0.0
GSM4138113_HNSCC_2_TIL_CACAGTACAAGTCTGT	115.96861833908356	126.03411819468016	61.0466138810699	21.643432108476453	43.927658395189276	11.770608033527568	58.14823156930692	0.0	0.0	0.0	0.0	0.0	0.0	0.0	0.0	2.3140116402270703	0.0	0.0	0.0	0.0
GSM4138113_HNSCC_2_TIL_CACTCCACATGTAAGA	192.14658080147	104.522830751499	96.79807602398238	23.319406297994384	68.81713633445307	21.64970496654853	69.35871391466888	0.0	0.0	16.288629114708442	0.0	0.0	0.0	0.0	0.0	0.0	0.0	0.0	0.0	0.0
GSM4138113_HNSCC_2_TIL_CAGAATCCATGGGACA	212.4239928533929	102.35514669455392	104.31681140692118	0.5042173735137038	55.50336454955475	12.496058202515208	0.0	0.0	0.0	0.0	0.0	0.0	0.0	0.0	0.0	0.0	0.0	0.0	0.0	62.58902868324969
GSM4138113_HNSCC_2_TIL_CAGAATCTCATGCATG	148.54936124827245	169.2776352046055	60.01545059466018	51.26020768784613	60.7434437318822	0.0	0.0	0.0	0.0	0.0	0.0	0.0	0.0	38.08287089413115	0.0	8.549505599884103	0.0	0.0	0.0	0.0
GSM4138113_HNSCC_2_TIL_CAGGTGCAGACGCACA	110.29615713428562	72.83799942039815	73.70228013949479	28.580592719029497	78.67266714629157	32.38679531603465	60.59874058663483	0.0	0.0	0.0	0.0	0.0	0.0	0.0	0.0	14.018242056539963	0.0	0.0	0.0	0.0
GSM4138113_HNSCC_2_TIL_CAGTCCTCAACTGCTA	81.33504888512297	126.82977496657085	153.76267399825585	34.15747051700736	63.80041311025053	120.6368716155259	0.0	112.7250508359715	0.0	0.0	0.0	0.0	0.0	0.0	0.0	64.13886224316933	0.0	0.0	0.0	0.0
GSM4138113_HNSCC_2_TIL_CATCGAAAGGCATTGG	213.40596270097518	109.4802804957693	68.79031757018973	82.34701228881654	32.52259830092332	58.18228078941295	0.0	0.0	0.0	0.0	0.0	0.0	0.0	64.38973965876042	0.0	0.0	0.0	2.9697018418590604	0.0	0.0
GSM4138113_HNSCC_2_TIL_CCATTCGTCTGAGGGA	103.11792035333436	106.47142388392679	109.85827997260164	0.0	93.40957281033201	21.393176217695228	0.0	117.45003351730179	13.527487422215719	1.8351176448443351	0.0	0.0	0.0	0.0	0.0	10.098540727748851	0.0	0.0	0.0	0.0
GSM4138113_HNSCC_2_TIL_CCCTCCTTCGCGATCG	122.48316484485417	74.99483666237957	119.60110733563165	12.947552030680564	10.253490342303373	6.893432021604368	0.0	0.0	0.0	0.0	0.0	0.0	0.0	180.44184710160425	0.0	0.0	0.0	0.0	14.688653932510617	35.88884998455072
GSM4138113_HNSCC_2_TIL_CCTAGCTGTTCAGACT	151.38718839428088	105.77732204665702	99.26160545466456	18.553317611802793	101.3924120428211	17.73417696381294	0.0	100.57362206671058	0.0	15.6790007365078	0.0	0.0	0.0	0.0	0.0	0.0	0.0	0.0	0.0	0.0
GSM4138113_HNSCC_2_TIL_CCTTCCCTCCACGTGG	111.88478736631436	74.06406086249142	113.7605802178526	40.04920613171185	56.8226460437735	42.06203996144654	0.0	0.0	0.0	0.0	0.0	0.0	0.0	29.506476696098403	0.0	1.7350497282644703	0.0	9.548285168423511	0.0	0.0
GSM4138113_HNSCC_2_TIL_CGTCAGGGTGGTGTAG	262.4107764579244	88.03442460091811	64.73509475372295	29.31962251003972	86.65634371744785	0.0	0.0	30.39734295693724	8.695703896236385	0.0	0.0	0.0	0.0	0.0	0.0	0.0	0.0	0.0	0.0	0.0
GSM4138113_HNSCC_2_TIL_CTGCCTAGTATAAACG	257.5642532486358	77.36368223221399	99.17489317660677	48.90515768958954	74.13312952880132	20.962079836476526	53.805115595193016	0.0	0.0	22.680621104485095	0.0	0.0	0.0	0.0	0.0	0.0	0.0	0.0	0.0	0.0
GSM4138113_HNSCC_2_TIL_CTGTGCTAGAAAGTGG	162.69723677481488	187.53221115893976	66.7558315118448	52.23044748365868	33.10093697069086	40.743391801942174	0.0	51.93832048396587	0.0	0.0	0.0	0.0	0.0	0.0	0.0	0.0	0.0	0.0	0.0	0.0
GSM4138113_HNSCC_2_TIL_CTGTTTAAGTTACCCA	147.89016040051393	119.08780719513908	70.87097620919397	48.74185017834184	60.489393259966505	21.59077978016301	63.47907054441657	0.0	0.0	0.0	0.0	0.0	0.0	0.0	0.0	0.0	0.0	0.0	19.61903099038061	0.0
GSM4138113_HNSCC_2_TIL_CTTACCGCATTGAGCT	307.18689778783215	189.76500284969075	136.3478985528371	136.0575539621072	85.86945324192538	57.1965377395736	0.0	0.0	0.0	0.0	0.0	0.0	0.0	56.06731256067324	0.0	0.0	0.0	28.361612957793852	0.0	0.0
GSM4138113_HNSCC_2_TIL_GAAGCAGGTACAGTGG	233.29203452865306	176.83178491167664	116.90212912784864	56.28614018129427	42.53153364437183	31.328415216564725	0.0	63.377599436629126	0.0	10.945364530222443	0.0	0.0	0.0	0.0	0.0	0.0	0.0	0.0	0.0	0.0
GSM4138113_HNSCC_2_TIL_GACGTGCGTATTAGCC	192.6019783937336	255.06626338963534	105.39853164128645	29.735561741913653	102.2269172726525	4.8311898303811684	0.0	84.25486763303041	0.0	0.0	0.0	0.0	0.0	0.0	0.0	0.0	0.0	0.0	0.0	0.0
GSM4138113_HNSCC_2_TIL_GACGTGCTCGGATGTT	170.1911507548652	126.75992919284651	56.587568304101794	43.59118668317628	79.22630722152769	25.449305293429802	52.64122538023997	0.0	8.449202746157841	25.8646210036891	0.0	0.0	0.0	0.0	0.0	0.0	0.0	0.0	0.0	0.0
GSM4138113_HNSCC_2_TIL_GAGCAGAAGACTACAA	116.82721846568896	92.22365888237108	21.55797484371165	32.679508406604526	148.68302535962346	51.39703455328976	0.0	74.43601906598472	0.0	40.54137210278526	0.0	0.0	69.89522902772721	0.0	0.0	0.0	0.0	0.0	0.0	0.0
GSM4138113_HNSCC_2_TIL_GAGTCCGAGCAATCTC	127.62342950237469	93.1367250672748	174.2807980116341	1.4396119940994228	48.1673607626051	9.920340868392858	0.0	70.51752314065169	0.0	4.53250950672581	0.0	0.0	0.0	0.0	0.0	0.0	0.0	0.0	0.0	0.0
GSM4138113_HNSCC_2_TIL_GCGCGATAGGCTACGA	346.2694510079213	116.66858741595134	76.17976386186488	40.81713008694227	38.840927118950376	13.332166368532487	35.60250898827429	0.0	0.0	0.0	0.0	0.0	0.0	0.0	0.0	0.0	0.0	24.97617442445466	0.0	0.0
GSM4138113_HNSCC_2_TIL_GCTGCTTCAGTTCATG	171.9114220558643	94.48777713260773	39.29476638054874	39.26407193875259	58.65379031199066	16.110582950821996	47.0195426468074	0.0	0.0	0.0	0.0	0.0	0.0	0.0	0.0	0.0	0.0	0.0	1.4728720870483711	0.0
GSM4138113_HNSCC_2_TIL_GGCGACTGTAAGTGTA	318.11859664474935	181.02369981617997	121.80348853332777	43.116138528619935	107.88225206171359	44.94007518017771	36.90065859321076	0.0	0.0	21.723138045558706	0.0	0.0	0.0	0.0	0.0	0.0	0.0	5.707706825559745	0.0	31.305227342533218
GSM4138113_HNSCC_2_TIL_GGCTGGTTCCAAACTG	134.40888115550092	115.54498078580002	69.61609523175214	71.16027147495318	70.12100848216927	42.18602295480417	0.0	63.229432876104646	0.0	0.0	0.0	0.0	0.0	0.0	0.0	0.0	0.0	0.0	0.0	0.0
GSM4138113_HNSCC_2_TIL_GGGTTGCTCCTTGGTC	210.2855804218523	107.3523945130021	145.17563319971987	87.02734010297868	92.13116982048867	46.572224661067075	0.0	33.19591978582284	0.0	9.340544421357997	0.0	0.0	0.0	0.0	0.0	0.0	0.0	0.0	0.0	0.0
GSM4138113_HNSCC_2_TIL_GTAACTGTCTGGTTCC	294.697707785443	159.1611065388522	122.63653304904054	37.00385458946357	70.28682081658177	29.00559218307467	17.539885995140615	0.0	0.0	6.0662007378371205	0.0	0.0	0.0	0.0	0.0	18.129401318389032	0.0	0.7235368350715612	0.0	0.0
GSM4138113_HNSCC_2_TIL_GTCACGGGTCCGTGAC	239.97293348941	108.52217048813982	126.94096372984629	76.13397512807693	79.44900395266149	22.5988802118744	0.0	0.0	0.0	13.778848944873774	0.0	0.0	0.0	80.42969047288656	0.0	0.0	0.0	0.0	0.0	0.0
GSM4138113_HNSCC_2_TIL_GTTAAGCCATGCAACT	186.9363960979564	97.71827949990175	57.53536037693299	40.29374537770787	43.868192866391766	56.33356867950369	53.81193403573793	0.0	0.0	9.021940767458045	0.0	0.0	0.0	0.5272281369024938	0.0	0.0	0.0	0.0	0.0	0.0
GSM4138113_HNSCC_2_TIL_TAGAGCTTCCGTTGCT	154.7659896211962	227.60779698834102	95.88274786760289	22.70757292023462	43.64652974656129	59.84886048311545	94.89516289009254	0.0	0.0	0.0	0.0	0.0	0.0	0.0	0.0	0.0	0.0	0.0	6.631005425113515	0.0
GSM4138113_HNSCC_2_TIL_TATCAGGAGAACTGTA	244.8842170480692	325.89832965879407	188.99880688811302	34.275331978676306	149.55386264340385	75.86189594895589	0.0	129.0819497065767	0.0	0.0	0.0	0.0	0.0	0.0	0.0	0.0	0.0	34.766993518908826	0.0	0.0
GSM4138113_HNSCC_2_TIL_TATCAGGTCGGTCCGA	285.00008057203013	82.20112177713496	80.67294053560379	14.433323751418984	60.27835149060592	19.040784314975188	0.0	0.0	0.0	5.440892035660037	0.0	0.0	0.0	76.1576599610061	0.0	0.0	0.0	0.0	0.0	0.0
GSM4138113_HNSCC_2_TIL_TCACAAGAGAGTGAGA	123.30578679358031	103.88072728602945	78.29750545357618	18.30259525152747	166.32390535879534	0.0	56.974720195722206	0.0	19.692064941408557	0.0	0.0	0.0	0.0	0.0	0.0	0.0	0.0	0.0	0.0	0.0
GSM4138113_HNSCC_2_TIL_TGCCCATAGAAAGTGG	117.25744454577342	33.67710478349741	93.1714997532279	28.754192616634025	98.46726803113769	2.5627042384049665	97.77377993456321	0.0	0.0	13.80910591539552	0.0	0.0	0.0	0.0	0.0	0.0	0.0	0.0	0.0	0.0
GSM4138113_HNSCC_2_TIL_TGTATTCTCAAGGCTT	249.01974887149117	157.3482306922544	151.85794719602148	40.05196637070016	129.96014094519577	19.222961276085215	111.4985457286714	0.0	0.0	0.0	0.0	0.0	0.0	0.0	0.0	0.0	0.0	6.9592555317040965	0.0	0.0
GSM4138113_HNSCC_2_TIL_TGTGTTTAGAGCTTCT	214.2435774461342	125.70615404293059	98.216039154924	12.237240857748596	132.9745065724592	51.573380658234456	20.821795303919547	0.0	0.0	0.0	0.0	0.0	0.0	0.0	0.0	0.0	0.0	23.74207967454694	0.0	0.0
GSM4138113_HNSCC_2_TIL_TTGGCAATCCAAACTG	166.4225678004024	93.05820881456292	91.1148446202049	47.241801459345915	61.078232264912316	13.679459968158062	62.729074940968935	0.0	0.0	0.39475702145347996	0.0	0.0	0.0	0.0	0.0	0.0	0.0	0.0	0.0	14.879138099295691
GSM4138113_HNSCC_2_TIL_TTTCCTCCAAGCCCAC	202.1625495500078	86.31401997077481	136.87334569451912	10.21188392403329	69.92434218542255	0.0	25.29043077591215	0.0	25.28662276723974	0.6957262576706389	0.0	0.0	0.0	0.0	0.0	0.0	0.0	3.3296862159638296	0.0	56.86493617414071
GSM4138113_HNSCC_2_TIL_CGAGAAGAGAAACGCC	93.13864135071066	71.46347166159536	0.0	74.30933956097968	0.0	0.0	0.0	0.0	3.168176787169343	0.0	236.18409919745844	132.25103180656706	190.47195826103223	145.0925615656535	0.0	0.0	0.0	0.0	0.0	0.0
GSM4138113_HNSCC_2_TIL_CTAGAGTCACTAGTAC	275.4609499937368	209.51279707635314	171.79921712034684	69.98115024744801	152.78160656937652	62.022237251413586	93.76169329258458	0.0	0.0	0.0	0.0	0.0	0.0	0.0	0.0	0.0	0.0	30.275021995526366	0.0	0.0
GSM4138113_HNSCC_2_TIL_GTTCTCGCAATCGAAA	0.0	0.0	419.1102920874786	0.0	0.0	0.0	0.0	0.0	0.0	0.0	4038.000609665457	0.0	0.0	0.0	0.0	0.0	0.0	0.0	0.0	0.0
GSM4138113_HNSCC_2_TIL_TCATTTGCACTATCTT	247.1993392629711	105.55143580367522	0.0	314.92105897705795	0.0	22.790825061439865	0.0	18.286461311629225	0.0	0.0	611.7547880374169	101.00181895814016	0.0	0.0	0.0	0.0	0.0	0.0	15.47968449028616	0.0
GSM4138113_HNSCC_2_TIL_CGTCAGGAGTCAAGCG	208.7298551461861	168.62843627705251	114.6966734050532	32.595733281305186	61.16878641336078	39.49991420072261	0.0	85.3637311277721	0.0	0.0	0.0	0.0	0.0	0.0	0.0	0.0	0.0	14.446133491747396	0.0	0.0
GSM4138113_HNSCC_2_TIL_TCATTTGGTTTGCATG	190.07781425242138	94.66223617952656	55.80503533736409	81.32137404253375	44.76600895210302	19.17237608620485	31.73845480625912	0.0	0.0	7.986587887751223	0.0	0.0	0.0	0.0	0.0	0.0	0.0	2.434733742502229	0.0	0.0
GSM4138113_HNSCC_2_TIL_TGACGGCGTCCCTACT	276.6113276569021	147.0380850872543	120.89379133097538	81.2328515320553	76.13098660281007	29.41947104889739	86.91991252687366	0.0	0.0	0.0	0.0	0.0	0.0	0.0	0.0	0.0	0.0	30.822493271072812	0.0	0.0
GSM4138113_HNSCC_2_TIL_ACGCCGAGTACTTCTT	192.81221816671842	168.31913281644555	93.37091050769013	49.29697989131988	67.54631696064943	18.501772937205395	22.270928635000857	0.0	0.0	0.0	0.0	0.0	0.0	0.0	0.0	0.0	0.0	0.0	0.8203170047535087	0.0
GSM4138113_HNSCC_2_TIL_CAGGTGCGTAGCGCTC	151.033459698888	106.95160477994708	58.05416582979254	18.903519400579363	88.56652118340247	30.00124973467665	0.0	37.89893323852547	0.0	0.0	0.0	0.0	0.0	0.0	0.0	0.0	0.0	0.0	0.0	0.0
GSM4138113_HNSCC_2_TIL_TGAGCCGGTTACGGAG	262.1505040172812	130.59319186050107	371.4228531598722	227.5953604251325	317.4124196793876	153.03988233543228	0.0	0.0	4.379545112517162	0.0	0.0	0.0	0.0	77.87704006946794	0.0	46.977421186594526	0.0	0.0	0.0	0.0
GSM4138113_HNSCC_2_TIL_TGGCTGGTCGTCCAGG	186.24244166765632	107.68654772138422	120.48444673039526	25.378686321964913	72.36699418471785	18.7096754594768	0.0	7.91600832888473	0.0	0.0	0.0	0.0	0.0	0.0	0.0	0.0	0.0	0.0	25.449822465272916	44.86608479548052
GSM4138113_HNSCC_2_TIL_CCTTCGATCGTGGTCG	248.2775836860643	194.24396614844386	131.258223055361	30.796545488006853	145.48831133125515	31.795232067388795	0.0	86.86993907126477	0.0	0.0	0.0	0.0	0.0	0.0	0.0	0.0	0.0	0.0	46.13993080889511	0.0
GSM4138113_HNSCC_2_TIL_CGACTTCGTTTGACTG	68.02469029167833	87.66803258598924	84.69829416312928	50.84932749463531	83.74852591291676	37.31558793719217	31.53470818321619	1.660034231613181	0.0	0.0	0.0	0.0	0.0	0.0	0.0	0.0	0.0	13.722757369304444	0.0	0.0
GSM4138113_HNSCC_2_TIL_GCTTCCATCTCTTGAT	115.02599910176133	125.81046077242672	48.87718888104506	78.96951462308554	105.19831479967998	23.678738308946915	32.7785330313705	0.0	0.0	0.0	0.0	0.0	0.0	0.0	0.0	0.0	0.0	13.004607323596204	0.0	0.0
GSM4138113_HNSCC_2_TIL_TAGTTGGTCCAAGCCG	196.09263067311792	123.97169587713186	82.05140655326065	47.01696416653772	47.97211011089578	33.11696006383307	0.0	96.42542011490258	0.0	0.0	0.0	0.0	0.0	0.0	0.0	0.0	0.0	13.389590458922957	0.0	0.0
GSM4138113_HNSCC_2_TIL_CGCGGTACAAGTTGTC	391.56558343625693	249.8215290400462	317.38988653540235	159.52328020595297	201.97508238231998	139.2931667583242	0.0	500.7554994851026	0.0	0.0	0.0	0.0	0.0	0.0	0.0	0.0	0.0	0.0	74.69753688185135	0.0
GSM4138113_HNSCC_2_TIL_GGATGTTCACCAGGCT	425.0942764712522	0.0	36.89459473107374	34.80347134834378	44.53656561152348	0.0	0.0	194.86715825227196	0.0	5.843137719204338	0.0	0.0	0.0	0.0	0.0	0.0	0.0	0.0	0.0	0.0
GSM4138113_HNSCC_2_TIL_ACCCACTGTTTAAGCC	60.946279212258204	143.89144408413762	202.03872813625927	50.67254608618763	193.8510769791307	0.0	43.35971637063407	0.0	95.72018035986099	3.0674271274479206	0.0	0.0	0.0	0.0	0.0	0.0	0.0	12.797389730440877	0.0	0.0
GSM4138113_HNSCC_2_TIL_ACGATGTTCATTCACT	48.64451636175092	124.37653223244446	206.9049473456596	29.712690052256185	138.49021947984858	66.85571535963872	0.0	0.0	0.0	17.62255201635219	0.0	0.0	0.0	138.23359555894731	0.0	0.0	0.0	0.0	0.0	0.0
GSM4138113_HNSCC_2_TIL_ATCCACCTCTTGTACT	158.38262550493434	141.8523808251456	319.01127823170583	204.84700817300927	258.1000995694872	0.0	153.45224504514334	0.0	95.6960869111195	0.0	0.0	0.0	0.0	0.0	0.0	25.359097348648437	0.0	10.721860908561998	0.0	0.0
GSM4138113_HNSCC_2_TIL_CATCGGGAGAAAGTGG	134.91630284902732	133.59595785989742	412.19322379889263	173.55277362986027	272.4080358988075	53.05250353521573	75.43870273052683	0.0	8.636387616049413	0.0	0.0	0.0	0.0	0.0	0.0	49.511909478387906	0.0	0.0	0.0	0.0
GSM4138113_HNSCC_2_TIL_CGAATGTGTCGGCATC	114.51699951758808	153.55620735405864	242.86661382213586	64.5851649571545	167.50084590743558	0.0	101.7962409889285	0.0	112.60370681295855	0.0	0.0	0.0	0.0	0.0	0.0	0.0	0.0	32.787969502945145	0.0	0.0
GSM4138113_HNSCC_2_TIL_GGACAGACAGCGATCC	161.81334956798676	204.45061587667232	238.98546122992178	93.49784559261082	255.01137152473532	0.0	122.14244385655978	0.0	112.26758546917776	0.0	0.0	0.0	0.0	0.0	0.0	59.8318084912978	0.0	0.0	0.0	0.0
GSM4138113_HNSCC_2_TIL_GTAACTGAGACTACAA	297.49308090747377	138.57867281164235	0.0	3.770061953604246	137.60991986158933	0.0	91.46101239873789	0.0	75.85339830794504	0.0	205.81514686051554	0.0	0.0	0.0	0.0	0.0	0.0	18.735690639590285	0.0	0.0
GSM4138113_HNSCC_2_TIL_GTCACAAGTGAAAGAG	168.75071880831123	174.97066989318938	250.59225011707602	97.45176385572141	154.54758252074038	0.0	95.35733624039307	0.0	172.93397921169665	0.0	0.0	0.0	0.0	0.0	0.0	45.839113190977265	0.0	0.0	0.0	0.0
GSM4138113_HNSCC_2_TIL_TCGCGAGGTCGCGGTT	209.73165693099534	135.53375100293283	338.0503558648515	62.51009001577781	205.00074473278022	50.556428089745346	0.0	133.4006750592143	5.74194010205785	41.58649719080119	0.0	0.0	0.0	0.0	0.0	0.0	0.0	0.0	0.0	0.0
GSM4138113_HNSCC_2_TIL_TGACAACGTCTCTCGT	191.375266745581	168.92592249040806	202.5517889655459	73.27543353868761	164.25383274424001	78.85110481639161	146.3165287489633	0.0	0.0	0.0	0.0	0.0	0.0	0.0	0.0	0.0	0.0	40.1764984883685	0.0	0.0
GSM4138113_HNSCC_2_TIL_TTTACTGTCTAGAGTC	145.76213631470782	200.6085631886894	334.6168767557907	140.60920175615072	277.7237447274568	153.57627895975776	162.72636164874584	0.0	0.0	0.0	0.0	0.0	0.0	0.0	0.0	35.079733378026	0.0	0.0	0.0	0.0
GSM4138113_HNSCC_2_TIL_AAACGGGAGTAAGTAC	73.36034151445168	65.66279961436284	185.27613395761176	122.78459913372038	145.1880973650243	0.0	41.422251606179806	0.0	75.10997994677291	49.34814028340258	0.0	0.0	0.0	0.0	0.0	0.0	0.0	0.0	0.0	0.0
GSM4138113_HNSCC_2_TIL_ACACCGGAGAATGTTG	51.1260093532476	26.042521296978205	107.54873606922193	48.8526433609772	136.90673272783465	0.0	73.77197325346802	0.0	84.09595848912167	21.48806168420012	0.0	0.0	0.0	0.0	0.0	0.0	0.0	0.0	0.0	0.0
GSM4138113_HNSCC_2_TIL_ACACCGGTCCGCATAA	74.1097184945353	39.33416397048582	11.899931987554975	87.27442395809058	133.3042176036193	55.364074799238544	58.64099971087677	16.49586381245023	0.0	22.639278309426086	0.0	0.0	60.314573828283656	0.0	0.0	0.0	0.0	0.0	0.0	0.0
GSM4138113_HNSCC_2_TIL_ACATGGTAGCAGACTG	52.798779909937394	83.3351929861931	0.0	282.7564947287658	202.9654505277701	0.0	0.0	78.94551712252621	87.95058525324158	0.0	0.0	0.0	241.3199842426075	0.0	27.119941510836718	47.2184447663771	0.0	0.0	0.0	0.0
GSM4138113_HNSCC_2_TIL_ACGTCAAGTTATCGGT	153.61310226242756	131.78862634041894	166.4732814115379	241.07380680844932	131.29536686523386	98.3598111899118	97.99771134217237	0.0	21.365082297666568	0.0	0.0	0.0	0.0	0.0	0.0	0.0	5.974411942671206	44.91205517324356	0.0	0.0
GSM4138113_HNSCC_2_TIL_ACTGAACGTAGCGCTC	76.49119488156794	55.17088390479403	109.00230797263531	52.48518472688662	144.11353958284624	0.0	21.87309143687064	0.0	66.71852304383664	25.373191865187096	0.0	0.0	0.0	0.0	0.0	0.0	0.0	0.0	0.0	0.0
GSM4138113_HNSCC_2_TIL_AGCATACGTCGTCTTC	109.05557252701585	69.58803335890356	62.14176884691597	126.97455422187433	0.0	43.499897190142036	30.245930016226723	0.0	53.6880039074621	14.060578599495267	54.55734455123424	166.46520157719803	0.0	0.0	0.0	0.0	0.0	6.0796134618221	0.0	0.0
GSM4138113_HNSCC_2_TIL_AGCCTAATCGCGTTTC	67.56981927455138	120.01004390796707	112.46996168274657	126.21843520991334	167.6048364828387	123.53261823057804	65.4172690961347	0.0	0.0	0.0	4.471432752450685	0.0	0.0	0.0	0.0	0.0	0.0	0.0	15.68828376099202	0.0
GSM4138113_HNSCC_2_TIL_ATTGGACCAACGCACC	86.06438853159536	84.64958992519708	88.0233622300234	114.87902587906713	198.63955443266553	114.71469573334312	68.41917647145442	0.0	0.0	0.0	0.0	0.0	0.0	0.0	0.0	3.67667280164768	0.0	21.450765740084716	0.0	0.0
GSM4138113_HNSCC_2_TIL_CACAGGCGTTCCTCCA	118.93125344783863	73.57477092546056	0.0	169.46544879139532	22.834690777080617	107.49361710798355	0.0	0.0	0.0	2.810760695718356	44.39872156323092	24.73340901505276	81.97937594310989	41.49313823146124	111.85089026073712	25.13685050452596	0.0	0.0	0.0	0.0
GSM4138113_HNSCC_2_TIL_CAGCGACAGTACGCCC	67.01081398862641	52.62316949728593	90.5934944473669	72.5746573823293	0.0	35.56117429791416	0.0	0.0	31.91764659012575	17.595046609466042	0.0	149.4347671184278	0.0	23.033973844473774	0.0	6.896130740430802	0.0	0.0	0.0	0.0
GSM4138113_HNSCC_2_TIL_CATGCCTCACTGAAGG	76.2654190859118	92.12108234800078	89.65280680328873	130.52784231942312	150.03916764695347	31.94115322997238	134.67762039942272	0.0	52.963702705850146	35.24433697668782	0.0	0.0	0.0	0.0	0.0	0.0	0.0	0.0	0.0	2.636133385227133
GSM4138113_HNSCC_2_TIL_CCAATCCCAGATGGGT	33.569150135291736	82.3110477829971	83.84817830404238	55.32081699794908	0.0	0.0	32.87616390818085	0.0	60.28199866226396	0.0	11.952160400493797	0.0	0.0	0.0	0.0	0.0	85.76666548507947	0.0	9.086001333486458	0.0
GSM4138113_HNSCC_2_TIL_CCACGGAGTACCGTAT	19.487348608513305	104.38193143498133	122.66006850600654	74.68587941455435	15.122817381932638	0.0	70.01849900335485	0.0	46.8239714606749	14.342571678264349	0.0	0.0	0.0	0.0	0.0	3.7672539489721335	95.75291526659095	0.0	0.0	0.0
GSM4138113_HNSCC_2_TIL_CCGGGATGTCGCATAT	77.17485931240752	102.68662751396162	71.88029167224194	117.54424895422214	123.18885515186416	0.0	57.69772695320316	0.0	95.15613056741627	0.0	14.293053442666311	50.29955592199918	0.0	0.0	0.0	0.0	0.0	53.84420781570311	0.0	0.0
GSM4138113_HNSCC_2_TIL_CGATGTAGTCATTAGC	88.06336930470177	80.2355552055858	49.85658964606249	115.88917229176703	144.5969286051287	103.97940414564411	16.041992806356685	0.0	0.0	25.363849028992583	0.0	0.0	59.0657670118088	30.040742431482375	0.0	0.0	0.0	0.0	0.0	0.0
GSM4138113_HNSCC_2_TIL_CTACACCAGGTCATCT	41.546659327753176	81.1880032071677	16.59920400717542	141.9728742712504	0.0	46.319641073903284	53.79835552837431	0.0	1.6363654198067041	4.689655381492165	62.71220249540777	91.19816177192878	0.0	0.0	0.0	0.0	0.0	0.0	0.0	0.0
GSM4138113_HNSCC_2_TIL_CTAGTGATCACGACTA	144.0949029011437	61.31635787378247	149.17880546009638	132.56578028104198	114.11229557760602	19.673224882592287	40.000143470187965	0.0	77.16437709600326	0.0	16.495475528657813	0.0	0.0	0.0	0.0	0.0	0.0	0.0	24.601290094356173	0.0
GSM4138113_HNSCC_2_TIL_CTGCTGTAGTGCTGCC	54.248552305891934	46.90526373061777	60.83024310069707	137.3364035499393	35.04821932424693	68.87461240335242	2.90937835472084	47.723542306318386	0.0	0.0	0.0	62.260202949414065	0.0	0.0	23.634516147579788	0.0	0.0	0.0	28.463957193463983	0.0
GSM4138113_HNSCC_2_TIL_GACGTGCCACATCTTT	88.60738826600581	96.62009486523763	5.098567585971632	149.96839365137419	53.454463027130785	0.0	0.0	0.0	141.54309806329934	9.477702274469525	77.55159351266008	0.0	0.0	0.0	76.1168498535397	0.0	0.0	45.529834902768094	0.0	137.9167928176739
GSM4138113_HNSCC_2_TIL_GATCTAGGTGGCTCCA	29.177031632882155	58.596649931028345	44.707877056806325	74.0771534995362	49.73562970778788	0.0	16.991630079042515	0.0	61.3515604636518	0.0	0.0	92.5737058393326	0.0	0.0	0.0	15.921028379444607	0.0	1.0683344926541571	0.0	0.0
GSM4138113_HNSCC_2_TIL_GCCAAATCAGCCTATA	5.838390553605208	168.969913415041	8.81374616799833	40.94633340949781	0.0	0.0	29.18405007646465	0.0	76.98387873785013	9.790468024822292	156.95540037270882	82.9060558536127	0.0	0.0	0.0	0.0	0.0	15.632427410503185	0.0	0.0
GSM4138113_HNSCC_2_TIL_GCGCAGTGTCTTGATG	47.88720866514421	47.0019934385932	90.54447804560765	88.33837287977462	29.106583001286346	0.0	0.0	0.0	62.1393073418319	5.707883967747113	0.0	102.13543097153621	0.0	21.509811511409744	0.0	0.0	0.0	0.0	0.0	0.0
GSM4138113_HNSCC_2_TIL_GGACAAGTCCTCAATT	75.50828816842676	119.1138926325091	0.0	169.77273197296296	0.0	92.51031068978214	0.0	0.0	0.0	59.98138042350591	346.66806635301106	173.7735058674224	0.0	81.00857153817857	0.0	0.0	0.0	0.0	0.0	0.0
GSM4138113_HNSCC_2_TIL_GGGTCTGAGCTATGCT	51.5125027570996	95.78559970282065	124.03925878621047	79.56267812892709	119.25227875254222	130.972059898596	42.0915182299545	0.0	0.0	49.19294950698294	0.0	0.0	0.0	0.0	0.0	0.0	0.0	0.0	0.0	0.0
GSM4138113_HNSCC_2_TIL_GTAGGCCAGCACCGCT	50.83065250880961	107.04010823549342	0.0	132.84513211058973	0.0	0.0	39.33389558188582	0.0	112.10401653500963	16.91681835530406	124.61014179875107	0.0	0.0	0.0	145.08064551438983	0.0	0.0	0.0	0.0	0.0
GSM4138113_HNSCC_2_TIL_GTCAAGTTCCGCAAGC	107.37206652905834	84.86703715822117	0.0	137.53351194570746	3.313218812248332	0.0	27.30002254304014	36.534377716029006	98.05914039231088	38.606088299877094	3.337213988051607	59.85839921348282	107.55471123318824	0.0	0.0	0.0	111.97537868525738	0.0	0.0	0.0
GSM4138113_HNSCC_2_TIL_GTTACAGAGGCCGAAT	71.09975943661333	63.57506029402715	131.95524459384797	147.1148967825274	164.4471333660424	93.89814394481068	61.18788472401922	0.0	0.0	0.0	0.0	0.0	0.0	0.0	0.0	28.15244714214058	0.0	0.0	0.0	0.0
GSM4138113_HNSCC_2_TIL_TAGAGCTCAGATGGCA	127.5161184219764	175.56622341650265	54.235357286945245	206.2392321062895	0.0	108.32205466444536	0.0	0.0	57.71006660129877	0.0	100.37505216030911	221.35526158267172	0.0	82.15926298305475	0.0	32.54355463403688	7.184357005600823	0.0	27.17523553853128	0.0
GSM4138113_HNSCC_2_TIL_TAGCCGGTCAAAGTAG	32.656370746751996	80.95412020183831	155.14916791926026	101.05109782762563	122.72539185131566	0.0	30.935944256803598	0.0	86.34963757240354	46.16192808041121	0.0	0.0	0.0	0.0	0.0	0.0	0.0	0.0	0.0	44.26799490007718
GSM4138113_HNSCC_2_TIL_TCAGCAATCCTTGGTC	39.16185091616371	85.49811255294996	44.91843032850557	106.71266595482089	127.62420630536525	100.10661322487971	60.83854387956589	0.0	4.10494266718782	7.797654586876393	0.0	0.0	0.0	0.0	0.0	0.0	0.0	0.0	0.0	0.0
GSM4138113_HNSCC_2_TIL_TCGAGGCCATATACCG	28.26447426206007	40.66369212345478	0.0	107.41844745038253	0.0	108.63024116156228	0.0	64.23678800191338	0.0	81.08440487005558	0.0	166.52471371997768	251.2138016928582	0.0	0.0	0.0	0.0	0.0	0.0	0.0
GSM4138113_HNSCC_2_TIL_TCTTTCCCAGATCGGA	71.08653112922191	60.09584614620486	0.0	217.42296568377864	92.93553819756914	0.0	68.96288104799773	0.0	98.24343758265742	0.0	0.0	0.0	253.90111601298833	16.994347972137387	2.4632285517400634	50.75581138531844	70.09359166130533	0.0	0.0	0.0
GSM4138113_HNSCC_2_TIL_TCTTTCCGTCCATGAT	109.55555473170168	84.23794289007785	24.15154378874713	141.13854335259626	64.65355387646528	118.7598170123859	61.645245189723305	0.0	0.0	60.56757696262776	90.06070091364704	66.56513829330142	0.0	0.0	0.0	0.0	0.0	0.0	0.0	0.0
GSM4138113_HNSCC_2_TIL_TGAGCCGTCTCGCTTG	48.507909643477596	99.29426728567968	109.0390187399827	107.83054665845467	0.0	0.0	59.42474152600735	0.0	70.27717390697745	41.87128266345147	16.434789953975717	0.0	0.0	0.0	136.71451046885542	0.0	0.0	0.0	0.0	0.0
GSM4138113_HNSCC_2_TIL_TTAACTCCACGGTAAG	24.60163170990518	88.09768655932334	46.512916960771825	104.07625870602813	110.79986018408418	0.0	20.66850612116205	0.0	52.31199715525881	46.596097066632176	0.0	0.0	0.0	0.0	18.46345780246788	0.0	0.0	0.0	0.0	0.0
GSM4138113_HNSCC_2_TIL_GCACATAGTGCTCTTC	222.74977405079363	177.60043062778325	35.20865255826387	38.720736662835236	0.0	0.0	0.0	0.0	59.41459281210232	20.390640962077036	0.0	0.0	0.0	102.60284806467988	0.0	0.0	46.580845386907875	0.0	0.0	32.99018480258372
GSM4138113_HNSCC_2_TIL_AACTGGTAGCCACGTC	191.88595282503786	255.88200567894717	216.89610335405496	153.18326371070324	206.02305652950895	296.73890888707217	177.8132843465296	0.0	0.0	0.0	0.0	0.0	0.0	0.0	0.0	44.202464762440506	0.0	0.0	0.0	0.0
GSM4138113_HNSCC_2_TIL_ATCTGCCAGACTAGGC	116.08847957780284	204.42253886579851	77.11076288788558	90.8248342348909	0.0	95.38281478468441	108.51294521686204	28.507493724464112	0.0	0.0	0.0	0.0	0.0	0.0	0.0	0.0	80.96136114979593	41.66175509412029	0.0	0.0
GSM4138113_HNSCC_2_TIL_CAACCTCTCCTACAGA	254.60747217001773	242.3868404919946	219.63011627778073	130.56189485149739	299.3085788156103	0.0	211.65364007570074	0.0	99.44158940149342	0.0	0.0	0.0	0.0	0.0	0.0	0.0	0.0	77.84744110205773	0.0	0.0
GSM4138113_HNSCC_2_TIL_CAAGGCCGTAGAGCTG	140.7374123887576	140.6320539516657	0.0	119.75055308591656	0.0	0.0	113.86479928479744	0.0	322.4736465341263	0.0	60.95524178679143	0.0	0.0	0.0	0.0	0.0	182.33826668365697	51.425106918068856	0.0	0.0
GSM4138113_HNSCC_2_TIL_CACACTCCACAACGCC	42.46725916650757	57.402424202615926	0.0	134.01076283701357	0.0	0.0	0.0	0.0	88.1828759307782	0.0	3.1092914201889235	162.83833300655002	119.83971559635687	36.107025874060284	0.0	0.0	0.0	24.986659681811066	0.0	0.0
GSM4138113_HNSCC_2_TIL_CTCGGGACACTGAAGG	320.7808823174384	478.81268641769776	254.45641001044248	97.30061886168474	0.0	39.777229897220195	0.0	282.50639902316476	136.89503186379147	0.0	0.0	0.0	0.0	0.0	0.0	0.0	182.38247914824643	73.72025839478977	0.0	0.0
GSM4138113_HNSCC_2_TIL_CTTGGCTGTTCGCTAA	88.91856534085974	197.62903779822614	0.0	68.14323966118656	0.0	115.7774007346806	0.0	139.29698546496124	0.0	0.0	0.0	0.0	105.11876184434934	0.0	0.0	0.0	58.37714340605755	23.82977284317708	0.0	0.0
GSM4138113_HNSCC_2_TIL_GACCAATGTTACGACT	0.0	0.0	0.0	0.0	0.0	2952.0314990871107	0.0	0.0	0.0	0.0	0.0	0.0	0.0	0.0	0.0	0.0	0.0	0.0	0.0	0.0
GSM4138113_HNSCC_2_TIL_GCGGGTTCAGCGTCCA	576.3215794647987	210.57479704526568	178.9731291855593	129.39741508963093	235.81037258645995	0.0	282.3932734776073	0.0	138.69821989309662	0.0	0.0	0.0	0.0	0.0	0.0	0.0	0.0	0.0	60.91151944505849	0.0
GSM4138113_HNSCC_2_TIL_GTAGGCCAGTCGTACT	258.8391682588292	176.5775828713526	111.40540622299694	44.67194835479542	0.0	0.0	174.05288961538866	0.0	159.18314180292953	0.0	0.0	0.0	0.0	0.0	0.0	0.0	178.0778662725037	66.0567209817238	0.0	0.0
GSM4138113_HNSCC_2_TIL_GTGAAGGGTAGAAGGA	134.9314507954682	298.24683587718846	116.15195531457306	91.91692674016622	118.6975047625577	0.0	175.44599681193367	0.0	135.77213226563796	0.0	0.0	0.0	0.0	0.0	0.0	0.0	0.0	29.282734403070688	0.0	0.0
GSM4138113_HNSCC_2_TIL_GTTACAGCATAGGATA	90.47241695563866	177.60773520305386	0.0	74.83103317251584	0.0	0.0	0.0	289.90190342236224	218.19916279876347	39.54125281685993	164.21553865324992	141.91553708111473	0.0	0.0	63.35271613148585	0.0	0.0	0.0	0.0	0.0
GSM4138113_HNSCC_2_TIL_TAGGCATCATGACGGA	318.7480099980194	178.38704679535064	264.6428110840099	267.86487503509244	0.0	0.0	247.94550198811933	0.0	213.95863894844877	0.0	0.0	0.0	0.0	0.0	0.0	0.0	160.04793375321182	86.29534854091295	0.0	0.0
GSM4138113_HNSCC_2_TIL_TCAATCTCAAGAAGAG	223.9534551912738	444.10338015533335	145.75468095446627	157.6041659338356	152.62295154609478	0.0	184.22551028212803	0.0	324.6211024428246	0.0	0.0	0.0	0.0	0.0	158.14547411645466	0.0	0.0	46.24908218702958	0.0	0.0
GSM4138113_HNSCC_2_TIL_TGGCCAGCATGTAAGA	367.4391607378847	457.7372891365622	252.65149088148357	190.2814569196048	305.61834150402495	481.0692964976818	227.8792384811688	0.0	0.0	0.0	0.0	0.0	0.0	0.0	0.0	83.61238093166969	0.0	0.0	0.0	0.0
GSM4138113_HNSCC_2_TIL_AACTCAGCAATGGTCT	282.7612618415037	108.83328428422263	0.0	14.087566532343475	8.215348491908278	36.03754420769482	0.0	0.0	0.0	0.0	0.0	0.0	0.0	213.00487992714216	0.0	0.0	0.0	7.784420499646734	42.918549434606625	0.0
GSM4138113_HNSCC_2_TIL_TGCGGGTGTCTAGCCG	310.3790765489116	289.7820330236698	19.44822919876446	0.0	13.896080894681662	60.11448553863487	0.0	0.0	0.0	0.0	0.0	0.0	0.0	0.0	0.0	0.0	0.0	0.0	91.32329636435871	39.62050263234077
GSM4138113_HNSCC_2_TIL_AGTGAGGTCTACCAGA	113.18487239996946	97.96962720575056	4.521926518571765	364.7443286654929	25.395810717944688	23.711720919428025	149.18663315474066	0.0	53.75577364042938	0.0	19.817370637330768	0.0	293.59939249129235	0.0	0.0	40.04285819102312	169.33134082627222	0.0	0.0	0.0
GSM4138113_HNSCC_2_TIL_CATGGCGCATTCTCAT	17.164863048291615	27.18079108907828	63.06101627705494	428.8656066726144	0.0	0.0	0.0	89.4578399022278	129.81035291340066	0.0	0.0	0.0	0.0	0.0	0.0	0.0	7.185669625608752	0.0	15.365232619012783	0.0
GSM4138113_HNSCC_2_TIL_GTACTCCAGTGGGATC	0.0	0.0	0.0	2984.5380902535067	0.0	0.0	0.0	0.0	0.0	0.0	0.0	0.0	0.0	0.0	0.0	0.0	0.0	0.0	0.0	0.0
GSM4138113_HNSCC_2_TIL_TTTGGTTGTTACCGAT	124.39026057162741	28.823669839342642	0.0	407.3583397208323	0.0	66.17252833747257	0.0	108.37695284140958	0.0	0.0	0.0	313.31405915782835	163.1164092342137	0.0	0.0	63.572689434980255	35.4887720990884	0.0	0.0	0.0
GSM4138113_HNSCC_2_TIL_AGCTCCTCAGTCGATT	143.4771491667844	133.5336726090083	0.0	98.53656422378296	0.0	84.31131220097798	0.0	84.42804545644054	0.0	0.0	0.0	0.0	214.20812329353112	0.0	0.0	10.564978643920263	29.40914129883781	0.0	0.0	0.0
GSM4138113_HNSCC_2_TIL_AACTCCCAGTGTCTCA	0.0	0.0	0.0	0.0	0.0	0.0	0.0	0.0	0.0	1257.5585853403325	0.0	0.0	0.0	0.0	0.0	0.0	0.0	0.0	0.0	0.0
GSM4138113_HNSCC_2_TIL_AGCAGCCGTATAGGTA	0.5194994747970741	0.0	0.0	0.0	0.0	0.0	0.0	0.0	0.0	1885.5024353911	0.0	0.0	0.0	0.0	0.0	0.0	0.0	0.0	0.0	3.814099556251145
GSM4138113_HNSCC_2_TIL_CTGAAACAGTGGACGT	4.3077524939365235	10.096906946872418	0.0	54.48694240412922	14.076535917408101	20.055041784788305	14.754753613692257	0.0	0.0	409.9546600880689	0.0	0.0	142.29487659509712	0.0	0.0	112.74254402579375	0.0	0.0	0.0	0.0
GSM4138113_HNSCC_2_TIL_TCAGCAATCCGAAGAG	0.0	14.251274486263439	0.0	0.0	0.0	1.3968394531950992	0.0	0.0	3.2563771993425568	0.0	0.0	0.0	0.0	0.0	37.623682498463744	1225.5961450142356	0.0	0.0	0.0	0.0
GSM4138113_HNSCC_2_TIL_AACTCTTAGGCATGGT	204.61819515944788	235.73642272517765	0.0	131.66394507496724	0.0	322.747724926917	125.9146567653202	0.0	0.0	0.0	0.0	0.0	242.78989464192014	0.0	433.1524774012604	0.0	0.0	0.0	36.67732104723608	0.0
GSM4138113_HNSCC_2_TIL_AAGTCTGTCTCCGGTT	157.38184316928456	148.89060827669758	0.0	142.48169914345962	0.0	274.90973123562685	125.59890773936205	36.80556986853842	0.0	0.0	177.61478570965724	0.0	0.0	0.0	398.05619790125013	0.0	0.0	0.0	51.63734776305546	0.0
GSM4138113_HNSCC_2_TIL_GACGTGCAGTAGGTGC	0.0	0.0	0.0	0.0	0.0	0.0	0.0	0.0	0.0	0.0	0.0	0.0	0.0	0.0	3951.888183487161	0.0	213.9492744799414	0.0	0.0	0.0
GSM4138113_HNSCC_2_TIL_GATTCAGCAGCTGCAC	220.132265109458	277.38189360727733	97.11037027196645	147.50250906398054	0.0	40.539192265814044	113.44309108640209	0.0	166.47766138061564	0.0	120.28851089098683	83.6039972934693	0.0	0.0	329.7319634981763	0.0	0.0	38.27471747457359	0.0	0.0
GSM4138113_HNSCC_2_TIL_GTACTTTGTGCAGACA	20.994891354978265	16.654218357837877	0.0	0.0	0.0	0.0	10.193797785760491	0.0	7.415759845793543	0.0	0.0	0.0	21.27632260665407	0.0	0.0	0.0	41.429132994619536	6.951638763205489	0.0	0.0
