	1	2	3
GSM4138113_HNSCC_2_TIL_ACAGCTACAGCAGTTT	365.1898682689559	93.61017076427188	286.96028407337536
GSM4138113_HNSCC_2_TIL_CGCTATCTCGGTCCGA	624.1075845553245	170.81338068069203	643.5901061656128
GSM4138113_HNSCC_2_TIL_GGACGTCGTAGAGGAA	652.3206024622231	0.0	29.06127918889527
GSM4138113_HNSCC_2_TIL_AACTCTTGTCAAGCGA	862.8463386360431	0.0	44.07169163297274
GSM4138113_HNSCC_2_TIL_AGTGTCAAGAACTGTA	960.0955051961066	229.18401064267337	714.567677501998
GSM4138113_HNSCC_2_TIL_GAAACTCAGTTACGGG	434.6527236520076	245.97919367960554	502.81445086166974
GSM4138113_HNSCC_2_TIL_ACGGAGACAGGGATTG	2546.548068152989	0.0	0.0
GSM4138113_HNSCC_2_TIL_CACACAAAGTCCGTAT	3024.614911928361	27.410706252413664	0.0
GSM4138113_HNSCC_2_TIL_CAGCTAACAGTCACTA	643.0587386053846	49.88844173277842	69.22950709594217
GSM4138113_HNSCC_2_TIL_CATATGGAGGGTGTGT	1704.635801095564	0.0	11.489173845690571
GSM4138113_HNSCC_2_TIL_CATCAAGTCTATCGCC	3013.482717134525	0.0	0.0
GSM4138113_HNSCC_2_TIL_CCTACACCACGAAGCA	2434.3793871391	0.0	0.0
GSM4138113_HNSCC_2_TIL_CGTCACTTCGGCGGTT	542.8772599394003	36.83092244888114	85.02433667091539
GSM4138113_HNSCC_2_TIL_CTGATAGGTAAGTGGC	709.2613167968558	0.0	96.87239318239679
GSM4138113_HNSCC_2_TIL_CTGCCTATCACCACCT	1657.7585682200186	0.0	0.0
GSM4138113_HNSCC_2_TIL_GATCAGTAGAGTAATC	1409.9065745103849	0.0	3.281701511231341
GSM4138113_HNSCC_2_TIL_GATGAGGGTAGCCTCG	949.6856678955187	0.0	0.0
GSM4138113_HNSCC_2_TIL_GCAAACTGTCGCCATG	1031.984363909705	119.84555782506514	430.46718037007645
GSM4138113_HNSCC_2_TIL_GCGCCAAAGTTTCCTT	3355.1013024042963	0.0	0.0
GSM4138113_HNSCC_2_TIL_GCGCGATAGGTAAACT	1225.304680631101	101.71827020413483	3.091967752591741
GSM4138113_HNSCC_2_TIL_TCAATCTGTCCAGTTA	1242.837110963949	65.32365235726999	12.026726704183892
GSM4138113_HNSCC_2_TIL_TGCTGCTCAGTGAGTG	1294.833230422979	48.93572593451839	0.0
GSM4138113_HNSCC_2_TIL_ACGAGCCTCGCGATCG	764.1639118615542	54.65017264817335	39.526844232591976
GSM4138113_HNSCC_2_TIL_AGCATACTCACAGTAC	1131.4239548823075	47.83414697559195	106.08814917606523
GSM4138113_HNSCC_2_TIL_CCACTACAGTTCGCGC	934.1922932389148	0.0	49.88200763239679
GSM4138113_HNSCC_2_TIL_CGATTGAGTATATGGA	962.9382296251446	0.0	82.33066477336739
GSM4138113_HNSCC_2_TIL_CTCGTACCACCGATAT	844.3552070614669	0.0	119.70660776692648
GSM4138113_HNSCC_2_TIL_CTGTTTATCAACACGT	853.6818409409806	28.242001546001177	139.67868996488392
GSM4138113_HNSCC_2_TIL_CTTCTCTTCTCTGTCG	711.5839453830508	86.91690535490433	66.66093728067693
GSM4138113_HNSCC_2_TIL_GAATAAGGTTAAGAAC	1056.0174964104085	0.0	62.250213020584994
GSM4138113_HNSCC_2_TIL_GATCGATCATGTTGAC	1007.3032813142818	0.0	158.7478104515867
GSM4138113_HNSCC_2_TIL_TCCACACTCTTGTACT	774.5734069197807	23.728296365064367	119.29306294085772
GSM4138113_HNSCC_2_TIL_TCTTCGGAGATGTCGG	969.1125928115355	9.922111960579771	63.4704419600336
GSM4138113_HNSCC_2_TIL_TTCGAAGAGTACCGGA	1313.47416771212	0.0	0.0
GSM4138113_HNSCC_2_TIL_AAACCTGTCTGATTCT	1179.2802001844057	0.0	90.32592481361611
GSM4138113_HNSCC_2_TIL_AAGCCGCGTCGACTAT	535.7153006180374	0.0	14.3701525145347
GSM4138113_HNSCC_2_TIL_AATCGGTGTCCGACGT	942.867078674639	0.0	42.159109641955126
GSM4138113_HNSCC_2_TIL_AGTTGGTGTCTTTCAT	732.9171554214466	0.0	38.247462087132234
GSM4138113_HNSCC_2_TIL_ATCACGAAGAGAGCTC	613.3555802173371	0.0	159.77443228904718
GSM4138113_HNSCC_2_TIL_ATCATGGGTAGCAAAT	823.114724274428	2.6875419894935026	93.25966744102939
GSM4138113_HNSCC_2_TIL_ATTTCTGCAAGGACAC	919.3453911254394	15.751731468319614	42.66719593186015
GSM4138113_HNSCC_2_TIL_CACAGGCGTCGACTAT	497.0124786553783	0.0	62.08372258674629
GSM4138113_HNSCC_2_TIL_CACAGGCTCGTACCGG	793.1179630859901	0.0	112.69339777527621
GSM4138113_HNSCC_2_TIL_CACAGTACAAGTCTGT	625.0084313173439	0.0	16.56729926970606
GSM4138113_HNSCC_2_TIL_CACTCCACATGTAAGA	717.1469963287607	10.7465895656253	73.10693362574312
GSM4138113_HNSCC_2_TIL_CAGAATCCATGGGACA	722.8244556712178	0.0	46.99040771481903
GSM4138113_HNSCC_2_TIL_CAGAATCTCATGCATG	596.211410890805	58.59865031588507	68.3579089352481
GSM4138113_HNSCC_2_TIL_CAGGTGCAGACGCACA	518.796314127694	0.0	109.9654824274627
GSM4138113_HNSCC_2_TIL_CAGTCCTCAACTGCTA	667.0276806270015	81.11304006511152	206.24265382782812
GSM4138113_HNSCC_2_TIL_CATCGAAAGGCATTGG	771.3870493428407	0.0	54.860592767313626
GSM4138113_HNSCC_2_TIL_CCATTCGTCTGAGGGA	644.6306280469864	0.8748926160338083	131.87627434711712
GSM4138113_HNSCC_2_TIL_CCCTCCTTCGCGATCG	828.199209771713	0.0	18.12438327953097
GSM4138113_HNSCC_2_TIL_CCTAGCTGTTCAGACT	776.4842415556326	0.0	92.09058118545295
GSM4138113_HNSCC_2_TIL_CCTTCCCTCCACGTGG	570.5356754167952	2.6247973600135643	107.82640111425296
GSM4138113_HNSCC_2_TIL_CGTCAGGGTGGTGTAG	678.7218407613128	0.0	80.30341648789987
GSM4138113_HNSCC_2_TIL_CTGCCTAGTATAAACG	809.8557572681083	0.0	97.14511043300507
GSM4138113_HNSCC_2_TIL_CTGTGCTAGAAAGTGG	767.7356514984773	0.0	20.29995003656612
GSM4138113_HNSCC_2_TIL_CTGTTTAAGTTACCCA	685.1008657427097	0.0	68.12211271049362
GSM4138113_HNSCC_2_TIL_CTTACCGCATTGAGCT	1162.5392585032168	0.0	156.54596889619157
GSM4138113_HNSCC_2_TIL_GAAGCAGGTACAGTGG	937.286874700201	14.775811638691394	59.533995248089546
GSM4138113_HNSCC_2_TIL_GACGTGCGTATTAGCC	976.6612371217177	0.0	63.92674703957569
GSM4138113_HNSCC_2_TIL_GACGTGCTCGGATGTT	776.003920385966	0.0	44.72768826673059
GSM4138113_HNSCC_2_TIL_GAGCAGAAGACTACAA	444.27028897385685	78.26786143059932	251.9533461534214
GSM4138113_HNSCC_2_TIL_GAGTCCGAGCAATCTC	608.2994527058657	0.0	136.39013162724143
GSM4138113_HNSCC_2_TIL_GCGCGATAGGCTACGA	974.4506337317611	0.0	0.0
GSM4138113_HNSCC_2_TIL_GCTGCTTCAGTTCATG	584.6396249383104	0.0	31.985673919747477
GSM4138113_HNSCC_2_TIL_GGCGACTGTAAGTGTA	1240.3411645641759	0.0	53.72007716090261
GSM4138113_HNSCC_2_TIL_GGCTGGTTCCAAACTG	561.4182407800885	0.0	126.78060333018047
GSM4138113_HNSCC_2_TIL_GGGTTGCTCCTTGGTC	739.7820553912901	29.57705384367891	204.97534311707437
GSM4138113_HNSCC_2_TIL_GTAACTGTCTGGTTCC	992.6405436181392	0.0	59.31181704452457
GSM4138113_HNSCC_2_TIL_GTCACGGGTCCGTGAC	957.8134452360263	0.0	100.40590463703684
GSM4138113_HNSCC_2_TIL_GTTAAGCCATGCAACT	683.4821689279786	19.3955504023184	29.340809153092856
GSM4138113_HNSCC_2_TIL_TAGAGCTTCCGTTGCT	988.3207732717725	15.57204083681986	0.0
GSM4138113_HNSCC_2_TIL_TATCAGGAGAACTGTA	1470.7648381688446	13.891034244167898	120.33902694735987
GSM4138113_HNSCC_2_TIL_TATCAGGTCGGTCCGA	893.6897203390196	0.0	10.527317441939582
GSM4138113_HNSCC_2_TIL_TCACAAGAGAGTGAGA	634.9245559943033	0.0	138.69684857362964
GSM4138113_HNSCC_2_TIL_TGCCCATAGAAAGTGG	477.90069711168263	31.03565924952172	131.98832405181327
GSM4138113_HNSCC_2_TIL_TGTATTCTCAAGGCTT	1120.8904711774085	0.0	109.04275686858445
GSM4138113_HNSCC_2_TIL_TGTGTTTAGAGCTTCT	825.6421729695543	0.0	112.01008851660139
GSM4138113_HNSCC_2_TIL_TTGGCAATCCAAACTG	729.1993622515517	0.0	64.56612917672454
GSM4138113_HNSCC_2_TIL_TTTCCTCCAAGCCCAC	745.9978228437981	20.091673282749216	95.7168112558972
GSM4138113_HNSCC_2_TIL_CGAGAAGAGAAACGCC	541.5282508369244	3.256404023379746	640.528349170909
GSM4138113_HNSCC_2_TIL_CTAGAGTCACTAGTAC	1444.7331942020728	0.0	124.8751653795918
GSM4138113_HNSCC_2_TIL_GTTCTCGCAATCGAAA	0.0	0.0	4878.649986191893
GSM4138113_HNSCC_2_TIL_TCATTTGCACTATCTT	510.0525876466532	41.112119913541555	1041.8787135293426
GSM4138113_HNSCC_2_TIL_CGTCAGGAGTCAAGCG	1066.7945359948176	0.0	0.0
GSM4138113_HNSCC_2_TIL_TCATTTGGTTTGCATG	715.2526382189617	0.0	34.04232717239352
GSM4138113_HNSCC_2_TIL_TGACGGCGTCCCTACT	1176.0824760749756	9.68729360560193	43.56255434758802
GSM4138113_HNSCC_2_TIL_ACGCCGAGTACTTCTT	803.2555811012368	0.0	63.96876322902052
GSM4138113_HNSCC_2_TIL_CAGGTGCGTAGCGCTC	638.8027892693807	0.0	56.54273157760007
GSM4138113_HNSCC_2_TIL_TGAGCCGGTTACGGAG	1108.3154056542517	207.88858596386365	777.0968051554936
GSM4138113_HNSCC_2_TIL_TGGCTGGTCGTCCAGG	746.9704412500404	0.0	100.70855560297899
GSM4138113_HNSCC_2_TIL_CCTTCGATCGTGGTCG	1132.6055959008827	0.8834326539570665	135.09267010860066
GSM4138113_HNSCC_2_TIL_CGACTTCGTTTGACTG	536.2954249910921	15.728892757573929	104.0365638632936
GSM4138113_HNSCC_2_TIL_GCTTCCATCTCTTGAT	582.7599495740601	50.73570501420852	97.13124591907356
GSM4138113_HNSCC_2_TIL_TAGTTGGTCCAAGCCG	817.9129945266471	0.0	46.1649084156424
GSM4138113_HNSCC_2_TIL_CGCGGTACAAGTTGTC	2275.052264011481	21.386313132622675	447.19317525634307
GSM4138113_HNSCC_2_TIL_GGATGTTCACCAGGCT	672.2980836695696	0.0	120.78109673157202
GSM4138113_HNSCC_2_TIL_ACCCACTGTTTAAGCC	645.9688058087683	182.83818616554632	312.7585949537215
GSM4138113_HNSCC_2_TIL_ACGATGTTCATTCACT	546.2019815561906	104.12858136672226	327.7125760204287
GSM4138113_HNSCC_2_TIL_ATCCACCTCTTGTACT	1106.0998421528018	265.0043531394417	522.9752327261276
GSM4138113_HNSCC_2_TIL_CATCGGGAGAAAGTGG	813.228063498795	253.97394778123885	694.1017088751202
GSM4138113_HNSCC_2_TIL_CGAATGTGTCGGCATC	880.6080357299978	282.13345257587986	272.6862860453417
GSM4138113_HNSCC_2_TIL_GGACAGACAGCGATCC	1067.6456325628756	253.12621862860271	386.7258412472398
GSM4138113_HNSCC_2_TIL_GTAACTGAGACTACAA	1063.2430406371402	113.91280842934707	181.6098287821977
GSM4138113_HNSCC_2_TIL_GTCACAAGTGAAAGAG	1079.8399050545595	299.70559172870793	273.2514160490379
GSM4138113_HNSCC_2_TIL_TCGCGAGGTCGCGGTT	979.3765880449428	163.7331115199678	467.7232383082611
GSM4138113_HNSCC_2_TIL_TGACAACGTCTCTCGT	1217.7055339424624	111.10280852607836	221.16031145178113
GSM4138113_HNSCC_2_TIL_TTTACTGTCTAGAGTC	1236.2588479013405	353.63170496892394	473.1803996763502
GSM4138113_HNSCC_2_TIL_AAACGGGAGTAAGTAC	0.0	1265.8197225542824	47.16454489448087
GSM4138113_HNSCC_2_TIL_ACACCGGAGAATGTTG	10.159714576021607	919.3268292371963	16.85094095925708
GSM4138113_HNSCC_2_TIL_ACACCGGTCCGCATAA	0.0	1015.8628486208447	0.0
GSM4138113_HNSCC_2_TIL_ACATGGTAGCAGACTG	0.0	1379.5320175243987	354.33316348780187
GSM4138113_HNSCC_2_TIL_ACGTCAAGTTATCGGT	385.9080555290358	1303.1504176421854	44.26903066710436
GSM4138113_HNSCC_2_TIL_ACTGAACGTAGCGCTC	0.0	874.2538077506017	46.89311344437664
GSM4138113_HNSCC_2_TIL_AGCATACGTCGTCTTC	0.0	1560.8892524452287	0.0
GSM4138113_HNSCC_2_TIL_AGCCTAATCGCGTTTC	0.0	1510.5088069351445	0.0
GSM4138113_HNSCC_2_TIL_ATTGGACCAACGCACC	0.0	1436.8522133893532	0.0
GSM4138113_HNSCC_2_TIL_CACAGGCGTTCCTCCA	0.0	1510.0361509715744	0.0
GSM4138113_HNSCC_2_TIL_CAGCGACAGTACGCCC	0.0	1074.1938417431754	0.0
GSM4138113_HNSCC_2_TIL_CATGCCTCACTGAAGG	0.0	1474.9595675299418	0.0
GSM4138113_HNSCC_2_TIL_CCAATCCCAGATGGGT	73.82338534855585	495.9517998823647	93.97688629927545
GSM4138113_HNSCC_2_TIL_CCACGGAGTACCGTAT	26.162345885281223	827.7258410618394	57.54955885733291
GSM4138113_HNSCC_2_TIL_CCGGGATGTCGCATAT	0.0	1505.9960308816103	0.0
GSM4138113_HNSCC_2_TIL_CGATGTAGTCATTAGC	0.0	1326.044097644422	0.0
GSM4138113_HNSCC_2_TIL_CTACACCAGGTCATCT	0.0	961.8195206927171	0.0
GSM4138113_HNSCC_2_TIL_CTAGTGATCACGACTA	0.0	1388.8935961646534	0.0
GSM4138113_HNSCC_2_TIL_CTGCTGTAGTGCTGCC	0.0	1034.25164732956	0.0
GSM4138113_HNSCC_2_TIL_GACGTGCCACATCTTT	0.0	1633.2240968649264	0.0
GSM4138113_HNSCC_2_TIL_GATCTAGGTGGCTCCA	0.0	767.653244196776	12.055609270117136
GSM4138113_HNSCC_2_TIL_GCCAAATCAGCCTATA	40.47539355202331	688.7960104413497	121.51316801713398
GSM4138113_HNSCC_2_TIL_GCGCAGTGTCTTGATG	0.0	768.9569928412101	65.23111638770129
GSM4138113_HNSCC_2_TIL_GGACAAGTCCTCAATT	0.0	1360.2081798399342	333.9210658053485
GSM4138113_HNSCC_2_TIL_GGGTCTGAGCTATGCT	0.0	1176.5245289337201	0.0
GSM4138113_HNSCC_2_TIL_GTAGGCCAGCACCGCT	0.0	1221.2027501473758	31.919518313742408
GSM4138113_HNSCC_2_TIL_GTCAAGTTCCGCAAGC	0.0	1447.5093790500393	0.0
GSM4138113_HNSCC_2_TIL_GTTACAGAGGCCGAAT	0.0	1445.2378380675782	0.0
GSM4138113_HNSCC_2_TIL_TAGAGCTCAGATGGCA	128.06429604733432	1712.1397724555438	70.11891986985682
GSM4138113_HNSCC_2_TIL_TAGCCGGTCAAAGTAG	0.0	1253.2380162953953	0.0
GSM4138113_HNSCC_2_TIL_TCAGCAATCCTTGGTC	63.71859682943697	768.6843906036416	41.16261308131918
GSM4138113_HNSCC_2_TIL_TCGAGGCCATATACCG	3.461059734884386	888.0320325410484	329.07986540134294
GSM4138113_HNSCC_2_TIL_TCTTTCCCAGATCGGA	0.0	1181.8288160145064	386.78596483437394
GSM4138113_HNSCC_2_TIL_TCTTTCCGTCCATGAT	0.0	1368.2940694242504	0.0
GSM4138113_HNSCC_2_TIL_TGAGCCGTCTCGCTTG	0.0	1132.4912272755562	31.106721189872008
GSM4138113_HNSCC_2_TIL_TTAACTCCACGGTAAG	0.0	907.4127825306464	0.0
GSM4138113_HNSCC_2_TIL_GCACATAGTGCTCTTC	821.3400530072392	80.41739065882722	0.0
GSM4138113_HNSCC_2_TIL_AACTGGTAGCCACGTC	1585.0800406790838	248.51560609450755	269.5906472439516
GSM4138113_HNSCC_2_TIL_ATCTGCCAGACTAGGC	1000.6783789817476	141.94696915356755	15.058377613824575
GSM4138113_HNSCC_2_TIL_CAACCTCTCCTACAGA	1764.7164428064657	128.18496461495414	291.63169219248226
GSM4138113_HNSCC_2_TIL_CAAGGCCGTAGAGCTG	1193.0990106015533	226.51615274085688	82.40146401087264
GSM4138113_HNSCC_2_TIL_CACACTCCACAACGCC	244.41148640425163	158.9224362215163	429.61346775592415
GSM4138113_HNSCC_2_TIL_CTCGGGACACTGAAGG	2700.40439374449	23.305528129083708	0.0
GSM4138113_HNSCC_2_TIL_CTTGGCTGTTCGCTAA	962.1868950091256	166.25741053886438	3.5801443383988
GSM4138113_HNSCC_2_TIL_GACCAATGTTACGACT	1294.918684478612	1227.8290170554226	159.41678279866647
GSM4138113_HNSCC_2_TIL_GCGGGTTCAGCGTCCA	2699.9385225345295	0.0	0.0
GSM4138113_HNSCC_2_TIL_GTAGGCCAGTCGTACT	1485.9367372081456	52.910191096997295	53.373743394173935
GSM4138113_HNSCC_2_TIL_GTGAAGGGTAGAAGGA	1324.2262146097667	181.2016122049124	41.53195895894603
GSM4138113_HNSCC_2_TIL_GTTACAGCATAGGATA	1019.648202153803	131.07997020083639	337.15069514819606
GSM4138113_HNSCC_2_TIL_TAGGCATCATGACGGA	1858.8894928515685	473.0040920889333	218.83541538082397
GSM4138113_HNSCC_2_TIL_TCAATCTCAAGAAGAG	2199.2794320708026	118.94159964160768	152.53181235160952
GSM4138113_HNSCC_2_TIL_TGGCCAGCATGTAAGA	2852.6847873835504	479.06341958441436	0.0
GSM4138113_HNSCC_2_TIL_AACTCAGCAATGGTCT	810.0795191698229	0.0	0.0
GSM4138113_HNSCC_2_TIL_TGCGGGTGTCTAGCCG	898.93088598175	0.0	0.0
GSM4138113_HNSCC_2_TIL_AGTGAGGTCTACCAGA	574.6248255606562	412.7806874136084	976.9249816264784
GSM4138113_HNSCC_2_TIL_CATGGCGCATTCTCAT	457.38022857988045	204.23904534256408	302.5858420939951
GSM4138113_HNSCC_2_TIL_GTACTCCAGTGGGATC	200.38743227090038	801.4681851895605	1773.737041189472
GSM4138113_HNSCC_2_TIL_TTTGGTTGTTACCGAT	451.2003522573002	300.62104884095913	805.3143217656971
GSM4138113_HNSCC_2_TIL_AGCTCCTCAGTCGATT	625.3691011574045	46.3355703505503	281.98880253746484
GSM4138113_HNSCC_2_TIL_AACTCCCAGTGTCTCA	254.75254183687971	98.90820004934996	415.445269088403
GSM4138113_HNSCC_2_TIL_AGCAGCCGTATAGGTA	399.0498481406161	148.7145413687314	722.5066993897702
GSM4138113_HNSCC_2_TIL_CTGAAACAGTGGACGT	196.23742020592647	106.0073608570532	398.88529331096174
GSM4138113_HNSCC_2_TIL_TCAGCAATCCGAAGAG	312.7630264586593	78.338129178317	488.9204466441394
GSM4138113_HNSCC_2_TIL_AACTCTTAGGCATGGT	1206.2086289019605	692.2453679323066	576.2566653219576
GSM4138113_HNSCC_2_TIL_AAGTCTGTCTCCGGTT	1017.8928909965844	668.7606884352946	482.75441469427614
GSM4138113_HNSCC_2_TIL_GACGTGCAGTAGGTGC	0.0	224.49761510558903	4037.373746969314
GSM4138113_HNSCC_2_TIL_GATTCAGCAGCTGCAC	1505.4023885301183	378.054442210711	507.7224336475152
GSM4138113_HNSCC_2_TIL_GTACTTTGTGCAGACA	118.8325495175719	21.728476959754474	43.78284324366281
