	1	2	3	4	5	6	7	8	9	10	11	12	13	14	15	16	17
GSM4138114_HNSCC_3_PBMC_AAACGGGTCTAGAGTC	0.0	0.0	105.50987322561645	0.0	0.0	0.0	96.88052254332443	0.0	0.0	0.0	0.0	10.1616845203024	86.70416961222776	0.0	0.0	0.0	0.0
GSM4138114_HNSCC_3_PBMC_AAAGATGCACTACAGT	117.55405687645523	41.93310512533926	0.0	0.0	83.70272545744643	0.0	51.99129349521423	0.0	0.0	0.0	0.0	0.0	0.0	0.0	0.0	0.0	0.0
GSM4138114_HNSCC_3_PBMC_AAATGCCTCTCCAGGG	157.57015951087968	0.0	0.0	140.79823342000222	0.0	0.0	102.98954227472777	0.0	0.0	29.67336073088683	0.0	0.0	0.0	0.0	0.0	0.0	0.0
GSM4138114_HNSCC_3_PBMC_AACACGTAGAGTGAGA	74.13251972668088	115.76405333828824	0.0	108.38829474034195	0.0	0.0	21.36763471792364	66.12285774728514	0.0	0.0	0.0	0.0	0.0	0.0	0.0	0.0	0.0
GSM4138114_HNSCC_3_PBMC_AAGGCAGGTTTAAGCC	16.595980691383346	95.46755959981172	105.76036978056429	86.68505230329095	1.1170989343785236	0.0	0.0	0.0	0.0	0.0	0.0	0.0	0.0	0.0	0.0	0.0	0.0
GSM4138114_HNSCC_3_PBMC_ACACCAAGTATAAACG	61.01186943281493	72.62693363563046	28.98455876542222	110.96122100303919	0.0	0.0	4.069570701113063	0.0	0.0	0.0	0.0	0.0	0.0	0.0	0.0	0.0	0.0
GSM4138114_HNSCC_3_PBMC_ACATACGTCCACTCCA	71.32007667996955	5.538225739357394	0.0	0.0	3.614764563232461	0.0	5.345009006167757	0.0	47.70514640325282	0.0	0.0	12.688246857852029	5.74846076024444	58.48829008568557	0.0	0.0	0.0
GSM4138114_HNSCC_3_PBMC_ACTATCTAGGAGTTTA	99.57660194414066	152.33578283495345	0.0	69.12121344041543	0.0	0.0	0.0	133.00034970318885	0.0	0.0	0.0	0.0	0.0	0.0	0.0	0.0	0.0
GSM4138114_HNSCC_3_PBMC_ACTGAACTCACCTTAT	137.9319657037092	126.57152761938384	9.734863693552722	88.73574699989328	0.0	0.0	0.0	0.0	0.0	0.0	0.0	0.0	0.0	0.0	0.0	0.0	0.0
GSM4138114_HNSCC_3_PBMC_ACTTTCACAGCTGTTA	132.85744910857179	0.0	0.0	0.0	61.52485316207642	98.60843190556643	0.0	0.0	0.0	0.0	0.0	0.0	0.0	0.0	0.0	0.0	0.0
GSM4138114_HNSCC_3_PBMC_AGCTCTCAGGTGATAT	138.72122219090966	63.99232971811446	17.5137359262944	60.320848844203454	0.0	0.0	23.39578426037701	0.0	9.851083209777052	0.0	0.0	0.0	0.0	43.97588293884769	0.0	0.0	0.0
GSM4138114_HNSCC_3_PBMC_AGCTCTCCAGCCTGTG	119.37496606910135	65.3777953803201	3.3410149861248746	0.0	37.05611556989494	0.0	0.0	0.0	0.0	0.0	0.0	0.0	0.0	0.0	0.0	0.0	0.0
GSM4138114_HNSCC_3_PBMC_AGTCTTTCAAAGGTGC	0.0	0.0	153.38858808323906	0.0	0.0	134.82870486813164	0.0	0.0	0.0	0.0	41.26154700120982	0.0	0.0	3.3922325576407486	0.0	0.0	0.0
GSM4138114_HNSCC_3_PBMC_AGTGAGGGTCAGCTAT	0.0	101.3676732768053	131.12527501044744	0.0	26.90945663547404	0.0	0.0	0.0	0.0	0.0	35.50464193879389	0.0	0.0	21.156016254674046	0.0	0.0	0.0
GSM4138114_HNSCC_3_PBMC_AGTGGGATCACCACCT	157.66296112614526	107.12168339821622	0.0	94.44139456751715	0.0	0.0	0.0	0.0	0.0	0.0	0.0	0.0	0.0	0.0	0.0	0.0	0.0
GSM4138114_HNSCC_3_PBMC_ATCCACCTCCCTCAGT	0.0	42.33841361547921	91.65607121151717	0.0	0.0	0.0	54.88555384360342	0.0	0.0	0.0	0.0	48.80774450823347	0.0	0.0	0.0	0.0	0.0
GSM4138114_HNSCC_3_PBMC_ATCGAGTGTCTAAACC	153.00109286401323	99.75765152681011	198.49393879610034	75.92668493705153	3.8682087726646825	0.0	70.46125067282493	0.0	0.0	0.0	65.62345436332365	0.0	0.0	0.0	0.0	0.0	0.0
GSM4138114_HNSCC_3_PBMC_ATCTACTGTGACGCCT	6.218255350367247	0.0	104.76507697984212	0.0	0.0	4.072529884980274	0.0	0.0	0.0	94.30592846330805	0.0	0.0	125.48002199086704	0.0	0.0	0.0	0.0
GSM4138114_HNSCC_3_PBMC_CAAGAAAGTGCTTCTC	105.75834507287794	0.0	0.0	40.03277981345569	0.0	0.0	0.0	0.0	0.0	72.55094170548527	0.0	0.0	40.61864385952298	0.0	0.0	0.0	0.0
GSM4138114_HNSCC_3_PBMC_CAAGGCCGTTCCCGAG	65.53050059698245	153.75117554572125	50.27999810890959	70.81438344840043	0.0	0.0	0.0	0.0	0.0	0.0	0.0	0.0	0.0	0.0	0.0	0.0	0.0
GSM4138114_HNSCC_3_PBMC_CAAGTTGTCAAGAAGT	87.20745469522926	19.528741661110526	0.0	0.0	113.95424073945621	0.0	0.0	0.0	95.85008308577093	0.0	0.0	0.0	0.0	0.0	0.0	0.0	11.353138301225366
GSM4138114_HNSCC_3_PBMC_CACAAACCAGCTGGCT	0.8572126222596682	0.0	120.88154733909866	0.0	0.0	139.7275909061304	0.0	0.0	0.0	0.0	0.0	0.0	68.60984902019476	0.0	0.0	0.0	0.0
GSM4138114_HNSCC_3_PBMC_CACACAAAGAACAACT	196.73127986150251	0.0	0.0	82.64189989856703	0.0	130.34162277280458	0.0	0.0	0.0	0.0	0.0	0.0	0.0	0.0	0.0	0.0	0.0
GSM4138114_HNSCC_3_PBMC_CACATAGTCCGCAAGC	127.27253881364521	90.92879397626518	0.0	141.68578035306987	0.0	0.0	5.535076079688062	4.654210856122383	0.0	0.0	0.0	0.0	0.0	0.0	0.0	0.0	0.0
GSM4138114_HNSCC_3_PBMC_CACCACTAGCAATATG	0.0	22.76183304736081	0.0	0.0	51.09980018416238	26.18625444044351	0.0	171.98936266145003	0.0	0.0	0.0	0.0	0.0	0.0	0.0	0.0	0.0
GSM4138114_HNSCC_3_PBMC_CATATTCAGTCCCACG	133.72576688304184	0.0	0.0	0.0	49.30587145758555	6.19399004313302	0.0	0.0	0.0	23.31812001670923	0.0	0.0	0.0	0.0	0.0	0.0	53.467189775380795
GSM4138114_HNSCC_3_PBMC_CATCAAGGTCGTCTTC	169.6200790185194	0.0	0.0	0.0	33.828234321354756	89.61985437135945	0.0	0.0	9.06902127224904	0.0	0.0	0.0	0.0	0.0	18.22564747102017	0.0	0.0
GSM4138114_HNSCC_3_PBMC_CATCAGACATACTACG	386.25768130605684	0.0	0.0	193.07693663077242	0.0	41.62290396527315	0.0	0.0	0.0	172.0926949013616	0.0	38.85394402515894	0.0	0.0	0.0	0.0	0.0
GSM4138114_HNSCC_3_PBMC_CATCGGGTCTTCTGGC	113.56519847742088	0.0	0.0	33.86817950845766	11.751524916172146	141.96292418687162	0.0	0.0	0.0	0.0	0.0	0.0	25.71582904554056	0.0	0.0	0.0	0.0
GSM4138114_HNSCC_3_PBMC_CCACGGATCAGAGGTG	193.2025253272186	105.3699554625889	0.0	0.0	68.06912980792117	0.0	0.0	0.0	49.54014576573234	0.0	0.0	0.0	0.0	0.0	71.88872347396577	0.0	0.0
GSM4138114_HNSCC_3_PBMC_CCTACACTCGACAGCC	20.503081467112736	26.67434312345441	62.791893728116555	0.0	0.0	19.1115113519248	0.0	0.0	0.0	18.53406459630634	0.0	0.0	49.33719723061392	3.5751679156507703	0.0	15.45533244226819	0.0
GSM4138114_HNSCC_3_PBMC_CCTTCCCGTAGCGTCC	98.42347692987019	0.0	0.0	0.0	65.3813214864874	33.741742787956774	0.0	0.0	0.0	31.75683614160699	0.0	0.0	0.0	0.0	0.0	0.0	0.0
GSM4138114_HNSCC_3_PBMC_CCTTCCCTCACATACG	79.54969416457766	0.0	3.39369558641508	0.0	0.0	0.0	79.67392500598838	31.29490820398722	0.0	3.174071393168068	0.0	89.83317933879864	0.0	0.0	0.0	0.0	0.0
GSM4138114_HNSCC_3_PBMC_CGAGCCAAGCGCTTAT	147.41288073709518	56.59141561415608	0.0	0.0	0.0	0.0	0.0	24.580567184529492	9.338851762806994	19.845034163762925	58.27518464891692	0.0	0.0	0.0	0.0	0.0	0.0
GSM4138114_HNSCC_3_PBMC_CGAGCCAGTCAAAGAT	255.60458786744067	185.81450447528027	95.46999875570134	0.0	170.76775319359479	0.0	0.0	0.6392970708959312	0.0	0.0	0.0	0.0	0.0	0.0	0.0	0.0	0.0
GSM4138114_HNSCC_3_PBMC_CGCGGTATCATCACCC	136.85255866987302	119.46612196505092	28.750889652693633	0.0	0.0	1.0689997251340095	3.536816688226041	0.0	20.188068048336103	0.0	0.0	0.0	132.47976242130693	0.0	0.0	0.0	0.0
GSM4138114_HNSCC_3_PBMC_CGCGTTTTCCCAAGTA	85.30466954673628	87.97960228385217	7.210024507995834	53.69551407545364	0.0	0.0	0.0	0.0	0.0	0.0	0.0	0.0	0.0	0.0	0.0	0.0	0.0
GSM4138114_HNSCC_3_PBMC_CGCTGGAGTAGCCTAT	0.0	202.59038739708765	160.2778242213419	0.0	0.0	0.0	0.0	0.0	0.0	0.0	4.474146163592901	0.0	0.0	0.0	114.87070675927077	0.0	0.0
GSM4138114_HNSCC_3_PBMC_CGGACGTGTAGATTAG	155.8087213853162	0.0	0.0	0.0	129.0248161563957	141.08979027538572	0.0	5.124581968789843	0.0	0.0	0.0	0.0	0.0	0.0	0.0	0.0	0.0
GSM4138114_HNSCC_3_PBMC_CGTCCATAGATGTGTA	0.0	0.0	0.0	56.230600026059626	0.0	0.0	59.52199038254409	137.52404360511198	0.0	0.0	0.0	0.0	0.0	0.0	0.0	0.0	0.0
GSM4138114_HNSCC_3_PBMC_CGTCTACGTACCGAGA	126.96437153271205	0.0	0.0	0.0	0.0	102.65746518771947	0.0	0.0	0.0	0.0	145.81574507138683	0.0	0.0	0.0	0.0	0.0	0.0
GSM4138114_HNSCC_3_PBMC_CGTTCTGCACGTCTCT	99.24174883935888	51.94665240443474	0.0	85.38525886209798	0.0	0.0	50.513125988059265	0.0	0.0	0.0	0.0	0.0	0.0	0.0	0.0	0.0	0.0
GSM4138114_HNSCC_3_PBMC_CTAGAGTCAAGCCATT	0.0	0.0	32.59755244162318	0.0	0.0	0.0	0.0	85.52307923086032	102.96820486705563	0.0	0.0	87.81011637588959	0.0	24.815610140996608	0.0	0.0	0.0
GSM4138114_HNSCC_3_PBMC_CTCAGAAGTCAGTGGA	112.88492804078713	58.44046070428687	0.0	82.09729304906355	0.0	0.0	0.0	0.0	0.0	0.0	0.0	16.11317206069991	0.0	0.0	0.0	0.0	0.0
GSM4138114_HNSCC_3_PBMC_CTCATTACATCGGTTA	107.60398664941616	103.1110981443721	0.0	0.0	79.06393095642443	0.0	0.0	0.0	8.7568852196462	0.0	0.0	0.0	0.0	0.0	0.0	0.0	0.0
GSM4138114_HNSCC_3_PBMC_CTCATTATCGGAGCAA	0.0	60.93968187338494	95.82778237735351	104.1465787712025	0.0	0.0	6.420490836674163	0.0	0.0	0.0	0.0	0.0	0.0	0.0	0.0	0.0	0.0
GSM4138114_HNSCC_3_PBMC_CTGCTGTAGGACGAAA	171.13505201562987	0.0	0.0	0.0	0.0	0.0	0.0	1.7975790421860574	99.50500717320746	0.0	0.0	0.0	0.0	0.0	111.98799123754844	0.0	0.0
GSM4138114_HNSCC_3_PBMC_CTGTTTAGTAAGTGTA	109.58687426854567	97.38631881726742	5.42602833976063	81.40898268391784	0.0	0.0	0.0	0.0	0.0	0.0	0.0	0.0	0.0	0.0	0.0	0.0	0.0
GSM4138114_HNSCC_3_PBMC_GAAATGACAGCTTAAC	122.69990812089279	57.853372580545454	16.5203483095557	0.0	0.0	0.0	17.511832541302233	0.0	0.0	0.0	0.0	0.0	54.17015903661545	0.0	0.0	0.0	0.0
GSM4138114_HNSCC_3_PBMC_GACCTGGGTTAAAGTG	89.80872851598069	0.0	0.0	0.0	0.0	7.958854347232457	0.0	0.0	0.0	59.006003764551494	88.00783999413923	0.0	0.0	0.0	0.0	0.0	0.7399676614432776
GSM4138114_HNSCC_3_PBMC_GATCAGTTCATCTGCC	5.035881343409788	83.09068140847539	0.0	97.7780789317152	0.0	0.0	33.87990206409879	114.18053806103262	0.0	0.0	0.0	0.0	0.0	0.0	0.0	0.0	0.0
GSM4138114_HNSCC_3_PBMC_GATCGATTCGCCAAAT	0.0	99.89563902039734	0.0	0.0	0.0	0.0	0.0	144.4965112954301	0.0	0.0	0.0	0.0	0.0	0.0	101.49699019773757	0.0	0.0
GSM4138114_HNSCC_3_PBMC_GATCGTACATGCCCGA	111.67256758320653	0.0	0.0	0.0	0.0	0.0	54.57291094232599	0.0	6.801039402887751	10.310453562436425	0.0	0.0	0.0	0.0	0.0	74.25376877259599	0.0
GSM4138114_HNSCC_3_PBMC_GATCTAGGTCTTGATG	102.73745495219718	101.7592688354751	0.0	0.0	0.0	0.0	0.0	4.297320571626467	0.0	0.0	102.2491046308235	0.0	0.0	0.0	0.0	0.0	0.0
GSM4138114_HNSCC_3_PBMC_GCAAACTCAAACAACA	120.69317885687113	0.0	0.0	0.0	0.0	97.5060095486778	0.0	0.0	0.0	0.0	0.0	0.0	106.65194067655948	0.0	0.0	0.0	0.0
GSM4138114_HNSCC_3_PBMC_GCAAACTGTTCTGTTT	131.85415189072634	4.5725428372175125	0.0	94.20414638998585	0.0	71.87286510809287	0.0	0.0	0.0	0.0	0.0	0.0	0.0	0.0	0.0	0.0	0.0
GSM4138114_HNSCC_3_PBMC_GCACATATCAGGCGAA	238.7042377221764	0.0	0.0	0.0	13.104277326685892	0.0	120.53888454697582	0.0	0.0	0.0	0.0	110.57906425174761	0.0	0.0	0.0	0.0	0.0
GSM4138114_HNSCC_3_PBMC_GCATGATCAGCTGTGC	34.53577211812853	86.91422554247289	0.0	0.0	54.3567897754031	0.0	0.0	0.0	0.0	0.0	17.045493591892903	44.26688614755424	0.0	0.0	0.0	0.0	0.0
GSM4138114_HNSCC_3_PBMC_GCGACCACAGGGTACA	1.6319779833499344	0.0	3.891361172249596	0.0	0.0	48.80243690264112	0.0	124.5387232595297	33.524174736143976	0.0	0.0	0.0	87.01938697836673	0.0	0.0	0.0	0.0
GSM4138114_HNSCC_3_PBMC_GCGCAACTCGTTGCCT	69.75768748138137	6.402183714699267	0.0	0.0	0.0	0.0	0.0	0.0	58.95594042760201	0.0	0.0	0.0	0.0	0.0	0.0	93.06644338254505	0.0
GSM4138114_HNSCC_3_PBMC_GCGCCAACAAGGCTCC	141.11846210660374	9.291553172164104	0.0	53.17045776424767	41.46031370545021	0.0	75.7352016190144	0.0	8.389812510246246	0.0	0.0	0.0	0.0	0.0	0.0	0.0	0.0
GSM4138114_HNSCC_3_PBMC_GCTCTGTAGTGTCTCA	110.07018119410313	126.7290296232452	0.0	0.0	39.69409266302648	0.0	0.0	26.409496473643102	0.0	0.0	11.18458112515615	0.0	0.0	0.0	0.0	0.0	0.0
GSM4138114_HNSCC_3_PBMC_GCTGCTTAGATAGTCA	164.70330024574668	116.44087241687072	0.0	48.316826586004744	41.77077671716548	0.0	0.0	0.0	0.0	0.0	0.0	0.0	0.0	0.0	0.0	0.0	0.0
GSM4138114_HNSCC_3_PBMC_GGATGTTAGCTACCTA	140.16847354725982	78.85352322390955	0.0	0.0	114.6681167856402	145.16016962639938	0.0	0.0	0.0	0.0	0.0	0.0	0.0	0.0	0.0	0.0	0.0
GSM4138114_HNSCC_3_PBMC_GGCCGATAGCACCGTC	114.53101761554746	58.490836382375704	0.0	143.4196912764697	0.0	0.0	1.1202440108431244	0.0	0.0	48.45395953463337	0.0	0.0	0.0	0.0	0.0	0.0	0.0
GSM4138114_HNSCC_3_PBMC_GGCGTGTGTCCCTTGT	52.064296050664936	114.47521322795684	87.25172444532714	71.88915746939267	0.0	0.0	0.0	0.0	0.0	0.0	0.0	0.0	0.0	0.0	0.0	0.0	0.0
GSM4138114_HNSCC_3_PBMC_GGGCACTTCAGCTCTC	134.81443011580643	0.0	1.1792692249434877	78.94768838792595	0.0	0.0	89.5310705003472	0.0	0.0	0.0	0.0	0.0	0.0	0.0	0.0	0.0	0.0
GSM4138114_HNSCC_3_PBMC_GTAGGCCTCAAAGTAG	0.0	50.68915440881394	108.54659222210559	74.85903568999774	0.0	0.0	91.80211422955946	0.0	0.0	0.0	0.0	0.0	0.0	0.0	0.0	0.0	0.0
GSM4138114_HNSCC_3_PBMC_GTATCTTAGCTAAACA	102.94326286124065	0.0	6.963480486170799	0.0	0.0	72.78046803151423	0.0	0.0	0.0	0.0	0.0	104.87111756074837	0.0	0.0	0.0	0.0	0.0
GSM4138114_HNSCC_3_PBMC_GTCTCGTCATCTCCCA	11.451010919443613	34.964063174796834	113.64595801143147	12.027034281591659	0.0	71.05981212459855	0.0	0.0	0.0	0.0	0.0	80.46044601814455	0.0	0.0	0.0	0.0	0.0
GSM4138114_HNSCC_3_PBMC_GTGTGCGGTTCGCTAA	89.16387024092886	0.0	0.0	102.25652093522363	0.0	0.0	116.31426308702271	22.49812983420286	0.0	0.0	0.0	0.0	0.0	0.0	0.0	0.0	0.0
GSM4138114_HNSCC_3_PBMC_GTTACAGAGAGCTGCA	110.5740021711713	0.0	4.443881982722891	31.304416719092835	10.949956360636609	0.0	78.45988704421474	0.0	0.0	0.0	0.0	0.0	27.964807032469555	0.0	0.0	0.0	0.0
GSM4138114_HNSCC_3_PBMC_GTTCATTAGCTACCTA	97.07459544560324	0.0	11.566714798128885	0.0	107.7404490825182	31.24793274536714	10.163365141700933	0.0	0.0	41.009045882492046	0.0	0.0	0.0	0.0	0.0	0.0	0.0
GSM4138114_HNSCC_3_PBMC_TAAGTGCAGTTCGCAT	0.0	0.0	61.08880874469057	0.0	0.17545658755976318	0.0	94.51278811382818	0.0	0.0	0.0	21.609748664890216	0.0	0.0	0.0	0.0	77.25673728542918	0.0
GSM4138114_HNSCC_3_PBMC_TACTTGTCAAGCGAGT	0.0	0.0	102.23888612162857	0.0	0.0	0.0	3.9467451446499084	0.0	89.60575230088133	0.0	62.21338304418688	0.0	0.0	0.0	0.0	0.0	0.0
GSM4138114_HNSCC_3_PBMC_TAGACCATCCGGGTGT	124.55005938445424	12.584592324394347	0.0	89.05416001500527	0.0	0.0	26.230836048069794	0.0	62.07156822647237	0.0	0.0	0.0	0.0	0.0	0.0	0.0	0.0
GSM4138114_HNSCC_3_PBMC_TAGGCATAGCCACGCT	134.30849581948632	0.0	228.29326941112046	274.9151635159813	0.0	0.0	277.3206525761501	87.83823184319016	0.0	0.0	0.0	0.0	0.0	0.0	0.0	0.0	0.0
GSM4138114_HNSCC_3_PBMC_TATTACCAGTGACTCT	0.0	10.0325024843251	0.0	36.370838854441146	44.9461463139337	0.0	99.58563521743393	132.41973481369604	0.0	0.0	0.0	0.0	0.0	0.0	0.0	0.0	0.0
GSM4138114_HNSCC_3_PBMC_TCAACGACAGACACTT	2.2996827363460457	30.838567501414285	102.11663929443797	26.932855569551776	0.0	0.0	49.22614941701722	0.0	0.0	0.0	0.0	68.3532343548113	0.0	0.0	0.0	0.0	0.0
GSM4138114_HNSCC_3_PBMC_TCAGGATTCCGTTGTC	0.0	0.0	0.0	114.71116297653808	0.0	0.0	0.24492225532805878	60.49779613953651	84.33092287941275	0.0	0.0	0.0	0.0	0.0	0.0	0.0	0.0
GSM4138114_HNSCC_3_PBMC_TCATTTGGTTCCCGAG	51.95793152766923	107.37250581522561	40.24275734886965	31.58855865981209	0.0	0.0	0.0	0.0	0.0	0.0	0.0	16.487281138375067	0.0	0.0	0.0	0.0	0.0
GSM4138114_HNSCC_3_PBMC_TCGAGGCGTACTCTCC	96.9942917603085	92.19274572231983	0.0	89.55842678808972	0.0	0.0	6.3177920943468235	0.0	0.0	0.0	0.0	0.0	0.0	0.0	0.0	0.0	0.0
GSM4138114_HNSCC_3_PBMC_TCGCGAGTCTATCCTA	138.17685313629894	0.0	0.0	0.0	4.491371870363147	0.0	0.0	0.0	0.0	139.745302004052	0.0	0.0	0.0	0.0	0.0	117.96848602844399	0.0
GSM4138114_HNSCC_3_PBMC_TCTGGAAGTGTAAGTA	104.1903604342283	0.0	0.0	0.0	88.23742740515875	3.8190586018527526	0.0	0.0	75.63375383581005	0.0	0.0	0.0	0.0	0.0	0.0	0.0	0.0
GSM4138114_HNSCC_3_PBMC_TGACTAGTCTGAAAGA	0.0	35.767465433307365	0.0	11.877762108976961	58.724494037448444	36.98428708751682	0.0	114.4987402149017	0.0	0.0	0.0	0.0	0.0	0.0	0.0	0.0	0.0
GSM4138114_HNSCC_3_PBMC_TGACTTTCAATGGAAT	72.03821916612917	58.38292681532894	0.0	43.463312049582846	0.0	0.0	0.0	8.04750617689006	0.0	0.0	0.0	0.0	0.0	0.0	0.0	0.0	0.0
GSM4138114_HNSCC_3_PBMC_TGAGAGGGTCCGAATT	140.68723659139874	0.0	2.5900344102193564	0.0	0.0	0.0	0.0	12.784474596675691	101.63755833012534	0.0	0.0	70.18903835066318	0.0	41.180285171815825	0.0	0.0	0.0
GSM4138114_HNSCC_3_PBMC_TGAGCCGGTACAGCAG	0.0	128.88564991942107	194.3729060224458	0.0	58.7546527771503	0.0	27.595366719408105	0.0	0.0	0.0	0.0	0.0	0.0	0.0	0.0	0.0	0.0
GSM4138114_HNSCC_3_PBMC_TGAGGGAAGGGTGTGT	183.99731519155625	130.77636722605234	0.0	0.0	0.0	0.0	0.0	23.114496137988226	0.0	0.0	85.5437195792098	0.0	0.0	0.0	0.0	0.0	0.0
GSM4138114_HNSCC_3_PBMC_TGAGGGAGTAGCCTAT	118.66116778741463	41.52697978746058	0.0	50.9957690862187	0.0	46.16420601730713	0.0	0.0	0.0	0.0	0.0	0.0	0.0	0.0	0.0	0.0	0.0
GSM4138114_HNSCC_3_PBMC_TGCGCAGAGGTAGCTG	130.8755385380817	94.63347610215565	5.603807012338459	0.0	79.60594305725719	0.0	0.0	0.0	0.0	0.0	0.0	0.0	0.0	0.0	0.0	0.0	0.0
GSM4138114_HNSCC_3_PBMC_TGGACGCGTTCCACAA	0.0	0.0	0.0	254.61937569698927	0.0	170.80515002818706	0.0	387.11787830182067	0.0	0.0	0.0	0.0	0.0	0.0	0.0	0.0	0.0
GSM4138114_HNSCC_3_PBMC_TTCTACAGTCTAGTGT	96.7344280220601	0.0	0.0	0.0	56.487113145963335	0.0	0.0	0.0	89.72950214635561	0.0	0.0	0.0	0.0	0.0	0.0	0.0	0.0
GSM4138114_HNSCC_3_PBMC_TTCTACATCTGCGTAA	0.0	0.0	110.01979326941284	0.0	12.77289602915064	0.0	82.21381514617448	99.2431249782082	85.82844233414717	0.0	0.0	31.99579742167962	16.48632183532403	36.413455226443	0.0	0.0	0.0
GSM4138114_HNSCC_3_PBMC_TTCTCAAGTCAAGCGA	127.03159425290441	84.93042578614778	0.0	28.775554454749077	0.0	0.0	30.784115586509213	0.0	0.001533221195308774	0.0	0.0	0.0	0.0	0.0	0.0	0.0	0.0
GSM4138114_HNSCC_3_PBMC_TTCTCAAGTTATGTGC	2.006708608080993	0.0	93.93084120193585	0.0	0.0	0.0	0.8148699129931882	0.0	95.31707994497441	0.0	0.0	0.0	5.125801845994329	76.49049091871555	0.0	0.0	0.0
GSM4138114_HNSCC_3_PBMC_TTCTTAGAGGCTCTTA	76.71234203209023	0.0	0.0	0.0	88.94091582376443	0.0	0.0	0.0	0.0	0.0	0.0	0.0	0.0	0.0	0.0	0.0	91.08787323370285
GSM4138114_HNSCC_3_PBMC_TTTCCTCTCCTTTCTC	0.0	0.0	65.72088427837876	2.076549338130065	56.31629373739915	0.0	0.0	0.0	0.0	92.55518862334681	0.0	0.0	0.0	0.0	0.0	0.0	0.0
GSM4138114_HNSCC_3_PBMC_TTTGTCACACGAAAGC	92.72901151533321	0.0	0.0	0.0	100.28294120297393	104.92418924966421	0.0	12.283292217631123	0.0	0.0	0.0	0.0	0.0	0.0	0.0	0.0	0.0
GSM4138114_HNSCC_3_PBMC_TGTGTTTTCCCATTAT	0.0	172.67776360117557	359.08312843213724	87.96498093618409	0.0	0.0	0.0	0.0	0.0	0.0	0.0	0.0	0.0	0.0	0.0	0.0	0.0
GSM4138114_HNSCC_3_PBMC_AACCATGAGCTAAACA	80.10634834291028	0.0	33.92815185273983	0.0	0.0	135.3178435232754	0.0	0.0	0.0	0.0	0.0	0.0	0.0	0.0	0.0	90.68566536126168	0.0
GSM4138114_HNSCC_3_PBMC_AACTTTCCAGCCTTTC	0.0	84.67091241832733	155.34548284952564	0.0	0.0	0.0	12.093097998154052	0.0	35.041909271306565	0.0	0.0	0.0	0.0	104.36845128176444	0.0	0.0	0.0
GSM4138114_HNSCC_3_PBMC_AAGGTTCGTAAATGAC	95.82959076700052	0.0	44.29118779572283	0.0	0.0	0.0	32.53841966168062	0.0	0.0	29.027066820433788	0.0	58.43329507055385	0.0	0.0	0.0	0.0	0.0
GSM4138114_HNSCC_3_PBMC_ACAGCCGCATCCCACT	189.0473941499158	128.22998636755793	0.0	0.0	117.09858800828735	0.0	0.0	0.0	0.0	0.0	0.0	0.0	0.0	0.0	0.0	0.0	0.0
GSM4138114_HNSCC_3_PBMC_ACATACGGTCACTGGC	116.61283568407522	0.0	26.67065240480732	0.0	104.86860206459023	0.0	0.0	0.0	170.58094667623573	0.0	0.0	38.21580282511915	0.0	0.0	0.0	0.0	0.0
GSM4138114_HNSCC_3_PBMC_ACCCACTCATGGTCAT	0.0	63.2891761882018	129.5685876329773	0.0	90.25114249993607	0.0	0.0	0.0	22.613653860594738	0.0	0.0	0.0	0.0	0.0	0.0	0.0	0.0
GSM4138114_HNSCC_3_PBMC_ACGATGTGTACCATCA	104.79227637623411	133.9093537421142	73.38935020192638	145.25972880560334	0.0	0.0	0.0	0.0	0.0	0.0	0.0	0.0	0.0	0.0	0.0	0.0	0.0
GSM4138114_HNSCC_3_PBMC_ACGCCAGCACACTGCG	151.7070098454712	141.31144690828836	0.0	0.0	121.81007470365736	0.0	0.0	39.69206774562246	0.0	0.0	0.0	0.0	0.0	0.0	0.0	0.0	0.0
GSM4138114_HNSCC_3_PBMC_ACGGGTCGTTACGACT	92.4187502172959	137.7572334135605	0.0	47.622456516514106	0.0	0.0	0.0	0.0	0.0	0.0	0.0	0.0	0.0	0.0	0.0	0.0	0.0
GSM4138114_HNSCC_3_PBMC_ACGGGTCTCTGCCCTA	12.796244326850681	0.0	57.762512622670705	0.0	0.0	98.49038082103449	0.0	0.0	0.0	0.0	0.0	0.0	19.584361642783975	42.850590467351964	0.0	0.0	0.0
GSM4138114_HNSCC_3_PBMC_ACTTACTGTCATGCAT	127.28616060734187	0.0	0.0	87.29036455029726	0.0	15.763403308725076	0.0	0.0	0.0	44.09318499322822	0.0	0.0	0.0	0.0	0.0	0.0	0.0
GSM4138114_HNSCC_3_PBMC_ACTTGTTAGAGTAAGG	0.0	0.0	118.63597730464883	0.0	0.0	0.0	19.35392845420728	0.0	123.29050005000529	0.0	0.0	42.81472287841645	0.0	0.0	0.0	0.0	0.0
GSM4138114_HNSCC_3_PBMC_AGCGTCGCAACTGCGC	107.6788509217392	51.72625643118986	0.0	111.72628774254082	0.0	0.0	23.474853978843118	2.1300096793273307	0.0	0.0	0.0	0.0	0.0	6.361427484717898	0.0	0.0	0.0
GSM4138114_HNSCC_3_PBMC_AGCTTGAAGGAGCGTT	80.87062880855687	85.16124125291073	50.8786722118452	0.0	0.0	0.0	8.47066469839899	0.0	0.0	0.0	16.3417126638406	3.0522826806931773	0.0	30.086494244159777	0.0	0.0	0.0
GSM4138114_HNSCC_3_PBMC_AGGGATGCATCCGCGA	106.99305724321997	96.97512964696762	55.758193288511464	19.461517860720928	0.0	0.0	0.0	0.0	0.0	0.0	0.0	0.0	0.0	34.62320969108051	0.0	25.774002346428723	0.0
GSM4138114_HNSCC_3_PBMC_AGGTCATAGTTGCAGG	125.7674888003686	169.3144244640517	0.0	6.300578467313912	12.33774947029305	0.0	0.0	0.0	0.0	0.0	0.0	0.0	14.39758260912545	7.299037538263029	0.0	114.8190227861231	0.0
GSM4138114_HNSCC_3_PBMC_AGGTCCGTCAGCTGGC	3.2428313117796024	35.6423236688914	0.0	0.0	40.58179148309019	0.0	30.672522356285867	95.38071021487701	0.0	0.0	0.0	0.0	0.0	0.0	0.0	0.0	0.0
GSM4138114_HNSCC_3_PBMC_AGTGGGATCGATAGAA	35.782644345079774	7.767665086134681	34.69409234884084	65.33252891199209	61.552810681393915	0.0	46.87800318639801	87.63119544161533	60.04073153961982	0.0	0.0	0.0	0.0	0.0	0.0	0.0	0.0
GSM4138114_HNSCC_3_PBMC_AGTGTCAAGTGTACTC	122.30136497477262	45.756032041625616	0.0	69.6505838506183	12.978061552885201	0.0	46.11616435535021	8.227983801622639	0.0	0.0	0.0	0.0	0.0	0.0	0.0	0.0	0.0
GSM4138114_HNSCC_3_PBMC_ATAGACCAGTGACATA	175.2229451976829	11.755358408543746	0.0	12.865151286162686	80.09639241543573	0.0	143.99043632552608	0.0	0.0	0.0	0.0	0.0	0.0	0.0	0.0	0.0	0.0
GSM4138114_HNSCC_3_PBMC_ATCACGAGTAAGTTCC	120.32053813561387	0.0	0.0	0.0	55.219294479019496	4.084611048385594	0.0	0.0	0.0	76.88229833829686	0.0	0.0	0.0	0.0	0.0	0.0	0.0
GSM4138114_HNSCC_3_PBMC_ATGGGAGTCACGCGGT	195.57010775782413	0.0	4.310384830585481	94.8241906251196	0.0	0.0	143.86772187125968	0.0	0.0	0.0	10.082539702025715	0.0	0.0	0.0	0.0	0.0	0.0
GSM4138114_HNSCC_3_PBMC_ATTGGACTCTCTTATG	55.33317153474135	0.0	0.0	53.621387603574114	0.0	0.0	0.0	0.35840231386234944	0.0	54.00994887025183	0.0	0.0	0.0	0.0	0.0	0.0	0.0
GSM4138114_HNSCC_3_PBMC_CAACCTCGTACATCCA	20.468558989347628	0.0	111.8630778221772	70.52044363364469	0.0	0.0	94.97437609235101	0.0	0.0	0.0	0.0	0.0	52.637450945260014	0.0	0.0	0.0	0.0
GSM4138114_HNSCC_3_PBMC_CAACTAGCACAACGCC	0.0	6.499427276704904	120.05687909090646	0.0	25.076679435070776	0.0	83.66329769266801	0.0	0.9199217166502772	14.41941762902876	25.746833850347517	0.0	0.0	0.0	0.0	0.0	0.0
GSM4138114_HNSCC_3_PBMC_CAAGAAATCTATGTGG	107.56979258640115	61.12157871347531	0.0	0.0	72.52400892796389	0.0	0.0	0.0	44.04974302876563	1.8805453740154467	0.0	0.0	0.0	0.0	0.0	0.0	0.0
GSM4138114_HNSCC_3_PBMC_CAAGATCCACCAGATT	0.0	0.0	0.0	0.0	49.74830884596289	0.0	0.0	108.33403962784827	119.18575197873909	0.0	0.0	0.0	0.0	48.85259470458659	0.0	0.0	0.0
GSM4138114_HNSCC_3_PBMC_CAGTAACAGCAACGGT	39.5766771385762	83.15543444671907	17.40061483557901	53.78991024894193	7.37754751557643	0.0	0.0	41.728582640053624	0.0	0.0	0.0	4.449428783452726	0.0	0.0	0.0	0.0	0.0
GSM4138114_HNSCC_3_PBMC_CATATGGCAAGTAGTA	184.77961473645766	133.54166896252073	0.0	104.79756488112947	0.0	0.0	0.0	0.0	0.0	0.0	0.0	0.0	0.0	0.0	0.0	0.0	0.0
GSM4138114_HNSCC_3_PBMC_CATATGGGTACGAAAT	69.04355471098468	1.1775922211504337	0.0	3.6064007050574913	0.0	0.0	99.20831994902404	0.0	0.0	0.0	0.0	12.098435178095283	81.95801083442932	0.0	0.0	0.0	0.0
GSM4138114_HNSCC_3_PBMC_CATCCACTCGCATGGC	0.0	0.0	166.26202646472797	0.0	108.20501007027279	0.0	0.0	0.0	141.95249266144216	0.0	0.0	0.0	0.0	0.0	0.0	0.0	0.0
GSM4138114_HNSCC_3_PBMC_CCAGCGATCACAATGC	143.99622399598996	117.06667746921994	0.0	0.0	108.56465311386849	0.0	0.0	0.0	0.0	0.0	0.0	0.0	0.0	0.0	0.0	0.0	0.0
GSM4138114_HNSCC_3_PBMC_CCCATACGTTTGGGCC	0.0	0.0	173.84811798890658	0.0	74.16219148432677	123.16400148635677	0.0	0.0	0.0	0.0	18.979047388933285	0.0	0.0	12.607095694901172	0.0	1.0983003927534913	0.0
GSM4138114_HNSCC_3_PBMC_CCGGGATTCAGCTCGG	79.85642270085305	0.0	0.0	27.430336578145777	44.89353081042491	130.7348863522564	0.0	0.0	0.0	0.0	0.0	0.0	0.0	0.0	0.0	0.0	0.0
GSM4138114_HNSCC_3_PBMC_CCGGTAGAGGACAGAA	231.95321104402325	173.65277369420696	0.0	0.0	195.64216100488906	0.0	67.37229959362895	47.8965619353543	0.0	0.0	0.0	0.0	0.0	0.0	0.0	0.0	0.0
GSM4138114_HNSCC_3_PBMC_CCGGTAGCAGCATGAG	26.715040541726964	104.61162881491728	87.95292879280349	81.29627187009184	0.0	0.0	17.1139170593273	0.0	0.0	0.0	0.0	0.0	0.0	0.0	0.0	0.0	0.0
GSM4138114_HNSCC_3_PBMC_CCGTACTCATCGATGT	0.0	82.54650282955281	0.0	0.0	0.0	0.0	0.0	138.29129016472328	0.0	0.0	0.0	0.0	0.0	62.40113480001547	0.0	0.0	0.0
GSM4138114_HNSCC_3_PBMC_CCTATTAGTCCAAGTT	0.0	50.73642084676358	85.82018637043552	0.0	67.15805600961409	0.0	0.0	0.0	0.0	0.0	0.0	0.0	0.0	0.0	0.0	0.0	0.0
GSM4138114_HNSCC_3_PBMC_CCTTCGAGTGGCTCCA	78.26684846223951	99.21227765977507	0.0	0.0	71.13442309005912	0.0	0.0	0.0	68.42240047732034	0.0	0.0	0.0	0.0	0.0	0.0	0.0	0.0
GSM4138114_HNSCC_3_PBMC_CCTTTCTCAAAGGCGT	32.73336889086816	98.79134533302825	114.48074183321688	0.0	73.50590335266168	0.0	29.159029821654812	0.0	0.0	0.0	0.0	0.0	0.0	0.0	0.0	0.0	0.0
GSM4138114_HNSCC_3_PBMC_CGAGAAGAGTGCGTGA	0.0	88.92344981410407	100.47135373240889	9.528839357397134	0.0	0.0	0.6832848191296262	0.0	0.0	0.0	0.0	0.0	65.61316543430266	0.0	0.0	0.0	0.0
GSM4138114_HNSCC_3_PBMC_CGATGTAAGGACTGGT	72.56598523090842	111.93791010896611	20.7377162565639	53.254104880206775	0.0	0.0	61.86884439153105	0.0	11.993875193493007	0.0	0.0	0.0	0.0	0.0	60.75016467339936	0.0	0.0
GSM4138114_HNSCC_3_PBMC_CGGACACGTGACCAAG	101.58150537834466	79.26621549447536	47.353931959254936	0.0	98.64775727418343	0.0	41.00105496786571	0.0	0.0	0.0	0.0	0.0	0.0	0.0	0.0	0.0	0.0
GSM4138114_HNSCC_3_PBMC_CGGACTGGTTCTGTTT	0.0	0.0	105.72801298663914	0.0	0.0	0.0	0.0	0.0	142.0577467370987	0.0	74.40727718674233	0.0	0.0	0.0	0.0	0.0	0.0
GSM4138114_HNSCC_3_PBMC_CGGGTCACATCTATGG	0.0	31.3825752179883	75.3233728239161	7.186705396824369	56.25198678889576	31.157620500177266	0.0	0.0	0.0	0.0	0.0	0.0	0.0	0.0	13.944477982090516	0.0	0.0
GSM4138114_HNSCC_3_PBMC_CGTGTCTTCATGCTCC	129.23067417429885	126.85127478736267	4.265949872071783	112.37196886550703	0.0	0.0	0.0	0.0	0.0	0.0	0.0	0.6459950093027323	0.0	19.57055646716408	0.0	0.0	0.0
GSM4138114_HNSCC_3_PBMC_CTAACTTGTGGCAAAC	159.82211302508333	109.46122647934153	0.0	96.2889729906179	0.0	0.0	0.0	49.00117839028182	0.0	0.0	0.0	0.0	0.0	0.0	0.0	0.0	0.0
GSM4138114_HNSCC_3_PBMC_CTAACTTTCAGCTGGC	13.528430157981106	141.71706417623938	123.42369909426323	0.0	124.9688516067985	0.0	0.0	0.0	0.0	0.0	0.0	0.0	0.0	0.0	0.0	0.0	0.0
GSM4138114_HNSCC_3_PBMC_CTCGAAACAAGGACAC	53.98000139686244	48.12657138164616	18.200428739301564	0.0	143.84210994251154	0.0	14.140987875260759	100.72732120833258	3.9048540012929687	76.63632007232883	0.0	0.0	0.0	0.0	0.0	0.0	0.0
GSM4138114_HNSCC_3_PBMC_CTCTACGAGTGCGTGA	0.0	0.0	48.854911922152965	70.52485176569931	0.0	0.0	21.623494621845413	26.12189913134519	0.0	62.119975483821044	0.0	0.0	0.0	0.0	0.0	0.0	0.0
GSM4138114_HNSCC_3_PBMC_CTGAAGTAGAAACCGC	0.0	47.2822598970196	0.0	0.0	0.0	0.0	0.0	97.76642995147564	27.159480857234048	0.0	0.0	0.0	23.618422554137183	33.899707669547624	0.0	62.85806066241752	0.0
GSM4138114_HNSCC_3_PBMC_CTGAAGTCACTAAGTC	0.0	0.0	0.0	0.0	69.98811184265296	129.45044992592486	0.0	136.64104356547455	0.0	0.0	0.0	0.0	0.0	0.0	1.0464053788105068	0.0	0.0
GSM4138114_HNSCC_3_PBMC_CTGTTTACACAACGTT	0.0	116.5828457346601	0.0	0.0	0.0	0.0	0.0	57.895017138704745	0.0	0.0	0.0	0.0	0.0	0.0	65.79183974440988	0.0	0.0
GSM4138114_HNSCC_3_PBMC_GAACGGATCAGGTTCA	97.56785240077024	75.59798362287232	49.76046146464405	71.10743667677373	0.0	0.0	0.0	0.0	0.0	0.0	0.0	0.0	0.0	0.0	0.0	0.0	0.0
GSM4138114_HNSCC_3_PBMC_GACCTGGCAAGACACG	151.07517256375996	62.73948457060732	0.0	96.73214489254002	0.0	0.0	70.21604122412313	56.08907603857582	0.0	0.0	0.0	0.0	0.0	0.0	0.0	0.0	0.0
GSM4138114_HNSCC_3_PBMC_GACGCGTAGTTAGGTA	137.1383831140524	0.0	0.0	0.0	84.32959837339293	0.0	0.0	40.59338980689505	105.7286484322043	0.0	0.0	0.0	0.0	0.0	0.0	0.0	0.0
GSM4138114_HNSCC_3_PBMC_GACTACAAGCGTTCCG	84.2943229746895	149.12538062261225	54.35451975496764	11.16486262673728	0.0	0.0	13.657781597305362	61.50660304211781	0.0	0.0	0.0	0.0	0.0	0.0	0.0	177.79803828859548	0.0
GSM4138114_HNSCC_3_PBMC_GCACATAGTTGTCGCG	23.476604554649327	143.33092453029943	0.0	0.0	0.0	0.0	0.0	138.61295568393132	3.6486345735963126	0.0	77.72021926797146	0.0	0.0	34.24401326622077	0.0	0.0	0.0
GSM4138114_HNSCC_3_PBMC_GCATACAGTCAGATAA	71.60107353746896	56.24686216789077	0.0	0.0	0.0	0.0	0.0	101.93072034876529	0.0	0.0	0.0	0.0	93.41134721245831	0.0	0.0	0.0	0.0
GSM4138114_HNSCC_3_PBMC_GCATGTAGTATGAAAC	0.0	68.38816423045802	100.34421204999073	12.316373877062311	0.0	0.0	0.0	0.0	0.0	0.0	0.0	0.0	0.0	56.14662212598649	0.0	0.0	0.0
GSM4138114_HNSCC_3_PBMC_GCCAAATGTCCTAGCG	0.0	0.0	94.05054314977491	0.0	0.0	0.0	0.0	0.0	25.081845025628617	53.48081106442598	112.25387529892122	0.0	0.0	0.0	0.0	0.0	0.0
GSM4138114_HNSCC_3_PBMC_GCGCAGTAGTTGTAGA	15.840023684890571	103.10476023817823	83.6695879229194	0.0	8.857647350546175	0.0	0.0	0.0	0.0	0.0	119.72024127447213	0.0	0.0	0.0	0.0	0.0	0.0
GSM4138114_HNSCC_3_PBMC_GGAAAGCCATGGTTGT	108.44800571510807	131.24590680060206	0.0	0.0	0.0	0.0	0.0	0.0	0.0	0.0	0.0	52.665663558741706	0.0	0.0	27.86466157984571	0.0	0.0
GSM4138114_HNSCC_3_PBMC_GGAAAGCTCACAACGT	77.77929614637384	64.85210836842573	123.00958099825615	0.0	0.0	21.905530145318963	0.0	0.0	79.32976546229051	0.0	0.0	0.0	0.0	57.10913083662228	0.0	0.0	0.0
GSM4138114_HNSCC_3_PBMC_GGACAAGTCGCCGTGA	207.40223494491093	135.044779224881	35.816044807268746	0.0	157.79583707487632	0.0	23.464352531940037	0.0	45.07256063152867	0.0	0.0	0.0	0.0	0.0	0.0	0.0	0.0
GSM4138114_HNSCC_3_PBMC_GGACGTCTCGACGGAA	68.26692103223245	0.0	63.38078261927873	0.0	0.0	0.0	73.12671947603062	0.0	11.683602731014554	0.0	61.93773012695434	0.0	0.0	0.0	0.0	0.0	0.0
GSM4138114_HNSCC_3_PBMC_GGATTACTCCACGCAG	129.4260189691542	0.0	0.0	38.58831680461893	0.0	0.0	37.79030022113664	0.0	30.015559658238587	76.06810507058617	0.0	89.27938234256766	0.0	0.0	0.0	0.0	0.0
GSM4138114_HNSCC_3_PBMC_GGGAATGGTCAAGCGA	3.549676946694497	96.18344244836983	0.0	0.0	106.63952529361775	0.0	0.0	87.49357162393066	0.0	0.0	0.0	0.0	0.0	0.0	0.0	0.0	0.0
GSM4138114_HNSCC_3_PBMC_GTACGTAGTAACGCGA	0.0	0.0	186.05151416358336	0.0	0.0	0.0	108.9846830418922	0.0	0.0	0.0	0.0	0.0	122.61812817927344	0.0	0.0	0.0	0.0
GSM4138114_HNSCC_3_PBMC_GTATTCTAGGCTAGGT	95.29855403431945	0.0	0.0	0.0	19.62412336778603	95.64297514883519	0.0	134.7634028974997	0.0	0.0	0.0	0.0	0.0	0.0	46.70110803006079	0.0	0.0
GSM4138114_HNSCC_3_PBMC_GTATTCTGTGCTAGCC	0.0	0.0	84.36898456751419	0.0	0.0	67.6164345131393	0.0	0.0	23.330653294155677	0.0	104.44223203767794	0.0	0.0	21.911539391746686	0.0	0.0	0.0
GSM4138114_HNSCC_3_PBMC_GTGCAGCTCTAAGCCA	63.21847475705228	44.85293007991742	28.557219100732688	0.0	0.0	0.0	6.26820855518822	0.0	28.656255171743297	0.0	0.0	0.0	0.0	63.2122777318753	0.0	0.0	0.0
GSM4138114_HNSCC_3_PBMC_GTGCGGTGTGTGTGCC	119.02192634630416	83.57489178274028	10.05298312759229	0.0	0.0	0.0	0.0	0.0	0.0	0.0	0.0	0.0	0.0	70.94164906647467	0.0	8.666424890276252	10.06411382781412
GSM4138114_HNSCC_3_PBMC_GTGCTTCTCCTAGGGC	0.0	51.881772311185415	113.1558001366154	0.0	42.5995548788571	0.0	0.0	0.0	2.6798416867229826	0.0	58.64963613239879	0.0	0.0	0.0	0.0	0.0	28.979588616850517
GSM4138114_HNSCC_3_PBMC_GTTAAGCGTCTCCATC	56.882882356044135	129.0337179032323	0.0	0.0	3.2779147234611794	0.0	0.0	81.97906563617454	0.0	0.0	0.0	0.0	0.0	66.55718507617472	0.0	0.0	0.0
GSM4138114_HNSCC_3_PBMC_GTTAAGCTCTGCCCTA	126.4463484904532	43.052454626158045	44.70007478832859	104.01711608526135	0.0	0.0	60.43726263515128	0.0	0.0	0.0	0.0	0.0	0.2953124913573114	0.0	0.0	0.0	0.0
GSM4138114_HNSCC_3_PBMC_GTTCGGGGTTAGTGGG	98.01979197624112	112.12261906243285	41.73903205461756	107.2945882852927	0.0	64.97091659044695	0.0	0.0	0.0	0.0	0.0	0.0	0.0	0.0	0.0	0.0	0.0
GSM4138114_HNSCC_3_PBMC_GTTCTCGGTGGCGAAT	69.16259461307293	0.0	0.0	0.0	58.04036118517225	13.94151436775694	15.42569907901074	38.77492397107988	32.44376467111109	19.184327740144788	0.0	0.0	0.0	0.0	0.0	0.0	0.0
GSM4138114_HNSCC_3_PBMC_TACACGAAGTACCGGA	98.39097620957975	0.0	5.325073301727871	0.0	71.80994836644437	0.0	0.0	0.0	95.72736042093948	0.0	0.0	0.0	0.0	0.0	0.0	0.0	0.0
GSM4138114_HNSCC_3_PBMC_TATCTCAAGGCGTACA	0.0	45.32603926709003	207.26557343841571	0.0	0.0	0.0	47.428299548125395	0.0	0.0	0.0	18.573099069221918	0.0	0.0	59.97952562547435	0.0	0.0	0.0
GSM4138114_HNSCC_3_PBMC_TATCTCAGTACTCAAC	84.86925787145915	103.01486775496303	0.0	87.39514499465638	0.0	0.0	0.0	0.0	0.0	0.0	0.0	0.0	0.0	0.0	20.383368258967774	0.0	0.0
GSM4138114_HNSCC_3_PBMC_TATGCCCCATGCCTTC	0.0	66.86686475069358	143.42868741330543	0.0	116.51954371472479	39.05526397700544	0.0	0.0	6.535351923788241	34.02354555302283	0.0	0.0	0.0	0.0	0.0	0.0	0.0
GSM4138114_HNSCC_3_PBMC_TCACAAGCAAGCGATG	52.57883485714501	0.0	9.137679076738342	0.0	0.0	0.0	0.0	7.564052421155019	111.97415646909039	0.0	60.418746525352304	0.0	0.0	0.0	0.0	0.0	0.0
GSM4138114_HNSCC_3_PBMC_TCAGCTCCACATTTCT	0.0	31.860047843777288	132.9945565032258	0.0	0.0	0.0	73.1302239070417	0.0	0.0	0.0	35.40326808422861	61.79462659353551	0.0	0.0	0.0	0.0	0.0
GSM4138114_HNSCC_3_PBMC_TCAGGATCACCGAAAG	109.07631071860959	0.0	0.0	48.213171025353596	0.0	0.0	0.0	0.0	0.0	0.0	0.0	0.0	0.0	0.0	0.0	0.0	147.72801749121297
GSM4138114_HNSCC_3_PBMC_TCATTTGGTTGGACCC	65.76089966748737	0.0	21.68784424172163	0.0	0.0	0.0	62.83338146589161	0.0	0.0	16.68516089569785	32.122083639488	0.0	0.0	0.0	6.829649551831099	0.0	0.0
GSM4138114_HNSCC_3_PBMC_TCGCGTTCAGATCGGA	163.0508895816587	0.0	0.0	0.0	48.174441010238006	46.97877782755151	0.0	12.16323950227083	16.00306502352169	61.82117717652666	34.220527428032746	0.0	0.0	0.0	0.0	0.0	0.0
GSM4138114_HNSCC_3_PBMC_TCGTACCGTCCTAGCG	0.0	0.0	169.93822620509386	0.0	0.0	0.0	0.0	0.0	156.9288630173583	0.0	83.48321533954658	0.0	0.0	0.5630764962629291	0.0	0.0	0.0
GSM4138114_HNSCC_3_PBMC_TCTCTAAGTGATGTCT	22.235972514687433	54.31876699659138	102.71028693342686	0.0	3.661511099576884	0.0	0.0	0.0	0.23454090928309584	0.0	32.826100591352954	0.0	0.0	47.59675082809213	0.0	0.0	0.0
GSM4138114_HNSCC_3_PBMC_TCTCTAATCCTGTACC	0.0	0.0	0.0	0.0	0.0	75.97015375403971	0.0	136.21922356307223	0.0	0.0	0.0	0.0	87.53314320579999	0.0	0.0	6.122441422654238	0.0
GSM4138114_HNSCC_3_PBMC_TCTGGAAAGAGTGACC	0.0	0.0	165.17353437779644	139.74574261207044	0.0	0.0	124.15267373159666	0.0	0.0	0.0	0.0	0.0	0.0	0.0	0.0	0.0	0.0
GSM4138114_HNSCC_3_PBMC_TCTTTCCGTCCGCTGA	0.0	7.436590088059469	36.78506548475919	0.0	0.0	31.11579789019671	0.0	98.7372345198844	0.0	0.0	0.0	0.0	71.19020704665743	0.0	0.0	0.0	22.067133075645856
GSM4138114_HNSCC_3_PBMC_TGAAAGACAGACAAAT	97.22580588305989	124.86882818005515	43.118513741634196	0.0	71.65192565562874	0.0	0.0	0.0	0.0	0.0	0.0	0.0	0.0	0.0	0.0	0.0	0.0
GSM4138114_HNSCC_3_PBMC_TGACGGCGTAAGGGCT	124.54591427593097	110.04491093688388	0.0	0.0	62.524119410424824	0.0	0.0	29.79315161214101	0.0	0.0	0.0	0.0	0.0	0.0	17.450131592950804	0.0	0.0
GSM4138114_HNSCC_3_PBMC_TGCTGCTCAACGCACC	123.96234647006041	30.137845911128284	0.0	88.26487601717271	0.0	0.0	27.049904036528368	0.0	23.99331742074354	0.0	0.0	0.0	0.0	0.0	0.0	0.0	0.0
GSM4138114_HNSCC_3_PBMC_TGTATTCTCCCTAACC	89.63704333225158	104.78390558046384	0.0	0.0	79.83057214778032	0.0	0.0	0.0	0.0	0.0	0.0	0.0	0.0	0.0	0.0	0.0	0.0
GSM4138114_HNSCC_3_PBMC_TTAACTCTCCTGCTTG	121.37788257521571	0.0	0.0	0.0	107.26081881713107	0.0	51.41003423043777	0.0	60.52956951314934	0.0	0.0	0.0	0.0	0.0	0.0	0.0	0.0
GSM4138114_HNSCC_3_PBMC_TTCTCCTTCTTGTATC	233.3749642471767	26.74888011919505	0.0	0.0	0.0	0.0	121.11810975843754	0.0	0.0	0.0	0.0	0.0	128.5021189986262	0.0	0.0	0.0	0.0
GSM4138114_HNSCC_3_PBMC_TTGGCAACAGATCCAT	53.80216218353477	0.0	0.0	0.0	0.0	0.0	156.43902914130777	0.0	0.0	0.0	0.0	0.0	66.53072999209577	0.0	13.645091837073986	0.0	0.0
GSM4138114_HNSCC_3_PBMC_AAACCTGCACCAGCAC	148.70650230790926	0.0	0.0	32.96179038791642	109.55774526360685	0.0	33.39906656067162	0.0	404.2991527073674	0.0	0.0	0.0	0.0	0.0	0.0	0.0	0.0
GSM4138114_HNSCC_3_PBMC_AATCCAGCATAAGACA	289.92237893555824	0.0	0.0	0.0	185.1663394638921	305.802078158996	0.0	0.0	0.0	0.0	0.0	0.0	0.0	0.0	0.0	0.0	0.0
GSM4138114_HNSCC_3_PBMC_ACCGTAAGTCTTCGTC	0.0	0.0	0.0	0.0	0.0	0.0	0.0	0.0	0.0	2903.245474458959	0.0	0.0	0.0	0.0	0.0	0.0	0.0
GSM4138114_HNSCC_3_PBMC_ACGGAGACATGGGACA	78.62951415351489	185.48361394179412	2.5284074525502924	193.40207826992955	0.0	0.0	0.0	81.47972664891726	0.0	0.0	0.0	0.0	0.0	0.0	0.0	0.0	0.0
GSM4138114_HNSCC_3_PBMC_ACGGGCTTCTTGCAAG	208.46857841317046	297.11344619485465	0.0	0.0	150.8465238378484	0.0	0.0	0.0	0.0	0.0	0.0	0.0	0.0	0.0	0.0	0.0	0.0
GSM4138114_HNSCC_3_PBMC_ACTTACTGTTGGTAAA	87.96852315693864	0.0	369.36179386278764	0.0	350.0089470930624	0.0	0.0	0.0	380.7433231037851	45.01449769085073	0.0	45.13573006733062	0.0	0.0	0.0	0.0	0.0
GSM4138114_HNSCC_3_PBMC_ACTTTCACATTCTTAC	221.08892030875754	0.0	0.0	103.61393147519924	0.0	0.0	0.0	0.0	0.0	259.97653244670806	0.0	0.0	0.0	0.0	0.0	53.57451796789926	0.0
GSM4138114_HNSCC_3_PBMC_AGACGTTGTCGGCATC	14.468127737379564	0.0	78.53957496353468	0.0	112.42405024344218	16.199064446193947	187.181481606812	92.8310917636499	43.39335848623912	0.0	0.0	0.0	0.0	0.0	0.0	0.0	0.0
GSM4138114_HNSCC_3_PBMC_AGAGTGGCACCTCGGA	230.8712867508776	357.4338805340139	39.93722934373998	254.16805264332538	0.0	0.0	0.0	0.0	0.0	23.062357811854667	0.0	0.0	0.0	0.0	0.0	0.0	0.0
GSM4138114_HNSCC_3_PBMC_AGGGTGAGTGCACTTA	93.40792928155933	264.82252521984543	101.12884163185461	149.92405783192828	0.0	0.0	0.0	0.0	12.160323110180544	0.0	0.0	0.0	0.0	0.0	0.0	0.0	0.0
GSM4138114_HNSCC_3_PBMC_AGTAGTCCATAGACTC	123.80539042361463	0.0	0.0	104.25365389572384	0.0	29.450630473133	1.348798109863157	0.0	2.5899920576533186e-05	135.3839465392255	0.0	0.0	0.0	0.0	0.0	0.0	0.0
GSM4138114_HNSCC_3_PBMC_ATAAGAGGTATTCGTG	217.57823795249521	0.0	0.0	195.68688561957086	0.0	275.9573843782276	0.0	0.0	0.0	31.554249584494194	0.0	0.0	0.0	0.0	0.0	0.0	0.0
GSM4138114_HNSCC_3_PBMC_ATGCGATTCGTGACAT	0.0	0.0	345.27526622248405	0.0	0.0	8.500140430928955	192.71401181417417	0.0	15.132848086288748	111.1070992211655	0.0	0.0	0.0	328.39109385812037	0.0	0.0	0.0
GSM4138114_HNSCC_3_PBMC_ATTTCTGAGTAGATGT	170.51612238271892	354.4961528791887	4.628923596402795	0.0	179.33418447806324	0.0	0.0	0.0	0.0	0.0	0.0	69.5899915939171	0.0	0.0	0.0	0.0	0.0
GSM4138114_HNSCC_3_PBMC_ATTTCTGTCGTAGGAG	7.5565796206331	0.0	98.89731681298433	77.60238087300125	0.0	0.0	0.0	0.0	95.01798023853233	0.0	0.0	0.0	0.0	0.0	0.0	0.0	0.0
GSM4138114_HNSCC_3_PBMC_CAAGAAACATGGAATA	11.55525271569646	110.53789937865106	217.73359443545073	215.0973817719522	0.0	0.0	281.82572500983	0.0	0.0	0.0	0.0	0.0	0.0	0.0	0.0	0.0	0.0
GSM4138114_HNSCC_3_PBMC_CACAGTAGTGATAAGT	220.50402150242488	0.0	0.0	0.0	40.90789504120386	192.18493685414612	0.0	0.0	0.0	0.0	110.12105478068783	0.0	0.0	0.0	0.0	0.0	69.68098729901153
GSM4138114_HNSCC_3_PBMC_CAGTAACAGTACGCGA	199.34801661882963	0.0	131.8936733808415	206.994616463214	0.0	0.0	26.902936566636534	0.0	9.98698099112102	269.64091167270385	0.0	0.0	0.0	0.0	0.0	0.0	0.0
GSM4138114_HNSCC_3_PBMC_CATCGAAGTAGCGCTC	126.27505345452327	0.0	61.391615056715864	0.0	38.154578255565134	128.81260568821827	0.0	0.0	0.0	146.47596000790188	137.9879189304533	0.0	0.0	0.0	0.0	0.0	0.0
GSM4138114_HNSCC_3_PBMC_CATGGCGCACTACAGT	0.0	62.68613024412899	308.17480718039707	62.062145692955745	0.0	189.39896371688448	0.0	0.0	0.0	0.0	0.0	0.0	0.0	82.2112038243659	0.0	0.0	0.0
GSM4138114_HNSCC_3_PBMC_CCTATTAGTAGCCTCG	210.04626748795198	256.9158850362976	17.726674647556347	218.16411179433425	0.0	0.0	0.0	13.186426817136018	0.0	0.0	0.0	0.0	0.0	0.0	0.0	0.0	0.0
GSM4138114_HNSCC_3_PBMC_CCTTCCCTCAGCATGT	0.0	177.4840357192015	218.27720414114236	104.92729117773152	66.38397853528471	0.0	0.0	0.0	0.0	128.4312628053399	0.0	0.0	0.0	0.0	0.0	0.0	0.0
GSM4138114_HNSCC_3_PBMC_CGGACGTCATCGGACC	35.10446364356013	271.44707246033994	148.84869456472558	0.0	192.35380599718235	0.0	4.00336073861464	0.0	0.0	0.0	0.0	0.0	0.0	0.0	0.0	0.0	0.0
GSM4138114_HNSCC_3_PBMC_CGGACTGTCACGACTA	99.19256075101052	0.0	98.72735907187085	0.0	67.02849859048864	236.12518808143466	0.0	0.0	0.0	0.0	77.52625671861831	0.0	0.0	0.0	0.0	0.0	0.0
GSM4138114_HNSCC_3_PBMC_CGTAGGCAGTAAGTAC	92.2163805232106	42.30774816914342	116.47758436941866	0.0	0.0	0.0	0.0	0.0	164.96465187629096	22.435713907968715	0.0	0.0	28.60780055953044	0.0	0.0	110.0297550574778	0.0
GSM4138114_HNSCC_3_PBMC_CGTGAGCAGAAGGGTA	0.0	297.28679477914386	317.550733697594	54.18187546787726	55.278906908265945	0.0	0.0	0.0	0.0	0.0	23.87283961102871	37.34413505273983	0.0	0.0	0.0	0.0	0.0
GSM4138114_HNSCC_3_PBMC_CGTTGGGGTGATAAGT	87.50669268638048	244.8364682229953	51.81870305614775	6.328451955070439	69.49649146400694	41.92124284653618	0.0	0.0	0.0	0.0	44.40891725213053	0.0	0.0	30.9835356240608	0.0	0.0	0.0
GSM4138114_HNSCC_3_PBMC_CTAACTTCATACAGCT	542.2340759815936	331.51847997334147	15.13710385752007	0.0	0.0	0.0	99.78145669844633	0.0	0.0	0.0	105.89158383296012	0.0	264.746819330209	0.0	0.0	0.0	0.0
GSM4138114_HNSCC_3_PBMC_CTACATTCAGTCAGCC	54.1818552278072	0.0	0.0	87.13605025211174	0.0	0.0	18.482946600875245	134.93825834030022	222.59175242005213	0.0	5.381534068801137	0.0	0.0	1.6241802991539371	0.0	0.0	0.0
GSM4138114_HNSCC_3_PBMC_CTAGTGATCTTTCCTC	207.75384445208937	249.51506784573192	0.0	212.81377580273934	0.0	0.0	0.0	0.0	0.0	99.79987777544393	0.0	0.0	0.0	0.0	0.0	0.0	0.0
GSM4138114_HNSCC_3_PBMC_CTCGGGAAGAAGCCCA	193.46597653447648	209.09490780746043	0.0	151.52024038964956	88.96134034835795	0.0	59.903216936618065	0.0	37.39909605279486	0.0	0.0	0.0	0.0	0.0	0.0	0.0	0.0
GSM4138114_HNSCC_3_PBMC_CTCTACGAGTGAACGC	125.74751815673717	0.0	72.88042478147162	0.0	0.0	248.28830110650688	0.0	0.0	0.0	0.0	181.07817271542032	0.0	0.0	0.0	0.0	0.0	0.0
GSM4138114_HNSCC_3_PBMC_CTGTGCTCATGCTAGT	183.3633359083792	27.660721233024812	0.0	0.0	106.79254260938399	0.0	0.0	0.0	25.567891726468204	102.95384336165934	0.0	0.0	0.0	0.0	0.0	0.0	0.0
GSM4138114_HNSCC_3_PBMC_CTGTTTAAGAAACGAG	0.0	97.84819284047917	112.50070981699831	0.0	26.153318020582194	0.0	29.737195825968314	0.0	0.0	0.0	75.30867948274015	0.0	0.0	0.0	0.0	0.0	0.0
GSM4138114_HNSCC_3_PBMC_GACCTGGAGGATGGAA	35.90142203571546	360.6062217869366	67.8715669162714	110.55955635835463	40.08254179393034	0.0	0.0	58.79331114997101	0.0	0.0	0.0	0.0	0.0	0.0	0.0	0.0	0.0
GSM4138114_HNSCC_3_PBMC_GATGAGGAGACGCACA	252.10629897437778	0.0	0.0	0.0	93.8233046370069	0.0	0.0	0.0	0.0	226.07415159180175	0.0	68.76888777139077	0.0	0.0	0.0	0.0	0.0
GSM4138114_HNSCC_3_PBMC_GATGCTATCTATCCCG	293.94844391746386	0.0	0.0	120.0018094242145	0.0	0.0	0.0	0.0	308.15562252745605	0.0	0.0	0.0	69.49157399893173	0.0	0.0	0.0	0.0
GSM4138114_HNSCC_3_PBMC_GATTCAGCATAACCTG	27.627461439321518	0.0	84.16685044648474	80.26741637989565	0.0	113.67477550631834	0.0	95.82090387300107	0.0	96.63353033821515	0.0	62.06910326866867	0.0	0.0	0.0	0.0	0.0
GSM4138114_HNSCC_3_PBMC_GCCTCTATCTGACCTC	0.0	75.65246801555445	178.23858734053536	98.44536716696089	0.0	0.0	127.32667426406906	0.0	101.18821185157712	3.0853564968322487	0.0	0.0	2.683164294196146	0.0	0.0	28.156065301839725	0.0
GSM4138114_HNSCC_3_PBMC_GCGCGATAGCGTAGTG	0.0	195.49417862445878	266.2392190583365	0.0	0.0	0.0	0.0	0.0	87.33445854789817	0.0	165.1472608060762	0.0	0.0	30.263753214742287	0.0	0.0	0.0
GSM4138114_HNSCC_3_PBMC_GCTTCCATCAGAGACG	52.58160676976357	0.0	135.29016010880738	192.01019837669614	0.0	142.76711500785757	92.21048766365195	0.0	69.25601104027889	10.292837578355277	0.0	0.0	0.0	0.0	0.0	0.0	0.0
GSM4138114_HNSCC_3_PBMC_GCTTGAAAGATCACGG	0.0	317.6167511351303	208.0128973909925	0.0	0.0	0.0	0.0	0.0	0.0	0.0	118.39150616278118	0.0	0.0	0.0	0.0	0.0	0.0
GSM4138114_HNSCC_3_PBMC_GGAAAGCCACAGTCGC	183.93685056566977	0.0	0.0	118.77678098760079	0.0	0.0	20.5708383256105	0.0	18.909087771330096	335.9791206946885	0.0	0.0	74.60937249599439	0.0	0.0	0.0	0.0
GSM4138114_HNSCC_3_PBMC_GGTGTTAGTTATGTGC	157.25234132967148	227.1946329250628	0.0	0.0	0.0	0.0	0.0	0.0	0.0	1.4162929439554808	0.0	0.0	121.58921163602135	0.0	0.0	0.0	0.0
GSM4138114_HNSCC_3_PBMC_GTATCTTCATTACCTT	98.10513536079073	0.0	129.75444392848416	0.0	172.46123690606498	0.0	0.0	0.0	8.488059717667802	347.31987164842104	0.0	0.0	0.0	0.0	0.0	0.0	0.0
GSM4138114_HNSCC_3_PBMC_GTCACAAAGCTGCCCA	258.19230082917863	0.0	0.0	0.0	54.407389044056174	258.8782865006737	0.0	0.0	43.545344440473144	0.0	109.3702773550904	0.0	0.0	0.0	0.0	0.0	0.0
GSM4138114_HNSCC_3_PBMC_GTCATTTTCCTCTAGC	220.7712491857342	47.179686765554244	0.0	153.79064457369984	0.0	249.95955215305375	0.0	2.506501163853697	0.0	0.0	0.0	0.0	0.0	0.0	0.0	0.0	0.0
GSM4138114_HNSCC_3_PBMC_GTGTTAGGTGTATGGG	111.73086499882751	91.10698439732035	20.328615438443087	156.97667832955966	0.0	0.0	134.14326974265387	0.0	0.0	0.0	0.0	0.0	0.0	0.0	0.0	0.0	0.0
GSM4138114_HNSCC_3_PBMC_GTTCATTCATCACGAT	62.665321647050675	201.1480443705419	137.4067278556146	0.0	0.0	0.0	70.54798724964068	0.0	0.0	0.0	0.0	0.0	202.15435226520773	0.0	0.0	0.0	0.0
GSM4138114_HNSCC_3_PBMC_GTTTCTAGTGGTTTCA	179.86158751624797	92.62888544483152	12.763818801008341	0.0	121.40152880385612	0.0	217.5541844224149	0.0	0.0	0.0	0.0	0.0	0.0	0.0	0.0	0.0	0.0
GSM4138114_HNSCC_3_PBMC_TACTTACAGGGTCGAT	166.83089289220408	0.0	2.169941167994307	0.0	130.1011235383627	232.31824019613262	0.0	0.0	0.0	0.0	0.0	0.0	0.0	0.0	0.0	0.0	0.0
GSM4138114_HNSCC_3_PBMC_TCGAGGCGTACGCTGC	0.0	284.54304041299014	0.0	96.41343503905762	113.57454567111617	0.0	0.0	284.834787435424	2.4720173937389274	0.0	0.0	0.0	0.0	0.0	0.0	0.0	0.0
GSM4138114_HNSCC_3_PBMC_TCGTAGAAGAAACCTA	188.50901971570596	247.1959250444418	20.502800828291722	212.55986360328998	0.0	20.25789147344855	0.0	0.0	0.0	0.0	0.0	0.0	0.0	0.0	0.0	0.0	0.0
GSM4138114_HNSCC_3_PBMC_TGCCCTAAGTGTTAGA	207.9966284780467	0.0	0.0	84.1469748944679	51.14585988449628	0.0	0.0	0.0	0.0	323.1345692271618	0.0	0.0	0.0	0.0	0.0	0.0	0.0
GSM4138114_HNSCC_3_PBMC_TGGCTGGAGGGATGGG	224.693951657688	0.0	0.0	157.47293490181323	0.0	361.81790364437165	0.0	0.0	0.0	0.0	0.0	0.0	0.0	0.0	0.0	0.0	0.0
GSM4138114_HNSCC_3_PBMC_TTAGGACAGTCCTCCT	113.65986729119984	0.0	0.0	0.0	0.0	103.6250495544477	0.0	129.02223628282914	31.882974521212592	219.28796014005061	188.65093068088422	0.0	0.0	0.0	0.0	0.0	0.0
GSM4138114_HNSCC_3_PBMC_TTATGCTCAGTATAAG	77.31841138665354	62.62252067291788	0.0	69.25271680150456	0.0	0.0	32.38902607015127	0.0	0.0	0.0	0.0	0.0	0.0	0.0	0.0	0.0	0.0
GSM4138114_HNSCC_3_PBMC_TTCCCAGGTCTCCCTA	207.88905077532934	168.4824049499663	0.0	145.9479914258232	0.0	67.00490915655281	0.0	0.0	80.56349314304246	0.0	0.0	0.0	0.0	0.0	0.0	0.0	0.0
GSM4138114_HNSCC_3_PBMC_TTCCCAGTCACTCCTG	254.6017783443455	208.65698032348558	0.0	165.7211644977194	0.0	0.0	0.0	0.0	119.51786992624228	0.0	0.0	0.0	0.0	0.0	0.0	0.0	0.0
GSM4138114_HNSCC_3_PBMC_TTCTACATCCGCATCT	110.12144889797015	167.54438256117166	0.0	47.83422495797262	80.2097788694797	0.0	47.7567547906149	0.0	0.0	0.0	43.22301149711662	0.0	0.0	0.0	0.0	24.350020000023065	0.0
GSM4138114_HNSCC_3_PBMC_AAAGATGTCTCCCTGA	212.3124538277201	86.06480897336785	0.0	103.03998750191555	0.0	0.0	1.1458689595735585	0.0	48.4067865054582	0.0	0.0	0.0	0.0	0.0	0.0	0.0	0.0
GSM4138114_HNSCC_3_PBMC_AACTCCCGTCTGATCA	116.26097465003977	0.0	0.0	0.0	0.0	54.28366533361626	0.0	24.41044409281261	48.694419350344965	0.0	0.0	63.96843884910966	0.0	0.0	0.0	0.0	0.0
GSM4138114_HNSCC_3_PBMC_ACGCAGCCATCCAACA	95.98008226886338	177.9681554143064	78.6157360899375	70.38824271817518	0.0	0.0	0.0	0.0	0.0	0.0	0.0	0.0	0.0	0.0	0.0	0.0	0.0
GSM4138114_HNSCC_3_PBMC_ACTATCTAGCCTCGTG	0.0	0.0	112.29399798225064	0.0	0.0	111.13021988666532	0.0	0.0	0.0	0.0	1.9518669585880544	0.0	0.0	82.32496470191016	0.0	0.0	0.0
GSM4138114_HNSCC_3_PBMC_ACTGAACTCAGCATGT	167.91082097891868	0.0	0.0	0.0	152.41032463930785	114.04514268648009	0.0	0.0	54.95572269554132	0.0	0.0	0.0	21.608179050885443	0.0	0.0	0.0	0.0
GSM4138114_HNSCC_3_PBMC_ATCCGAACATAACCTG	139.93588378644776	15.807045137657443	0.0	0.0	96.99859957158756	16.254572964170553	0.0	0.0	56.52696057051239	0.0	0.0	0.0	0.0	0.0	0.0	0.0	49.73352623684559
GSM4138114_HNSCC_3_PBMC_ATTTCTGTCCGTTGCT	203.24785369683718	0.0	0.0	0.0	0.0	0.0	0.0	18.17230807873167	181.99809941205947	0.0	0.0	0.0	6.058513233909717	70.11617643479653	0.0	72.39741565760542	0.0
GSM4138114_HNSCC_3_PBMC_CAAGATCGTTCACGGC	156.17539501399492	0.0	0.0	0.0	90.64505733910653	0.0	104.01932522607918	0.0	0.0	0.0	0.0	0.0	0.0	0.0	0.0	0.0	0.0
GSM4138114_HNSCC_3_PBMC_CGTGTCTGTTGGAGGT	104.51679188428152	134.97259042888865	37.70590690249044	0.0	0.0	0.0	0.0	0.0	0.0	0.0	0.0	0.0	136.84135550332005	0.0	0.0	0.0	0.0
GSM4138114_HNSCC_3_PBMC_CTACACCGTAAGTGTA	178.57389228299095	103.65882227603569	0.0	0.0	81.83699803354551	0.0	0.0	0.0	4.308107916034391	27.884269075988403	0.0	0.0	0.0	0.0	0.0	0.0	0.0
GSM4138114_HNSCC_3_PBMC_GACGTTAGTGGTCTCG	0.0	120.46004934293171	145.5527718084517	79.5019337346362	0.0	0.0	0.0	19.65868991612851	0.0	0.0	0.0	0.0	0.0	0.0	0.0	0.0	0.0
GSM4138114_HNSCC_3_PBMC_GCACTCTGTGGTGTAG	130.86084544713816	29.888054891280593	53.02657804861486	0.0	44.902207967387376	0.0	83.33735659269541	0.0	0.0	0.0	0.0	0.0	0.0	0.0	58.04537084784438	0.0	0.0
GSM4138114_HNSCC_3_PBMC_GGGCATCAGACTACAA	119.91977314835887	156.9907460438902	0.0	83.83329434102959	0.0	0.0	0.0	1.9693398112752722	0.6539980000878501	0.0	0.0	0.0	0.0	0.0	21.845704389974177	0.0	0.0
GSM4138114_HNSCC_3_PBMC_GTCAAGTTCTTTACAC	104.7171591678455	33.80984069204884	40.573655099563034	0.0	0.0	41.28825945314446	20.83838807733843	0.0	0.0	16.0084683933355	0.0	24.60301338729429	0.0	0.0	85.76685467271403	0.0	25.97297322285292
GSM4138114_HNSCC_3_PBMC_GTGCTTCCACTATCTT	75.25954781023283	104.22323344151921	74.56109783446294	0.0	0.0	9.520144816945086	0.0	3.7567353447989804	16.589705533104873	0.0	129.66107972126545	0.0	0.0	0.0	0.0	0.0	0.0
GSM4138114_HNSCC_3_PBMC_TTCTACACACACCGAC	129.7208772906859	81.30275314046655	34.75125597334109	0.0	0.0	0.0	84.25030382256968	0.0	0.0	0.0	84.1925844069995	0.0	0.0	0.0	0.0	0.0	0.0
GSM4138114_HNSCC_3_PBMC_TTGACTTTCGCGATCG	94.82101103970128	32.821600085788575	0.0	0.0	94.7370489004164	0.0	82.1382478435021	87.67612760661693	0.0	0.0	0.0	0.0	0.0	0.0	0.0	0.0	0.0
GSM4138114_HNSCC_3_PBMC_ACTGTCCCACTAGTAC	106.66136172182432	42.997848988754605	42.89526673785242	0.0	0.0	0.0	77.22155136788413	0.0	0.0	0.0	0.0	0.0	0.0	0.0	94.7703275675469	0.0	0.0
GSM4138114_HNSCC_3_PBMC_CTCATTATCGAATCCA	0.0	72.57306361324322	153.28950321552742	0.0	8.291222304806299	0.0	0.0	0.0	49.4101741760679	0.0	0.0	0.0	0.0	90.53625392667422	0.0	0.0	0.0
GSM4138114_HNSCC_3_PBMC_GAACCTATCGACAGCC	196.69745458552583	0.0	0.0	30.95175583481208	84.59372256652485	0.0	39.02941318310183	0.0	57.42417504942421	113.07917399037244	0.0	0.0	0.0	0.0	4.322921578950622	0.0	0.0
GSM4138114_HNSCC_3_PBMC_GCGCCAACATTTGCCC	132.6200941111919	134.8708316052288	0.0	0.0	48.12646459569852	0.0	0.0	13.692123553580842	0.0	0.0	0.0	0.0	0.0	0.0	55.31970791346751	0.0	0.0
GSM4138114_HNSCC_3_PBMC_GGGAGATCAATTCCTT	142.64275005029347	91.45677684437003	0.0	0.0	87.65208050030856	0.0	0.0	0.0	0.0	0.0	0.0	0.0	0.0	0.0	0.0	0.0	0.0
GSM4138114_HNSCC_3_PBMC_GTGAAGGAGAAGGTGA	165.89547837216426	87.47144033753378	0.0	26.80326123780302	0.0	0.0	42.01045187270857	0.0	0.0	0.0	0.0	0.0	52.51072823039075	0.0	40.133791012612875	0.0	0.0
GSM4138114_HNSCC_3_PBMC_TACCTATTCGAGAGCA	75.14593863788338	92.19023210777301	0.0	115.15243033473158	0.0	0.0	0.0	0.0	0.0	0.0	0.0	0.0	0.0	0.0	0.0	0.0	0.0
GSM4138114_HNSCC_3_PBMC_TAGCCGGGTTGATTCG	120.81602801918662	116.94142766455202	0.0	115.10918892008262	0.0	0.0	0.0	1.5019321628335065	0.0	0.0	0.0	0.0	0.0	0.0	0.0	0.0	0.0
GSM4138114_HNSCC_3_PBMC_TCTTTCCTCGCCGTGA	0.0	0.0	182.781821876816	0.0	41.37038068362432	0.0	58.73325495370766	0.0	117.54315209290363	0.0	22.526046648193322	0.0	0.0	6.412987284367509	0.0	0.0	0.0
GSM4138114_HNSCC_3_PBMC_TGTGGTAGTTGCCTCT	176.93388123914175	172.3939010662211	0.0	0.0	120.57008058121055	0.0	0.0	0.0	0.0	0.0	0.0	0.0	0.0	0.0	0.0	0.0	0.0
GSM4138114_HNSCC_3_PBMC_ATTATCCTCCTCCTAG	315.3245450004476	154.92216720948136	0.0	0.0	246.7032173183763	0.0	0.0	0.0	0.0	0.0	0.0	0.0	0.0	0.0	0.0	0.0	41.067851935481
GSM4138114_HNSCC_3_PBMC_CGAGAAGAGCTACCTA	0.0	237.17224135174422	286.6408575675564	180.17805140949122	0.0	0.0	0.0	0.0	0.0	0.0	0.0	0.0	0.0	0.0	0.0	0.0	0.0
GSM4138114_HNSCC_3_PBMC_GACTACACACCGCTAG	51.104917676271654	0.0	85.73832222850379	0.0	137.28150601694492	219.58682461827556	0.0	0.0	0.0	0.0	0.0	0.0	0.0	0.0	0.0	0.0	0.0
GSM4138114_HNSCC_3_PBMC_GGCTCGAGTCTGATCA	171.3878474022781	149.89251074736822	1.7952808045465454	116.53353835133943	0.0	12.952154944998526	14.433042351901573	0.0	0.0	0.0	0.0	0.0	0.0	0.0	0.0	0.0	0.0
GSM4138114_HNSCC_3_PBMC_TCAGATGTCAGTTTGG	166.18149655058798	0.0	0.0	0.0	169.0328627855674	94.57359045452374	0.0	0.0	0.0	53.479662624242316	0.0	0.0	0.0	0.0	0.0	0.0	0.0
GSM4138114_HNSCC_3_PBMC_TCGAGGCAGAACAATC	242.0768020921299	326.75794729135293	130.95485468918767	278.05339097326475	0.0	0.0	0.0	0.0	0.0	0.0	0.0	0.0	0.0	0.0	0.0	0.0	0.0
GSM4138114_HNSCC_3_PBMC_TGGGCGTGTCATTAGC	0.0	91.484995058241	130.58236019454262	0.0	0.0	20.739828396293092	0.0	0.0	0.0	0.0	0.0	98.659327411831	0.0	0.0	0.0	0.0	0.0
GSM4138114_HNSCC_3_PBMC_TTCCCAGAGGACAGCT	67.47169852561433	157.3537465631625	73.11376824030175	0.0	0.0	1.8816096618327767	0.0	0.0	0.0	0.0	0.0	138.31366912641118	0.0	0.0	0.0	0.0	0.0
GSM4138114_HNSCC_3_PBMC_ACACCAACATGCATGT	138.34475334469138	110.66059236267115	29.30951882250654	0.0	144.44439097769515	16.486435497104125	0.0	0.0	0.0	0.0	0.0	0.0	0.0	0.0	0.0	0.0	0.0
GSM4138114_HNSCC_3_PBMC_ACGATACGTGTGGTTT	250.90487818866953	0.0	0.0	0.0	0.0	642.0486738016626	0.0	0.0	0.0	0.0	0.0	0.0	0.0	0.0	240.1039751091836	0.0	0.0
GSM4138114_HNSCC_3_PBMC_AGAATAGTCACCATAG	34.72776145270483	59.3894237930376	130.63851442274245	126.80512581661489	0.0	160.54429633679084	0.0	0.0	0.0	25.010024807041084	0.0	0.0	0.0	0.0	0.0	0.0	0.0
GSM4138114_HNSCC_3_PBMC_AGCCTAATCCTGCCAT	72.42123921693103	93.65707191701006	0.0	0.0	0.0	0.0	0.0	0.0	0.0	0.0	0.0	75.19830123357819	0.0	0.0	0.0	0.0	0.0
GSM4138114_HNSCC_3_PBMC_CAACCAAGTTGAGGTG	101.61647089067858	121.49310246672133	0.0	0.0	58.41779771823625	0.0	0.0	13.016257818513653	0.0	0.0	0.0	0.0	0.0	0.0	0.0	0.0	0.0
GSM4138114_HNSCC_3_PBMC_CACACAACATGCCTAA	161.99764076122364	221.01270116294597	0.0	0.0	153.75355165599163	0.0	0.0	36.33601367636896	0.0	0.0	0.0	0.0	0.0	0.0	0.0	0.0	0.0
GSM4138114_HNSCC_3_PBMC_CCACTACAGGTGCTAG	114.28616986415553	163.99860277436218	0.0	0.0	0.0	0.0	0.0	0.0	0.0	0.0	0.0	0.0	0.0	0.0	0.0	87.3682182224197	7.998028859534226
GSM4138114_HNSCC_3_PBMC_CGTCACTCAGATTGCT	172.69234692396938	0.0	42.32937423647283	0.0	0.0	288.02829632418326	0.0	0.0	0.0	0.0	19.604507628324395	249.27168808318336	0.0	0.0	0.0	0.0	0.0
GSM4138114_HNSCC_3_PBMC_CTCGGGAGTCTAGCGC	217.79458348036758	510.97397742381776	0.0	212.7740546056634	0.0	0.0	0.0	0.0	0.0	0.0	0.0	0.0	0.0	0.0	0.0	0.0	0.0
GSM4138114_HNSCC_3_PBMC_GACCTGGCAGTCACTA	154.5962643538474	159.91049540381238	41.21166559362104	113.38895550905278	0.0	0.0	23.513278988270333	0.0	0.0	0.0	0.0	0.0	0.0	0.0	0.0	0.0	0.0
GSM4138114_HNSCC_3_PBMC_GCTCTGTAGTCAAGCG	116.99808856215563	245.34401897344677	65.05930268370352	8.185390414622848	140.79939744630173	0.0	0.0	0.0	0.0	0.0	0.0	0.0	0.0	0.0	0.0	0.0	0.0
GSM4138114_HNSCC_3_PBMC_GGAACTTAGAGAGCTC	35.41421602354214	250.30009568105373	174.12889848778514	142.1737786753155	0.0	0.0	16.881414509187362	0.0	0.0	0.0	0.0	73.41903434126877	0.0	0.0	0.0	0.0	0.0
GSM4138114_HNSCC_3_PBMC_GGCGACTGTTCCACTC	0.0	97.80722333358437	165.58374569703102	0.0	0.0	186.58714663482183	0.0	0.0	68.66342308639466	0.0	91.62909242113598	0.0	0.0	0.0	0.0	0.0	0.0
GSM4138114_HNSCC_3_PBMC_GTTTCTACACACAGAG	132.24239937327448	0.0	195.96321614611008	275.7009015566759	0.0	0.0	286.55684288295924	0.0	0.0	0.0	0.0	0.0	0.0	0.0	0.0	0.0	0.0
GSM4138114_HNSCC_3_PBMC_TGCGTGGCAGTCGATT	70.61519854030502	166.463442773024	167.5468757513421	133.90966466772994	0.0	0.0	85.58068456921711	0.0	0.0	0.0	0.0	0.0	0.0	0.0	0.0	0.0	0.0
GSM4138114_HNSCC_3_PBMC_TTATGCTGTTACGACT	62.8280811127445	212.22418634519804	0.0	0.0	120.80800862401952	0.0	0.0	102.5744366365456	29.00632789156487	0.0	0.0	0.0	0.0	0.0	0.0	0.0	0.0
GSM4138114_HNSCC_3_PBMC_AAAGCAATCCCGACTT	324.08965721316184	254.15125311662592	0.0	190.68557543733618	0.0	0.0	0.0	0.0	0.0	0.0	0.0	0.0	0.0	0.0	0.0	0.0	0.0
GSM4138114_HNSCC_3_PBMC_AAAGTAGGTTCAGACT	0.0	88.96042695004726	0.0	221.01561912105336	0.0	136.5114914803947	0.0	325.52748235806223	0.0	0.0	0.0	0.0	0.0	0.0	0.0	0.0	0.0
GSM4138114_HNSCC_3_PBMC_ACGTCAAAGAGCTGGT	273.5811044272163	0.0	53.36964439332167	178.26806266502908	56.13737524239367	306.144854460463	0.0	0.0	0.0	0.0	0.0	0.0	0.0	0.0	0.0	0.0	0.0
GSM4138114_HNSCC_3_PBMC_ACTTGTTAGCAGATCG	267.00552636215656	44.15656181877854	0.0	0.0	0.0	0.0	43.325469206480975	0.0	101.95645410798787	0.0	5.110901084327146	0.0	174.27872858453964	0.0	0.0	0.0	0.0
GSM4138114_HNSCC_3_PBMC_AGCTCCTGTCTGCAAT	342.88844273505543	273.77465656010827	0.0	0.0	0.0	0.0	0.0	0.0	0.0	0.0	0.0	0.0	223.42665370102657	0.0	0.0	0.0	0.0
GSM4138114_HNSCC_3_PBMC_ATCTGCCTCTCCGGTT	118.32133323349059	328.1941757495482	279.2311459002905	0.0	326.6894454519252	0.0	0.0	0.0	0.0	0.0	0.0	0.0	0.0	0.0	0.0	0.0	0.0
GSM4138114_HNSCC_3_PBMC_CACAAACGTCTCTTAT	125.0275265778779	0.0	242.8397529432449	257.72310681872585	0.0	0.0	264.5738933684782	0.0	0.0	0.0	0.0	0.0	0.0	0.0	0.0	0.0	0.0
GSM4138114_HNSCC_3_PBMC_CATCAAGCACAGATTC	383.8089143032007	179.01714012959272	0.0	0.0	76.52529374816021	60.260336241833656	0.0	0.0	0.0	0.0	0.0	0.0	0.0	0.0	119.95678520159015	0.0	0.0
GSM4138114_HNSCC_3_PBMC_CGTCCATGTAATCACC	0.0	200.10223392876446	306.2745602780701	0.0	101.0254419581602	0.0	0.0	0.0	0.0	0.0	148.11263652811488	0.0	0.0	0.0	0.0	0.0	0.0
GSM4138114_HNSCC_3_PBMC_CGTTCTGGTCCGAGTC	327.6137555047505	122.84519397566332	0.0	206.23638760111336	0.0	0.0	81.28919603633229	0.0	0.0	0.0	0.0	0.0	0.0	0.0	0.0	0.0	0.0
GSM4138114_HNSCC_3_PBMC_CTACGTCAGAGGACGG	0.0	175.5485320262747	215.2569110379626	0.0	213.9097347947676	0.0	0.0	40.31776651802834	0.0	0.0	0.0	0.0	0.0	0.0	0.0	0.0	0.0
GSM4138114_HNSCC_3_PBMC_GACGCGTGTTCCGGCA	318.9441800778065	76.28214860131722	0.0	0.0	172.78585169350626	105.92492070057958	0.0	0.0	0.0	0.0	0.0	0.0	0.0	0.0	0.0	0.0	0.0
GSM4138114_HNSCC_3_PBMC_GGCCGATCATGTAAGA	212.05793011007043	0.0	57.71105314694022	0.0	219.54257665941728	0.0	0.0	0.0	274.25179291083873	0.0	0.0	0.0	0.0	0.0	0.0	0.0	0.0
GSM4138114_HNSCC_3_PBMC_GTATTCTTCTGTGCAA	95.3248238333458	214.5106795816003	265.37872572493956	0.0	0.0	0.0	0.0	0.0	0.0	0.0	0.0	0.0	314.86804353881746	0.0	0.0	0.0	0.0
GSM4138114_HNSCC_3_PBMC_GTCAAGTAGTGCTGCC	313.0693796471149	0.0	0.0	0.0	0.0	256.21080374313846	0.0	0.0	0.0	0.0	0.0	0.0	269.7911446494523	0.0	0.0	0.0	0.0
GSM4138114_HNSCC_3_PBMC_GTCTCGTAGGCTAGAC	0.0	281.161568884347	249.21327796068013	0.0	0.0	0.0	0.0	0.0	0.0	0.0	0.0	176.52780335789967	67.47051185086424	0.0	0.0	0.0	0.0
GSM4138114_HNSCC_3_PBMC_TCTGGAAAGTGGTAAT	135.56254485273945	190.45824963900262	127.72944988295917	189.56981674884946	0.0	0.0	0.0	0.0	0.0	0.0	0.0	0.0	0.0	0.0	0.0	0.0	0.0
GSM4138114_HNSCC_3_PBMC_TGGCCAGGTCCAAGTT	0.0	215.11674695711983	0.0	0.0	216.76123135203528	0.0	0.0	273.3342859950908	0.0	0.0	0.0	0.0	0.0	0.0	0.0	0.0	0.0
GSM4138114_HNSCC_3_PBMC_AACTGGTGTGTGGCTC	0.0	0.0	477.79866580504	0.0	0.0	57.02666716828072	247.21818100216427	0.0	67.63217624021495	0.0	404.54487973155284	0.0	0.0	0.0	0.0	0.0	0.0
GSM4138114_HNSCC_3_PBMC_AAGACCTAGTTTGCGT	0.0	262.78076162091355	420.8303225542606	0.0	0.0	0.0	0.0	0.0	0.0	0.0	364.4575391361941	0.0	0.0	0.0	0.0	0.0	0.0
GSM4138114_HNSCC_3_PBMC_ACATCAGAGTGTCCAT	576.9025325360305	0.0	0.0	223.33712047624581	165.86017968933928	0.0	72.70482833013139	0.0	0.0	347.76565216436796	0.0	0.0	0.0	0.0	0.0	0.0	0.0
GSM4138114_HNSCC_3_PBMC_ACGGCCACATGGTCTA	336.16913394214527	309.7768437396067	0.0	0.0	0.0	0.0	0.0	0.0	0.0	0.0	0.0	367.258415197573	0.0	0.0	0.0	0.0	0.0
GSM4138114_HNSCC_3_PBMC_ACTTGTTGTTGTGGAG	415.8972450615728	148.0069735284543	0.0	0.0	0.0	0.0	0.0	0.0	0.0	0.0	0.0	0.0	0.0	0.0	357.1360863197054	0.0	0.0
GSM4138114_HNSCC_3_PBMC_AGCGTATCAGCTCGCA	4249.923954815939	0.0	42.521227092182684	0.0	0.0	0.0	0.0	184.1806475024339	0.0	0.0	0.0	0.0	0.0	0.0	0.0	0.0	0.0
GSM4138114_HNSCC_3_PBMC_CCATTCGAGACAGGCT	479.1148305680228	281.51388287409185	0.0	0.0	393.84983493117244	0.0	0.0	0.0	0.0	0.0	0.0	0.0	0.0	0.0	0.0	0.0	0.0
GSM4138114_HNSCC_3_PBMC_CCTTCGATCTCGCTTG	71.07064399255125	235.62188596207	367.00075769675914	237.1093685970467	110.95472795562192	0.0	0.0	0.0	0.0	0.0	0.0	0.0	0.0	0.0	0.0	0.0	0.0
GSM4138114_HNSCC_3_PBMC_CGCGTTTAGACTAGGC	213.67801641638505	8.905622859298104	0.0	0.0	0.0	217.4476503161429	0.23712641542500731	330.81383700192725	0.0	114.17910188310844	0.0	467.9334698465539	0.0	0.0	0.0	0.0	0.0
GSM4138114_HNSCC_3_PBMC_CTACATTTCTTTACGT	0.0	0.0	0.0	0.0	428.34594827732604	0.0	0.0	504.4502595017039	0.0	0.0	0.0	0.0	0.0	0.0	0.0	0.0	203.39308522450037
GSM4138114_HNSCC_3_PBMC_CTAGCCTAGACCGGAT	435.2844836210856	237.7622598155377	0.0	0.0	314.4675434174755	0.0	0.0	0.0	0.0	0.0	0.0	0.0	0.0	0.0	14.375844799983899	0.0	0.0
GSM4138114_HNSCC_3_PBMC_GACGTTAGTACCATCA	599.9750993215663	0.0	0.0	0.0	0.0	0.0	0.0	0.0	0.0	335.9376398241552	0.0	0.0	0.0	0.0	478.0607544256171	0.0	0.0
GSM4138114_HNSCC_3_PBMC_GCGCAGTCAACTGGCC	0.0	0.0	0.0	463.1688049728719	0.0	2.549616809002507	292.7015121493819	504.42842470413035	0.0	0.0	0.0	0.0	0.0	0.0	0.0	0.0	0.0
GSM4138114_HNSCC_3_PBMC_GCTCTGTCACACTGCG	0.0	0.0	0.0	0.0	0.0	0.0	82.34648139690525	413.129919762185	0.0	0.0	0.0	0.0	0.0	0.0	0.0	516.7701945950562	223.56725316909464
GSM4138114_HNSCC_3_PBMC_GCTGCAGTCCGGCACA	161.13816900743834	0.0	0.0	0.0	224.1316510115824	326.51465350219877	0.0	293.5496420641405	0.0	0.0	0.0	0.0	0.0	0.0	151.90824443133258	0.0	0.0
GSM4138114_HNSCC_3_PBMC_GTAGTCACACAAGCCC	405.63240542191835	211.32996079644727	0.0	0.0	344.3617318011677	0.0	0.0	0.0	0.0	0.0	0.0	0.0	0.0	0.0	0.0	0.0	0.0
GSM4138114_HNSCC_3_PBMC_GTCAAGTAGGCGTACA	178.80847541140636	95.36816655123718	0.0	0.0	0.0	0.0	0.0	0.0	0.0	0.0	0.0	0.0	0.0	0.0	111.99122849450879	0.0	2.3880701989387725
GSM4138114_HNSCC_3_PBMC_TACGGATAGATCGATA	439.7836137699525	0.0	0.0	0.0	348.9047176354146	270.1324936128313	0.0	0.0	0.0	0.0	0.0	0.0	0.0	0.0	0.0	0.0	0.0
GSM4138114_HNSCC_3_PBMC_TCAACGATCTGGGCCA	440.7620146988719	326.64117507013236	26.933496101607332	238.43743183242933	242.88167556656865	0.0	0.0	25.13720730855688	0.0	0.0	0.0	0.0	0.0	0.0	0.0	0.0	0.0
GSM4138114_HNSCC_3_PBMC_TGGGCGTGTTAGTGGG	191.07736078715857	281.76774640768843	222.77238438831202	0.0	402.51785289414374	0.0	0.0	0.0	0.0	0.0	0.0	0.0	0.0	0.0	0.0	0.0	0.0
GSM4138114_HNSCC_3_PBMC_TTGGAACCAGTCACTA	129.96706239492224	0.0	318.8821495359951	339.4215993113452	0.0	0.0	0.0	0.0	0.0	0.0	0.0	0.0	0.0	0.0	0.0	0.0	253.86508577848284
GSM4138114_HNSCC_3_PBMC_ACTGTCCCAGCGATCC	0.0	159.68327843589915	440.1703161439513	0.0	0.0	0.0	0.0	0.0	0.0	0.0	0.0	295.05568783731417	0.0	0.0	0.0	0.0	0.0
GSM4138114_HNSCC_3_PBMC_AGATTGCGTCATACTG	272.4536156297141	0.0	0.0	194.52389564155695	0.0	0.0	151.56105687226201	0.0	0.0	0.0	0.0	0.0	0.0	0.0	0.0	0.0	0.0
GSM4138114_HNSCC_3_PBMC_CACACAAGTGAACCTT	0.0	0.0	0.0	88.73896687031579	122.19820189609406	0.0	178.5179314176463	273.28865525683415	0.0	0.0	0.0	0.0	0.0	0.0	0.0	0.0	0.0
GSM4138114_HNSCC_3_PBMC_GCGCAACCATCTGGTA	295.1979257354545	117.04666196133202	0.0	0.0	152.54575210434467	26.09677355261232	0.0	0.0	0.0	0.0	0.0	0.0	0.0	0.0	50.0773362038861	0.0	0.0
GSM4138114_HNSCC_3_PBMC_TACGGATGTCTCATCC	0.0	0.0	227.05344368931983	0.0	0.0	0.0	180.25421491788816	0.0	0.0	0.0	0.0	267.2092852732967	0.0	1.5268909292622488	0.0	0.0	0.0
GSM4138114_HNSCC_3_PBMC_TAGAGCTTCGGAATCT	50.15931550395136	0.0	153.70998349434646	252.78720494758704	0.0	0.0	161.80798844872564	0.0	0.0	0.0	0.0	0.0	0.0	0.0	0.0	0.0	0.0
GSM4138114_HNSCC_3_PBMC_TTGGAACGTACACCGC	380.9457911319442	169.4385358552233	0.0	0.0	147.32352297364105	0.0	0.0	0.0	0.0	0.0	0.0	0.0	0.0	0.0	132.69318510504635	0.0	0.0
GSM4138114_HNSCC_3_PBMC_GCAGCCACACCACGTG	79.85773819984021	65.15436673144787	82.4024731550302	0.0	128.35403263940836	0.0	39.70396879309313	0.0	14.910893544624635	17.128684796644954	0.0	0.0	0.0	0.0	0.0	0.0	0.0
GSM4138114_HNSCC_3_PBMC_TAGTTGGTCGAGAGCA	170.07302713140842	176.46568169281528	0.0	99.45145138284843	0.0	0.0	0.0	0.0	0.0	0.0	0.0	0.0	0.0	0.0	0.0	0.0	0.0
GSM4138114_HNSCC_3_PBMC_GGACAAGGTTACGACT	169.71257828787412	60.02158990166412	0.0	0.0	70.94557648558106	0.0	136.24265298455907	0.0	0.0	0.0	40.34351595498233	0.0	0.0	0.0	0.0	0.0	0.0
GSM4138114_HNSCC_3_PBMC_AGCTTGACATAACCTG	0.0	0.0	0.0	43.295691382883284	0.0	0.0	0.0	0.0	0.0	0.0	27.117754790379106	4235.170915302112	80.37289572076821	0.0	49.611333447994596	0.0	0.0
