	1	2	3	4	5	6	7
GSM4138114_HNSCC_3_PBMC_AAACGGGTCTAGAGTC	384.36590107347877	195.40933252916506	77.60690243349033	1.4993189540957703	43.313091075668154	0.9903026941281585	22.40557456861475
GSM4138114_HNSCC_3_PBMC_AAAGATGCACTACAGT	393.0879939217198	88.09816189955751	91.99690025633679	42.64991510139449	3.2209157289886803	26.176595161000208	19.68239304614058
GSM4138114_HNSCC_3_PBMC_AAATGCCTCTCCAGGG	862.7013676695764	95.04991902322702	0.0	70.22835282907198	7.9410160284127675	9.820136355312204	40.85780591944443
GSM4138114_HNSCC_3_PBMC_AACACGTAGAGTGAGA	816.9674405537764	4.824619591031347	56.312281727804425	74.75876506790594	0.0	2.8529089111057733	18.044253653696945
GSM4138114_HNSCC_3_PBMC_AAGGCAGGTTTAAGCC	464.1133549604769	97.17258223741038	203.8631343278381	11.508899111533493	0.0	0.28266444536255003	0.46351685655062247
GSM4138114_HNSCC_3_PBMC_ACACCAAGTATAAACG	584.872101737536	44.43530586831019	74.9848468519318	60.81972201899723	0.0	0.0	24.603144695757535
GSM4138114_HNSCC_3_PBMC_ACATACGTCCACTCCA	417.38885008415104	0.0	36.49951004156761	80.73130368585663	0.9048674956942708	0.0	23.380949592740453
GSM4138114_HNSCC_3_PBMC_ACTATCTAGGAGTTTA	575.7656050990498	70.44518962578007	51.621041457135355	153.39356595249313	52.96276284466048	116.91903121866324	0.0
GSM4138114_HNSCC_3_PBMC_ACTGAACTCACCTTAT	619.1543427924419	73.58896537089669	140.35622262622852	16.69353915805105	0.0	23.84821019931744	2.4608251857420487
GSM4138114_HNSCC_3_PBMC_ACTTTCACAGCTGTTA	473.60465239486035	65.97619670667632	63.059653329397534	35.25081533444546	22.670331674952237	37.82403412473771	0.0
GSM4138114_HNSCC_3_PBMC_AGCTCTCAGGTGATAT	489.0171625069397	179.99633587149992	39.845149884629144	0.0	2.027773935432014	52.731907056909236	32.25434118333226
GSM4138114_HNSCC_3_PBMC_AGCTCTCCAGCCTGTG	564.6981189511399	24.792299493290326	47.38728733426142	0.0	0.0	21.300257337236985	0.0
GSM4138114_HNSCC_3_PBMC_AGTCTTTCAAAGGTGC	432.6353892724395	0.0	138.72580268678448	118.2037816044735	28.21624525961656	53.807943328507626	0.0
GSM4138114_HNSCC_3_PBMC_AGTGAGGGTCAGCTAT	429.31369607603136	91.30184451011658	74.10066679668472	143.74893675580404	71.6037038055922	7.136524717857277	0.0
GSM4138114_HNSCC_3_PBMC_AGTGGGATCACCACCT	909.4293348028776	53.104961059137004	23.73931048284229	3.677080267605559	0.0	13.046734007530938	0.0
GSM4138114_HNSCC_3_PBMC_ATCCACCTCCCTCAGT	330.7785942620967	113.58113963513266	0.0	29.098252277978133	18.165924446797376	26.891626196005063	4.121473314743139
GSM4138114_HNSCC_3_PBMC_ATCGAGTGTCTAAACC	861.6357775152652	56.92756361042616	95.91754828534684	194.1918782149976	81.88028247528418	204.68793724625206	1.832986655569354
GSM4138114_HNSCC_3_PBMC_ATCTACTGTGACGCCT	585.0025881559842	83.78726794358784	27.81787374785712	12.591741367210243	11.172094958963855	8.7774330592551	57.13142261414015
GSM4138114_HNSCC_3_PBMC_CAAGAAAGTGCTTCTC	442.42847455519194	48.26085032712028	61.11799182765801	23.435645755370953	19.450021094058428	17.604110956234525	19.963804943652942
GSM4138114_HNSCC_3_PBMC_CAAGGCCGTTCCCGAG	541.6485334130082	106.48427365188886	8.056928584648247	25.04265044195422	20.37119934233436	27.83728551200681	11.887795751929726
GSM4138114_HNSCC_3_PBMC_CAAGTTGTCAAGAAGT	535.8695574225846	111.89206755312969	0.0	0.0	13.25088919547148	0.0	57.86590564038842
GSM4138114_HNSCC_3_PBMC_CACAAACCAGCTGGCT	527.7160843856142	45.02615122035935	0.0	0.0	3.855721358098281	52.26335721711965	26.71512629166546
GSM4138114_HNSCC_3_PBMC_CACACAAAGAACAACT	300.96585136619854	201.33017614114607	86.27890328061906	12.773324315169505	18.52130967538976	123.97758957149885	19.829375157708498
GSM4138114_HNSCC_3_PBMC_CACATAGTCCGCAAGC	677.2450999699579	29.99445030668565	0.0	65.54809056752879	2.3456656955321993	22.300027325730483	68.46753641624267
GSM4138114_HNSCC_3_PBMC_CACCACTAGCAATATG	618.9542298915411	0.0	0.0	0.0	0.0	79.52145409952682	0.0
GSM4138114_HNSCC_3_PBMC_CATATTCAGTCCCACG	377.63222765731655	98.34659064911834	9.251950270624816	44.94178076559131	0.0	60.38394027000186	0.0
GSM4138114_HNSCC_3_PBMC_CATCAAGGTCGTCTTC	431.8843783944551	141.4556375643264	0.0	2.5376067023223157	33.12738391912105	91.01902646349858	0.0
GSM4138114_HNSCC_3_PBMC_CATCAGACATACTACG	1254.4363949852675	146.7955983420792	13.442126277074635	242.82569961350669	77.1690575749277	180.47389368434395	47.59731042942526
GSM4138114_HNSCC_3_PBMC_CATCGGGTCTTCTGGC	505.60233599553203	100.01204178389659	43.09911832535811	34.363557690725244	7.019732336255974	23.76964097076687	9.763876206026133
GSM4138114_HNSCC_3_PBMC_CCACGGATCAGAGGTG	806.899182843316	140.6357812458849	37.601227705198724	0.0	22.14129194482398	54.321069730190814	44.066742296696226
GSM4138114_HNSCC_3_PBMC_CCTACACTCGACAGCC	544.4275993984832	18.865186861020415	0.0	0.0	0.0	1.493191801013785	15.68097065961789
GSM4138114_HNSCC_3_PBMC_CCTTCCCGTAGCGTCC	490.18540652654536	34.962146535338476	0.0	30.090758619399537	10.76454920285483	15.750594278918511	10.303270594733823
GSM4138114_HNSCC_3_PBMC_CCTTCCCTCACATACG	421.4985632586744	109.7932380486011	156.61473466780566	12.236988113841038	5.086536037059251	4.233008311283345	10.442760130678272
GSM4138114_HNSCC_3_PBMC_CGAGCCAAGCGCTTAT	608.088702148561	45.720424226588555	0.0	35.343013012484036	10.788618785809263	73.68646704095588	0.0
GSM4138114_HNSCC_3_PBMC_CGAGCCAGTCAAAGAT	1078.5455608416921	0.0	51.570569971206695	512.9644385810075	0.0	140.99810078917872	0.0
GSM4138114_HNSCC_3_PBMC_CGCGGTATCATCACCC	1004.4195581052702	36.93572166127887	24.14717997369437	33.532964837579705	13.714397276527434	9.28293780835263	27.01381322837015
GSM4138114_HNSCC_3_PBMC_CGCGTTTTCCCAAGTA	16.847983354468454	98.76830266988593	226.15661987264085	129.58169460071701	0.0	21.772210613371403	0.0
GSM4138114_HNSCC_3_PBMC_CGCTGGAGTAGCCTAT	776.3942950239651	83.16993469465652	0.0	15.417050281458783	18.07197725886987	47.725048614020494	48.058724905997416
GSM4138114_HNSCC_3_PBMC_CGGACGTGTAGATTAG	767.8235295054942	166.143348105463	166.8756905869382	0.0	5.5208230682712625	0.0	11.538754640146118
GSM4138114_HNSCC_3_PBMC_CGTCCATAGATGTGTA	448.30687777072274	49.94799194336301	8.344604681427674	51.39199830634566	23.889435251179346	51.9433941551361	0.0
GSM4138114_HNSCC_3_PBMC_CGTCTACGTACCGAGA	472.1449410849207	74.02039096104254	152.25564425867432	51.30559485435155	3.746183610543005	12.496679889643888	64.16837176219599
GSM4138114_HNSCC_3_PBMC_CGTTCTGCACGTCTCT	560.3956878004983	136.99699347708045	11.354599734200807	34.230041601730306	0.0	0.0	11.297869280602058
GSM4138114_HNSCC_3_PBMC_CTAGAGTCAAGCCATT	306.7451188279563	116.01525161985244	94.87538232539775	13.748262876194893	0.0	46.5729994849136	60.11172244660844
GSM4138114_HNSCC_3_PBMC_CTCAGAAGTCAGTGGA	524.178456562336	50.659936877759215	0.0	17.791234249453694	10.167285182180734	24.23203763601188	37.85929937667737
GSM4138114_HNSCC_3_PBMC_CTCATTACATCGGTTA	573.8513952892185	130.16958635050077	0.0	0.0	7.5246654715938766	9.601824951659882	13.877596514050776
GSM4138114_HNSCC_3_PBMC_CTCATTATCGGAGCAA	469.53156571397216	44.51609622921364	42.531257056741495	79.5307425599261	0.0	0.0	38.33947959704337
GSM4138114_HNSCC_3_PBMC_CTGCTGTAGGACGAAA	683.6102361562056	0.0	0.0	0.0	0.0	79.27573408775989	51.233202932865154
GSM4138114_HNSCC_3_PBMC_CTGTTTAGTAAGTGTA	609.8248304368157	41.59707687247191	102.54740515383044	10.50180933216347	0.0	0.8836583614833455	3.152241220085522
GSM4138114_HNSCC_3_PBMC_GAAATGACAGCTTAAC	397.4774503256365	130.76922551523845	0.0	14.315959746786305	11.702764339264984	60.77994154018136	0.0
GSM4138114_HNSCC_3_PBMC_GACCTGGGTTAAAGTG	322.75553715281825	113.65487870761676	6.528093843296369	0.0	4.499259412915352	28.16361350501729	44.422166767833055
GSM4138114_HNSCC_3_PBMC_GATCAGTTCATCTGCC	666.6126753513942	69.75574653914039	0.5845631499447406	0.0	51.71604601750276	12.351255607125061	24.244210639250838
GSM4138114_HNSCC_3_PBMC_GATCGATTCGCCAAAT	746.4813219986702	25.249892272963258	128.13958581284822	48.36398363473567	0.0	3.010063829468206	1.874072806870286
GSM4138114_HNSCC_3_PBMC_GATCGTACATGCCCGA	317.12685741850754	95.59203643054325	177.51926804716535	12.25605000951391	11.875269059219056	14.299468564870216	2.21833043606736
GSM4138114_HNSCC_3_PBMC_GATCTAGGTCTTGATG	564.7755369215524	117.72651906860798	64.72221008226074	0.0	0.0	0.0	27.5606888399673
GSM4138114_HNSCC_3_PBMC_GCAAACTCAAACAACA	536.364581686994	101.3088141698215	96.51050587789385	49.71362133530784	13.811125652404998	0.0	23.576508970881985
GSM4138114_HNSCC_3_PBMC_GCAAACTGTTCTGTTT	487.64494032905833	51.52372451633795	78.24368342925489	32.565305563362976	0.0	36.730266365235536	26.833099974632464
GSM4138114_HNSCC_3_PBMC_GCACATATCAGGCGAA	1119.7715764373268	55.287491357163326	2.7923573157405364	42.15903461457762	3.267716659914113	60.52411761418507	3.551446255539312
GSM4138114_HNSCC_3_PBMC_GCATGATCAGCTGTGC	344.86522046442656	152.22209986926993	0.0	0.0	0.0	0.0	63.42427273749592
GSM4138114_HNSCC_3_PBMC_GCGACCACAGGGTACA	435.42861645898273	95.42767632561755	21.31181538445971	4.901508660051195	0.0	55.206303556145414	33.837811962442586
GSM4138114_HNSCC_3_PBMC_GCGCAACTCGTTGCCT	317.2370157193114	69.15431468505697	87.90178859531528	0.0	14.968835553290988	0.0	40.16136133012861
GSM4138114_HNSCC_3_PBMC_GCGCCAACAAGGCTCC	651.0014085056084	2.2750727341050587	88.50382413986355	79.62406893400447	0.0	20.095426963676076	10.195028501423733
GSM4138114_HNSCC_3_PBMC_GCTCTGTAGTGTCTCA	383.0829578627911	92.7556059319382	150.18918772996588	100.59416226791015	15.411983697416238	23.135650416199862	0.0
GSM4138114_HNSCC_3_PBMC_GCTGCTTAGATAGTCA	578.990485581382	123.24026462561936	101.39349863170483	0.0	2.6555527454124235	48.582479133162515	7.9062978135601885
GSM4138114_HNSCC_3_PBMC_GGATGTTAGCTACCTA	930.739487489077	74.41789280382157	85.71341205617665	37.556578643913916	16.99448409911024	0.0	11.188981865878372
GSM4138114_HNSCC_3_PBMC_GGCCGATAGCACCGTC	749.4358015179349	106.06066733352425	20.273418916242434	35.11413473944434	17.042056899994527	0.0	47.48163425314286
GSM4138114_HNSCC_3_PBMC_GGCGTGTGTCCCTTGT	578.9033397248419	153.22885241129205	52.61363273414477	0.0	21.32793492051841	20.005372294190842	0.0
GSM4138114_HNSCC_3_PBMC_GGGCACTTCAGCTCTC	548.3690669238931	67.63599121363958	54.08600158965196	68.66917320021636	0.0	27.757868331018244	2.245459507011027
GSM4138114_HNSCC_3_PBMC_GTAGGCCTCAAAGTAG	443.9812090065882	75.30196006847447	41.973175745324134	51.13666315166253	0.0	31.831531558490113	23.000295315745312
GSM4138114_HNSCC_3_PBMC_GTATCTTAGCTAAACA	321.53802124997804	118.76079225746211	16.190578979583403	53.72382039721882	1.4079010992982797	39.5505919040821	51.73941489369722
GSM4138114_HNSCC_3_PBMC_GTCTCGTCATCTCCCA	525.1413942938713	129.2885057715377	24.418806004775966	0.0	17.08536076103461	29.05608556909771	25.13342106510649
GSM4138114_HNSCC_3_PBMC_GTGTGCGGTTCGCTAA	611.8816895066905	92.00240375640776	0.0	28.80124539296555	8.672729562036379	9.608021251069877	34.094664322009045
GSM4138114_HNSCC_3_PBMC_GTTACAGAGAGCTGCA	501.43561835070483	2.3381917442309166	229.80614948023234	10.458475978386367	0.0	0.0	0.0
GSM4138114_HNSCC_3_PBMC_GTTCATTAGCTACCTA	576.2160895377166	35.976162208295634	0.0	77.94993466503828	12.570525779517444	9.29987946525382	37.618401498476956
GSM4138114_HNSCC_3_PBMC_TAAGTGCAGTTCGCAT	452.2661139527581	59.21521828003757	27.31319371966139	49.94483695208549	0.0	0.0	38.81304597982636
GSM4138114_HNSCC_3_PBMC_TACTTGTCAAGCGAGT	369.7251409325686	116.86351594949765	73.70020208929719	6.337661754340108	0.0	23.645975468786816	4.104508607714121
GSM4138114_HNSCC_3_PBMC_TAGACCATCCGGGTGT	340.5273731722516	163.21703151508655	75.63345996037766	0.0	0.0	42.486795217697164	30.392746763804727
GSM4138114_HNSCC_3_PBMC_TAGGCATAGCCACGCT	1232.438449851662	19.915749748673193	298.4896822264332	289.16402666116267	68.42485408258918	239.91145193961634	62.208513824161265
GSM4138114_HNSCC_3_PBMC_TATTACCAGTGACTCT	658.2189334076613	59.718056559252865	0.06067697092129501	0.0	15.879126732674237	29.748486953648133	15.058777418974367
GSM4138114_HNSCC_3_PBMC_TCAACGACAGACACTT	369.18264360047795	114.42681843459127	69.45992514838913	67.47162005759934	1.3065866032819224	11.392169852209316	28.022334872727694
GSM4138114_HNSCC_3_PBMC_TCAGGATTCCGTTGTC	393.97509537449497	62.124491304331144	50.30616529859496	17.22910934840979	7.110809996381538	0.0	61.0463190338461
GSM4138114_HNSCC_3_PBMC_TCATTTGGTTCCCGAG	390.08615143875124	107.1062663160098	52.66287959469805	24.393713199000757	0.0	13.087113489714962	0.0
GSM4138114_HNSCC_3_PBMC_TCGAGGCGTACTCTCC	451.4593533376372	55.20459781837505	92.56647464357789	0.0	1.1098804517109335	13.936285081121056	30.028396734808837
GSM4138114_HNSCC_3_PBMC_TCGCGAGTCTATCCTA	723.8417862095438	167.9423491320926	84.58769901984915	74.6610517305877	0.0	0.0	11.169095670323475
GSM4138114_HNSCC_3_PBMC_TCTGGAAGTGTAAGTA	687.2848266728805	44.7400036558426	0.0	0.0	0.0	0.0	16.872436293773603
GSM4138114_HNSCC_3_PBMC_TGACTAGTCTGAAAGA	543.0387527759045	70.58650476428477	59.10015412076498	0.0	0.0	16.28507026478431	0.5345985108162387
GSM4138114_HNSCC_3_PBMC_TGACTTTCAATGGAAT	326.27304767935243	17.57686912863248	90.67606983247278	50.5265854717657	0.0	5.06613353142985	0.0
GSM4138114_HNSCC_3_PBMC_TGAGAGGGTCCGAATT	691.21865302614	29.58928382293389	68.41770441436435	71.01130097669481	0.0	29.891654294779396	23.87785758685996
GSM4138114_HNSCC_3_PBMC_TGAGCCGGTACAGCAG	762.8962335662192	92.82458401671245	22.87722318396777	0.0	0.0	73.86227126478477	0.0
GSM4138114_HNSCC_3_PBMC_TGAGGGAAGGGTGTGT	607.4165478160535	0.0	156.0411689237239	250.69192612359814	27.42838586088265	49.58692295120457	0.0
GSM4138114_HNSCC_3_PBMC_TGAGGGAGTAGCCTAT	293.82709113086736	138.9632502368473	91.1925577872136	17.662492411977812	29.910040889803106	35.53307548662307	0.0
GSM4138114_HNSCC_3_PBMC_TGCGCAGAGGTAGCTG	564.0182375796302	32.416729952230696	104.06836844197375	21.69110129478499	0.0	31.863905266829853	5.520151966314306
GSM4138114_HNSCC_3_PBMC_TGGACGCGTTCCACAA	1019.516421814562	35.69535911280001	230.74741585661644	320.57558364393026	123.95972846520212	156.9999514415891	52.95955254425366
GSM4138114_HNSCC_3_PBMC_TTCTACAGTCTAGTGT	584.8296997047117	31.1806559885559	27.331884720692134	34.21980047879183	0.0	0.0	0.0
GSM4138114_HNSCC_3_PBMC_TTCTACATCTGCGTAA	836.1641287932769	0.0	10.486682110834158	107.04237516806289	88.73514181339291	77.27730055287968	0.0
GSM4138114_HNSCC_3_PBMC_TTCTCAAGTCAAGCGA	362.5352391673519	118.73581282642206	47.76421662758756	0.0	23.097877321111632	49.13929310725647	0.0
GSM4138114_HNSCC_3_PBMC_TTCTCAAGTTATGTGC	449.73328519547243	91.47998036892425	142.12192986713654	87.44703935484452	0.0	0.0	0.0
GSM4138114_HNSCC_3_PBMC_TTCTTAGAGGCTCTTA	354.0314825058884	106.325693318331	81.62590859139192	0.0	28.21643445927221	0.0	30.16029831292611
GSM4138114_HNSCC_3_PBMC_TTTCCTCTCCTTTCTC	385.82539153244693	115.80194025659043	0.0	20.868539239271357	4.0781849656807685	0.0	9.094938943198924
GSM4138114_HNSCC_3_PBMC_TTTGTCACACGAAAGC	708.500645022708	0.0	0.0	75.77436692425566	32.83331928933483	0.0	19.81962024524306
GSM4138114_HNSCC_3_PBMC_TGTGTTTTCCCATTAT	452.75669553404356	5.3507094612656525	30.9086293145138	494.7000507313	84.71301826289792	232.56527015325335	0.0
GSM4138114_HNSCC_3_PBMC_AACCATGAGCTAAACA	592.0661099348216	86.89458946800397	10.361441331879004	0.0	29.73472558879357	19.606666510089262	28.17922090674158
GSM4138114_HNSCC_3_PBMC_AACTTTCCAGCCTTTC	782.9911955286249	101.23190424769558	0.0	18.952394676310526	0.0	27.142141763471923	21.59507016429445
GSM4138114_HNSCC_3_PBMC_AAGGTTCGTAAATGAC	591.1419142592204	65.78808777373654	0.0	35.65605111722005	4.858297295997582	32.01521049714607	0.0
GSM4138114_HNSCC_3_PBMC_ACAGCCGCATCCCACT	1288.171856213936	0.0	0.0	0.0	0.0	0.0	0.0
GSM4138114_HNSCC_3_PBMC_ACATACGGTCACTGGC	986.566553827911	82.75781166727683	18.70406217861208	5.007511253987493	0.0	0.0	43.78472184743591
GSM4138114_HNSCC_3_PBMC_ACCCACTCATGGTCAT	738.2155598875415	0.0	42.06853690300991	26.869264718617348	0.0	8.391782057091556	10.823532290349174
GSM4138114_HNSCC_3_PBMC_ACGATGTGTACCATCA	1089.11183721505	12.283877620814543	0.0	7.790778790070547	28.04006016357441	16.45873218520216	38.74210161558429
GSM4138114_HNSCC_3_PBMC_ACGCCAGCACACTGCG	1049.5242012321512	0.0	91.24713699540708	0.0	0.0	23.522604749341095	11.891379270781847
GSM4138114_HNSCC_3_PBMC_ACGGGTCGTTACGACT	417.6004497854127	166.69993614542153	25.45190429732577	0.0	1.3564465523090639	12.712022655345974	0.0
GSM4138114_HNSCC_3_PBMC_ACGGGTCTCTGCCCTA	560.7088072380371	26.005757230993396	77.8351342896402	0.0	0.0	0.0	0.0
GSM4138114_HNSCC_3_PBMC_ACTTACTGTCATGCAT	623.4040802590304	0.0	0.0	37.04668565804984	0.0	32.8498700870741	21.88962864624764
GSM4138114_HNSCC_3_PBMC_ACTTGTTAGAGTAAGG	470.80614307241734	100.64062032645793	0.0	50.56182737950047	16.0360345986693	35.66191953371269	0.0
GSM4138114_HNSCC_3_PBMC_AGCGTCGCAACTGCGC	799.0474771935675	0.0	0.0	36.790766007358684	0.0	0.0	31.828451750374047
GSM4138114_HNSCC_3_PBMC_AGCTTGAAGGAGCGTT	611.0233985700379	86.00434024077559	0.0	6.030344029008922	0.0	26.340067473296557	0.0
GSM4138114_HNSCC_3_PBMC_AGGGATGCATCCGCGA	836.3760237818879	0.0	0.0	6.157123009529491	0.0	40.71019032798383	1.955565466619457
GSM4138114_HNSCC_3_PBMC_AGGTCATAGTTGCAGG	1015.5358350989004	62.205590601920306	0.0	0.0	39.93391637276539	0.0	47.58155391382324
GSM4138114_HNSCC_3_PBMC_AGGTCCGTCAGCTGGC	490.3321191793007	0.0	31.51373099531646	40.15300391585835	0.0	13.98195924105747	0.0
GSM4138114_HNSCC_3_PBMC_AGTGGGATCGATAGAA	912.6998247764415	9.739352340473026	0.0	0.0	0.0	23.52468942397426	42.712343156997356
GSM4138114_HNSCC_3_PBMC_AGTGTCAAGTGTACTC	817.0416795781825	8.523037323803862	24.125561230432478	0.0	0.0	7.345307013054578	1.548878919063981
GSM4138114_HNSCC_3_PBMC_ATAGACCAGTGACATA	1325.745081629162	0.0	24.937824211980605	24.991967167987674	0.0	0.0	0.0
GSM4138114_HNSCC_3_PBMC_ATCACGAGTAAGTTCC	561.0676341878935	74.3280135311245	0.0	17.32926187256758	21.29665850781995	21.581142771755033	0.0
GSM4138114_HNSCC_3_PBMC_ATGGGAGTCACGCGGT	1066.7603162297987	70.9875999143614	115.62384312860105	4.900405350760779	0.0	6.512295676305724	0.0
GSM4138114_HNSCC_3_PBMC_ATTGGACTCTCTTATG	389.70083089587854	19.83305692169034	51.74931718504305	0.0	0.9212509413763474	0.0	5.409101061013581
GSM4138114_HNSCC_3_PBMC_CAACCTCGTACATCCA	640.2683419662449	71.34725024058176	0.0	37.391670927696225	0.0	28.03017145870924	52.55863251224309
GSM4138114_HNSCC_3_PBMC_CAACTAGCACAACGCC	849.3781647717358	0.0	0.0	18.5934391833769	0.0	0.0	0.0
GSM4138114_HNSCC_3_PBMC_CAAGAAATCTATGTGG	793.5668679698085	35.80995844554127	0.0	0.0	0.0	0.0	0.0
GSM4138114_HNSCC_3_PBMC_CAAGATCCACCAGATT	628.2607475796938	25.547613748145555	28.17227525185794	21.593897078844215	3.5388992154236054	12.44483257587642	35.611789287936325
GSM4138114_HNSCC_3_PBMC_CAGTAACAGCAACGGT	296.302468891589	88.55779975299278	157.97428760078998	61.605073813609074	0.0	6.14041250670561	0.0
GSM4138114_HNSCC_3_PBMC_CATATGGCAAGTAGTA	1052.8681791766528	63.46934465345449	18.682975078781315	0.0	17.65045126459741	18.0511762828391	0.0
GSM4138114_HNSCC_3_PBMC_CATATGGGTACGAAAT	386.6678570949842	130.5339939953592	22.173873645195098	73.60596103736253	35.82764866798452	0.0	28.663159101115603
GSM4138114_HNSCC_3_PBMC_CATCCACTCGCATGGC	995.5157778327412	0.0	89.79742871837752	20.58925687987687	29.736833198864655	0.0	0.0
GSM4138114_HNSCC_3_PBMC_CCAGCGATCACAATGC	819.4531421907017	46.523557794071685	46.84333613696771	0.0	25.860370061714356	7.848384104531417	18.447349646104314
GSM4138114_HNSCC_3_PBMC_CCCATACGTTTGGGCC	872.2335879060637	57.609616548922354	109.26272813510757	59.71627732969028	0.0	4.0865902213920995	0.0
GSM4138114_HNSCC_3_PBMC_CCGGGATTCAGCTCGG	578.3094621676103	50.95909313454298	48.86265143565712	19.789458215537085	4.55467260850424	0.0	6.215318712046704
GSM4138114_HNSCC_3_PBMC_CCGGTAGAGGACAGAA	1479.6266246168868	0.0	409.8638586302478	1.8319291226556957	0.0	0.0	0.0
GSM4138114_HNSCC_3_PBMC_CCGGTAGCAGCATGAG	703.8826185985521	117.247821170625	0.0	0.0	0.0	0.0	4.82801513544617
GSM4138114_HNSCC_3_PBMC_CCGTACTCATCGATGT	507.1526308948718	115.78612506277189	0.0	0.0	24.78265007115477	50.53495413501165	0.0
GSM4138114_HNSCC_3_PBMC_CCTATTAGTCCAAGTT	417.9541556706471	12.751069873410412	58.55412439407449	36.863255469793394	26.87242561074351	0.0	7.381155182950685
GSM4138114_HNSCC_3_PBMC_CCTTCGAGTGGCTCCA	819.4277796624342	33.87659612641604	4.121047021122981	0.0	12.9771474374562	0.0	0.0
GSM4138114_HNSCC_3_PBMC_CCTTTCTCAAAGGCGT	646.2656087772629	79.55162855641811	164.79457238509767	85.31217009292472	0.0	0.0	0.0
GSM4138114_HNSCC_3_PBMC_CGAGAAGAGTGCGTGA	676.0635098614484	0.0	0.0	0.0	13.596149280013828	2.5648941925028477	13.154691247289982
GSM4138114_HNSCC_3_PBMC_CGATGTAAGGACTGGT	858.2413969110607	0.0	0.0	0.0	18.43212156321074	0.0	42.2421571124815
GSM4138114_HNSCC_3_PBMC_CGGACACGTGACCAAG	876.7219463784749	82.39963798960696	46.40124287663839	0.0	0.0	0.0	0.0
GSM4138114_HNSCC_3_PBMC_CGGACTGGTTCTGTTT	690.0707260421791	46.591513251640684	0.0	0.0	0.0	8.398344431313044	13.245636379798345
GSM4138114_HNSCC_3_PBMC_CGGGTCACATCTATGG	524.1453011022971	52.57410903603213	0.0	0.0	0.0	0.0	19.936533216883337
GSM4138114_HNSCC_3_PBMC_CGTGTCTTCATGCTCC	1049.1300228721645	0.0	0.0	0.0	0.0	0.0	32.749686592775674
GSM4138114_HNSCC_3_PBMC_CTAACTTGTGGCAAAC	788.1688336082454	87.78793658200175	15.216825058237529	0.0	0.0	85.33647979641327	10.939869852695482
GSM4138114_HNSCC_3_PBMC_CTAACTTTCAGCTGGC	700.8955298490484	32.737078135979345	0.0	125.42651749199588	51.93228157959399	5.662211345162138	39.227249515488694
GSM4138114_HNSCC_3_PBMC_CTCGAAACAAGGACAC	1054.5500938520322	36.55640312038792	98.6715290448413	0.0	0.0	0.0	26.68860846593284
GSM4138114_HNSCC_3_PBMC_CTCTACGAGTGCGTGA	649.6647005088814	59.50045056147783	0.0	0.5209498060278447	0.4304637921137376	0.0	0.0
GSM4138114_HNSCC_3_PBMC_CTGAAGTAGAAACCGC	747.0246568319508	0.0	0.0	0.0	0.0	0.0	47.134003521224514
GSM4138114_HNSCC_3_PBMC_CTGAAGTCACTAAGTC	1033.8158261006486	0.0	0.0	0.0	1.3489828082892579	0.0	0.0
GSM4138114_HNSCC_3_PBMC_CTGTTTACACAACGTT	516.7744282062174	82.1618107755559	0.0	43.70994873482969	13.65917386531207	0.0	0.0
GSM4138114_HNSCC_3_PBMC_GAACGGATCAGGTTCA	646.6916254170926	0.0	46.51838019518768	0.0	29.368294891942696	40.575755923344	0.0
GSM4138114_HNSCC_3_PBMC_GACCTGGCAAGACACG	817.0594261684108	55.251599589206144	0.0	44.12213736763958	17.784429839039984	79.73254605836608	8.971871396928066
GSM4138114_HNSCC_3_PBMC_GACGCGTAGTTAGGTA	880.5582896627748	0.0	0.0	0.0	0.0	49.93720799983252	3.271661002446032
GSM4138114_HNSCC_3_PBMC_GACTACAAGCGTTCCG	1332.704327024901	0.0	34.95343477826911	42.076879287041976	2.2359062155023897	0.0	54.84812475379254
GSM4138114_HNSCC_3_PBMC_GCACATAGTTGTCGCG	989.4175171188841	0.0	0.0	0.0	0.0	23.022043955858976	25.159959068513086
GSM4138114_HNSCC_3_PBMC_GCATACAGTCAGATAA	399.4436839460554	76.29603772253452	0.0	23.895439271344863	0.0	102.6187932083909	43.196142749031225
GSM4138114_HNSCC_3_PBMC_GCATGTAGTATGAAAC	436.6076541739854	3.046526317349792	19.36883826238754	53.598872504878265	0.0	25.674538100433203	19.26692510731807
GSM4138114_HNSCC_3_PBMC_GCCAAATGTCCTAGCG	617.215660340894	0.0	0.0	53.358326676905	25.317095660739863	0.0	43.05708627900499
GSM4138114_HNSCC_3_PBMC_GCGCAGTAGTTGTAGA	796.3059063123665	11.179834763649117	92.3218275993283	0.0	0.0	0.0	31.033299131062247
GSM4138114_HNSCC_3_PBMC_GGAAAGCCATGGTTGT	751.0558114826254	48.65362942984336	51.588816763064045	0.0	0.0	0.0	0.0
GSM4138114_HNSCC_3_PBMC_GGAAAGCTCACAACGT	760.1904182150033	63.54891051735652	3.768774986335143	0.0	21.242410130328405	87.19594618732724	0.0
GSM4138114_HNSCC_3_PBMC_GGACAAGTCGCCGTGA	1248.0244520554586	46.852570936143294	133.11345691055104	22.869501769583284	3.2615133664308584	34.695099440496996	17.764374206863025
GSM4138114_HNSCC_3_PBMC_GGACGTCTCGACGGAA	778.0494610356839	0.0	18.85192787657218	39.570701233744884	0.0	2.67591171041394	0.0
GSM4138114_HNSCC_3_PBMC_GGATTACTCCACGCAG	913.5192531257185	86.03957025898146	0.0	0.0	0.0	0.0	34.67207117151028
GSM4138114_HNSCC_3_PBMC_GGGAATGGTCAAGCGA	593.5020945935238	0.0	8.365074631142413	37.77955528754599	11.975045939897917	0.0	48.361679031443465
GSM4138114_HNSCC_3_PBMC_GTACGTAGTAACGCGA	733.1367519354892	53.40416665006104	95.96442798399312	39.11442604693735	0.0	49.90481845078713	28.652229334162524
GSM4138114_HNSCC_3_PBMC_GTATTCTAGGCTAGGT	829.5544624509995	0.0	0.0	3.0300211444727014	1.8729057944520495	107.82105068625776	0.0
GSM4138114_HNSCC_3_PBMC_GTATTCTGTGCTAGCC	730.8233599511389	0.0	0.0	53.84514659329886	0.0	0.0	45.98085184099446
GSM4138114_HNSCC_3_PBMC_GTGCAGCTCTAAGCCA	533.2819636023492	40.62135510141708	28.789626582844043	0.0	31.470119403710417	0.0	0.48309267268189343
GSM4138114_HNSCC_3_PBMC_GTGCGGTGTGTGTGCC	804.1954894852508	0.0	1.6501549286667907	70.30201146865822	4.853189830254773	0.0	0.0
GSM4138114_HNSCC_3_PBMC_GTGCTTCTCCTAGGGC	604.1576048820161	75.14153387999042	0.0	0.0	0.0	16.535610870303195	36.81853583721223
GSM4138114_HNSCC_3_PBMC_GTTAAGCGTCTCCATC	798.7012296220436	22.709018374251183	0.0	0.0	0.0	26.58102412139099	0.0
GSM4138114_HNSCC_3_PBMC_GTTAAGCTCTGCCCTA	933.5659014097223	1.814458377152238	0.0	0.0	0.0	35.40315238220706	17.32347985122272
GSM4138114_HNSCC_3_PBMC_GTTCGGGGTTAGTGGG	904.1749344535741	35.69503498728638	177.9966437337269	23.488377204580747	0.0	0.0	0.0
GSM4138114_HNSCC_3_PBMC_GTTCTCGGTGGCGAAT	729.9944849460363	0.0	0.0	0.0	10.478596532551334	0.0	0.0
GSM4138114_HNSCC_3_PBMC_TACACGAAGTACCGGA	647.7645908242322	38.395920740106234	0.0	0.0	0.0	9.986232826845177	9.0749126113274
GSM4138114_HNSCC_3_PBMC_TATCTCAAGGCGTACA	620.2840964148287	23.061093385680724	0.0	17.64050690960046	13.06791914579766	112.52099615484912	17.43766725411687
GSM4138114_HNSCC_3_PBMC_TATCTCAGTACTCAAC	571.5614765924324	43.95842785778556	0.0	76.88716816695487	2.0678591428369812	0.0	40.616295798994216
GSM4138114_HNSCC_3_PBMC_TATGCCCCATGCCTTC	855.560600037619	91.5691864912013	0.0	0.0	17.022719431417894	7.873361843007791	29.771296836974695
GSM4138114_HNSCC_3_PBMC_TCACAAGCAAGCGATG	544.5444641177307	15.596225977859149	122.64609220103169	0.0	0.0	0.0	0.0
GSM4138114_HNSCC_3_PBMC_TCAGCTCCACATTTCT	665.9758422402176	106.50019270136522	0.0	36.42371217901042	0.0	17.647092631968217	19.23025646185027
GSM4138114_HNSCC_3_PBMC_TCAGGATCACCGAAAG	672.8592564036263	25.862646953479807	0.0	8.634032978443583	0.0	16.395512865794608	0.0
GSM4138114_HNSCC_3_PBMC_TCATTTGGTTGGACCC	476.0346128550295	40.0244599485083	58.336571705956636	31.495807717650436	0.0	0.0	0.0
GSM4138114_HNSCC_3_PBMC_TCGCGTTCAGATCGGA	974.7901133337617	0.0	108.68049357350337	0.0	0.0	8.894601204661695	0.0
GSM4138114_HNSCC_3_PBMC_TCGTACCGTCCTAGCG	983.5225175863645	64.92719555904183	0.0	33.15104495050985	0.10326594747902829	12.86866544453276	0.0
GSM4138114_HNSCC_3_PBMC_TCTCTAAGTGATGTCT	651.6188529134935	0.0	0.0	40.28994424426152	37.70513433917848	14.795035065714437	9.272942139894612
GSM4138114_HNSCC_3_PBMC_TCTCTAATCCTGTACC	609.5357824349006	0.0	32.56461222685796	0.0	0.02772337153828804	42.42199125498437	33.0221905736311
GSM4138114_HNSCC_3_PBMC_TCTGGAAAGAGTGACC	508.40239683059224	52.87592744448938	0.0	270.20239199199125	21.10194955488836	44.11011275767331	52.43232216724053
GSM4138114_HNSCC_3_PBMC_TCTTTCCGTCCGCTGA	431.20326797796935	115.73384708881612	0.0	17.014506289758273	0.0	56.00985974077056	12.988942410485524
GSM4138114_HNSCC_3_PBMC_TGAAAGACAGACAAAT	828.2699898024084	0.0	0.0	73.46947264913312	4.623343614287609	11.68589400202235	0.0
GSM4138114_HNSCC_3_PBMC_TGACGGCGTAAGGGCT	634.1744635660785	6.018335847484404	40.081442145551605	0.0	0.0	62.41489998339376	19.655501341302642
GSM4138114_HNSCC_3_PBMC_TGCTGCTCAACGCACC	703.1696778117482	0.0	66.60659632495044	34.794333552680136	4.069306294289117	1.2301559012329104	5.141278205975264
GSM4138114_HNSCC_3_PBMC_TGTATTCTCCCTAACC	692.0807397003193	0.0	0.0	54.5800113816272	0.0	0.0	8.524379553897466
GSM4138114_HNSCC_3_PBMC_TTAACTCTCCTGCTTG	869.9615565260611	55.29671927712065	0.0	0.0	0.0	0.0	18.21837082543234
GSM4138114_HNSCC_3_PBMC_TTCTCCTTCTTGTATC	1108.979724536917	0.0	4.820192600040934	75.6250798810789	32.68077441330391	57.693906859371154	13.615249088369817
GSM4138114_HNSCC_3_PBMC_TTGGCAACAGATCCAT	507.81481414593475	32.085573532321064	40.9518696271793	18.85450190299402	24.11920912727366	0.0	26.976140916496078
GSM4138114_HNSCC_3_PBMC_AAACCTGCACCAGCAC	48.83889980152721	1344.7265550923044	0.0	0.0	2.596607460016514	0.0	5.941251272653884
GSM4138114_HNSCC_3_PBMC_AATCCAGCATAAGACA	0.0	1492.299260993657	22.669871791298153	34.569322438178745	35.26028768213549	71.11357319257756	0.49813984751243756
GSM4138114_HNSCC_3_PBMC_ACCGTAAGTCTTCGTC	0.0	2584.8666657205054	0.0	0.0	0.0	26.28579685727836	54.855585368999215
GSM4138114_HNSCC_3_PBMC_ACGGAGACATGGGACA	183.37974322321998	844.2182491505228	123.60403772345926	13.505286588576514	0.0	0.0	52.395078116479034
GSM4138114_HNSCC_3_PBMC_ACGGGCTTCTTGCAAG	184.4944011497704	934.9226209580421	158.92519408582038	91.70522166963572	0.0	18.862089078293234	0.0
GSM4138114_HNSCC_3_PBMC_ACTTACTGTTGGTAAA	0.0	0.0	0.0	3466.7007798524255	0.0	0.0	0.0
GSM4138114_HNSCC_3_PBMC_ACTTTCACATTCTTAC	126.31304276292293	1096.8380493056877	0.0	145.03069881238767	52.91290583155114	13.430569990285447	0.0
GSM4138114_HNSCC_3_PBMC_AGACGTTGTCGGCATC	155.06011031434556	877.2756064423875	81.26530178840088	27.35661057902937	0.0	27.96890702490733	0.0
GSM4138114_HNSCC_3_PBMC_AGAGTGGCACCTCGGA	0.0	1572.5200536169434	316.21439729531863	41.972406422565655	0.0	0.0	19.86691652838899
GSM4138114_HNSCC_3_PBMC_AGGGTGAGTGCACTTA	34.11167398205114	1066.4187126535396	161.5102400009135	16.544198059905217	48.641728024892245	3.878382654097504	0.0
GSM4138114_HNSCC_3_PBMC_AGTAGTCCATAGACTC	173.80451104636236	731.5065834498753	43.25850640290122	0.0	0.0	0.0	0.0
GSM4138114_HNSCC_3_PBMC_ATAAGAGGTATTCGTG	176.32659796005746	1447.7971230938128	0.0	37.5073989255276	0.0	0.0	3.0231368205916453
GSM4138114_HNSCC_3_PBMC_ATGCGATTCGTGACAT	0.0	1348.6406155544753	282.2103557182481	94.18086961718569	168.57612147439886	71.30095741698425	93.83940695954928
GSM4138114_HNSCC_3_PBMC_ATTTCTGAGTAGATGT	0.0	1588.5573845103597	0.0	87.80564080891622	0.0	0.0	48.961613310121116
GSM4138114_HNSCC_3_PBMC_ATTTCTGTCGTAGGAG	0.0	627.2458818936152	0.0	25.410316176126347	38.16045946533826	0.0	0.0
GSM4138114_HNSCC_3_PBMC_CAAGAAACATGGAATA	0.0	1756.9298587849855	0.0	37.264111101787854	14.851121413426405	0.0	9.539136048039524
GSM4138114_HNSCC_3_PBMC_CACAGTAGTGATAAGT	119.7381618814685	1100.6340071275436	161.70860416792954	79.58934524994307	0.0	0.0	0.0
GSM4138114_HNSCC_3_PBMC_CAGTAACAGTACGCGA	0.0	1741.4669682105084	0.0	22.463192525865388	21.1190288366375	68.79450363236616	0.0
GSM4138114_HNSCC_3_PBMC_CATCGAAGTAGCGCTC	80.65940434147834	1238.3728688120552	0.0	90.88097537935383	66.82750014753302	0.0	1.2224649608326552
GSM4138114_HNSCC_3_PBMC_CATGGCGCACTACAGT	0.0	1396.5117778024846	0.0	0.0	0.0	107.79306828231265	0.0
GSM4138114_HNSCC_3_PBMC_CCTATTAGTAGCCTCG	97.42387571984432	1378.5930591304887	28.96049051205171	27.637169547135787	0.0	25.21083066169369	37.18001840652295
GSM4138114_HNSCC_3_PBMC_CCTTCCCTCAGCATGT	6.20882135357698	1424.1074446434723	170.24267567908586	0.0	0.0	0.0	0.0
GSM4138114_HNSCC_3_PBMC_CGGACGTCATCGGACC	209.5444857380371	1076.2688962606783	62.72168432114354	19.55071644290071	22.629047453230477	0.0	37.18527657126898
GSM4138114_HNSCC_3_PBMC_CGGACTGTCACGACTA	0.0	1065.9908895832948	138.68729033716363	54.28899820059992	0.0	11.848842486189906	0.0
GSM4138114_HNSCC_3_PBMC_CGTAGGCAGTAAGTAC	203.8048445188787	874.4897997184113	113.17522478634353	13.853422080733532	8.934263296482495	35.459731851274846	1.0185576622957633
GSM4138114_HNSCC_3_PBMC_CGTGAGCAGAAGGGTA	0.0	1416.1737488885226	102.7973510619231	0.0	19.884298967856573	93.16343850153672	0.0
GSM4138114_HNSCC_3_PBMC_CGTTGGGGTGATAAGT	128.93077986576262	1104.6572913989976	0.0	15.712874043753782	0.0	0.0	13.226760896401021
GSM4138114_HNSCC_3_PBMC_CTAACTTCATACAGCT	11.322506824884607	1013.6224759474878	112.04008423634906	1700.3340298734418	33.356509832564626	143.8258411732247	6.705758978938877
GSM4138114_HNSCC_3_PBMC_CTACATTCAGTCAGCC	210.88785742571568	800.9069655076845	3.1917001618288428	96.83864167723341	0.0	30.939560254143153	0.0
GSM4138114_HNSCC_3_PBMC_CTAGTGATCTTTCCTC	0.0	1544.4296172005236	0.0	11.18357863030032	0.0	0.0	39.59083582384888
GSM4138114_HNSCC_3_PBMC_CTCGGGAAGAAGCCCA	0.0	1358.9055435970367	135.65180920679146	20.794328855713132	4.040933160727057	0.0	58.196203265023975
GSM4138114_HNSCC_3_PBMC_CTCTACGAGTGAACGC	167.98386170923038	1148.8929102555958	0.0	0.0	14.053924760136157	11.976930715050294	34.42858380898451
GSM4138114_HNSCC_3_PBMC_CTGTGCTCATGCTAGT	80.08782087492251	771.3856814812259	77.4395020793218	0.0	0.0	48.144124135314954	0.0
GSM4138114_HNSCC_3_PBMC_CTGTTTAAGAAACGAG	203.77159318544983	551.6665387168531	61.95056063656622	0.0	0.0	0.0	6.517751259836741
GSM4138114_HNSCC_3_PBMC_GACCTGGAGGATGGAA	94.99430978326585	1135.9469473734546	153.1709675442239	0.0	0.0	0.0	0.0
GSM4138114_HNSCC_3_PBMC_GATGAGGAGACGCACA	203.2273555351768	1016.6053184589138	118.68517390101948	76.51255271923995	34.23026745755877	35.14609510512047	0.0
GSM4138114_HNSCC_3_PBMC_GATGCTATCTATCCCG	148.3140804285506	1112.91459155717	161.13396700468132	43.09024372227724	3.808921476916076	93.498172112827	23.810778026414532
GSM4138114_HNSCC_3_PBMC_GATTCAGCATAACCTG	174.7679511108127	983.7219499006994	0.0	40.404235078029856	1.632126871260093	37.47742307097092	6.126577352802358
GSM4138114_HNSCC_3_PBMC_GCCTCTATCTGACCTC	89.84730981284535	1010.467406349126	0.0	87.20012117816238	9.28740333284846	22.423437014870427	6.413298788989966
GSM4138114_HNSCC_3_PBMC_GCGCGATAGCGTAGTG	111.50753883455754	1286.5735399651694	47.63998287985238	54.361708399012755	0.0	50.70488074848959	23.896743586629977
GSM4138114_HNSCC_3_PBMC_GCTTCCATCAGAGACG	0.0	1405.5903269763544	0.0	0.0	5.475002757011878	0.0	34.44934702335209
GSM4138114_HNSCC_3_PBMC_GCTTGAAAGATCACGG	19.63049154423905	1128.9807498441476	0.0	7.953560625798569	14.289443946793778	66.4933926447106	0.0
GSM4138114_HNSCC_3_PBMC_GGAAAGCCACAGTCGC	0.0	1533.9070570972494	0.0	39.617852369718086	1.5763357638385656	0.0	17.113805073931815
GSM4138114_HNSCC_3_PBMC_GGTGTTAGTTATGTGC	227.2646184863778	762.413384851518	56.73669349111806	0.0	0.0	13.846955745129462	11.842614125178775
GSM4138114_HNSCC_3_PBMC_GTATCTTCATTACCTT	56.28111851457584	1711.6439802693183	0.0	0.0	0.0	0.0	0.0
GSM4138114_HNSCC_3_PBMC_GTCACAAAGCTGCCCA	0.0	1252.5350146156557	15.180478348717353	79.08517956335528	38.96522734422124	70.88571010803416	9.099301918762656
GSM4138114_HNSCC_3_PBMC_GTCATTTTCCTCTAGC	118.10985813819207	1085.3209483524577	0.0	72.86928005451666	0.0	60.739123526406814	16.789599650100882
GSM4138114_HNSCC_3_PBMC_GTGTTAGGTGTATGGG	30.199343889932333	971.5075862516372	0.0	87.5180563222179	45.81855015946907	0.0	22.96734997788628
GSM4138114_HNSCC_3_PBMC_GTTCATTCATCACGAT	57.681630666329106	1329.8782246499986	0.0	23.34604544092058	0.0	1.9640397672292969	41.20699708376371
GSM4138114_HNSCC_3_PBMC_GTTTCTAGTGGTTTCA	476.34655209132956	990.4435083346993	0.0	0.0	0.0	0.0	0.0
GSM4138114_HNSCC_3_PBMC_TACTTACAGGGTCGAT	28.70533267354108	1107.9068464495335	49.661264493529195	55.20557495490658	13.728419397640957	0.0	0.0
GSM4138114_HNSCC_3_PBMC_TCGAGGCGTACGCTGC	22.90485035026119	1314.2969658116274	284.2223274568706	47.55171344313735	37.314017302381615	31.44468683909664	0.0
GSM4138114_HNSCC_3_PBMC_TCGTAGAAGAAACCTA	0.0	1415.3421587432174	17.295610333247723	64.54652306149367	0.0	0.0	36.18096014497007
GSM4138114_HNSCC_3_PBMC_TGCCCTAAGTGTTAGA	0.0	1409.013825738654	87.3731834833337	3.56880327471247	3.109488615967483	0.0	0.0
GSM4138114_HNSCC_3_PBMC_TGGCTGGAGGGATGGG	0.0	1492.3844669118696	0.0	0.0	10.417736844241954	30.10536666146358	0.0
GSM4138114_HNSCC_3_PBMC_TTAGGACAGTCCTCCT	0.0	1802.8346690506019	0.0	0.0	0.0	0.0	0.0
GSM4138114_HNSCC_3_PBMC_TTATGCTCAGTATAAG	37.77845247618076	508.7588155967954	0.0	9.133990304271508	34.85602772014176	0.0	0.0
GSM4138114_HNSCC_3_PBMC_TTCCCAGGTCTCCCTA	73.58821701953977	1201.448616167572	26.20296906858577	109.63843701145649	0.0	12.923064115306246	0.0
GSM4138114_HNSCC_3_PBMC_TTCCCAGTCACTCCTG	34.38716001997778	1309.298475751619	31.33938157491399	82.95922972894468	16.213857798223778	55.95574842326106	1.7982679537785353
GSM4138114_HNSCC_3_PBMC_TTCTACATCCGCATCT	78.96484121991146	960.7624601361805	0.0	0.0	0.0	0.0	73.4883608227132
GSM4138114_HNSCC_3_PBMC_AAAGATGTCTCCCTGA	933.7651183947977	39.38809233382712	0.0	69.92589528061535	0.0	61.28897380272407	5.279898739140659
GSM4138114_HNSCC_3_PBMC_AACTCCCGTCTGATCA	603.1618540368789	82.4984582714274	40.97715342758156	0.0	0.0	37.457941547409646	0.0
GSM4138114_HNSCC_3_PBMC_ACGCAGCCATCCAACA	968.5372503773655	9.275634207075225	48.47681981739389	6.263513423987906	53.72955831458122	17.397825436077927	0.0
GSM4138114_HNSCC_3_PBMC_ACTATCTAGCCTCGTG	802.1273121408722	0.0	66.07478130296677	28.118569968362376	0.0	0.0	0.0
GSM4138114_HNSCC_3_PBMC_ACTGAACTCAGCATGT	1013.4501800823654	68.94120367224242	49.351451544423284	50.52862048125562	12.66053162111412	0.0	59.793169203332894
GSM4138114_HNSCC_3_PBMC_ATCCGAACATAACCTG	1039.2416265500055	44.901152925974806	0.0	0.0	16.009880267938133	0.0	0.0
GSM4138114_HNSCC_3_PBMC_ATTTCTGTCCGTTGCT	1380.7483572084882	0.0	17.84813671397995	15.021527345202893	17.5914312053194	17.821120093322957	15.937794186507134
GSM4138114_HNSCC_3_PBMC_CAAGATCGTTCACGGC	573.2392725453332	74.79139069038698	74.54725070523499	28.50607337732175	0.0	46.66235709771106	14.595233755280656
GSM4138114_HNSCC_3_PBMC_CGTGTCTGTTGGAGGT	709.1264364618839	60.925478081403945	171.14819321504993	43.02362796855527	43.65325579091083	0.0	25.412734515775995
GSM4138114_HNSCC_3_PBMC_CTACACCGTAAGTGTA	889.4602693185402	107.01062465286398	26.861855331696525	0.0	11.741202228224143	26.282882667053535	0.0
GSM4138114_HNSCC_3_PBMC_GACGTTAGTGGTCTCG	883.8554961464912	76.74175108571056	0.0	0.0	0.0	26.489631972134443	0.0
GSM4138114_HNSCC_3_PBMC_GCACTCTGTGGTGTAG	720.2159719543645	56.8808744303667	0.0	9.582906427516448	9.27501703242077	73.05127721982673	30.17849510339755
GSM4138114_HNSCC_3_PBMC_GGGCATCAGACTACAA	711.1341665456524	195.18135048289523	0.0	0.0	0.0	0.0	23.590301697899584
GSM4138114_HNSCC_3_PBMC_GTCAAGTTCTTTACAC	630.6076011286126	153.8776848820379	70.57530895531099	23.26969144172576	18.27087959733401	18.023568937514025	22.003961797377563
GSM4138114_HNSCC_3_PBMC_GTGCTTCCACTATCTT	939.3137432336205	33.10498087726378	40.08738799870167	31.033030828825687	3.195667354085318	1.0570253937696696	31.02361608361356
GSM4138114_HNSCC_3_PBMC_TTCTACACACACCGAC	688.449322304734	135.95272479044604	0.0	87.93436889388042	24.165051584051707	41.07909615869132	0.0
GSM4138114_HNSCC_3_PBMC_TTGACTTTCGCGATCG	1061.4089839820344	0.0	0.0	11.388043687899382	21.709031433177433	20.077075896009045	0.0
GSM4138114_HNSCC_3_PBMC_ACTGTCCCACTAGTAC	617.7961601112794	79.70019395183874	22.089467831366314	31.37349419501049	35.58312761462436	37.87523267959745	20.01708750131399
GSM4138114_HNSCC_3_PBMC_CTCATTATCGAATCCA	669.5576092900603	127.36599592376173	32.70362632021382	70.01223794522978	27.34296563400607	15.820446884107701	5.565998955916679
GSM4138114_HNSCC_3_PBMC_GAACCTATCGACAGCC	1366.309127384399	53.229400724002645	0.0	4.954091150804621	2.451259226502321	0.0	0.0
GSM4138114_HNSCC_3_PBMC_GCGCCAACATTTGCCC	801.1205013463046	49.46634147772833	95.72161712296383	0.0	0.0	10.283479304021194	12.746348994227846
GSM4138114_HNSCC_3_PBMC_GGGAGATCAATTCCTT	665.4369265688176	32.27106839833943	60.401772958849165	0.0	0.0	32.56532529229627	13.486437474328708
GSM4138114_HNSCC_3_PBMC_GTGAAGGAGAAGGTGA	755.9206359304021	55.06846986307937	37.59788080739558	6.674162657494373	37.08368142839886	41.247575690269	36.21918938193922
GSM4138114_HNSCC_3_PBMC_TACCTATTCGAGAGCA	649.2723847617915	0.0	0.0	28.073120445514554	0.0	0.0	49.93042235695084
GSM4138114_HNSCC_3_PBMC_TAGCCGGGTTGATTCG	683.7614683440593	27.309386253690406	21.855160270364422	23.16349911137967	0.0	17.488114706124424	46.91932913976248
GSM4138114_HNSCC_3_PBMC_TCTTTCCTCGCCGTGA	756.6548548869972	134.4439130454968	0.0	28.55807802365343	33.913890831823345	49.75379459651674	0.0
GSM4138114_HNSCC_3_PBMC_TGTGGTAGTTGCCTCT	853.5870794986175	110.20050533864037	168.1492999538973	28.915549689904335	0.0	7.709324631294202	3.5056367419079804
GSM4138114_HNSCC_3_PBMC_ATTATCCTCCTCCTAG	576.9657119484157	410.96444201922856	401.2753321441025	19.192113900591725	3.7769382336919	99.2678010572648	79.70352404380232
GSM4138114_HNSCC_3_PBMC_CGAGAAGAGCTACCTA	529.829210336462	438.1753522634329	398.0237130284053	0.0	0.0	80.71799157339694	26.071874329646228
GSM4138114_HNSCC_3_PBMC_GACTACACACCGCTAG	436.9349181361702	492.67077853336485	116.28918783267876	39.35692840128466	31.13779958222179	0.0	17.800572458022394
GSM4138114_HNSCC_3_PBMC_GGCTCGAGTCTGATCA	404.60257990755935	355.064523873482	216.99990304620655	7.316487644735097	0.0	34.572948970717235	8.464598837097594
GSM4138114_HNSCC_3_PBMC_TCAGATGTCAGTTTGG	583.1127353234766	291.19013607750355	45.9614258773594	17.166463122742083	7.235915955083012	36.681359359031916	74.01327604618696
GSM4138114_HNSCC_3_PBMC_TCGAGGCAGAACAATC	510.7086778585961	985.6291074030012	536.9879874264979	0.0	0.0	68.66204967226163	34.082226666484196
GSM4138114_HNSCC_3_PBMC_TGGGCGTGTCATTAGC	344.9083122182954	259.2346858426453	25.67073340638851	66.78958197851638	0.0	30.45325316408077	27.978128792092697
GSM4138114_HNSCC_3_PBMC_TTCCCAGAGGACAGCT	459.8008122711629	382.9192600651457	23.4383934496267	0.0	15.337133385307043	20.72301128869816	50.53707217616438
GSM4138114_HNSCC_3_PBMC_ACACCAACATGCATGT	578.3062309842587	401.65443344477325	45.40456081150454	0.0	37.89898996021069	10.10538147548228	29.49555528883192
GSM4138114_HNSCC_3_PBMC_ACGATACGTGTGGTTT	269.5507025209699	1331.194791692461	109.78967557169845	5.936733788264572	0.0	75.09055723817268	99.31908446143373
GSM4138114_HNSCC_3_PBMC_AGAATAGTCACCATAG	413.2922523499487	680.9680115054937	0.0	99.44642070202143	41.88835260739059	0.0	0.0
GSM4138114_HNSCC_3_PBMC_AGCCTAATCCTGCCAT	299.5165799346241	195.2998897404114	20.159736208929257	27.942849949953366	0.0	0.0	20.565161412018046
GSM4138114_HNSCC_3_PBMC_CAACCAAGTTGAGGTG	199.65003169852338	409.5625918638598	23.018934621803016	1.91266938855882	9.853558494732518	22.880304355135628	0.0
GSM4138114_HNSCC_3_PBMC_CACACAACATGCCTAA	373.53031560099186	734.7447303112319	147.9458377333427	0.0	0.0	18.999152691100765	13.119091398729108
GSM4138114_HNSCC_3_PBMC_CCACTACAGGTGCTAG	301.8628988613766	273.0727317439276	120.24237610990058	4.1622185744581275	0.0	24.52153702840959	20.539967214952007
GSM4138114_HNSCC_3_PBMC_CGTCACTCAGATTGCT	283.470032907843	1078.0199189267814	46.06597929094791	72.07948194448696	0.0	6.998973059318123	109.21356821500827
GSM4138114_HNSCC_3_PBMC_CTCGGGAGTCTAGCGC	241.5882505028251	1403.8177703032854	331.3942637385048	0.0	0.0	0.0	0.0
GSM4138114_HNSCC_3_PBMC_GACCTGGCAGTCACTA	271.12151461660267	738.4555816010437	146.85821593522735	0.0	0.0	21.191419033004827	0.0
GSM4138114_HNSCC_3_PBMC_GCTCTGTAGTCAAGCG	175.5560405809143	718.055932097089	296.22680323935873	17.625435460434215	29.634864578384278	0.0	4.109178055705054
GSM4138114_HNSCC_3_PBMC_GGAACTTAGAGAGCTC	353.0601887081873	728.7282946314008	218.04937523845925	2.8451648146047415	32.05442261033885	21.14903385123013	69.6737630052546
GSM4138114_HNSCC_3_PBMC_GGCGACTGTTCCACTC	434.3234559322684	592.9340827264558	37.94237753673908	15.911108396359085	0.0	41.97259919367133	3.3871579992271905
GSM4138114_HNSCC_3_PBMC_GTTTCTACACACAGAG	301.6680225190396	230.96108094813002	87.5418646657282	1171.7137504516318	24.745289938362284	59.16458312583787	59.48050392586781
GSM4138114_HNSCC_3_PBMC_TGCGTGGCAGTCGATT	415.0534244832889	630.2561219238189	182.4548257075028	41.56612609059426	38.069991926825345	50.612653743475626	0.0
GSM4138114_HNSCC_3_PBMC_TTATGCTGTTACGACT	770.2434943844872	499.88163559004687	0.0	39.18943441740957	0.0	0.0	0.0
GSM4138114_HNSCC_3_PBMC_AAAGCAATCCCGACTT	1127.7354143857274	238.96734604486872	572.7137602297472	0.0	0.0	18.769284088407215	0.0
GSM4138114_HNSCC_3_PBMC_AAAGTAGGTTCAGACT	1079.5341035341658	55.977376661234125	518.6670953574512	0.0	32.80062001909222	68.29726798767125	32.86776160285226
GSM4138114_HNSCC_3_PBMC_ACGTCAAAGAGCTGGT	786.0427764107784	338.5278659871016	831.3405081213924	9.516323310875057	55.97235507952164	5.689788449215698	0.0
GSM4138114_HNSCC_3_PBMC_ACTTGTTAGCAGATCG	884.9646521390081	115.83751971442278	367.4391556748641	44.950080235514655	77.4158399770531	36.86448963627381	9.887660364208529
GSM4138114_HNSCC_3_PBMC_AGCTCCTGTCTGCAAT	1391.8158962197974	0.0	539.1529021045736	50.717812115982206	0.0	36.36872382593887	8.686791293565523
GSM4138114_HNSCC_3_PBMC_ATCTGCCTCTCCGGTT	1278.6604664029217	28.15636520097804	928.6271468620936	94.16631806823688	0.0	31.877620053136624	58.704472463436396
GSM4138114_HNSCC_3_PBMC_CACAAACGTCTCTTAT	1063.0839399907948	12.941577526733926	1177.5643539997966	52.81881955476097	0.0	0.0	0.0
GSM4138114_HNSCC_3_PBMC_CATCAAGCACAGATTC	629.5737953522593	268.35459053119735	767.9093998315967	45.4957048465916	0.0	107.06910902849376	0.0
GSM4138114_HNSCC_3_PBMC_CGTCCATGTAATCACC	695.7591692192983	79.96063669517683	884.348158513895	90.34873933582406	4.275632150523248	6.686795726015562	23.565278252030637
GSM4138114_HNSCC_3_PBMC_CGTTCTGGTCCGAGTC	766.578967181827	96.04561955154256	666.0909499125662	118.0987682805335	0.0	59.21680073273946	3.9655860891830486
GSM4138114_HNSCC_3_PBMC_CTACGTCAGAGGACGG	891.0873651726909	9.973746388794776	744.1310455025322	0.0	69.64762107609873	0.0	0.0
GSM4138114_HNSCC_3_PBMC_GACGCGTGTTCCGGCA	943.0361497032236	99.80136744385258	415.9123965573294	82.44208017862063	26.571993842707837	75.67426369556867	0.0
GSM4138114_HNSCC_3_PBMC_GGCCGATCATGTAAGA	817.8469428823772	160.40010792534298	659.44306652369	62.325222068871014	0.0	2.894294165560117	24.47649128707384
GSM4138114_HNSCC_3_PBMC_GTATTCTTCTGTGCAA	966.945395370154	0.0	996.7176681016499	81.00221394214785	0.0	13.261880475393882	58.806674327748006
GSM4138114_HNSCC_3_PBMC_GTCAAGTAGTGCTGCC	568.6129436081817	308.81279831862736	620.9132076962043	0.0	0.0	82.94042346145575	93.7064425239151
GSM4138114_HNSCC_3_PBMC_GTCTCGTAGGCTAGAC	746.8828386851507	63.680906825749176	785.1850813920106	103.04153047215502	18.668050014139595	0.0	34.92552061254073
GSM4138114_HNSCC_3_PBMC_TCTGGAAAGTGGTAAT	793.5131095922087	79.64247317485875	605.1599918802073	71.52599130512864	0.0	14.055788862478739	2.253315365808431
GSM4138114_HNSCC_3_PBMC_TGGCCAGGTCCAAGTT	1227.6897919385801	153.60043129293678	244.07917337514826	0.0	42.56750674522611	29.38685777002241	44.97265502995152
GSM4138114_HNSCC_3_PBMC_AACTGGTGTGTGGCTC	97.43921252463603	0.0	2663.261623396492	14.960527780894843	31.904411850140935	0.0	0.0
GSM4138114_HNSCC_3_PBMC_AAGACCTAGTTTGCGT	0.0	286.92835705009344	1350.9271432852154	144.99612885559415	295.99904218991605	63.71890171001399	55.70372292732306
GSM4138114_HNSCC_3_PBMC_ACATCAGAGTGTCCAT	0.0	0.0	3055.297696591008	41.15882564984349	0.0	0.0	0.0
GSM4138114_HNSCC_3_PBMC_ACGGCCACATGGTCTA	579.5527622626619	72.90404359573056	1163.294631886876	101.62777091930742	0.0	23.58226462996368	122.78634249870969
GSM4138114_HNSCC_3_PBMC_ACTTGTTGTTGTGGAG	193.26511433427007	127.46894130878509	849.8910958135343	0.0	72.12132644117231	210.68448386030434	184.74222626354324
GSM4138114_HNSCC_3_PBMC_AGCGTATCAGCTCGCA	0.0	0.0	0.0	0.0	0.0	4580.934960712804	0.0
GSM4138114_HNSCC_3_PBMC_CCATTCGAGACAGGCT	419.23155761697666	0.0	1832.754816097312	0.0	0.0	88.68259638035022	70.84312858223673
GSM4138114_HNSCC_3_PBMC_CCTTCGATCTCGCTTG	530.4056036630618	0.0	1668.3110840363995	0.0	58.7551550024392	33.923420258169706	25.956764991479837
GSM4138114_HNSCC_3_PBMC_CGCGTTTAGACTAGGC	0.0	0.0	3008.184813018635	8.114579621724062	0.0	0.0	0.0
GSM4138114_HNSCC_3_PBMC_CTACATTTCTTTACGT	5.536044005330628	0.0	1997.526151325986	0.0	199.4298280197859	91.69514709720787	75.97274389626398
GSM4138114_HNSCC_3_PBMC_CTAGCCTAGACCGGAT	215.5754784586033	116.92461773684586	1591.2802620344266	0.0	14.025970671446672	98.78629727595197	45.30769539570855
GSM4138114_HNSCC_3_PBMC_GACGTTAGTACCATCA	0.0	0.0	2570.4542677206578	75.82336478679959	27.61118891176726	135.94300817344794	66.49318932123101
GSM4138114_HNSCC_3_PBMC_GCGCAGTCAACTGGCC	86.01896595231855	0.0	2425.7032241267534	0.0	0.0	32.03020635004684	70.24997333201696
GSM4138114_HNSCC_3_PBMC_GCTCTGTCACACTGCG	0.0	263.08325536908364	2129.312984317921	0.0	110.06814031439582	0.0	151.56867911216784
GSM4138114_HNSCC_3_PBMC_GCTGCAGTCCGGCACA	238.54831430019945	185.2556854173343	1674.7950535046416	0.0	17.232169462807413	101.27565672744261	79.48266480761305
GSM4138114_HNSCC_3_PBMC_GTAGTCACACAAGCCC	873.3690635928247	0.0	685.8942376566603	177.60897799868636	41.44945964149477	146.1538648363604	131.8817204520532
GSM4138114_HNSCC_3_PBMC_GTCAAGTAGGCGTACA	0.0	0.0	728.6236447732006	16.651329525277358	105.58325855781915	20.78983213813619	0.0
GSM4138114_HNSCC_3_PBMC_TACGGATAGATCGATA	592.8562707973866	0.0	1516.743496019614	45.65471375707124	0.0	78.75606545597152	56.97381835785113
GSM4138114_HNSCC_3_PBMC_TCAACGATCTGGGCCA	0.0	0.0	2861.40024518157	0.0	0.0	0.0	14.306636515062381
GSM4138114_HNSCC_3_PBMC_TGGGCGTGTTAGTGGG	3.4692286772424636	264.2579835680901	1742.7583774890272	0.0	62.281394462548505	38.129890960885085	84.8945929239958
GSM4138114_HNSCC_3_PBMC_TTGGAACCAGTCACTA	240.63790799747468	0.0	2086.317190643374	7.896437847776001	0.0	11.01521388406283	0.0
GSM4138114_HNSCC_3_PBMC_ACTGTCCCAGCGATCC	0.0	75.33532036609635	0.0	7.9052165590112216	1556.73096374721	188.3829394870837	82.02983163975
GSM4138114_HNSCC_3_PBMC_AGATTGCGTCATACTG	0.0	0.0	0.0	0.0	1423.476048966728	52.082131100381694	8.204632884557416
GSM4138114_HNSCC_3_PBMC_CACACAAGTGAACCTT	0.0	0.0	0.0	0.0	2088.138011341138	0.0	0.0
GSM4138114_HNSCC_3_PBMC_GCGCAACCATCTGGTA	0.0	15.549177957206567	32.59045581900107	28.91183401630639	1550.5370846124742	39.576027269379765	0.0
GSM4138114_HNSCC_3_PBMC_TACGGATGTCTCATCC	0.0	0.0	0.0	0.0	1810.510425333157	0.0	16.566603058651634
GSM4138114_HNSCC_3_PBMC_TAGAGCTTCGGAATCT	0.0	0.0	0.0	0.0	1833.317010216549	0.0	0.0
GSM4138114_HNSCC_3_PBMC_TTGGAACGTACACCGC	0.0	3.3530124779889436	58.38429091231076	0.0	1930.9196859243984	64.45286297569871	8.46031054161154
GSM4138114_HNSCC_3_PBMC_GCAGCCACACCACGTG	1123.2591736665684	0.0	27.13772214091491	0.0	32.0367087346009	0.0	14.601705720607336
GSM4138114_HNSCC_3_PBMC_TAGTTGGTCGAGAGCA	1297.4235839151506	0.0	0.0	0.8259237402757744	0.0	0.0	0.0
GSM4138114_HNSCC_3_PBMC_GGACAAGGTTACGACT	516.390134070021	434.5408852592418	142.31952053986254	22.706169428271036	3.9536814339072164	7.110034488273238	0.0
GSM4138114_HNSCC_3_PBMC_AGCTTGACATAACCTG	0.0	0.0	0.0	0.0	0.0	0.0	4480.5019456041155
