	1	2	3	4	5	6	7	8	9	10	11	12	13	14	15	16	17	18	19	20	21	22	23	24	25	26	27	28
GSM4138114_HNSCC_3_PBMC_AAACGGGTCTAGAGTC	73.09864715385963	34.22796940848527	0.0	35.69617168292738	0.0	0.0	43.06992474113026	52.143491518793745	0.0	50.649807970043014	0.0	0.0	0.0	75.19857556287874	0.0	0.0	0.0	0.0	0.0	27.224641440604167	0.0	0.0	0.0	0.0	0.0	0.0	0.0	0.0
GSM4138114_HNSCC_3_PBMC_AAAGATGCACTACAGT	0.0	85.29071512837716	0.0	36.3499125377561	7.76845916549869	25.610475254344248	25.325111903598522	0.0	0.0	0.0	0.0	0.0	0.0	0.0	68.609881799076	0.0	53.82855603469432	3.9738304773617363	0.0	51.30195257400711	0.0	33.85152215217013	0.0	0.0	0.0	0.0	0.0	0.0
GSM4138114_HNSCC_3_PBMC_AAATGCCTCTCCAGGG	100.01250847380825	87.9425814148168	0.0	49.373278353579074	0.0	0.0	88.94033260409645	0.0	111.30733495257414	0.0	0.0	0.0	120.72362984356812	0.0	0.0	0.0	0.0	0.0	0.0	0.0	0.0	0.0	0.0	0.0	0.0	0.0	0.0	0.0
GSM4138114_HNSCC_3_PBMC_AACACGTAGAGTGAGA	102.6372543526019	111.1690879042293	0.0	26.85161891930731	0.0	93.57666632148268	0.0	0.0	77.91429148436308	0.0	0.0	0.0	101.61711385845005	0.0	0.0	0.0	0.0	0.0	0.0	0.0	0.0	0.0	0.0	0.0	0.0	0.0	0.0	0.0
GSM4138114_HNSCC_3_PBMC_AAGGCAGGTTTAAGCC	66.01241799074198	111.96632467639604	0.0	63.051007145968924	0.0	21.174571665611445	0.0	0.0	0.0	0.0	12.886331142780117	88.19936769845398	0.0	61.728846700641085	0.0	0.0	0.0	0.0	0.0	0.0	0.0	0.0	0.0	0.0	0.0	0.0	0.0	0.0
GSM4138114_HNSCC_3_PBMC_ACACCAAGTATAAACG	18.34189624355558	103.28851613059446	0.0	43.88790541921807	0.0	0.0	0.0	0.0	81.32495319914986	53.14742526686827	73.40673038264187	0.0	0.0	0.0	27.80000975309272	0.0	0.0	0.0	0.0	0.0	0.0	0.0	0.0	0.0	0.0	0.0	0.0	0.0
GSM4138114_HNSCC_3_PBMC_ACATACGTCCACTCCA	36.20272925123346	11.2946011349019	0.0	14.392524843104562	38.040483060568064	76.63918591715516	16.294588988414834	31.92884230057245	0.0	0.0	0.0	0.0	46.85406548448454	0.0	0.0	0.0	0.0	0.0	0.0	0.0	0.0	0.0	0.0	0.0	0.0	22.467844198332166	0.0	0.0
GSM4138114_HNSCC_3_PBMC_ACTATCTAGGAGTTTA	0.0	68.42473768451971	200.28274716152487	53.942996835529364	41.24418899647299	81.66362967597807	0.0	0.0	0.0	0.0	0.0	0.0	0.0	0.0	0.0	14.10863347796979	0.0	0.0	118.04358105498805	0.0	0.0	0.0	0.0	0.0	0.0	0.0	0.0	0.0
GSM4138114_HNSCC_3_PBMC_ACTGAACTCACCTTAT	96.50093998494526	135.99050168247936	109.65109919264404	24.99173363721473	0.0	0.0	0.0	0.0	61.087737368779656	0.0	50.06725689493762	0.0	0.0	0.0	0.0	0.0	0.0	0.0	0.0	0.0	0.0	0.0	0.0	0.0	0.0	0.0	0.0	0.0
GSM4138114_HNSCC_3_PBMC_ACTTTCACAGCTGTTA	74.92398308985126	56.59110297399448	0.0	50.5556950176032	0.0	0.0	0.0	0.0	0.0	0.0	63.68403472159506	0.0	0.0	0.0	0.0	0.0	0.0	27.83207849198243	0.0	0.0	0.0	76.47988104170878	39.807460467040436	0.0	0.0	0.0	0.0	0.0
GSM4138114_HNSCC_3_PBMC_AGCTCTCAGGTGATAT	74.84291957037979	75.92120166535501	128.36887920687022	29.76428759798081	0.0	50.93424497792129	0.0	0.0	0.0	0.0	0.0	0.0	0.0	83.13216116438382	0.0	0.0	0.0	0.0	0.0	0.0	0.0	0.0	0.0	0.0	0.0	0.0	0.0	0.0
GSM4138114_HNSCC_3_PBMC_AGCTCTCCAGCCTGTG	41.84164152122947	0.0	0.0	7.815446957305373	15.77004072924641	0.0	0.0	122.93797918713817	0.0	83.96047741213116	33.16983974525691	0.0	0.0	0.0	0.0	0.0	0.0	0.0	0.0	8.081703718486546	0.0	0.0	0.0	0.0	0.0	0.0	0.0	0.0
GSM4138114_HNSCC_3_PBMC_AGTCTTTCAAAGGTGC	109.52165319854946	64.5132533374143	127.08784690186081	15.65476338612148	24.963478089148687	0.0	0.0	0.0	0.0	0.0	72.22795557739154	0.0	0.0	0.0	0.0	0.0	0.0	0.0	0.0	0.0	0.0	0.0	0.0	0.0	0.0	0.0	0.0	0.0
GSM4138114_HNSCC_3_PBMC_AGTGAGGGTCAGCTAT	68.42374508347409	45.694106499538464	94.84646839081373	14.372292318100929	54.91212837705425	0.0	136.7599970399663	0.0	0.0	0.0	0.0	0.0	0.0	0.0	0.0	20.909937551326912	0.0	0.0	0.0	0.0	0.0	0.0	0.0	0.0	0.0	0.0	0.0	0.0
GSM4138114_HNSCC_3_PBMC_AGTGGGATCACCACCT	74.0535840864762	38.484751362683085	0.0	39.62566456568611	65.38332970206876	40.161051632025625	0.0	2.6644933459309463	0.0	0.0	23.219851844768165	0.0	118.00555084063528	0.0	0.0	85.32468946807849	0.0	0.0	0.0	0.0	0.0	0.0	0.0	0.0	0.0	0.0	0.0	0.0
GSM4138114_HNSCC_3_PBMC_ATCCACCTCCCTCAGT	77.87803155426701	65.9314982880965	70.29070116730473	6.59858116256531	33.46728077305291	0.0	46.31535413277157	0.0	0.0	0.0	0.0	0.0	0.0	0.0	0.0	0.0	0.0	0.0	0.0	0.0	0.0	0.0	0.0	0.0	0.0	0.0	0.0	0.0
GSM4138114_HNSCC_3_PBMC_ATCGAGTGTCTAAACC	3.4945386195669705	109.58536342262093	314.7277670965165	55.44858080900444	71.688942047598	0.0	99.01110444285447	0.0	13.864176947093041	0.0	16.49758226199352	0.0	0.0	0.0	123.43337871759677	0.0	0.0	0.0	0.0	0.0	0.0	0.0	0.0	22.22252537384596	0.0	0.0	0.0	0.0
GSM4138114_HNSCC_3_PBMC_ATCTACTGTGACGCCT	75.80461844001015	73.87187928005159	0.0	34.5380374912289	0.0	51.407351148150674	0.0	0.0	22.24162465197962	0.0	0.0	74.68711778406607	9.523064682082826	0.0	0.0	0.0	82.52905728467242	0.0	0.0	0.0	0.0	0.0	0.0	0.0	0.0	0.0	0.0	0.0
GSM4138114_HNSCC_3_PBMC_CAAGAAAGTGCTTCTC	49.22081182985047	75.87138689557635	79.46229553026015	13.376977505843769	0.0	11.322405775780776	50.18189482469668	0.0	0.0	0.0	0.0	0.0	0.0	0.0	2.6865177748379394	0.0	0.0	0.0	0.0	0.0	0.0	0.0	59.84138022533209	0.0	0.0	0.0	0.0	0.0
GSM4138114_HNSCC_3_PBMC_CAAGGCCGTTCCCGAG	126.7965505652266	98.11864727839415	0.0	24.942663558944005	27.166816570628313	0.0	52.84422356646069	0.0	21.357274477791975	1.188768523421726	0.0	0.0	0.0	0.0	0.0	0.0	0.0	84.15329731288772	0.0	0.0	0.0	0.0	0.0	0.0	0.0	0.0	0.0	0.0
GSM4138114_HNSCC_3_PBMC_CAAGTTGTCAAGAAGT	113.92338235203809	0.0	0.0	16.67711399102989	0.0	9.518662433666876	27.307044443581496	26.25435551263796	0.0	0.0	0.0	73.9846359217422	0.0	102.62108993051643	0.0	0.0	0.0	0.0	0.0	0.0	0.0	0.0	0.0	0.0	0.0	0.0	0.0	0.0
GSM4138114_HNSCC_3_PBMC_CACAAACCAGCTGGCT	0.0	55.36234709147856	42.328053440697985	15.161397272346687	58.06704320473054	6.988406999390503	0.0	1.4030731699517285	0.0	0.0	0.0	0.0	49.766110448023305	0.0	125.58355649019751	0.0	0.0	0.0	0.0	0.0	15.582833333691733	0.0	0.0	0.0	0.0	0.0	0.0	0.0
GSM4138114_HNSCC_3_PBMC_CACACAAAGAACAACT	0.0	50.92800639856036	0.0	27.272955413793458	0.47021632112542977	0.0	0.0	0.0	9.896393039492509	52.337869964140026	51.215747436299964	0.0	0.0	55.5142248445732	110.92076853099398	0.0	0.0	117.51354628196484	0.0	0.0	0.0	0.0	0.0	0.0	0.0	0.0	0.0	0.0
GSM4138114_HNSCC_3_PBMC_CACATAGTCCGCAAGC	72.54151549857066	69.75595625584711	104.75765610042822	21.80435950545723	0.0	0.0	68.3775972892635	0.0	0.0	0.0	0.0	0.0	0.0	118.62530079726089	0.0	0.0	0.0	0.0	0.0	0.0	0.0	0.0	0.0	0.0	0.0	0.0	0.0	0.0
GSM4138114_HNSCC_3_PBMC_CACCACTAGCAATATG	33.06397126750878	68.78362670069711	151.71661542235276	9.601913051998178	36.96068075031799	0.0	29.288789737600666	0.0	0.0	0.0	0.0	0.0	0.0	0.0	0.0	0.0	0.0	0.0	0.0	0.0	0.0	0.0	0.0	0.0	0.0	0.0	0.0	0.0
GSM4138114_HNSCC_3_PBMC_CATATTCAGTCCCACG	62.10576172704602	0.0	0.0	12.07366162136796	30.29372093388828	0.0	0.0	0.0	0.0	0.0	65.90474796257136	0.0	0.0	0.0	0.0	66.498433788304	0.0	0.0	0.0	0.0	0.0	0.0	0.0	0.0	108.0795696383001	0.0	0.0	0.0
GSM4138114_HNSCC_3_PBMC_CATCAAGGTCGTCTTC	0.0	0.0	0.0	17.541353298301626	37.612382151783585	0.0	0.0	36.97806880445297	0.0	0.0	50.768038897326605	0.0	0.0	0.0	0.0	0.0	0.0	0.0	83.49262406596297	0.0	0.0	151.2010146240157	0.907547997752362	0.0	0.0	0.0	0.0	0.0
GSM4138114_HNSCC_3_PBMC_CATCAGACATACTACG	132.93688042641202	0.0	0.0	41.12221666067145	169.50420691929529	190.73535594598718	0.0	216.35801333151252	0.0	242.95296969030318	0.0	0.0	0.0	0.0	18.061121888155817	0.0	0.0	0.0	0.0	62.76555522049493	0.0	0.0	0.0	0.0	0.0	0.0	0.0	0.0
GSM4138114_HNSCC_3_PBMC_CATCGGGTCTTCTGGC	120.01912345718785	44.678042413776886	0.0	11.545435644173896	52.62802817856411	0.0	86.54009841461244	0.0	0.0	89.1813901472719	0.0	0.0	0.0	0.0	0.0	0.0	0.0	0.0	0.0	0.0	0.0	0.0	0.0	0.0	0.0	0.0	0.0	0.0
GSM4138114_HNSCC_3_PBMC_CCACGGATCAGAGGTG	123.08913903845665	53.83974463690153	0.0	53.08293262520362	110.92604741181638	0.0	43.685300828600084	66.1239817598703	0.0	0.0	0.0	101.29742354473713	0.0	0.0	0.0	0.0	0.0	0.0	0.0	0.0	54.72459192687138	0.0	0.0	0.0	0.0	0.0	0.0	0.0
GSM4138114_HNSCC_3_PBMC_CCTACACTCGACAGCC	49.29543582034049	0.08663409084417803	0.0	39.262104152048096	0.0	0.0	25.234516154383083	43.796517991300966	55.09481796335534	65.78832395320043	0.0	0.0	0.0	0.0	0.0	0.0	0.0	0.0	0.0	0.0	0.0	0.0	0.0	0.0	0.0	0.0	0.0	0.0
GSM4138114_HNSCC_3_PBMC_CCTTCCCGTAGCGTCC	46.293551560924186	53.154506068048164	75.83143494378228	20.30820158406533	47.61733064255932	48.93789527721941	10.883598620062894	0.0	0.0	0.0	0.0	0.0	0.0	0.0	0.0	0.0	0.0	0.0	0.0	0.0	0.0	0.0	0.0	0.0	0.0	0.0	0.0	0.0
GSM4138114_HNSCC_3_PBMC_CCTTCCCTCACATACG	55.73990994762279	102.68853350870035	0.0	31.758233242430528	65.65597763939363	0.0	54.96133481820089	0.0	0.0	0.0	0.0	0.0	0.0	0.0	0.0	0.0	0.0	82.42958420400264	0.0	0.0	0.0	0.0	0.0	0.0	0.0	0.0	0.0	0.0
GSM4138114_HNSCC_3_PBMC_CGAGCCAAGCGCTTAT	61.09111377933035	30.82416469988383	0.0	28.84249339046278	0.0	0.0	59.19014713216876	32.68474233926123	0.0	141.06591240342183	0.0	0.0	0.0	1.1270034968927296	0.0	23.502829334334812	30.861651332857818	0.0	0.0	0.0	0.0	0.0	0.0	4.210865517688132	0.0	0.0	0.0	0.0
GSM4138114_HNSCC_3_PBMC_CGAGCCAGTCAAAGAT	126.72241943414826	110.0595537581893	296.36749758392017	86.08116826141342	117.6619604551935	0.0	204.41760361327178	0.0	0.0	0.0	0.0	0.0	0.0	0.0	0.0	0.0	0.0	0.0	0.0	0.0	0.0	0.0	0.0	0.0	0.0	0.0	0.0	0.0
GSM4138114_HNSCC_3_PBMC_CGCGGTATCATCACCC	93.38210569960135	127.16996238511763	123.34583609485969	51.93583637056877	0.0	76.80620546641127	0.0	0.0	99.521697137897	0.0	0.0	0.0	0.0	0.0	14.375780808693733	0.0	0.0	0.0	0.0	0.0	0.0	0.0	0.0	0.0	0.0	0.0	0.0	0.0
GSM4138114_HNSCC_3_PBMC_CGCGTTTTCCCAAGTA	63.021923145159356	55.83238404782388	69.00444220154081	21.44653431664824	0.0	27.65717980573803	46.64197595910439	0.0	0.0	0.0	0.0	0.0	0.0	34.524278574810566	0.0	0.0	0.0	0.0	0.0	0.0	0.0	0.0	0.0	0.0	0.0	0.0	0.0	0.0
GSM4138114_HNSCC_3_PBMC_CGCTGGAGTAGCCTAT	0.0	0.0	0.0	109.21308520325374	0.0	37.862350392018186	0.0	25.988500891750945	0.0	0.0	20.65041201052395	0.0	127.54199937957273	0.0	0.0	22.890811718670975	0.0	0.0	169.76697526962877	0.0	0.0	0.0	0.0	93.03569668610008	0.0	0.0	0.0	0.0
GSM4138114_HNSCC_3_PBMC_CGGACGTGTAGATTAG	102.42047721758607	128.52573830756705	115.72342702662426	92.55514412530205	0.0	0.0	59.6130816752446	2.705688003174903	0.0	0.0	0.0	0.0	0.0	71.94498108302156	0.0	0.0	21.05484177735285	0.0	0.0	0.0	0.0	0.0	0.0	0.0	0.0	0.0	0.0	0.0
GSM4138114_HNSCC_3_PBMC_CGTCCATAGATGTGTA	41.231114683520886	37.18087807911363	69.0080330891309	11.62665497515926	0.0	78.8612798095001	0.0	0.0	8.780805890675486	0.0	0.0	0.0	0.0	30.468271227273572	0.0	0.0	0.0	46.76690004931687	0.0	0.0	0.0	0.0	0.0	0.0	0.0	0.0	0.0	0.0
GSM4138114_HNSCC_3_PBMC_CGTCTACGTACCGAGA	33.5525427264081	198.70444420533727	12.80192884215245	18.963472011684445	0.0	0.0	70.01905418573934	0.0	8.799995365567895	0.0	0.0	0.0	28.661031972899867	0.0	27.928712097606166	0.0	0.0	0.0	0.0	0.0	33.9859507351083	0.0	0.0	0.0	0.0	98.73212222197515	0.0	0.0
GSM4138114_HNSCC_3_PBMC_CGTTCTGCACGTCTCT	72.30883344128902	110.21625550745415	0.0	35.67228400236189	0.0	49.973159261183866	14.660439332835802	0.0	0.0	12.11659679061345	0.0	0.0	51.196359969963495	58.101653616591236	0.0	0.0	0.0	0.0	0.0	0.0	0.0	0.0	0.0	0.0	0.0	0.0	0.0	0.0
GSM4138114_HNSCC_3_PBMC_CTAGAGTCAAGCCATT	66.68095737708734	39.65568759668771	0.0	10.975343050953105	0.0	0.0	50.61713459107675	0.0	0.0	0.0	0.0	100.41004588864486	0.0	0.0	21.380840457268835	0.0	98.52899137711461	0.0	0.0	0.0	0.0	0.0	0.0	0.0	0.0	0.0	0.0	0.0
GSM4138114_HNSCC_3_PBMC_CTCAGAAGTCAGTGGA	38.03844641590825	0.0	0.0	12.817455993212462	80.8272591783647	0.0	63.35904945396985	58.972730840692385	0.0	0.0	0.0	89.71576968026903	0.0	0.0	0.0	0.0	0.0	0.0	0.0	0.0	0.0	0.0	0.0	0.0	0.0	0.0	0.0	0.0
GSM4138114_HNSCC_3_PBMC_CTCATTACATCGGTTA	0.0	31.078666386043118	0.0	25.126500009743523	0.0	46.57759431570669	8.977199964634847	16.021299809115007	0.0	0.0	2.1743816628685324	0.0	85.85639257595965	62.068444826500404	93.52867802034153	0.0	0.0	0.0	0.0	0.0	0.0	0.0	0.0	0.0	0.0	0.0	0.0	0.0
GSM4138114_HNSCC_3_PBMC_CTCATTATCGGAGCAA	37.55837777448735	78.80599940946104	0.0	36.330504691070516	76.98369368255074	92.84062935131496	0.0	0.0	0.0	0.0	0.0	61.68133848589943	0.0	0.0	0.0	0.0	0.0	0.0	0.0	0.0	0.0	0.0	0.0	0.0	0.0	0.0	0.0	0.0
GSM4138114_HNSCC_3_PBMC_CTGCTGTAGGACGAAA	0.0	69.31221004333112	0.0	49.83142502327378	91.45294342495629	0.0	0.0	0.0	0.0	0.0	38.34787900348149	0.0	0.0	0.0	0.0	0.0	0.0	0.0	76.87446903231661	0.0	0.0	112.59566397167144	0.0	0.0	34.57157753204515	0.0	0.0	0.0
GSM4138114_HNSCC_3_PBMC_CTGTTTAGTAAGTGTA	68.74534195204258	126.36566629065655	0.0	14.135806036024007	0.0	45.65089347640097	6.90681540116891	0.0	56.09307012421466	0.0	0.0	0.0	80.69762281506864	0.0	0.0	0.0	0.0	0.0	0.0	0.0	0.0	0.0	0.0	0.0	0.0	0.0	0.0	0.0
GSM4138114_HNSCC_3_PBMC_GAAATGACAGCTTAAC	55.87110146351642	0.0	0.0	17.62418881028035	36.407403318934726	0.0	0.0	0.04383326542903216	0.0	115.01636751939463	52.108949296776025	0.0	0.0	0.0	0.0	64.53172690149668	0.0	0.0	0.0	0.0	0.0	0.0	0.0	0.0	0.0	0.0	0.0	0.0
GSM4138114_HNSCC_3_PBMC_GACCTGGGTTAAAGTG	51.044913454818285	0.0	42.20035506317813	21.875608527888964	0.0	16.34231528798419	0.0	31.94443760997704	72.83429469905037	21.838332712426762	0.0	0.0	0.0	0.0	0.0	47.84557670896044	0.0	0.0	0.0	0.0	0.0	4.758962915278894	0.0	0.0	0.0	0.0	0.0	0.0
GSM4138114_HNSCC_3_PBMC_GATCAGTTCATCTGCC	94.45240873641546	99.38585939086957	92.30239372009638	23.607771937005033	0.0	0.0	27.34766171561562	0.0	0.0	0.0	0.0	0.0	0.0	0.0	0.0	0.0	78.44629339975333	0.0	0.0	0.0	0.0	0.0	0.0	0.0	0.0	0.0	0.0	0.0
GSM4138114_HNSCC_3_PBMC_GATCGATTCGCCAAAT	32.753636996376656	95.80589845420036	107.69312182145644	28.93644686490331	0.0	0.0	0.0	0.0	72.48179572953576	0.0	95.89948872226564	0.0	0.0	0.0	34.78611002012817	0.0	0.0	0.0	0.0	0.0	0.0	0.0	0.0	0.0	0.0	0.0	0.0	0.0
GSM4138114_HNSCC_3_PBMC_GATCGTACATGCCCGA	51.08709164757552	55.42685090131875	0.0	21.52028741478781	0.0	66.09349139566652	0.0	0.0	55.68976663688782	23.26323932732267	0.0	60.46017722335739	0.0	0.0	0.0	0.0	0.0	0.0	0.0	0.0	0.0	3.381852527535892	0.0	0.0	0.0	0.0	0.0	0.0
GSM4138114_HNSCC_3_PBMC_GATCTAGGTCTTGATG	74.12033670595545	102.11687969921998	70.0715954460569	48.82665956998599	77.37382240849405	0.0	40.47341505866041	0.0	0.0	5.578663557983069	0.0	0.0	0.0	0.0	0.0	0.24780922304869105	0.0	0.0	0.0	0.0	0.0	0.0	0.0	0.0	0.0	0.0	0.0	0.0
GSM4138114_HNSCC_3_PBMC_GCAAACTCAAACAACA	71.53985450816772	71.92899076829833	0.0	19.058191273976583	0.0	90.82819474792899	0.0	0.0	50.13562363714373	0.0	0.0	0.0	89.97284959101518	32.01836724353275	0.0	0.0	0.0	0.0	0.0	0.0	0.0	0.0	0.0	0.0	0.0	0.0	0.0	0.0
GSM4138114_HNSCC_3_PBMC_GCAAACTGTTCTGTTT	37.44154696213385	73.8121112054618	0.0	33.85783814825249	0.0	6.719362245986194	41.77366147170808	0.0	0.0	0.0	0.0	55.73909158915491	49.6499182835512	73.44715017754332	17.78759691749898	0.0	0.0	0.0	0.0	0.0	0.0	0.0	0.0	0.0	0.0	0.0	0.0	0.0
GSM4138114_HNSCC_3_PBMC_GCACATATCAGGCGAA	0.0	111.09443679636655	187.65662108761623	98.71787729367544	0.0	0.0	113.25449947920985	0.0	0.0	0.0	0.0	0.0	0.0	83.78923097074133	75.83878427465118	0.0	0.0	0.0	0.0	0.0	0.0	0.0	0.0	0.0	0.0	0.0	0.0	0.0
GSM4138114_HNSCC_3_PBMC_GCATGATCAGCTGTGC	0.0	47.07467104476684	0.0	51.961785110156136	0.0	0.0	25.445185771631902	0.0	0.0	0.0	0.0	0.0	0.0	99.66942205304773	0.0	0.0	0.0	0.0	69.59385606394832	15.339249061093534	0.0	0.0	0.0	0.0	0.0	0.0	0.0	0.0
GSM4138114_HNSCC_3_PBMC_GCGACCACAGGGTACA	62.13346757354631	88.29394655650151	105.30512625864885	30.954631075819897	67.40738481047354	0.0	0.0	0.0	0.0	0.0	27.43212605503377	0.0	0.0	0.0	0.0	0.0	0.0	0.0	0.0	0.0	0.0	0.0	0.0	0.0	0.0	0.0	0.0	0.0
GSM4138114_HNSCC_3_PBMC_GCGCAACTCGTTGCCT	51.55075390058649	0.0	0.0	10.939700588984833	0.0	25.68255767803426	0.0	59.12284366661092	79.41832288163694	53.08071950409916	0.0	0.0	0.0	0.0	0.0	0.0	0.0	0.0	0.0	0.0	0.0	0.0	0.0	0.0	0.0	0.0	0.0	0.0
GSM4138114_HNSCC_3_PBMC_GCGCCAACAAGGCTCC	64.55572783868254	76.23688856509466	0.0	55.72499220638741	68.80674030786146	74.38713670598999	0.0	0.0	0.0	107.67485046556835	0.0	0.0	0.0	0.0	0.0	0.0	0.0	0.0	0.0	0.0	0.0	0.0	0.0	0.0	0.0	0.0	0.0	0.0
GSM4138114_HNSCC_3_PBMC_GCTCTGTAGTGTCTCA	90.66490646251953	0.0	95.29733906305951	11.684045399003544	0.0	96.76804735134304	0.0	0.0	0.0	0.0	0.0	0.0	0.0	20.44019777711265	0.0	127.92824008063134	0.0	0.0	0.0	0.0	0.0	0.0	0.0	0.0	0.0	0.0	0.0	0.0
GSM4138114_HNSCC_3_PBMC_GCTGCTTAGATAGTCA	86.20945390482915	151.08797034670982	0.0	16.0979361170373	63.32367013961275	0.0	0.0	0.0	0.0	7.7219278996394385	37.045805965731205	0.0	0.0	0.0	0.0	0.0	0.0	119.29063369932737	0.0	0.0	0.0	0.0	0.0	0.0	0.0	0.0	0.0	0.0
GSM4138114_HNSCC_3_PBMC_GGATGTTAGCTACCTA	186.06075601395787	130.0429921556978	0.0	40.311155572711094	0.0	0.0	0.0	0.0	81.78553749542107	96.60334429705064	85.72901859914765	0.0	0.0	0.0	0.0	0.0	0.0	0.0	0.0	0.0	0.0	0.0	0.0	0.0	0.0	0.0	0.0	0.0
GSM4138114_HNSCC_3_PBMC_GGCCGATAGCACCGTC	72.90223794045463	131.96968051310526	72.56971496565784	35.23057939639062	110.60797482040677	0.0	80.61962547933742	0.0	0.0	0.0	0.0	0.0	0.0	0.0	0.0	0.0	0.0	0.0	0.0	0.0	0.0	0.0	0.0	0.0	0.0	0.0	0.0	0.0
GSM4138114_HNSCC_3_PBMC_GGCGTGTGTCCCTTGT	86.21872685949658	93.79163032772726	0.0	37.53207411229699	22.03146263494928	0.0	0.0	0.0	0.0	38.10506250842049	60.17321667498626	0.0	63.68210227290919	25.5465754531355	0.0	0.0	0.0	1.7124459380247032	0.0	0.0	2.340426159250308	0.0	0.0	0.0	0.7981752776541753	0.0	0.0	0.0
GSM4138114_HNSCC_3_PBMC_GGGCACTTCAGCTCTC	59.14991603932844	95.95611908230528	99.94299998239225	14.938732081113605	0.0	97.11157639348131	0.0	4.74314870186139	50.82406664570804	0.0	0.0	0.0	0.0	0.0	0.0	0.0	0.0	0.0	0.0	0.0	0.0	0.0	0.0	0.0	0.0	0.0	0.0	0.0
GSM4138114_HNSCC_3_PBMC_GTAGGCCTCAAAGTAG	118.09134924676204	92.17492615736529	0.0	8.408985508742223	0.0	0.0	0.0	0.0	54.83329241678203	82.29621172819367	47.79655792378996	0.0	0.0	0.0	0.0	0.0	0.0	0.0	0.0	0.0	0.0	0.0	0.0	0.0	0.0	0.0	0.0	0.0
GSM4138114_HNSCC_3_PBMC_GTATCTTAGCTAAACA	55.140762677092724	12.989994961491822	90.64942096837059	9.589741131938956	89.64319669292266	53.88001554650545	0.0	36.2065080293506	0.0	0.0	0.0	0.0	0.0	0.0	0.0	0.0	0.0	0.0	0.0	0.0	0.0	0.0	0.0	0.0	0.0	0.0	0.0	0.0
GSM4138114_HNSCC_3_PBMC_GTCTCGTCATCTCCCA	85.24332674150384	15.069544488117351	101.28223979983322	25.14468748701053	74.88581459414864	0.0	32.569603410282554	66.83063937699835	0.0	0.0	0.0	0.0	0.0	0.0	0.0	0.0	0.0	0.0	0.0	0.0	0.0	0.0	0.0	0.0	0.0	0.0	0.0	0.0
GSM4138114_HNSCC_3_PBMC_GTGTGCGGTTCGCTAA	38.0280628173184	55.481097280469086	0.0	28.724638958466816	0.0	32.76203859049617	18.054440344308972	0.0	0.0	89.16856552907241	0.0	0.0	0.0	84.63873168600924	0.0	0.0	0.0	0.0	58.930811155188536	0.0	0.0	0.0	0.0	0.0	0.0	0.0	0.0	0.0
GSM4138114_HNSCC_3_PBMC_GTTACAGAGAGCTGCA	54.5358478217833	105.51492780463786	86.9568039745959	15.1153180848428	49.23105050324675	0.0	40.537168060416306	0.0	0.0	0.0	0.0	0.0	0.0	0.0	0.0	0.0	0.0	0.0	0.0	0.0	0.0	0.0	0.0	0.0	0.0	0.0	0.0	0.0
GSM4138114_HNSCC_3_PBMC_GTTCATTAGCTACCTA	55.71415165964315	58.530472159668264	77.88570535057985	33.14731872014736	0.0	0.0	0.0	0.0	0.0	0.0	99.01212414646352	0.0	0.0	69.46327401168533	0.0	0.0	0.0	0.0	0.0	0.0	0.0	0.0	0.0	13.092127925832349	0.0	0.0	0.0	0.0
GSM4138114_HNSCC_3_PBMC_TAAGTGCAGTTCGCAT	66.1905396427843	0.0	0.0	23.88745577422604	0.0	0.0	81.70592982542243	91.8082743684992	62.20163579106412	3.386311664211476	0.0	24.497951023179823	0.0	0.0	0.0	0.0	11.614651661295419	0.0	0.0	0.0	0.0	0.0	0.0	0.0	0.0	0.0	0.0	0.0
GSM4138114_HNSCC_3_PBMC_TACTTGTCAAGCGAGT	55.58828984115143	0.0	0.0	9.22719503599219	0.0	0.0	30.851376429012888	0.0	9.854991962209166	61.27666667244548	0.0	0.0	0.0	0.0	15.130840539347085	118.08578870933773	31.66253011562996	0.0	0.0	10.948641058356966	0.0	0.0	0.0	0.0	0.0	0.0	0.0	0.0
GSM4138114_HNSCC_3_PBMC_TAGACCATCCGGGTGT	0.0	57.55295493690568	0.0	17.198914242736013	0.0	0.0	0.0	0.0	72.33700448194027	0.0	16.181005957292438	0.0	9.189951772117194	0.0	87.30182964414644	0.0	4.6354685746357855	59.63868285032889	0.0	0.0	39.66165939184589	0.0	0.0	0.0	0.0	0.0	0.0	0.0
GSM4138114_HNSCC_3_PBMC_TAGGCATAGCCACGCT	13.61032858829847	160.5875697177344	89.7623425945498	40.79399501412707	105.51992762420971	0.0	0.0	0.0	46.55419018312867	0.0	184.25855558482485	0.0	279.95947107192353	54.74268743962241	183.59571733841472	97.75352717660286	0.0	0.0	0.0	0.0	0.0	0.0	0.0	0.0	0.0	0.0	0.0	0.0
GSM4138114_HNSCC_3_PBMC_TATTACCAGTGACTCT	91.95936168834918	0.0	0.0	26.971179195469162	67.43071855503788	0.0	27.97332970389697	45.85336531507657	0.0	0.0	13.087252929317975	0.0	97.57156106527997	0.0	0.10381889220146821	0.0	0.0	0.0	0.0	0.0	15.759761150959944	0.0	0.0	0.0	0.0	0.0	0.0	0.0
GSM4138114_HNSCC_3_PBMC_TCAACGACAGACACTT	55.68285391622308	60.2797455672943	59.50632035258797	15.309568841268282	73.28819273004362	0.0	87.80380993353714	0.0	0.0	0.0	0.0	0.0	17.796613331607258	0.0	0.0	0.0	0.0	0.0	0.0	0.0	0.0	0.0	0.0	0.0	0.0	0.0	0.0	0.0
GSM4138114_HNSCC_3_PBMC_TCAGGATTCCGTTGTC	69.289531433571	31.446658170723214	0.0	16.189660291437804	0.0	0.0	0.0	16.55283469134951	0.0	0.0	33.31760556321069	0.0	44.356549518340735	26.798007024066173	0.0	0.0	74.51752635304801	0.0	0.0	0.0	0.0	0.0	0.0	0.0	0.0	0.0	0.0	0.0
GSM4138114_HNSCC_3_PBMC_TCATTTGGTTCCCGAG	83.69347418054188	73.03714639660322	68.4474359185276	12.482375499523704	29.999027392283732	0.0	56.83415038404944	0.0	0.0	0.0	0.0	0.0	0.0	0.0	0.0	0.0	0.0	0.0	0.0	0.0	0.0	0.0	0.0	0.0	0.0	0.0	0.0	0.0
GSM4138114_HNSCC_3_PBMC_TCGAGGCGTACTCTCC	79.91422191887528	67.43342363462874	0.0	13.849653136478132	72.87691835901278	16.897627692495018	5.8793043671431535	19.866268332624152	0.0	0.0	0.0	20.76233469268138	54.15284130669812	0.0	0.0	0.0	0.0	0.0	0.0	0.0	0.0	0.0	0.0	0.0	0.0	0.0	0.0	0.0
GSM4138114_HNSCC_3_PBMC_TCGCGAGTCTATCCTA	102.08412961322512	96.19285034464127	0.0	47.445665471784096	0.0	126.81940736700173	0.0	0.0	86.72532626665974	0.0	0.0	83.0784444765642	10.047113381958761	0.0	0.0	0.0	0.0	0.0	0.0	0.0	0.0	0.0	0.0	0.0	0.0	0.0	0.0	0.0
GSM4138114_HNSCC_3_PBMC_TCTGGAAGTGTAAGTA	57.079094944838765	75.72729737375751	21.01892028711824	23.23178842949939	68.41436864597661	0.0	54.32385450038934	0.0	0.0	53.0749782464132	0.0	3.8908900635531958	0.0	0.0	0.0	0.0	0.0	0.0	0.0	0.0	0.0	0.0	0.0	0.0	0.0	0.0	0.0	0.0
GSM4138114_HNSCC_3_PBMC_TGACTAGTCTGAAAGA	54.78207267978554	82.88276513498681	54.71299695111897	17.371741211055213	0.0	27.960748353590002	0.0	0.0	3.2865748091310016	0.0	0.0	36.71467761680664	0.0	50.32592549240891	0.0	0.0	0.0	0.0	0.0	0.0	0.0	0.0	0.0	0.0	0.0	0.0	0.0	0.0
GSM4138114_HNSCC_3_PBMC_TGACTTTCAATGGAAT	0.0	43.17372026271761	0.0	20.950860211235675	27.78471652816046	0.0	56.20419510711188	0.0	0.0	0.0	0.0	13.901399742100859	24.55895711383276	0.0	41.08790098840982	0.0	0.0	21.934044051973647	0.0	0.0	0.0	0.0	0.0	0.0	0.0	0.0	0.0	0.0
GSM4138114_HNSCC_3_PBMC_TGAGAGGGTCCGAATT	72.09657595397164	83.06956201257591	121.36282564898889	32.86540114077872	0.0	0.0	91.33900361939503	0.0	84.683804391675	0.0	0.0	0.0	0.0	0.0	0.0	0.0	0.0	0.0	0.0	0.0	0.0	0.0	0.0	0.0	0.0	0.0	0.0	0.0
GSM4138114_HNSCC_3_PBMC_TGAGCCGGTACAGCAG	124.37634119412398	88.3866121444951	165.8592960084795	21.460340264632293	39.559614896426574	0.0	0.0	0.0	0.0	0.0	53.6991143201044	0.0	0.0	0.0	0.0	0.0	0.0	0.0	0.0	0.0	0.0	0.0	0.0	0.0	0.0	0.0	0.0	0.0
GSM4138114_HNSCC_3_PBMC_TGAGGGAAGGGTGTGT	31.658061733295504	132.4139912809064	143.2425050540193	73.89124339360657	0.0	0.0	191.53564995508742	0.0	0.0	0.0	0.0	0.0	0.0	0.0	42.62498475593741	0.0	34.7333406430995	0.0	0.0	0.0	0.0	0.0	0.0	0.0	0.0	0.0	0.0	0.0
GSM4138114_HNSCC_3_PBMC_TGAGGGAGTAGCCTAT	59.4762768642697	127.12114028321257	0.0	8.185006736488166	27.415003039718094	0.0	15.35219318012216	0.0	0.0	84.10877244175903	33.28179099170205	0.0	0.0	0.0	0.0	0.0	0.0	0.0	0.0	0.0	0.0	0.0	0.0	0.0	0.0	0.0	0.0	0.0
GSM4138114_HNSCC_3_PBMC_TGCGCAGAGGTAGCTG	0.0	16.141372875849704	102.92369554633777	46.82796068077165	0.0	56.55247437765803	0.0	50.011657842055136	54.44402737623582	0.0	0.0	0.0	0.0	0.0	0.0	30.23730903997367	0.0	0.0	65.87359565847173	0.0	0.0	0.0	0.0	0.0	0.0	0.0	0.0	0.0
GSM4138114_HNSCC_3_PBMC_TGGACGCGTTCCACAA	0.0	193.27793689744377	321.09535982437757	33.13162857953082	0.0	0.0	234.70431449386263	0.0	43.19278560780733	0.0	0.0	0.0	0.0	51.85897550034238	103.53529123747809	0.0	0.0	0.0	0.0	0.0	0.0	0.0	94.05432646904076	0.0	0.0	0.0	0.0	0.0
GSM4138114_HNSCC_3_PBMC_TTCTACAGTCTAGTGT	55.97920433909712	0.0	0.0	63.75578848107164	0.0	47.25311367983872	0.0	134.53463972147188	0.0	0.0	0.0	46.973827479545974	7.619193651602646	0.0	0.0	0.0	26.08307404712371	0.0	0.0	0.0	1.474252422963175	0.0	0.0	0.0	0.0	0.0	0.0	0.0
GSM4138114_HNSCC_3_PBMC_TTCTACATCTGCGTAA	122.11284002461868	132.122655394015	164.1537938610151	24.159024615646967	57.030927130855	0.0	0.0	12.217130882785566	0.0	0.0	97.543054517768	0.0	0.0	6.305928728803305	0.0	0.0	0.0	0.0	0.0	0.0	0.0	0.0	0.0	0.0	0.0	0.0	0.0	0.0
GSM4138114_HNSCC_3_PBMC_TTCTCAAGTCAAGCGA	97.08505764246216	0.0	0.0	11.179364831176063	8.825562825563978	0.0	25.75481226782357	77.70182975441166	0.0	0.0	0.0	106.7011068888447	0.0	5.651161346469787	0.0	0.0	0.0	0.0	0.0	0.0	0.0	0.0	0.0	0.0	0.0	0.0	0.0	0.0
GSM4138114_HNSCC_3_PBMC_TTCTCAAGTTATGTGC	57.35933732474803	146.67796082546792	0.0	19.704029882542592	46.377298834136695	59.830842309528435	0.0	0.0	0.0	48.74936689784018	42.668955167956014	0.0	0.0	0.0	0.0	0.0	0.0	0.0	0.0	0.0	0.0	0.0	0.0	0.0	0.0	0.0	0.0	0.0
GSM4138114_HNSCC_3_PBMC_TTCTTAGAGGCTCTTA	75.42459420989731	66.3245900697428	54.399456685188966	10.533846679351605	0.0	0.0	0.0	0.0	0.0	0.0	30.755965756653737	0.0	0.0	73.63793123998596	0.0	0.0	0.0	0.0	0.0	3.475894591136929	0.0	0.0	0.0	0.0	0.0	0.0	0.0	0.0
GSM4138114_HNSCC_3_PBMC_TTTCCTCTCCTTTCTC	74.84936060062863	3.0911455736337667	0.0	16.72406363836951	42.95899960136062	72.02802572846643	0.0	0.0	0.0	0.0	0.0	26.406225506217204	19.851803381829264	0.0	0.0	26.53462009535614	0.0	0.0	0.0	0.0	0.0	0.0	0.0	0.0	0.0	0.0	0.0	0.0
GSM4138114_HNSCC_3_PBMC_TTTGTCACACGAAAGC	67.52892785706058	111.67100294681578	62.400474625184145	29.08936667587005	0.0	113.15387737800602	0.0	0.0	0.0	0.0	0.0	0.0	0.0	0.0	0.0	0.0	66.07411932263557	0.0	0.0	0.0	0.0	0.0	0.0	0.0	0.0	0.0	0.0	0.0
GSM4138114_HNSCC_3_PBMC_TGTGTTTTCCCATTAT	0.0	74.31911066695291	312.0690236482122	52.033996031425076	39.72005425122205	0.0	228.9769323562287	6.826748798096525	0.0	0.0	0.0	0.0	0.0	0.0	0.0	0.0	0.0	0.0	112.49409142349643	0.0	0.0	0.0	0.0	0.0	0.0	0.0	0.0	0.0
GSM4138114_HNSCC_3_PBMC_AACCATGAGCTAAACA	115.63195299047133	69.48474854600468	91.80889790323502	35.6767040588734	0.0	0.0	25.09521374575443	0.0	73.20337940717862	0.0	0.0	0.0	0.0	0.0	0.0	0.0	0.0	0.0	0.0	0.0	0.0	0.0	0.0	0.0	0.0	0.0	0.0	0.0
GSM4138114_HNSCC_3_PBMC_AACTTTCCAGCCTTTC	101.74592090706363	0.0	0.0	30.577115001372572	0.0	0.0	0.0	66.00184899690397	0.0	118.71235735123898	85.89454238423929	0.0	0.0	75.78707416665202	0.0	27.649702583738975	0.0	0.0	0.0	0.0	0.0	0.0	0.17597329610575982	0.0	0.0	0.0	0.0	0.0
GSM4138114_HNSCC_3_PBMC_AAGGTTCGTAAATGAC	36.23602433915636	69.10649991825456	0.0	17.32726885823892	35.51621587851537	89.97924608285076	0.0	0.0	0.0	0.0	0.0	0.0	0.0	0.0	0.0	0.0	0.0	42.973032722735496	0.0	66.05377346351712	0.0	0.0	0.0	0.0	0.0	0.0	0.0	0.0
GSM4138114_HNSCC_3_PBMC_ACAGCCGCATCCCACT	93.05657116775916	73.12697585992814	0.0	62.150500768263704	86.45742150632267	0.0	84.86448385149575	22.357987966269597	0.0	149.74890015595608	0.0	0.0	0.0	0.0	0.0	0.0	0.0	0.0	0.0	0.0	0.0	0.0	0.0	0.0	0.0	0.0	0.0	0.0
GSM4138114_HNSCC_3_PBMC_ACATACGGTCACTGGC	92.59556948593851	182.6311411363072	0.0	36.92092683946234	0.0	78.14166369072086	0.0	0.0	0.0	0.0	0.0	0.0	0.0	0.0	35.4450738418306	0.0	104.54026373262244	0.0	0.0	91.50411933729691	0.0	0.0	0.0	0.0	0.0	0.0	0.0	0.0
GSM4138114_HNSCC_3_PBMC_ACCCACTCATGGTCAT	50.61650661052628	0.0	0.0	35.24578078385026	58.63759526191745	0.0	87.89294045386113	121.85556333000541	0.0	87.49391136702157	0.0	0.0	0.0	0.0	0.0	0.0	0.0	0.0	0.0	0.0	0.0	0.0	0.0	0.0	0.0	0.0	0.0	0.0
GSM4138114_HNSCC_3_PBMC_ACGATGTGTACCATCA	98.76711678743685	35.53794515562895	0.0	61.26766385183094	0.0	73.46483020157183	0.0	80.68066546333743	112.63328241976673	135.81738030800526	0.0	0.0	0.0	0.0	0.0	0.0	0.0	0.0	0.0	0.0	0.0	0.0	0.0	0.0	0.0	0.0	0.0	0.0
GSM4138114_HNSCC_3_PBMC_ACGCCAGCACACTGCG	94.08577388098863	124.04354692129591	0.0	39.85645078732393	90.28409549877108	4.220295875360039	55.65553717430794	21.19102292289288	0.0	0.0	0.0	148.26506059881316	0.0	0.0	11.320203200172601	0.0	0.0	0.0	0.0	0.0	0.0	0.0	0.0	0.0	0.0	0.0	0.0	0.0
GSM4138114_HNSCC_3_PBMC_ACGGGTCGTTACGACT	115.04569840460212	0.0	59.43376286755773	20.224972653866057	0.0	29.833382463868062	0.0	0.0	30.908676242407033	8.689320331837955	0.0	0.0	0.0	0.0	1.3224326896012393	86.29104862545776	0.0	0.0	0.0	0.0	0.0	0.0	0.0	0.0	0.0	0.0	0.0	0.0
GSM4138114_HNSCC_3_PBMC_ACGGGTCTCTGCCCTA	64.94239312072126	0.0	0.0	25.078556429840837	0.0	0.0	0.0	81.71348485991194	42.808220579041645	0.0	46.90359848197596	0.0	44.65000814778106	0.0	11.571792266725923	0.0	0.0	0.0	0.0	0.0	0.0	0.0	0.0	0.0	0.0	0.0	0.0	0.0
GSM4138114_HNSCC_3_PBMC_ACTTACTGTCATGCAT	46.67638169295424	34.18463903544808	0.0	15.138118327513626	0.0	0.0	45.04668437537489	0.0	68.31905117465801	0.0	0.0	42.58693712821597	68.22092419346745	0.0	0.0	0.0	0.0	0.0	0.0	0.0	0.0	0.0	5.799178583762607	0.0	0.0	0.0	0.0	0.0
GSM4138114_HNSCC_3_PBMC_ACTTGTTAGAGTAAGG	118.07572884529317	0.0	0.0	24.152219448393733	23.704465847832108	23.97373454903853	57.923904722985675	45.79598227035732	0.0	0.0	0.0	0.0	0.0	0.0	0.0	0.0	0.0	92.8482219617859	0.0	0.0	0.0	0.0	0.0	0.0	0.0	0.0	0.0	0.0
GSM4138114_HNSCC_3_PBMC_AGCGTCGCAACTGCGC	47.31661078970482	7.58458263663839	0.0	32.59376381512743	0.0	0.0	92.55959900274637	65.81955392945757	92.11777210072943	0.0	0.0	7.657983349273414	69.5616465249443	0.0	0.0	0.0	0.0	0.0	0.0	0.0	0.0	0.0	0.0	0.0	0.0	0.0	0.0	0.0
GSM4138114_HNSCC_3_PBMC_AGCTTGAAGGAGCGTT	22.59769340124398	0.0	0.0	37.61427960082411	30.05465725327083	46.991771711265926	18.487938961405483	52.493253371042684	0.0	0.0	0.0	106.43336882425801	0.0	0.0	48.84896846114436	0.0	0.0	0.0	0.0	0.0	0.0	0.0	0.0	0.0	0.0	0.0	0.0	0.0
GSM4138114_HNSCC_3_PBMC_AGGGATGCATCCGCGA	72.49038266445187	71.10521664670495	0.0	35.75759208760934	58.207849857033864	60.89732644693224	1.1657164738484296	0.0	0.0	20.62350226093723	0.6319888474359758	0.0	0.0	0.0	0.0	0.0	0.0	0.0	0.0	112.77180987760062	0.0	0.0	0.0	0.0	0.0	0.0	0.0	0.0
GSM4138114_HNSCC_3_PBMC_AGGTCATAGTTGCAGG	139.56201921955858	0.0	0.0	38.27648679684051	0.0	0.0	46.705304004760976	119.50137566147012	128.60252595513316	0.0	0.0	91.09608494288659	0.0	0.0	0.0	0.0	0.0	0.0	0.0	0.0	0.0	0.0	0.0	0.0	0.0	0.0	0.0	0.0
GSM4138114_HNSCC_3_PBMC_AGGTCCGTCAGCTGGC	42.81291256196755	0.0	69.64804960610967	16.757250760559934	0.0	0.0	0.0	92.89469456698258	0.0	0.0	54.36032318377467	0.0	0.0	19.067719980086537	0.0	0.0	0.0	0.0	0.0	0.0	0.0	0.0	0.0	0.0	0.0	0.0	0.0	0.0
GSM4138114_HNSCC_3_PBMC_AGTGGGATCGATAGAA	80.67223898735344	52.54115145712251	0.0	47.84752694399784	97.62565927428328	43.51650991265548	0.0	92.17240472966314	0.0	44.74905481357455	0.0	11.38637971754564	0.0	0.0	0.0	0.0	0.0	0.0	0.0	0.0	0.0	61.238402182486944	0.0	0.0	0.0	0.0	0.0	0.0
GSM4138114_HNSCC_3_PBMC_AGTGTCAAGTGTACTC	66.9847540116398	76.14767317522036	102.9852572218278	59.97355646811129	61.399553141874726	0.0	37.88950736671813	0.0	0.0	0.0	0.0	0.0	0.0	0.0	0.0	0.0	0.0	0.0	0.0	0.0	0.0	0.0	0.0	0.0	0.0	0.0	0.0	0.0
GSM4138114_HNSCC_3_PBMC_ATAGACCAGTGACATA	108.08981070481245	163.16513961309894	120.45896652932596	51.26770943748243	51.60204098141636	97.83302869065837	14.985507148785981	0.0	0.0	0.0	0.0	0.0	0.0	0.0	0.0	0.0	0.0	0.0	0.0	0.0	0.0	0.0	0.0	0.0	0.0	0.0	0.0	0.0
GSM4138114_HNSCC_3_PBMC_ATCACGAGTAAGTTCC	60.10210334821555	0.0	78.74668797131636	19.893393401052467	0.0	0.0	34.790607348372205	94.76979351589863	0.0	0.0	0.0	15.255682366130939	0.0	35.593995838521636	0.0	0.0	0.0	0.0	0.0	0.0	0.0	0.0	0.0	0.0	0.0	0.0	0.0	0.0
GSM4138114_HNSCC_3_PBMC_ATGGGAGTCACGCGGT	96.8529500079177	34.706925434827795	0.0	50.12118763845241	63.344853571343855	39.34229442656063	48.72449062753937	153.19356567612104	0.0	0.0	0.0	0.0	143.6239834354265	0.0	0.0	0.0	0.0	0.0	0.0	0.0	0.0	0.0	0.0	0.0	0.0	0.0	0.0	0.0
GSM4138114_HNSCC_3_PBMC_ATTGGACTCTCTTATG	36.69853213259866	89.40378460023862	33.82196852379144	12.164374245205728	37.77309972433047	0.0	20.703081473302124	0.0	0.0	0.0	0.0	0.0	0.0	0.0	0.0	0.0	0.0	0.0	0.0	0.0	0.0	0.0	0.0	0.0	0.0	0.0	0.0	0.0
GSM4138114_HNSCC_3_PBMC_CAACCTCGTACATCCA	73.822856755453	65.35394280668254	13.063959587778593	23.750823570455903	12.324049932445545	10.79198310908069	15.67801046205987	0.0	0.0	67.15583562415128	26.355778942893647	0.0	27.876131762897767	91.19506757469907	0.0	0.0	0.0	0.0	0.0	0.0	0.0	0.0	0.0	0.0	0.0	0.0	0.0	0.0
GSM4138114_HNSCC_3_PBMC_CAACTAGCACAACGCC	76.65297317165627	0.0	0.0	22.78534003801612	25.25627002195681	0.0	0.0	60.642442336751536	0.0	15.652880506880832	78.60164503006318	0.0	0.0	0.0	0.0	38.233236246275574	0.0	68.63178250552694	0.0	0.0	0.0	1.0303013820128226	0.0	0.0	0.0	0.0	0.0	0.0
GSM4138114_HNSCC_3_PBMC_CAAGAAATCTATGTGG	85.34144457926801	30.764007397245532	83.12410565574005	27.113114705139182	0.0	32.97222884663433	22.59226592898726	22.475850480193934	53.455774419181395	0.0	0.0	0.0	0.0	0.0	0.0	10.609558138509762	0.0	0.0	0.0	0.0	0.0	0.0	0.0	0.0	0.0	0.0	0.0	0.0
GSM4138114_HNSCC_3_PBMC_CAAGATCCACCAGATT	95.82375322170361	66.6197210621896	83.1520712524533	37.44855289890333	0.0	0.0	32.18541471660191	0.0	0.0	0.0	21.220399702504245	0.0	0.0	0.0	0.0	0.0	77.89868066106285	0.0	0.0	0.0	0.0	0.0	0.0	0.0	0.0	0.0	0.0	0.0
GSM4138114_HNSCC_3_PBMC_CAGTAACAGCAACGGT	57.43207535827358	82.7323387134052	69.91468057047196	23.655481994924624	43.25857100098498	54.85831179230642	0.0	0.0	0.0	0.0	13.36281255993455	0.0	0.0	0.0	0.0	0.0	0.0	0.0	0.0	0.0	0.0	0.0	0.0	0.0	0.0	0.0	0.0	0.0
GSM4138114_HNSCC_3_PBMC_CATATGGCAAGTAGTA	94.01065447630396	168.7427278844936	41.51519212483626	53.20439468603333	69.36443001510658	53.149578196608	1.091623190593405	0.0	0.0	95.8203020542324	0.0	0.0	0.0	0.0	0.0	0.0	0.0	0.0	0.0	0.0	0.0	0.0	0.0	0.0	0.0	0.0	0.0	0.0
GSM4138114_HNSCC_3_PBMC_CATATGGGTACGAAAT	76.47109663031581	6.172558951720536	42.67486560849547	6.64584346286297	0.0	31.4344267032415	0.0	0.0	0.0	0.0	57.49176342008055	0.0	0.0	71.60380846022795	0.0	57.50134058147024	4.4725300767798855	0.0	0.0	0.0	0.0	0.0	0.0	0.0	0.0	0.0	0.0	0.0
GSM4138114_HNSCC_3_PBMC_CATCCACTCGCATGGC	105.77288185182044	0.0	0.0	33.55809957704254	76.57951427302457	46.31092824270535	0.0	128.33262200016347	0.0	3.5074284075186752	36.92876006546308	78.90779228955667	20.165697193248576	0.0	0.0	0.0	0.0	20.94777806977794	0.0	0.0	0.0	0.0	0.0	0.0	0.0	0.0	0.0	0.0
GSM4138114_HNSCC_3_PBMC_CCAGCGATCACAATGC	87.84034090653725	113.4194860756555	0.0	29.905013738919774	14.746531296248866	0.0	0.0	0.0	0.0	0.0	57.41845688589263	109.5531827811902	0.0	66.9354647236089	0.0	0.0	0.0	0.0	0.0	0.0	0.0	0.0	0.0	0.0	0.0	0.0	0.0	0.0
GSM4138114_HNSCC_3_PBMC_CCCATACGTTTGGGCC	79.34535262436341	17.815576190667574	86.79185628855815	26.684736862472942	0.0	127.8447663671413	0.0	96.38892645615894	66.46262317280015	33.61522979939517	0.0	0.0	0.0	0.0	0.0	40.20908732617062	0.0	0.0	0.0	0.0	0.0	0.0	0.0	0.0	0.0	0.0	0.0	0.0
GSM4138114_HNSCC_3_PBMC_CCGGGATTCAGCTCGG	105.45909599231115	83.27612769981825	51.27462050237609	21.556027027839207	49.89535415850393	0.0	59.95825400290935	4.8921613260023795	0.0	0.0	0.0	0.0	0.0	0.0	0.0	0.0	0.0	0.0	0.0	0.0	0.0	0.0	0.0	0.0	0.0	0.0	0.0	0.0
GSM4138114_HNSCC_3_PBMC_CCGGTAGAGGACAGAA	178.11082165205323	283.03476846250254	57.29656072789691	36.31819861106055	140.78842001117832	102.19577657815813	0.0	0.0	0.0	0.0	0.0	0.0	0.0	0.0	0.0	0.0	0.0	148.08213468566433	0.0	0.0	0.0	0.0	0.0	0.0	0.0	0.0	0.0	0.0
GSM4138114_HNSCC_3_PBMC_CCGGTAGCAGCATGAG	96.04197845075527	119.98351175387523	0.0	26.497940938965755	39.79377724374553	26.219664351334785	0.0	0.0	19.441392230320986	0.0	0.0	0.0	0.0	0.0	0.0	0.0	0.0	0.0	0.0	84.37666179413249	0.0	0.0	0.0	0.0	0.0	0.0	0.0	0.0
GSM4138114_HNSCC_3_PBMC_CCGTACTCATCGATGT	61.8581597028648	78.57840715463993	113.28031229180574	33.812837510436296	0.0	0.0	0.0	0.0	0.0	0.0	34.619736655314945	0.0	0.0	43.23342607987658	0.0	0.0	0.0	0.0	0.0	0.0	0.0	0.0	0.0	0.0	0.0	0.0	0.0	0.0
GSM4138114_HNSCC_3_PBMC_CCTATTAGTCCAAGTT	28.238878234882844	9.94499864591362	0.0	20.70849292980176	46.78486868019694	59.28752196082023	0.0	65.19532573807395	0.0	34.352423716696286	0.0	0.0	0.0	0.0	0.0	0.0	0.0	0.0	0.0	24.853063284595375	0.0	0.0	0.0	0.0	0.0	0.0	0.0	0.0
GSM4138114_HNSCC_3_PBMC_CCTTCGAGTGGCTCCA	41.383120504735324	0.0	0.0	29.49880388939559	35.73657430175941	18.37842782220713	0.0	19.753832074427777	0.0	0.0	28.577146360895338	0.0	42.411501821976174	0.0	94.08335867570509	114.20113942753086	0.0	0.0	0.0	0.0	0.0	0.0	0.0	9.020926059309742	0.0	0.0	0.0	0.0
GSM4138114_HNSCC_3_PBMC_CCTTTCTCAAAGGCGT	89.81920827634528	30.959052151168073	103.06348767486249	22.316389842209528	39.97467808891334	109.2393524025963	0.0	96.39591270949362	0.0	0.0	0.0	0.0	0.0	0.0	0.0	0.0	0.0	0.0	0.0	0.0	0.0	0.0	0.0	0.0	0.0	0.0	0.0	0.0
GSM4138114_HNSCC_3_PBMC_CGAGAAGAGTGCGTGA	73.16730367330014	50.52169887166073	81.90567605601296	26.367788519723327	19.116992211378715	36.1469499547459	0.0	0.0	0.0	0.0	0.0	0.0	0.0	41.508018080389995	0.0	0.0	0.0	0.0	0.0	0.0	0.0	0.0	0.0	0.0	0.0	0.0	0.0	0.0
GSM4138114_HNSCC_3_PBMC_CGATGTAAGGACTGGT	157.55598320114865	0.0	0.0	44.72460826184011	91.22299087668652	0.0	50.39205817210092	83.20492408097725	0.0	61.94059665698678	0.0	0.0	0.0	0.0	0.0	0.0	0.0	0.0	0.0	2.210068671842646	0.0	0.0	0.0	0.0	0.0	0.0	0.0	0.0
GSM4138114_HNSCC_3_PBMC_CGGACACGTGACCAAG	83.07214235298636	167.27156952363904	0.0	49.75862027233254	8.546073998191794	0.0	49.18624975738627	0.0	0.0	0.0	0.0	0.0	0.0	56.14564810489041	0.0	0.0	0.0	0.0	0.0	103.0658099568055	0.0	0.0	0.0	0.0	0.0	0.0	0.0	0.0
GSM4138114_HNSCC_3_PBMC_CGGACTGGTTCTGTTT	123.89965154540958	0.0	0.0	22.610003454455086	60.43646891298843	24.30868523636818	0.0	63.38946967445807	0.0	0.0	0.0	40.48842050983699	39.70329413928985	0.0	1.7551056515155474	0.0	0.0	0.0	0.0	0.0	6.171970697119382	0.0	0.0	0.0	0.0	0.0	0.0	0.0
GSM4138114_HNSCC_3_PBMC_CGGGTCACATCTATGG	46.27460552286628	50.73839002566619	7.528926773351977	24.186746003971745	26.851728665542755	21.61609852197967	8.635806184108343	7.898550030732852	0.0	0.0	0.0	31.117587640996337	0.0	0.0	0.0	0.0	0.0	0.0	0.0	0.0	0.0	0.0	0.0	35.891659473483635	17.963505637508995	0.0	0.0	0.0
GSM4138114_HNSCC_3_PBMC_CGTGTCTTCATGCTCC	54.900287820586264	0.0	0.0	37.59861062188238	0.0	40.4652936676863	0.0	135.05206679858074	105.26801491199008	0.0	0.0	0.0	97.14469057377389	0.0	41.0988962713347	0.0	0.0	0.0	0.0	0.0	0.0	0.0	0.0	0.0	0.0	0.0	0.0	0.0
GSM4138114_HNSCC_3_PBMC_CTAACTTGTGGCAAAC	79.36990112921208	0.0	0.0	43.480120935629316	69.46254248722686	35.12896900447379	0.0	65.67000835631111	0.0	172.65837688268073	0.0	0.0	0.0	0.0	0.0	62.4819525592138	0.0	0.0	0.0	0.0	0.0	0.0	0.0	0.0	0.0	0.0	0.0	0.0
GSM4138114_HNSCC_3_PBMC_CTAACTTTCAGCTGGC	0.0	0.0	0.0	1477.6440558549743	0.0	0.0	0.0	0.0	0.0	0.0	0.0	0.0	0.0	0.0	0.0	0.0	0.0	0.0	0.0	0.0	0.0	0.0	0.0	0.0	0.0	0.0	0.0	0.0
GSM4138114_HNSCC_3_PBMC_CTCGAAACAAGGACAC	104.52281161318557	58.67994443204571	46.22133831567035	42.06006190659264	0.0	30.220705262516127	12.15289940421266	96.26695086818982	108.68073728127824	0.0	28.709794442582226	52.59019509375838	28.672102035274747	0.0	0.0	0.0	0.0	0.0	0.0	0.0	0.0	0.0	0.0	0.0	0.0	0.0	0.0	0.0
GSM4138114_HNSCC_3_PBMC_CTCTACGAGTGCGTGA	61.15487349341808	84.96288304194228	48.57505466943097	28.986657923436457	50.18472281825801	0.0	0.0	0.0	0.0	0.0	44.7323889623557	0.0	0.0	0.0	0.0	0.0	0.0	0.0	0.0	0.0	0.0	0.0	0.0	0.0	0.0	0.0	0.0	0.0
GSM4138114_HNSCC_3_PBMC_CTGAAGTAGAAACCGC	46.89413653296048	58.49988839476085	0.0	41.58679835832512	0.0	2.663535024824711	0.0	46.97363099043211	95.76971789588785	64.97453047659717	41.09585407342285	0.0	0.0	0.0	0.0	3.8594599286992484	0.0	0.0	0.0	0.0	0.0	0.0	0.0	0.0	0.0	0.0	0.0	0.0
GSM4138114_HNSCC_3_PBMC_CTGAAGTCACTAAGTC	105.36725788344904	59.70061924338142	0.0	37.474542296119	50.621882416430175	35.36234043297436	0.0	27.85230021519124	0.0	109.59467241941041	0.0	0.0	0.0	0.0	0.0	0.0	0.0	0.0	0.0	0.0	0.0	0.0	0.0	0.0	0.0	0.0	0.0	0.0
GSM4138114_HNSCC_3_PBMC_CTGTTTACACAACGTT	0.0	72.87779762502942	0.0	23.186453736829353	0.0	66.61447210232993	0.0	2.0850944466268335	44.325223850572826	0.0	0.0	0.0	0.0	0.0	92.57023176388275	0.0	0.0	30.252412581425197	0.0	0.0	0.0	0.0	0.0	0.0	0.0	0.0	0.0	0.0
GSM4138114_HNSCC_3_PBMC_GAACGGATCAGGTTCA	53.23900178259183	107.32128489001971	0.0	11.85712294741623	0.0	0.0	35.96646073462882	0.0	50.80745780954189	0.0	0.0	62.26963937881734	56.013479466261515	0.0	0.0	0.0	0.0	0.0	0.0	0.0	0.0	0.0	0.0	0.0	0.0	0.0	0.0	0.0
GSM4138114_HNSCC_3_PBMC_GACCTGGCAAGACACG	98.68297558700668	0.0	7.324733247610257	29.529575624144996	66.43735586193152	0.0	82.64043698121587	119.57458334161981	0.0	0.0	0.0	0.0	100.76056577771926	0.0	0.0	0.0	0.0	0.0	0.0	0.0	59.14609361085092	0.0	0.0	0.0	0.0	0.0	0.0	0.0
GSM4138114_HNSCC_3_PBMC_GACGCGTAGTTAGGTA	75.12568165311163	16.412817344953712	0.0	33.712528212835196	0.0	0.0	0.0	61.2750570852498	0.0	0.0	23.12687737702898	49.46614298358314	101.12789327552296	64.23454850429891	7.884989083553498	24.833418763899555	0.0	0.0	0.0	0.0	0.0	0.0	0.0	0.0	0.0	0.0	0.0	0.0
GSM4138114_HNSCC_3_PBMC_GACTACAAGCGTTCCG	116.64549550826399	51.450791592780874	0.0	75.3472333060647	0.0	0.0	0.0	89.1162205415275	103.28799458987146	145.85258981306978	117.30090900702412	0.0	0.0	0.0	0.0	0.0	40.70620355819653	0.0	0.0	0.0	0.0	0.0	0.0	0.0	0.0	0.0	0.0	0.0
GSM4138114_HNSCC_3_PBMC_GCACATAGTTGTCGCG	0.0	104.30583286362042	0.0	58.32552967668922	0.0	38.965112142809346	0.0	0.0	0.0	0.0	9.98184064320314	127.66535936181764	0.0	16.006481164753055	114.94963287549737	0.0	0.0	0.0	0.0	0.0	0.0	0.0	0.0	70.03585479755056	0.0	0.0	0.0	0.0
GSM4138114_HNSCC_3_PBMC_GCATACAGTCAGATAA	44.777277823824136	26.20222292265102	0.0	15.096977063899663	83.84438578221464	35.00291019157838	0.0	0.0	0.0	0.0	0.0	160.39138376295662	0.0	0.0	0.0	0.0	0.0	0.0	0.0	0.0	0.0	0.0	0.0	0.0	0.0	0.0	0.0	0.0
GSM4138114_HNSCC_3_PBMC_GCATGTAGTATGAAAC	46.473716367140966	0.0	0.0	19.870577099173076	8.382605665977758	60.64393149556803	0.0	6.483754486335451	0.0	79.43324422757854	0.4918229293009489	0.0	0.0	0.0	0.0	38.92252324657379	0.0	0.0	3.113581794747147	0.0	0.0	0.0	43.02427569989406	0.0	0.0	0.0	0.0	0.0
GSM4138114_HNSCC_3_PBMC_GCCAAATGTCCTAGCG	0.0	0.0	57.69532744114863	11.093121005273654	0.0	0.0	86.42135105699958	0.0	83.591669355173	0.0	0.0	0.0	0.0	0.0	48.742384641229336	113.50067713919923	0.0	0.0	0.0	0.0	0.0	0.0	0.0	0.0	0.0	0.0	0.0	0.0
GSM4138114_HNSCC_3_PBMC_GCGCAGTAGTTGTAGA	68.24730009910076	97.2619388068777	61.01633640213503	21.540358978011767	0.0	46.44952085932797	9.18232771020342	31.678538811065437	0.0	0.0	0.0	0.0	0.0	0.0	3.5364453833304097	11.49954110911875	100.1662210769748	0.0	0.0	0.0	0.0	0.0	0.0	0.0	0.0	0.0	0.0	0.0
GSM4138114_HNSCC_3_PBMC_GGAAAGCCATGGTTGT	105.49138756083417	0.0	0.0	29.09650807526602	59.70451117948278	0.0	34.98163632938303	103.18346520291749	0.0	79.61344272342446	0.0	0.0	0.0	0.0	0.0	0.0	0.0	0.0	0.0	0.0	0.0	0.0	0.0	0.0	0.0	0.0	0.0	0.0
GSM4138114_HNSCC_3_PBMC_GGAAAGCTCACAACGT	143.1536570736762	72.71059541369203	0.0	25.735974599373307	0.0	0.0	49.508808144392894	0.0	37.57924328583054	174.02326485756802	1.3071912018135043	0.0	0.0	0.0	0.0	0.0	0.0	0.0	0.0	0.0	0.0	0.0	0.0	0.0	0.0	0.0	0.0	0.0
GSM4138114_HNSCC_3_PBMC_GGACAAGTCGCCGTGA	77.91184872535135	171.94293657297015	0.0	88.4019408022275	64.8473613481806	0.0	0.0	0.0	0.0	0.0	82.71588414549693	180.52451662758898	0.0	0.0	0.0	28.69426959423351	0.0	0.0	72.41972573038021	0.0	0.0	0.0	45.569812444626976	0.0	0.0	0.0	0.0	0.0
GSM4138114_HNSCC_3_PBMC_GGACGTCTCGACGGAA	55.618402208527215	11.37237049261868	0.0	36.622205408003836	0.0	65.86807907501003	0.0	0.0	35.471127129409126	0.0	0.0	97.0490529331453	0.0	0.0	0.0	90.297341252152	0.0	0.0	0.0	0.0	0.0	0.0	0.0	0.0	0.0	0.0	0.0	0.0
GSM4138114_HNSCC_3_PBMC_GGATTACTCCACGCAG	112.00933838355891	140.2889499542228	0.0	39.38234481650361	100.83394807043062	0.0	35.18043637087787	0.0	0.0	0.0	0.0	86.64379439206705	0.0	0.0	0.0	0.0	0.0	0.0	0.0	0.0	6.181451128918307	0.0	0.0	0.0	0.0	0.0	0.0	0.0
GSM4138114_HNSCC_3_PBMC_GGGAATGGTCAAGCGA	73.48418496645111	2.82887328751119	0.0	15.89019280173153	0.0	0.0	0.0	0.0	0.0	34.8793809950714	57.46306048718026	0.0	30.706441851585716	86.40319362614673	0.0	74.13727593750959	0.0	0.0	0.0	0.0	0.0	0.0	0.0	0.0	0.0	0.0	0.0	0.0
GSM4138114_HNSCC_3_PBMC_GTACGTAGTAACGCGA	0.0	101.14252307077187	147.54329961581325	31.581939501573963	93.9168303637629	0.0	78.62069577779786	12.805862346589578	0.0	0.0	0.0	0.0	0.0	0.0	76.27217161275215	0.0	0.0	0.0	0.0	0.0	0.0	0.0	0.0	0.0	0.0	0.0	0.0	0.0
GSM4138114_HNSCC_3_PBMC_GTATTCTAGGCTAGGT	65.96843276358031	0.0	0.0	82.97456180042788	0.0	0.0	59.14932356879445	74.69363009218232	40.16662172887871	0.0	0.0	0.0	195.9435676231371	0.0	0.0	0.0	0.0	0.0	0.0	0.0	0.0	0.0	0.0	0.0	0.0	0.0	0.0	0.0
GSM4138114_HNSCC_3_PBMC_GTATTCTGTGCTAGCC	0.0	36.15207347284302	0.0	25.29707265749196	0.0	107.666206183386	0.0	38.30619281781726	0.0	0.0	0.0	0.0	0.0	0.0	62.21039852755242	0.0	98.72354316416637	29.923899903875526	0.0	19.97351638560402	0.0	0.0	0.0	0.0	0.0	0.0	0.0	0.0
GSM4138114_HNSCC_3_PBMC_GTGCAGCTCTAAGCCA	57.690774500991765	104.93635529722613	65.38587451442599	19.94412765821554	0.0	26.987992309100637	0.0	0.0	0.0	0.0	0.0	0.0	0.0	16.22371259630213	0.0	0.0	0.0	0.0	0.0	0.0	0.0	0.0	27.27277719235405	0.0	0.0	0.0	0.0	0.0
GSM4138114_HNSCC_3_PBMC_GTGCGGTGTGTGTGCC	64.18747782646996	38.62875715769856	93.09897167350957	23.164215822325108	0.0	99.59159327452723	0.0	48.66664459173079	0.0	0.0	0.0	0.0	0.0	52.17539793848789	0.0	0.0	0.0	0.0	0.0	0.0	0.0	0.0	0.0	0.0	0.0	0.0	0.0	0.0
GSM4138114_HNSCC_3_PBMC_GTGCTTCTCCTAGGGC	63.551249426196414	77.29688083555017	89.07973596005569	21.62622347843622	0.0	0.0	40.26447117919558	0.0	2.816946904701602	0.0	0.0	0.0	0.0	0.0	0.0	0.0	0.0	0.0	0.0	0.0	0.0	0.0	0.0	80.60931880371113	0.0	0.0	0.0	0.0
GSM4138114_HNSCC_3_PBMC_GTTAAGCGTCTCCATC	108.57789338505609	42.776968800223116	0.0	32.29522065837965	0.0	0.0	40.00250974737925	1.0386073626022678	51.47279254659637	113.77674681796636	0.0	0.0	0.0	0.0	0.0	28.629793377777883	0.0	0.0	0.0	0.0	0.0	0.0	0.0	0.0	0.0	0.0	0.0	0.0
GSM4138114_HNSCC_3_PBMC_GTTAAGCTCTGCCCTA	79.9928806831593	91.26284247547285	0.0	32.48649583656823	0.0	0.0	0.0	0.0	0.0	0.0	40.98738236685904	142.91261619798536	0.0	83.38269168733201	0.0	0.0	0.0	0.0	0.0	0.0	0.0	0.0	0.0	0.0	0.0	0.0	0.0	0.0
GSM4138114_HNSCC_3_PBMC_GTTCGGGGTTAGTGGG	134.02553561170765	157.0167103774835	90.6328645502394	58.84656647693794	0.0	0.0	80.52376347152035	0.0	69.2391558508864	0.0	0.0	0.0	0.0	0.0	0.0	0.0	0.0	0.0	0.0	0.0	0.0	0.0	0.0	0.0	0.0	0.0	0.0	0.0
GSM4138114_HNSCC_3_PBMC_GTTCTCGGTGGCGAAT	58.05298836805194	0.0	0.0	35.548079136652504	0.0	0.0	0.0	113.80416889786123	0.0	0.0	15.66398822161132	79.1667566827786	0.21329815636786795	37.3099617470833	0.0	0.0	0.0	0.0	0.0	0.0	0.0	0.0	0.0	0.0	0.0	0.0	0.0	0.0
GSM4138114_HNSCC_3_PBMC_TACACGAAGTACCGGA	71.03393174773129	0.0	0.0	31.737785347134377	0.0	0.0	0.0	0.0	0.0	0.0	26.05937027229777	63.3871195927413	0.0	0.0	0.0	114.44381753194591	49.00076565054311	10.67295381482195	0.0	0.0	0.0	0.0	0.0	0.0	0.0	0.0	0.0	0.0
GSM4138114_HNSCC_3_PBMC_TATCTCAAGGCGTACA	0.0	0.0	0.0	61.488236526148405	0.0	0.0	61.59384784989695	61.322800960574426	0.0	0.0	0.0	0.0	0.0	55.52837563279992	66.9949940526777	0.0	0.0	176.63981244213971	0.0	0.0	0.0	0.0	0.0	0.0	0.0	0.0	0.0	0.0
GSM4138114_HNSCC_3_PBMC_TATCTCAGTACTCAAC	78.12699590115042	0.0	58.5656827174852	21.710169505177475	0.0	0.0	91.42019835845021	52.91561488277922	0.0	0.0	0.0	0.0	0.0	0.0	0.0	0.0	0.0	0.0	0.0	0.0	0.0	0.0	84.52727020292654	0.0	0.0	0.0	0.0	0.0
GSM4138114_HNSCC_3_PBMC_TATGCCCCATGCCTTC	118.97304585073752	23.510709114156633	0.0	63.01618122191848	0.0	66.8085580696971	3.399499231845465	0.0	0.0	0.0	0.0	0.0	0.0	90.23281614984407	0.0	47.018776568028	0.0	93.28067442687518	0.0	0.0	0.0	17.287168106086355	0.0	0.0	0.0	0.0	0.0	0.0
GSM4138114_HNSCC_3_PBMC_TCACAAGCAAGCGATG	0.0	147.38383080553837	20.22820182192978	15.189362738084196	0.0	0.0	0.0	0.0	0.0	0.0	33.71791842274047	13.926299453868827	0.0	0.0	83.42065580828582	0.0	35.06221823884713	0.0	0.0	0.0	0.0	0.0	0.0	0.0	0.0	0.0	0.0	0.0
GSM4138114_HNSCC_3_PBMC_TCAGCTCCACATTTCT	75.6654058577148	50.845905351249336	0.0	20.663025733978895	71.55053335154047	0.0	0.0	0.0	0.0	45.907320790520046	81.07307453922053	0.0	0.0	0.0	0.0	46.22452835577024	0.0	0.0	0.0	0.0	0.0	52.47926205566023	0.0	0.0	0.0	0.0	0.0	0.0
GSM4138114_HNSCC_3_PBMC_TCAGGATCACCGAAAG	0.0	0.0	0.0	28.446551090296076	0.0	0.5862687097889148	10.978455535072925	114.06308146348198	0.0	0.0	23.548719555493122	20.12642037754562	57.809971871168834	0.0	122.32654614396273	0.0	25.713756036411564	0.0	0.0	0.0	0.0	0.0	0.0	0.0	0.0	0.0	0.0	0.0
GSM4138114_HNSCC_3_PBMC_TCATTTGGTTGGACCC	55.689867829065385	43.2392605132442	0.0	42.17045598922513	0.0	0.0	0.0	19.725212369452397	0.0	0.0	61.792235707410875	60.604031810140214	0.0	0.0	0.0	0.0	0.0	0.0	0.0	0.0	0.0	0.0	0.0	0.0	0.0	17.67852295176838	0.0	0.0
GSM4138114_HNSCC_3_PBMC_TCGCGTTCAGATCGGA	92.75348393606536	25.480456952535235	46.92324555604318	40.19417883869592	53.378877561301046	55.202832574206255	0.0	107.77979144419298	0.0	12.994140051416169	0.0	0.0	0.0	0.0	0.0	0.0	0.0	75.10058216888795	0.0	0.0	0.0	0.0	0.0	0.0	0.0	0.0	0.0	0.0
GSM4138114_HNSCC_3_PBMC_TCGTACCGTCCTAGCG	0.0	53.994088585721556	0.0	38.537534191727175	0.0	0.0	0.0	65.82591182423519	0.0	0.0	115.69733338670765	123.20228833227856	0.0	0.0	118.81477201404009	0.0	0.0	0.0	0.0	0.0	0.0	0.0	48.78902819049274	0.0	0.0	0.0	0.0	0.0
GSM4138114_HNSCC_3_PBMC_TCTCTAAGTGATGTCT	32.40438668326318	37.172309890239006	0.0	20.238836321034942	0.0	0.0	73.92354656079651	6.606313895561866	16.546857258225824	0.0	0.0	0.0	0.0	0.0	0.0	14.455609759297639	0.0	0.0	0.0	98.57733944187648	0.0	0.0	12.507867601746483	34.48973507673545	0.0	0.0	0.0	0.0
GSM4138114_HNSCC_3_PBMC_TCTCTAATCCTGTACC	54.926503130142585	35.03144715714844	0.0	31.1523928742882	0.0	0.0	27.17632078251789	0.0	74.40064813317332	0.0	0.0	109.49923310737132	0.0	0.0	0.0	57.38567015729088	0.0	0.0	0.0	0.0	0.0	0.0	0.0	0.0	0.0	0.0	0.0	0.0
GSM4138114_HNSCC_3_PBMC_TCTGGAAAGAGTGACC	0.0	72.98019214962378	119.09930207562705	33.32964613181244	0.0	0.0	188.4326710917223	0.0	0.0	0.0	0.0	0.0	0.0	0.0	80.35664742875113	0.0	99.72017932478373	0.0	0.0	0.0	0.0	0.0	0.0	0.0	0.0	0.0	0.0	0.0
GSM4138114_HNSCC_3_PBMC_TCTTTCCGTCCGCTGA	39.75815175468744	46.82163704241099	111.97012052561713	38.30856520373781	0.0	28.191989451409952	21.948318794468	10.181563897045507	52.80462863531659	0.0	0.0	0.0	0.0	0.0	0.0	0.0	0.0	0.0	0.0	0.0	0.0	0.0	0.0	0.0	0.0	0.0	0.0	0.0
GSM4138114_HNSCC_3_PBMC_TGAAAGACAGACAAAT	90.3185986759549	75.75089284490892	13.794074042954952	37.66472340930113	0.0	93.4653050567925	27.765623463695643	0.0	0.0	0.0	0.0	88.5889074388298	0.0	41.16267294854019	0.0	0.0	0.0	0.0	0.0	0.0	0.0	0.0	0.0	0.0	0.0	0.0	0.0	0.0
GSM4138114_HNSCC_3_PBMC_TGACGGCGTAAGGGCT	84.6140311385474	52.25658899339258	0.0	31.4395808442231	60.67682352951641	21.959511710565636	0.0	52.41164862959906	0.0	0.0	0.0	0.0	0.0	0.0	0.0	0.0	0.0	126.44382238810493	0.0	0.0	0.0	0.0	0.0	0.0	0.0	0.0	0.0	0.0
GSM4138114_HNSCC_3_PBMC_TGCTGCTCAACGCACC	53.80456337891369	90.2976984513762	0.0	26.785635040163157	0.0	74.7556128801631	0.0	0.0	63.12640672996135	91.34958200733756	0.0	0.0	0.0	0.0	0.0	0.0	0.0	0.0	0.0	0.0	0.0	0.0	0.0	0.0	0.0	0.0	0.0	0.0
GSM4138114_HNSCC_3_PBMC_TGTATTCTCCCTAACC	79.50009740619443	62.129877239015926	0.0	30.069508537793176	0.0	76.73195064966953	0.0	0.0	57.87546129952878	0.0	0.0	0.0	62.245619025329525	0.0	0.0	0.0	0.0	0.0	0.0	0.0	0.0	0.0	0.0	0.0	0.0	0.0	0.0	0.0
GSM4138114_HNSCC_3_PBMC_TTAACTCTCCTGCTTG	0.0	0.0	0.0	30.577465112951597	0.0	0.0	52.11059975432328	128.35931337854214	0.0	0.0	0.0	2.784674243267499	81.44728738409904	0.0	82.26862924221798	0.0	78.89238534740947	0.0	0.0	0.0	0.0	0.0	0.0	0.0	0.0	0.0	0.0	0.0
GSM4138114_HNSCC_3_PBMC_TTCTCCTTCTTGTATC	105.37966781895382	113.07297879613748	0.0	60.43617856532333	91.24398302412041	0.0	118.58104609101376	0.0	0.0	185.17704084484188	0.0	0.0	0.0	0.0	0.0	0.0	0.0	0.0	0.0	0.0	0.0	0.0	0.0	0.0	0.0	0.0	0.0	0.0
GSM4138114_HNSCC_3_PBMC_TTGGCAACAGATCCAT	133.8033640588322	0.0	0.0	18.65898122268104	0.0	68.57302514478219	0.0	59.180895535596584	28.588718926389344	29.394329374225368	0.0	0.0	0.0	0.0	0.0	0.0	0.0	0.0	0.0	0.0	0.0	0.0	0.0	0.0	0.0	32.29928431033842	0.0	0.0
GSM4138114_HNSCC_3_PBMC_AAACCTGCACCAGCAC	389.68885935447986	138.27464842269637	98.1922726930072	38.75210704894572	0.0	0.0	0.0	0.0	0.0	0.0	127.9520226826693	0.0	0.0	102.82553098267907	0.0	0.0	0.0	0.0	0.0	0.0	0.0	0.0	0.0	0.0	0.0	0.0	0.0	0.0
GSM4138114_HNSCC_3_PBMC_AATCCAGCATAAGACA	252.793952513276	163.656845643102	0.0	18.74942263385596	0.0	0.0	0.0	0.0	136.7085321571151	0.0	186.3105272977326	223.0157519481531	0.0	0.0	0.0	0.0	0.0	0.0	0.0	0.0	0.0	0.0	0.0	0.0	0.0	0.0	0.0	0.0
GSM4138114_HNSCC_3_PBMC_ACCGTAAGTCTTCGTC	2009.7396619533608	0.0	0.0	0.0	0.0	0.0	0.0	0.0	0.0	0.0	0.0	0.0	0.0	0.0	794.296976221915	0.0	0.0	0.0	75.77461060833522	0.0	0.0	0.0	0.0	0.0	0.0	0.0	0.0	0.0
GSM4138114_HNSCC_3_PBMC_ACGGAGACATGGGACA	143.52682507154447	107.66187075985255	0.0	31.896173406255794	0.0	0.0	110.72291751944779	0.0	154.89639445569412	71.61775561645773	0.0	0.0	42.468495314757	0.0	0.0	36.69153617144531	0.0	0.0	0.0	0.0	0.0	0.0	0.0	0.0	0.0	0.0	0.0	0.0
GSM4138114_HNSCC_3_PBMC_ACGGGCTTCTTGCAAG	208.99832340167805	122.9544624855699	151.43360182181578	41.2134031253248	0.0	0.0	179.9323700367627	0.0	0.0	0.0	0.0	0.0	0.0	105.53605741385272	35.98651951365243	0.0	0.0	0.0	0.0	0.0	0.0	0.0	0.0	0.0	0.0	0.0	0.0	0.0
GSM4138114_HNSCC_3_PBMC_ACTTACTGTTGGTAAA	0.0	0.0	0.0	0.0	0.0	1907.3756199740615	1.1633939657938357	0.0	0.0	0.0	0.0	0.0	0.0	0.0	0.0	0.0	0.0	0.0	0.0	0.0	0.0	0.0	0.0	0.0	0.0	0.0	1118.4253554579648	0.0
GSM4138114_HNSCC_3_PBMC_ACTTTCACATTCTTAC	196.65983271058255	0.0	0.0	28.552587823548283	0.0	256.2812460916111	0.0	146.486690737775	101.21648274007015	0.0	0.0	147.76154251155762	0.0	0.0	0.0	0.0	0.0	0.0	0.0	0.0	0.0	0.0	0.0	0.0	0.0	0.0	0.0	0.0
GSM4138114_HNSCC_3_PBMC_AGACGTTGTCGGCATC	202.79582316991753	72.31447853364732	0.0	35.92334565492654	73.46973376737138	0.0	45.11278240946425	0.0	0.0	0.0	78.71611183905898	0.0	112.7802582207259	0.0	0.0	68.49150156021612	0.0	0.0	0.0	0.0	20.83383311613336	0.0	0.0	0.0	0.0	0.0	0.0	0.0
GSM4138114_HNSCC_3_PBMC_AGAGTGGCACCTCGGA	301.1021637897682	0.0	43.841460749527954	42.80660998659417	0.0	212.35492995818882	0.0	0.0	147.47824975408844	120.92217651567289	0.0	9.335028090409326	0.0	0.0	0.0	282.4480280262643	0.0	4.699268353115041	0.0	0.0	0.0	0.0	0.0	0.0	0.0	33.69247908722902	0.0	0.0
GSM4138114_HNSCC_3_PBMC_AGGGTGAGTGCACTTA	223.9759552403479	69.34361995069763	0.0	47.18652700101416	106.00228720637604	50.64082211493593	0.0	0.0	0.0	82.54236628655396	69.034940895572	0.0	0.0	0.0	0.0	111.61606824816397	0.0	52.669056516379435	0.0	0.0	0.0	0.0	0.0	0.0	0.0	0.0	0.0	0.0
GSM4138114_HNSCC_3_PBMC_AGTAGTCCATAGACTC	139.95674514953245	54.48739533165154	0.0	25.94948097423798	0.0	0.0	85.75115692948899	20.519579023600944	80.07368966150273	67.62061540317819	0.0	0.0	24.45336210619007	0.0	0.0	0.0	0.0	0.0	0.0	0.0	0.0	0.0	0.0	0.0	0.0	0.0	0.0	0.0
GSM4138114_HNSCC_3_PBMC_ATAAGAGGTATTCGTG	239.3185834217592	205.75399506113231	0.0	48.265466070096316	24.52398665986068	0.0	216.14543335973698	0.0	109.13420709597682	0.0	0.0	0.0	138.4601582873188	0.0	0.0	0.0	0.0	0.0	0.0	0.0	0.0	0.0	0.0	0.0	0.0	0.0	0.0	0.0
GSM4138114_HNSCC_3_PBMC_ATGCGATTCGTGACAT	0.0	188.968972429717	141.32544888726864	39.328737029405744	0.0	155.97307726869101	13.216584920441232	0.0	0.0	0.0	42.276993623851745	0.0	122.09446511516171	0.0	0.0	0.0	0.0	0.0	273.18284399761797	0.0	0.0	0.0	259.53969864549896	0.0	0.0	0.0	0.0	0.0
GSM4138114_HNSCC_3_PBMC_ATTTCTGAGTAGATGT	284.5332612797824	0.0	102.56526245495094	37.07277777066543	190.87957367405227	0.0	0.0	0.0	0.0	0.0	263.36301614969165	0.0	0.0	0.0	0.0	144.68089906362346	0.0	0.0	0.0	0.0	0.0	0.0	0.0	0.0	0.0	0.0	0.0	0.0
GSM4138114_HNSCC_3_PBMC_ATTTCTGTCGTAGGAG	1.1514012499237398	0.0	0.0	4.364320729034653	0.0	18.66012150707928	77.61035499127176	0.0	2.691907056236028	51.9852220455723	0.0	0.0	0.0	0.0	69.49914813403676	72.4485863537833	51.76134742928471	2.08725499801494	0.0	21.79505126628032	0.0	0.0	0.0	0.0	0.0	0.0	0.0	0.0
GSM4138114_HNSCC_3_PBMC_CAAGAAACATGGAATA	327.5018599455183	185.93577573613973	0.0	42.15152349059203	160.69700499250072	0.0	189.18789178973051	0.0	0.0	0.0	0.0	25.69192765479911	0.0	0.0	0.0	0.0	0.0	131.4409211173487	0.0	0.0	1.9314859363710009	0.0	0.0	0.0	0.0	0.0	0.0	0.0
GSM4138114_HNSCC_3_PBMC_CACAGTAGTGATAAGT	201.40121968550827	172.18982408503769	149.54841076231784	7.502672944010248	96.54378247162715	0.0	0.0	0.0	0.0	0.0	232.51849988193055	0.0	0.0	0.0	0.0	0.0	0.0	0.0	0.0	0.0	0.0	0.0	0.0	0.0	0.0	0.0	0.0	0.0
GSM4138114_HNSCC_3_PBMC_CAGTAACAGTACGCGA	242.29308326519248	58.743949587133166	0.0	37.28787490479313	85.8746149128572	226.155010235136	0.0	75.0927778434198	62.11511570157198	254.15281438479573	0.0	0.0	0.0	0.0	0.0	50.44865573541997	0.0	0.0	0.0	0.0	0.0	0.0	0.0	0.0	0.0	0.0	0.0	0.0
GSM4138114_HNSCC_3_PBMC_CATCGAAGTAGCGCTC	214.20392108445805	166.82113456626416	0.0	43.97725679364314	121.57016648967316	183.65559482750686	27.728719968744876	0.0	0.0	0.0	0.0	0.0	0.0	0.0	0.0	0.0	0.0	0.0	0.0	116.76570936943618	0.0	0.0	0.0	0.0	0.0	0.0	0.0	0.0
GSM4138114_HNSCC_3_PBMC_CATGGCGCACTACAGT	208.4781538926382	98.75519819233683	0.0	21.04196981830815	0.0	97.33356541777299	42.59396246664197	0.0	105.22048277325788	0.0	0.0	0.0	255.76220672051184	0.0	0.0	37.9603420599405	0.0	0.0	0.0	0.0	0.0	0.0	0.0	0.0	0.0	0.0	0.0	0.0
GSM4138114_HNSCC_3_PBMC_CCTATTAGTAGCCTCG	203.077240235942	156.69096192829878	74.34536445824472	32.17420863017029	169.56521607093697	172.45561778921513	0.0	0.0	0.0	11.731068882694453	0.13503502646492724	0.0	0.0	0.0	0.0	0.0	0.0	93.16053667012402	0.0	0.0	0.0	0.0	0.0	0.0	0.0	0.0	0.0	0.0
GSM4138114_HNSCC_3_PBMC_CCTTCCCTCAGCATGT	245.64693213879778	223.94206564977895	0.0	57.386248799184536	116.39555124151981	0.0	0.0	0.0	0.0	0.0	139.735586334725	146.7568740584935	0.0	0.0	0.0	0.0	0.0	0.0	0.0	0.0	0.0	0.0	0.0	0.0	0.0	0.0	0.0	0.0
GSM4138114_HNSCC_3_PBMC_CGGACGTCATCGGACC	222.97393208882497	0.0	73.66408852898176	49.5806758055608	145.92936855405247	96.27428055695326	49.04125329581314	135.32054758373434	0.0	0.0	0.0	0.0	0.0	0.0	0.0	15.662323891737595	0.0	0.0	0.0	52.469120701153585	0.0	0.0	0.0	0.0	0.0	0.0	0.0	0.0
GSM4138114_HNSCC_3_PBMC_CGGACTGTCACGACTA	181.64697265670813	140.69068526277772	66.55881381847207	50.84398554767193	0.0	125.37626396125974	59.30926478198744	0.0	0.0	0.0	0.0	67.85659040834541	0.0	96.22663577011646	0.0	0.0	0.0	0.0	0.0	0.0	0.0	0.0	0.0	0.0	0.0	0.0	0.0	0.0
GSM4138114_HNSCC_3_PBMC_CGTAGGCAGTAAGTAC	181.89774184644736	176.93285845045295	150.89270383486405	40.34014886469271	0.0	0.0	0.0	0.0	0.0	0.0	117.6361923755423	0.0	0.0	94.88432750470446	0.0	0.0	0.0	0.0	0.0	0.0	0.0	0.0	0.0	0.0	0.0	0.0	0.0	0.0
GSM4138114_HNSCC_3_PBMC_CGTGAGCAGAAGGGTA	246.95087082025483	140.5606484558085	49.17887501439797	33.71530788516274	0.0	168.63912347391954	0.0	0.0	0.0	207.52234190264656	0.0	0.0	0.0	126.27776649068566	0.0	0.0	0.0	0.0	0.0	0.0	0.0	0.0	0.0	0.0	0.0	0.0	0.0	0.0
GSM4138114_HNSCC_3_PBMC_CGTTGGGGTGATAAGT	240.91089783842173	66.15467059000966	0.0	89.39589676309656	0.0	27.33253673600561	125.65837752973194	0.0	113.51180772390114	0.0	0.0	92.1686480007529	0.0	0.0	0.0	0.0	0.0	0.0	0.0	0.0	0.0	0.0	0.0	0.0	0.0	0.0	0.0	0.0
GSM4138114_HNSCC_3_PBMC_CTAACTTCATACAGCT	318.06030337589016	266.0632998241109	279.00554118365324	34.81511055676987	271.85219309232525	322.56730333706975	119.04883178345125	0.0	0.0	100.07009695184813	0.0	0.0	0.0	0.0	0.0	9.536128570197938	0.0	50.39880576304831	0.0	0.0	0.0	0.0	0.0	0.0	0.0	0.0	0.0	0.0
GSM4138114_HNSCC_3_PBMC_CTACATTCAGTCAGCC	83.00756158741558	88.89262038241161	0.0	20.870670193625767	0.0	0.0	41.72752185869513	0.0	0.0	0.0	158.2492283059212	0.0	137.0649943884866	0.0	112.7675925055461	0.0	53.92264643053112	0.0	0.0	0.0	0.0	0.0	0.0	0.0	0.0	0.0	0.0	0.0
GSM4138114_HNSCC_3_PBMC_CTAGTGATCTTTCCTC	296.2004959150608	115.88340796292655	0.0	24.60850161168661	165.9978251311557	143.08383953326268	63.99386723463943	0.0	0.0	0.0	0.0	149.3551039065318	0.0	0.0	0.0	0.0	0.0	0.0	0.0	0.0	0.0	0.0	0.0	0.0	0.0	0.0	0.0	0.0
GSM4138114_HNSCC_3_PBMC_CTCGGGAAGAAGCCCA	176.68586147761442	0.0	122.54276955065295	31.89749132528548	0.0	163.40838112580357	16.573381531917825	0.0	0.0	0.0	0.0	0.0	0.0	0.0	68.37463992775314	202.85831207357955	185.3937917454656	0.0	0.0	0.0	0.0	0.0	0.0	0.0	0.0	0.0	0.0	0.0
GSM4138114_HNSCC_3_PBMC_CTCTACGAGTGAACGC	201.25497916320037	29.869519378939792	77.85368846345804	76.12274780658827	137.91177482667092	0.0	119.63455869634365	46.732070411691446	0.0	65.71494845613017	0.0	0.0	0.0	0.0	0.0	62.26286109124271	0.0	0.0	0.0	0.0	0.0	0.0	0.0	0.0	0.0	0.0	0.0	0.0
GSM4138114_HNSCC_3_PBMC_CTGTGCTCATGCTAGT	121.53573523722122	106.53354681030851	0.0	52.305878976383674	75.47348205302133	88.277488021809	0.0	0.0	0.0	0.0	0.0	141.52312690385293	0.0	0.0	0.0	0.0	0.0	0.0	0.0	0.0	0.0	0.0	0.0	0.0	0.0	0.0	0.0	0.0
GSM4138114_HNSCC_3_PBMC_CTGTTTAAGAAACGAG	66.73250514396979	85.33423511713715	0.0	20.02276051104521	0.0	18.297288555194314	0.0	0.0	77.49393769613494	0.0	60.232296837934534	15.707085024523034	0.0	0.0	33.87808319427466	0.0	0.0	65.04931213091176	0.0	0.0	0.0	0.0	0.0	0.0	0.0	0.0	0.0	0.0
GSM4138114_HNSCC_3_PBMC_GACCTGGAGGATGGAA	7.443434382013514	0.0	0.0	78.79236016016522	0.0	60.833225378758335	25.007225957458914	20.632237649609273	0.0	0.0	0.0	115.20010951600479	0.0	42.473174153208205	92.8408785021445	113.86915950277553	70.73249473135127	0.0	213.20179562423948	0.0	0.0	0.0	0.0	0.0	0.0	0.0	0.0	0.0
GSM4138114_HNSCC_3_PBMC_GATGAGGAGACGCACA	172.7460052288858	68.33365599214169	189.86841517989586	39.3182461409096	0.0	0.0	186.75857513109017	75.00040024676636	0.0	0.0	0.0	0.0	0.0	114.43129339111064	0.0	0.0	0.0	0.0	0.0	0.0	0.0	0.0	0.0	0.0	0.0	0.0	0.0	0.0
GSM4138114_HNSCC_3_PBMC_GATGCTATCTATCCCG	254.04725845950634	28.4792014170759	0.0	22.539447083331485	0.0	153.19043490024086	0.0	154.8802318841074	0.0	0.0	0.0	231.17171427503354	0.0	0.0	0.0	0.0	142.42630106831115	0.0	0.0	0.0	0.0	0.0	0.0	0.0	0.0	0.0	0.0	0.0
GSM4138114_HNSCC_3_PBMC_GATTCAGCATAACCTG	163.35004230662713	0.0	150.46266194719587	28.139995074038804	0.0	0.0	86.5805258737744	140.5118270154057	0.0	0.0	77.19414932867382	0.0	0.0	97.88377933168704	0.0	0.0	0.0	0.0	0.0	0.0	0.0	0.0	0.0	0.0	0.0	0.0	0.0	0.0
GSM4138114_HNSCC_3_PBMC_GCCTCTATCTGACCTC	267.11452691320676	67.86988297156627	0.0	3.5208228612369123	0.0	0.0	0.0	0.0	93.9432110664375	133.00759329919632	192.5358076271555	0.0	0.0	0.0	0.0	0.0	0.0	0.0	0.0	0.0	0.0	0.0	0.0	0.0	0.0	0.0	0.0	0.0
GSM4138114_HNSCC_3_PBMC_GCGCGATAGCGTAGTG	156.59129427445131	169.33178810734478	0.0	108.25289160813914	0.0	180.6108934389491	0.0	0.0	0.0	0.0	0.0	160.41798964393027	0.0	137.16595107017133	61.05571138598032	0.0	0.0	0.0	0.0	0.0	0.0	0.0	0.0	0.0	30.20829955644457	0.0	0.0	0.0
GSM4138114_HNSCC_3_PBMC_GCTTCCATCAGAGACG	267.5965072995981	0.0	0.0	24.313367962493764	0.0	156.72940266616297	0.0	133.92159769759786	0.0	0.0	0.0	133.532007645309	0.0	0.0	0.0	0.0	150.67586108527274	0.0	0.0	0.0	0.0	0.0	0.0	0.0	0.0	0.0	0.0	0.0
GSM4138114_HNSCC_3_PBMC_GCTTGAAAGATCACGG	276.63087940734835	0.0	162.4684941105462	8.90172770938631	85.62706834449172	84.14674847724996	35.68374060014276	0.0	0.0	0.0	0.0	0.0	0.0	0.0	0.0	121.70094404970875	0.0	0.0	0.0	0.0	0.9367022785481981	0.0	0.0	0.0	0.0	0.0	0.0	0.0
GSM4138114_HNSCC_3_PBMC_GGAAAGCCACAGTCGC	324.6048599308367	117.55387401806803	127.37264892143449	39.49918794485764	0.0	186.75977202542828	0.0	0.0	19.563840322524857	0.0	0.0	0.0	0.0	0.0	0.0	0.0	129.67922026292518	0.0	0.0	0.0	0.0	0.0	0.0	0.0	0.0	0.0	0.0	0.0
GSM4138114_HNSCC_3_PBMC_GGTGTTAGTTATGTGC	192.36619906141655	111.7650973586944	115.38574878894586	21.87681052691656	0.0	110.70275473315706	0.0	0.27057528046775087	89.5012898822928	0.0	0.0	0.0	0.0	0.0	0.0	0.0	0.0	0.0	0.0	0.0	0.0	0.0	0.0	0.0	0.0	0.0	0.0	0.0
GSM4138114_HNSCC_3_PBMC_GTATCTTCATTACCTT	297.00495474787823	196.5052090222532	0.0	34.72527722181022	0.0	0.0	0.0	0.0	0.0	0.0	179.41406344881307	157.22913046974446	0.0	118.4544566527759	0.0	0.0	0.0	0.0	0.0	0.0	0.0	0.0	0.0	0.0	0.0	0.0	0.0	0.0
GSM4138114_HNSCC_3_PBMC_GTCACAAAGCTGCCCA	249.96153613832485	143.52386868709308	0.0	23.13026544436859	20.666350462287063	0.0	0.0	0.0	0.0	0.0	186.2260523646942	197.2530616899905	0.0	12.751634678903443	0.0	0.0	51.65878124748593	0.0	0.0	0.0	0.0	0.0	0.0	32.11433211652142	0.0	0.0	0.0	0.0
GSM4138114_HNSCC_3_PBMC_GTCATTTTCCTCTAGC	255.87737454658577	93.35354083054956	179.02402595834906	30.78956133044433	0.0	0.0	149.9850947100391	0.0	0.0	0.0	0.0	0.0	0.0	0.0	0.0	0.0	113.06815828479715	0.0	0.0	0.0	0.0	0.0	2.876040289443451	0.0	0.0	0.0	0.0	0.0
GSM4138114_HNSCC_3_PBMC_GTGTTAGGTGTATGGG	0.0	64.78411078293422	0.0	96.76837849534945	0.0	0.0	85.11023029935028	0.0	113.37095932702294	40.497040947531964	97.49313069143622	0.0	0.0	0.0	0.0	0.0	0.0	39.2752067096641	173.9783669517415	0.0	0.0	0.0	0.0	0.0	0.0	0.0	0.0	0.0
GSM4138114_HNSCC_3_PBMC_GTTCATTCATCACGAT	226.1762790166111	105.5516456492082	148.08268352055364	17.936241635340565	0.0	142.38462815195973	23.94017314373221	18.41231881337889	0.0	0.0	0.0	0.0	0.0	0.0	0.0	0.0	159.9612000186014	0.0	0.0	0.0	0.0	0.0	0.0	0.0	0.0	0.0	0.0	0.0
GSM4138114_HNSCC_3_PBMC_GTTTCTAGTGGTTTCA	264.10665723708485	116.75627012423756	0.0	42.625494405003295	85.80743638373653	91.56483509935629	34.972490186773754	0.0	0.0	0.0	0.013392278770349434	0.0	0.0	0.0	0.0	0.0	0.0	42.12402499907284	0.0	103.49403327867022	0.0	0.0	0.0	0.0	0.0	0.0	0.0	0.0
GSM4138114_HNSCC_3_PBMC_TACTTACAGGGTCGAT	186.55909788129952	130.08766643513243	0.0	33.516569536890465	87.97985194627877	157.55418971688673	0.0	0.0	0.0	80.93964394860349	0.0	0.0	0.0	0.0	0.0	0.0	0.0	33.42937348139714	0.0	0.0	0.0	0.0	0.0	0.0	0.0	0.0	0.0	0.0
GSM4138114_HNSCC_3_PBMC_TCGAGGCGTACGCTGC	144.58394122044595	98.74872297067526	0.0	38.39305681921245	0.0	210.18397672777695	3.6386136046651303	67.13137342760909	131.94322975474472	0.0	13.84129328691413	0.0	209.9886205073249	21.119017039973517	79.69689760177631	0.0	0.0	0.0	0.0	0.0	0.0	0.0	0.0	0.0	0.0	0.0	0.0	0.0
GSM4138114_HNSCC_3_PBMC_TCGTAGAAGAAACCTA	211.06233913021384	142.44698982992196	144.43534235763855	35.072589325782545	0.0	0.0	163.6781419883752	3.4726186485303208	160.1320028133166	0.0	0.0	0.0	0.0	0.0	0.0	37.78992295632745	0.0	0.0	0.0	0.0	0.0	0.0	1.1212967123732445	0.0	0.0	0.0	0.0	0.0
GSM4138114_HNSCC_3_PBMC_TGCCCTAAGTGTTAGA	266.97974034595416	12.806898913090341	144.8621533387447	28.953356315297853	87.747976051194	167.96394957615823	0.0	0.0	0.0	0.0	0.0	0.0	0.0	0.0	0.0	160.3503853270064	0.0	0.0	0.0	0.0	0.0	0.0	0.0	0.0	0.0	0.0	0.0	0.0
GSM4138114_HNSCC_3_PBMC_TGGCTGGAGGGATGGG	311.2750703092257	114.26239287209457	0.0	21.8082170718891	97.0536008585856	140.67408819399296	0.0	37.324881095682905	19.358206709490346	0.0	0.0	169.14083113488275	0.0	0.0	0.0	0.0	0.0	0.0	0.0	0.0	0.0	0.0	0.0	0.0	0.0	0.0	0.0	0.0
GSM4138114_HNSCC_3_PBMC_TTAGGACAGTCCTCCT	295.09914457005726	140.10814028189728	7.841570704651866	51.50945502805445	0.0	17.157863679177368	67.14957493962945	0.0	134.80289919460907	0.0	98.9678375760697	0.0	37.34209551074792	0.0	0.0	39.91239942912155	0.0	127.55076771018015	0.0	0.0	0.0	0.0	0.0	0.0	0.0	0.0	0.0	0.0
GSM4138114_HNSCC_3_PBMC_TTATGCTCAGTATAAG	72.1135372311322	58.77431765855465	51.676096304955855	27.861339681894815	48.87173701880246	0.0	0.0	0.0	0.0	0.0	71.30250960030331	0.0	0.0	0.0	0.0	0.0	0.0	0.0	0.0	0.0	0.0	0.0	0.0	0.0	0.0	0.0	0.0	0.0
GSM4138114_HNSCC_3_PBMC_TTCCCAGGTCTCCCTA	197.29596645198757	0.0	0.0	52.454828689862445	0.0	0.0	0.0	0.0	0.0	0.0	212.1836720873942	140.13069860529987	0.0	93.95015747892779	1.4896265087720124	140.0525986277452	0.0	0.0	58.360158102988954	0.0	0.0	0.0	0.0	0.0	0.0	0.0	0.0	0.0
GSM4138114_HNSCC_3_PBMC_TTCCCAGTCACTCCTG	268.4539797335798	123.09584096357563	0.0	37.15573001314201	13.124566142538226	11.95663877293566	195.39318419510516	0.0	102.60750016431435	0.0	0.0	189.5737004655385	0.0	0.0	0.0	19.521057075265066	0.0	0.0	0.0	0.0	0.0	0.0	0.0	0.0	0.0	0.0	0.0	0.0
GSM4138114_HNSCC_3_PBMC_TTCTACATCCGCATCT	181.22315509055562	0.0	0.0	22.284887931300588	0.0	33.624743667364584	24.792827156832715	88.57883381623755	0.0	0.0	56.514081902822014	72.38434026448894	0.0	0.0	0.0	0.0	165.6647628074931	0.0	0.0	0.0	0.0	0.0	0.0	0.0	0.0	0.0	0.0	0.0
GSM4138114_HNSCC_3_PBMC_AAAGATGTCTCCCTGA	28.279149366665955	0.0	0.0	30.071766129738055	0.0	106.11797804996262	0.0	86.02463796055974	0.0	66.69169323201127	0.0	0.0	107.28352025418245	0.0	74.9740063300303	0.0	74.47162295458645	0.0	0.0	0.0	0.0	0.0	0.0	0.0	0.0	0.0	0.0	0.0
GSM4138114_HNSCC_3_PBMC_AACTCCCGTCTGATCA	78.65704838728071	89.83825304719204	0.0	30.592366689878453	44.32243190875455	0.0	0.0	0.0	0.0	0.0	39.588098428738945	0.0	0.0	0.0	0.0	0.0	0.0	0.0	0.0	0.0	112.58163495103399	0.0	0.0	0.0	0.0	0.0	0.0	0.0
GSM4138114_HNSCC_3_PBMC_ACGCAGCCATCCAACA	124.35715581860215	0.0	133.40580479024393	40.95721555695144	0.0	83.1494444664756	0.0	118.02143964750212	39.46845247856873	0.0	0.0	0.0	0.0	0.0	18.40731449783801	0.0	0.0	0.0	0.0	0.0	0.0	0.0	0.0	0.0	0.0	0.0	0.0	0.0
GSM4138114_HNSCC_3_PBMC_ACTATCTAGCCTCGTG	86.6908796946228	79.32823981454597	0.0	22.047682955838802	6.776379557073466	0.0	0.0	0.0	35.002883558503584	0.0	70.22080231099369	1.7174575612039373	81.29591720122971	19.665691079121295	0.0	0.0	0.0	0.0	0.0	0.0	0.0	0.0	0.0	0.0	0.0	0.0	0.0	0.0
GSM4138114_HNSCC_3_PBMC_ACTGAACTCAGCATGT	4.617499209753324	205.40379497229134	0.0	35.27936759008103	0.0	0.0	113.0232733551815	0.0	0.0	0.0	0.0	106.76938544442696	0.0	0.0	112.20006679487524	0.0	128.1359233716167	0.0	0.0	0.0	0.0	0.0	0.0	0.0	0.0	0.0	0.0	0.0
GSM4138114_HNSCC_3_PBMC_ATCCGAACATAACCTG	98.83055431695504	154.7532282754084	93.80027487021	42.66363092024691	13.02252943933166	25.9234712048905	1.466706717886129	0.0	9.718763707095833	0.0	45.05343631375195	0.0	0.0	0.0	0.987947057297917	0.0	0.0	0.0	0.0	0.0	0.0	0.0	39.41226484027531	0.0	0.0	0.0	0.0	0.0
GSM4138114_HNSCC_3_PBMC_ATTTCTGTCCGTTGCT	128.9800887160519	209.44551890886757	0.0	70.27568871360933	0.0	88.67975992181651	0.0	0.0	101.82102379855289	0.0	0.0	0.0	157.91934724643394	0.0	0.0	0.0	0.0	0.0	0.0	0.0	0.0	0.0	0.0	0.0	0.0	0.0	0.0	0.0
GSM4138114_HNSCC_3_PBMC_CAAGATCGTTCACGGC	71.56279340233243	0.0	0.0	69.62111682009781	0.0	0.0	0.0	0.0	61.88380953640083	0.0	56.98757555502175	0.0	118.1810155056592	0.0	0.0	105.79086979597518	0.0	0.0	0.0	0.0	0.0	0.0	0.0	0.0	0.0	0.0	0.0	0.0
GSM4138114_HNSCC_3_PBMC_CGTGTCTGTTGGAGGT	0.0	116.99074078524708	0.0	45.18473001937781	0.0	14.12988540205457	0.0	6.230745260084478	29.89860666205893	0.0	76.44987554882866	0.0	99.0995767982402	0.0	97.47052830290583	0.0	73.94719554650268	0.0	0.0	0.0	0.0	0.0	0.0	0.0	0.0	0.0	0.0	0.0
GSM4138114_HNSCC_3_PBMC_CTACACCGTAAGTGTA	96.06093371988239	30.138091418179442	131.47048110859285	64.01340352182488	46.74501986706893	70.4025933551304	0.0	115.08270858869705	0.0	0.0	0.0	0.0	0.0	0.0	0.0	1.7417851048910835	0.0	0.0	0.0	0.0	0.0	0.0	0.0	0.0	0.0	0.0	0.0	0.0
GSM4138114_HNSCC_3_PBMC_GACGTTAGTGGTCTCG	49.29084739766947	111.48762680174976	59.05654178899079	79.24050593973514	0.0	0.0	10.375089924687801	0.0	0.0	0.0	24.45803932939249	0.0	0.0	51.65297543743819	40.27807372916913	0.0	0.0	0.0	0.0	0.0	69.17282288175639	0.0	0.0	0.0	0.0	0.0	0.0	0.0
GSM4138114_HNSCC_3_PBMC_GCACTCTGTGGTGTAG	89.28079237078698	21.20949436083359	0.0	27.336771355637485	82.1061163938639	0.0	0.0	43.45037509886527	0.0	0.0	65.43156720891983	0.0	136.88479169390803	0.0	0.0	0.0	0.0	0.0	0.0	0.0	0.0	0.0	0.0	0.0	19.27299323445984	0.0	0.0	0.0
GSM4138114_HNSCC_3_PBMC_GGGCATCAGACTACAA	128.7397002675067	90.14129610505202	17.87418031508598	38.07727281367995	0.0	0.0	58.79367985747212	0.0	0.0	0.0	0.0	73.09671969021386	0.0	0.0	0.0	0.0	82.5184200122907	0.0	0.0	0.0	0.0	0.0	0.0	0.0	0.0	0.0	0.0	0.0
GSM4138114_HNSCC_3_PBMC_GTCAAGTTCTTTACAC	109.31100458049602	82.77550303382596	102.26327404615942	21.858827376916782	0.0	0.0	0.0	0.0	84.46575780002982	0.0	89.6641522529259	0.0	0.0	0.0	0.0	0.0	0.0	0.0	0.0	9.89179762262804	0.0	0.0	0.0	0.0	0.0	0.0	0.0	0.0
GSM4138114_HNSCC_3_PBMC_GTGCTTCCACTATCTT	96.07515485304754	119.62604465127907	2.6579161291339846	37.645484453538096	0.0	0.0	0.0	0.0	0.0	0.0	82.93856592140224	0.0	75.28687749539657	0.0	0.0	0.0	0.0	0.0	0.0	0.0	35.21511947254423	0.0	97.20812344777333	0.0	0.0	0.0	0.0	0.0
GSM4138114_HNSCC_3_PBMC_TTCTACACACACCGAC	130.8088043291512	109.83042927096459	127.08562827574607	29.290166987509117	55.046962383274504	52.686719764143824	34.62251219969118	0.0	0.0	0.0	0.0	0.0	0.0	0.0	0.0	0.0	0.0	0.0	0.0	0.0	0.0	0.0	0.0	0.0	0.0	0.0	0.0	0.0
GSM4138114_HNSCC_3_PBMC_TTGACTTTCGCGATCG	84.76625238009801	83.65147630184228	0.0	39.36512412779952	67.48354977027925	0.0	70.25484684603676	18.344659798870232	0.0	111.55009876735703	0.0	0.0	0.0	0.0	0.0	0.0	0.0	34.631235290810096	0.0	0.0	0.0	0.0	0.0	0.0	0.0	0.0	0.0	0.0
GSM4138114_HNSCC_3_PBMC_ACTGTCCCACTAGTAC	88.10211069525596	5.909924286257002	33.16546801251003	48.01186208885183	67.94941902299979	0.0	70.72838815275972	0.0	0.0	0.0	0.0	0.0	0.0	0.0	0.0	87.65194458742288	0.0	0.0	0.0	81.05526031280174	0.0	0.0	0.0	0.0	0.0	0.0	0.0	0.0
GSM4138114_HNSCC_3_PBMC_CTCATTATCGAATCCA	82.07353644412103	77.91530427375791	0.0	38.22662198704184	63.05263346072969	0.0	132.449355929495	25.779107483964744	0.0	0.0	0.0	107.23913271362385	0.0	0.0	0.0	0.0	0.0	0.0	0.0	0.0	0.0	0.0	0.0	0.0	0.0	0.0	0.0	0.0
GSM4138114_HNSCC_3_PBMC_GAACCTATCGACAGCC	0.0	6.34339501024731	135.81185798706525	69.15872158625385	0.0	0.0	79.94738434625066	199.1147482261909	0.0	0.0	0.0	0.0	0.0	0.0	160.57465282724695	0.0	74.75345825370769	0.0	0.0	0.0	0.0	0.0	0.0	0.0	0.0	0.0	0.0	0.0
GSM4138114_HNSCC_3_PBMC_GCGCCAACATTTGCCC	0.0	0.0	0.0	40.70276742448561	0.0	0.0	31.98517165052191	116.18936223208384	79.51850250090041	113.86416123376192	0.0	0.0	0.0	0.0	107.49532893962738	0.0	0.0	0.0	0.0	0.0	0.0	0.0	0.0	0.0	0.0	0.0	0.0	0.0
GSM4138114_HNSCC_3_PBMC_GGGAGATCAATTCCTT	67.47718541178713	98.10123481354505	0.0	23.290019205741967	39.926188021689754	0.0	0.0	0.0	25.983646177579775	112.98324576895568	44.212392186990655	0.0	0.0	0.0	0.0	0.0	0.0	0.0	0.0	0.0	0.0	0.0	0.0	0.0	0.0	0.0	0.0	0.0
GSM4138114_HNSCC_3_PBMC_GTGAAGGAGAAGGTGA	100.98760679325467	83.96484123528235	0.0	46.41389275394617	94.50858362612185	0.0	65.88929920211204	0.0	0.0	0.0	0.0	0.0	132.22542847605254	0.0	0.0	0.0	0.0	0.0	0.0	0.0	1.4215666180853725	0.0	0.0	0.0	0.0	0.0	0.0	0.0
GSM4138114_HNSCC_3_PBMC_TACCTATTCGAGAGCA	64.39041916406154	67.46595499796061	0.0	78.91006464498918	26.90983164665886	0.0	43.681004604449406	0.0	41.707836461877854	0.0	0.0	46.682844446413995	0.0	12.755288125575664	0.0	0.0	0.0	0.0	0.0	0.0	0.0	0.0	0.0	10.221156946835738	0.0	0.0	0.0	0.0
GSM4138114_HNSCC_3_PBMC_TAGCCGGGTTGATTCG	29.00072270655324	82.81140682816432	0.0	25.74414759961471	0.0	69.57471542488037	0.0	0.0	0.0	0.0	0.0	28.297063971776737	0.0	0.0	61.59912269601317	0.0	91.82910887561643	49.47308550173944	0.0	0.0	0.0	14.304017162352222	0.0	0.0	0.0	0.0	0.0	0.0
GSM4138114_HNSCC_3_PBMC_TCTTTCCTCGCCGTGA	60.217668322933946	84.51415801622187	0.0	41.937539823992864	0.0	90.40179644501657	0.0	0.0	0.0	0.0	0.0	0.0	0.0	42.67243555297796	84.36277086602776	0.0	0.0	0.0	0.0	0.0	0.0	145.5469072111891	0.0	0.0	0.0	0.0	0.0	0.0
GSM4138114_HNSCC_3_PBMC_TGTGGTAGTTGCCTCT	128.99216605299736	169.87625463365515	0.0	36.37777410373132	0.0	0.0	0.0	0.0	81.52808589734421	0.0	90.68640532836174	0.0	104.13994369208537	0.0	0.0	0.0	0.0	0.0	0.0	0.0	8.601975341497104	0.0	0.0	0.0	12.794862936529224	0.0	0.0	0.0
GSM4138114_HNSCC_3_PBMC_ATTATCCTCCTCCTAG	143.42027338132468	0.0	252.0493299675852	57.542218158273585	0.0	0.0	121.99521821130624	0.0	0.0	0.0	0.0	0.0	0.0	196.08017511008887	0.0	188.71855659352192	0.0	0.0	0.0	0.0	0.0	0.0	0.0	0.0	0.0	0.0	0.0	0.0
GSM4138114_HNSCC_3_PBMC_CGAGAAGAGCTACCTA	195.92204450028396	155.82277343272642	0.0	65.10255287752103	145.43720032427396	29.13725106541075	21.243659792796294	0.0	0.0	0.0	0.0	0.0	240.3720147923386	0.0	0.0	0.0	0.0	0.0	0.0	0.0	0.0	0.0	0.0	0.0	0.0	0.0	0.0	0.0
GSM4138114_HNSCC_3_PBMC_GACTACACACCGCTAG	179.49509795710415	110.79175977534084	91.54828843539106	38.413333290811586	101.22928992101245	126.07612712593556	0.0	0.0	0.0	0.0	0.0	0.0	0.0	0.0	0.0	0.0	0.0	0.0	0.0	0.0	0.0	0.0	0.0	0.0	0.0	0.0	0.0	0.0
GSM4138114_HNSCC_3_PBMC_GGCTCGAGTCTGATCA	136.52685810314588	193.6373291371319	0.0	22.934329649488504	0.0	0.0	0.0	0.0	80.87928928627592	0.0	56.27607117748195	108.77044187672892	14.947481634252037	0.0	1.3543450881046593	0.0	0.0	0.0	0.0	0.0	0.0	0.0	0.0	0.0	0.0	0.0	0.0	0.0
GSM4138114_HNSCC_3_PBMC_TCAGATGTCAGTTTGG	41.92490839521343	56.58900430259472	132.92220625975682	31.26440892322442	0.0	0.0	0.0	41.482332965611484	0.0	0.0	69.98493150201988	0.0	0.0	142.20497049529186	78.43450465780475	0.0	0.0	0.0	0.0	0.0	0.0	0.0	0.0	0.0	0.0	0.0	0.0	0.0
GSM4138114_HNSCC_3_PBMC_TCGAGGCAGAACAATC	259.5261471634402	246.52257578038484	295.6990773285649	53.080709886208474	0.0	0.0	160.9170288303972	0.0	4.99420564050629	0.0	0.0	0.0	0.0	212.41575875408356	0.0	0.0	0.0	0.0	0.0	0.0	0.0	0.0	0.0	0.0	0.0	0.0	0.0	0.0
GSM4138114_HNSCC_3_PBMC_TGGGCGTGTCATTAGC	89.08383206108506	0.0	0.0	16.224357132827954	0.0	0.0	94.66964424090209	42.06540135383405	0.0	0.0	0.0	0.0	104.53383846330502	78.74113266408327	0.0	0.0	0.0	0.0	0.0	0.0	0.0	0.0	0.0	0.0	0.0	0.0	0.0	0.0
GSM4138114_HNSCC_3_PBMC_TTCCCAGAGGACAGCT	122.770720474801	121.19633040759679	87.7098817417428	66.05441875409852	108.48816097057602	0.0	0.0	0.0	0.0	0.0	51.49347172831113	0.0	0.0	0.0	0.0	0.0	0.0	13.879320738609136	0.0	0.0	0.0	0.0	0.0	0.0	0.0	0.0	0.0	0.0
GSM4138114_HNSCC_3_PBMC_ACACCAACATGCATGT	92.11930756327749	125.64679695984954	126.79983123495786	34.18277422040379	112.52489758297537	65.21108547667941	0.0	0.0	0.0	0.0	17.9649095973513	0.0	0.0	0.0	0.0	0.0	0.0	0.0	0.0	0.0	0.0	0.0	0.0	0.0	0.0	0.0	0.0	0.0
GSM4138114_HNSCC_3_PBMC_ACGATACGTGTGGTTT	578.1661719439944	129.22767211939336	199.66014854239498	59.185894333285	198.61544261147884	0.0	0.0	0.0	0.0	0.0	135.45269590530697	0.0	0.0	0.0	0.0	0.0	0.0	0.0	0.0	0.0	0.0	0.0	0.0	0.0	0.0	0.0	0.0	0.0
GSM4138114_HNSCC_3_PBMC_AGAATAGTCACCATAG	204.438592663833	33.217087233768446	0.0	26.760819952406166	92.20346780689475	179.50427105658574	1.7370595539453069	21.444009338523394	0.0	0.0	0.0	0.0	123.33143948577893	0.0	0.0	0.0	0.0	0.0	0.0	0.0	0.0	0.0	0.0	0.0	0.0	0.0	0.0	0.0
GSM4138114_HNSCC_3_PBMC_AGCCTAATCCTGCCAT	5.199428034042094	47.34696077044115	53.38328889211846	15.25223918306164	60.498190847243436	0.0	49.84267183050823	0.0	0.0	0.0	0.0	0.0	0.0	0.0	71.5217590393767	0.0	0.0	0.0	0.0	0.0	0.0	0.0	0.0	0.0	0.0	0.0	0.0	0.0
GSM4138114_HNSCC_3_PBMC_CAACCAAGTTGAGGTG	93.61418572366277	108.82899465310508	0.0	17.615455574134568	0.0	0.0	0.0	0.0	0.0	0.0	61.8934387328836	0.0	0.0	27.027593799370933	0.0	0.0	7.009782914793631	0.0	0.0	48.30985286317892	0.0	33.17191953447405	0.0	0.0	0.0	0.0	0.0	0.0
GSM4138114_HNSCC_3_PBMC_CACACAACATGCCTAA	174.42031999466082	201.11030673304973	62.68075120563915	20.65367752782816	0.0	53.440702009345706	47.61521069373909	0.0	0.0	0.0	0.0	45.10318237619889	0.0	109.57295690234668	0.0	0.0	0.0	32.641469049827535	0.0	0.0	0.0	0.0	0.0	0.0	0.0	0.0	0.0	0.0
GSM4138114_HNSCC_3_PBMC_CCACTACAGGTGCTAG	0.0	0.0	0.0	97.44239836139138	0.0	0.0	53.645387831422994	58.811621293987905	61.740781516317575	0.0	0.0	83.12001524331875	0.0	0.0	0.0	0.0	0.0	0.0	141.7647101846147	0.0	0.0	0.0	0.0	0.0	0.0	0.0	0.0	0.0
GSM4138114_HNSCC_3_PBMC_CGTCACTCAGATTGCT	226.79136689933893	169.08012324529358	147.44376192999957	53.73008021626541	215.80941349633974	0.0	187.17858838540712	0.0	0.0	0.0	0.0	0.0	0.0	0.0	0.0	0.0	0.0	0.0	0.0	0.0	0.0	0.0	0.0	0.0	0.0	0.0	0.0	0.0
GSM4138114_HNSCC_3_PBMC_CTCGGGAGTCTAGCGC	0.0	155.8667914935858	13.95903074178913	244.83822403810757	156.96980473966747	0.0	0.0	0.0	0.0	0.0	89.98728418966068	0.0	0.3858866953715865	0.0	0.0	0.0	0.0	98.18366280766767	431.77811270036244	34.21122464592851	0.0	0.0	0.0	0.0	0.0	0.0	0.0	0.0
GSM4138114_HNSCC_3_PBMC_GACCTGGCAGTCACTA	144.0290064218306	123.74149588496626	152.19278375410173	48.63945981417066	80.33482479018637	0.0	80.10708736356457	0.0	0.0	0.0	0.0	0.0	0.0	0.0	0.0	8.360541752460502	0.0	0.0	0.0	0.0	0.0	0.0	0.0	0.0	0.0	0.0	0.0	0.0
GSM4138114_HNSCC_3_PBMC_GCTCTGTAGTCAAGCG	196.5470935433839	37.28947032435184	69.1292921804557	24.141941114208628	0.0	42.69710903087057	0.0	121.80206652649638	0.0	0.0	67.45230126603931	0.0	54.84758370420071	105.13249818300976	0.0	38.70551462742862	0.0	0.0	0.0	0.0	0.0	0.0	0.0	0.0	0.0	0.0	0.0	0.0
GSM4138114_HNSCC_3_PBMC_GGAACTTAGAGAGCTC	15.053651066216087	159.07824793842082	158.06710746799726	37.63413204643744	0.0	82.49667381719452	0.0	0.0	0.0	0.0	21.507015111208805	0.0	0.0	175.57480669405888	207.5493544778616	0.0	0.0	0.0	0.0	0.0	0.0	0.0	0.0	0.0	0.0	0.0	0.0	0.0
GSM4138114_HNSCC_3_PBMC_GGCGACTGTTCCACTC	138.17441498142733	77.92038249227437	131.697283519529	26.917552132750338	67.27435678369936	0.0	89.54669045086243	0.0	0.0	0.0	0.0	0.0	0.0	0.0	184.72841286329532	0.0	0.0	0.7452833309888306	0.0	0.0	0.0	0.0	0.0	0.0	0.0	0.0	0.0	0.0
GSM4138114_HNSCC_3_PBMC_GTTTCTACACACAGAG	173.90000342227245	0.0	0.0	42.23630410957509	0.0	387.67294228255344	0.0	0.0	182.8740577091182	0.0	0.0	0.0	232.53884668859024	0.0	0.0	190.62427159823767	0.0	0.0	7.766767236660549	0.0	0.0	0.0	0.0	0.0	0.0	0.0	0.0	0.0
GSM4138114_HNSCC_3_PBMC_TGCGTGGCAGTCGATT	205.330199570436	156.63900480284076	0.0	32.40606970859453	0.0	0.0	0.0	0.0	5.642766121268802	0.0	124.12213747874421	184.36225543316445	0.0	87.5383975287215	0.0	0.0	0.0	0.0	0.0	0.0	0.0	0.0	0.0	0.0	0.0	0.0	0.0	0.0
GSM4138114_HNSCC_3_PBMC_TTATGCTGTTACGACT	192.0300076227997	110.80523469510844	0.0	65.21807150199515	80.81597972974035	0.0	95.3624249765932	0.0	0.0	0.0	48.97351812995611	113.76103630786638	0.0	0.0	0.0	0.0	0.0	0.0	0.0	0.0	0.0	0.0	0.0	0.0	0.0	0.0	0.0	0.0
GSM4138114_HNSCC_3_PBMC_AAAGCAATCCCGACTT	195.24597032016482	94.72376415926607	0.0	58.155027715826485	40.29178007143506	0.0	90.31607299069341	0.0	96.74351063816277	0.0	5.260431237791574	0.0	251.2988582482049	0.0	0.0	164.97394898751944	0.0	0.0	0.0	0.0	0.0	0.0	0.0	0.0	0.0	0.0	0.0	0.0
GSM4138114_HNSCC_3_PBMC_AAAGTAGGTTCAGACT	171.10717002232013	0.0	0.0	54.17601330161015	172.49070990917326	0.0	107.27196366545695	211.42126625522297	0.0	259.6100173142863	0.0	0.0	0.0	0.0	0.0	0.0	0.0	0.0	0.0	0.0	0.0	0.0	0.0	0.0	0.0	0.0	0.0	0.0
GSM4138114_HNSCC_3_PBMC_ACGTCAAAGAGCTGGT	151.23610825328467	330.85319624817106	0.0	40.223184687797385	130.8989675337112	0.0	0.0	0.0	0.0	0.0	154.3623064501077	0.0	0.0	31.21925006466357	0.0	0.0	0.0	233.8570592531021	82.71156426907058	0.0	0.0	0.0	3.7907518683356773	0.0	0.0	0.0	0.0	0.0
GSM4138114_HNSCC_3_PBMC_ACTTGTTAGCAGATCG	128.05483386274526	0.0	0.0	52.71482918119521	19.190447810201846	0.0	0.0	0.0	105.80844299679448	131.27172370570233	122.24295333703111	0.0	61.862877059815716	0.0	0.0	246.0109016183718	0.0	0.0	0.0	0.0	0.0	0.0	0.0	0.0	0.0	0.0	0.0	0.0
GSM4138114_HNSCC_3_PBMC_AGCTCCTGTCTGCAAT	0.0	0.0	0.0	35.32138459880683	0.0	158.78847995983583	0.0	390.4268274833886	0.0	0.0	0.0	100.07537591199053	0.0	0.0	186.70990624337344	0.0	0.0	0.0	0.0	0.0	137.32134847444541	0.0	0.0	0.0	0.0	146.88719850320865	0.0	0.0
GSM4138114_HNSCC_3_PBMC_ATCTGCCTCTCCGGTT	236.7149856270609	309.21948507617554	0.0	74.59478662390893	252.7230070964577	0.0	186.85160353415023	0.0	0.0	0.0	0.0	0.0	303.2240193722724	0.0	0.0	0.0	0.0	0.0	0.0	0.0	0.0	0.0	0.0	0.0	0.0	0.0	0.0	0.0
GSM4138114_HNSCC_3_PBMC_CACAAACGTCTCTTAT	180.13227322496013	317.11763611689037	0.0	64.81565426877779	0.0	198.95730314739905	4.165093983997881	0.0	180.84722373806127	0.0	0.0	106.77363014810349	160.2388401608276	0.0	0.0	0.0	0.0	0.0	0.0	0.0	0.0	0.0	0.0	0.0	0.0	0.0	0.0	0.0
GSM4138114_HNSCC_3_PBMC_CATCAAGCACAGATTC	0.0	292.16633851996204	40.48649354368061	73.77566047902846	127.59747215289491	0.0	178.40928258731748	0.0	0.0	0.0	0.0	0.0	0.0	0.0	160.07242608200164	0.0	0.0	0.0	0.0	0.0	0.0	0.0	0.0	0.0	250.58633095679485	0.0	0.0	0.0
GSM4138114_HNSCC_3_PBMC_CGTCCATGTAATCACC	133.01721437379996	243.587490835244	0.0	53.31811618749146	19.750425226817743	0.0	0.0	0.0	146.5083313036552	0.0	177.49700525013233	101.92889829428653	0.0	0.0	0.0	0.0	18.6298448732782	122.27883918892098	0.0	0.0	0.0	0.0	0.0	0.0	0.0	0.0	0.0	0.0
GSM4138114_HNSCC_3_PBMC_CGTTCTGGTCCGAGTC	127.63259746430064	0.0	0.0	28.59705789049821	137.86292742525723	138.03271996491918	0.0	0.0	0.0	0.0	54.43709666966863	0.0	236.04116703631297	0.0	0.0	302.5194056792675	0.0	0.0	0.0	0.0	0.0	0.0	0.0	0.0	0.0	0.0	0.0	0.0
GSM4138114_HNSCC_3_PBMC_CTACGTCAGAGGACGG	107.81145913089016	332.0661049150844	28.0301443667821	53.03205930802657	152.6401743425661	0.0	0.0	0.0	0.0	91.46048364320167	90.2424569757017	0.0	51.59542449470626	0.0	0.0	0.0	0.0	0.0	0.0	0.0	0.0	0.0	0.0	0.0	0.0	0.0	0.0	0.0
GSM4138114_HNSCC_3_PBMC_GACGCGTGTTCCGGCA	129.48217798509185	177.39962841375817	0.0	47.90482067813217	0.0	141.91809794553268	0.0	0.0	123.0312874325462	0.0	8.95712456446658	0.0	254.11171926379603	0.0	0.0	0.0	0.0	0.0	0.0	0.0	0.0	0.0	0.0	0.0	0.0	0.0	0.0	0.0
GSM4138114_HNSCC_3_PBMC_GGCCGATCATGTAAGA	204.2185954436666	308.2890297687664	0.0	41.943546298923735	156.17925055621114	0.0	0.0	0.0	0.0	0.0	137.23619199699505	0.0	27.495181480970338	0.0	0.0	0.0	0.0	60.23978212615111	0.0	0.0	96.46998708220254	0.0	0.0	0.0	0.0	0.0	0.0	0.0
GSM4138114_HNSCC_3_PBMC_GTATTCTTCTGTGCAA	3.7781840290306823	0.0	0.0	75.39896881727744	0.0	0.0	0.0	0.0	0.0	0.0	197.10992879218298	135.4983652040978	114.52152849205962	242.33988541303967	0.0	263.9397710027447	0.0	21.28543683522743	133.07370501682607	0.0	0.0	0.0	0.0	0.0	0.0	0.0	0.0	0.0
GSM4138114_HNSCC_3_PBMC_GTCAAGTAGTGCTGCC	0.0	0.0	0.0	52.421655141892835	0.0	0.0	74.20799406193582	45.184957084910145	218.1759192722417	258.39297024193803	26.730640069987498	0.0	0.0	0.0	0.0	103.59355359249481	0.0	0.0	215.27005705812294	0.0	0.0	0.0	0.0	0.0	0.0	6.4256307492414315	0.0	0.0
GSM4138114_HNSCC_3_PBMC_GTCTCGTAGGCTAGAC	212.6557088930017	216.83763524727655	83.8598592054403	44.16026931400843	188.9112804850397	0.0	169.59164814186425	0.0	0.0	0.0	0.0	0.0	0.0	0.0	0.0	0.0	0.0	93.10425907585254	0.0	0.0	0.0	0.0	0.0	0.0	0.0	0.0	0.0	0.0
GSM4138114_HNSCC_3_PBMC_TCTGGAAAGTGGTAAT	134.2492722044072	201.89019501434785	5.195414610829262	70.4413579351003	0.0	121.74088651884824	0.0	0.0	138.69517955175476	192.03295559400368	0.0	0.0	0.0	0.0	0.0	0.0	0.0	0.0	0.0	0.0	0.0	0.0	0.0	0.0	0.0	0.0	0.0	0.0
GSM4138114_HNSCC_3_PBMC_TGGCCAGGTCCAAGTT	166.88118434427145	112.8263598418886	0.0	51.55330075758661	171.59759395473762	0.0	0.0	51.91141599005823	0.0	0.0	113.69017006069592	0.0	217.86979177478088	0.0	0.0	0.0	0.0	0.0	0.0	0.0	0.0	0.0	0.0	0.0	0.0	0.0	0.0	0.0
GSM4138114_HNSCC_3_PBMC_AACTGGTGTGTGGCTC	220.10804765244188	507.1121723820009	113.23766465064381	80.05897841720709	302.37036524723885	0.0	199.4369188127502	0.0	0.0	0.0	0.0	11.526563606503837	0.0	0.0	0.0	0.0	0.0	153.39357595978416	37.18700143410882	0.0	62.91495935531546	0.0	0.0	0.0	0.0	0.0	0.0	0.0
GSM4138114_HNSCC_3_PBMC_AAGACCTAGTTTGCGT	183.26640358582407	319.04273135242573	0.0	32.4446423094424	0.0	0.0	204.6829012048187	0.0	279.86811123750596	49.97370913549468	0.0	0.0	264.8887550380341	0.0	0.0	0.0	0.0	0.0	0.0	0.0	0.0	0.0	0.0	0.0	0.0	0.0	0.0	0.0
GSM4138114_HNSCC_3_PBMC_ACATCAGAGTGTCCAT	0.0	2755.596258717657	0.0	0.0	0.0	0.0	0.0	0.0	0.0	0.0	0.0	0.0	0.0	0.0	0.0	377.9298454854268	0.0	0.0	0.0	0.0	0.0	0.0	0.0	0.0	0.0	0.0	0.0	0.0
GSM4138114_HNSCC_3_PBMC_ACGGCCACATGGTCTA	196.47819661135628	274.32367093484936	258.3757073016802	58.65982773162767	313.80562511321585	0.0	135.86959487324006	17.64506561256907	0.0	0.0	0.0	0.0	0.0	0.0	0.0	0.0	0.0	0.0	0.0	0.0	0.0	0.0	0.0	0.0	0.0	0.0	0.0	0.0
GSM4138114_HNSCC_3_PBMC_ACTTGTTGTTGTGGAG	115.94869720910846	123.77752768846717	0.0	37.618231244918256	254.95353765809156	27.426900203247516	37.49737995425917	0.0	0.0	0.0	0.0	369.1258076698996	0.0	0.0	0.0	0.0	0.0	0.0	0.0	0.0	0.0	0.0	0.0	0.0	0.0	64.9803118130185	0.0	0.0
GSM4138114_HNSCC_3_PBMC_AGCGTATCAGCTCGCA	0.0	0.0	0.0	0.0	0.0	0.0	0.0	0.0	0.0	3686.566622948631	0.0	282.61315534112	484.81893203722836	0.0	0.0	0.0	0.0	0.0	0.0	0.0	0.0	0.0	0.0	0.0	0.0	0.0	0.0	0.0
GSM4138114_HNSCC_3_PBMC_CCATTCGAGACAGGCT	0.0	324.16140674160255	0.0	74.2292367046257	0.0	145.9381067785761	0.0	0.0	320.28570568749836	4.894717426522402	0.0	0.0	376.08728580085494	0.0	199.68181854468702	0.0	0.0	0.0	0.0	2.2260473996518075	0.0	0.0	0.0	0.0	0.0	0.0	0.0	0.0
GSM4138114_HNSCC_3_PBMC_CCTTCGATCTCGCTTG	156.19846644062486	364.3708901018145	0.0	69.36387699140256	136.94151444013204	109.79036176752037	0.0	0.0	142.21251724419764	0.0	0.0	0.0	343.81765645922786	0.0	0.0	0.0	0.0	0.0	0.0	0.0	0.0	0.0	0.0	0.0	0.0	0.0	0.0	0.0
GSM4138114_HNSCC_3_PBMC_CGCGTTTAGACTAGGC	231.52776020745478	492.16573516303606	0.0	71.10960896663967	368.11632001698416	100.32465897315527	94.24626849259592	0.0	0.0	410.44451509011026	0.0	0.0	0.0	0.0	0.0	0.0	0.0	0.0	0.0	0.0	0.0	0.0	0.0	0.0	0.0	0.0	0.0	0.0
GSM4138114_HNSCC_3_PBMC_CTACATTTCTTTACGT	115.77029974172112	406.1109755457036	379.96031228971583	80.3661727211309	287.20992936135065	141.48348651134137	0.0	0.0	47.96074463754715	0.0	0.0	0.0	0.0	0.0	0.0	0.0	0.0	0.0	0.0	0.0	0.0	0.0	0.0	0.0	0.0	0.0	0.0	0.0
GSM4138114_HNSCC_3_PBMC_CTAGCCTAGACCGGAT	0.0	306.8085971352355	346.45965703697084	27.714199120131045	268.12968902549375	0.0	134.11728459622117	0.0	0.0	0.0	0.0	0.0	0.0	0.0	169.1208625973986	0.0	0.0	0.0	0.0	0.0	0.0	0.0	0.0	0.0	0.0	0.0	0.0	0.0
GSM4138114_HNSCC_3_PBMC_GACGTTAGTACCATCA	237.24644800269022	327.72189050057426	0.0	49.47069731007358	0.0	11.500809528304341	186.97427608986766	0.0	192.48730651300562	481.4082788324989	0.0	0.0	0.0	0.0	0.0	93.99837122772495	0.0	0.0	0.0	0.0	0.0	0.0	0.0	196.74206202135312	0.0	0.0	0.0	0.0
GSM4138114_HNSCC_3_PBMC_GCGCAGTCAACTGGCC	213.9340091651347	367.8588852994442	0.0	55.78114444616357	0.0	133.82650639316026	0.0	0.0	389.32785106912286	363.41856665582196	0.0	0.0	42.35693628678438	0.0	0.0	0.0	0.0	0.0	0.0	0.0	0.0	0.0	0.0	0.0	0.0	0.0	0.0	0.0
GSM4138114_HNSCC_3_PBMC_GCTCTGTCACACTGCG	225.83701216820214	317.9143622220881	0.0	50.020307135337404	0.0	0.0	0.0	0.0	0.0	316.82763219895634	173.47694636824423	0.0	0.0	446.9635773506281	0.0	0.0	0.0	0.0	0.0	0.0	0.0	0.0	0.0	0.0	0.0	0.0	0.0	0.0
GSM4138114_HNSCC_3_PBMC_GCTGCAGTCCGGCACA	0.0	317.48407549176085	0.0	55.256310376873856	0.0	0.0	105.76239062612697	0.0	308.8821468177298	0.0	0.0	0.0	366.98883034947414	0.0	255.63889692634834	0.0	0.0	0.0	0.0	0.0	0.0	0.0	0.0	0.0	0.0	0.0	0.0	0.0
GSM4138114_HNSCC_3_PBMC_GTAGTCACACAAGCCC	149.29130497053694	0.0	0.0	48.194701742318415	0.0	0.0	0.0	0.0	0.0	0.0	181.94544813034435	0.0	0.0	198.4311593631523	0.0	217.05958678351863	0.0	0.0	0.0	0.0	0.0	180.83450226134954	69.42966861235413	0.0	146.4078914078123	0.0	0.0	0.0
GSM4138114_HNSCC_3_PBMC_GTCAAGTAGGCGTACA	60.39922452089194	0.0	0.0	24.046219286450288	78.76376728680583	0.0	69.77267116779637	0.0	0.0	0.0	0.0	0.0	132.26636950559586	0.0	0.0	162.0162347653689	0.0	0.0	0.0	0.0	0.8729272087060539	0.0	0.0	0.0	0.0	0.0	0.0	0.0
GSM4138114_HNSCC_3_PBMC_TACGGATAGATCGATA	192.4019018089267	271.3715653701815	348.42533494889545	47.32871392368015	0.0	175.79231641906668	0.0	29.79524779266413	280.5544907584911	0.0	0.0	0.0	0.0	0.0	0.0	0.0	0.0	0.0	0.0	0.0	0.0	0.0	0.0	0.0	0.0	0.0	0.0	0.0
GSM4138114_HNSCC_3_PBMC_TCAACGATCTGGGCCA	228.97916587416475	454.60367394112046	0.0	49.24894863176758	289.30791348797254	155.15683773351407	0.0	0.0	104.42931839134694	184.59913696943812	0.0	0.0	189.41629518973352	0.0	0.0	0.0	0.0	0.0	0.0	0.0	0.0	0.0	0.0	0.0	0.0	0.0	0.0	0.0
GSM4138114_HNSCC_3_PBMC_TGGGCGTGTTAGTGGG	0.0	0.0	0.0	66.64032270484607	157.60458773366565	125.64940513578878	0.0	360.4687203331093	0.0	30.679845712130394	0.0	267.6036247407782	0.0	152.48675409624198	204.37815096358852	0.0	0.0	0.0	0.0	0.0	0.0	9.308527017138752	0.0	0.0	0.0	0.0	0.0	0.0
GSM4138114_HNSCC_3_PBMC_TTGGAACCAGTCACTA	171.15079711783912	362.7261622631907	16.658562823351847	51.986334444756935	0.0	166.57121970354953	0.0	0.0	262.9664048244552	36.37815169834458	0.0	0.0	0.0	0.0	0.0	0.0	0.0	292.64413067509287	0.0	0.0	0.0	0.0	0.0	0.0	0.0	0.0	0.0	0.0
GSM4138114_HNSCC_3_PBMC_ACTGTCCCAGCGATCC	67.46519795470593	183.80074152652912	0.0	48.47473193782362	242.3584357785119	133.65057006422006	0.0	0.0	0.0	0.0	0.0	0.0	0.0	0.0	0.0	0.0	0.0	0.0	38.91165178736159	374.35425904783676	0.0	0.0	0.0	0.0	0.0	0.0	0.0	0.0
GSM4138114_HNSCC_3_PBMC_AGATTGCGTCATACTG	0.0	0.0	0.0	40.50559565762519	0.0	49.191680676031666	0.0	0.0	0.0	0.0	0.0	0.0	0.0	165.0508862961405	116.10377728211841	124.75159000060093	0.0	0.0	0.0	0.0	242.96460951048942	0.0	0.0	0.0	0.0	0.0	0.0	0.0
GSM4138114_HNSCC_3_PBMC_CACACAAGTGAACCTT	108.59907586346992	266.71828112261835	0.0	68.07012245141611	151.06105021520048	30.817850115837444	0.0	0.0	0.0	0.0	101.13408727049288	0.0	0.0	0.0	0.0	0.0	0.0	193.25279682711474	0.0	0.0	0.0	0.0	0.0	0.0	0.0	0.0	0.0	0.0
GSM4138114_HNSCC_3_PBMC_GCGCAACCATCTGGTA	0.0	168.21923735274376	0.0	29.183444700505824	0.0	0.0	150.00958412823653	0.0	0.0	0.0	0.0	0.0	0.0	0.0	0.0	2.2690312508119623	0.0	0.0	92.22027257503404	232.93144394135413	0.0	0.0	155.6868912317099	0.0	0.0	0.0	0.0	0.0
GSM4138114_HNSCC_3_PBMC_TACGGATGTCTCATCC	88.65265823752539	0.0	0.0	35.96347487830243	213.06085955724956	0.0	0.0	256.6251751972991	0.0	0.0	106.66642273384453	0.0	0.0	0.0	0.0	0.0	0.0	0.0	32.78018720477253	157.06327204280223	0.0	0.0	0.0	0.0	0.0	1.398221233338648	0.0	0.0
GSM4138114_HNSCC_3_PBMC_TAGAGCTTCGGAATCT	110.73085809194302	182.1657520499072	0.0	36.14665004790823	0.0	0.0	0.0	0.0	0.0	0.0	113.90144708682628	0.0	0.0	207.32890680743222	0.0	9.802280567060716	0.0	0.0	0.0	5.088243541866278	139.90061587581505	0.0	0.0	0.0	0.0	0.0	0.0	0.0
GSM4138114_HNSCC_3_PBMC_TTGGAACGTACACCGC	106.37357846717931	221.86258511425137	0.0	38.353046283976816	89.15356285664396	0.0	166.57878234343008	0.0	0.0	0.0	0.0	305.381774784971	0.0	0.0	0.0	0.0	133.62240639587444	0.0	0.0	0.0	0.0	0.0	0.0	0.0	0.0	0.0	0.0	0.0
GSM4138114_HNSCC_3_PBMC_GCAGCCACACCACGTG	108.57813421246819	96.88561391893357	0.0	33.21036951291053	101.20419194944681	67.7823200932975	0.0	2.6534758694994625	0.0	0.0	0.0	128.50723120680448	0.0	0.0	0.0	0.0	0.0	0.0	0.0	0.0	0.0	0.0	0.0	0.0	0.0	0.0	0.0	0.0
GSM4138114_HNSCC_3_PBMC_TAGTTGGTCGAGAGCA	141.167333170046	129.05958848384682	0.0	30.40514165011958	14.605894417406523	77.26632899315858	0.0	0.0	55.010740687742	18.714578927422245	0.0	0.0	0.0	0.0	0.0	0.0	0.0	110.50032975546182	0.0	0.0	0.0	0.0	0.0	0.0	0.0	0.0	0.0	0.0
GSM4138114_HNSCC_3_PBMC_GGACAAGGTTACGACT	158.24989268561217	65.11640824492947	130.35253595462882	18.454277827945035	81.57262488845868	0.0	119.33053605615443	16.199792771930916	0.0	0.0	0.0	0.0	0.0	0.0	0.0	13.40724672196927	0.0	0.0	0.0	0.0	0.0	0.0	0.0	0.0	0.0	0.0	0.0	0.0
GSM4138114_HNSCC_3_PBMC_AGCTTGACATAACCTG	0.0	0.0	0.0	0.0	101.81252984520803	0.0	0.0	0.0	4135.1566898308765	0.0	0.0	0.0	0.0	0.0	0.0	0.0	163.561271301208	0.0	0.0	0.0	0.0	0.0	0.0	0.0	0.0	0.0	0.0	0.0
