	1	2	3	4	5	6	7	8	9	10	11	12	13	14	15	16	17	18
GSM4138114_HNSCC_3_PBMC_AAACGGGTCTAGAGTC	89.07667837290582	83.67693722423229	68.67601241001307	0.0	31.553721046550653	0.0	63.97709033031798	59.22946997085897	0.0	0.0	59.03898471849661	0.0	0.0	0.0	0.0	0.0	0.0	0.0
GSM4138114_HNSCC_3_PBMC_AAAGATGCACTACAGT	90.61385610365072	46.13976261278053	39.92625977064204	0.0	45.9314467974889	0.0	65.3401111335417	79.46991694772385	0.0	53.54162084875693	0.0	0.0	0.0	0.0	0.0	0.0	0.0	0.0
GSM4138114_HNSCC_3_PBMC_AAATGCCTCTCCAGGG	143.67688411978332	70.5055375916594	105.958564795758	90.9665267771074	70.83705820461554	0.0	0.0	0.0	83.07430550387905	0.0	0.0	0.0	0.0	57.5124351876384	28.94752307606719	0.0	0.0	0.0
GSM4138114_HNSCC_3_PBMC_AACACGTAGAGTGAGA	85.38001198797102	28.62726345214075	58.184075287151494	95.74336688344887	93.16779311309182	0.0	101.99786479810139	0.0	0.0	0.0	26.526830466343025	44.961838265160175	0.0	0.0	0.0	0.0	0.0	0.0
GSM4138114_HNSCC_3_PBMC_AAGGCAGGTTTAAGCC	68.91674851097758	62.73475824026186	62.12626990182986	83.33749656195717	37.31709778501208	0.0	45.257983777521375	0.0	21.815880137871115	0.0	0.0	55.639065922108934	0.0	0.0	0.0	0.0	0.0	0.0
GSM4138114_HNSCC_3_PBMC_ACACCAAGTATAAACG	116.22852019058115	45.03194696291192	38.48586867018121	44.641179999697485	66.42634950004054	0.0	41.809047245732245	0.0	0.0	0.0	66.73014727142304	0.0	0.0	0.0	0.0	8.207997865080836	0.0	0.0
GSM4138114_HNSCC_3_PBMC_ACATACGTCCACTCCA	68.7199247450075	32.94256895933686	58.15930746188248	30.800751281000785	81.54844012971853	27.293732230868162	0.0	0.0	0.0	0.0	34.40862137030242	0.0	0.0	0.0	0.0	0.0	12.730101848875464	0.0
GSM4138114_HNSCC_3_PBMC_ACTATCTAGGAGTTTA	212.43820027966936	98.99565892686392	44.72540643648627	163.37920079513555	52.02464398893112	0.0	99.63385391627622	0.0	0.0	0.0	14.825639241520092	0.0	0.0	0.0	0.0	0.0	0.0	0.0
GSM4138114_HNSCC_3_PBMC_ACTGAACTCACCTTAT	63.72040307713496	60.154502427671645	88.64780934011424	104.23802347565739	46.70369210334071	0.0	94.91798114282012	0.0	0.0	0.0	0.0	0.0	0.0	0.0	51.98504061201905	0.0	0.0	0.0
GSM4138114_HNSCC_3_PBMC_ACTTTCACAGCTGTTA	70.60147368275939	65.98126340518579	23.512822289932096	96.33345694403307	58.46513565475792	70.91947015139773	0.0	0.0	0.0	32.245549663036876	0.0	0.0	0.20675669478416875	0.0	0.0	0.0	0.0	0.0
GSM4138114_HNSCC_3_PBMC_AGCTCTCAGGTGATAT	59.97582761955847	51.94960787958021	59.69813607345571	0.0	44.89396556608283	0.0	44.86531050826711	119.7864651393359	25.661423337116606	0.0	74.10588394093698	0.0	0.0	0.0	0.0	0.0	0.0	0.0
GSM4138114_HNSCC_3_PBMC_AGCTCTCCAGCCTGTG	38.20162576232619	44.78852521183387	63.04527263054578	93.01000055880517	31.297912192294262	0.0	44.073817499365965	0.0	0.0	11.810169621045553	0.0	0.0	0.0	0.0	0.0	0.0	0.0	0.0
GSM4138114_HNSCC_3_PBMC_AGTCTTTCAAAGGTGC	125.80943633446395	68.0121773095607	32.394950452172004	105.72712434913524	52.53736488516044	0.0	0.0	0.0	98.32257172262761	0.0	0.0	0.0	0.0	7.829509578778687	0.0	0.0	0.0	0.0
GSM4138114_HNSCC_3_PBMC_AGTGAGGGTCAGCTAT	99.54204444244468	104.6040511982735	43.53850297944973	69.8676238847046	120.68208764253572	0.0	32.81218235156972	0.0	21.853879191293537	26.346410621826397	0.0	0.0	0.0	7.691682608832954	0.0	0.0	0.0	0.0
GSM4138114_HNSCC_3_PBMC_AGTGGGATCACCACCT	84.05801753421453	69.54706147038374	62.81745849088812	111.25039453383167	59.581217721865954	0.0	72.7750326131188	0.0	0.0	0.0	0.0	56.28653840826767	0.0	0.0	0.0	0.0	0.0	0.0
GSM4138114_HNSCC_3_PBMC_ATCCACCTCCCTCAGT	65.55177588605568	45.06712102930699	18.04489907336234	63.00155031009642	37.93938129001676	0.0	76.14820505993853	0.0	0.0	0.0	0.0	0.0	0.0	0.0	0.0	0.0	26.622449149296294	0.0
GSM4138114_HNSCC_3_PBMC_ATCGAGTGTCTAAACC	172.07730780920312	147.3076370599377	131.96912809310706	262.30660979412164	82.48201653546575	0.0	104.84571886616281	0.0	0.0	0.0	0.0	36.32189896603096	0.0	0.0	35.200257774145754	0.0	0.0	0.0
GSM4138114_HNSCC_3_PBMC_ATCTACTGTGACGCCT	58.802788980811165	51.409054971727265	125.29245325189501	36.045698020948834	40.656566256118104	0.0	0.0	28.187796688581077	65.33396336015336	0.0	0.0	0.0	0.0	85.3555773952358	0.0	0.0	0.0	0.0
GSM4138114_HNSCC_3_PBMC_CAAGAAAGTGCTTCTC	25.106023421478334	64.31921333663331	27.242408829369246	77.03790421140087	60.37697061551457	0.0	0.0	0.0	51.30929804624399	0.0	0.0	0.0	0.0	0.0	56.34672526281911	0.0	0.0	0.0
GSM4138114_HNSCC_3_PBMC_CAAGGCCGTTCCCGAG	41.615493040295455	64.86718560289809	0.0	89.14839867510052	56.58387429313412	0.0	133.23525994224366	0.0	0.0	0.0	0.0	0.0	0.0	49.343693060567674	0.0	0.0	0.0	0.0
GSM4138114_HNSCC_3_PBMC_CAAGTTGTCAAGAAGT	78.5235728667698	41.231790752894405	136.89286371183525	0.0	15.07035964466885	93.96980914914413	0.0	40.44885466630865	0.0	74.05319117571855	0.0	0.0	0.0	0.0	0.0	0.0	0.0	0.0
GSM4138114_HNSCC_3_PBMC_CACAAACCAGCTGGCT	43.88754771725891	36.101717823499136	64.49969345068912	97.01939498090724	0.0	122.4056261512435	0.0	0.0	0.0	0.0	0.0	0.0	0.0	0.0	0.0	0.0	0.0	47.643333383663965
GSM4138114_HNSCC_3_PBMC_CACACAAAGAACAACT	55.760209121704875	56.88112731306734	61.38351432943799	0.0	40.19251478530134	0.0	0.0	161.3280708416025	0.0	0.0	25.05063274215225	27.07406243712175	104.06652399952978	0.0	0.0	0.0	0.0	0.0
GSM4138114_HNSCC_3_PBMC_CACATAGTCCGCAAGC	80.21445396041972	56.68371716362345	40.582296869886044	91.79619751839071	61.73283032357109	0.0	66.1689627201175	0.0	0.0	0.0	83.8224690954504	0.0	0.0	0.0	0.0	0.0	0.0	24.68705790932546
GSM4138114_HNSCC_3_PBMC_CACCACTAGCAATATG	51.2152669887574	33.30436259668153	34.15597291781214	0.0	22.4678786288389	0.0	31.416432818417857	147.6209787083395	0.0	31.772816896423766	0.0	0.0	0.0	0.0	0.0	0.0	0.0	0.0
GSM4138114_HNSCC_3_PBMC_CATATTCAGTCCCACG	69.06375367725994	17.741378251706628	42.59709481792811	101.45399851039738	59.58958507878657	0.0	0.0	0.0	58.00484066654267	23.408128753228493	0.0	0.0	0.0	0.0	0.0	0.0	0.0	0.0
GSM4138114_HNSCC_3_PBMC_CATCAAGGTCGTCTTC	39.958809342601036	71.47334005708504	55.71367013425981	135.40435376971672	39.13201570144144	74.4068088999279	0.0	0.0	0.0	0.0	0.0	0.0	0.0	0.0	23.197573332866735	0.0	0.0	0.0
GSM4138114_HNSCC_3_PBMC_CATCAGACATACTACG	210.583450387783	168.94197641429557	151.67890916723738	0.0	149.79927508974595	0.0	0.0	272.2469863133367	0.0	0.0	0.0	137.98666111600863	129.36968047019005	0.0	0.0	0.0	0.0	0.0
GSM4138114_HNSCC_3_PBMC_CATCGGGTCTTCTGGC	16.742693057309456	49.70730688775916	72.6690554472203	0.0	79.10482738930119	0.0	0.0	78.0776495401571	0.0	40.17381419167512	0.0	0.0	115.26574382913569	0.0	0.0	0.0	0.0	0.0
GSM4138114_HNSCC_3_PBMC_CCACGGATCAGAGGTG	127.04639153571101	87.77784110119667	78.64927875091475	0.0	26.53265734265781	95.44826587486463	20.033234859277396	138.07528671002297	0.0	96.48610211532349	0.0	0.0	0.0	0.0	0.0	0.0	0.0	0.0
GSM4138114_HNSCC_3_PBMC_CCTACACTCGACAGCC	47.17398267143869	28.69227015970359	59.33731177442507	55.09585947156827	20.812645808973855	0.0	0.0	1.5093519549183028	45.10077370040611	0.0	0.0	0.0	0.0	10.373627124477698	0.0	35.84268502401586	0.0	0.0
GSM4138114_HNSCC_3_PBMC_CCTTCCCGTAGCGTCC	61.335839132710106	45.08704901303863	59.073859759317024	62.40955812291864	48.91004350751026	0.0	0.0	0.0	38.82812026088369	35.45996635713004	0.0	0.0	0.0	0.0	0.0	0.0	0.0	0.0
GSM4138114_HNSCC_3_PBMC_CCTTCCCTCACATACG	68.68491037044424	57.53507302684191	68.39944914021511	0.0	50.24340786215783	0.0	0.0	73.3074526194966	52.53091396263159	0.0	55.62121558952566	0.0	0.0	0.0	0.0	0.0	0.0	0.0
GSM4138114_HNSCC_3_PBMC_CGAGCCAAGCGCTTAT	85.51219346765161	58.065030198843175	25.468753732259575	134.43184074079764	51.970430749360766	10.009121236580198	0.0	0.0	47.66815303072176	0.0	0.0	11.225206204062182	0.0	0.0	0.0	0.0	17.549501428863064	0.0
GSM4138114_HNSCC_3_PBMC_CGAGCCAGTCAAAGAT	288.8452417185464	100.81062888446857	190.6242644152265	227.05475514900598	154.578354003456	0.0	90.73269614760818	0.0	0.0	69.27769002187482	0.0	0.0	0.0	0.0	0.0	0.0	0.0	0.0
GSM4138114_HNSCC_3_PBMC_CGCGGTATCATCACCC	109.70024339181646	88.43485828308222	92.16355735499867	105.7664064971201	64.5780057848563	100.28624030585145	0.0	0.0	0.0	0.0	0.0	0.0	0.0	0.0	83.20517122532391	0.0	0.0	0.0
GSM4138114_HNSCC_3_PBMC_CGCGTTTTCCCAAGTA	68.538957985829	27.767638799237233	89.04922916926591	50.57048951081163	64.77082722820337	0.0	55.470389500691525	0.0	0.0	0.0	0.0	18.184997004262872	0.0	0.0	0.0	0.0	0.0	0.0
GSM4138114_HNSCC_3_PBMC_CGCTGGAGTAGCCTAT	64.82338885806305	74.1286567010892	41.23033501114132	0.0	56.90401183576843	169.2268216614606	3.9428785661370527	120.42356033970913	0.0	0.0	0.0	0.0	0.0	51.363533508543775	23.434972730267912	0.0	12.218902009101669	0.0
GSM4138114_HNSCC_3_PBMC_CGGACGTGTAGATTAG	93.01583082351887	90.72229503838213	69.11667719230245	108.97576711543466	56.65902794763455	14.359268913641635	0.0	0.0	88.98999674437346	86.26926001372418	0.0	0.0	0.0	0.0	0.0	0.0	0.0	0.0
GSM4138114_HNSCC_3_PBMC_CGTCCATAGATGTGTA	62.38303978513313	63.3074219999621	28.917556483000762	1.2867478196555098	65.81660073857645	31.116241546030977	0.8148941431477744	99.40118548548185	0.0	0.0	8.852447138851304	0.0	0.0	0.0	0.0	17.458168665939958	0.0	0.0
GSM4138114_HNSCC_3_PBMC_CGTCTACGTACCGAGA	73.84781666023663	57.53701303360698	48.10100186350183	84.69178654966287	72.9882484711393	13.83092800155013	56.68225445230369	0.0	0.0	0.0	0.0	0.0	0.0	0.0	0.0	0.0	111.37594548136137	0.0
GSM4138114_HNSCC_3_PBMC_CGTTCTGCACGTCTCT	73.53820174398416	46.11200031551279	56.70825754711074	59.01485849629691	61.96249202600567	0.0	72.35574579303261	0.0	0.0	0.0	0.0	52.3164495670623	0.0	0.0	0.0	0.0	0.0	0.0
GSM4138114_HNSCC_3_PBMC_CTAGAGTCAAGCCATT	22.09947417066154	20.72479624220933	56.087885849736494	93.77593921467451	46.72936099680844	84.79835105925247	0.0	0.0	0.0	0.0	12.240594377952846	0.0	0.0	79.30994296754798	0.0	0.0	0.0	0.0
GSM4138114_HNSCC_3_PBMC_CTCAGAAGTCAGTGGA	35.522246373831656	52.09451757614015	61.92555681986607	0.0	57.05878997921221	0.0	33.25634626453275	78.63424754429495	0.0	0.0	0.0	68.9959798498357	0.0	0.0	0.0	0.0	0.0	0.0
GSM4138114_HNSCC_3_PBMC_CTCATTACATCGGTTA	48.66035553601359	58.68340774984387	28.61474907735474	76.47886547538006	51.191031617024706	88.67150157414748	0.0	0.0	0.0	53.64191790229279	0.0	0.0	0.0	0.0	0.0	0.0	0.0	0.0
GSM4138114_HNSCC_3_PBMC_CTCATTATCGGAGCAA	36.47434635751801	36.252379904446386	51.3615320697067	59.25869838517315	98.55151660438791	0.0	38.76280253465755	0.0	0.0	0.0	0.0	72.72464971035788	0.0	0.0	0.0	0.0	0.0	0.0
GSM4138114_HNSCC_3_PBMC_CTGCTGTAGGACGAAA	36.016725716637445	42.08222265118843	38.62947136779821	147.30559562078454	38.77539164922071	0.0	0.0	0.0	80.42338188712924	62.196293564948796	0.0	0.0	0.0	0.0	28.138929949548718	0.0	0.0	0.0
GSM4138114_HNSCC_3_PBMC_CTGTTTAGTAAGTGTA	66.28373244068645	35.128908082465585	56.49857046188391	0.0	50.63817995648209	70.55776523866076	0.0	79.66825420921565	0.0	48.47028097373029	4.006150323995897	0.0	0.0	0.0	0.0	0.0	0.0	0.0
GSM4138114_HNSCC_3_PBMC_GAAATGACAGCTTAAC	59.38142447694608	45.010075028287375	64.91399682099579	37.527384745642685	42.219016856802924	0.0	48.97983457390351	65.98772950115085	0.23680621232507346	24.493554192264398	0.0	0.0	0.0	0.0	0.0	0.0	0.0	0.0
GSM4138114_HNSCC_3_PBMC_GACCTGGGTTAAAGTG	63.62687015735318	34.00798840112604	26.846600102022805	66.06408039583623	12.55166608023723	0.0	0.0	0.0	50.61792819084904	0.0	0.0	0.0	0.0	69.55609504689907	0.0	0.0	0.0	0.0
GSM4138114_HNSCC_3_PBMC_GATCAGTTCATCTGCC	94.25628009591723	97.65724702784796	75.42432884432289	0.0	12.330984503719758	0.0	84.17786913058791	71.35344228306502	0.0	0.0	0.0	59.07653457941801	0.0	0.0	0.0	0.0	0.0	0.0
GSM4138114_HNSCC_3_PBMC_GATCGATTCGCCAAAT	68.40504505020918	64.85816279075574	76.3096174510366	95.01566675483178	87.83700603871071	0.0	36.011591522101035	0.0	26.41313999798227	0.0	0.0	0.0	0.0	0.0	60.195488789148506	0.0	0.0	0.0
GSM4138114_HNSCC_3_PBMC_GATCGTACATGCCCGA	43.52563732670427	55.106793481609344	100.28449321406029	69.22960815745883	55.99127036672771	40.882776687289855	0.0	0.0	0.0	0.0	37.63102408717373	0.0	0.0	0.0	0.0	0.0	0.0	0.0
GSM4138114_HNSCC_3_PBMC_GATCTAGGTCTTGATG	77.10774223908737	47.2194001958663	89.13204827010861	0.0	34.55697908422259	0.0	42.757216921677816	64.89297375263475	28.11497752357677	0.0	0.0	0.0	0.0	0.0	65.07690455518797	0.0	2.0713257421942437	0.0
GSM4138114_HNSCC_3_PBMC_GCAAACTCAAACAACA	90.46158894115399	68.42690922911967	29.931277328536872	75.56504774188656	80.0870196683815	0.0	0.0	0.0	63.05426683497061	0.0	0.0	0.0	0.0	70.37738750104803	0.0	0.0	0.0	0.0
GSM4138114_HNSCC_3_PBMC_GCAAACTGTTCTGTTT	51.727007443023396	23.144632367665814	144.5163188044799	87.57800307686216	42.58525915461295	14.730761988719635	0.0	0.0	0.0	0.0	0.0	55.09224439356731	29.512435716387344	0.0	0.0	0.0	0.0	0.0
GSM4138114_HNSCC_3_PBMC_GCACATATCAGGCGAA	77.81302835869374	87.99524884212133	111.15349950303158	174.28723872367948	111.63255897911665	0.0	72.61145390985061	0.0	0.0	0.0	0.0	69.07132881520359	0.0	0.0	0.0	0.0	0.0	0.0
GSM4138114_HNSCC_3_PBMC_GCATGATCAGCTGTGC	100.15855921415823	38.18238178772695	10.084416999993573	5.4091839296607915	17.700307641476904	21.89035521713231	0.0	0.0	43.15124178291445	0.0	0.0	93.96876656535947	0.0	0.0	0.0	0.0	0.0	0.0
GSM4138114_HNSCC_3_PBMC_GCGACCACAGGGTACA	65.54845301677491	22.32687905002083	87.23155041580503	96.29732325165588	22.031895653383184	0.0	0.0	0.0	57.56698765418063	29.896560088825833	0.0	0.0	0.0	28.570665211961657	0.0	0.0	0.0	0.0
GSM4138114_HNSCC_3_PBMC_GCGCAACTCGTTGCCT	41.45069424233118	50.41530210067334	59.0363907570346	41.44848047081118	17.360171171639436	45.53185239674048	0.0	0.0	0.0	0.0	0.0	0.0	0.0	0.0	0.0	69.22559506146386	0.0	0.0
GSM4138114_HNSCC_3_PBMC_GCGCCAACAAGGCTCC	163.54085180690535	49.154250910246745	68.08982339794123	32.89841481888603	54.41048656864781	0.0	49.73201605169286	49.95859570160979	0.0	0.0	0.0	0.0	0.0	0.0	49.14492731480929	0.0	0.0	0.0
GSM4138114_HNSCC_3_PBMC_GCTCTGTAGTGTCTCA	78.30935903212395	65.32613919103831	81.07145219282533	84.07810791193702	90.41154883843576	0.0	87.00640920950752	0.0	0.0	0.0	0.0	0.0	0.0	6.995205976361798	0.0	0.0	0.0	0.0
GSM4138114_HNSCC_3_PBMC_GCTGCTTAGATAGTCA	85.82137038410833	61.03686853010829	80.25827806211159	121.14302844108371	29.822993802646838	0.0	84.89311991730501	0.0	0.0	54.18535771856476	0.0	0.0	0.0	0.0	0.0	0.0	0.0	0.0
GSM4138114_HNSCC_3_PBMC_GGATGTTAGCTACCTA	88.3347592492858	93.84082635331423	82.422251119104	83.42454198216318	75.87299855926328	0.0	0.0	0.0	182.1112773702886	0.0	0.0	0.0	0.0	0.0	67.31484837660264	0.0	0.0	0.0
GSM4138114_HNSCC_3_PBMC_GGCCGATAGCACCGTC	65.95395926364516	83.08698934067115	85.09587521121847	63.13981036343765	74.27436077825611	0.0	10.587059538243969	0.0	59.98430167346303	0.0	0.0	100.10654576326323	0.0	0.0	0.0	0.0	0.0	0.0
GSM4138114_HNSCC_3_PBMC_GGCGTGTGTCCCTTGT	37.44140551213218	78.16868762013956	72.41574588465392	0.0	58.6354201325691	45.61856179466516	39.40214250159809	98.72966636863092	0.0	0.0	36.99753732121702	0.0	0.0	0.0	0.0	0.0	0.0	0.0
GSM4138114_HNSCC_3_PBMC_GGGCACTTCAGCTCTC	57.11721854747664	40.129218192631974	58.206899107455975	95.20002268137291	91.91352773594302	0.0	57.66908972837645	0.0	0.0	0.0	44.40066839131675	0.0	0.0	0.0	0.0	0.0	0.0	0.0
GSM4138114_HNSCC_3_PBMC_GTAGGCCTCAAAGTAG	52.9677513473779	33.73752873814892	54.1693136917089	77.08786262142151	46.10393343356215	0.0	118.92548171782725	0.0	0.0	0.0	0.0	15.621598575120045	0.0	32.66460010611695	0.0	0.0	0.0	0.0
GSM4138114_HNSCC_3_PBMC_GTATCTTAGCTAAACA	104.70468653826627	30.78458882354551	33.54386048348911	0.0	38.37823660545409	0.0	0.0	73.94286228799722	0.0	0.0	0.0	56.42557546836662	45.27335330815324	0.0	0.0	0.0	20.717993748796644	0.0
GSM4138114_HNSCC_3_PBMC_GTCTCGTCATCTCCCA	62.79868697433682	67.50937082283738	34.00900591961437	93.05362375951218	25.65530340097242	15.276151110797802	0.0	0.0	10.801520588318773	0.0	47.4228822124756	0.0	56.71406857090108	0.0	0.0	0.0	0.0	19.308759789907608
GSM4138114_HNSCC_3_PBMC_GTGTGCGGTTCGCTAA	101.45041337457648	52.751729769580216	62.592192018266005	68.47671892176345	35.94585606797439	0.0	84.5494771058194	0.0	0.0	0.0	67.34507458403584	0.0	0.0	0.0	0.0	0.0	0.0	0.0
GSM4138114_HNSCC_3_PBMC_GTTACAGAGAGCTGCA	82.73859825638183	37.82289003817015	99.45792341053881	72.29689627096081	30.066206822749525	0.0	47.41360739507979	0.0	0.0	0.0	34.535580392178886	0.0	0.0	0.0	0.0	0.0	0.0	0.0
GSM4138114_HNSCC_3_PBMC_GTTCATTAGCTACCTA	54.44526626802923	54.290494273314614	73.49307858059142	63.67723458833502	90.31226310454747	0.0	0.0	0.0	48.28990335636942	0.0	0.0	0.0	0.0	0.0	69.30450246901647	0.0	0.0	0.0
GSM4138114_HNSCC_3_PBMC_TAAGTGCAGTTCGCAT	41.13212610710095	38.96167245474622	53.053220719647356	25.718861467415373	80.95445788336745	40.87957524317503	26.37054763428466	0.0	0.0	0.0	53.87858720823669	0.0	0.0	0.0	0.0	15.326666799001714	0.0	0.0
GSM4138114_HNSCC_3_PBMC_TACTTGTCAAGCGAGT	84.17037360732223	30.6356758830784	80.33967888730263	0.0	21.286990978133463	66.48637102795846	0.0	64.23498741789874	0.0	0.0	0.0	0.0	0.0	0.0	31.710085227918025	0.0	0.0	0.0
GSM4138114_HNSCC_3_PBMC_TAGACCATCCGGGTGT	14.683349796090464	39.93797996634389	105.13113031017632	0.0	11.163579403263872	81.35567415762647	0.0	96.11311351091453	0.0	0.0	0.0	0.0	0.0	0.0	24.53899640180914	38.47597618781145	0.0	0.0
GSM4138114_HNSCC_3_PBMC_TAGGCATAGCCACGCT	240.1007007040832	182.2763357423986	204.45517444541582	0.0	136.01091416123782	0.0	183.3546129879559	321.7484123765051	0.0	0.0	0.0	166.13728129498895	0.0	0.0	0.0	0.0	0.0	0.0
GSM4138114_HNSCC_3_PBMC_TATTACCAGTGACTCT	54.41716254652326	63.0380682273593	69.42984498622431	95.95815609834293	29.610621244461804	83.61795211316644	0.0	0.0	0.0	0.0	0.0	50.84132246759457	0.0	0.0	0.0	0.0	0.0	0.0
GSM4138114_HNSCC_3_PBMC_TCAACGACAGACACTT	66.7297556100564	43.04729055856116	54.229874443044075	64.08553789548193	77.5636436977691	27.52135547449109	0.0	0.0	0.0	0.0	61.918108397178386	0.0	21.509442526624166	0.0	0.0	0.0	0.0	0.0
GSM4138114_HNSCC_3_PBMC_TCAGGATTCCGTTGTC	91.95863842046083	41.074679212824556	66.10536010094408	0.0	16.88879763321222	57.600426426382874	0.0	23.1871178730594	0.0	0.0	0.0	84.48906621945176	0.0	0.0	0.0	0.0	0.0	0.0
GSM4138114_HNSCC_3_PBMC_TCATTTGGTTCCCGAG	29.582464138387518	32.44373617019473	46.51380916839799	0.0	54.84562179437758	0.0	86.71159423833947	65.17307687668885	0.0	0.0	25.120433255077387	0.0	0.0	0.0	0.0	0.0	0.0	0.0
GSM4138114_HNSCC_3_PBMC_TCGAGGCGTACTCTCC	55.8961988389995	44.379211069309136	72.93547902495311	0.0	14.523856621706964	75.82902622562979	0.0	65.16579194179471	0.0	0.0	62.567941566561984	0.0	0.0	0.0	0.0	0.0	0.0	0.0
GSM4138114_HNSCC_3_PBMC_TCGCGAGTCTATCCTA	105.94482492768664	43.33563333206691	87.72283586390932	78.18352393033327	118.18452322300284	0.0	0.0	0.0	93.75812432546088	0.0	0.0	0.0	0.0	0.0	73.403060457592	0.0	0.0	0.0
GSM4138114_HNSCC_3_PBMC_TCTGGAAGTGTAAGTA	58.60416115523985	50.60691976023226	39.12380488224912	71.46204347191798	47.19028613330121	55.11780480657659	0.0	0.0	0.0	61.39903955621133	0.0	0.0	0.0	0.0	0.0	0.0	0.0	0.0
GSM4138114_HNSCC_3_PBMC_TGACTAGTCTGAAAGA	56.09837611774034	33.437417142207714	64.84126723342712	0.0	22.153412066896482	0.0	0.0	84.22780360024588	13.70598071929078	0.0	0.0	45.57554268444161	37.19371922166514	0.0	0.0	0.0	0.0	0.0
GSM4138114_HNSCC_3_PBMC_TGACTTTCAATGGAAT	49.55582258098519	35.180802688534165	48.540303397547014	49.094695418926506	51.017470371199465	0.0	35.01319209756247	0.0	0.0	17.880873932850267	0.0	0.0	0.0	0.0	0.0	0.0	0.0	0.0
GSM4138114_HNSCC_3_PBMC_TGAGAGGGTCCGAATT	142.3003366429157	46.67227365046752	63.59011425740774	0.0	69.85471387984231	59.554404838173824	0.0	100.81094782111677	0.0	0.0	0.0	0.0	0.0	67.83736185513098	0.0	0.0	0.0	0.0
GSM4138114_HNSCC_3_PBMC_TGAGCCGGTACAGCAG	64.19656107725787	57.57415594051341	48.980904393649936	157.11666512759572	45.65119716445719	58.325168831996514	71.28295950413256	0.0	0.0	29.283193259800967	0.0	0.0	0.0	0.0	0.0	0.0	0.0	0.0
GSM4138114_HNSCC_3_PBMC_TGAGGGAAGGGTGTGT	122.3293057354455	87.48496169123072	133.5118337762341	120.51938651269343	176.62857161237707	0.0	64.4807047003049	0.0	0.0	0.0	0.0	0.0	0.0	0.0	13.153714777500328	0.0	0.0	0.0
GSM4138114_HNSCC_3_PBMC_TGAGGGAGTAGCCTAT	48.529264174160865	69.77262893197046	33.1007640139237	0.0	46.43929860068742	0.0	9.219554127371278	85.6313755855635	54.20186931594973	24.127284130028304	0.0	0.0	0.0	0.0	0.0	0.0	0.0	0.0
GSM4138114_HNSCC_3_PBMC_TGCGCAGAGGTAGCTG	58.44619775451408	41.44814824851624	104.0822988561439	57.59443911810565	52.68621635678402	62.720594644434904	0.0	35.66224351797433	0.0	14.935812127147527	0.0	0.0	0.0	0.0	18.477567543220772	9.223551729547081	0.0	0.0
GSM4138114_HNSCC_3_PBMC_TGGACGCGTTCCACAA	212.29462127976845	220.94467094488624	84.55086981401045	0.0	181.83032929081273	0.0	0.0	269.78353901681504	23.28387551631096	0.0	0.0	161.05845240890753	60.99901813241311	0.0	0.0	0.0	0.0	0.0
GSM4138114_HNSCC_3_PBMC_TTCTACAGTCTAGTGT	86.1506623466221	39.30269858630964	28.916363895286324	61.62063614615493	51.558075987945955	0.0	0.0	0.0	62.761265883586766	8.804484579623502	0.0	0.0	0.0	1.865744215015637	18.123797177697263	0.0	0.0	0.0
GSM4138114_HNSCC_3_PBMC_TTCTACATCTGCGTAA	92.78050128952897	129.01540558317492	130.4512083360072	136.51542660025413	81.16960412401268	0.0	116.6642332560832	0.0	0.0	36.74604978412449	0.0	0.0	0.0	0.0	0.0	0.0	0.0	0.0
GSM4138114_HNSCC_3_PBMC_TTCTCAAGTCAAGCGA	26.975893204234616	65.27062573282629	47.634211683810875	0.0	20.3367576746394	97.25324354048712	0.0	100.79059601137476	0.0	0.0	6.107705808466859	0.0	0.0	0.0	0.0	0.0	0.0	0.0
GSM4138114_HNSCC_3_PBMC_TTCTCAAGTTATGTGC	97.76901512953643	54.016857870556066	64.5394199500523	3.157258233114175	97.76101451195547	55.696182935609414	0.0	39.7349651952672	0.0	0.0	0.0	0.0	0.0	38.48255735095308	0.0	0.0	0.0	0.0
GSM4138114_HNSCC_3_PBMC_TTCTTAGAGGCTCTTA	47.74893590199094	65.32499824495498	53.59733506350166	44.989756747362364	22.94483860936618	32.10404305688347	0.0	0.0	26.617368508066217	62.42142318904656	0.0	0.0	9.950232547047543	0.0	0.0	0.0	0.0	0.0
GSM4138114_HNSCC_3_PBMC_TTTCCTCTCCTTTCTC	21.415850747050488	34.764488364905034	71.45159795928734	0.0	66.12666083441263	0.0	0.0	33.73008178032949	68.87217810474202	30.470700679630284	0.0	0.0	0.0	0.0	0.0	0.0	0.0	0.0
GSM4138114_HNSCC_3_PBMC_TTTGTCACACGAAAGC	59.55570298872377	84.40220909132097	41.02614600114498	56.78824429204013	108.43519504530191	49.73987644676785	0.0	0.0	18.371655657711678	0.0	0.0	0.0	0.0	0.0	60.16130160669331	0.0	0.0	0.0
GSM4138114_HNSCC_3_PBMC_TGTGTTTTCCCATTAT	176.27627542169108	127.6420222027409	64.41289073757503	269.2601747260705	203.47057521744827	0.0	97.20571982661922	0.0	0.0	0.0	0.0	10.327308708301343	0.0	0.0	0.0	0.0	0.0	0.0
GSM4138114_HNSCC_3_PBMC_AACCATGAGCTAAACA	82.17405150120754	72.91729823518325	40.702337824781004	78.3148869711985	13.76475653427833	0.0	0.0	0.0	109.84835303637722	0.0	0.0	0.0	0.0	0.0	0.0	62.315525644427694	0.0	0.0
GSM4138114_HNSCC_3_PBMC_AACTTTCCAGCCTTTC	57.34573863061171	42.10785966650826	58.92758113716486	114.56584912392651	83.2258332287803	64.52038450293942	36.49485456800253	0.0	0.0	0.0	0.0	0.0	0.0	70.66038681058826	0.0	0.0	0.0	0.0
GSM4138114_HNSCC_3_PBMC_AAGGTTCGTAAATGAC	48.212746315091096	55.245904322250816	52.10464319845356	100.51384222161991	84.09752749983515	0.0	0.0	0.0	31.6241786278171	0.0	25.264876433829567	0.0	0.0	0.0	0.0	0.0	0.0	0.0
GSM4138114_HNSCC_3_PBMC_ACAGCCGCATCCCACT	122.20565744741252	86.6264893956613	75.48995547341204	129.26128293703795	69.37551971037334	0.0	6.326229408638304	0.0	77.47402680370593	68.63963067468333	0.0	0.0	0.0	0.0	0.0	0.0	0.0	0.0
GSM4138114_HNSCC_3_PBMC_ACATACGGTCACTGGC	80.57438437453055	67.55530408159554	45.95154794990097	97.37452983462184	80.06522240592709	135.95101339764534	0.0	0.0	0.0	93.10809663567593	0.0	0.0	0.0	12.656299731864623	0.0	0.0	0.0	0.06777768001268192
GSM4138114_HNSCC_3_PBMC_ACCCACTCATGGTCAT	40.87714221203366	56.999048455436146	61.385485410395596	88.7181914527422	87.61313724096742	55.14526990886837	0.0	0.0	0.0	55.804231015262175	0.0	0.0	0.0	0.0	0.0	0.0	0.0	0.0
GSM4138114_HNSCC_3_PBMC_ACGATGTGTACCATCA	98.40709475585638	104.96462919878597	67.56141327062336	0.0	66.69480628655286	0.0	41.150945126264176	121.4933967557098	51.420900642267476	0.0	6.8865220249035675	0.0	0.0	0.0	91.75552218483942	0.0	0.0	0.0
GSM4138114_HNSCC_3_PBMC_ACGCCAGCACACTGCG	66.63543043980653	75.1094298440296	106.44679793397778	140.9017218512371	54.00249772559155	70.31348450241886	0.0	0.0	34.21409942956218	0.0	0.0	0.0	0.0	0.0	78.76909420920185	0.0	0.0	0.0
GSM4138114_HNSCC_3_PBMC_ACGGGTCGTTACGACT	48.016979713453	43.95373193616457	33.778726769712485	66.64972816461463	27.596427834270983	0.0	118.71387895380332	0.0	0.0	0.0	26.467930620127323	0.0	0.0	0.0	0.0	0.0	0.0	0.0
GSM4138114_HNSCC_3_PBMC_ACGGGTCTCTGCCCTA	52.97013172987923	52.495208730748466	59.43772991448723	36.38275235585578	40.18332555872788	0.0	0.0	0.0	0.0	0.0	0.0	0.0	73.02525921030148	33.811484830251345	0.0	0.0	0.0	0.0
GSM4138114_HNSCC_3_PBMC_ACTTACTGTCATGCAT	133.33767706207914	38.13584061946618	15.067313004188557	68.08287920151665	25.310966209174765	0.0	0.0	21.82668797561639	31.887332236154943	0.0	0.0	0.0	0.0	33.31937628062395	26.32268184038802	0.0	0.0	0.0
GSM4138114_HNSCC_3_PBMC_ACTTGTTAGAGTAAGG	38.73175444450847	54.04584754122187	18.57362670216913	87.3825727275805	78.26648532865403	118.44731405087356	0.0	0.0	0.0	0.0	0.0	0.0	0.0	0.0	0.0	0.0	17.240402234900813	0.0
GSM4138114_HNSCC_3_PBMC_AGCGTCGCAACTGCGC	55.70782671374761	52.66232115679524	53.82664152836367	0.0	88.2318503760388	0.0	43.4713175708298	68.42169159644436	0.0	0.0	66.97547205520146	0.0	0.0	0.0	0.0	16.57329239062269	0.0	0.0
GSM4138114_HNSCC_3_PBMC_AGCTTGAAGGAGCGTT	39.91210853964646	40.24461383817158	42.62528577259085	0.0	65.8513338086166	0.0	69.82752247490507	100.41029418305921	0.0	0.0	0.0	0.0	0.0	0.0	0.0	0.0	23.32887398941009	0.0
GSM4138114_HNSCC_3_PBMC_AGGGATGCATCCGCGA	71.40751029120895	60.34199679700329	57.81714436552637	121.58825360468477	53.67111461380596	0.0	22.248354501587144	0.0	44.391307197185256	0.0	46.40101649602642	0.0	0.0	0.0	0.0	0.0	0.0	0.0
GSM4138114_HNSCC_3_PBMC_AGGTCATAGTTGCAGG	136.37462022473608	117.48903230575655	72.1200751839812	65.71331667795678	27.068921587923295	126.45395689346076	0.0	0.0	0.0	0.0	87.06847848555292	0.0	0.0	0.0	20.17886485786422	0.0	0.0	0.0
GSM4138114_HNSCC_3_PBMC_AGGTCCGTCAGCTGGC	58.1269576866341	19.984204453690065	58.46428440439006	66.60793193952232	52.63923772383825	0.0	41.8406593252963	0.0	0.0	13.97664601653507	0.0	0.0	0.0	0.0	0.0	0.0	0.0	0.0
GSM4138114_HNSCC_3_PBMC_AGTGGGATCGATAGAA	58.525038865543024	53.32458448797766	45.72954206746181	123.58287428209363	47.91770641660031	89.06306746680683	0.0	0.0	0.0	0.0	98.7204099315392	0.0	0.0	0.0	0.0	0.0	0.0	0.0
GSM4138114_HNSCC_3_PBMC_AGTGTCAAGTGTACTC	57.6624957549403	42.63182763961166	67.85831392967609	96.14364792374063	35.688953172236026	0.0	66.74569292394344	0.0	0.0	53.99079466009898	0.0	0.0	0.0	0.0	0.0	0.0	0.0	0.0
GSM4138114_HNSCC_3_PBMC_ATAGACCAGTGACATA	112.75083552240457	109.70690921686854	82.11800074469382	107.25638984511691	102.76023252780344	0.0	105.207617944468	0.0	0.0	26.15761300834891	0.0	0.0	0.0	10.900585781630074	0.0	0.0	0.0	0.0
GSM4138114_HNSCC_3_PBMC_ATCACGAGTAAGTTCC	129.29721102400862	61.45260954524859	63.411175115940566	44.918794732192254	17.593814437858576	0.0	0.0	28.26783876646838	47.18586029636706	18.136221346264556	0.0	0.0	0.0	0.0	0.0	0.0	0.0	0.0
GSM4138114_HNSCC_3_PBMC_ATGGGAGTCACGCGGT	122.01372407552951	75.96610641765496	81.34859712217258	65.83299481300156	83.41923952979495	38.09829310895793	59.68372608848052	72.59610012817603	0.0	0.0	0.0	0.0	0.0	55.14704074687341	0.0	0.0	0.0	0.0
GSM4138114_HNSCC_3_PBMC_ATTGGACTCTCTTATG	48.41756207557419	39.87528413945062	7.504031807228274	0.0	19.144508941123195	0.0	0.0	36.17472429070384	33.95866459023625	0.0	38.395049468502165	0.0	5.8818168457321525	0.0	0.0	0.0	0.0	0.0
GSM4138114_HNSCC_3_PBMC_CAACCTCGTACATCCA	107.54202324287112	20.90299950231025	36.92192782176505	96.15739135101026	42.9899765468859	0.0	67.0319411347563	0.0	0.0	0.0	49.10966707431827	0.0	0.0	0.0	0.0	45.853482010545385	0.0	0.0
GSM4138114_HNSCC_3_PBMC_CAACTAGCACAACGCC	71.80646955783513	49.56570545807579	55.9355968563468	78.24659353559028	71.19836459990731	64.40257722173253	0.0	0.0	9.511943774782791	16.54509989450192	0.0	0.0	0.0	0.0	0.0	0.0	0.0	0.0
GSM4138114_HNSCC_3_PBMC_CAAGAAATCTATGTGG	67.3037563048547	48.94232183117484	18.180765616942992	76.5639447837158	49.65798867075609	62.62688111553727	0.0	0.0	20.802218372641438	0.0	0.0	0.0	0.0	0.0	47.87135868973718	0.0	0.0	0.0
GSM4138114_HNSCC_3_PBMC_CAAGATCCACCAGATT	53.93967717600779	45.8831700114001	80.77024258146888	70.58752327575472	45.791204916845835	17.27086998230111	0.0	0.0	73.91130384225596	0.0	0.0	0.0	0.0	0.0	66.2787093155451	0.0	0.0	0.0
GSM4138114_HNSCC_3_PBMC_CAGTAACAGCAACGGT	70.31812410766254	16.63946078844359	140.68528929857644	49.988977125472545	59.29133222069458	0.0	46.767597676538045	0.0	0.0	14.783701870140185	0.0	8.917281359036666	0.0	0.0	0.0	0.0	0.0	0.0
GSM4138114_HNSCC_3_PBMC_CATATGGCAAGTAGTA	137.33657796711566	97.64704061626931	81.10334946147997	123.57891674241576	42.54720457533549	49.07862322127705	40.15337271288585	0.0	0.0	0.0	55.558155098462514	0.0	0.0	0.0	0.0	0.0	0.0	0.0
GSM4138114_HNSCC_3_PBMC_CATATGGGTACGAAAT	63.927859869084855	73.27405161886996	75.29841361766992	21.483026122465734	75.21705513301015	0.0	64.88502643440948	0.0	0.0	0.0	0.0	57.27043798333812	0.0	0.0	0.0	0.0	0.0	0.0
GSM4138114_HNSCC_3_PBMC_CATCCACTCGCATGGC	96.62730333341534	106.49579480391016	70.66701730693666	108.28864076316403	71.77550813857798	99.89518076370332	0.0	0.0	0.0	60.83573640409887	0.0	0.0	0.0	0.0	0.0	0.0	0.0	0.0
GSM4138114_HNSCC_3_PBMC_CCAGCGATCACAATGC	66.62872713186886	91.11911287435998	74.73085358644929	96.79020092107635	50.53213556943928	0.0	3.36722058422704	0.0	79.36062984299505	69.208581879114	0.0	0.0	0.0	0.0	0.0	0.0	0.0	0.0
GSM4138114_HNSCC_3_PBMC_CCCATACGTTTGGGCC	100.33384310523861	58.99043228015373	120.93867573087637	103.93179739279881	116.34684707352456	0.0	0.0	3.147439599725842	72.82180767171384	0.0	0.0	0.0	0.0	50.33633178447756	0.743557481223364	0.0	0.0	0.0
GSM4138114_HNSCC_3_PBMC_CCGGGATTCAGCTCGG	41.32381140990754	55.78135064500016	43.81829134618509	47.388937429233515	55.86271607193104	34.63184743184228	0.0	0.0	0.0	45.053816159153925	0.0	0.0	71.94261454272083	0.0	0.0	0.0	0.0	0.0
GSM4138114_HNSCC_3_PBMC_CCGGTAGAGGACAGAA	229.8949782419832	113.08766093079164	195.65613431308836	163.7775845375985	75.2764927454753	0.0	164.2115032181594	10.97071950536735	0.0	109.75645592475945	0.0	0.0	0.0	0.0	0.0	0.0	0.0	0.0
GSM4138114_HNSCC_3_PBMC_CCGGTAGCAGCATGAG	36.94878502812887	51.99297567251184	46.38844818214365	87.33164951619817	28.036628624450803	13.016347071738146	89.20194360317483	0.0	0.0	0.0	51.48182042963999	6.837349725316745	0.0	0.0	0.0	0.0	0.0	0.0
GSM4138114_HNSCC_3_PBMC_CCGTACTCATCGATGT	49.85582674953338	68.58552215225275	45.74920382204369	66.22283420947296	29.697206162581068	0.0	59.52475830245302	39.45944259449924	0.0	13.160747017116295	0.0	0.0	0.0	22.45931634891599	0.0	0.0	0.0	0.0
GSM4138114_HNSCC_3_PBMC_CCTATTAGTCCAAGTT	51.80808880940452	63.856723249942235	31.63297423050685	52.18336726171453	54.59591299166768	0.0	25.95995066889148	0.0	0.0	39.68994726346477	0.0	0.0	0.0	0.0	0.0	0.0	0.0	0.0
GSM4138114_HNSCC_3_PBMC_CCTTCGAGTGGCTCCA	82.69955593657478	73.52618160055331	74.94204226518288	32.65919407184108	38.86282356230352	134.6021065614405	0.0	0.0	0.0	33.573467193104406	0.0	0.0	0.0	0.0	0.0	0.0	0.0	0.0
GSM4138114_HNSCC_3_PBMC_CCTTTCTCAAAGGCGT	125.1942186854153	58.35532414036798	90.60748144945917	84.2813644218748	97.25504750326111	0.0	80.17778187556036	0.0	0.0	22.172873682528113	0.0	0.0	0.0	0.0	0.0	0.0	0.0	0.0
GSM4138114_HNSCC_3_PBMC_CGAGAAGAGTGCGTGA	57.33343100622517	60.78961207827676	39.85764068803476	68.98469495282939	28.851919612412182	0.0	67.0582498878066	0.0	0.0	0.0	34.82267159785572	0.0	0.0	0.0	0.0	0.0	0.0	14.659996761332698
GSM4138114_HNSCC_3_PBMC_CGATGTAAGGACTGGT	62.87829382529526	78.3698382608178	27.410901848845693	57.64722545058915	46.11376321777067	145.5125737900337	13.8651905463863	0.0	0.0	0.0	85.07496968707574	0.0	0.0	0.0	0.0	0.0	0.0	0.0
GSM4138114_HNSCC_3_PBMC_CGGACACGTGACCAAG	79.74111316506249	64.91447826676756	84.77877191990112	101.73542112769417	50.84557673707336	0.0	0.0	0.0	85.58984238526408	59.34768665299941	0.0	0.0	0.0	0.0	0.0	0.0	0.0	0.0
GSM4138114_HNSCC_3_PBMC_CGGACTGGTTCTGTTT	72.26844912657779	45.22888539834645	39.19752067229218	75.87108413395035	15.464066973104702	120.84991052767485	0.0	0.0	0.0	0.0	0.0	0.0	0.0	45.490307350731854	0.0	0.0	5.4400450004871335	0.0
GSM4138114_HNSCC_3_PBMC_CGGGTCACATCTATGG	18.384375079624384	41.68241379506829	99.26764131244344	44.46352320766935	26.258727625181102	0.0	0.0	0.0	0.0	0.0	0.0	49.72634060267585	40.9458392224741	0.0	0.0	0.0	0.0	0.0
GSM4138114_HNSCC_3_PBMC_CGTGTCTTCATGCTCC	88.78564264655722	26.42454452763278	77.77106160940455	93.89888655809357	37.56182957390741	0.0	97.12781423678184	0.0	0.0	0.0	100.29621183423014	0.0	0.0	0.0	0.0	0.0	0.0	0.0
GSM4138114_HNSCC_3_PBMC_CTAACTTGTGGCAAAC	86.36521277022905	47.513465345900045	39.62606749578389	86.29284277242759	33.45053240285158	0.0	0.0	87.15128341992963	83.07379773923263	0.0	1.7717997631641753	1.168091897954613	0.0	37.9793685552486	16.99479215827114	9.906558915465173	0.0	0.0
GSM4138114_HNSCC_3_PBMC_CTAACTTTCAGCTGGC	8.355364000929292	102.26705287809389	44.05329192623973	79.74393242283644	208.15234246837346	0.0	95.6072673599992	0.0	0.0	0.0	0.0	0.0	0.0	0.0	74.82046004289832	0.0	0.0	0.0
GSM4138114_HNSCC_3_PBMC_CTCGAAACAAGGACAC	106.75417226202846	56.464832301132084	148.8088984849587	109.8986967130944	59.682564720052724	0.0	0.0	0.0	96.73358049114881	90.5759804430931	0.0	0.0	0.0	0.0	0.0	0.0	0.0	0.0
GSM4138114_HNSCC_3_PBMC_CTCTACGAGTGCGTGA	67.0973796715549	59.992941383270804	29.61492865946769	41.78576851131845	40.290040750108844	0.0	0.0	0.0	59.44883731943617	0.0	4.310528143725041	0.0	0.0	39.49405724218588	0.0	0.0	0.0	0.0
GSM4138114_HNSCC_3_PBMC_CTGAAGTAGAAACCGC	39.64563491509083	38.95683787489984	73.38315138657968	31.652289440844598	46.08289110494023	0.0	0.0	32.91736260229247	50.07627202078427	0.0	0.0	0.0	0.0	74.05754607172085	17.999480604627966	0.0	0.0	0.0
GSM4138114_HNSCC_3_PBMC_CTGAAGTCACTAAGTC	75.07432922525923	91.01896274449413	57.321505441732846	94.99321290307645	24.079983055999822	67.64606361846347	0.0	0.0	6.984704164831637	36.97681079315211	0.0	0.0	25.596725417194566	0.0	0.0	0.0	0.0	0.0
GSM4138114_HNSCC_3_PBMC_CTGTTTACACAACGTT	72.77900799064382	53.8173392088875	76.37458393348636	0.0	59.18005451785331	78.53732599766795	5.0718272599830545	13.833130157290581	0.0	0.0	0.0	0.0	0.0	0.0	29.10752425593446	0.0	0.0	0.0
GSM4138114_HNSCC_3_PBMC_GAACGGATCAGGTTCA	31.705707888067135	86.51969031608463	19.893714337876442	0.0	37.86050393524491	0.0	55.39944005333227	118.29039617532892	0.0	0.0	0.0	11.23674353048585	0.0	35.88320940322692	0.0	0.0	0.0	0.0
GSM4138114_HNSCC_3_PBMC_GACCTGGCAAGACACG	77.35688202425459	81.19155663883102	52.02830914572508	159.22065867622578	76.63865140868081	0.0	97.2470909090865	0.0	0.0	0.0	0.0	57.34943015967514	0.0	0.0	0.0	0.0	0.0	0.0
GSM4138114_HNSCC_3_PBMC_GACGCGTAGTTAGGTA	65.76388599614333	46.81195210340019	53.84220573091481	146.17555764590918	18.85326732989113	83.03605294229182	0.0	0.0	0.0	33.257240305357435	17.001218134853683	0.0	0.0	8.31134983096202	0.0	0.0	0.0	0.0
GSM4138114_HNSCC_3_PBMC_GACTACAAGCGTTCCG	116.72604439798847	104.6905328758085	92.37691439196188	129.19603648141472	110.12895177300831	0.0	109.91609689511188	0.0	0.0	0.0	0.0	0.0	0.0	2.106937317656951	128.46202564403356	0.0	0.0	0.0
GSM4138114_HNSCC_3_PBMC_GCACATAGTTGTCGCG	86.44755764231464	60.91399463331266	35.16801652119828	0.0	46.96477976047912	71.33497892535816	46.37535730468564	123.0795975856646	0.0	0.0	0.0	81.12110516504542	0.0	0.0	0.0	0.0	0.0	0.0
GSM4138114_HNSCC_3_PBMC_GCATACAGTCAGATAA	104.86640345942362	16.535659904877978	13.349483971485895	146.0286460170599	21.09427189489369	13.864160402165846	14.438229919116012	0.0	0.0	0.0	0.0	0.0	6.544288546779404	42.99276743402667	30.11717012301559	0.0	0.0	0.0
GSM4138114_HNSCC_3_PBMC_GCATGTAGTATGAAAC	63.821392225029264	26.167051639795396	41.39769754421473	68.87719333271585	53.93485973677973	0.0	44.232667851992446	0.0	0.0	0.0	0.0	0.0	0.0	42.99151641919499	0.0	0.0	0.0	0.0
GSM4138114_HNSCC_3_PBMC_GCCAAATGTCCTAGCG	47.7947539175561	66.47846495345564	61.145925124735584	52.15272576419908	79.46807182921972	45.217701611718404	0.0	0.0	2.0252950663958713	0.0	0.0	0.0	0.0	70.75039413014856	0.0	0.0	5.886553066318273	0.0
GSM4138114_HNSCC_3_PBMC_GCGCAGTAGTTGTAGA	84.6013745988038	54.734717256428844	80.59015072116301	53.74591419420434	49.92283406118105	15.846255597521218	36.96434697745303	0.0	16.453301045280188	0.0	0.0	0.0	0.0	90.92883086922261	0.0	0.0	0.0	0.0
GSM4138114_HNSCC_3_PBMC_GGAAAGCCATGGTTGT	53.55497936947035	42.53583954605974	53.165449775860594	17.007986210174224	32.51835423610351	108.68387684880547	0.0	60.649709268345624	0.0	55.39652675765795	0.0	0.0	0.0	0.0	0.0	0.0	0.0	0.0
GSM4138114_HNSCC_3_PBMC_GGAAAGCTCACAACGT	92.41833798325048	72.24674945568509	52.1358836443149	157.81755546197684	35.792709755476274	134.65318415190146	0.0	0.0	0.0	0.0	0.0	0.0	0.0	22.74484934743642	0.0	0.0	0.0	0.0
GSM4138114_HNSCC_3_PBMC_GGACAAGTCGCCGTGA	152.81142233651823	99.99809493753705	166.70653203515516	160.35735330362078	70.17279130022123	143.11534534898223	0.0	0.0	0.0	9.459249067909395	0.0	0.0	0.0	0.0	78.90757692931734	0.0	0.0	0.0
GSM4138114_HNSCC_3_PBMC_GGACGTCTCGACGGAA	103.04872624376227	48.39436258872146	57.449680966308335	53.12726401271952	59.17688085699747	0.0	50.49935872631165	32.53356265833611	0.0	0.0	0.0	0.0	0.0	0.0	0.0	0.0	25.38758905615541	0.0
GSM4138114_HNSCC_3_PBMC_GGATTACTCCACGCAG	100.97646373878142	64.03186350214357	64.81180922896486	71.6085547653525	29.611862898112324	84.56134272535272	10.843700974730806	13.408804665188713	16.494816114758088	0.0	30.74484748802604	61.34774441691998	0.0	0.0	0.0	0.0	0.0	0.0
GSM4138114_HNSCC_3_PBMC_GGGAATGGTCAAGCGA	74.99058979492554	53.28038005183531	42.560640882386245	54.095118641763094	49.17604129169434	0.0	68.51129219410836	0.0	0.0	0.0	0.0	64.5137287706595	0.0	0.0	10.479998349620686	1.281499880685012	0.0	0.0
GSM4138114_HNSCC_3_PBMC_GTACGTAGTAACGCGA	115.53496211227525	38.602925434672095	142.477172369196	124.55445114232097	61.868468338765524	20.901958342391758	0.0	0.0	0.0	0.0	60.94652185092333	0.0	42.706652080092816	0.0	0.0	0.0	10.429943543574831	0.0
GSM4138114_HNSCC_3_PBMC_GTATTCTAGGCTAGGT	70.28782394565974	58.55362776029219	90.37785201045563	183.910940138809	53.887870322608876	0.0	0.0	0.0	62.11990333238283	0.0	0.0	0.0	0.0	27.86918738455856	0.0	0.0	0.0	0.0
GSM4138114_HNSCC_3_PBMC_GTATTCTGTGCTAGCC	53.485695643656	47.24808569021472	97.96544728766975	34.73940715167165	99.76801848494095	40.20536943270884	0.0	0.0	1.3684851764629613	0.0	0.0	0.0	11.873824665817468	83.94772349856835	0.0	0.0	0.0	0.0
GSM4138114_HNSCC_3_PBMC_GTGCAGCTCTAAGCCA	47.7567587231674	71.93940806440904	68.61530699751673	7.45235583192911	21.352323440147643	21.72219990248803	33.70770498091872	49.193357889714754	0.0	0.0	0.0	0.0	0.0	33.529639490050414	0.0	0.0	0.0	0.0
GSM4138114_HNSCC_3_PBMC_GTGCGGTGTGTGTGCC	74.86377193219346	60.41315756358578	97.6530997985213	0.0	88.67366376048875	0.0	0.0	75.23805740793077	53.477444354543614	0.0	0.0	0.0	0.0	0.0	0.0	34.22917467520152	0.0	0.0
GSM4138114_HNSCC_3_PBMC_GTGCTTCTCCTAGGGC	66.04782369272995	19.2343922266411	45.06414581985755	84.67907041397739	35.670240482819715	0.20504958179364619	0.0	0.0	61.624391198409135	0.0	0.0	0.0	0.0	0.0	58.19577717975674	19.981968866524948	0.0	0.0
GSM4138114_HNSCC_3_PBMC_GTTAAGCGTCTCCATC	56.02018605006253	28.990949559670888	67.66306210983173	106.89700241426456	35.83642391060808	0.0	0.0	0.0	104.9309139074219	0.0	0.0	0.0	0.0	43.13653029237055	0.0	0.0	0.0	0.0
GSM4138114_HNSCC_3_PBMC_GTTAAGCTCTGCCCTA	61.594153185022044	63.6511736401108	46.526275321298684	65.53033492503319	36.76216147702225	0.0	78.13262672471903	70.5213129318262	0.0	0.0	0.0	75.4563014792907	0.0	0.0	0.0	0.0	0.0	0.0
GSM4138114_HNSCC_3_PBMC_GTTCGGGGTTAGTGGG	78.26825431410848	55.4992938819825	139.9155738349813	80.66744397407639	79.02082301917872	67.41457735587356	0.0	0.0	39.69730667263351	0.0	0.0	0.0	25.854872245207876	56.71381574850263	0.0	0.0	0.0	0.0
GSM4138114_HNSCC_3_PBMC_GTTCTCGGTGGCGAAT	64.56750455809835	69.94255872077638	44.91007034009051	75.53277911200414	12.10820692159499	15.944572892292694	0.0	0.0	42.42963861238924	0.0	31.66940438373521	0.0	0.0	0.0	0.0	0.0	0.0	0.0
GSM4138114_HNSCC_3_PBMC_TACACGAAGTACCGGA	52.28492951154217	45.82913664206547	43.51680862709884	75.55778721365229	26.14792374386268	3.1380591280852004	0.0	0.0	71.99656504767256	14.524757847754394	0.0	0.0	0.0	0.0	33.89108369424415	0.0	0.0	0.0
GSM4138114_HNSCC_3_PBMC_TATCTCAAGGCGTACA	28.45443097429393	59.238290808474154	18.441013942412212	178.27973444190445	66.57616343332211	71.58915535352688	0.0	0.0	0.0	0.0	0.0	0.0	0.0	52.76280077738925	0.0	0.0	2.3141169501509946	0.0
GSM4138114_HNSCC_3_PBMC_TATCTCAGTACTCAAC	42.970084940902765	45.172635305255874	86.31669098698812	42.31027472146233	83.77120100260505	0.0	70.68830866636733	0.0	0.0	0.0	0.0	70.99527642242516	0.0	0.0	0.0	0.0	0.0	0.0
GSM4138114_HNSCC_3_PBMC_TATGCCCCATGCCTTC	64.27964022804318	82.43434002856591	59.612687463752565	97.93298478160423	66.05454891446063	111.02577337382081	0.0	0.0	2.381545951912387	16.64974249242615	8.651450378281847	0.0	0.0	0.0	0.0	53.53782279561174	0.0	0.0
GSM4138114_HNSCC_3_PBMC_TCACAAGCAAGCGATG	45.11580939702334	48.04604215148495	108.27921156088077	30.219801656607647	31.526633645423654	84.1231991828699	0.0	0.0	0.0	0.0	0.0	0.0	0.0	0.0	0.0	0.0	26.50698198564545	0.0
GSM4138114_HNSCC_3_PBMC_TCAGCTCCACATTTCT	81.6614713930936	50.57642165709941	45.20223505632732	90.61068817559699	73.34900109185676	72.74324801665777	0.0	0.0	0.0	0.0	0.0	0.0	0.0	0.0	0.0	0.0	63.13139050678702	0.0
GSM4138114_HNSCC_3_PBMC_TCAGGATCACCGAAAG	74.99553289367451	25.62696473299014	51.32727055813265	59.94251939374663	32.02679530243397	76.03498885028942	0.0	17.463898342644438	47.94343200532373	0.0	22.843277651976116	0.0	0.0	0.0	0.0	0.0	0.0	0.0
GSM4138114_HNSCC_3_PBMC_TCATTTGGTTGGACCC	51.41654901164197	30.52340493766153	53.890686686937364	46.05640665710055	60.17974295502197	0.0	26.266014930377644	8.441327335998675	28.274840319721484	0.0	0.0	0.0	0.0	0.0	11.606492095218433	0.0	0.0	0.0
GSM4138114_HNSCC_3_PBMC_TCGCGTTCAGATCGGA	69.2812541821387	54.564314580664345	112.14794980031212	127.07169325710443	48.888645979395704	55.63712080627097	0.0	0.0	26.574788270158667	7.796801748122797	0.0	0.0	7.992168524963649	0.0	33.715601355902294	0.0	0.0	0.0
GSM4138114_HNSCC_3_PBMC_TCGTACCGTCCTAGCG	44.59372587212462	77.52005797257293	54.10581182144753	122.14443261060806	115.57189530497287	73.8191171425764	0.0	0.0	46.71374456450813	0.0	0.0	0.0	0.0	43.92883825898143	0.0	0.0	0.0	0.0
GSM4138114_HNSCC_3_PBMC_TCTCTAAGTGATGTCT	75.61723017332025	84.79943786260512	42.6663391631688	80.81924357732987	60.14062900899777	0.0	0.0	0.0	22.472367337358843	0.0	0.0	0.0	0.0	48.1821748765805	0.0	0.0	0.0	0.0
GSM4138114_HNSCC_3_PBMC_TCTCTAATCCTGTACC	42.39584855711236	50.314919180103274	42.34370246600171	109.31311342524944	24.944247734938195	0.0	43.76280280414854	0.0	4.88819488075701	0.0	0.0	0.0	8.181352804747855	0.0	71.49650836575576	0.0	0.0	0.0
GSM4138114_HNSCC_3_PBMC_TCTGGAAAGAGTGACC	67.90729835940103	66.8768347048868	42.30262803413575	105.28053614113684	195.37551875662294	0.0	74.95526924151868	0.0	0.0	0.0	0.0	89.1157160559231	0.0	0.0	0.0	0.0	0.0	0.0
GSM4138114_HNSCC_3_PBMC_TCTTTCCGTCCGCTGA	52.249029465691265	26.979775417576533	25.936514502456948	0.0	48.093595895393996	0.0	0.0	109.29046573748082	40.69577674368007	0.0	0.0	0.0	0.0	0.0	50.35120058940095	0.0	0.0	0.0
GSM4138114_HNSCC_3_PBMC_TGAAAGACAGACAAAT	68.26498994537084	63.1985340465255	55.94861975253386	0.0	113.51742649887761	0.0	86.31549937311402	90.43988916926764	0.0	30.368714565399507	0.0	0.0	0.0	0.0	0.0	0.0	0.0	0.0
GSM4138114_HNSCC_3_PBMC_TGACGGCGTAAGGGCT	40.19961801913048	40.0334656194912	115.67936767155972	96.79265594735188	19.215020132504122	0.0	84.54072625716363	21.31109507459497	0.0	48.15109290410163	0.0	0.0	0.0	0.0	0.0	0.0	0.0	0.0
GSM4138114_HNSCC_3_PBMC_TGCTGCTCAACGCACC	58.19226691877118	64.38282642924247	67.98336707697717	66.03450375118126	68.93970755413353	0.0	49.32541928448531	14.668892221276504	0.0	0.0	0.0	0.0	0.0	2.625769877835018	0.0	49.36853596202291	0.0	0.0
GSM4138114_HNSCC_3_PBMC_TGTATTCTCCCTAACC	72.53881716748761	38.63238881528516	41.08368233098125	51.92443484322008	72.57840766263945	0.0	75.51439080675463	0.0	0.0	4.9821835219763395	0.0	6.338642474673377	0.0	0.0	37.73910587539855	0.0	0.0	0.0
GSM4138114_HNSCC_3_PBMC_TTAACTCTCCTGCTTG	86.84548284998016	38.44083763780496	101.03889195449415	75.07091970487129	44.62692878252678	74.71104800004456	3.212369981168658	0.0	0.0	8.351986861236902	0.0	0.0	0.0	0.0	60.28421691425366	0.0	0.0	0.0
GSM4138114_HNSCC_3_PBMC_TTCTCCTTCTTGTATC	110.46026299131012	110.8000318262066	82.3555461309458	164.99091583834976	108.568175815636	0.0	96.68386844295809	0.0	0.0	0.0	71.61575349049762	0.0	0.0	0.0	0.0	0.0	0.0	0.0
GSM4138114_HNSCC_3_PBMC_TTGGCAACAGATCCAT	5.889117173672729	57.810391849472744	106.83788174135377	15.36930618579787	64.84956841814959	57.7944371863627	70.69183757345482	0.0	0.0	0.0	0.0	0.0	0.0	0.0	45.703419756762315	0.0	0.0	0.0
GSM4138114_HNSCC_3_PBMC_AAACCTGCACCAGCAC	147.29709100135557	92.99169291337077	74.71330070260714	76.8353864740084	111.91268362170001	382.4824359112141	0.0	0.0	0.0	84.61026088427722	0.0	0.0	0.0	0.0	0.0	0.0	0.0	0.0
GSM4138114_HNSCC_3_PBMC_AATCCAGCATAAGACA	253.4069895506682	135.56980868204326	93.30455774304333	182.41025213535985	148.02419198016713	0.0	0.0	0.0	224.4377383068499	100.73306070941499	0.0	0.0	0.0	0.0	0.0	0.0	0.0	0.0
GSM4138114_HNSCC_3_PBMC_ACCGTAAGTCTTCGTC	0.0	0.0	0.0	0.0	0.0	2794.0170826818207	0.0	0.0	112.11135975018597	0.0	0.0	0.0	0.0	0.0	0.0	0.0	0.0	0.0
GSM4138114_HNSCC_3_PBMC_ACGGAGACATGGGACA	130.7315183480648	69.80445911893263	122.26631660599385	91.70406185785744	98.77176344234803	0.0	131.9524457642247	0.0	0.0	0.0	0.0	133.86459880702247	0.0	0.0	0.0	0.0	0.0	0.0
GSM4138114_HNSCC_3_PBMC_ACGGGCTTCTTGCAAG	194.36392304482973	75.19702288730659	186.22845038907258	0.0	147.74243659228569	39.49166426932866	12.562679899755935	106.24031817664822	40.27344884810936	66.437333573626	0.0	0.0	126.04630816407762	0.0	0.0	0.0	0.0	0.0
GSM4138114_HNSCC_3_PBMC_ACTTACTGTTGGTAAA	0.0	0.0	0.0	0.0	3072.4266810004806	0.0	0.0	0.0	0.0	0.0	0.0	0.0	0.0	0.0	0.0	0.0	0.0	0.0
GSM4138114_HNSCC_3_PBMC_ACTTTCACATTCTTAC	166.48432045570445	137.94747802200163	84.63598263986479	117.59296512417137	234.66520761921797	0.0	0.0	0.0	180.1694780306185	0.0	0.0	20.39859704434762	0.0	0.0	52.23766819130782	0.0	0.0	0.0
GSM4138114_HNSCC_3_PBMC_AGACGTTGTCGGCATC	152.60133222307056	69.6964540652951	81.99029322852265	115.3847163473949	108.85859950674806	116.19821216163756	11.014489412242133	0.0	65.71295270011322	56.197396076161006	0.0	0.0	0.0	0.0	0.0	0.0	0.0	0.0
GSM4138114_HNSCC_3_PBMC_AGAGTGGCACCTCGGA	217.82644206677114	134.97928344959604	113.3711037250682	0.0	206.36842206671005	65.47868938536	76.59871271751979	158.0394460262196	91.65591087524619	0.0	162.3061307589941	0.0	59.61945316588678	0.0	0.0	0.0	0.0	0.0
GSM4138114_HNSCC_3_PBMC_AGGGTGAGTGCACTTA	202.91988813169684	129.1776756894982	101.54569160990351	0.0	98.15151034881067	139.0413774505254	70.68409347397242	104.13387673873298	0.0	0.0	0.0	77.60342130798668	0.0	0.0	0.0	0.0	0.0	0.0
GSM4138114_HNSCC_3_PBMC_AGTAGTCCATAGACTC	137.88085040389234	46.60456707526981	92.98482811917137	0.0	67.30513082247619	4.333562482847022	0.0	64.75501963011438	117.54331363315745	0.0	25.27108219480069	22.829306738411763	0.0	0.0	0.0	8.3073680416846	0.0	0.0
GSM4138114_HNSCC_3_PBMC_ATAAGAGGTATTCGTG	190.47560806771983	61.91790034802936	88.16697974196103	82.85670320856566	205.7982970449957	11.573805084374847	0.0	42.72225131087916	159.64363931190408	7.479574305564745	62.730544831700506	0.0	63.1606964580645	51.41707770579993	0.0	0.0	0.0	0.0
GSM4138114_HNSCC_3_PBMC_ATGCGATTCGTGACAT	371.5697814781109	236.26560592145503	240.42374571334568	28.424418525108774	138.8700762165945	0.0	0.0	146.87297200328217	205.71130603494507	0.0	0.0	0.0	0.0	191.82511920020468	0.0	0.0	0.0	0.0
GSM4138114_HNSCC_3_PBMC_ATTTCTGAGTAGATGT	182.30939457634415	111.66511552119869	98.31986959872225	69.76307655792434	241.79823235761847	119.87371198727665	0.0	0.0	150.8304558350635	0.0	29.353053500082332	0.0	0.0	105.76643478823988	0.0	0.0	27.582180315958027	0.0
GSM4138114_HNSCC_3_PBMC_ATTTCTGTCGTAGGAG	81.71160551917097	82.81888370058593	63.02093637384939	0.0	82.23015815657017	30.495504901403898	0.0	54.618353888194676	0.0	0.0	0.0	35.04646983083141	26.1384967332908	0.0	0.0	0.0	0.0	0.0
GSM4138114_HNSCC_3_PBMC_CAAGAAACATGGAATA	266.2499055882165	125.09929075834934	186.613806684081	104.8957675175179	151.5574538381592	0.0	298.7792860923807	0.0	0.0	0.0	0.0	114.277250663857	0.0	0.0	0.0	0.0	0.0	0.0
GSM4138114_HNSCC_3_PBMC_CACAGTAGTGATAAGT	159.80533865369233	78.97433790940245	115.13078568579199	125.9443835477155	211.40683823002945	0.0	0.0	0.0	53.583545855194714	0.0	0.0	0.0	134.42826231475524	73.4563671031029	0.0	0.0	0.0	0.0
GSM4138114_HNSCC_3_PBMC_CAGTAACAGTACGCGA	216.6001846662606	133.95470379965587	193.21996700765374	206.64439275612537	197.34238462939268	0.0	0.0	0.0	212.89824744713314	0.0	103.77894624393689	0.0	0.0	0.0	0.0	0.0	0.0	0.0
GSM4138114_HNSCC_3_PBMC_CATCGAAGTAGCGCTC	161.45030108246996	157.53376349403823	108.82971603451834	0.0	193.60207737661497	0.0	0.0	84.24649264083536	197.4103879800801	1.3208860834336025	0.0	3.8706410523930983	0.0	0.0	0.0	0.0	86.07507513591345	0.0
GSM4138114_HNSCC_3_PBMC_CATGGCGCACTACAGT	215.56828321450547	87.99627789235369	155.368360476304	210.8347510439103	105.67456237418905	0.0	0.0	0.0	179.8661718355204	0.0	0.0	0.0	0.0	66.22632927119793	0.0	0.0	0.0	0.0
GSM4138114_HNSCC_3_PBMC_CCTATTAGTAGCCTCG	198.94308860040005	96.05658001726003	124.5745948912673	0.0	147.9119579131435	0.0	54.86353205900909	144.7538151814145	0.0	0.0	0.0	139.98122231264878	128.5226038151893	0.0	0.0	0.0	0.0	0.0
GSM4138114_HNSCC_3_PBMC_CCTTCCCTCAGCATGT	190.4494890383357	97.0717709346502	181.34433116359662	117.73659623131105	123.06558517066216	21.290825823053797	0.0	0.0	209.66778603791818	11.673413193437217	0.0	76.60861035243218	0.0	0.0	0.0	0.0	0.0	0.0
GSM4138114_HNSCC_3_PBMC_CGGACGTCATCGGACC	185.63866683697916	105.82079150276861	153.32963749278306	87.8843433141112	120.73160088359855	154.4086415033627	49.27730836015192	0.0	0.0	113.75393727003244	0.0	0.0	0.0	0.0	0.0	0.0	0.0	0.0
GSM4138114_HNSCC_3_PBMC_CGGACTGTCACGACTA	114.61307206793299	77.17511856920986	128.47581364336162	115.26183031354003	176.99691348543973	0.0	0.0	0.0	161.20482297482587	0.0	0.0	0.0	10.73315156352216	34.6430176279978	0.0	0.0	40.53359502912191	0.0
GSM4138114_HNSCC_3_PBMC_CGTAGGCAGTAAGTAC	134.8079398244101	91.68208566605334	99.44968091724989	135.70004064672762	107.11174921084844	73.37310711614488	0.0	0.0	101.45200841030166	0.0	0.0	0.0	0.0	0.0	0.0	78.9793410725779	0.0	0.0
GSM4138114_HNSCC_3_PBMC_CGTGAGCAGAAGGGTA	180.09374240215476	123.63414803364445	114.57778952341906	221.30936686918645	144.82176529231165	225.8054440633051	0.0	0.0	0.0	42.442762503045856	0.0	20.884141411126578	0.0	0.0	0.0	0.0	30.482238991288288	0.0
GSM4138114_HNSCC_3_PBMC_CGTTGGGGTGATAAGT	101.87654041127004	74.36924480991578	80.1761119315675	71.5643855220569	151.302239106376	0.0	0.0	0.0	233.36607781180192	0.0	0.0	0.0	0.0	95.45695054276962	0.0	0.0	0.0	0.0
GSM4138114_HNSCC_3_PBMC_CTAACTTCATACAGCT	3126.7028716433597	0.0	0.0	0.0	0.0	0.0	0.0	0.0	0.0	0.0	0.0	0.0	0.0	0.0	0.0	0.0	0.0	0.0
GSM4138114_HNSCC_3_PBMC_CTACATTCAGTCAGCC	85.6089545448889	43.23314107808015	71.8614527224399	124.62080542734391	192.35534041253754	135.7988271597641	52.72166936920954	0.0	0.0	0.0	0.0	0.0	0.0	40.195477928458736	0.0	0.0	0.0	0.0
GSM4138114_HNSCC_3_PBMC_CTAGTGATCTTTCCTC	137.23144821911262	109.2036994438779	98.41146996631981	37.53467693715233	192.05537867024225	15.110739371843978	0.0	80.91485944913573	264.8990194005468	0.0	139.00790988249656	0.0	0.0	0.0	0.0	0.0	0.0	0.0
GSM4138114_HNSCC_3_PBMC_CTCGGGAAGAAGCCCA	178.73041722574501	113.10576452727774	130.82268466240765	95.31261908872928	161.72190604706432	121.13478625301609	110.49118648172657	0.0	0.0	0.0	0.0	159.89844026554522	0.0	0.0	0.0	0.0	0.0	0.0
GSM4138114_HNSCC_3_PBMC_CTCTACGAGTGAACGC	146.6412450156199	109.66473534216772	64.21798362148256	125.86979770232129	111.13592526114206	0.0	0.0	0.0	135.68165136960152	0.0	0.0	0.0	57.698200056493555	0.0	0.0	0.0	122.92200241544664	0.0
GSM4138114_HNSCC_3_PBMC_CTGTGCTCATGCTAGT	104.04112376831849	52.374885126682045	89.05938308565939	0.0	79.6295828390338	5.561301547299888	0.0	128.3807637772695	109.2360428224339	61.59926200855608	0.0	0.0	0.0	0.0	0.0	0.0	0.0	0.0
GSM4138114_HNSCC_3_PBMC_CTGTTTAAGAAACGAG	82.84428317284849	53.18617951783047	49.30203700432009	68.89394978581102	72.58448615154762	0.0	94.70673924791426	0.0	0.0	0.0	0.0	0.0	0.0	66.29484636396701	0.0	0.0	0.0	0.0
GSM4138114_HNSCC_3_PBMC_GACCTGGAGGATGGAA	155.16650183258244	87.74266594831249	146.42280040386856	47.104737609442545	68.96449992965069	0.0	302.4443153404467	37.51291702563288	0.0	68.84984716954321	0.0	17.813233554628276	0.0	0.0	0.0	0.0	0.0	0.0
GSM4138114_HNSCC_3_PBMC_GATGAGGAGACGCACA	211.4309823013962	131.92707382723532	86.83659576178408	0.0	157.38980794870588	0.0	0.0	152.88809639717735	0.0	83.50739672731059	0.0	0.0	151.406434620523	0.0	0.0	0.0	0.0	0.0
GSM4138114_HNSCC_3_PBMC_GATGCTATCTATCCCG	205.45455237508605	103.34562993148742	108.89257100994686	0.0	130.24486540186672	237.84021701308941	0.0	200.89713027227356	0.0	0.0	0.0	114.39886569260561	0.0	0.0	0.0	0.0	0.0	0.0
GSM4138114_HNSCC_3_PBMC_GATTCAGCATAACCTG	123.79084306511446	82.92956976791226	88.28973179133995	62.55966735900733	150.00406331767098	0.0	0.0	70.63482341628674	153.3033752832571	0.0	81.1883781897514	0.0	0.0	0.0	0.0	0.0	0.0	0.0
GSM4138114_HNSCC_3_PBMC_GCCTCTATCTGACCTC	132.79718467081068	65.54847588718077	156.08782719187266	44.94842645635911	165.02133291122576	157.19912313006108	0.0	45.76076401893267	82.937897799288	0.0	0.0	0.0	0.0	56.36760185417962	0.0	0.0	0.0	0.0
GSM4138114_HNSCC_3_PBMC_GCGCGATAGCGTAGTG	231.1137012457635	88.55557960112372	72.06452493678492	170.40252013355422	168.34517518131196	169.82033695864027	0.0	0.0	0.0	0.0	0.0	0.0	38.73684673439464	0.0	0.0	0.0	120.36205850963029	0.0
GSM4138114_HNSCC_3_PBMC_GCTTCCATCAGAGACG	137.0712936799274	100.33686906603936	126.82754084006973	0.0	138.07215922133875	251.10033812020524	0.0	103.46293791552228	0.0	0.0	4.1653819451852145	0.0	0.0	117.85098133571707	0.0	0.0	0.0	0.0
GSM4138114_HNSCC_3_PBMC_GCTTGAAAGATCACGG	127.39224938819973	85.07339375094804	65.78143693982422	126.6622888900687	103.03328830218815	0.0	268.84251251060306	16.347143493637752	0.0	0.0	0.0	66.94804754989073	0.0	0.0	0.0	0.0	0.0	0.0
GSM4138114_HNSCC_3_PBMC_GGAAAGCCACAGTCGC	198.25043550206072	109.10145341234383	83.59418479999842	0.0	167.41253153242383	303.52990396440754	0.0	89.66952302336574	0.0	0.0	0.0	118.10202952981965	0.0	0.0	0.0	0.0	0.0	0.0
GSM4138114_HNSCC_3_PBMC_GGTGTTAGTTATGTGC	93.36771262090292	52.4996464513589	70.88757650038654	55.85291766088559	103.88959564626359	186.77567238603993	0.0	47.62456168527235	0.0	0.0	0.0	0.0	0.0	0.0	0.0	77.38594578282643	0.0	0.0
GSM4138114_HNSCC_3_PBMC_GTATCTTCATTACCTT	195.53851626650348	88.17770608811433	126.70033602060565	131.17032148738704	160.07304484552512	0.0	0.0	0.0	282.45847083370666	50.15286047394481	0.0	43.83975319595898	0.0	0.0	0.0	0.0	0.0	0.0
GSM4138114_HNSCC_3_PBMC_GTCACAAAGCTGCCCA	195.44435436681167	120.62908398134488	76.49740689481735	165.01041382556494	160.82215288775905	6.841416873265568	0.0	0.0	223.87512712537333	0.0	0.0	89.39795851367042	0.0	0.0	0.0	0.0	0.0	0.0
GSM4138114_HNSCC_3_PBMC_GTCATTTTCCTCTAGC	193.5646365614087	66.66765471700845	65.74329760268968	147.35444170359077	122.53446945442367	0.0	0.0	0.0	237.12139279071334	0.0	0.0	83.1568603835874	0.0	0.0	10.120242643111375	0.0	0.0	0.0
GSM4138114_HNSCC_3_PBMC_GTGTTAGGTGTATGGG	114.02230737103292	110.49071804227042	123.50390026075482	0.0	175.18619168054192	0.0	159.2270395393641	45.43619951640929	0.0	0.0	0.0	0.0	0.0	84.13781320272464	0.0	0.0	0.0	0.0
GSM4138114_HNSCC_3_PBMC_GTTCATTCATCACGAT	199.04608743699296	66.2718035964647	83.0175885900995	0.0	142.5013121099108	0.0	77.95708890809163	116.50530606674734	128.53773855761773	0.0	0.0	135.12757775221203	0.0	0.0	0.0	0.0	0.0	0.0
GSM4138114_HNSCC_3_PBMC_GTTTCTAGTGGTTTCA	189.27818440260654	88.70836891946281	97.06414551069231	111.53749517488045	100.8994599975968	248.70786973279505	0.0	0.0	0.0	56.67616071151437	0.0	0.0	0.0	0.0	0.0	0.0	0.0	0.0
GSM4138114_HNSCC_3_PBMC_TACTTACAGGGTCGAT	228.96625248789246	87.01854407135988	149.75403827406416	64.57425703024164	124.05374945155718	0.0	0.0	3.590164110755716	156.29964855211176	48.84965799211621	0.0	0.0	0.0	0.0	0.0	0.0	0.0	0.0
GSM4138114_HNSCC_3_PBMC_TCGAGGCGTACGCTGC	156.83858008076356	156.80264495449413	141.34067269824536	174.59606323744597	205.5796229301084	61.33194818304572	0.0	0.0	142.47889199056195	118.95365052665105	0.0	0.0	0.0	0.0	0.0	0.0	0.0	0.0
GSM4138114_HNSCC_3_PBMC_TCGTAGAAGAAACCTA	293.6761433796317	64.44544039726463	161.97511063820215	97.01698747457401	127.93859893418298	0.0	126.19962819418	0.0	55.77599183835454	0.0	0.0	123.6882323871927	0.0	0.0	0.0	0.0	0.0	0.0
GSM4138114_HNSCC_3_PBMC_TGCCCTAAGTGTTAGA	220.6461794960938	104.53275158233099	164.97059318101788	101.42930642146138	136.6352096667164	120.59374450168531	0.0	0.0	122.95615732793561	0.0	5.412480759535372	0.0	0.0	0.0	0.0	43.12971136085982	0.0	0.0
GSM4138114_HNSCC_3_PBMC_TGGCTGGAGGGATGGG	190.08001909167672	100.53677379934456	168.70548035995859	0.0	111.24659245195733	55.83269909379126	7.5566300476989126	127.91994972936091	225.38694119169972	0.0	0.0	77.73995232031996	0.0	0.0	0.0	0.0	0.0	0.0
GSM4138114_HNSCC_3_PBMC_TTAGGACAGTCCTCCT	185.67574288787839	90.62422260591288	138.84063345630796	144.6544943683996	166.0034237628426	0.0	0.0	0.0	280.0729892010458	0.0	0.0	48.935679392229595	0.0	59.46410372327026	0.0	0.0	0.0	0.0
GSM4138114_HNSCC_3_PBMC_TTATGCTCAGTATAAG	60.77088542004623	78.77373692161466	28.968541723482257	38.80896328121674	65.17033872722284	0.0	66.28249166171288	0.0	0.0	0.0	0.0	37.61979869055834	0.0	0.0	0.0	0.0	0.0	0.0
GSM4138114_HNSCC_3_PBMC_TTCCCAGGTCTCCCTA	182.5246352083905	69.44270049423417	98.14242346707694	116.0424278469752	196.74542410002437	90.09339321854749	0.0	0.0	152.952669986708	0.0	0.0	60.918083819635804	0.0	10.492196085223462	0.0	0.0	0.0	0.0
GSM4138114_HNSCC_3_PBMC_TTCCCAGTCACTCCTG	182.50899930292732	99.32432446855556	163.73321321929757	149.27078575259748	181.55941371082363	247.34060335175832	0.0	0.0	0.0	0.0	0.0	0.0	0.0	0.0	78.5332476086809	0.0	0.0	0.0
GSM4138114_HNSCC_3_PBMC_TTCTACATCCGCATCT	135.94491867486258	71.6575508550314	65.98812021299713	47.51967404128759	96.548342102945	123.92894423383095	43.370072018666235	0.0	0.0	0.0	78.42054016508705	38.88561953822695	0.0	0.0	0.0	28.02909063459757	0.0	0.0
GSM4138114_HNSCC_3_PBMC_AAAGATGTCTCCCTGA	122.23288867049763	44.91948437606514	59.64354306596903	0.0	95.4081707383848	10.581164441103	82.66445038118334	157.5758699833687	0.0	0.0	0.0	0.0	0.0	2.7139396583597453	56.433983906984096	0.0	0.0	0.0
GSM4138114_HNSCC_3_PBMC_AACTCCCGTCTGATCA	83.76337375607126	40.32524188589868	67.43761809481228	102.49554652995869	30.434038754262463	75.01630774666594	0.0	0.0	0.0	33.183344053542356	0.0	0.0	0.0	0.0	0.0	0.0	0.0	0.0
GSM4138114_HNSCC_3_PBMC_ACGCAGCCATCCAACA	53.46423350071003	120.33877187191453	122.20394962681115	113.67199679985852	73.78236118467431	134.1927013068989	0.0	0.0	0.0	0.0	0.0	0.0	0.0	17.851687162602033	0.0	0.0	0.0	0.0
GSM4138114_HNSCC_3_PBMC_ACTATCTAGCCTCGTG	126.97354012259903	28.40697875487187	92.84084719831958	60.41322128719917	51.12891485456431	72.26007206924545	0.0	0.0	0.0	0.0	0.0	0.0	0.0	42.607580437219056	0.0	0.0	0.0	0.0
GSM4138114_HNSCC_3_PBMC_ACTGAACTCAGCATGT	91.14716313408502	95.23637326158979	79.48556627673634	105.3459412675361	110.99274172359092	68.73339763797713	0.0	0.0	53.023049367350986	12.749238359740115	0.0	65.98476498333443	0.0	0.0	0.0	0.0	0.0	43.187357388521136
GSM4138114_HNSCC_3_PBMC_ATCCGAACATAACCTG	94.48896792347283	98.28317180574857	84.40792783445418	78.73752853275559	65.19844128526096	0.0	0.0	3.5095181961043407	96.73879856377218	49.66177843510041	0.0	0.0	0.0	0.0	0.0	0.0	0.0	0.0
GSM4138114_HNSCC_3_PBMC_ATTTCTGTCCGTTGCT	102.3388797676882	119.54750868142754	90.74830252706701	154.1041406549488	89.12760322019317	0.0	0.0	0.0	132.8807654579321	0.0	0.0	0.0	0.0	81.83097026639301	11.499351849326203	0.0	0.0	0.0
GSM4138114_HNSCC_3_PBMC_CAAGATCGTTCACGGC	84.4173636722319	36.87970830781481	65.32244996863977	114.70507853934048	57.95923025304784	0.0	72.6348255766635	0.0	0.0	56.78573468948705	0.0	0.0	0.0	0.0	0.0	0.0	0.0	0.0
GSM4138114_HNSCC_3_PBMC_CGTGTCTGTTGGAGGT	72.13414328969554	110.82263113037244	123.70557209233841	78.04805934998738	80.90332906363442	0.0	88.48364222801905	0.0	0.0	82.07385937506234	0.0	0.0	0.0	0.0	0.0	0.0	0.0	0.0
GSM4138114_HNSCC_3_PBMC_CTACACCGTAAGTGTA	56.34649738761945	86.40930172969598	103.77061585997762	125.75971890446705	72.10175209842073	73.319136958544	0.0	0.0	0.0	36.66260504971454	0.0	0.0	24.204672473512446	0.0	0.0	0.0	0.0	0.0
GSM4138114_HNSCC_3_PBMC_GACGTTAGTGGTCTCG	77.88456736200985	44.01697624981335	64.03622022177967	126.98560067996607	37.335395000656945	0.0	84.9172234433952	0.0	7.511545547578382	48.56596773174839	0.0	0.0	0.0	0.0	0.0	0.0	0.0	0.0
GSM4138114_HNSCC_3_PBMC_GCACTCTGTGGTGTAG	57.439042233563256	65.09888298167296	36.50676796856756	147.8949271947587	57.73108891288693	6.493042842512308	0.0	0.0	0.0	63.4084323014165	0.0	0.0	79.62407332049615	0.0	0.0	0.0	9.959374393293231	0.0
GSM4138114_HNSCC_3_PBMC_GGGCATCAGACTACAA	72.85481054471016	60.66263761570845	75.93649414603054	77.9882620762401	51.430902781262844	22.925246641734482	102.28482888334132	0.0	0.0	0.0	0.0	69.36345526632827	0.0	0.0	0.0	0.0	0.0	0.0
GSM4138114_HNSCC_3_PBMC_GTCAAGTTCTTTACAC	73.45116656026752	77.74093939920392	55.75687637884139	0.0	76.5078061687901	0.0	0.0	97.90341795535028	102.84736029002507	71.57772582751906	0.0	0.0	0.0	0.0	0.0	0.0	0.0	0.0
GSM4138114_HNSCC_3_PBMC_GTGCTTCCACTATCTT	79.0295019231187	78.09728552547674	48.534262106290115	105.92547735418451	81.28718193622802	76.5173326630479	17.76979686350132	0.0	0.0	0.0	0.0	0.0	0.0	90.54354337234906	0.0	0.0	0.0	0.0
GSM4138114_HNSCC_3_PBMC_TTCTACACACACCGAC	114.06676083760122	78.89972837971065	52.79876551957019	110.46189720041498	74.62067718053017	0.0	124.90523736816118	0.0	0.0	0.0	0.0	1.0728801492250857	0.0	0.0	0.0	0.0	39.77430545633886	0.0
GSM4138114_HNSCC_3_PBMC_TTGACTTTCGCGATCG	139.75918480125782	99.73109627843296	48.938794484150705	124.51495382841122	52.12688494221898	0.0	72.64944439973294	0.0	0.0	18.733596025285145	0.0	30.185983073628634	0.0	0.0	0.0	0.0	0.0	0.0
GSM4138114_HNSCC_3_PBMC_ACTGTCCCACTAGTAC	80.68615996962157	80.22805892135332	87.82675381255605	97.61828997712996	61.530176559242506	58.343367150780026	23.786386018602297	0.0	0.0	51.44500867097074	0.0	0.0	0.0	0.0	0.0	0.0	0.0	0.0
GSM4138114_HNSCC_3_PBMC_CTCATTATCGAATCCA	66.29067092278103	84.57486783229912	54.40226617341556	98.62325132582515	125.80524917171901	80.32126190225667	0.0	0.0	0.0	0.0	53.50315775015666	0.0	0.0	0.0	0.0	0.0	0.0	0.0
GSM4138114_HNSCC_3_PBMC_GAACCTATCGACAGCC	110.40059152569893	104.24616756140384	88.74211000210126	132.6079482665701	77.36293422103473	122.73628777703931	0.0	0.0	40.07984487773445	0.0	0.0	67.32949298929275	0.0	0.0	0.0	0.0	0.0	0.0
GSM4138114_HNSCC_3_PBMC_GCGCCAACATTTGCCC	80.83053267870186	57.3824701880034	72.42798268960267	106.16436030851361	25.161725975677633	0.0	105.77509399683198	0.0	0.0	65.8304011040901	0.0	0.0	0.0	4.828203032500641	0.0	0.0	0.0	0.0
GSM4138114_HNSCC_3_PBMC_GGGAGATCAATTCCTT	55.63692159516673	51.653365986589094	76.40678754231804	105.35012599192318	37.93159724825886	0.0	64.39459913213979	0.0	0.0	7.221641388195049	0.0	0.0	0.0	48.93080624548123	0.0	0.0	0.0	0.0
GSM4138114_HNSCC_3_PBMC_GTGAAGGAGAAGGTGA	66.78093735326719	99.42853611711166	33.92531153034307	30.503017288915515	59.41212005468425	46.67674769327121	51.471759807282304	92.42122005442464	0.0	0.0	0.0	0.0	0.0	0.0	84.26856296388674	0.0	0.0	0.0
GSM4138114_HNSCC_3_PBMC_TACCTATTCGAGAGCA	78.89538564754824	46.975566564111766	42.037615490020634	39.454240260751895	43.53919199391159	0.0	65.31048609439291	0.0	0.0	0.0	21.769723830035925	0.0	0.0	0.0	0.0	64.31972941075632	0.0	0.0
GSM4138114_HNSCC_3_PBMC_TAGCCGGGTTGATTCG	32.179259315166526	43.79000167635545	41.606313099430245	22.438906015817423	72.61901383737616	0.0	92.78697653055728	68.69264178422482	0.0	66.25523369003082	22.546739432176174	0.0	0.0	0.0	0.0	0.0	0.0	0.0
GSM4138114_HNSCC_3_PBMC_TCTTTCCTCGCCGTGA	80.14402881635833	90.90809490018019	54.825114531134986	131.70877113288728	80.00243045857107	138.54888545031315	0.0	0.0	0.0	0.0	0.0	0.0	0.0	28.47038015426048	0.0	0.0	0.0	0.0
GSM4138114_HNSCC_3_PBMC_TGTGGTAGTTGCCTCT	111.1464303342274	46.824578439526036	102.65190815265285	0.0	83.1054208467272	0.0	128.29319702822025	118.4417994671969	0.0	72.56818642804362	0.0	0.0	0.0	0.0	0.0	0.0	0.0	0.0
GSM4138114_HNSCC_3_PBMC_ATTATCCTCCTCCTAG	137.5162826598033	108.13086351045536	175.15104054000292	0.0	104.39919585546589	0.0	0.0	226.86271955739892	0.0	172.60303434002947	0.0	0.0	130.94168785145885	0.0	0.0	0.0	0.0	0.0
GSM4138114_HNSCC_3_PBMC_CGAGAAGAGCTACCTA	121.16876984479151	98.23809314469146	177.01502424536957	0.0	37.185787213072786	0.0	184.85353110763296	212.71729335090953	0.0	0.0	117.9539569868962	0.0	0.0	0.0	0.0	0.0	0.0	0.0
GSM4138114_HNSCC_3_PBMC_GACTACACACCGCTAG	107.76817552144641	101.76345277424645	101.30310593659532	66.82275642387704	110.00650789640166	0.0	0.0	0.0	0.0	78.99325964872787	0.0	0.0	166.96013924467002	0.0	0.0	0.0	0.0	0.0
GSM4138114_HNSCC_3_PBMC_GGCTCGAGTCTGATCA	92.25455002453904	58.56781696313358	118.703136972986	26.793820006503633	52.828211020560715	3.7010303967006433	60.12583931882589	91.79214228828232	40.25909424499153	0.0	0.0	70.62619210399575	33.0998893850313	0.0	0.0	0.0	0.0	0.0
GSM4138114_HNSCC_3_PBMC_TCAGATGTCAGTTTGG	100.63318665254164	73.4928812839643	84.08805137708191	112.84118202916737	55.852032159394405	0.0	0.0	0.0	88.24177767884768	125.49065163565251	0.0	0.0	20.928202811445747	0.0	0.0	0.0	0.0	0.0
GSM4138114_HNSCC_3_PBMC_TCGAGGCAGAACAATC	147.54925311500548	134.67626730440622	215.06492162632003	0.0	144.6405337011856	9.354808933245506	0.0	266.18584082221486	0.0	0.0	160.80076376611223	0.0	237.57482750642853	0.0	0.0	0.0	25.492806223294956	0.0
GSM4138114_HNSCC_3_PBMC_TGGGCGTGTCATTAGC	75.86036451424951	40.51056488830966	40.45950155007141	89.0968314269649	87.23629768215808	80.32992130637571	0.0	0.0	0.0	0.0	0.0	0.0	0.0	0.0	0.0	65.44718644810975	0.0	0.0
GSM4138114_HNSCC_3_PBMC_TTCCCAGAGGACAGCT	112.88294248293398	72.86293211805875	37.46970783184964	94.72012693511151	46.53654011612453	0.0	37.471525045340584	0.0	0.0	0.0	0.0	0.0	87.33845108900377	0.0	0.0	0.0	102.12927807822153	0.0
GSM4138114_HNSCC_3_PBMC_ACACCAACATGCATGT	105.67429915589878	112.68626626299738	48.072081749948545	0.0	72.44311261717023	0.0	0.09764729093198131	110.94638609229513	0.0	98.86718694265193	0.0	0.0	85.08786295202928	0.0	0.0	0.0	0.0	0.0
GSM4138114_HNSCC_3_PBMC_ACGATACGTGTGGTTT	145.2401328270213	98.21535786122878	107.53059562146184	0.0	115.83043040278753	0.0	0.0	172.7285979555285	581.0978147613482	175.91937793639207	0.0	0.0	0.0	0.0	0.0	0.0	0.0	0.0
GSM4138114_HNSCC_3_PBMC_AGAATAGTCACCATAG	143.1612024359639	105.56097235336291	105.6151437166639	64.7779214447916	152.54884275238587	87.96583592312132	0.0	15.664656426967502	0.0	0.0	0.0	0.0	92.56530672414458	57.09523569319794	0.0	0.0	0.0	0.0
GSM4138114_HNSCC_3_PBMC_AGCCTAATCCTGCCAT	98.21018643091915	17.006085378615296	45.253576302116166	38.19858954789186	35.69005251346782	0.0	67.58611143041985	0.0	0.0	0.0	48.57003666075387	0.0	0.0	0.0	0.0	0.0	0.0	0.0
GSM4138114_HNSCC_3_PBMC_CAACCAAGTTGAGGTG	56.68553433293414	56.97556114725867	34.43495564409084	79.87967326047722	61.015385425977605	0.0	0.0	0.0	94.87752578466127	0.0	0.0	30.06116950989404	0.0	0.0	0.0	0.0	0.0	0.0
GSM4138114_HNSCC_3_PBMC_CACACAACATGCCTAA	140.56156718252882	80.55305857073415	100.46841903574456	128.88273912931228	87.369267949201	0.0	168.96601826692722	0.0	0.0	97.42246192959821	0.0	0.0	0.0	0.0	0.0	0.0	0.0	0.0
GSM4138114_HNSCC_3_PBMC_CCACTACAGGTGCTAG	36.52403948925089	38.04470021094832	64.53702862436798	27.98847905195594	60.04596628158321	52.78738402737264	0.0	53.210511938653646	94.0323910818879	0.0	0.0	0.0	0.0	0.0	0.0	59.08661172243065	0.0	0.0
GSM4138114_HNSCC_3_PBMC_CGTCACTCAGATTGCT	212.66163163785822	77.26123422379604	48.01948575698544	128.94760784236038	168.6632157766971	0.0	0.0	0.0	0.0	0.0	0.0	0.0	220.6837580911107	0.0	0.0	0.0	201.92756376449077	0.0
GSM4138114_HNSCC_3_PBMC_CTCGGGAGTCTAGCGC	200.04848130433516	140.61550411706529	138.7587490099443	20.014201309300788	84.1564906674523	0.0	439.4164794192773	102.28903594536192	0.0	0.0	134.9967322692176	0.0	0.0	0.0	0.0	0.0	0.0	0.0
GSM4138114_HNSCC_3_PBMC_GACCTGGCAGTCACTA	112.03336584883384	64.65734908761755	188.61083832980935	122.75754087145306	66.78861366512378	0.0	130.09367552503699	0.0	0.0	0.0	0.0	50.86430086731138	0.0	0.0	0.0	0.0	0.0	0.0
GSM4138114_HNSCC_3_PBMC_GCTCTGTAGTCAAGCG	151.00577519878354	114.16916793423512	117.40686418753151	101.6361648189743	94.83019836636768	87.13381168484932	0.0	0.0	0.0	83.09700341537159	0.0	0.0	98.21576321698603	0.0	0.0	0.0	0.0	0.0
GSM4138114_HNSCC_3_PBMC_GGAACTTAGAGAGCTC	134.38081333259703	121.60659151810785	110.44324932528846	133.12250939444925	88.28598432545438	0.0	0.0	0.0	0.0	0.0	151.9170266888465	0.0	210.5486766111696	0.0	0.0	0.0	0.640013286669841	0.0
GSM4138114_HNSCC_3_PBMC_GGCGACTGTTCCACTC	92.15476114526638	50.8753578926988	85.25720249434265	73.60918892946414	78.28246143560585	314.0337683118197	0.0	39.755588523423924	0.0	0.0	0.0	28.967407274443783	0.0	0.0	0.0	0.0	20.083378325925402	0.0
GSM4138114_HNSCC_3_PBMC_GTTTCTACACACAGAG	187.41810933815256	125.69367621504826	142.937234949026	176.12279331404054	484.4518688619868	0.0	161.13081735950558	0.0	0.0	0.0	0.0	145.13501822865175	0.0	0.0	0.0	0.0	0.0	0.0
GSM4138114_HNSCC_3_PBMC_TGCGTGGCAGTCGATT	153.36933964430511	118.48559580829398	159.05628366035262	148.37349737753485	102.10827354472555	104.50088398616299	81.43927509533124	0.0	0.0	0.0	0.0	59.032077444171485	0.0	0.0	0.0	0.0	0.0	0.0
GSM4138114_HNSCC_3_PBMC_TTATGCTGTTACGACT	114.10926437193937	89.15243589905214	61.550606343119746	98.8326572501338	134.28702022950299	189.77671922841157	0.0	0.0	0.0	66.69826072016899	0.0	0.0	0.0	0.0	0.0	0.0	0.0	0.0
GSM4138114_HNSCC_3_PBMC_AAAGCAATCCCGACTT	179.67455255147368	149.24139463578646	252.30457834005023	107.74142881914858	68.40408568746054	0.0	0.0	106.02240539559367	0.0	98.28486807772869	0.0	0.0	174.98637393693443	0.0	0.0	0.0	0.0	0.0
GSM4138114_HNSCC_3_PBMC_AAAGTAGGTTCAGACT	104.71493363813047	170.24302481735324	138.02242304432542	0.0	95.2175801549043	0.0	84.85534885313449	241.16824635446824	0.0	0.0	0.0	61.5955779896183	80.41316939299898	0.0	88.11078879398117	0.0	0.0	0.0
GSM4138114_HNSCC_3_PBMC_ACGTCAAAGAGCTGGT	172.6148331788629	220.25517633158992	163.16672254652443	211.24201468447882	139.04849160255878	0.0	0.0	0.0	0.0	0.0	0.0	98.96487251906218	222.40095890466284	0.0	38.97513530510907	0.0	0.0	0.0
GSM4138114_HNSCC_3_PBMC_ACTTGTTAGCAGATCG	129.83779574896346	180.42206792404465	136.55225318848505	53.04902595964787	108.35013606902506	123.03257455309209	0.0	121.43300338252394	0.0	0.0	64.28741225385295	0.0	0.0	0.0	0.0	0.0	38.05725074291217	0.0
GSM4138114_HNSCC_3_PBMC_AGCTCCTGTCTGCAAT	145.18928538890918	146.1478794373651	167.08680830099834	151.0278168386105	159.23790080271488	196.57993115997317	0.0	89.11283293956093	0.0	137.33666557047263	0.0	0.0	0.0	0.0	0.0	0.0	0.0	0.0
GSM4138114_HNSCC_3_PBMC_ATCTGCCTCTCCGGTT	279.43298286580375	173.03649795375142	185.9906548048988	0.0	158.82608146456536	26.703503273357377	197.79240770643145	262.8508354522923	0.0	217.44522243106366	0.0	0.0	0.0	0.0	0.0	0.0	0.0	0.0
GSM4138114_HNSCC_3_PBMC_CACAAACGTCTCTTAT	151.91470605985617	154.95689632193807	251.44689696729506	241.4993609631553	192.50399271007996	0.0	0.0	1.5179265761951057	0.0	0.0	150.82023924785605	0.0	171.2676442382311	0.0	0.0	0.0	0.0	0.0
GSM4138114_HNSCC_3_PBMC_CATCAAGCACAGATTC	101.22374819050383	142.39987374117175	183.3117896122365	283.33237635303783	178.23068358071396	150.03133304246617	14.272783730456275	0.0	0.0	111.46825071386665	0.0	0.0	0.0	0.0	0.0	0.0	0.0	0.0
GSM4138114_HNSCC_3_PBMC_CGTCCATGTAATCACC	212.6905117030322	144.91159038759517	195.31523861690854	187.21463713402974	151.73391889746958	111.77619556550049	0.0	0.0	0.0	62.38581909257096	0.0	0.0	0.0	0.0	64.54408278691028	0.0	23.869949896237266	0.0
GSM4138114_HNSCC_3_PBMC_CGTTCTGGTCCGAGTC	140.48109265810814	132.03699783708313	165.38893686206328	0.0	181.8416867793462	43.16521598243456	83.29637566317604	224.66718514762596	0.0	69.92053168490074	49.650604262324805	0.0	0.0	0.0	0.0	0.0	0.0	0.0
GSM4138114_HNSCC_3_PBMC_CTACGTCAGAGGACGG	143.19799104581372	210.02719851090853	159.22802557913272	92.87106169574139	78.63372091034391	7.4285080496870215	98.39804973533786	63.564726480310505	0.0	131.721366317701	0.0	0.0	0.0	0.0	0.0	0.0	0.0	0.0
GSM4138114_HNSCC_3_PBMC_GACGCGTGTTCCGGCA	238.99196471036302	138.929310953058	145.8350685751207	44.38723573401569	115.13444721811892	0.0	0.0	165.8092574939908	0.0	85.23712945944256	0.0	0.0	101.61888488763167	0.0	0.0	0.0	0.0	0.0
GSM4138114_HNSCC_3_PBMC_GGCCGATCATGTAAGA	187.1048768399589	121.49599920496385	179.63428204643782	44.0884938713469	121.57479487453638	197.8775596858211	0.0	122.52281889632503	0.0	134.55541460491327	0.0	0.0	0.0	0.0	0.0	0.0	0.0	0.0
GSM4138114_HNSCC_3_PBMC_GTATTCTTCTGTGCAA	122.53291879583584	183.5322999287083	186.63453074843179	246.89342982987372	202.97434063136996	0.0	128.50440013689385	0.0	0.0	215.1125537449792	0.0	0.0	0.0	0.0	0.0	0.0	0.0	0.0
GSM4138114_HNSCC_3_PBMC_GTCAAGTAGTGCTGCC	116.47551006114888	87.36369373341782	272.1640418949645	0.0	74.58609043144023	80.51242344162011	0.0	220.52225773884527	0.0	0.0	0.0	0.0	108.88975757957604	0.0	188.33654203368067	0.0	0.0	0.0
GSM4138114_HNSCC_3_PBMC_GTCTCGTAGGCTAGAC	193.08415935324948	143.66709659491696	206.4348728708442	14.610457836658082	141.21561137038518	146.87158845960005	0.0	119.02183610367182	0.0	0.0	148.0270707253712	0.0	48.86041797013468	0.0	0.0	0.0	0.0	0.0
GSM4138114_HNSCC_3_PBMC_TCTGGAAAGTGGTAAT	142.63995510510946	103.87538128782066	172.0683542155372	174.54755392472399	110.38569094241787	0.0	43.471103740485106	0.0	80.66967738887249	0.0	114.79316380980904	0.0	0.0	0.0	0.0	0.0	0.0	0.0
GSM4138114_HNSCC_3_PBMC_TGGCCAGGTCCAAGTT	148.4960996578738	164.51873857139705	92.2337473527794	36.17807860779653	92.71493665347585	0.0	0.0	153.5706739250009	0.0	148.7288344062944	0.0	0.0	154.31905237484608	0.0	0.0	0.0	0.0	0.0
GSM4138114_HNSCC_3_PBMC_AACTGGTGTGTGGCTC	178.94010585394008	330.20531164078267	329.88147004282774	306.70326339254103	187.8710246202487	82.01541057710465	169.5686656618799	0.0	0.0	0.0	0.0	259.0017714043703	0.0	0.0	0.0	0.0	0.0	0.0
GSM4138114_HNSCC_3_PBMC_AAGACCTAGTTTGCGT	169.81036519453775	343.778969310171	155.78121486452255	271.82305869401347	174.57973602135445	165.0971451840911	0.0	0.0	0.0	0.0	0.0	0.0	0.0	0.0	0.0	0.0	249.56436394871292	0.0
GSM4138114_HNSCC_3_PBMC_ACATCAGAGTGTCCAT	215.4330028485018	347.78455725268867	383.98983459474977	325.7178237716042	217.67613062154507	0.0	131.57527721248843	57.797072605464884	151.46390953998855	223.88961307623828	0.0	0.0	0.0	0.0	0.0	0.0	0.0	0.0
GSM4138114_HNSCC_3_PBMC_ACGGCCACATGGTCTA	249.32337696997948	141.95703862804697	204.29465835331655	0.0	105.67178396028505	0.0	219.725878863206	216.50437352812511	0.0	272.81902639754793	0.0	0.0	0.0	0.0	0.0	0.0	0.0	0.0
GSM4138114_HNSCC_3_PBMC_ACTTGTTGTTGTGGAG	65.78618071284478	175.15799147054054	187.0326310107694	336.17947493679924	42.67277271812689	0.0	94.43724889877275	0.0	0.0	290.3244256053298	0.0	0.0	0.0	0.0	0.0	0.0	0.0	0.0
GSM4138114_HNSCC_3_PBMC_AGCGTATCAGCTCGCA	0.0	0.0	0.0	4260.011678324564	0.0	0.0	0.0	216.33095076365802	0.0	0.0	0.0	0.0	0.0	0.0	0.0	0.0	0.0	0.0
GSM4138114_HNSCC_3_PBMC_CCATTCGAGACAGGCT	156.97774883004624	191.30117922109997	321.61988009775047	344.7183100438661	124.20634806414219	0.0	0.0	0.0	0.0	280.59556146515365	0.0	0.0	181.78208203293394	0.0	0.0	0.0	0.0	0.0
GSM4138114_HNSCC_3_PBMC_CCTTCGATCTCGCTTG	93.05746513286735	281.27369473866514	216.4583248545822	109.7293659805821	104.45410785719223	0.0	0.0	214.61203820854917	0.0	215.7367863722792	34.307887566021	0.0	153.68281992123374	0.0	0.0	0.0	0.0	0.0
GSM4138114_HNSCC_3_PBMC_CGCGTTTAGACTAGGC	281.1137104511362	271.5510613315175	348.62085980125875	365.0586022095653	166.68471909814303	0.0	0.0	0.0	127.11795304894675	4.438931456983467	312.7643953727434	0.0	84.71387739618379	0.0	0.0	0.0	0.0	0.0
GSM4138114_HNSCC_3_PBMC_CTACATTTCTTTACGT	154.22639714485385	382.14405864007415	294.45782464049256	346.2086341461034	109.28738545459905	0.0	0.0	0.0	0.0	0.0	0.0	0.0	96.39087555743986	0.0	294.8634029760926	0.0	0.0	0.0
GSM4138114_HNSCC_3_PBMC_CTAGCCTAGACCGGAT	132.21413102419544	200.4052124184065	295.4656095246687	309.1681047317561	113.55029527605478	0.0	0.0	0.0	0.0	223.18281219532022	0.0	0.0	148.26565672426702	0.0	0.0	0.0	0.0	0.0
GSM4138114_HNSCC_3_PBMC_GACGTTAGTACCATCA	251.70639385655116	295.59854785122894	315.39177796017725	427.6211912158682	165.9754311668249	0.0	0.0	0.0	213.0886220323703	0.0	0.0	0.0	0.0	0.0	334.1001332762269	0.0	0.0	0.0
GSM4138114_HNSCC_3_PBMC_GCGCAGTCAACTGGCC	174.10554423916477	206.3140265967053	410.9646380411619	353.7730740939113	108.24008799504806	0.0	0.0	0.0	187.9598419723915	0.0	332.0242937288939	0.0	0.0	0.0	0.0	0.0	0.0	0.0
GSM4138114_HNSCC_3_PBMC_GCTCTGTCACACTGCG	139.52350967447438	342.2847364683849	340.45944962150975	253.72015279923238	136.99799305338288	144.18171340839814	0.0	0.8352820705154059	51.605611398575014	0.0	0.0	0.0	0.0	0.0	0.0	379.9456124907296	0.0	0.0
GSM4138114_HNSCC_3_PBMC_GCTGCAGTCCGGCACA	174.74485164330702	227.99096972537944	226.80370454626626	335.2826345458299	81.42101287488714	0.0	239.6693753276576	0.0	0.0	276.8711046142215	0.0	0.0	0.0	0.0	0.0	0.0	0.0	0.0
GSM4138114_HNSCC_3_PBMC_GTAGTCACACAAGCCC	210.97098151838904	174.5935042015856	158.44084009250045	295.4568259692361	138.46864678071753	0.0	0.0	0.0	15.819495616284838	249.72500214477702	0.0	0.0	109.316874366956	0.0	0.0	0.0	0.0	0.0
GSM4138114_HNSCC_3_PBMC_GTCAAGTAGGCGTACA	51.00918275013625	171.23608669342806	179.29668742930514	45.30262898527655	54.54498371159274	46.323096999029936	0.0	57.985230072442185	0.0	46.382336102835	0.0	0.0	0.0	0.0	0.0	0.0	0.0	0.0
GSM4138114_HNSCC_3_PBMC_TACGGATAGATCGATA	151.24580146223585	159.6636237552174	231.21002570526312	255.1666123216106	165.89866441622152	0.0	0.0	66.52553871938065	0.0	248.9258100837838	0.0	0.0	180.63271157402426	0.0	0.0	0.0	0.0	0.0
GSM4138114_HNSCC_3_PBMC_TCAACGATCTGGGCCA	0.0	0.0	3065.1604852731552	0.0	0.0	0.0	0.0	0.0	0.0	0.0	0.0	0.0	0.0	0.0	0.0	0.0	0.0	0.0
GSM4138114_HNSCC_3_PBMC_TGGGCGTGTTAGTGGG	86.2875885021114	245.72138973440002	376.22876927520724	0.0	104.76211351219894	0.0	0.0	278.8037932572384	176.37766066899877	283.1708416643661	0.0	0.0	11.001196670616237	0.0	0.0	0.0	0.0	0.0
GSM4138114_HNSCC_3_PBMC_TTGGAACCAGTCACTA	189.3493655320187	191.57407878948234	274.2316888072169	0.0	148.46379128703356	0.0	156.0696269320988	313.7429574003172	0.0	0.0	225.74500253436452	0.0	0.0	0.0	0.0	0.0	0.0	0.0
GSM4138114_HNSCC_3_PBMC_ACTGTCCCAGCGATCC	42.21005698974511	1474.6713054386178	0.0	194.09090803027928	29.658629761437368	0.0	0.0	0.0	15.645556157969498	0.0	0.0	0.0	0.0	0.0	0.0	0.0	47.8019397150408	40.43354857008177
GSM4138114_HNSCC_3_PBMC_AGATTGCGTCATACTG	0.0	1366.7712630549702	0.0	0.0	0.0	20.20295895935054	0.0	58.120928594982665	0.0	0.0	0.0	12.230996954715415	6.084562200945274	0.0	0.0	0.0	0.0	0.0
GSM4138114_HNSCC_3_PBMC_CACACAAGTGAACCTT	0.0	2031.128871174407	0.0	0.0	0.0	0.0	0.0	0.0	0.0	0.0	0.0	0.0	0.0	0.0	0.0	0.0	0.0	0.0
GSM4138114_HNSCC_3_PBMC_GCGCAACCATCTGGTA	0.0	1485.0501278076606	24.14430719895211	48.19589861930705	51.27622107474753	0.0	0.0	0.0	0.0	0.0	0.0	0.0	0.0	0.0	0.0	0.0	0.0	0.0
GSM4138114_HNSCC_3_PBMC_TACGGATGTCTCATCC	0.0	1736.4792905459074	9.218795726931583	0.0	0.0	0.0	0.0	0.0	14.600644670051917	0.0	27.36591031501369	0.0	0.0	0.0	0.0	0.0	0.0	0.0
GSM4138114_HNSCC_3_PBMC_TAGAGCTTCGGAATCT	0.0	1777.9739561104948	0.0	0.0	0.0	0.0	0.0	0.0	0.0	0.0	0.0	0.5373428482314421	0.0	0.0	0.0	0.0	0.0	0.0
GSM4138114_HNSCC_3_PBMC_TTGGAACGTACACCGC	0.0	1860.1805277527023	10.509896119833641	0.0	40.886189761577974	0.0	0.0	79.7546862184603	0.0	0.0	0.0	6.849201174728876	0.0	16.42639799564347	0.0	0.0	0.0	0.0
GSM4138114_HNSCC_3_PBMC_GCAGCCACACCACGTG	101.22423986805349	112.55575061659614	110.03077600367835	99.5373506497705	48.97513658775751	77.25851004408695	15.172777391340023	0.0	0.0	75.01834799569613	0.0	1.0882407121276858	0.0	0.0	0.0	0.0	0.0	0.0
GSM4138114_HNSCC_3_PBMC_TAGTTGGTCGAGAGCA	145.53954041227237	79.21337846796878	92.21133690647298	106.00194547737745	58.35790513931629	66.95867665180448	61.98853510705079	0.0	0.0	0.0	0.0	0.0	0.0	0.0	47.898160392788405	0.0	0.0	0.0
GSM4138114_HNSCC_3_PBMC_GGACAAGGTTACGACT	95.37244795721277	78.92446610947809	127.70794856743396	102.58069614203832	99.47858516231541	0.0	146.28614137840054	0.0	0.0	54.76949625836865	0.0	0.0	0.0	0.0	0.0	0.0	0.0	0.0
GSM4138114_HNSCC_3_PBMC_AGCTTGACATAACCTG	0.0	0.0	0.0	0.0	0.0	0.0	0.0	0.0	0.0	0.0	4115.377864449681	42.147626339355305	0.0	0.0	277.7813161291711	0.0	0.0	0.0
