	1	2	3	4	5	6	7	8	9	10	11	12	13	14	15	16	17	18	19	20	21
GSM4138114_HNSCC_3_PBMC_AAACGGGTCTAGAGTC	47.38285826104314	0.0	0.0	89.85125849418738	0.0	0.0	76.95347008375236	0.0	80.9942019551064	0.0	0.0	0.0	0.0	0.0	0.0	0.0	0.0	0.0	78.72885588630947	0.0	0.0
GSM4138114_HNSCC_3_PBMC_AAAGATGCACTACAGT	55.85682419029291	0.0	0.0	88.53913062360485	0.0	0.0	15.699774785988627	0.0	0.0	0.0	0.0	0.0	91.97228777915295	0.0	64.45507960291572	57.174959197849944	0.0	0.0	0.0	0.0	0.0
GSM4138114_HNSCC_3_PBMC_AAATGCCTCTCCAGGG	95.24334127442592	93.2604968175835	124.5808709179438	0.0	0.0	0.0	0.0	0.0	0.0	0.0	115.64057215789495	78.63015972478463	0.0	0.0	0.0	26.55656758749143	0.0	0.0	0.0	0.0	0.0
GSM4138114_HNSCC_3_PBMC_AACACGTAGAGTGAGA	97.24288542666011	113.91048178249201	95.99651641471844	0.0	0.0	0.0	106.38298648740086	0.0	0.0	0.0	60.601664126250625	0.0	7.451048238951805	0.0	0.0	0.0	0.0	0.0	6.309491977804302	0.0	13.301490927274465
GSM4138114_HNSCC_3_PBMC_AAGGCAGGTTTAAGCC	41.91422337115492	116.67547007781891	0.0	0.0	0.0	72.55602525212473	0.0	0.0	0.0	0.0	27.888739045773274	0.0	93.36104434419883	0.0	0.0	0.0	0.0	0.0	0.0	38.73202494590882	0.0
GSM4138114_HNSCC_3_PBMC_ACACCAAGTATAAACG	79.07656494131037	106.56019901578213	56.81866762607201	0.0	0.0	50.72815194852381	0.0	0.0	0.0	0.0	77.24542443770257	0.0	0.0	0.0	0.0	0.0	8.723056471195314	0.0	0.0	0.0	0.0
GSM4138114_HNSCC_3_PBMC_ACATACGTCCACTCCA	95.74344409875772	43.918705604951626	15.85393458369535	0.0	0.0	0.0	38.612922822255875	0.0	0.0	0.0	57.701100676508	0.0	31.827152699111533	0.0	0.0	0.0	4.441459105386857	0.0	0.0	0.0	0.0
GSM4138114_HNSCC_3_PBMC_ACTATCTAGGAGTTTA	88.48434713400698	62.57370721432009	203.04692499062077	26.216485889968983	0.0	0.0	124.82745679642646	0.0	0.0	0.0	0.0	0.0	0.0	0.0	0.0	0.0	45.691996564621455	0.0	0.0	0.0	0.0
GSM4138114_HNSCC_3_PBMC_ACTGAACTCACCTTAT	52.47554537510207	142.96831839307123	111.82367961881347	0.0	82.20844650427944	15.920374774493732	0.0	0.0	0.0	0.0	63.0969429395371	0.0	0.0	0.0	0.0	0.0	0.0	0.0	0.0	0.0	0.0
GSM4138114_HNSCC_3_PBMC_ACTTTCACAGCTGTTA	70.89852916691675	62.47510659319055	0.0	0.0	0.0	79.68995409985105	0.0	0.0	0.0	109.07736419051889	0.0	0.0	0.0	0.0	0.0	0.0	0.0	43.67362288128636	0.0	0.0	0.0
GSM4138114_HNSCC_3_PBMC_AGCTCTCAGGTGATAT	54.079959661347154	0.0	0.0	80.8336030289357	0.0	77.95396313815398	0.0	0.0	0.0	131.42555215735908	0.0	0.0	0.0	0.0	0.0	0.0	86.70737153905263	0.0	0.0	0.0	0.0
GSM4138114_HNSCC_3_PBMC_AGCTCTCCAGCCTGTG	33.37755189225101	126.03991900624824	93.00617135991902	0.0	42.73961017830676	0.0	0.0	0.0	0.0	0.0	0.0	0.0	0.0	0.0	0.0	0.0	16.262257557311074	0.0	0.0	0.0	0.0
GSM4138114_HNSCC_3_PBMC_AGTCTTTCAAAGGTGC	74.83935602677597	0.0	0.0	65.54558349098212	113.01075239255793	0.0	0.0	0.0	0.0	0.0	26.177731582421714	0.0	0.0	128.5490113977873	0.0	0.0	0.0	0.0	0.0	0.0	0.0
GSM4138114_HNSCC_3_PBMC_AGTGAGGGTCAGCTAT	139.18649344545616	68.27366638734084	0.0	0.0	65.40851038995851	0.0	0.0	0.0	95.96702354791971	0.0	0.0	0.0	0.0	0.0	0.0	5.6281484961900246	56.0803176840584	0.0	0.0	0.0	0.0
GSM4138114_HNSCC_3_PBMC_AGTGGGATCACCACCT	68.74026327619286	130.8355565405252	121.80258535776973	0.0	78.26744948771488	0.0	0.0	0.0	0.0	0.0	0.0	0.0	0.0	0.0	67.95423826948296	0.0	0.0	0.0	0.0	0.0	0.0
GSM4138114_HNSCC_3_PBMC_ATCCACCTCCCTCAGT	46.265931953085044	16.685919674320804	0.0	51.612014790340424	80.46653217548308	0.0	0.0	0.0	70.5712622190327	0.0	0.0	0.0	0.0	0.0	33.83354093622288	0.0	0.0	0.0	0.0	0.0	0.0
GSM4138114_HNSCC_3_PBMC_ATCGAGTGTCTAAACC	124.09032833264435	0.0	309.8238727343883	117.14337793226007	0.0	0.0	0.0	0.0	0.0	0.0	76.61982652258054	133.8533545652093	0.0	0.0	0.0	0.0	0.0	36.9541436571512	0.0	0.0	0.0
GSM4138114_HNSCC_3_PBMC_ATCTACTGTGACGCCT	55.90112484798948	0.0	0.0	76.56857941723418	0.0	76.95867725293706	0.0	0.0	75.28487498765399	0.0	0.0	2.5941388834900687	12.090860777665482	0.0	0.0	0.0	0.0	0.0	107.78965204069037	0.0	0.0
GSM4138114_HNSCC_3_PBMC_CAAGAAAGTGCTTCTC	63.08947884376183	0.0	80.5274548445192	78.55400385658984	0.0	52.96992663676355	0.0	0.0	0.0	0.0	61.7928212845516	0.0	0.0	0.0	0.0	0.0	0.0	0.0	0.0	0.0	0.0
GSM4138114_HNSCC_3_PBMC_CAAGGCCGTTCCCGAG	56.10879481051063	41.36857534974555	0.0	59.224235098262376	52.00051980226571	1.4598352685508325	76.59338343612347	0.0	87.75649206658659	0.0	0.0	0.0	0.0	0.0	50.261297550963484	0.0	0.0	0.0	0.0	0.0	0.0
GSM4138114_HNSCC_3_PBMC_CAAGTTGTCAAGAAGT	38.11904623588583	29.445834438572735	0.0	0.0	116.68175052907914	0.0	0.0	104.3833610407787	0.0	75.22226291617939	0.0	0.0	0.0	0.0	0.0	0.0	0.0	0.0	0.0	0.0	0.0
GSM4138114_HNSCC_3_PBMC_CACAAACCAGCTGGCT	8.108515122957508	29.63847561162486	22.696031304633035	29.35401079734908	129.35776329629252	0.0	0.0	0.0	0.0	1.5636446050157198	0.0	0.0	0.0	84.48436976901594	59.53540346240161	0.0	0.0	0.0	0.0	0.0	0.0
GSM4138114_HNSCC_3_PBMC_CACACAAAGAACAACT	53.965934902560065	0.0	0.0	53.59498165281872	0.0	114.73386114455899	0.0	59.75221198104699	0.0	177.9272858639606	7.892475737713264	0.0	0.0	0.0	0.0	0.0	0.0	0.0	0.0	0.0	0.0
GSM4138114_HNSCC_3_PBMC_CACATAGTCCGCAAGC	69.45645136240378	75.07357376379713	106.27232267239188	0.0	0.0	0.0	63.64515501887598	122.31973270289758	0.0	0.0	0.0	0.0	0.0	0.0	0.0	11.924720276879553	0.0	0.0	0.0	0.0	0.0
GSM4138114_HNSCC_3_PBMC_CACCACTAGCAATATG	29.70362167729381	71.30338992725196	0.0	0.0	34.579995453904075	0.0	0.0	0.0	0.0	153.1014332662895	37.75943771143848	0.0	0.0	0.0	0.0	0.0	0.0	0.0	0.0	0.0	0.0
GSM4138114_HNSCC_3_PBMC_CATATTCAGTCCCACG	67.32099826558404	0.0	62.01825943289124	67.02017673611178	33.14730694706572	0.0	0.0	0.0	0.0	0.0	8.131116899791136	0.0	0.0	47.897670214832296	0.0	30.759076664241977	0.0	23.18901545036771	0.0	0.0	0.0
GSM4138114_HNSCC_3_PBMC_CATCAAGGTCGTCTTC	52.8165500470107	0.0	0.0	39.356189745183684	0.0	0.0	0.0	0.0	0.0	0.0	0.0	85.13654500894691	153.1753041323072	0.0	0.0	0.0	0.0	39.91292666252941	0.0	0.0	0.0
GSM4138114_HNSCC_3_PBMC_CATCAGACATACTACG	195.10976933490696	99.5012572144984	0.0	127.85347337282637	0.0	0.0	0.0	0.0	0.0	312.74228758083086	173.4109580860652	120.56127876697664	0.0	0.0	0.0	33.65932735535761	0.0	0.0	0.0	0.0	0.0
GSM4138114_HNSCC_3_PBMC_CATCGGGTCTTCTGGC	88.21771915237257	0.0	0.0	46.233827293867414	122.47019886066171	0.0	0.0	0.0	0.0	0.0	0.0	0.0	90.70067128647014	0.0	0.0	0.0	0.0	0.0	53.41660654674365	0.0	0.0
GSM4138114_HNSCC_3_PBMC_CCACGGATCAGAGGTG	48.93433260768087	126.76217735965108	0.0	0.0	0.0	0.0	0.0	0.0	0.0	160.88830008739572	0.0	0.0	0.0	0.0	0.0	129.46331062635699	0.0	116.15609017354673	0.0	0.0	0.0
GSM4138114_HNSCC_3_PBMC_CCTACACTCGACAGCC	29.553784934370707	47.84984439876857	0.0	0.0	0.0	53.286388784459234	0.0	0.0	69.19529986620667	0.0	0.0	0.0	0.0	0.0	0.0	0.0	5.790533588725659	0.0	52.33273853220531	0.0	0.0
GSM4138114_HNSCC_3_PBMC_CCTTCCCGTAGCGTCC	62.17638665197324	0.0	77.38776705772325	56.59237195830053	0.0	0.0	0.0	47.61010993278906	0.0	0.0	0.0	0.0	0.0	0.0	0.0	48.72381847040474	0.0	0.0	0.0	1.8239613985562155	0.0
GSM4138114_HNSCC_3_PBMC_CCTTCCCTCACATACG	59.89716193942364	0.0	0.0	103.59558291554697	0.0	0.0	0.0	68.47762057207154	0.0	85.20838183964419	0.0	59.42622559193847	0.0	0.0	0.0	0.0	0.0	0.0	0.0	0.0	0.0
GSM4138114_HNSCC_3_PBMC_CGAGCCAAGCGCTTAT	62.73286033119074	90.39119956018511	0.0	0.0	0.0	0.0	0.0	0.0	0.0	0.0	0.0	64.10645570109922	143.98646832603634	0.0	38.25679059231105	0.0	0.0	0.0	0.0	0.0	0.0
GSM4138114_HNSCC_3_PBMC_CGAGCCAGTCAAAGAT	217.3700692618631	0.0	295.36074969415114	119.4988026939764	0.0	50.46004867772954	0.0	53.016849505201364	0.0	0.0	24.799523040654044	86.09826958852851	0.0	0.0	0.0	0.0	32.22768287868673	0.0	0.0	15.689117261869487	0.0
GSM4138114_HNSCC_3_PBMC_CGCGGTATCATCACCC	83.723567581525	131.90313227081847	127.08190200026579	0.0	0.0	0.0	32.52077084193524	0.0	0.0	0.0	0.0	62.87214702431458	0.0	0.0	0.0	17.848871992827434	0.0	0.0	0.0	0.0	103.92317727404094
GSM4138114_HNSCC_3_PBMC_CGCGTTTTCCCAAGTA	80.49599479154631	0.0	0.0	56.820255401866774	0.0	0.0	66.79755622480958	0.0	69.4256550454713	0.0	0.0	0.0	0.0	0.0	35.79954390933954	0.0	0.0	0.0	0.0	0.0	0.0
GSM4138114_HNSCC_3_PBMC_CGCTGGAGTAGCCTAT	72.97169224078716	55.914556757634976	0.0	0.0	0.0	0.0	183.1298830399289	7.222964966155365	0.0	107.75877731889153	0.0	0.0	0.0	29.557618973312366	0.0	0.0	0.0	95.14198689407888	0.0	0.0	0.0
GSM4138114_HNSCC_3_PBMC_CGGACGTGTAGATTAG	70.5980298885491	0.0	89.20735323074487	142.51509224068013	0.0	0.0	0.0	99.69827316226288	0.0	32.411929298900425	0.0	111.01327929201528	0.0	0.7834698797647515	0.0	0.0	0.0	0.0	0.0	0.7592536430621611	0.0
GSM4138114_HNSCC_3_PBMC_CGTCCATAGATGTGTA	79.66736770860292	38.65083768898344	0.0	0.0	0.0	0.0	0.0	0.0	0.0	85.36968584094312	0.0	42.476811171320485	31.757169071322707	0.0	0.0	0.0	14.58390366017195	0.0	25.86987940088516	0.0	0.0
GSM4138114_HNSCC_3_PBMC_CGTCTACGTACCGAGA	73.10454077279857	0.0	77.01518361018215	200.46412514563815	0.0	63.87549239652313	0.0	0.0	0.0	0.0	109.27829089950822	0.0	0.0	0.0	0.0	0.0	0.0	0.0	0.0	0.0	0.0
GSM4138114_HNSCC_3_PBMC_CGTTCTGCACGTCTCT	69.46706970240663	112.18017240170278	51.524301102265234	0.0	0.0	0.0	0.0	61.32980597160444	0.0	0.0	0.0	0.0	0.0	15.118305836348602	0.0	76.20059138630697	0.0	0.0	0.0	0.0	0.0
GSM4138114_HNSCC_3_PBMC_CTAGAGTCAAGCCATT	51.615527617972646	43.134915658028646	0.0	0.0	20.202662480671812	0.0	0.0	99.95367908631248	0.0	0.0	0.0	0.0	0.0	101.4060767851829	0.0	68.94000473072008	0.0	0.0	0.0	0.0	0.0
GSM4138114_HNSCC_3_PBMC_CTCAGAAGTCAGTGGA	64.67855143781124	60.62202566091001	0.0	0.0	0.0	0.0	40.360474068514286	0.0	0.0	90.72239264352481	0.0	0.0	0.0	0.0	0.0	0.0	0.0	81.75085616528503	0.0	0.0	0.0
GSM4138114_HNSCC_3_PBMC_CTCATTACATCGGTTA	61.05399316088791	14.839580384980914	78.05652803861142	33.69811207040858	0.0	0.0	95.85768309996075	0.0	10.457506028367465	0.0	0.0	0.0	0.0	0.0	60.53862857243163	0.0	2.3888794084126315	0.0	0.0	1.3049230890504255	0.0
GSM4138114_HNSCC_3_PBMC_CTCATTATCGGAGCAA	98.15793975867751	82.10175180467189	64.64568572854061	0.0	0.0	24.397625068039893	16.857862611423947	0.0	0.0	0.0	0.0	0.0	0.0	0.0	79.800279555573	0.0	0.0	0.0	0.0	0.0	0.0
GSM4138114_HNSCC_3_PBMC_CTGCTGTAGGACGAAA	44.69132487014089	0.0	0.0	74.45728139238379	0.0	82.3170325095523	0.0	0.0	137.05482711233861	0.0	0.0	0.0	0.0	14.498843276387392	0.0	0.0	0.0	96.12943259044354	0.0	0.0	0.0
GSM4138114_HNSCC_3_PBMC_CTGTTTAGTAAGTGTA	53.607657479273165	0.0	81.26780018972171	131.46663912205878	57.95297987795041	0.0	12.866022749144717	57.06852023896723	0.0	0.0	0.0	0.0	0.0	0.0	0.0	0.0	0.0	0.0	0.0	0.0	0.0
GSM4138114_HNSCC_3_PBMC_GAAATGACAGCTTAAC	53.46076299700675	69.55136457429502	63.69301662376462	0.0	53.907150196441876	0.0	0.0	0.0	53.20642980365543	0.0	18.908762397468973	0.0	0.0	0.0	0.0	3.7231930447163886	19.048491266010085	0.0	0.0	0.0	0.0
GSM4138114_HNSCC_3_PBMC_GACCTGGGTTAAAGTG	18.527650006900625	83.58977223234636	70.66266466791063	0.0	0.0	0.0	0.0	0.0	0.0	0.0	14.751716661933935	53.39096538327871	0.0	0.0	0.0	0.0	0.0	0.0	16.34864964808091	0.0	43.222374326646275
GSM4138114_HNSCC_3_PBMC_GATCAGTTCATCTGCC	29.20980130247394	103.64824014000166	0.0	0.0	0.0	97.47229637343231	0.0	0.0	0.0	94.2638752393595	67.95480043638497	0.0	0.0	0.0	0.0	0.0	0.0	7.672233987254877	0.0	4.552605614193087	0.0
GSM4138114_HNSCC_3_PBMC_GATCGATTCGCCAAAT	99.35686412975267	99.55813774302345	109.49946989773383	0.0	0.0	0.0	0.0	0.0	0.0	0.0	75.22115645290161	0.0	0.0	0.0	0.0	71.18133315121551	0.0	0.0	0.0	0.0	0.0
GSM4138114_HNSCC_3_PBMC_GATCGTACATGCCCGA	68.98573203563839	57.70333996853428	89.30937444310595	0.0	0.0	45.108718800748306	8.43756352778544	57.732250991995855	0.0	0.0	0.0	0.0	0.0	0.0	0.0	0.0	0.0	0.0	0.0	0.0	0.0
GSM4138114_HNSCC_3_PBMC_GATCTAGGTCTTGATG	45.462281749916734	112.0169596496551	11.363978800494582	0.0	0.0	0.0	55.74515539569652	0.0	0.0	67.17422783795193	0.0	0.0	0.0	0.0	0.0	23.12993319941362	0.0	81.58597774845339	0.0	0.0	0.0
GSM4138114_HNSCC_3_PBMC_GCAAACTCAAACAACA	94.04810684804335	0.0	0.0	74.36392943105255	17.56103181109505	55.7793842488406	0.0	0.0	41.78526560958815	0.0	0.0	0.0	49.788889469756924	0.0	83.67790550798048	0.0	0.0	0.0	0.0	0.0	0.0
GSM4138114_HNSCC_3_PBMC_GCAAACTGTTCTGTTT	52.74493526831022	77.8703648034171	43.50707870399723	0.0	41.638115140525464	0.0	0.0	42.88700703072405	0.0	0.0	0.0	16.27521494633161	0.0	65.03936810178554	0.0	0.0	0.0	0.0	0.0	33.22054953326636	0.0
GSM4138114_HNSCC_3_PBMC_GCACATATCAGGCGAA	127.21227387449046	0.0	0.0	117.02549427840208	0.0	85.61248357510456	0.0	0.0	186.63914120587563	0.0	0.0	0.0	0.0	9.172571006850173	91.39371333332613	0.0	0.0	0.0	0.0	0.0	0.0
GSM4138114_HNSCC_3_PBMC_GCATGATCAGCTGTGC	32.22060715660259	32.162881624303566	0.0	19.032305166284093	0.0	74.73709499802882	0.0	0.0	19.40682937844987	0.0	0.0	0.0	0.0	0.0	0.0	0.0	25.756996061282692	0.0	0.0	78.65362027970932	0.0
GSM4138114_HNSCC_3_PBMC_GCGACCACAGGGTACA	31.447875385310155	91.39329635197618	107.43519441276935	0.0	0.0	64.84742871351568	0.0	0.0	0.0	0.0	70.42279916434428	0.0	0.0	0.0	0.0	0.0	0.0	0.0	0.0	0.0	0.0
GSM4138114_HNSCC_3_PBMC_GCGCAACTCGTTGCCT	26.38822505839425	62.45625457086275	53.57934080785288	0.0	0.0	4.35581914078704	48.464267125879076	34.6817128263021	0.0	0.0	0.0	0.0	0.0	0.0	0.0	0.0	46.56987130885511	0.0	0.0	0.0	0.0
GSM4138114_HNSCC_3_PBMC_GCGCCAACAAGGCTCC	82.44078924516539	79.23720278926703	105.28000958305185	0.0	4.7364747850232956	0.0	34.08751283875817	3.9334978139313805	7.283197184506299	0.0	0.0	0.0	0.0	0.0	0.0	31.37947458392563	0.0	69.23391455396954	0.0	0.0	0.0
GSM4138114_HNSCC_3_PBMC_GCTCTGTAGTGTCTCA	98.98796121488495	0.0	0.0	132.30937729541867	93.04923183100382	0.0	0.0	20.660320657177945	0.0	0.0	0.0	0.0	0.0	95.49462739723778	0.0	0.0	0.0	0.0	0.0	0.0	0.0
GSM4138114_HNSCC_3_PBMC_GCTGCTTAGATAGTCA	37.99087572923647	157.0501269888508	118.76754196391461	0.0	88.17967230148722	0.0	0.0	0.0	0.0	0.0	0.0	0.0	0.0	9.949920921438451	0.0	0.0	0.0	64.31275929135171	0.0	0.0	0.0
GSM4138114_HNSCC_3_PBMC_GGATGTTAGCTACCTA	90.97335222499021	135.1100702567096	99.90450424374458	0.0	190.75287331106082	0.0	0.0	0.0	0.0	0.0	84.91443742549322	0.0	0.0	0.0	0.0	0.0	0.0	0.0	0.0	0.0	0.0
GSM4138114_HNSCC_3_PBMC_GGCCGATAGCACCGTC	85.43840146595734	0.0	0.0	137.7372539034953	0.0	0.0	0.0	0.0	0.0	0.0	0.0	76.42702713804765	0.0	74.77221884375378	59.403720697801035	0.0	0.0	0.0	0.0	54.145951546559296	0.0
GSM4138114_HNSCC_3_PBMC_GGCGTGTGTCCCTTGT	65.0467906708333	0.0	0.0	97.4323194904256	0.0	0.0	75.92156404078804	0.0	0.0	67.49742174748849	0.0	0.0	42.716105518255034	0.0	0.0	15.035697019405942	50.559673691624724	0.0	0.0	0.0	0.0
GSM4138114_HNSCC_3_PBMC_GGGCACTTCAGCTCTC	99.70031560584539	100.02008451903811	100.78344471332625	2.523206484697726	15.50144894569971	45.05693176575666	0.0	0.0	0.0	0.0	0.0	0.0	0.0	0.0	0.0	0.0	0.0	0.0	52.2169933424565	0.0	0.0
GSM4138114_HNSCC_3_PBMC_GTAGGCCTCAAAGTAG	48.69374864899752	24.91225988453575	52.76783027248743	67.61388734644211	0.0	0.0	0.0	0.0	30.577814109708452	0.0	0.0	120.58618873954761	0.0	0.0	0.0	0.0	0.0	0.0	56.03731218507305	0.0	0.0
GSM4138114_HNSCC_3_PBMC_GTATCTTAGCTAAACA	54.486536081193556	52.15746802737667	0.0	0.0	57.25869160915769	0.0	0.0	0.0	0.0	91.1595392835995	0.0	0.0	0.0	0.0	0.0	0.0	0.0	0.0	0.0	90.81254405073616	0.0
GSM4138114_HNSCC_3_PBMC_GTCTCGTCATCTCCCA	35.58185257324769	0.0	0.0	84.30696009549945	66.8865056877514	0.0	0.0	0.0	0.0	0.0	0.0	0.0	0.0	103.34198571476864	76.82951179219651	21.541614624489554	0.0	0.0	0.0	0.0	0.0
GSM4138114_HNSCC_3_PBMC_GTGTGCGGTTCGCTAA	54.19803523556898	0.0	59.03620983729559	57.605740306072065	0.0	0.0	0.0	87.35240195119952	32.94462579430235	0.0	0.0	99.88645509596634	0.0	0.0	0.0	0.0	0.0	0.0	0.0	0.0	0.0
GSM4138114_HNSCC_3_PBMC_GTTACAGAGAGCTGCA	42.33308424408958	0.0	40.39162482619913	108.95530206890483	0.0	53.68831893565481	0.0	0.0	0.0	0.0	0.0	0.0	0.0	47.194648067119154	50.39456917324117	2.8726627927891544	0.0	0.0	0.0	0.0	0.0
GSM4138114_HNSCC_3_PBMC_GTTCATTAGCTACCTA	103.89580324816663	61.353804380401876	27.134332970530316	0.0	0.0	59.0674580936358	0.0	50.04984402765612	0.0	0.0	0.0	0.0	0.0	53.3302550687698	21.672805516834064	0.0	0.0	0.0	13.62219693454186	0.0	0.0
GSM4138114_HNSCC_3_PBMC_TAAGTGCAGTTCGCAT	85.6696638021921	92.90750633135492	0.0	0.0	0.0	0.0	68.8951986290853	0.0	30.01559858252802	0.0	0.0	0.0	0.0	0.0	3.0866778697781356	0.0	0.0	0.0	72.60474655363555	0.0	0.0
GSM4138114_HNSCC_3_PBMC_TACTTGTCAAGCGAGT	31.495323258428957	122.56817357748935	0.0	0.0	50.01180371038391	0.0	21.610170806479495	5.600958585368181	30.432193233220396	42.45317851918114	0.0	0.0	0.0	0.0	0.0	0.0	0.0	0.0	0.0	0.0	36.53591149520762
GSM4138114_HNSCC_3_PBMC_TAGACCATCCGGGTGT	18.09874615594467	60.16386930446532	0.0	0.0	0.0	0.0	89.24745150323223	0.0	0.0	30.0890762561908	73.20722349271101	0.0	80.07572739562202	0.0	0.0	0.0	5.351280781894257	0.0	0.0	0.0	0.0
GSM4138114_HNSCC_3_PBMC_TAGGCATAGCCACGCT	187.10392213751092	274.85994871389204	365.6887847042856	0.0	0.0	0.0	209.00876719578784	165.2320512350529	0.0	3.808777031608605	0.0	0.0	0.0	0.0	0.0	0.0	0.0	0.0	0.0	43.63403558561645	0.0
GSM4138114_HNSCC_3_PBMC_TATTACCAGTGACTCT	43.51079708361542	48.772135272031	72.31131553591845	0.0	0.0	0.0	68.92934001749454	0.0	0.0	0.0	0.0	27.011359663602974	43.61871067897758	0.0	69.32889080931793	0.0	0.0	0.0	0.0	0.0	0.0
GSM4138114_HNSCC_3_PBMC_TCAACGACAGACACTT	89.22816556271658	62.649868376029126	78.29826364844341	0.0	58.163545360615515	0.0	0.0	0.0	0.0	0.0	0.0	0.0	0.0	0.0	0.0	0.0	75.20431654637923	0.0	0.0	0.0	0.0
GSM4138114_HNSCC_3_PBMC_TCAGGATTCCGTTGTC	35.22041320398453	50.86687994095258	45.43319184512324	0.0	61.856894541081274	0.0	9.831175237743274	103.1138605239788	0.0	0.0	0.0	0.0	0.0	0.0	0.0	0.0	0.0	0.0	0.0	0.0	0.0
GSM4138114_HNSCC_3_PBMC_TCATTTGGTTCCCGAG	57.96953068170292	47.60751552261832	0.0	30.058134293041956	74.94224005097969	0.0	0.0	30.38444986086704	0.0	68.25008701618317	0.0	0.0	0.0	0.0	0.0	12.38146622699989	0.0	0.0	0.0	0.0	0.0
GSM4138114_HNSCC_3_PBMC_TCGAGGCGTACTCTCC	23.56837705031458	91.268456547647	0.0	0.0	0.0	81.98993369908409	0.0	0.0	48.60305119358735	27.01202192556404	74.4054521002788	0.0	0.0	0.0	0.0	0.0	0.0	0.0	0.0	0.0	0.0
GSM4138114_HNSCC_3_PBMC_TCGCGAGTCTATCCTA	133.4279211200376	102.5800113386253	97.00997874548135	0.0	0.0	106.580510746855	0.0	0.0	0.0	0.0	91.1713033264309	0.0	0.0	0.0	0.0	0.0	0.0	0.0	0.0	0.0	0.0
GSM4138114_HNSCC_3_PBMC_TCTGGAAGTGTAAGTA	56.72636709690709	79.10857155772527	79.87955649364723	0.0	60.04413137057701	0.0	0.0	70.33593931373261	0.0	0.0	0.0	0.0	0.0	0.0	0.0	0.0	0.0	0.0	0.0	0.0	0.0
GSM4138114_HNSCC_3_PBMC_TGACTAGTCTGAAAGA	29.244861920919224	0.0	0.0	87.7099665336244	56.178479206959764	0.0	0.0	55.076039166365746	0.0	92.88536883243205	0.0	0.0	0.0	0.0	0.0	0.0	0.0	0.0	0.0	0.0	0.0
GSM4138114_HNSCC_3_PBMC_TGACTTTCAATGGAAT	58.9307763059099	45.16241795724232	9.75453630256751	0.0	0.0	43.27944602225086	0.0	0.0	4.698130608135569	26.879955158953045	0.0	0.0	20.73813683670361	0.0	0.0	0.0	29.645389027735224	0.0	0.0	0.0	0.0
GSM4138114_HNSCC_3_PBMC_TGAGAGGGTCCGAATT	95.21367809468414	86.47466152488279	0.0	0.0	0.0	62.82393122704928	12.892870052176148	0.0	0.0	0.0	60.15886527428421	0.0	124.5060222069182	0.0	0.0	0.0	0.0	0.0	0.0	0.0	27.184687853289624
GSM4138114_HNSCC_3_PBMC_TGAGCCGGTACAGCAG	55.22522265788757	90.7457635753372	0.0	0.0	134.68203836657375	0.0	0.0	0.0	87.66038939060222	0.0	0.0	0.0	55.0515881938433	24.035434065990234	40.046172979609565	0.0	0.0	0.0	0.0	0.0	0.0
GSM4138114_HNSCC_3_PBMC_TGAGGGAAGGGTGTGT	205.10792801012258	0.0	147.77242770137033	139.27410666801612	0.0	0.0	7.725696116667991	0.0	0.0	0.0	40.06601100799961	73.44080776280192	0.0	0.0	0.0	0.0	0.0	0.0	0.0	0.0	0.0
GSM4138114_HNSCC_3_PBMC_TGAGGGAGTAGCCTAT	49.33316614234493	0.0	0.0	130.12655570805197	61.755953509263364	0.0	0.0	27.822724420663786	0.0	0.0	0.0	0.0	85.32218273284712	0.0	0.0	0.0	0.0	0.0	0.0	0.0	0.0
GSM4138114_HNSCC_3_PBMC_TGCGCAGAGGTAGCTG	63.11509599516622	102.81670408468247	106.4622739278243	0.0	0.0	0.0	46.937427630071355	29.9869449497564	0.0	0.0	27.694791152712163	23.869877333024544	0.0	0.0	0.0	0.0	0.0	0.0	0.0	0.0	0.0
GSM4138114_HNSCC_3_PBMC_TGGACGCGTTCCACAA	239.49153272641252	0.0	0.0	199.4353749959616	0.0	0.0	0.0	0.0	0.0	0.0	0.0	108.83291721826298	311.03473438340086	0.0	0.0	0.0	0.0	194.58520378988328	0.0	0.0	0.0
GSM4138114_HNSCC_3_PBMC_TTCTACAGTCTAGTGT	56.435220588856644	140.6292982369098	51.839636852007565	0.0	61.47312825047265	0.0	0.0	4.067921090562858	0.0	1.656266533129545	13.35925086072612	0.0	0.0	7.490734970023263	0.0	0.0	13.055897878552189	0.0	0.0	0.0	0.0
GSM4138114_HNSCC_3_PBMC_TTCTACATCTGCGTAA	100.59638627241947	147.20744699035905	164.4754856994335	0.0	0.0	0.0	132.08117444281888	0.0	0.0	0.0	0.0	0.0	0.0	0.0	0.0	0.0	65.29220419605865	0.0	0.0	0.0	0.0
GSM4138114_HNSCC_3_PBMC_TTCTCAAGTCAAGCGA	26.361044868240082	80.67254657680701	0.0	0.0	0.0	0.0	99.9728750885127	15.104107848299535	0.0	107.49229848833389	0.0	0.0	0.0	0.0	0.0	0.0	0.0	0.0	0.0	0.0	0.0
GSM4138114_HNSCC_3_PBMC_TTCTCAAGTTATGTGC	106.16309133537294	0.0	0.0	147.64609600717228	0.0	60.036644969091135	0.0	0.0	50.56597119457944	0.0	0.0	0.0	0.0	0.0	0.0	0.0	0.0	0.0	48.24628324182128	0.0	0.0
GSM4138114_HNSCC_3_PBMC_TTCTTAGAGGCTCTTA	31.63305952648047	0.0	0.0	68.70365695978374	76.72720131130733	0.0	0.0	0.0	0.0	0.0	0.0	0.0	0.0	58.5624777519105	0.0	0.0	0.0	0.0	0.0	75.02893150903225	0.0
GSM4138114_HNSCC_3_PBMC_TTTCCTCTCCTTTCTC	74.26846137764936	32.11051087215233	0.0	0.0	0.0	0.0	0.0	19.231174051606782	0.0	47.53162439445472	0.0	77.35970857712766	0.0	0.0	0.0	0.0	13.618140780859896	0.0	0.0	11.394227043469698	0.0
GSM4138114_HNSCC_3_PBMC_TTTGTCACACGAAAGC	116.30225402011268	120.52007493003221	0.0	0.0	0.0	71.0912413885858	0.0	0.0	0.0	63.45985640912673	0.0	0.0	0.0	0.0	0.0	0.0	0.0	68.4283807853941	0.0	0.0	0.0
GSM4138114_HNSCC_3_PBMC_TGTGTTTTCCCATTAT	240.36041470862585	0.0	31.375708156282847	86.1596063003975	0.0	0.0	119.91447387047579	0.0	0.0	0.0	0.0	0.0	0.0	278.660196065351	44.13196365126131	0.0	0.0	0.0	0.0	0.0	0.0
GSM4138114_HNSCC_3_PBMC_AACCATGAGCTAAACA	28.29288586632897	75.79812739784073	94.59901730216302	0.0	0.0	0.0	0.0	77.07174295200008	0.0	0.0	0.0	0.0	0.0	0.0	0.0	120.16352272843203	0.0	0.0	0.0	0.0	0.0
GSM4138114_HNSCC_3_PBMC_AACTTTCCAGCCTTTC	90.28103949893358	55.858696142440444	121.92867560304184	39.282476767409065	7.490477009881614	97.70813656456815	0.0	0.0	0.0	0.0	0.0	0.0	0.0	0.0	0.0	0.0	79.52462650314173	0.0	0.0	0.0	0.0
GSM4138114_HNSCC_3_PBMC_AAGGTTCGTAAATGAC	91.74681883359638	71.26569298688509	0.0	0.0	0.0	38.562270426477966	0.0	0.0	111.34598134850961	0.0	24.324771381894223	0.0	0.0	0.0	0.0	0.0	0.0	0.0	12.676136870333488	0.0	0.0
GSM4138114_HNSCC_3_PBMC_ACAGCCGCATCCCACT	92.18602820449463	101.03721288572973	155.06001773199327	0.0	0.0	0.0	6.3858213035853435	85.90585243277832	0.0	0.0	0.0	0.0	0.0	0.0	0.0	93.83729640765871	5.476903157530676	0.0	0.0	0.0	0.0
GSM4138114_HNSCC_3_PBMC_ACATACGGTCACTGGC	82.71213338131682	187.59447162859314	0.0	0.0	0.0	0.0	131.9902920463111	64.30722418017845	17.01642659475031	58.74549521706715	0.0	0.0	0.0	18.551495915927713	0.0	0.0	0.0	43.25111117140175	0.0	0.0	0.0
GSM4138114_HNSCC_3_PBMC_ACCCACTCATGGTCAT	92.40507624504599	126.09768285567274	90.49016656701559	0.0	0.0	0.0	54.915133818788306	61.41665194362908	0.0	0.0	0.0	0.0	0.0	0.0	0.0	0.0	0.0	0.0	0.0	0.0	0.0
GSM4138114_HNSCC_3_PBMC_ACGATGTGTACCATCA	80.53734916664106	122.44091119709451	32.10917302685417	0.0	0.0	104.7154516080924	0.0	0.0	0.0	109.17842134594886	34.96712160947997	0.0	0.0	0.0	0.0	0.0	0.0	0.0	0.0	0.0	83.28529811972452
GSM4138114_HNSCC_3_PBMC_ACGCCAGCACACTGCG	63.34651223341081	153.5167249632535	151.53790957478031	0.0	0.0	0.0	110.11769573338891	0.0	0.0	0.0	93.34099230814657	0.0	0.0	0.0	0.0	0.0	0.0	0.0	0.0	0.0	0.0
GSM4138114_HNSCC_3_PBMC_ACGGGTCGTTACGACT	31.417746307440357	92.444927215846	69.51338146568285	0.0	118.92650621730563	0.0	0.0	31.632156303290127	0.0	0.0	0.0	0.0	0.0	0.0	0.0	0.09464415927523318	0.0	0.0	0.0	0.0	0.0
GSM4138114_HNSCC_3_PBMC_ACGGGTCTCTGCCCTA	50.30317277578228	0.0	40.56346741173195	84.07579178334478	75.2255196853899	3.5369440608117073	0.0	0.0	6.231525784055474	0.0	44.8182872521717	0.0	0.0	0.0	0.0	0.0	0.0	0.0	0.0	0.0	0.0
GSM4138114_HNSCC_3_PBMC_ACTTACTGTCATGCAT	46.29460476021216	0.0	8.13361946795803	35.62481166489877	48.13469034707172	0.0	0.0	0.0	91.33688009838093	12.556643003284043	76.36178370404603	0.0	0.5265477488899143	0.0	0.0	0.0	0.0	0.0	0.0	0.0	0.0
GSM4138114_HNSCC_3_PBMC_ACTTGTTAGAGTAAGG	85.04793938729614	5.977509127656844	0.0	42.78460232764554	0.0	0.0	122.76168525044623	25.230310289176508	0.0	91.95959910670561	0.0	0.0	0.0	3.0799119136235915	0.0	0.0	0.0	0.0	0.0	0.0	0.0
GSM4138114_HNSCC_3_PBMC_AGCGTCGCAACTGCGC	95.88286779560791	47.683738727123135	22.634941523839426	28.45465049524911	0.0	50.67463315946157	0.0	0.0	0.0	0.0	0.0	0.0	57.482341597979996	0.0	0.0	0.0	95.47336293886346	0.0	0.0	0.0	0.0
GSM4138114_HNSCC_3_PBMC_AGCTTGAAGGAGCGTT	70.2923393838266	56.859967887740936	0.0	0.0	0.0	75.30642790848694	0.0	0.0	35.67726808493884	59.611717595839934	0.0	0.0	14.141262598177253	0.0	32.736914709594615	0.0	0.0	0.0	0.0	0.0	0.0
GSM4138114_HNSCC_3_PBMC_AGGGATGCATCCGCGA	67.16617972013407	0.0	0.0	74.76617257663047	0.0	76.58170013099803	0.0	0.0	137.11816049460214	0.0	0.0	0.0	0.0	0.0	0.0	0.0	61.30934522857341	0.0	0.0	0.0	0.0
GSM4138114_HNSCC_3_PBMC_AGGTCATAGTTGCAGG	50.78362377851726	124.50958756480905	94.06969344547657	0.0	116.3412030748275	0.0	0.0	73.6319663409387	0.0	0.0	58.674562746612814	27.473877148431406	0.0	0.0	0.0	0.0	0.0	0.0	0.0	0.0	0.0
GSM4138114_HNSCC_3_PBMC_AGGTCCGTCAGCTGGC	56.59447798373169	97.7000326207045	50.138622696107134	0.0	8.182452470899207	0.0	36.1081617087302	0.0	0.0	0.0	0.0	0.0	0.0	20.733402290130822	0.0	0.0	0.0	0.0	0.0	20.255884388725477	0.0
GSM4138114_HNSCC_3_PBMC_AGTGGGATCGATAGAA	48.60719671254153	151.48278807816547	0.0	0.0	0.0	60.05240004644531	26.068621470362835	0.0	70.91624599651512	0.0	0.0	0.0	50.4686378418844	0.0	9.970324900239548	0.0	0.0	0.0	91.03689689970827	0.0	0.0
GSM4138114_HNSCC_3_PBMC_AGTGTCAAGTGTACTC	45.47444734541597	0.0	108.03578637335364	79.76917330051502	0.0	0.0	73.71795099202066	0.0	0.0	0.0	0.0	0.0	0.0	0.0	66.03269639716393	0.0	0.0	0.0	0.0	0.0	0.0
GSM4138114_HNSCC_3_PBMC_ATAGACCAGTGACATA	119.25774493382227	168.87172891373274	124.16725010076206	0.0	114.20159678213592	0.0	0.0	55.13754146153023	0.0	0.0	0.0	0.0	0.0	0.0	0.0	0.0	0.0	0.0	0.0	0.0	0.0
GSM4138114_HNSCC_3_PBMC_ATCACGAGTAAGTTCC	36.871209250963624	0.0	0.0	99.19430260464846	61.90400141782925	0.0	0.0	0.0	95.54858064731039	0.0	0.0	0.0	0.0	0.0	0.0	0.0	37.1186436964843	0.0	0.0	0.0	0.0
GSM4138114_HNSCC_3_PBMC_ATGGGAGTCACGCGGT	94.27119476195514	197.5480130638203	147.20662172196148	0.0	0.0	0.0	57.44420103885275	58.1485362183824	0.0	0.0	8.078733319923696	0.0	0.0	0.0	0.0	44.508540225102465	0.0	0.0	0.0	0.0	0.527382484472112
GSM4138114_HNSCC_3_PBMC_ATTGGACTCTCTTATG	22.043539135267295	91.27664963197725	0.0	0.0	0.0	38.15791966470106	0.0	0.0	0.0	0.0	0.0	0.0	34.71457740051738	0.0	0.0	0.0	0.0	0.0	38.925825153983816	0.0	0.0
GSM4138114_HNSCC_3_PBMC_CAACCTCGTACATCCA	55.11213647091867	68.88164887732245	110.25787895484584	0.0	76.5884816440238	0.0	0.0	0.0	0.0	0.0	0.0	0.0	0.0	0.0	0.0	0.0	106.5424057545951	0.0	0.0	0.0	0.0
GSM4138114_HNSCC_3_PBMC_CAACTAGCACAACGCC	80.75585764521925	103.51023881386303	71.7804267545409	0.0	41.067755622989	0.0	0.0	26.627058605371175	0.0	0.0	0.0	38.09104827265175	0.0	15.338642775169955	0.0	0.0	0.0	0.0	0.0	0.0	0.0
GSM4138114_HNSCC_3_PBMC_CAAGAAATCTATGTGG	58.056926611603835	68.27511915930015	0.0	0.0	41.61913105387925	47.06108426214689	0.0	6.47908471061333	85.09823794135808	0.0	49.33393686230504	0.0	0.0	0.0	0.0	0.0	0.0	0.0	0.0	0.0	0.0
GSM4138114_HNSCC_3_PBMC_CAAGATCCACCAGATT	58.46437065237357	70.16915882292497	85.79229408067829	0.0	6.732974024477635	0.0	85.3409441573357	81.49617957331056	0.0	0.0	0.0	8.178805448410452	0.0	0.0	0.0	0.0	0.0	0.0	0.0	0.0	0.0
GSM4138114_HNSCC_3_PBMC_CAGTAACAGCAACGGT	72.16336948203184	0.0	0.0	85.96862179363059	0.0	0.0	60.13581241171432	0.0	23.796974754987968	0.0	0.0	0.0	47.225536116656706	0.0	44.772992822072275	0.0	0.0	0.0	0.0	0.0	0.0
GSM4138114_HNSCC_3_PBMC_CATATGGCAAGTAGTA	60.33408185857622	175.20387190069673	0.0	0.0	0.0	0.0	99.90419927343167	0.0	141.76968905666337	0.0	31.25767168781915	0.0	0.0	0.0	0.0	0.0	42.57022804792206	0.0	0.0	0.0	0.0
GSM4138114_HNSCC_3_PBMC_CATATGGGTACGAAAT	89.94339532587593	65.11302566256812	4.77934833230957	0.0	77.56069530174493	0.0	0.0	0.0	25.19221440720233	0.0	0.0	0.0	12.735114152771088	0.0	38.48922994091577	0.0	0.0	0.0	38.51347756723663	0.0	0.0
GSM4138114_HNSCC_3_PBMC_CATCCACTCGCATGGC	87.01934834216686	133.58637475538436	120.07394397965909	0.0	4.137415005546534	0.0	106.3275672608686	77.85048423468746	0.0	0.0	0.0	0.0	0.0	6.566447376434764	0.0	0.0	0.0	0.0	0.0	0.0	1.2298658548747932
GSM4138114_HNSCC_3_PBMC_CCAGCGATCACAATGC	61.07506515705129	0.0	9.427182920039233	116.97094306560074	0.3698296876960065	90.92072831995628	0.0	39.0205055892707	0.0	74.18401424871264	0.0	0.0	0.0	28.37313131808783	0.0	0.0	0.0	0.0	0.0	45.377174991750906	0.0
GSM4138114_HNSCC_3_PBMC_CCCATACGTTTGGGCC	130.3534660669685	145.84126304375442	122.3664275402821	13.540885841274608	13.863240409818403	43.285689614922234	0.0	0.0	0.0	0.0	68.69745825427862	25.00302777834199	0.0	0.0	0.0	0.0	0.0	0.0	0.0	0.0	0.0
GSM4138114_HNSCC_3_PBMC_CCGGGATTCAGCTCGG	62.10596942271988	91.11623113600898	11.41223167483499	0.0	0.0	109.03311487132014	0.0	0.0	0.0	0.0	51.94510665094122	0.0	0.0	41.1635206326539	0.0	0.0	0.0	0.0	0.0	0.0	0.0
GSM4138114_HNSCC_3_PBMC_CCGGTAGAGGACAGAA	105.84946314823176	286.5670047877074	208.75265627487695	0.0	98.48920551182377	0.0	85.97592936898008	0.0	0.0	0.0	143.775020732432	0.0	0.0	0.0	0.0	0.0	0.0	0.0	0.0	0.0	0.0
GSM4138114_HNSCC_3_PBMC_CCGGTAGCAGCATGAG	29.42431747576297	0.0	0.0	121.99204081110301	99.65936935621276	0.0	0.0	61.54414129808797	80.61335088709677	0.0	0.0	0.0	0.0	5.902264190490659	0.0	0.0	0.0	0.0	0.0	0.0	0.0
GSM4138114_HNSCC_3_PBMC_CCGTACTCATCGATGT	37.993020101687875	83.27213612912838	115.79744824162745	0.0	0.0	65.17065295886043	0.0	0.0	0.0	0.0	10.563771791636158	0.0	0.0	0.0	0.0	0.0	35.865564055748735	0.0	0.0	0.0	0.0
GSM4138114_HNSCC_3_PBMC_CCTATTAGTCCAAGTT	61.37210521172912	83.15605201890477	60.02491712605507	0.0	30.010311098738818	0.0	0.0	48.11943415715237	0.0	0.0	0.0	0.0	0.0	0.0	0.0	0.0	0.0	0.0	0.0	0.0	0.0
GSM4138114_HNSCC_3_PBMC_CCTTCGAGTGGCTCCA	50.678671120499075	137.08854967712213	0.0	0.0	0.0	0.0	140.44763935995468	0.0	44.31765515636226	0.0	0.0	0.0	0.0	0.0	46.475194702688924	0.0	0.0	0.0	0.0	0.0	0.0
GSM4138114_HNSCC_3_PBMC_CCTTTCTCAAAGGCGT	112.98836873284617	0.0	104.13297967757258	131.5574814409995	62.4744340011395	0.0	5.386049176534449	41.25284578441344	0.0	0.0	0.0	24.80293935006166	0.0	0.0	0.0	0.0	0.0	0.0	0.0	0.0	0.0
GSM4138114_HNSCC_3_PBMC_CGAGAAGAGTGCGTGA	39.40361649707694	16.73789926945895	0.0	36.74575631979785	0.0	19.317026810939826	26.455858329538252	0.0	83.9820097876371	0.0	0.0	30.056740220156765	0.0	0.0	62.84524969783835	0.0	0.0	0.0	0.0	0.0	0.0
GSM4138114_HNSCC_3_PBMC_CGATGTAAGGACTGGT	55.05401811590121	86.45937463690676	67.77541737064851	1.2897482696034537	0.0	0.0	164.71274505852708	0.0	0.0	0.0	46.21868437966282	0.0	0.0	0.0	0.0	0.0	49.042440453945034	0.0	0.0	0.0	0.0
GSM4138114_HNSCC_3_PBMC_CGGACACGTGACCAAG	55.30342825091531	172.87024232650361	0.0	0.0	0.0	87.97897107841801	0.0	0.0	107.07751337114827	0.0	0.0	0.0	0.0	0.0	0.0	0.0	45.61799344892971	0.0	0.0	23.103038292777537	0.0
GSM4138114_HNSCC_3_PBMC_CGGACTGGTTCTGTTT	26.585430823019646	10.26478208572891	0.0	56.056890170181354	128.22758069099598	0.0	0.0	62.24382942620649	37.52384496306299	0.0	0.0	0.0	0.0	50.96862070820329	0.0	0.0	0.0	0.0	0.0	0.0	0.0
GSM4138114_HNSCC_3_PBMC_CGGGTCACATCTATGG	32.93834069615155	61.35588512484347	4.786369275751318	0.0	0.0	0.0	0.0	45.871419303781096	0.0	0.0	0.0	0.0	0.0	53.70571485207833	0.0	49.00758567413839	0.0	19.14604613599063	0.0	0.0	0.0
GSM4138114_HNSCC_3_PBMC_CGTGTCTTCATGCTCC	44.91653207210817	138.73795411388875	0.0	0.0	0.0	64.54528667461305	35.70351521584711	0.0	100.11584678198803	0.0	0.0	0.0	0.0	0.0	0.0	0.0	16.60692415137344	0.0	91.98208735249507	0.0	0.0
GSM4138114_HNSCC_3_PBMC_CTAACTTGTGGCAAAC	39.75619700730307	134.64865776898634	125.79642499860215	0.0	0.0	84.53102568666088	0.0	72.96673547122873	0.0	50.68175751752755	0.0	0.0	0.0	0.0	0.0	0.0	0.0	0.0	0.0	0.0	0.0
GSM4138114_HNSCC_3_PBMC_CTAACTTTCAGCTGGC	214.39643546880555	69.22656879285259	0.0	0.0	0.0	0.0	99.96514403333458	86.95622273986531	0.0	0.0	0.0	0.0	0.0	89.86962227444502	0.0	0.0	0.0	0.0	0.0	0.0	0.0
GSM4138114_HNSCC_3_PBMC_CTCGAAACAAGGACAC	75.98335404912638	161.1232678151314	74.751357824388	0.0	0.0	109.12078895414727	0.0	112.37430175814116	55.52415589893145	0.0	0.0	0.0	0.0	0.0	0.0	0.0	0.0	0.0	0.0	0.0	0.0
GSM4138114_HNSCC_3_PBMC_CTCTACGAGTGCGTGA	48.28338939337449	88.47255775459226	50.49461289432977	0.0	0.0	0.0	0.0	52.59367319009109	0.0	0.0	0.0	0.0	0.0	0.0	0.0	64.2882433859186	0.0	0.0	0.0	0.0	0.0
GSM4138114_HNSCC_3_PBMC_CTGAAGTAGAAACCGC	49.127214474192776	112.01361789357624	0.0	0.0	0.0	0.0	45.66856980504361	0.0	38.278497603133815	0.0	0.0	0.0	30.319412956269	0.0	0.0	5.7169864667456975	0.0	0.0	99.33188700441677	0.0	0.0
GSM4138114_HNSCC_3_PBMC_CTGAAGTCACTAAGTC	39.131767576079866	94.34156623947527	112.42230706728287	0.0	100.20431745585044	0.0	0.0	35.7957178055075	0.0	0.0	17.726791730294472	5.247412756626985	0.0	0.0	0.0	4.5129575066367265	0.0	0.0	0.0	0.0	0.0
GSM4138114_HNSCC_3_PBMC_CTGTTTACACAACGTT	69.77860619270183	26.056132645299247	0.0	52.104926187703526	0.0	0.0	67.51713749996657	0.0	0.0	32.07843339102288	46.275868785448296	0.0	0.0	0.0	0.0	27.34595631536241	0.0	0.0	0.0	0.0	0.0
GSM4138114_HNSCC_3_PBMC_GAACGGATCAGGTTCA	36.7512637651755	109.37403559031763	0.0	0.0	36.46657478787613	15.238348756937222	2.9206795219001136	0.0	119.867709592552	0.0	0.0	0.0	0.0	0.0	0.0	0.0	0.0	0.0	51.96825717705721	0.0	0.0
GSM4138114_HNSCC_3_PBMC_GACCTGGCAAGACACG	85.5307782230205	125.50900245054603	148.15864511813723	0.0	1.189211689515614	0.0	0.0	0.0	0.0	0.0	68.63045395298836	100.98073486256385	0.0	21.282814580554195	0.0	0.0	0.0	0.0	0.0	0.0	0.0
GSM4138114_HNSCC_3_PBMC_GACGCGTAGTTAGGTA	26.640417055595776	105.40282719566008	153.3671688199514	0.0	0.0	86.94050528191949	0.0	45.310427536448515	0.0	0.0	0.0	0.0	0.0	0.0	6.133270296263546	0.0	15.583000134080542	0.0	0.0	0.0	0.0
GSM4138114_HNSCC_3_PBMC_GACTACAAGCGTTCCG	127.76029962609074	149.28318467898558	129.0685490455236	0.0	0.0	123.1317412530238	0.0	0.0	0.0	0.0	152.12820903891117	0.0	22.14329852931094	0.0	0.0	0.0	0.0	0.0	0.0	0.0	0.0
GSM4138114_HNSCC_3_PBMC_GCACATAGTTGTCGCG	55.71827278493442	0.0	0.0	109.974398939254	0.0	0.0	122.29866338352059	43.03521849282251	0.0	0.0	0.0	0.0	132.18452588308037	0.0	0.0	0.0	0.0	47.35269800321919	0.0	0.0	0.0
GSM4138114_HNSCC_3_PBMC_GCATACAGTCAGATAA	36.978043453677266	4.442647740588407	162.16780886956914	23.143129963816417	0.0	0.0	10.052997814959264	0.0	0.0	0.0	0.0	36.72676476892997	0.0	0.0	68.35271434529722	0.0	0.0	0.0	0.0	0.0	16.470021674189272
GSM4138114_HNSCC_3_PBMC_GCATGTAGTATGAAAC	63.3057140281302	48.38266195285847	80.97311624917884	0.0	0.0	0.0	52.14292258883159	0.0	0.0	0.0	53.55188186857435	0.0	0.0	0.0	0.0	0.0	0.0	0.0	0.0	0.0	0.0
GSM4138114_HNSCC_3_PBMC_GCCAAATGTCCTAGCG	87.43080209374381	15.845873297106847	10.658078532380998	100.39311298600506	49.7617858243584	0.0	0.0	2.8852279685070474	47.612885643570166	0.0	81.88638615165894	0.0	0.0	0.0	0.0	0.0	0.0	0.0	0.0	0.0	0.0
GSM4138114_HNSCC_3_PBMC_GCGCAGTAGTTGTAGA	57.50615979636658	145.376751892667	49.34268232259989	1.5737114485218553	7.678633794425499	0.0	66.1708705650949	10.70549246788683	0.0	0.0	0.0	0.0	0.0	12.953460382356658	0.0	0.0	0.0	90.99574100302303	0.0	0.0	0.0
GSM4138114_HNSCC_3_PBMC_GGAAAGCCATGGTTGT	37.44298823427592	108.67449236238838	77.02600473623144	0.0	69.99432692505506	0.0	40.180389066238185	0.0	4.571611757529007	0.0	0.0	0.0	0.0	0.0	0.0	0.0	0.0	61.62278333785468	0.0	0.0	0.0
GSM4138114_HNSCC_3_PBMC_GGAAAGCTCACAACGT	53.339355450994304	76.58667259443301	176.832389796427	0.0	55.282357712030034	0.0	91.4309884121956	0.0	0.0	0.0	40.021880933484084	0.0	0.0	0.0	0.0	0.0	0.0	0.0	0.0	0.0	0.0
GSM4138114_HNSCC_3_PBMC_GGACAAGTCGCCGTGA	93.44458782529206	207.46390926629147	0.0	0.0	0.0	0.0	134.2614719243926	0.0	0.0	0.0	111.03159864302128	26.221606167192196	0.0	188.91298493086387	0.0	0.0	0.0	6.704298852337662	0.0	0.0	0.0
GSM4138114_HNSCC_3_PBMC_GGACGTCTCGACGGAA	71.04270672064187	108.1589037589002	0.0	0.0	0.0	0.0	59.11367354350428	38.39076938585187	0.0	99.32833721512758	0.0	0.0	0.0	0.0	0.0	0.0	0.0	0.0	0.0	0.0	0.0
GSM4138114_HNSCC_3_PBMC_GGATTACTCCACGCAG	39.81304877790309	0.0	0.0	144.06324135013193	46.00650471107699	0.0	0.0	0.0	57.06553317268187	0.0	0.0	71.52986265101023	38.68843086594313	0.0	103.85591721995027	0.0	0.0	0.0	0.0	0.0	0.0
GSM4138114_HNSCC_3_PBMC_GGGAATGGTCAAGCGA	59.478075696317404	78.99533326548212	13.194442429791492	0.0	75.78958770043154	0.0	0.0	88.09657152130866	14.074080287674203	0.0	0.0	0.0	39.554348614629625	0.0	0.0	0.0	0.0	0.0	0.0	0.0	0.0
GSM4138114_HNSCC_3_PBMC_GTACGTAGTAACGCGA	82.98178583713866	62.26382602761162	93.42986052482074	54.6931298646193	0.0	0.0	0.0	0.0	0.0	0.0	82.23659250415282	0.0	56.812080851888624	0.0	9.147124280898973	80.45725401993684	0.0	0.0	4.882141161757163	0.0	0.0
GSM4138114_HNSCC_3_PBMC_GTATTCTAGGCTAGGT	69.60287133252221	80.20564617455292	21.181065398861396	0.0	0.0	74.64325611709008	0.0	0.0	49.99824691527773	0.0	46.62710383159193	0.0	131.71584328131624	0.0	0.0	0.0	0.0	0.0	0.0	0.0	0.0
GSM4138114_HNSCC_3_PBMC_GTATTCTGTGCTAGCC	111.15137281001486	77.26748384093045	0.0	0.0	64.15084640381545	0.0	0.0	0.0	52.141451548221916	0.0	0.0	0.0	0.0	0.0	100.56152973808042	0.0	0.0	0.0	0.0	0.0	0.0
GSM4138114_HNSCC_3_PBMC_GTGCAGCTCTAAGCCA	29.01385964695221	108.7908443522232	0.0	0.0	58.57593758551263	1.4746631276050333	0.0	0.0	66.44619794642881	0.0	0.0	0.0	0.0	0.0	0.0	0.0	45.04626927428083	0.0	0.0	0.0	0.0
GSM4138114_HNSCC_3_PBMC_GTGCGGTGTGTGTGCC	102.59340188316739	90.51995413097022	0.0	0.0	0.0	0.0	0.0	54.00721923808257	0.0	95.16904452336708	0.0	66.09570639261591	0.0	0.0	0.0	0.0	0.0	0.0	0.0	0.0	0.0
GSM4138114_HNSCC_3_PBMC_GTGCTTCTCCTAGGGC	43.00428637144869	0.0	0.0	78.86674154332036	66.02346150016385	0.0	0.0	0.0	64.48158965316101	0.0	0.0	0.0	0.0	26.585549265116786	85.04553671924015	0.0	0.0	0.0	0.0	0.0	0.0
GSM4138114_HNSCC_3_PBMC_GTTAAGCGTCTCCATC	43.678605298605156	3.5713107419526513	117.03444473030808	72.95937313498054	53.3702784461829	0.0	15.547777613325684	0.0	0.0	0.0	54.03826722275746	42.28517291028027	0.0	0.0	0.0	0.0	0.0	0.0	0.0	0.0	0.0
GSM4138114_HNSCC_3_PBMC_GTTAAGCTCTGCCCTA	44.59612813362874	68.00668519942143	0.0	25.850780108130728	0.0	20.897670711698495	0.0	0.0	118.38607255255411	27.722645861180684	0.0	62.46734752309339	0.0	0.0	85.9740071841616	0.0	0.0	0.0	0.0	0.0	0.0
GSM4138114_HNSCC_3_PBMC_GTTCGGGGTTAGTGGG	88.2872193373601	63.612740493417554	94.16731300214435	102.66370067348623	0.0	0.0	0.0	0.0	0.0	0.0	73.77638481373049	140.50296223207278	0.0	0.0	0.0	0.0	0.0	0.0	0.0	0.0	0.0
GSM4138114_HNSCC_3_PBMC_GTTCTCGGTGGCGAAT	19.91010116725749	117.46995448640415	41.24857764913287	0.0	61.707099922134184	0.0	0.0	12.047383904996073	0.0	0.0	0.0	0.0	41.01530352274445	0.0	0.0	0.0	22.441507773393834	0.0	5.598744393478348	0.0	0.0
GSM4138114_HNSCC_3_PBMC_TACACGAAGTACCGGA	29.549204555778612	121.63370881065427	0.0	0.0	0.0	24.60339313755246	49.71455142882989	0.0	0.0	0.0	19.79055365682926	0.0	0.0	75.99214351928771	0.0	0.0	0.0	31.695498883329716	0.0	0.0	0.0
GSM4138114_HNSCC_3_PBMC_TATCTCAAGGCGTACA	70.0486869585645	66.12186571495305	0.0	0.0	0.0	0.0	73.30406047518767	60.21648886103792	0.0	0.0	0.0	0.0	0.0	182.5584931901895	0.0	0.0	0.0	0.0	0.0	0.0	0.0
GSM4138114_HNSCC_3_PBMC_TATCTCAGTACTCAAC	94.24423917372631	56.08490478596535	59.430861473432316	0.0	80.79249628477653	0.0	0.0	0.0	0.0	0.0	10.337216811577715	0.0	0.0	0.0	0.0	0.0	0.0	77.04370779591731	0.0	0.0	0.0
GSM4138114_HNSCC_3_PBMC_TATGCCCCATGCCTTC	79.78227443872578	75.9622528729414	59.502112685283535	0.0	49.14460601854326	74.96787860793819	0.0	65.88287063323438	56.32122269982486	0.0	0.0	0.0	0.0	0.0	0.0	0.0	29.92232953579219	0.0	0.0	0.0	0.0
GSM4138114_HNSCC_3_PBMC_TCACAAGCAAGCGATG	35.30379740194184	149.92777228685495	0.0	0.0	19.735573007553757	9.067294079238293	56.59580622044924	0.0	0.0	0.0	0.0	0.0	0.0	35.236361268001275	0.0	0.0	0.0	36.137712100416536	0.0	0.0	0.0
GSM4138114_HNSCC_3_PBMC_TCAGCTCCACATTTCT	83.95853021781649	98.79863103851164	20.354457446299033	0.0	0.0	0.0	78.94068435422115	22.19634121769169	80.10018872570731	0.0	0.0	0.0	0.0	0.0	0.0	0.0	0.0	0.0	0.0	0.0	50.916995943217884
GSM4138114_HNSCC_3_PBMC_TCAGGATCACCGAAAG	38.13907265019501	118.08210677067186	80.37396324051377	0.0	0.0	68.08075522027843	0.0	2.5577198618259303	0.0	0.0	0.0	57.26394620785193	0.0	0.0	0.0	0.0	25.3753410641426	0.0	0.0	0.0	0.0
GSM4138114_HNSCC_3_PBMC_TCATTTGGTTGGACCC	67.59713011505954	0.0	0.0	66.71828591702496	0.0	0.0	0.0	0.0	27.08755056829473	36.817403393842184	15.091337676382283	60.305537589851234	0.0	0.0	0.0	0.0	0.0	0.0	0.0	0.0	6.056794407611224
GSM4138114_HNSCC_3_PBMC_TCGCGTTCAGATCGGA	59.46748053793097	72.98013540793724	128.99361513938743	65.84848866673342	0.0	0.0	0.0	0.0	9.604095286040197	0.0	48.88822885013061	41.32885358801808	0.0	0.0	0.0	55.70781517399236	0.0	7.503315143673026	0.0	0.0	0.0
GSM4138114_HNSCC_3_PBMC_TCGTACCGTCCTAGCG	120.63927409337555	124.71831701672797	27.228744087371254	0.0	0.0	122.15593146324883	0.0	0.0	99.3806773574075	0.0	51.664545793702494	0.0	0.0	0.0	0.0	0.0	0.0	0.0	0.0	0.0	0.0
GSM4138114_HNSCC_3_PBMC_TCTCTAAGTGATGTCT	75.68891796873498	62.13565007211992	0.0	0.0	23.3229786923699	11.445437556183679	0.0	0.0	0.0	0.0	0.0	0.0	0.0	100.49230131146777	0.0	0.0	53.456879771075066	0.0	0.0	12.249627638325128	0.0
GSM4138114_HNSCC_3_PBMC_TCTCTAATCCTGTACC	30.805496565623006	93.47954896295724	113.08087420707203	0.0	58.36468638209996	0.0	0.0	0.0	0.0	0.0	72.27960630042163	0.0	0.0	0.0	0.0	0.0	0.0	0.0	5.076491915668093	0.0	0.0
GSM4138114_HNSCC_3_PBMC_TCTGGAAAGAGTGACC	195.33695012366044	0.0	111.90007798779298	74.52416764580258	0.0	0.0	0.0	0.0	0.0	0.0	0.0	83.75891368154711	0.0	9.647277570434976	0.0	0.0	0.0	54.2580788252689	0.0	0.0	48.505114042142054
GSM4138114_HNSCC_3_PBMC_TCTTTCCGTCCGCTGA	55.224065189150096	60.174822301286056	0.0	0.0	0.0	0.0	0.0	55.881737041934414	0.0	16.20992253383924	0.0	44.27579630066793	98.4454810302329	0.0	0.0	0.0	0.0	0.0	0.0	0.0	0.0
GSM4138114_HNSCC_3_PBMC_TGAAAGACAGACAAAT	126.46709234352512	77.3457317546151	0.0	0.0	0.0	95.06793842293158	0.0	0.0	0.0	28.5447812256909	0.0	0.0	76.91719395997129	0.0	0.0	0.0	23.833975795320082	0.0	0.0	20.680197046819824	0.0
GSM4138114_HNSCC_3_PBMC_TGACGGCGTAAGGGCT	24.917548521637677	109.5902777075959	100.16173088671259	0.0	0.0	0.0	0.0	0.0	0.0	0.0	0.0	90.24091129600316	0.0	29.152467352672595	62.54533723438816	0.0	0.0	0.0	0.0	0.0	0.0
GSM4138114_HNSCC_3_PBMC_TGCTGCTCAACGCACC	77.85966852126639	0.0	93.50676371727005	95.25058520753359	0.0	0.0	56.3624613678121	38.68652489189271	0.0	0.0	26.650342925509918	0.0	0.0	0.0	0.0	0.0	0.0	0.0	0.0	0.0	0.0
GSM4138114_HNSCC_3_PBMC_TGTATTCTCCCTAACC	80.92582938366266	64.82981333042275	64.51393888498706	0.0	0.0	0.0	83.33212580332845	0.0	0.0	0.0	16.699174847942913	0.0	0.0	0.0	0.0	0.0	0.0	0.0	0.0	0.0	43.68447660536312
GSM4138114_HNSCC_3_PBMC_TTAACTCTCCTGCTTG	54.912151305873266	134.89010244727965	86.55479529630149	0.0	0.0	85.03802767932562	0.0	0.0	0.0	0.0	81.96907285552354	0.0	0.0	0.0	0.0	0.0	0.0	0.0	0.0	0.0	0.0
GSM4138114_HNSCC_3_PBMC_TTCTCCTTCTTGTATC	128.08829009893685	118.12626686145644	0.0	0.0	0.0	0.0	112.20683064256455	95.98501001794457	190.8063620822741	0.0	0.0	0.0	0.0	0.0	0.0	0.0	0.0	0.0	0.0	0.0	0.0
GSM4138114_HNSCC_3_PBMC_TTGGCAACAGATCCAT	71.0155239516212	1.111621740423861	0.0	59.98230812402769	0.0	136.80505293126913	0.0	0.0	30.79081468181711	0.0	46.34789056193978	0.0	0.0	0.0	0.0	0.0	0.0	0.0	0.0	0.0	16.37879313334965
GSM4138114_HNSCC_3_PBMC_AAACCTGCACCAGCAC	133.96991587898626	142.51898139992673	90.72496576591017	0.0	261.7620301009565	0.0	133.830436862003	0.0	0.0	0.0	86.58588450946976	0.0	0.0	9.911219583819738	0.0	0.0	18.138663632536847	0.0	0.0	1.1337428650254824	0.0
GSM4138114_HNSCC_3_PBMC_AATCCAGCATAAGACA	189.13284777677978	166.5274801763152	226.1179168028948	0.0	254.71002834559977	0.0	0.0	0.0	0.0	0.0	138.54040325186836	0.0	0.0	0.0	0.0	0.0	0.0	0.0	0.0	0.0	0.0
GSM4138114_HNSCC_3_PBMC_ACCGTAAGTCTTCGTC	0.0	0.0	0.0	0.0	394.2025547271139	0.0	0.0	0.0	0.0	0.0	0.0	2503.9920439095367	0.0	0.0	0.0	0.0	0.0	0.0	0.0	0.0	0.0
GSM4138114_HNSCC_3_PBMC_ACGGAGACATGGGACA	114.94603677754657	150.08662665658574	116.25928718362452	0.0	147.06135734100144	0.0	0.0	141.80661172539794	0.0	0.0	0.0	0.0	0.0	0.0	0.0	0.0	0.0	0.0	0.0	0.0	16.185586272505706
GSM4138114_HNSCC_3_PBMC_ACGGGCTTCTTGCAAG	186.47798721053405	0.0	0.0	125.6487731087609	104.74904114721028	0.0	0.0	107.20417637641555	0.0	155.0764088617542	0.0	34.83455086601946	0.0	0.0	0.0	111.09722011770955	0.0	0.0	0.0	2.1419319694806522	0.0
GSM4138114_HNSCC_3_PBMC_ACTTACTGTTGGTAAA	3050.0395108199295	0.0	0.0	0.0	0.0	0.0	0.0	0.0	0.0	0.0	0.0	0.0	0.0	0.0	0.0	0.0	0.0	0.0	0.0	0.0	0.0
GSM4138114_HNSCC_3_PBMC_ACTTTCACATTCTTAC	260.22142644068754	0.0	150.3554418303674	153.07968168896056	0.0	0.0	0.0	76.79792660529903	0.0	0.0	0.0	200.7427482701897	0.0	0.0	0.0	0.0	0.0	0.0	25.98164338299999	0.0	0.0
GSM4138114_HNSCC_3_PBMC_AGACGTTGTCGGCATC	128.74901650437957	147.11323614734954	12.280293686521894	0.0	0.0	22.38815792910095	0.0	0.0	0.0	124.07934764897347	10.445853828095387	154.95704575613578	0.0	0.0	0.0	29.21117812742745	0.0	65.48493960631463	0.0	0.0	0.0
GSM4138114_HNSCC_3_PBMC_AGAGTGGCACCTCGGA	219.2172216859241	292.29765837513145	36.461981580131294	0.0	306.7365737571717	0.0	0.0	89.54217327762775	16.04323449284317	128.0597629727118	33.00814300399319	0.0	0.0	0.0	0.0	0.0	0.0	0.0	63.301136167101916	0.0	0.0
GSM4138114_HNSCC_3_PBMC_AGGGTGAGTGCACTTA	126.29448452687053	185.63019618418596	0.6643017973027312	0.0	0.0	0.0	224.32864297486498	11.303091947634993	7.46760334065902	130.78688721249958	0.0	0.0	0.0	0.0	97.54960392214538	7.432749199934141	0.0	0.0	0.0	0.0	0.0
GSM4138114_HNSCC_3_PBMC_AGTAGTCCATAGACTC	88.8925904165065	62.81541829335672	94.86980982256692	14.599773573656403	140.37914195424042	1.9710108909234363	0.0	82.30191105881329	0.0	0.0	0.0	0.0	0.0	0.0	0.0	0.0	0.0	0.0	0.0	0.0	0.0
GSM4138114_HNSCC_3_PBMC_ATAAGAGGTATTCGTG	223.2123634955608	213.4506253563967	117.27683978414782	0.0	0.0	188.24036836949816	0.0	0.0	0.0	0.0	109.44802364257357	47.0910088993938	24.414462507820268	0.0	0.0	9.7828104564739	28.645202132155603	0.0	0.0	0.0	0.0
GSM4138114_HNSCC_3_PBMC_ATGCGATTCGTGACAT	215.01369406389458	193.72340354639908	269.31183468516133	0.0	0.0	277.63474095002204	0.0	0.0	0.0	0.0	0.0	0.0	0.0	0.0	0.0	0.0	271.34160525992985	0.0	0.0	0.0	0.0
GSM4138114_HNSCC_3_PBMC_ATTTCTGAGTAGATGT	269.67621198405834	148.0591292386099	0.0	0.0	141.26989959168372	0.0	0.0	194.01732354891857	0.0	27.505734373458562	0.0	74.99726364084633	0.0	77.16830499838106	0.0	76.3934847128564	0.0	0.0	0.0	0.0	0.0
GSM4138114_HNSCC_3_PBMC_ATTTCTGTCGTAGGAG	97.55221396286296	0.0	0.0	73.21512842744364	0.0	71.00307303072685	0.0	0.0	0.0	76.47611330359443	54.868423268138756	0.0	0.0	0.0	0.0	0.0	0.0	0.0	0.0	0.0	0.0
GSM4138114_HNSCC_3_PBMC_CAAGAAACATGGAATA	195.26961219844628	133.311254744489	126.87223060810513	59.233733855124726	163.649935257459	0.0	0.0	163.73238479872225	6.559500902761151	0.0	0.0	0.0	0.0	28.595137901297687	0.0	170.48632292191996	0.0	0.0	0.0	0.0	0.0
GSM4138114_HNSCC_3_PBMC_CACAGTAGTGATAAGT	233.5908587796931	0.0	149.50285164399205	177.26122712832534	85.8471964061262	0.0	0.0	96.84122292498036	0.0	0.0	0.0	117.47390804372955	0.0	0.0	0.0	0.0	0.0	0.0	0.0	0.0	0.0
GSM4138114_HNSCC_3_PBMC_CAGTAACAGTACGCGA	232.03790886625927	191.2286057451281	257.6953093112022	0.0	246.31650534024055	0.0	0.0	72.62503294431976	0.0	0.0	78.45536322073944	0.0	0.0	0.0	0.0	0.0	0.0	0.0	0.0	0.0	0.0
GSM4138114_HNSCC_3_PBMC_CATCGAAGTAGCGCTC	219.23572312061881	0.0	0.0	172.17580810583223	0.0	219.71453891029023	0.0	0.0	120.10637433099133	0.0	0.0	0.0	0.0	0.0	124.30652195368896	0.0	0.0	0.0	0.0	0.0	0.0
GSM4138114_HNSCC_3_PBMC_CATGGCGCACTACAGT	143.52907161029935	138.3391071031628	50.51252620660707	0.0	175.27220851931014	36.32423404507283	0.0	32.29753242761388	38.5931770304128	0.0	0.0	0.0	168.93621818160833	0.0	0.0	0.0	0.0	0.0	74.72926578301698	0.0	0.0
GSM4138114_HNSCC_3_PBMC_CCTATTAGTAGCCTCG	177.05969119627537	116.13986352617404	0.0	44.11438525595067	83.43405722221695	81.29850564910484	0.0	126.792115645574	0.0	182.32210971799262	0.0	0.0	0.0	0.0	0.0	43.196350969130286	0.0	0.0	0.0	0.0	45.90229930603407
GSM4138114_HNSCC_3_PBMC_CCTTCCCTCAGCATGT	147.8869843288214	0.0	0.0	231.78956961581014	0.0	143.09220823537743	0.0	0.0	117.69304671043314	0.0	0.0	108.80963400185027	0.0	32.992376332789405	0.0	0.0	60.174266724899745	18.89754414241534	0.0	42.115590996360325	0.0
GSM4138114_HNSCC_3_PBMC_CGGACGTCATCGGACC	152.06357404621087	160.93398165042274	0.0	0.0	229.45537627684146	0.0	0.0	150.93470878798846	0.0	1.6549810960454725	0.0	0.0	0.0	127.31604197723092	0.0	0.0	0.0	0.0	0.0	0.0	0.0
GSM4138114_HNSCC_3_PBMC_CGGACTGTCACGACTA	194.78763792282572	0.0	83.70403663923318	146.15535282211542	0.0	0.0	0.0	99.72032193426523	0.0	0.0	0.0	63.97217822864156	0.0	55.04682497746509	0.0	123.09014541088071	0.0	0.0	0.0	0.0	0.0
GSM4138114_HNSCC_3_PBMC_CGTAGGCAGTAAGTAC	123.49039027589363	182.82323132861575	104.19605976236826	0.0	185.52499907046962	0.0	0.0	98.42260994892717	0.0	0.0	0.0	0.0	0.0	49.859814319689626	0.0	0.0	0.0	0.0	0.0	0.0	0.0
GSM4138114_HNSCC_3_PBMC_CGTGAGCAGAAGGGTA	173.98675216928007	49.458938681835086	9.537538458873765	95.05995504293764	82.56414351999442	168.80102628110959	0.0	129.0183199497463	120.27292427161399	0.0	0.0	0.0	0.0	130.50450192834163	0.0	0.0	0.0	0.0	0.0	0.0	0.0
GSM4138114_HNSCC_3_PBMC_CGTTGGGGTGATAAGT	168.04567413348425	70.77474336150071	0.0	0.0	0.0	0.0	0.0	120.01110251669235	99.50256579826005	0.0	0.0	210.41187128574475	0.0	0.0	0.0	40.18629240062839	0.0	0.0	0.0	0.0	0.0
GSM4138114_HNSCC_3_PBMC_CTAACTTCATACAGCT	448.4046109069555	282.63670195757754	432.28224685834715	0.0	0.0	0.0	325.5413921132547	102.84168433197728	0.0	0.0	104.63442935786635	0.0	0.0	0.0	0.0	0.0	0.0	0.0	66.54163958805512	0.0	0.0
GSM4138114_HNSCC_3_PBMC_CTACATTCAGTCAGCC	204.55741871612412	89.22367792269567	139.63021861224686	0.0	197.9566173265456	0.0	0.0	53.529398430168825	0.0	0.0	1.9426721444865216	0.0	0.0	0.0	0.0	0.0	0.0	0.0	0.0	0.0	0.0
GSM4138114_HNSCC_3_PBMC_CTAGTGATCTTTCCTC	211.47203081116743	121.83510087002574	0.0	0.0	258.59225244824984	0.0	0.0	0.0	0.0	150.98710066777696	26.487541861841656	41.682465389580756	0.0	0.0	0.0	0.0	142.0107762119432	0.0	0.0	0.0	0.0
GSM4138114_HNSCC_3_PBMC_CTCGGGAAGAAGCCCA	185.32126087075284	207.81562389370956	124.57726417602383	0.0	189.29214277288568	0.0	25.818580741650816	188.73489050050887	0.0	0.0	0.0	0.0	0.0	0.0	0.0	33.9335908176956	0.0	0.0	0.0	0.0	0.0
GSM4138114_HNSCC_3_PBMC_CTCTACGAGTGAACGC	130.06166652734055	144.7261403765142	0.0	0.0	179.58481485981366	29.070336071104563	0.0	109.16390300244781	150.24211604924312	0.0	0.0	0.0	0.0	0.0	0.0	0.0	0.0	35.34989534745999	0.0	0.0	0.0
GSM4138114_HNSCC_3_PBMC_CTGTGCTCATGCTAGT	95.49073871660642	92.22170664942949	0.0	21.045529771799558	0.0	126.63741544864348	0.0	0.0	0.0	146.57446761901173	0.0	0.0	0.0	0.0	0.0	0.0	0.0	0.0	0.0	79.11067679754206	0.0
GSM4138114_HNSCC_3_PBMC_CTGTTTAAGAAACGAG	81.1008172236352	10.030984912591896	9.62442471997364	77.9377152774017	0.0	0.0	0.0	79.04026710678077	0.0	0.0	0.0	0.0	0.0	73.05509092711166	0.0	102.99207483293009	0.0	0.0	0.0	0.0	0.0
GSM4138114_HNSCC_3_PBMC_GACCTGGAGGATGGAA	96.09622277547886	141.8902018592439	0.0	0.0	0.0	0.0	0.0	119.38321678987194	0.0	0.0	0.0	323.8973385307464	120.7697761661631	0.0	0.0	0.0	0.0	0.0	0.0	0.0	0.0
GSM4138114_HNSCC_3_PBMC_GATGAGGAGACGCACA	192.92609489210204	142.29759747233803	0.0	5.886024018697391	0.0	26.378530511057765	0.0	0.3660084792963234	89.43988013532426	103.5836854283054	0.0	45.343057863274	0.0	0.0	84.5269633224162	106.20350835209662	0.0	0.8871226551736718	0.0	31.5121915820089	0.0
GSM4138114_HNSCC_3_PBMC_GATGCTATCTATCCCG	157.84579461081861	93.083772555573	0.0	93.28398162751789	258.24663994082727	0.0	0.0	110.03520619238535	0.0	233.05884499205243	0.0	0.0	0.0	0.0	33.99942044623244	0.0	0.0	0.0	0.0	0.0	0.0
GSM4138114_HNSCC_3_PBMC_GATTCAGCATAACCTG	167.2788950579976	0.0	43.23039754025185	145.6911468465257	0.0	166.39189035446955	0.0	0.0	0.0	51.43214709664711	0.0	0.0	57.9592235824522	0.0	0.0	0.0	101.02365680254348	0.0	0.0	0.0	0.0
GSM4138114_HNSCC_3_PBMC_GCCTCTATCTGACCTC	193.00212047615028	68.85919955049592	48.79428032708135	0.0	268.58092722099104	0.0	0.0	94.62497690464193	3.4313439016226206	0.0	0.0	0.0	81.73898764131258	0.0	0.0	0.0	0.0	0.0	0.0	0.0	0.0
GSM4138114_HNSCC_3_PBMC_GCGCGATAGCGTAGTG	197.4119645165289	0.0	0.0	180.56610815789523	0.0	119.94252804400408	0.0	141.98312275675156	159.46528079767083	0.0	0.0	108.55738569969012	0.0	40.00067250772162	0.0	0.0	0.0	0.0	0.0	3.335144337730997	0.0
GSM4138114_HNSCC_3_PBMC_GCTTCCATCAGAGACG	161.11446280351763	138.15794415872958	0.0	0.0	270.93139909799675	0.0	0.0	60.15056603220005	0.0	135.60813344774184	92.14542268086176	0.0	0.0	0.0	0.0	0.0	0.0	0.0	0.0	0.0	0.0
GSM4138114_HNSCC_3_PBMC_GCTTGAAAGATCACGG	120.62451658524326	127.59360127049048	0.0	0.0	280.1801751994477	0.0	0.0	0.0	0.0	139.37322835438644	4.077469735501632	0.0	0.0	24.32701071569326	0.0	0.0	0.0	81.81881713162524	0.0	0.0	0.0
GSM4138114_HNSCC_3_PBMC_GGAAAGCCACAGTCGC	193.82435257192992	121.13274662908711	0.0	0.0	329.08531883016457	0.0	0.0	0.0	130.48526831566082	0.0	0.0	0.0	0.0	0.0	56.71628883942917	0.0	0.0	0.0	40.891588216973155	0.0	54.06190149655226
GSM4138114_HNSCC_3_PBMC_GGTGTTAGTTATGTGC	113.90173653746352	47.287575647889234	0.0	67.6417675714685	195.25370059571415	0.0	0.0	91.47032119667345	117.25164732214357	0.0	0.0	0.0	0.0	0.0	0.0	0.0	0.0	0.0	0.0	0.0	0.0
GSM4138114_HNSCC_3_PBMC_GTATCTTCATTACCTT	184.3859510532311	0.0	0.0	205.04286201801645	247.6821345774848	0.0	0.0	120.83533834590827	0.0	91.23226409547682	0.0	53.03875716934234	0.0	68.20250717172733	0.0	0.0	0.0	0.0	0.0	0.0	0.0
GSM4138114_HNSCC_3_PBMC_GTCACAAAGCTGCCCA	190.7320281977122	0.0	0.0	145.26285766602896	238.9989518740404	0.0	0.0	117.24033019038961	0.0	0.0	0.0	0.0	0.0	199.7758595760384	0.0	14.087786664076468	0.0	2.113253806980605	0.0	0.0	0.0
GSM4138114_HNSCC_3_PBMC_GTCATTTTCCTCTAGC	154.61723009566182	0.0	180.02185990536196	99.23291189559991	88.94101650762374	0.0	0.0	0.0	0.0	0.0	120.01031318287095	170.46051024977382	0.0	0.0	0.0	0.0	0.0	0.0	0.0	0.0	0.0
GSM4138114_HNSCC_3_PBMC_GTGTTAGGTGTATGGG	198.6618997686319	0.0	0.0	70.36246884879475	0.0	0.0	82.6710494887868	121.20587768513657	0.0	87.3315740798442	0.0	0.0	0.0	0.0	0.0	102.81722724281221	0.0	0.0	0.0	0.0	0.0
GSM4138114_HNSCC_3_PBMC_GTTCATTCATCACGAT	169.63300121113872	128.4494696004064	0.0	0.0	0.0	228.40637011289147	0.0	0.0	0.0	148.6520240789045	0.0	0.0	0.0	0.0	0.0	0.0	0.0	161.88220871954252	0.0	0.0	0.0
GSM4138114_HNSCC_3_PBMC_GTTTCTAGTGGTTTCA	132.02284059047315	120.82080145442238	0.0	0.0	175.64761983562315	0.0	0.0	0.0	127.55696087425883	0.0	0.0	96.91491643714224	0.0	21.172246244155268	88.22745102710674	0.0	0.0	0.0	0.0	0.0	0.0
GSM4138114_HNSCC_3_PBMC_TACTTACAGGGTCGAT	163.20623893831572	135.1227660304276	34.267199420606175	0.0	0.0	189.77123762143788	0.0	0.0	0.0	82.78832641432065	90.52297569519051	0.0	0.0	0.0	0.0	0.0	0.0	0.0	0.0	0.0	0.0
GSM4138114_HNSCC_3_PBMC_TCGAGGCGTACGCTGC	234.06638409344527	171.5764983238117	149.69239249540908	0.0	0.0	229.14511254669887	0.0	27.58745438567683	0.0	63.67794522505385	0.0	0.0	0.052944654159913423	0.0	0.0	0.0	128.71155934777713	0.0	0.0	0.0	0.0
GSM4138114_HNSCC_3_PBMC_TCGTAGAAGAAACCTA	168.64855745518972	189.98524189042647	146.3449366325755	0.0	122.81907256774849	92.70702046690472	0.0	68.89591774642163	0.0	0.0	95.44305120386589	0.0	0.0	0.0	0.0	0.0	0.0	0.0	0.0	0.0	0.0
GSM4138114_HNSCC_3_PBMC_TGCCCTAAGTGTTAGA	172.54622036098138	0.0	24.87749768377023	179.4278681588882	272.3422641895479	0.0	0.0	89.33482041193834	121.41614665024865	0.0	0.0	0.0	0.0	0.0	0.0	0.0	0.0	0.0	0.0	0.0	0.0
GSM4138114_HNSCC_3_PBMC_TGGCTGGAGGGATGGG	142.84063725603434	157.01796325529145	171.81776760591615	0.0	223.21073188407277	93.99391976732885	0.0	41.159207473100864	0.0	0.0	35.2747048754685	0.0	0.0	0.0	0.0	0.0	41.39790239286068	0.0	0.0	0.0	0.0
GSM4138114_HNSCC_3_PBMC_TTAGGACAGTCCTCCT	190.3164828315854	187.53140945292677	120.07210210234888	0.0	154.11301695647313	15.868942830150013	0.0	139.16874442964794	0.0	52.84254384538081	0.0	0.0	0.0	3.7738244650873853	0.0	130.51102475694574	0.0	0.0	0.0	0.0	0.0
GSM4138114_HNSCC_3_PBMC_TTATGCTCAGTATAAG	75.64386794808686	61.365660038881074	0.0	0.0	8.255279857747869	47.87146004436577	0.0	0.0	0.0	0.0	0.0	18.930664027518283	0.0	53.81522493851755	0.0	0.0	0.0	51.03871899432953	0.0	0.0	0.0
GSM4138114_HNSCC_3_PBMC_TTCCCAGGTCTCCCTA	221.24312850367576	26.261326674537635	145.3199048973905	118.72878190567572	0.0	0.0	0.0	97.55695543953098	0.0	0.0	0.0	7.210052946216075	0.0	0.0	0.0	255.31501523550872	0.0	0.0	0.0	0.0	0.0
GSM4138114_HNSCC_3_PBMC_TTCCCAGTCACTCCTG	214.87801945838325	0.0	0.0	146.9408230157996	274.4623497746804	0.0	0.0	51.984535273117366	192.50588841931378	0.0	66.17410532416908	0.0	0.0	0.0	0.0	0.0	0.0	0.0	0.0	0.0	0.0
GSM4138114_HNSCC_3_PBMC_TTCTACATCCGCATCT	118.33124231500345	0.0	60.11280006565383	90.87269762636508	184.37564801289398	0.0	0.0	0.0	0.0	0.0	0.0	0.0	0.0	14.033394053758398	157.71155219628145	0.0	0.0	9.862438229116469	0.0	0.0	0.0
GSM4138114_HNSCC_3_PBMC_AAAGATGTCTCCCTGA	109.6775377545101	89.53814078195776	0.0	0.0	0.0	0.0	106.74795407458248	0.0	8.427077873548603	0.0	76.93572103592555	0.0	168.8540751997347	0.0	0.0	0.0	0.0	0.0	0.0	0.0	0.0
GSM4138114_HNSCC_3_PBMC_AACTCCCGTCTGATCA	43.27615725740753	92.41830166252612	35.43790659253597	0.6330709230344104	83.23980639444116	0.0	0.0	0.0	0.0	0.0	0.0	0.0	0.0	80.08353493984428	0.0	0.0	0.0	46.304073540326556	0.0	0.0	0.0
GSM4138114_HNSCC_3_PBMC_ACGCAGCCATCCAACA	88.17463515417464	123.64807148694847	75.77728944446986	0.0	0.0	0.0	128.62899769366894	0.0	60.80443843446213	0.0	42.72844328915022	0.0	0.0	0.1752058026591874	0.0	18.415715116491505	0.0	0.0	0.0	0.0	0.0
GSM4138114_HNSCC_3_PBMC_ACTATCTAGCCTCGTG	73.5291145187811	80.29781381049956	0.0	0.0	25.623919742803352	63.47015336039934	0.0	0.0	0.0	0.0	0.0	0.0	0.0	85.05997787461439	0.0	0.0	63.837091578332945	0.0	0.0	0.0	0.0
GSM4138114_HNSCC_3_PBMC_ACTGAACTCAGCATGT	117.51172397747946	0.0	0.0	207.4481802129256	116.54156939334526	0.0	0.0	0.0	0.0	68.58241929537041	0.0	0.0	0.0	41.255784096136765	131.26693116733654	5.59481744566025	0.0	0.0	0.0	0.0	0.0
GSM4138114_HNSCC_3_PBMC_ATCCGAACATAACCTG	77.49622646307814	162.11451437629887	69.17351956262456	0.0	0.0	104.59683975769605	0.0	0.0	0.0	27.25750896698758	58.347164836317326	0.0	0.0	0.0	0.0	0.0	6.814125506699544	0.0	0.0	0.0	0.0
GSM4138114_HNSCC_3_PBMC_ATTTCTGTCCGTTGCT	98.25871487177892	88.45739932792848	163.52542571760014	130.2387981309761	0.0	136.57481367441068	0.0	0.0	0.0	0.0	106.92538723363069	0.0	0.0	0.0	0.0	0.0	0.0	0.0	0.0	0.0	0.0
GSM4138114_HNSCC_3_PBMC_CAAGATCGTTCACGGC	66.09516847559281	113.44526795443393	124.05882723551855	0.0	0.0	0.0	0.0	67.09162160645279	0.0	0.0	0.0	0.0	0.0	0.0	0.0	78.08546868447111	0.0	0.0	0.0	0.0	0.0
GSM4138114_HNSCC_3_PBMC_CGTGTCTGTTGGAGGT	97.90283189672296	124.81428080398291	61.81519822821122	0.0	0.0	0.0	89.732222143168	0.0	0.0	0.0	0.0	0.0	41.366150004550896	0.0	107.59999700614112	12.801847039729076	0.0	0.0	0.0	0.0	0.0
GSM4138114_HNSCC_3_PBMC_CTACACCGTAAGTGTA	79.26157495520718	156.39155358784646	0.0	0.0	0.0	102.40225875056659	0.0	50.892779046502326	0.0	4.917511999795869	0.0	0.0	0.0	131.1428135564194	0.0	0.0	0.0	0.0	0.0	0.0	0.0
GSM4138114_HNSCC_3_PBMC_GACGTTAGTGGTCTCG	44.62406083984623	118.40714560151731	25.24079747320536	0.0	0.0	97.21556951689954	0.0	0.0	0.0	0.0	0.0	0.0	0.0	109.74644430487558	0.0	0.0	58.05489146618136	0.0	0.0	0.0	0.0
GSM4138114_HNSCC_3_PBMC_GCACTCTGTGGTGTAG	68.23281261165715	24.799322511316774	0.0	42.50802134335596	0.0	0.0	0.0	22.015683668047807	0.0	159.8355645905789	0.0	0.0	0.0	0.0	0.0	93.31566287440782	0.0	62.806504412349135	0.0	0.0	0.0
GSM4138114_HNSCC_3_PBMC_GGGCATCAGACTACAA	63.06618568430997	0.1320800642523911	0.0	94.35511288306783	0.0	0.0	108.15595122296155	84.40452009355653	0.0	66.17634840321152	0.0	0.0	0.0	27.795451343874323	0.0	25.808593184274386	0.0	0.0	0.0	0.0	0.9884325994719498
GSM4138114_HNSCC_3_PBMC_GTCAAGTTCTTTACAC	91.43458722940366	0.0	0.0	86.11880310432085	0.0	38.753474838470005	0.0	0.0	114.17614442742494	0.0	65.52034217063718	73.88735465916974	0.0	0.0	0.0	0.0	0.0	0.0	0.0	0.0	21.143666749111116
GSM4138114_HNSCC_3_PBMC_GTGCTTCCACTATCTT	88.56310811653425	123.92067984272246	116.13774052991918	0.0	0.0	99.8103006955284	0.0	0.0	0.0	0.0	100.90355785565225	0.0	0.0	0.0	0.0	0.0	0.0	0.0	0.0	0.0	0.0
GSM4138114_HNSCC_3_PBMC_TTCTACACACACCGAC	90.92163559100054	113.93846822117409	65.09494443581762	0.0	0.0	135.7048928530118	0.0	0.0	63.47574506660576	0.0	0.0	0.0	0.0	0.0	56.978318581165134	0.0	0.0	0.0	0.0	0.0	0.0
GSM4138114_HNSCC_3_PBMC_TTGACTTTCGCGATCG	74.87121347300643	105.93909903793585	150.12512510771063	0.0	0.0	0.0	88.97955098800763	70.73456861914234	0.0	0.0	0.0	0.0	0.0	0.0	0.0	0.0	0.0	0.0	0.0	0.0	0.0
GSM4138114_HNSCC_3_PBMC_ACTGTCCCACTAGTAC	76.85315474857158	99.04359315019745	0.0	0.0	0.0	0.0	94.79960952222844	0.0	118.30334897017792	0.0	0.0	0.0	0.0	0.0	0.0	0.0	0.0	71.42790194092363	0.0	0.0	0.0
GSM4138114_HNSCC_3_PBMC_CTCATTATCGAATCCA	137.64026261502602	111.08531040173415	108.0732698070006	0.0	0.0	0.0	86.49758436855123	0.0	1.63056922323293	0.0	0.0	0.0	0.0	0.0	0.0	0.0	66.16181732238253	0.0	0.0	0.0	0.0
GSM4138114_HNSCC_3_PBMC_GAACCTATCGACAGCC	88.83115125672013	213.980940620996	141.3440795881864	0.0	166.31784769704547	0.0	0.0	0.0	0.0	0.0	0.0	0.0	0.0	0.0	0.0	0.0	0.0	80.1614387839197	0.0	0.0	0.0
GSM4138114_HNSCC_3_PBMC_GCGCCAACATTTGCCC	36.361758519843484	121.68085559212169	81.77829534694737	0.0	0.0	0.0	111.78663445754101	0.0	6.444980037763556	0.0	69.73654632121074	0.0	28.882780656286158	0.0	0.0	0.0	0.0	0.0	13.028564190783541	0.0	0.0
GSM4138114_HNSCC_3_PBMC_GGGAGATCAATTCCTT	46.35190446797925	102.73016432096335	115.18230573497905	0.0	28.122849327980106	38.011645129854976	0.0	0.0	0.0	0.0	53.00263046093553	3.8633901000246955	0.0	0.0	0.0	0.0	15.005775541739903	0.0	0.0	0.0	0.0
GSM4138114_HNSCC_3_PBMC_GTGAAGGAGAAGGTGA	72.10268663279543	0.0	0.0	87.10490348326167	0.0	63.61312572851416	0.0	0.0	0.0	19.508493637279575	0.0	0.0	118.25322853398728	0.0	74.6593675415692	42.67212440633202	0.0	23.734595453577587	0.0	0.0	0.0
GSM4138114_HNSCC_3_PBMC_TACCTATTCGAGAGCA	54.01550819024122	73.22841588348862	53.010683647534044	0.0	0.0	0.0	73.35759229937992	0.0	0.0	0.0	0.0	0.0	0.0	0.0	0.0	0.0	0.0	0.0	98.0934300631247	0.0	0.0
GSM4138114_HNSCC_3_PBMC_TAGCCGGGTTGATTCG	72.87927167516173	84.82086356977241	0.0	0.0	0.0	0.0	20.01243077861556	0.0	0.0	0.0	94.37868994109552	73.77442395835749	94.58042904055146	0.0	0.0	0.0	0.0	0.0	0.0	0.0	0.0
GSM4138114_HNSCC_3_PBMC_TCTTTCCTCGCCGTGA	95.25261312043746	88.65071056468285	97.08913618022929	0.0	0.0	0.0	149.50490419443196	0.0	0.0	0.0	0.0	0.0	0.0	53.09434349135695	0.0	0.0	46.059730985677305	0.0	0.0	0.0	0.0
GSM4138114_HNSCC_3_PBMC_TGTGGTAGTTGCCTCT	94.25284699346618	177.03608940587287	27.34096276312566	0.0	58.44276043735735	41.467241298217196	33.42295784513304	84.68120105443093	0.0	100.8075000544528	0.0	0.0	0.0	0.0	0.0	0.0	0.0	0.0	0.0	0.0	0.0
GSM4138114_HNSCC_3_PBMC_ATTATCCTCCTCCTAG	128.28662588600753	200.38502939984593	0.0	0.0	7.814473378774045	0.0	0.0	202.14914301917185	0.0	257.09500594705105	0.0	0.0	0.0	0.0	0.0	141.30093314392158	0.0	0.0	0.0	0.0	0.0
GSM4138114_HNSCC_3_PBMC_CGAGAAGAGCTACCTA	58.39744492882326	161.7282396339398	96.81748749383001	0.0	0.0	0.0	205.2248818606208	116.65206781971342	0.0	77.44213001679044	0.0	0.0	71.54213554451059	0.0	0.0	0.0	0.0	0.0	34.5959025495984	0.0	0.0
GSM4138114_HNSCC_3_PBMC_GACTACACACCGCTAG	132.48767305166666	38.508093466887345	69.68032669897687	74.45857854140044	0.0	0.0	0.0	0.0	0.0	0.0	28.622745859470424	184.15689154733943	0.0	24.900910528346515	23.58775632627662	0.0	0.0	0.0	52.26157328960212	0.0	0.0
GSM4138114_HNSCC_3_PBMC_GGCTCGAGTCTGATCA	59.03355062956951	197.78853740692043	54.83154649196307	0.0	43.37292200677854	0.0	0.0	56.808811346501024	0.0	71.23523979470224	25.678569392759286	90.6943380630778	0.0	0.0	0.0	6.351637947105957	0.0	0.0	0.0	0.0	0.0
GSM4138114_HNSCC_3_PBMC_TCAGATGTCAGTTTGG	73.73758194995632	12.588132008737672	0.0	90.4244858578872	122.99493033423295	0.0	0.0	0.0	0.0	61.92386532483182	0.0	0.0	0.0	72.5882603049598	0.0	0.0	79.41605222336055	0.0	0.0	65.47386407547553	0.0
GSM4138114_HNSCC_3_PBMC_TCGAGGCAGAACAATC	167.78574329208365	30.413184157842426	0.0	222.95744553598934	265.829093288298	0.0	0.0	222.09913003868448	200.17594792911862	98.88498271736331	0.0	0.0	0.0	0.0	0.0	0.0	0.0	0.0	0.0	0.0	0.0
GSM4138114_HNSCC_3_PBMC_TGGGCGTGTCATTAGC	97.14308938471522	44.36576644004521	0.0	0.0	91.70540306170945	0.0	0.0	79.858709546117	0.0	0.0	0.0	0.0	105.90380826237522	0.0	0.0	0.0	0.0	0.0	0.0	0.0	0.0
GSM4138114_HNSCC_3_PBMC_TTCCCAGAGGACAGCT	59.649227060336216	128.04023746274913	41.482500764058365	0.0	0.0	0.0	0.0	0.0	65.1010482558629	0.0	0.0	45.00176714357441	0.0	0.11944577693484261	106.72357794793957	86.94035738591627	0.0	6.517611316397484	0.0	0.0	0.0
GSM4138114_HNSCC_3_PBMC_ACACCAACATGCATGT	87.50970755494595	0.0	0.0	129.4803037320366	0.0	95.91959924092436	0.0	0.0	85.22692793514489	0.0	0.0	0.0	44.16422292954608	0.0	115.24122711510063	0.0	0.0	0.0	0.0	0.0	0.0
GSM4138114_HNSCC_3_PBMC_ACGATACGTGTGGTTT	139.8987871965425	0.0	0.0	132.4640614563755	0.0	603.158758725643	0.0	0.0	0.0	0.0	0.0	0.0	203.67453023761368	0.0	0.0	0.0	0.0	0.0	202.57252633425796	0.0	0.0
GSM4138114_HNSCC_3_PBMC_AGAATAGTCACCATAG	185.18654148610173	0.0	0.0	58.22698338729045	0.0	0.0	0.0	0.0	0.0	0.0	0.0	175.5119723217094	125.02752321333617	0.0	0.0	33.67857024092405	0.0	0.0	94.65248338703688	0.0	0.0
GSM4138114_HNSCC_3_PBMC_AGCCTAATCCTGCCAT	51.92115015041333	29.133697572520802	18.022010068276238	19.587211540275785	78.73016051484731	0.0	0.0	62.050520168605445	36.61201062133547	0.0	0.0	0.0	0.0	0.0	0.0	0.0	0.0	0.0	0.0	0.0	0.0
GSM4138114_HNSCC_3_PBMC_CAACCAAGTTGAGGTG	64.3585983712517	0.0	0.0	111.7029708546977	23.53503946985952	0.0	0.0	0.0	51.56800473231711	0.0	0.0	72.51400024207537	25.533273675602306	5.8113118388562945	0.0	0.0	0.0	35.252424700848756	0.0	0.0	0.0
GSM4138114_HNSCC_3_PBMC_CACACAACATGCCTAA	102.82682356750662	0.0	20.284299045431318	208.00396014136464	0.0	176.18998227158283	0.0	0.0	0.0	103.33396098354157	0.0	0.0	0.0	18.303788683348184	0.0	0.0	0.0	0.0	0.0	112.04557947715985	0.0
GSM4138114_HNSCC_3_PBMC_CCACTACAGGTGCTAG	67.65083323922768	65.6387760350959	79.61642331287231	0.0	0.0	0.0	0.0	0.0	0.0	10.867528776460535	0.0	152.65603389046987	0.0	0.0	0.0	0.0	69.73125367051752	0.0	0.0	0.0	0.0
GSM4138114_HNSCC_3_PBMC_CGTCACTCAGATTGCT	194.64005908811913	0.0	65.1933362656554	176.7637527497873	0.0	0.0	0.0	38.936854013838065	0.0	67.35609761732898	0.0	235.3681709784253	0.0	18.02146578075101	181.0068139340161	0.0	0.0	0.0	0.0	0.0	0.0
GSM4138114_HNSCC_3_PBMC_CTCGGGAGTCTAGCGC	117.07386428511084	170.89714797456773	5.570573951330317	0.0	0.0	0.0	466.2946762289642	175.09011754825687	36.22866918605797	125.05365635980249	0.0	0.0	0.0	0.0	0.0	0.0	0.0	0.0	0.0	0.0	0.0
GSM4138114_HNSCC_3_PBMC_GACCTGGCAGTCACTA	86.48618896148601	98.56604431060588	103.74441310678262	39.28484971975587	43.70819061542617	0.0	0.0	83.72356837347097	0.0	0.0	0.0	0.0	0.0	52.27358482955521	0.0	107.0486633140443	0.0	0.0	0.0	0.0	0.0
GSM4138114_HNSCC_3_PBMC_GCTCTGTAGTCAAGCG	114.04353012872308	115.84746579423596	126.0102760558209	83.96282178471144	0.0	85.73988272987968	66.75705997991301	0.0	0.0	0.0	0.0	47.43078223633324	0.0	0.0	0.0	0.0	107.7355729645605	0.0	0.0	0.0	0.0
GSM4138114_HNSCC_3_PBMC_GGAACTTAGAGAGCTC	108.66398910758554	79.71814986566055	160.85134456743117	85.27723824840946	87.29119612768221	45.26942093888575	0.0	0.0	0.0	0.0	0.0	94.82470607398649	0.0	0.0	138.91607853213375	0.0	40.12076180325998	0.0	0.0	0.0	0.0
GSM4138114_HNSCC_3_PBMC_GGCGACTGTTCCACTC	93.33225347680418	0.0	0.0	80.66201971521728	0.0	107.2564127401652	0.0	0.0	0.0	61.86525703394054	0.0	220.40522340183028	0.0	72.96490034223903	17.354880301428558	0.0	0.0	51.541228446099815	0.0	0.0	0.0
GSM4138114_HNSCC_3_PBMC_GTTTCTACACACAGAG	395.3341914673788	0.0	235.90951299982692	195.99649236020858	0.0	0.0	186.54828216610045	0.0	0.0	0.0	0.0	0.0	0.0	0.0	0.0	0.0	0.0	0.0	186.7606160767643	0.0	0.0
GSM4138114_HNSCC_3_PBMC_TGCGTGGCAGTCGATT	128.86760022872883	161.46054806960248	102.83440609617507	0.0	0.0	0.0	152.49467353704753	86.54011591059943	0.0	0.0	0.0	57.42788194177704	0.0	84.1135528853208	0.0	0.0	8.9218363825958	0.0	0.0	0.0	0.0
GSM4138114_HNSCC_3_PBMC_TTATGCTGTTACGACT	153.8940434310316	0.0	3.9867109815806963	115.91669174469199	0.0	0.0	201.69099424918934	85.49541409549764	0.0	114.69442252602623	0.0	0.0	0.0	0.0	0.0	0.0	0.0	0.0	0.0	0.0	0.0
GSM4138114_HNSCC_3_PBMC_AAAGCAATCCCGACTT	100.42528697926859	53.652424290722706	255.94396963420624	218.00595787512736	2.721296784096639	88.59691172068824	0.0	0.0	0.0	0.0	142.15396052653742	93.1863881103933	0.0	0.0	0.0	16.16158824399268	0.0	0.0	0.0	0.0	0.0
GSM4138114_HNSCC_3_PBMC_AAAGTAGGTTCAGACT	112.5292638788458	221.06257771023914	265.0370944377713	0.0	0.0	0.0	0.0	0.0	0.0	0.0	0.0	0.0	0.0	0.0	0.0	177.76667971280594	0.0	0.0	0.0	0.0	177.40192521447725
GSM4138114_HNSCC_3_PBMC_ACGTCAAAGAGCTGGT	161.79384448399327	0.0	176.210048371822	331.9674755093532	0.0	237.3546917833194	0.0	0.0	0.0	0.0	0.0	0.0	0.0	61.56538859729077	44.691453736851656	0.0	0.0	124.50754093689902	0.0	0.0	0.0
GSM4138114_HNSCC_3_PBMC_ACTTGTTAGCAGATCG	128.54134148720743	254.26314442803903	81.08677847633001	0.0	0.0	0.0	69.24633312149987	28.506250681204957	0.0	87.52265650945817	97.94115226210322	0.0	28.921034195794956	0.0	0.0	65.96692031427558	0.0	0.0	0.0	0.0	2.8812743916289056
GSM4138114_HNSCC_3_PBMC_AGCTCCTGTCTGCAAT	162.91878551949677	0.0	241.80860494676588	397.71402303544437	0.0	0.0	193.4053355167277	0.0	0.0	0.0	149.70897612916758	0.0	0.0	0.0	0.0	0.0	0.0	0.0	0.0	0.0	0.0
GSM4138114_HNSCC_3_PBMC_ATCTGCCTCTCCGGTT	199.84503617177336	312.0769148923318	0.0	0.0	0.0	0.0	251.38981364100056	0.0	308.80212447197016	0.0	0.0	0.0	0.0	0.0	257.0215411088844	0.0	0.0	0.0	0.0	0.0	0.0
GSM4138114_HNSCC_3_PBMC_CACAAACGTCTCTTAT	212.4884901705299	326.7016337961931	272.1775835027637	0.0	95.85525369403325	0.0	91.13519551001367	186.55776725709129	0.0	0.0	0.0	0.0	0.0	0.0	0.0	0.0	0.0	0.0	0.0	0.0	0.0
GSM4138114_HNSCC_3_PBMC_CATCAAGCACAGATTC	191.69693653979442	0.0	0.0	289.9728964844431	0.0	0.0	15.927600217058686	0.0	0.0	0.0	0.0	0.0	298.22747090313453	0.0	11.22756256145356	153.75149110617463	0.0	122.14910704823976	0.0	0.0	0.0
GSM4138114_HNSCC_3_PBMC_CGTCCATGTAATCACC	185.29731735983307	254.0396106555354	98.39853355124917	0.0	0.0	0.0	35.49019557400957	0.0	0.0	102.71479941048047	0.9263415199873657	0.0	0.0	27.28458140810986	0.0	102.16717204412551	0.0	189.16025142308942	0.0	0.0	0.0
GSM4138114_HNSCC_3_PBMC_CGTTCTGGTCCGAGTC	194.29880180364623	305.0152041446309	0.0	0.0	66.92262371191775	2.8385941872369247	63.00821437018299	0.0	0.0	0.0	0.0	0.0	239.4439978643507	0.0	0.0	0.0	15.84053283594378	0.0	124.60892781708904	0.0	0.0
GSM4138114_HNSCC_3_PBMC_CTACGTCAGAGGACGG	97.17608091390125	0.0	174.42169459132063	332.3193996784541	0.0	110.89801708120707	3.697175324045445	18.34820058700138	0.0	0.0	0.0	0.0	1.913452943591041	0.0	0.0	0.0	139.3384982827288	0.0	0.0	0.0	0.0
GSM4138114_HNSCC_3_PBMC_GACGCGTGTTCCGGCA	157.59351640659995	183.65696785851438	258.2454300441931	0.0	0.0	133.81387357209533	0.0	0.0	0.0	0.0	0.0	0.0	0.0	0.0	0.0	0.0	127.72647009114834	0.0	0.0	0.0	0.0
GSM4138114_HNSCC_3_PBMC_GGCCGATCATGTAAGA	142.89544502579824	26.82752426455596	0.0	280.06635352166927	0.0	210.61561990626268	0.0	0.0	0.0	188.90206873167637	0.0	0.0	0.0	0.0	159.38285630445472	0.0	0.0	0.0	0.0	0.0	0.0
GSM4138114_HNSCC_3_PBMC_GTATTCTTCTGTGCAA	210.97799265532748	270.8464554113123	77.0168901123056	0.0	0.0	0.0	145.13835494604206	0.0	57.91330885176415	0.0	0.0	0.0	142.17200003118612	0.0	247.12165280573402	0.0	0.0	0.0	0.0	0.0	0.0
GSM4138114_HNSCC_3_PBMC_GTCAAGTAGTGCTGCC	106.47829213455012	155.0604809665265	0.0	0.0	0.0	0.0	0.0	0.0	0.0	174.27850626851017	234.15899365665092	220.11840224072847	90.26905889928443	0.0	0.0	0.0	0.0	0.0	0.0	0.0	0.0
GSM4138114_HNSCC_3_PBMC_GTCTCGTAGGCTAGAC	176.99725523060243	146.96853778565102	56.98630299431635	73.79117594401065	222.95815619094444	0.0	0.0	0.0	82.11378461617085	0.0	0.0	0.0	40.050839730838646	0.0	191.67180493489607	0.0	0.0	0.0	0.0	0.0	0.0
GSM4138114_HNSCC_3_PBMC_TCTGGAAAGTGGTAAT	131.85741537404797	208.75312128757753	6.338285982821033	0.0	0.0	2.4986522657775074	21.91266225126422	144.70848010392797	196.53768673161943	0.0	0.0	116.89891000602495	0.0	0.0	0.0	0.0	0.0	0.0	0.0	0.0	0.0
GSM4138114_HNSCC_3_PBMC_TGGCCAGGTCCAAGTT	118.53823507671177	173.14835860588371	170.1314123755473	0.0	0.0	46.48787552237775	14.090745576565721	0.0	0.0	51.41856238327777	0.0	0.0	0.0	0.0	0.0	112.68723944730668	177.45349982654037	0.0	0.0	0.0	0.0
GSM4138114_HNSCC_3_PBMC_AACTGGTGTGTGGCTC	211.08332162860657	0.0	0.0	521.758207307107	0.0	0.0	163.63774458101562	0.0	0.0	0.0	0.0	0.0	0.0	346.8144235392714	21.995991097382984	104.02842066083555	0.0	199.79720949084296	0.0	86.15890769227428	0.0
GSM4138114_HNSCC_3_PBMC_AAGACCTAGTTTGCGT	210.18883520562497	0.0	0.0	322.1647938550118	0.0	0.0	190.28125919969588	29.07929923221947	0.0	0.0	0.0	0.0	0.0	318.78124879123624	186.86575236599984	0.0	0.0	0.0	0.0	30.20257815728571	35.803573783060685
GSM4138114_HNSCC_3_PBMC_ACATCAGAGTGTCCAT	0.0	2905.8350068241966	0.0	264.43608840023035	0.0	0.0	0.0	0.0	0.0	0.0	0.0	0.0	0.0	0.0	0.0	0.0	0.0	0.0	0.0	0.0	0.0
GSM4138114_HNSCC_3_PBMC_ACGGCCACATGGTCTA	135.41235954061383	322.6059202418332	0.0	0.0	0.0	0.0	239.82351510721477	0.0	100.63560127550062	0.0	0.0	0.0	153.17018819619372	0.0	310.0335128605161	0.0	0.0	0.0	0.0	0.0	0.0
GSM4138114_HNSCC_3_PBMC_ACTTGTTGTTGTGGAG	66.92651423863518	130.7035670309189	377.4568439236932	0.0	0.0	119.7900531388665	0.0	0.0	0.0	0.0	327.9861603548212	0.0	0.0	0.0	0.0	0.0	0.0	0.0	0.0	0.0	0.0
GSM4138114_HNSCC_3_PBMC_AGCGTATCAGCTCGCA	0.0	0.0	4039.550353968905	0.0	0.0	0.0	0.0	0.0	55.82898688433356	189.8180838602646	0.0	0.0	181.84925975555808	0.0	0.0	0.0	0.0	0.0	0.0	0.0	0.0
GSM4138114_HNSCC_3_PBMC_CCATTCGAGACAGGCT	156.55116390098462	326.88866205357573	0.0	0.0	0.0	0.0	96.91682103174111	0.0	391.1332879718138	0.0	0.0	0.0	0.0	0.0	326.53415159805814	111.18419334271223	0.0	0.0	0.0	0.0	0.0
GSM4138114_HNSCC_3_PBMC_CCTTCGATCTCGCTTG	118.08759657443055	367.66467612488816	0.0	0.0	0.0	0.0	0.0	0.0	292.144299231642	0.0	0.0	164.1848543387798	58.62379786428426	0.0	143.49028162597617	0.0	0.0	0.0	142.12269124772448	0.0	0.0
GSM4138114_HNSCC_3_PBMC_CGCGTTTAGACTAGGC	204.65481882372063	504.5503800529917	415.5543034503851	0.0	227.2496223646876	12.791122776599428	0.0	0.0	0.0	0.0	234.70787402937245	0.0	0.0	0.0	0.0	0.0	140.026395311543	0.0	0.0	0.0	0.0
GSM4138114_HNSCC_3_PBMC_CTACATTTCTTTACGT	141.1789807534685	478.31322823023476	0.0	0.0	0.0	117.05044924001226	0.0	0.0	0.0	382.00559438458447	0.0	0.0	0.0	0.0	0.0	0.0	0.0	341.18658638900143	0.0	0.0	0.0
GSM4138114_HNSCC_3_PBMC_CTAGCCTAGACCGGAT	136.74322652818924	308.0025060274693	0.0	0.0	3.566537194821609	0.0	0.0	0.0	0.0	0.0	0.0	0.0	352.32895526268817	0.0	270.9680751322158	169.4486514926062	0.0	0.0	0.0	0.0	0.0
GSM4138114_HNSCC_3_PBMC_GACGTTAGTACCATCA	207.0335239563242	434.13616328017656	483.96676058890915	0.0	53.876656671364245	0.0	0.0	0.0	0.0	0.0	246.91348466877758	41.81023062016127	0.0	0.0	0.0	149.04029214111316	0.0	0.0	0.0	0.0	147.33871655350686
GSM4138114_HNSCC_3_PBMC_GCGCAGTCAACTGGCC	140.6158346146067	379.47423755989564	410.3933478117481	0.0	0.0	161.63987789616047	58.91614797907482	0.0	0.0	0.0	40.34001648435258	0.0	0.0	0.0	0.0	0.0	354.78258874138885	0.0	0.0	0.0	0.0
GSM4138114_HNSCC_3_PBMC_GCTCTGTCACACTGCG	179.35009177463377	0.0	150.08522889734346	326.246529845472	169.39847640605603	0.0	0.0	0.0	171.27088775932654	0.0	0.0	0.0	0.0	0.0	0.0	63.681760562152256	451.5466301015588	0.0	0.0	0.0	0.0
GSM4138114_HNSCC_3_PBMC_GCTGCAGTCCGGCACA	109.63220851771133	321.28626078157487	375.12969865393217	0.0	0.0	0.0	0.0	175.77809975366387	0.0	0.0	141.32827138859867	0.0	0.0	0.0	0.0	261.56313949183135	0.0	0.0	0.0	0.0	0.0
GSM4138114_HNSCC_3_PBMC_GTAGTCACACAAGCCC	183.26060217034563	192.87102927517702	0.0	27.11127440165756	141.97113934229046	0.0	0.0	0.0	0.0	0.0	0.0	0.0	0.0	338.2185929947166	0.0	11.789051936173607	0.0	280.905397493637	0.0	0.0	0.0
GSM4138114_HNSCC_3_PBMC_GTCAAGTAGGCGTACA	74.0810695117854	0.0	0.0	168.99362519749775	0.0	0.0	60.96137267100564	0.0	0.0	97.05232514631419	80.30993189280622	0.0	0.0	36.92039142473257	0.0	2.1447823762376452	0.0	0.0	0.0	0.0	0.0
GSM4138114_HNSCC_3_PBMC_TACGGATAGATCGATA	187.5302302391769	303.5777165122605	0.0	0.0	0.0	0.0	0.0	0.0	86.14026673798982	0.0	0.0	0.0	265.9843947045972	0.0	0.0	197.60736714432383	0.0	0.0	284.7428801666601	0.0	0.0
GSM4138114_HNSCC_3_PBMC_TCAACGATCTGGGCCA	161.4119742349582	465.8151973183992	377.97166943199386	0.0	0.0	0.0	236.77624821577558	398.53197068258766	0.0	0.0	0.0	0.0	0.0	0.0	0.0	0.0	0.0	0.0	0.0	0.0	0.0
GSM4138114_HNSCC_3_PBMC_TGGGCGTGTTAGTGGG	118.04761836288186	465.2264567445239	0.0	0.0	0.0	104.37408677960255	94.56301712524872	0.0	0.0	306.40161545969164	0.0	0.0	0.0	0.0	0.0	0.0	0.0	0.0	0.0	325.39324272292595	0.0
GSM4138114_HNSCC_3_PBMC_TTGGAACCAGTCACTA	174.60070887874	252.3458244052826	0.0	118.31665373552127	0.0	2.029377378380235	0.0	0.0	139.39330929421925	0.0	142.47663327413406	169.22805522736175	0.0	211.04713900222185	0.0	4.09903069294347	125.72727731316982	0.0	0.0	0.0	0.0
GSM4138114_HNSCC_3_PBMC_ACTGTCCCAGCGATCC	140.830921134896	189.12730407404197	0.0	0.0	0.0	0.0	48.72888933323802	0.0	379.0200516670355	0.0	0.0	0.0	0.0	0.0	249.36660666996056	64.23487787584888	0.0	0.0	0.0	0.0	0.0
GSM4138114_HNSCC_3_PBMC_AGATTGCGTCATACTG	54.646816523995795	127.97977287969002	0.0	2.6435030658566228	99.63816668397068	0.0	0.0	0.0	238.2405849051398	0.0	0.0	0.0	0.0	0.0	0.0	22.942198188893094	170.14705781961416	0.0	0.0	0.0	0.0
GSM4138114_HNSCC_3_PBMC_CACACAAGTGAACCTT	140.09751332368847	42.18153983491058	0.0	235.35652923328172	0.0	0.0	0.0	78.90838999928084	0.0	0.0	0.0	116.87100569485597	197.5276994159783	0.0	0.0	0.0	77.58897521358324	0.0	0.0	0.0	0.0
GSM4138114_HNSCC_3_PBMC_GCGCAACCATCTGGTA	157.04198426670638	175.7785555961992	0.0	0.0	0.0	95.38417199144591	0.0	0.0	234.60804843125726	0.0	24.34785580058768	0.0	0.0	0.0	0.0	0.0	0.0	133.81120033407296	0.0	0.0	0.0
GSM4138114_HNSCC_3_PBMC_TACGGATGTCTCATCC	110.1630126116918	268.3576400084142	0.0	0.0	0.0	0.0	0.0	0.0	158.11268055397215	0.0	191.5209809807883	125.99922773508524	0.0	0.0	0.0	0.0	26.704710481181284	0.0	0.0	0.0	0.0
GSM4138114_HNSCC_3_PBMC_TAGAGCTTCGGAATCT	118.02430730935565	197.16037864589032	0.0	0.0	63.56523908664685	0.0	0.0	210.9283472077919	147.63238141713907	0.0	0.0	17.370550458061075	0.0	0.0	0.0	34.49689612403816	0.0	0.0	0.0	0.0	0.0
GSM4138114_HNSCC_3_PBMC_TTGGAACGTACACCGC	172.68319925638824	231.77014818187791	0.0	0.0	0.0	105.9659895318182	5.467646470086965	59.38395268928139	308.1033726592878	0.0	0.0	0.0	0.0	0.0	0.0	0.0	0.0	166.88297615843302	0.0	0.0	0.0
GSM4138114_HNSCC_3_PBMC_GCAGCCACACCACGTG	71.58324158262853	105.22325295826451	0.0	0.0	0.0	111.79790982831194	0.0	0.0	0.0	103.72752456796708	0.0	0.0	0.0	27.012637866368635	0.0	0.0	0.0	44.947402961642744	0.0	59.61426087195149	0.0
GSM4138114_HNSCC_3_PBMC_TAGTTGGTCGAGAGCA	79.73315136216303	133.74551809810993	131.8397775257261	0.0	145.1239732435455	0.0	0.0	0.0	0.0	0.0	0.0	0.0	0.0	0.0	18.69983227280293	0.0	0.0	0.0	52.994817431569864	0.0	0.0
GSM4138114_HNSCC_3_PBMC_GGACAAGGTTACGACT	119.98916371009578	99.71465934062898	131.45472205507747	0.0	0.0	0.0	163.72839537663612	0.0	0.0	0.0	0.0	0.0	0.0	0.0	0.0	0.0	0.0	82.45041423988692	0.0	0.0	0.0
GSM4138114_HNSCC_3_PBMC_AGCTTGACATAACCTG	0.0	0.0	0.0	0.0	0.0	0.0	0.0	222.93045895987734	0.0	0.0	3810.7107947403742	0.0	0.0	0.0	395.1045273494242	0.0	0.0	0.0	0.0	0.0	0.0
