	1	2	3	4	5	6	7	8	9	10	11	12	13	14	15	16
GSM4138114_HNSCC_3_PBMC_AAACGGGTCTAGAGTC	110.69969510663661	86.58013331720176	80.66095802605795	0.0	0.0	0.0	82.96566886603019	0.0	0.0	0.0	0.0	0.0	0.0	0.0	0.0	0.0
GSM4138114_HNSCC_3_PBMC_AAAGATGCACTACAGT	107.96682088439033	0.0	78.32146823189736	97.55870560634547	70.28538191494582	0.0	0.0	0.0	0.0	0.0	0.0	0.0	0.0	0.0	0.0	0.0
GSM4138114_HNSCC_3_PBMC_AAATGCCTCTCCAGGG	174.86232275399524	127.7769821283086	101.1498456946749	0.0	0.0	0.0	0.0	0.0	6.215904042824704	0.0	118.83425939200885	0.0	0.0	0.0	0.0	0.0
GSM4138114_HNSCC_3_PBMC_AACACGTAGAGTGAGA	111.24706783310528	122.155909876623	120.79355974173325	0.0	0.0	0.0	0.0	0.0	0.0	0.0	0.0	94.25044340653673	0.0	0.0	0.0	0.0
GSM4138114_HNSCC_3_PBMC_AAGGCAGGTTTAAGCC	88.61827990247515	95.52908465979785	82.39030268974477	0.0	0.0	0.0	0.0	0.0	0.0	11.668908187802568	77.03036832701284	0.0	0.0	0.0	0.0	0.0
GSM4138114_HNSCC_3_PBMC_ACACCAAGTATAAACG	136.63382774205996	66.67164198810997	56.57337652653917	0.0	0.0	0.0	0.0	0.0	0.0	0.0	0.0	93.7044220576805	0.0	0.0	0.0	0.0
GSM4138114_HNSCC_3_PBMC_ACATACGTCCACTCCA	93.05707661332482	16.024032136605765	0.0	38.33054420340153	0.0	0.0	68.97221619752521	0.0	45.10274639348434	0.0	0.0	0.0	0.0	0.0	0.0	0.0
GSM4138114_HNSCC_3_PBMC_ACTATCTAGGAGTTTA	234.92146263617116	202.58717575446948	116.56115132001194	0.0	0.0	0.0	0.0	0.0	0.0	0.0	0.0	37.706091793179255	0.0	0.0	0.0	0.0
GSM4138114_HNSCC_3_PBMC_ACTGAACTCACCTTAT	87.32167224778257	134.16951391629885	113.56548359290461	0.0	0.0	0.0	0.0	0.0	0.0	0.0	77.89810163866667	0.0	0.0	0.0	0.0	0.0
GSM4138114_HNSCC_3_PBMC_ACTTTCACAGCTGTTA	90.26009261910797	118.00258077194157	0.0	0.0	50.08699149643948	84.89913545771986	0.0	0.7618123976136061	0.0	0.0	0.0	0.0	0.0	0.0	0.0	0.0
GSM4138114_HNSCC_3_PBMC_AGCTCTCAGGTGATAT	79.64772579689499	0.0	64.90378606360012	0.0	0.0	4.70616251354278	94.4221173118707	0.0	15.967623000767052	141.93235307945898	0.0	0.0	0.0	0.0	0.0	0.0
GSM4138114_HNSCC_3_PBMC_AGCTCTCCAGCCTGTG	54.96714979170605	114.41891610254375	57.21284629979543	0.0	30.047855600924944	0.0	0.0	0.0	0.0	0.0	0.0	0.0	0.0	0.0	0.0	0.0
GSM4138114_HNSCC_3_PBMC_AGTCTTTCAAAGGTGC	146.71440602288766	131.77594103449496	0.0	0.0	0.0	0.0	0.0	0.0	113.58209810065485	0.0	25.7517446526669	0.0	0.0	0.0	0.0	0.0
GSM4138114_HNSCC_3_PBMC_AGTGAGGGTCAGCTAT	137.51209388652356	107.4410298031021	0.0	0.0	0.0	0.0	66.43760531914187	81.05864524999105	0.0	0.0	0.0	0.0	0.0	0.0	0.0	0.0
GSM4138114_HNSCC_3_PBMC_AGTGGGATCACCACCT	108.3821035109196	139.97445694325611	88.32048823672169	0.0	47.270758171712785	2.722990344973319	0.0	0.0	0.0	0.0	0.0	33.43249174141738	0.0	0.0	0.0	0.0
GSM4138114_HNSCC_3_PBMC_ATCCACCTCCCTCAGT	79.05213988436817	0.0	85.83477575365184	0.0	0.0	0.0	38.874876798481786	0.0	0.0	77.08794377677023	0.0	0.0	0.0	0.0	0.0	0.0
GSM4138114_HNSCC_3_PBMC_ATCGAGTGTCTAAACC	210.3481546150949	352.67303931934134	134.38795000775713	0.0	0.0	0.0	0.0	0.0	0.0	0.0	112.88033684210795	0.0	0.0	0.0	0.0	0.0
GSM4138114_HNSCC_3_PBMC_ATCTACTGTGACGCCT	84.74323755329112	96.67721453469603	0.0	0.0	0.0	0.0	0.0	0.0	3.260108195214417	0.0	115.06174214245904	0.0	0.0	82.92625400954458	0.0	0.0
GSM4138114_HNSCC_3_PBMC_CAAGAAAGTGCTTCTC	45.41446008636157	0.0	0.0	97.40227898926973	0.0	0.0	0.0	0.0	0.0	0.0	75.16162609599698	0.0	0.0	66.04085415285228	0.0	0.0
GSM4138114_HNSCC_3_PBMC_CAAGGCCGTTCCCGAG	58.18006667558495	106.88604991548841	144.8118758881229	0.0	0.0	0.0	0.0	0.0	0.0	0.0	63.676792554016124	0.0	0.0	0.0	0.0	0.0
GSM4138114_HNSCC_3_PBMC_CAAGTTGTCAAGAAGT	99.87816603735206	0.0	0.0	68.66820746684236	101.44093304980207	0.0	0.0	0.0	48.644626652229846	0.0	0.0	0.0	0.0	0.0	63.81231036741859	0.0
GSM4138114_HNSCC_3_PBMC_CACAAACCAGCTGGCT	54.42751112387714	0.0	0.0	111.84185105514103	0.0	132.42269344846366	0.0	0.0	0.0	0.0	0.0	0.0	61.64301871524285	0.0	0.0	0.0
GSM4138114_HNSCC_3_PBMC_CACACAAAGAACAACT	73.73198145110881	194.48510921039053	0.0	0.0	71.72542276708985	0.0	0.0	118.33758668124396	0.0	0.0	0.0	0.0	0.0	0.0	0.0	0.0
GSM4138114_HNSCC_3_PBMC_CACATAGTCCGCAAGC	101.31592359127104	117.47479041745694	81.2381545899142	0.0	0.0	0.0	0.0	0.0	0.0	0.0	0.0	128.33343460140597	0.0	0.0	0.0	0.0
GSM4138114_HNSCC_3_PBMC_CACCACTAGCAATATG	61.94691856039225	163.9471321231737	0.0	0.0	40.832799998984996	39.80460989273178	2.1322943502625566	0.0	0.0	0.0	0.0	0.0	0.0	0.0	0.0	0.0
GSM4138114_HNSCC_3_PBMC_CATATTCAGTCCCACG	85.99209364978847	0.0	0.0	117.76327226175529	38.622040430937126	0.0	0.0	0.0	0.0	0.0	0.0	0.0	0.0	35.015615868638115	35.6932728271397	0.0
GSM4138114_HNSCC_3_PBMC_CATCAAGGTCGTCTTC	59.00992866355514	166.01825416769145	0.0	0.0	43.69101489799844	0.0	0.0	54.05613435688136	35.40356641004036	0.0	0.0	0.0	0.0	0.0	0.0	0.0
GSM4138114_HNSCC_3_PBMC_CATCAGACATACTACG	263.7871687524448	384.77024613647865	0.0	0.0	0.0	0.0	0.0	91.39013833845499	0.0	0.0	192.33920861400165	0.0	0.0	77.99923307517483	0.0	0.0
GSM4138114_HNSCC_3_PBMC_CATCGGGTCTTCTGGC	43.40185388300016	109.05222212980796	0.0	0.0	65.58089592340146	0.0	0.0	135.3385407851197	0.0	0.0	0.0	0.0	0.0	0.0	0.0	0.0
GSM4138114_HNSCC_3_PBMC_CCACGGATCAGAGGTG	149.1018453832263	0.0	0.0	165.55134735352615	43.24578231651647	133.71402364223016	0.0	0.0	0.0	0.0	0.0	0.0	0.0	0.0	0.0	78.11257663042565
GSM4138114_HNSCC_3_PBMC_CCTACACTCGACAGCC	60.16050819552635	0.0	55.72101428806212	69.40023606879409	0.0	0.0	0.0	0.0	0.0	2.7580281820176773	0.0	0.0	60.90433583169583	0.0	0.0	0.0
GSM4138114_HNSCC_3_PBMC_CCTTCCCGTAGCGTCC	81.2232148962352	0.0	0.0	83.54162654928909	55.09359308034881	0.0	0.0	0.0	0.0	0.0	0.0	0.0	0.0	53.8543785742765	0.0	0.0
GSM4138114_HNSCC_3_PBMC_CCTTCCCTCACATACG	90.68636021746627	99.14315456560752	63.3815508673313	0.0	0.0	0.0	78.31682715187408	0.0	0.0	0.0	0.0	0.0	0.0	6.211790912509008	0.0	0.0
GSM4138114_HNSCC_3_PBMC_CGAGCCAAGCGCTTAT	103.56065923360251	155.68247589747924	0.0	0.0	0.0	0.0	0.0	0.0	32.27773156113631	0.0	45.201314726144176	0.0	0.0	0.0	38.2397787745547	0.0
GSM4138114_HNSCC_3_PBMC_CGAGCCAGTCAAAGAT	343.0129594902207	323.09187655017945	131.4660143990065	0.0	0.0	0.0	0.0	0.0	0.0	0.0	0.0	122.03123005507142	0.0	0.0	0.0	0.0
GSM4138114_HNSCC_3_PBMC_CGCGGTATCATCACCC	139.67523464169687	144.30215284334318	0.0	0.0	0.0	102.08786436032288	0.0	21.43939856252424	0.0	0.0	114.77345024286383	0.0	0.0	0.0	0.0	0.0
GSM4138114_HNSCC_3_PBMC_CGCGTTTTCCCAAGTA	91.47463392545484	82.49523558939951	73.53527487460431	0.0	0.0	0.0	41.177710204837105	0.0	0.0	0.0	0.0	0.0	0.0	0.0	0.0	0.0
GSM4138114_HNSCC_3_PBMC_CGCTGGAGTAGCCTAT	86.82316630658751	0.0	0.0	0.0	0.0	190.11791307212124	0.0	0.0	0.0	144.3757652998247	0.0	0.0	0.0	0.0	0.0	109.19708461178163
GSM4138114_HNSCC_3_PBMC_CGGACGTGTAGATTAG	119.49296587173275	142.16413086884035	0.0	0.0	65.35543783167726	23.623061166549284	48.38613415786144	100.11386339049622	0.0	0.0	0.0	0.0	0.0	0.0	0.0	0.0
GSM4138114_HNSCC_3_PBMC_CGTCCATAGATGTGTA	83.47995512654934	125.18537968309	24.265082481540883	0.0	0.0	0.0	0.0	0.0	22.795691816535747	0.0	0.0	45.439127162104604	0.0	0.0	0.0	0.0
GSM4138114_HNSCC_3_PBMC_CGTCTACGTACCGAGA	98.53401514927165	0.0	0.0	108.86459020112743	0.0	0.0	0.0	88.32070204562014	0.0	0.0	0.0	0.0	0.0	0.0	0.0	133.96325427930512
GSM4138114_HNSCC_3_PBMC_CGTTCTGCACGTCTCT	95.19737555661206	78.11954858361051	88.6250796955814	4.648667822894042	0.0	0.0	0.0	0.0	0.0	0.0	0.0	73.56260661706929	0.0	0.0	0.0	0.0
GSM4138114_HNSCC_3_PBMC_CTAGAGTCAAGCCATT	38.223815157039944	113.87748947361666	0.0	0.0	0.0	36.303001064331504	107.54117778148064	0.0	60.983598916147024	0.0	0.0	0.0	0.0	0.0	0.0	0.0
GSM4138114_HNSCC_3_PBMC_CTCAGAAGTCAGTGGA	57.33085354168875	104.42794873649596	27.573533730808307	0.0	0.0	22.34480857249648	0.0	0.0	0.0	0.0	90.8015608730802	0.0	0.0	0.0	0.0	0.0
GSM4138114_HNSCC_3_PBMC_CTCATTACATCGGTTA	66.460957187068	97.10553868381699	0.0	0.0	70.57093499431593	102.31647463259695	0.0	0.0	0.0	0.0	0.0	0.0	0.0	0.0	0.0	0.0
GSM4138114_HNSCC_3_PBMC_CTCATTATCGGAGCAA	63.353499671149144	0.0	58.1531674568625	0.0	0.0	0.0	0.0	0.0	0.0	84.28546854215865	96.25379377803179	0.0	0.0	0.0	0.0	0.0
GSM4138114_HNSCC_3_PBMC_CTGCTGTAGGACGAAA	51.32753496739192	0.0	0.0	163.56451200392323	0.0	0.0	0.0	0.0	92.07056717840243	0.0	0.0	0.0	0.0	0.0	0.0	105.61646684498618
GSM4138114_HNSCC_3_PBMC_CTGTTTAGTAAGTGTA	85.34312615233029	18.185660107263	0.0	69.97732386818781	2.8622189045322446	0.0	0.0	84.95654379430559	0.0	11.45896393700281	0.0	67.65394872094593	0.0	0.0	0.0	0.0
GSM4138114_HNSCC_3_PBMC_GAAATGACAGCTTAAC	78.6957289494716	0.0	63.95855907627424	106.80491218678316	44.446909629267715	0.0	0.0	0.0	0.0	17.910499071822773	0.0	0.0	0.0	0.0	0.0	0.0
GSM4138114_HNSCC_3_PBMC_GACCTGGGTTAAAGTG	72.29262657833802	0.0	0.0	76.48002758186543	0.0	0.0	20.411295593477195	0.0	9.866357292867786	0.0	58.71583058811808	0.0	0.0	22.503257344262387	25.029992522855228	0.0
GSM4138114_HNSCC_3_PBMC_GATCAGTTCATCTGCC	114.07812120354062	100.55716088043692	100.29390373254358	0.0	0.0	0.0	0.0	0.0	0.0	0.0	14.27914088477998	69.07839159745839	0.0	0.0	0.0	0.0
GSM4138114_HNSCC_3_PBMC_GATCGATTCGCCAAAT	98.37252116002041	130.42685988305524	0.0	0.0	57.530345709398645	85.11283474494422	0.0	0.0	0.0	0.0	31.43458933773864	0.0	0.0	0.0	0.0	0.0
GSM4138114_HNSCC_3_PBMC_GATCGTACATGCCCGA	69.88018061252994	0.0	0.0	98.93255494427581	0.0	0.0	0.0	0.0	61.54646735269264	0.0	0.0	0.0	65.46488404352361	0.0	0.0	0.0
GSM4138114_HNSCC_3_PBMC_GATCTAGGTCTTGATG	97.71793937116142	0.0	9.90094106699772	0.0	0.0	77.7465156850273	0.0	0.0	0.0	89.10241048965639	90.18811632843614	0.0	0.0	0.0	0.0	0.0
GSM4138114_HNSCC_3_PBMC_GCAAACTCAAACAACA	115.92679023959906	0.0	0.0	99.34798167014706	48.207639703381695	67.60548145159221	2.5722565449382166	13.402158343841796	0.0	0.0	41.374529699285816	0.0	0.0	0.0	0.0	0.0
GSM4138114_HNSCC_3_PBMC_GCAAACTGTTCTGTTT	76.31051726996029	122.07807869022939	0.0	0.0	0.0	0.0	0.0	64.94182917786513	0.0	0.0	0.0	84.09815943334006	0.0	0.0	0.0	0.0
GSM4138114_HNSCC_3_PBMC_GCACATATCAGGCGAA	118.43328481256998	221.22458651103753	89.01768108861243	0.0	108.68974640778367	0.0	0.0	0.0	0.0	0.0	0.0	0.0	0.0	13.93127714185492	0.0	0.0
GSM4138114_HNSCC_3_PBMC_GCATGATCAGCTGTGC	108.0969339442669	14.944679999834925	0.0	0.0	0.0	11.224131601943123	102.4298712575237	0.0	59.93685013018313	0.0	0.0	0.0	0.0	0.0	0.0	0.0
GSM4138114_HNSCC_3_PBMC_GCGACCACAGGGTACA	80.90160057336493	118.03118496802388	0.0	0.0	14.505905515295192	38.26450859312814	0.0	0.0	32.028860372945466	0.0	0.0	0.0	0.0	0.0	0.0	62.156640377439544
GSM4138114_HNSCC_3_PBMC_GCGCAACTCGTTGCCT	55.77813962610152	60.54778538987676	0.0	0.0	0.0	57.35193965913195	0.0	0.0	0.0	0.0	0.0	0.0	85.93786619492452	0.0	0.0	0.0
GSM4138114_HNSCC_3_PBMC_GCGCCAACAAGGCTCC	185.85683058134927	109.14421268518034	5.325472379376803	0.0	71.38150516140648	60.85167665204009	0.0	0.0	0.06089568803132698	0.0	0.0	0.0	0.0	0.0	0.0	0.0
GSM4138114_HNSCC_3_PBMC_GCTCTGTAGTGTCTCA	109.72224681099482	119.69137025984158	110.56524094221064	0.0	0.0	0.0	0.0	0.0	0.0	0.0	36.77664410303804	0.0	0.0	0.0	0.0	0.0
GSM4138114_HNSCC_3_PBMC_GCTGCTTAGATAGTCA	105.87293761331664	77.4412364495621	100.91011764757378	68.87162234980383	76.86305652123352	0.0	0.0	0.0	0.0	0.0	0.0	0.0	0.0	0.0	0.0	0.0
GSM4138114_HNSCC_3_PBMC_GGATGTTAGCTACCTA	119.5926664157368	121.36671441435978	0.0	0.0	99.30254567479253	207.176157379997	0.0	0.0	0.0	0.0	0.0	0.0	0.0	0.0	0.0	0.0
GSM4138114_HNSCC_3_PBMC_GGCCGATAGCACCGTC	96.18066087681528	100.58931046335682	69.0489951336958	0.0	131.12997212732887	0.0	0.0	20.73763053779236	0.0	0.0	0.0	0.0	0.0	3.9678210659390207	0.0	0.0
GSM4138114_HNSCC_3_PBMC_GGCGTGTGTCCCTTGT	63.39058316257831	0.0	1.0651027222370484	0.0	10.942054448311483	104.19290055372905	0.10665532525335239	0.0	0.0	127.99492231661952	31.414332650856196	9.572363851181912	11.81408887894103	0.0	0.0	0.0
GSM4138114_HNSCC_3_PBMC_GGGCACTTCAGCTCTC	83.66784823632946	124.58242727317693	76.94489570997577	0.0	0.0	0.0	0.0	0.0	0.0	0.0	0.0	67.85359048139719	0.0	0.0	0.0	0.0
GSM4138114_HNSCC_3_PBMC_GTAGGCCTCAAAGTAG	70.03296868297366	98.57387846728464	131.96032790491586	0.0	0.0	0.0	0.0	0.0	0.0	0.0	65.80058094627798	0.0	0.0	0.0	0.0	0.0
GSM4138114_HNSCC_3_PBMC_GTATCTTAGCTAAACA	118.03872653728695	91.239452663501	0.0	0.0	89.80392590067535	0.0	0.0	55.58275253457405	0.0	0.0	0.0	0.0	0.0	0.0	0.0	0.0
GSM4138114_HNSCC_3_PBMC_GTCTCGTCATCTCCCA	77.68042681912947	112.92419757328464	0.0	0.0	0.0	0.0	26.33105826014672	94.68752047450252	0.0	0.0	6.354299104464583	41.027742618667986	8.63452068928223	0.0	0.0	0.0
GSM4138114_HNSCC_3_PBMC_GTGTGCGGTTCGCTAA	119.54873765763381	91.54135724831353	98.79187663785238	0.0	0.0	0.0	0.0	0.0	0.0	0.0	0.0	87.17861539370796	0.0	0.0	0.0	0.0
GSM4138114_HNSCC_3_PBMC_GTTACAGAGAGCTGCA	102.46167681433072	99.62442597600274	63.12898894604796	0.0	0.0	0.0	0.0	0.0	0.0	0.0	0.0	0.0	56.85830615131828	0.0	0.0	0.0
GSM4138114_HNSCC_3_PBMC_GTTCATTAGCTACCTA	83.52108152114317	97.36441374855964	0.0	0.0	30.820647471044005	0.0	0.0	0.0	0.0	0.0	0.0	0.0	65.83789427497855	69.90005680694597	0.0	0.0
GSM4138114_HNSCC_3_PBMC_TAAGTGCAGTTCGCAT	65.06157828679628	50.35279407631593	85.0302888504999	0.0	0.0	0.0	47.828264459541266	0.0	0.0	0.0	0.0	0.0	43.03042733254053	0.0	0.0	0.0
GSM4138114_HNSCC_3_PBMC_TACTTGTCAAGCGAGT	99.96594387548713	70.2702576488913	53.47244086466996	0.0	0.0	25.59659991115952	0.0	0.0	0.0	14.668491090416662	49.79466210236391	0.0	0.0	0.0	0.0	0.0
GSM4138114_HNSCC_3_PBMC_TAGACCATCCGGGTGT	31.578702604244597	120.90133410531912	11.676212294659475	0.0	0.0	84.59890594425183	0.0	0.0	0.0	0.0	7.563375923097935	77.16151933782399	0.0	0.0	0.0	0.0
GSM4138114_HNSCC_3_PBMC_TAGGCATAGCCACGCT	293.04599073434315	471.0737555977828	224.75502385707227	0.0	0.0	0.0	0.0	0.0	0.0	0.0	0.0	225.98815064213593	0.0	0.0	0.0	0.0
GSM4138114_HNSCC_3_PBMC_TATTACCAGTGACTCT	73.29745865874607	0.0	98.97736784861938	118.88002603487962	0.0	0.0	59.09808090692345	0.0	0.0	0.0	0.0	0.0	0.0	0.0	0.0	13.11492295591885
GSM4138114_HNSCC_3_PBMC_TCAACGACAGACACTT	90.61726496384632	90.42246703886734	37.46829003999122	0.0	0.0	19.44518473854983	83.58983381002487	0.0	0.0	0.0	0.0	0.0	0.0	9.677754927484568	0.0	0.0
GSM4138114_HNSCC_3_PBMC_TCAGGATTCCGTTGTC	106.19413436445731	42.546485317895225	0.0	0.0	20.154305534497052	42.09164507610425	0.0	0.0	27.05832491304453	0.0	0.0	80.99127919856453	0.0	0.0	0.0	0.0
GSM4138114_HNSCC_3_PBMC_TCATTTGGTTCCCGAG	47.28541169620351	86.61883141430756	24.228628414872873	0.0	41.671967224249386	0.0	0.0	75.65308177235185	0.0	0.0	0.0	0.0	0.0	0.0	0.0	0.0
GSM4138114_HNSCC_3_PBMC_TCGAGGCGTACTCTCC	70.71437110713526	87.20098671907216	15.032807953649158	0.0	51.600342017057	72.81489330425678	0.0	0.0	0.0	0.0	0.0	28.52157087650634	0.0	0.0	0.0	0.0
GSM4138114_HNSCC_3_PBMC_TCGCGAGTCTATCCTA	140.83735010336775	113.8722243980339	0.0	0.0	0.0	0.0	0.0	0.0	62.74363389647873	0.0	0.0	0.0	104.74702401211759	56.79315197904846	0.0	0.0
GSM4138114_HNSCC_3_PBMC_TCTGGAAGTGTAAGTA	76.22763035625567	92.05840559287331	0.0	0.0	0.0	0.0	25.04864599077193	57.51762420305809	10.646251546813781	0.0	0.0	0.0	0.0	0.0	0.0	53.42299390557536
GSM4138114_HNSCC_3_PBMC_TGACTAGTCTGAAAGA	70.19680593512739	104.42018052860949	0.0	0.0	21.951897522813063	0.0	0.0	62.24259875359347	0.0	0.0	0.0	39.56076859283557	0.0	0.0	0.0	0.0
GSM4138114_HNSCC_3_PBMC_TGACTTTCAATGGAAT	67.45454386513498	69.6028647073716	0.0	0.0	34.784852651380504	48.43917344498454	0.0	0.0	0.0	0.0	0.0	0.0	0.0	0.0	0.0	0.0
GSM4138114_HNSCC_3_PBMC_TGAGAGGGTCCGAATT	166.8817835032923	127.3547776275185	0.0	0.0	0.0	77.46111998771362	0.0	0.0	0.0	0.0	90.70389193506729	0.0	0.0	0.0	0.0	0.0
GSM4138114_HNSCC_3_PBMC_TGAGCCGGTACAGCAG	83.24308762764117	0.0	77.61021219590103	0.0	48.31451469362839	66.92686617128155	0.0	0.0	0.0	179.2798808551763	0.0	0.0	0.0	0.0	0.0	0.0
GSM4138114_HNSCC_3_PBMC_TGAGGGAAGGGTGTGT	175.43864299229378	187.59353191562374	103.64963903245459	0.0	0.0	0.0	0.0	0.0	0.0	0.0	62.020601316330094	0.0	0.0	0.0	0.0	0.0
GSM4138114_HNSCC_3_PBMC_TGAGGGAGTAGCCTAT	66.92459080837021	109.77007033161316	0.0	0.0	42.23647016855173	17.60421100658547	0.0	60.02493220667318	0.0	0.0	0.0	0.0	0.0	0.0	0.0	0.0
GSM4138114_HNSCC_3_PBMC_TGCGCAGAGGTAGCTG	83.02693302529319	123.51744559063118	0.0	0.0	45.31600620888673	82.50653141427728	0.0	0.0	0.0	0.0	0.0	0.0	23.57927354400228	0.0	0.0	0.0
GSM4138114_HNSCC_3_PBMC_TGGACGCGTTCCACAA	270.9407176653089	376.7165278795779	0.0	0.0	0.0	0.0	0.0	126.3402663066625	0.0	0.0	215.93032678882503	0.0	0.0	0.0	0.0	0.0
GSM4138114_HNSCC_3_PBMC_TTCTACAGTCTAGTGT	102.72657917060529	0.0	0.0	77.78874843841764	43.63606403238951	0.0	0.0	0.0	75.0395257509941	0.0	0.0	0.0	0.0	0.0	0.0	0.0
GSM4138114_HNSCC_3_PBMC_TTCTACATCTGCGTAA	133.2494150422191	194.9298219877309	67.74856455617106	0.0	21.138796270488164	51.59056087623738	58.39996747547701	0.0	28.584833541330163	0.0	0.0	0.0	0.0	0.0	0.0	0.0
GSM4138114_HNSCC_3_PBMC_TTCTCAAGTCAAGCGA	41.95290567681312	122.10958172678384	9.705815432056976	0.0	23.131697565487922	0.0	0.0	0.0	99.58358721532377	0.0	0.0	0.0	0.0	0.0	0.0	0.0
GSM4138114_HNSCC_3_PBMC_TTCTCAAGTTATGTGC	128.36585861118843	74.24621990841986	0.0	0.0	0.0	77.53643582645886	65.39808708026254	0.0	0.0	0.0	0.0	0.0	0.0	0.0	0.0	0.0
GSM4138114_HNSCC_3_PBMC_TTCTTAGAGGCTCTTA	64.04022147165567	66.7055180274799	0.0	0.0	80.62313966598708	0.0	0.0	0.0	0.0	0.0	0.0	0.0	0.0	0.0	81.7413904216987	0.0
GSM4138114_HNSCC_3_PBMC_TTTCCTCTCCTTTCTC	44.36588308923891	0.0	0.0	0.0	38.1877209101656	0.0	14.680498348085099	0.0	86.37685830227535	57.58125853115047	0.0	0.0	0.0	0.0	0.0	0.0
GSM4138114_HNSCC_3_PBMC_TTTGTCACACGAAAGC	91.71996615013988	90.46504964318963	0.0	0.0	88.71359220898479	75.91970814482805	0.0	15.798515904555414	0.0	0.0	0.0	0.0	0.0	0.0	0.0	0.0
GSM4138114_HNSCC_3_PBMC_TGTGTTTTCCCATTAT	228.03378284940462	355.41079611059337	134.0084044728129	0.0	0.0	0.0	0.0	0.0	0.0	0.0	53.354535818023336	0.0	0.0	0.0	0.0	0.0
GSM4138114_HNSCC_3_PBMC_AACCATGAGCTAAACA	96.23269542546377	98.16598193372197	0.0	0.0	0.0	24.21717622218144	12.0010525759698	97.25650566935714	0.0	0.0	21.33055741333209	0.0	45.127864208134405	0.0	0.0	0.0
GSM4138114_HNSCC_3_PBMC_AACTTTCCAGCCTTTC	82.68300629677738	0.0	70.31129801757707	0.0	0.0	0.0	94.0474251339897	0.0	49.63409398862968	140.27084978860228	0.0	0.0	0.0	0.0	0.0	0.0
GSM4138114_HNSCC_3_PBMC_AAGGTTCGTAAATGAC	74.22472950223487	112.32381133247705	15.716514277691292	15.73088756899539	0.0	0.0	49.152464399841946	18.217910707672033	0.0	0.0	0.0	0.0	0.0	16.860111429725595	0.0	0.0
GSM4138114_HNSCC_3_PBMC_ACAGCCGCATCCCACT	151.35218000928623	163.77240564080253	0.0	0.0	97.90975913471941	106.30907065459704	0.0	0.0	0.0	0.0	0.0	0.0	0.0	0.0	0.0	0.0
GSM4138114_HNSCC_3_PBMC_ACATACGGTCACTGGC	106.53310649877903	126.52757923446956	0.0	0.0	58.179588435625455	0.0	0.0	0.0	154.95611151535138	0.0	0.0	0.0	71.2492975236886	0.0	0.0	0.0
GSM4138114_HNSCC_3_PBMC_ACCCACTCATGGTCAT	68.8690170223303	0.0	0.0	0.0	0.0	76.06067746535179	81.59569512607924	0.0	0.0	116.90073252324108	0.0	0.0	0.0	0.0	0.0	0.0
GSM4138114_HNSCC_3_PBMC_ACGATGTGTACCATCA	128.2273732406473	0.0	115.25138566315856	0.0	0.0	0.0	0.0	0.0	0.0	154.84958802463163	78.87793327218468	50.33798222610754	0.0	0.0	0.0	0.0
GSM4138114_HNSCC_3_PBMC_ACGCCAGCACACTGCG	95.06990031930395	0.0	0.0	174.0189067873195	109.93665778157309	63.852520167898206	0.0	0.0	63.7918334859729	0.0	0.0	0.0	0.0	0.0	0.0	0.0
GSM4138114_HNSCC_3_PBMC_ACGGGTCGTTACGACT	60.93036379319966	82.79022714858188	128.80204435916093	0.0	0.0	0.0	0.0	0.0	0.0	0.0	39.75756745998135	0.0	0.0	0.0	0.0	0.0
GSM4138114_HNSCC_3_PBMC_ACGGGTCTCTGCCCTA	71.61029464306628	0.0	0.0	0.0	0.0	0.0	53.56637296021404	88.16102359066072	0.0	57.36962470957442	0.0	0.0	0.0	0.0	0.0	0.0
GSM4138114_HNSCC_3_PBMC_ACTTACTGTCATGCAT	143.09471113222622	103.82318493935622	0.0	0.0	0.5180341433518494	0.0	0.0	0.0	0.0	0.0	7.284212473032151	61.28116944019684	0.0	38.95564597043424	0.0	0.0
GSM4138114_HNSCC_3_PBMC_ACTTGTTAGAGTAAGG	59.94103596395114	109.79615305074122	0.0	0.0	0.0	64.02435479181902	0.0	0.0	70.02707642819337	0.0	35.07016761592519	0.0	0.0	0.0	0.0	0.0
GSM4138114_HNSCC_3_PBMC_AGCGTCGCAACTGCGC	82.71404044903439	19.366903949075457	63.138051354596016	75.53189428144039	0.0	0.0	98.67562706950362	0.0	0.0	0.0	0.0	0.0	9.08958811570704	0.0	0.0	0.0
GSM4138114_HNSCC_3_PBMC_AGCTTGAAGGAGCGTT	60.13573848643037	0.0	84.8736191052691	0.0	0.0	0.0	42.04555516298171	0.0	0.0	120.85492680646833	0.0	0.0	0.0	0.0	0.0	0.0
GSM4138114_HNSCC_3_PBMC_AGGGATGCATCCGCGA	93.37282224435805	0.0	83.38420580857611	145.46594382641564	0.0	0.0	68.4459918594168	0.0	0.0	0.0	0.0	0.0	0.0	0.0	0.0	0.0
GSM4138114_HNSCC_3_PBMC_AGGTCATAGTTGCAGG	160.8235073835024	0.0	23.596379639599746	96.06290932401417	0.0	0.0	0.0	102.10613400568987	20.11902565667164	0.0	0.0	0.0	135.19736547756173	0.0	0.0	0.0
GSM4138114_HNSCC_3_PBMC_AGGTCCGTCAGCTGGC	75.45774483553252	86.8834284599543	55.227149752215574	0.0	30.851581917481532	0.0	0.0	0.0	0.0	0.0	0.0	0.0	0.0	0.0	0.0	0.0
GSM4138114_HNSCC_3_PBMC_AGTGGGATCGATAGAA	77.30163293186716	0.0	0.0	110.51436797424438	0.0	65.23455765196928	0.0	0.0	38.279512305158	33.37800727286205	0.0	0.0	117.07509857920249	0.0	0.0	0.0
GSM4138114_HNSCC_3_PBMC_AGTGTCAAGTGTACTC	75.44597179145516	119.25569759062356	80.63393457279581	0.0	73.00523230950047	0.0	0.0	0.0	0.0	0.0	0.0	0.0	0.0	0.0	0.0	0.0
GSM4138114_HNSCC_3_PBMC_ATAGACCAGTGACATA	150.7706838205641	151.23075383644886	133.45244305360697	0.0	61.77985840802055	0.0	11.993046616332405	0.0	0.0	0.0	0.0	0.0	0.0	0.0	0.0	0.0
GSM4138114_HNSCC_3_PBMC_ATCACGAGTAAGTTCC	145.42458956769633	9.95056534412806	0.0	83.64633733424668	37.07720870001501	0.0	0.0	0.0	0.0	0.0	0.0	0.0	0.0	60.16500418791548	0.0	0.0
GSM4138114_HNSCC_3_PBMC_ATGGGAGTCACGCGGT	153.68342622761776	12.388393738451539	121.46191349516376	0.0	0.0	0.0	0.0	0.0	0.0	159.4934745406589	85.9320297102907	0.0	0.0	0.0	0.0	0.0
GSM4138114_HNSCC_3_PBMC_ATTGGACTCTCTTATG	56.66588437531888	47.44566959895548	0.0	0.0	46.27167095354948	0.0	0.0	0.0	0.0	0.0	0.0	0.0	0.0	45.66192286563946	0.0	0.0
GSM4138114_HNSCC_3_PBMC_CAACCTCGTACATCCA	121.35189564929739	113.47216240289832	76.95659308461127	0.0	0.0	0.0	82.24885146861847	0.0	0.0	0.0	0.0	0.0	25.34890314699517	0.0	0.0	0.0
GSM4138114_HNSCC_3_PBMC_CAACTAGCACAACGCC	95.8777141603888	103.78100429954145	19.059218004880247	0.0	0.0	0.0	38.78629264094505	0.0	72.43015394601015	0.0	0.0	0.0	0.0	0.0	0.0	0.0
GSM4138114_HNSCC_3_PBMC_CAAGAAATCTATGTGG	82.87928143173085	93.75607053180947	0.0	0.0	0.0	0.0	0.0	0.0	67.23785944985214	0.0	0.0	0.0	61.91814101491771	0.0	27.71008893976804	0.0
GSM4138114_HNSCC_3_PBMC_CAAGATCCACCAGATT	75.26671834011955	96.50696074883143	0.0	0.0	0.0	68.98293177847505	89.01421134880829	0.0	39.44756001440453	0.0	0.0	0.0	0.0	0.0	0.0	0.0
GSM4138114_HNSCC_3_PBMC_CAGTAACAGCAACGGT	97.41696978026	83.81463034828585	68.56821116946496	0.0	53.176420010930556	0.0	0.0	0.0	0.0	0.0	0.0	0.0	0.0	0.0	0.0	0.0
GSM4138114_HNSCC_3_PBMC_CATATGGCAAGTAGTA	163.37731000011652	157.26048523880246	109.5142111826047	0.0	0.0	0.0	0.0	0.0	0.0	0.0	0.0	84.07872764469184	0.0	0.0	0.0	0.0
GSM4138114_HNSCC_3_PBMC_CATATGGGTACGAAAT	92.541821540282	54.696926132969075	86.67822444018248	0.0	0.0	0.0	0.0	0.0	0.0	0.0	0.0	0.0	85.58847771454721	0.0	0.0	0.0
GSM4138114_HNSCC_3_PBMC_CATCCACTCGCATGGC	128.26952457662247	0.0	0.0	0.0	92.3105788324437	123.81848482017746	0.0	0.0	0.0	142.42518184579296	0.0	0.0	0.0	0.0	0.0	0.0
GSM4138114_HNSCC_3_PBMC_CCAGCGATCACAATGC	92.8249684001955	0.0	0.0	126.91582971088054	97.08304129297669	4.1414870626610725	0.0	0.0	0.0	0.0	0.0	0.0	0.0	0.0	99.12430042851307	0.0
GSM4138114_HNSCC_3_PBMC_CCCATACGTTTGGGCC	140.47425435031283	0.0	0.0	0.0	0.0	0.0	89.37621681970496	102.98738859024164	0.0	147.9868566299338	0.0	0.0	0.0	0.0	0.0	0.0
GSM4138114_HNSCC_3_PBMC_CCGGGATTCAGCTCGG	61.31243562030124	71.10633399172012	0.0	0.0	57.107776719351996	0.0	0.0	121.70368290021463	0.0	0.0	0.0	7.190311660385153	0.0	0.0	0.0	0.0
GSM4138114_HNSCC_3_PBMC_CCGGTAGAGGACAGAA	276.46377416511683	232.13864225333353	158.12220656181933	0.0	161.01987062828985	0.0	0.0	0.0	42.61249917890384	0.0	0.0	0.0	0.0	0.0	0.0	0.0
GSM4138114_HNSCC_3_PBMC_CCGGTAGCAGCATGAG	52.16984471666738	0.0	69.4954484929763	33.41218558764875	0.0	44.76487461461497	0.0	0.0	0.0	71.62294245296742	74.8799855400377	0.0	0.0	0.0	0.0	0.0
GSM4138114_HNSCC_3_PBMC_CCGTACTCATCGATGT	65.92652796878326	132.53907650094393	65.1554180532186	0.0	0.0	6.951621871585505	0.0	0.0	0.0	0.0	53.40836243829946	0.0	0.0	0.0	0.0	0.0
GSM4138114_HNSCC_3_PBMC_CCTATTAGTCCAAGTT	71.56668071700095	74.04445191801777	40.15555971006887	0.0	58.15967795721919	0.0	0.0	0.0	0.0	0.0	0.0	0.0	0.0	0.0	0.0	0.0
GSM4138114_HNSCC_3_PBMC_CCTTCGAGTGGCTCCA	105.00816784357227	42.10056313108172	0.0	17.237598648600205	57.99956138706342	152.83072795366752	0.0	0.0	0.0	0.0	0.0	0.0	0.0	0.0	0.0	0.0
GSM4138114_HNSCC_3_PBMC_CCTTTCTCAAAGGCGT	158.82332771103472	119.78268129095201	104.69127838858071	0.0	53.49105194672647	0.0	0.0	0.0	0.0	0.0	0.0	0.0	0.0	0.0	0.0	0.0
GSM4138114_HNSCC_3_PBMC_CGAGAAGAGTGCGTGA	72.75035113210224	15.740135004020695	79.11556537022913	71.45427266418972	0.0	0.0	0.0	0.0	0.0	0.0	0.0	0.0	66.05038955199443	0.0	0.0	0.0
GSM4138114_HNSCC_3_PBMC_CGATGTAAGGACTGGT	81.98619945608621	0.0	173.81079539725255	78.08095331030817	0.0	0.0	0.0	0.0	0.0	0.0	0.0	0.0	0.0	0.0	0.0	104.14870816707487
GSM4138114_HNSCC_3_PBMC_CGGACACGTGACCAAG	104.15110083324969	0.0	105.2469003259214	96.13771146231109	0.0	0.0	85.58202776478232	0.0	0.0	33.53165766860002	0.0	0.0	0.0	0.0	0.0	0.0
GSM4138114_HNSCC_3_PBMC_CGGACTGGTTCTGTTT	84.08087716765428	0.0	0.0	0.0	0.0	0.0	63.9853862634812	0.0	130.1758711762222	90.18649367308524	0.0	0.0	0.0	0.0	0.0	0.0
GSM4138114_HNSCC_3_PBMC_CGGGTCACATCTATGG	37.76576053415715	69.2602327832774	0.0	0.0	0.0	0.0	58.68206632241337	57.049450289830716	0.0	0.0	0.0	0.0	13.818925740842875	0.0	0.0	0.0
GSM4138114_HNSCC_3_PBMC_CGTGTCTTCATGCTCC	106.39202116433773	116.52736647245307	37.02887875460137	0.0	0.0	74.1510769547222	118.96338534483019	0.0	0.0	0.0	0.0	0.0	0.0	0.0	0.0	0.0
GSM4138114_HNSCC_3_PBMC_CTAACTTGTGGCAAAC	100.9957508133457	195.31482590411494	0.0	0.0	0.0	6.501036885985803	0.0	0.0	0.0	0.0	0.0	83.08378131945274	0.0	0.0	87.59921017421924	0.0
GSM4138114_HNSCC_3_PBMC_CTAACTTTCAGCTGGC	60.31530355891023	0.0	0.0	125.76890494815329	0.0	133.57265923179264	107.92608694755548	0.0	0.0	0.0	0.0	0.0	0.0	0.0	0.0	9.165842398937732
GSM4138114_HNSCC_3_PBMC_CTCGAAACAAGGACAC	138.7465701543056	151.02339005006598	1.3512159335831133	0.0	126.06151515306705	0.0	0.0	0.0	13.87730217273344	0.0	0.0	0.0	0.0	107.16316753007371	0.0	0.0
GSM4138114_HNSCC_3_PBMC_CTCTACGAGTGCGTGA	83.10934124788758	62.82317716469071	41.15476694134903	0.0	0.0	0.0	59.67817956043562	0.0	0.0	0.0	0.0	0.0	0.0	30.33288356339327	0.0	0.0
GSM4138114_HNSCC_3_PBMC_CTGAAGTAGAAACCGC	59.48146690059688	88.00558650901651	0.0	0.0	0.0	0.0	60.874229162356215	0.0	65.81521409507062	0.0	0.0	0.0	52.027033292932664	0.0	0.0	0.0
GSM4138114_HNSCC_3_PBMC_CTGAAGTCACTAAGTC	94.6306515014298	120.95034395369248	0.0	0.0	59.10046354463736	0.0	0.0	115.84329240752783	0.0	0.0	0.0	0.0	0.0	0.0	0.0	0.0
GSM4138114_HNSCC_3_PBMC_CTGTTTACACAACGTT	96.97212768825126	0.0	0.0	24.954910466331476	53.372697774965474	102.77744306700235	0.0	0.0	0.0	14.989480365714313	0.3388056252096128	0.0	0.0	0.0	0.0	0.0
GSM4138114_HNSCC_3_PBMC_GAACGGATCAGGTTCA	49.26652897428273	126.01857062504506	41.50314316116098	0.0	0.0	26.7609749580903	0.0	0.0	0.0	14.058201100822817	64.90814350160372	0.0	0.0	0.0	0.0	0.0
GSM4138114_HNSCC_3_PBMC_GACCTGGCAAGACACG	104.55724555463509	192.78858430398498	117.25374492065059	0.0	0.0	0.0	0.0	0.0	0.0	0.0	8.828790825550882	74.21170839480968	0.0	0.0	0.0	0.0
GSM4138114_HNSCC_3_PBMC_GACGCGTAGTTAGGTA	79.3630080913748	0.0	0.0	163.08994197320678	0.0	0.0	5.793421306974831	0.0	94.26257712900284	0.0	0.0	0.0	68.5183129058859	0.0	0.0	0.0
GSM4138114_HNSCC_3_PBMC_GACTACAAGCGTTCCG	157.08707400994015	130.78551174859282	139.80011694999507	42.07902841741252	0.0	0.0	169.69851956456122	0.0	0.0	0.0	0.0	0.0	0.0	0.0	0.0	0.0
GSM4138114_HNSCC_3_PBMC_GCACATAGTTGTCGCG	104.37491220368418	0.0	0.0	142.74018376500464	0.0	0.0	67.55759165897713	0.0	132.11631882690423	0.0	31.45673213642011	0.0	0.0	0.0	0.0	0.0
GSM4138114_HNSCC_3_PBMC_GCATACAGTCAGATAA	112.16625769774986	0.0	6.490630788414414	153.01324799301636	0.0	0.0	7.672741457571929	33.43889598469262	0.0	0.0	0.0	0.0	71.60509626596576	0.0	0.0	0.0
GSM4138114_HNSCC_3_PBMC_GCATGTAGTATGAAAC	80.73119936300864	0.0	56.73062866286643	0.0	0.0	0.0	2.9293327623391474	0.0	0.0	85.4325834853028	55.6018180781788	0.0	0.0	0.0	0.0	0.0
GSM4138114_HNSCC_3_PBMC_GCCAAATGTCCTAGCG	74.8420303684977	82.42113982381916	0.0	0.0	0.0	0.0	102.86500342642175	0.0	62.41198913853169	0.0	0.0	0.0	0.0	5.194912388515361	0.0	0.0
GSM4138114_HNSCC_3_PBMC_GCGCAGTAGTTGTAGA	107.67463893018113	0.0	0.0	55.384748842296034	0.0	87.55886732313508	74.78836462306903	0.0	0.0	24.150127304820394	40.56480148089197	0.0	0.0	0.0	0.0	0.0
GSM4138114_HNSCC_3_PBMC_GGAAAGCCATGGTTGT	69.44523680616997	0.0	0.0	95.60506747773032	71.93912592174335	121.13724681042578	0.0	0.0	0.0	0.0	0.0	0.0	0.0	0.0	0.0	0.0
GSM4138114_HNSCC_3_PBMC_GGAAAGCTCACAACGT	111.68103229160296	0.0	0.0	180.21942739222672	0.0	150.5264366892589	43.16638684697629	0.0	0.0	0.0	0.0	0.0	0.0	0.0	0.0	0.0
GSM4138114_HNSCC_3_PBMC_GGACAAGTCGCCGTGA	193.03567934210855	21.773712493376916	70.75543873844283	186.28574895403523	133.66145207568658	0.0	0.0	0.0	104.78460627162593	0.0	0.0	0.0	0.0	0.0	0.0	0.0
GSM4138114_HNSCC_3_PBMC_GGACGTCTCGACGGAA	124.67279057774823	110.0699308152921	66.8167534148389	0.0	0.0	0.0	0.0	0.0	0.0	0.0	46.35444067092816	0.0	0.0	0.0	0.0	0.0
GSM4138114_HNSCC_3_PBMC_GGATTACTCCACGCAG	119.61189245688578	0.0	72.73908865465461	107.36701816648866	5.177476477007049	0.0	0.0	0.0	54.15082765145891	0.0	23.207158364640648	0.0	84.47020913958978	0.0	0.0	0.0
GSM4138114_HNSCC_3_PBMC_GGGAATGGTCAAGCGA	93.63281054617175	41.55238596094067	0.0	32.67167174583529	0.0	0.0	0.0	0.0	0.0	0.0	0.0	94.963684550437	0.0	0.0	82.62351099693659	0.0
GSM4138114_HNSCC_3_PBMC_GTACGTAGTAACGCGA	145.97715843794865	0.0	0.0	0.0	0.0	0.0	0.0	0.0	12.343256377936854	159.29401161785069	0.0	0.0	104.2019686395633	75.3548597037232	0.0	0.0
GSM4138114_HNSCC_3_PBMC_GTATTCTAGGCTAGGT	95.42389549195184	0.0	0.0	212.4977419094833	54.49733492127633	0.0	0.0	81.94673350138781	0.0	0.0	0.0	0.0	0.0	0.0	0.0	0.0
GSM4138114_HNSCC_3_PBMC_GTATTCTGTGCTAGCC	86.58003808935804	0.0	0.0	0.0	0.0	0.0	115.75129232412863	78.46684233780516	0.0	68.27186533674127	0.0	0.0	0.0	0.0	0.0	0.0
GSM4138114_HNSCC_3_PBMC_GTGCAGCTCTAAGCCA	66.11096187998409	80.82592934512387	29.52673092931039	0.0	0.0	0.0	54.93830517513064	0.0	40.59494346732648	0.0	0.0	0.0	0.0	0.0	0.0	0.0
GSM4138114_HNSCC_3_PBMC_GTGCGGTGTGTGTGCC	107.2968493812664	112.09318498811155	0.0	0.0	0.0	0.0	65.93429307817993	0.0	0.0	0.0	0.0	0.0	0.0	0.0	77.84944083660963	0.0
GSM4138114_HNSCC_3_PBMC_GTGCTTCTCCTAGGGC	79.19271246533305	0.0	0.0	98.4733132312666	0.0	0.0	61.76467109829116	0.0	0.0	0.0	0.0	0.0	29.57845111486969	0.0	72.17783225193205	0.0
GSM4138114_HNSCC_3_PBMC_GTTAAGCGTCTCCATC	72.4101350499439	0.0	0.0	125.54949859320806	0.0	118.7324982700808	39.7544699685739	0.0	0.0	0.0	21.03628372855322	0.0	0.0	0.0	0.0	0.0
GSM4138114_HNSCC_3_PBMC_GTTAAGCTCTGCCCTA	79.5930917911005	143.89106130970623	91.80216638350355	14.6392193416277	0.0	0.0	8.671843447961518	0.0	0.0	0.0	78.66770911914591	6.9076660474640335	0.0	0.0	0.0	0.0
GSM4138114_HNSCC_3_PBMC_GTTCGGGGTTAGTGGG	112.57777418206742	122.07266152287075	18.710669073579773	0.0	0.0	0.0	14.233316734276587	141.53396190313424	0.0	0.0	78.84108681587328	0.0	0.0	0.0	0.0	0.0
GSM4138114_HNSCC_3_PBMC_GTTCTCGGTGGCGAAT	78.47284488953693	0.0	29.258481241963192	93.42993929099018	27.79912530973539	13.447775452163658	0.0	0.0	27.09768439262399	0.0	0.0	0.0	20.396952823072176	0.0	0.0	0.0
GSM4138114_HNSCC_3_PBMC_TACACGAAGTACCGGA	65.75029692690126	94.60745211471	0.0	0.0	63.215942820267465	0.0	0.0	0.0	85.95412546885468	0.0	0.0	0.0	0.0	0.0	0.0	0.0
GSM4138114_HNSCC_3_PBMC_TATCTCAAGGCGTACA	48.07427999177499	0.0	56.836370776438514	0.0	0.0	0.0	72.66302350935034	0.0	28.859215354079424	198.5734589124963	0.0	0.0	0.0	0.0	0.0	0.0
GSM4138114_HNSCC_3_PBMC_TATCTCAGTACTCAAC	71.37257168508812	74.92844995955409	92.27585683699442	0.0	0.0	0.0	0.0	0.0	0.0	0.0	98.69132555524331	0.0	0.0	0.0	0.0	0.0
GSM4138114_HNSCC_3_PBMC_TATGCCCCATGCCTTC	90.56163147172543	0.0	0.0	0.0	0.0	6.304751850803668	105.23467660335345	0.0	127.19635504127027	126.83222322060647	0.0	0.0	0.0	0.0	0.0	0.0
GSM4138114_HNSCC_3_PBMC_TCACAAGCAAGCGATG	67.05901104934358	58.16684299499798	0.0	0.0	0.0	102.45429589590229	0.0	0.0	0.0	0.0	51.960988426757815	0.0	0.0	0.0	0.0	0.0
GSM4138114_HNSCC_3_PBMC_TCAGCTCCACATTTCT	105.03082262529789	96.43609598739711	79.10606396637228	0.0	0.0	10.492699613943303	70.42398156060918	0.0	0.0	18.43426447258804	13.684629697424796	0.0	0.0	0.0	0.0	0.0
GSM4138114_HNSCC_3_PBMC_TCAGGATCACCGAAAG	88.70117737777176	0.0	0.0	92.70469450030514	0.0	0.0	20.37855927590815	0.0	0.0	0.0	2.2460590952484014	14.462288707474883	0.0	0.0	135.04557452137706	0.0
GSM4138114_HNSCC_3_PBMC_TCATTTGGTTGGACCC	70.87461848371146	0.0	69.33702816424841	74.31150527462111	0.0	0.0	0.0	0.0	0.0	0.0	30.251828564891813	0.0	0.0	0.0	0.0	0.0
GSM4138114_HNSCC_3_PBMC_TCGCGTTCAGATCGGA	95.38860339961214	0.0	0.0	157.7534428853477	45.8809246911961	0.0	24.62813343075738	23.418443604716096	0.0	0.0	0.0	0.0	0.0	87.61028894896293	0.0	0.0
GSM4138114_HNSCC_3_PBMC_TCGTACCGTCCTAGCG	78.58050463105882	0.0	0.0	76.017905524189	0.0	0.0	0.0	0.0	145.70511359163794	79.33354894416985	74.57281434694389	0.0	0.0	0.0	0.0	0.0
GSM4138114_HNSCC_3_PBMC_TCTCTAAGTGATGTCT	99.60871829494033	108.12645428604996	0.0	0.0	0.0	0.0	71.67753431724653	0.0	40.03453605183285	0.0	0.0	0.0	0.0	0.0	0.0	0.0
GSM4138114_HNSCC_3_PBMC_TCTCTAATCCTGTACC	56.49807046724253	0.0	0.0	125.7997766639529	0.0	0.0	0.0	67.8871895089196	0.0	0.0	0.0	0.0	86.64783983994285	0.0	0.0	0.0
GSM4138114_HNSCC_3_PBMC_TCTGGAAAGAGTGACC	113.62837564306575	151.1463367595929	106.7992665168912	0.0	0.0	0.0	0.0	0.0	0.0	0.0	124.85197242426304	0.0	0.0	0.0	0.0	0.0
GSM4138114_HNSCC_3_PBMC_TCTTTCCGTCCGCTGA	65.8797939858399	127.96489113081117	0.0	0.0	0.0	0.0	0.0	0.0	0.0	0.0	62.44816944863313	0.0	0.0	0.0	50.63439850722509	0.0
GSM4138114_HNSCC_3_PBMC_TGAAAGACAGACAAAT	101.12425815076809	125.3248045028178	59.83555269579157	0.0	58.63303410819763	49.89620372913153	0.0	0.0	0.0	0.0	0.0	0.0	0.0	0.0	0.0	0.0
GSM4138114_HNSCC_3_PBMC_TGACGGCGTAAGGGCT	59.93743364311686	110.99209349518398	100.99192605856072	34.00328506119697	0.0	0.0	0.0	0.0	0.0	0.0	0.0	0.0	0.0	0.0	0.0	72.41458334265901
GSM4138114_HNSCC_3_PBMC_TGCTGCTCAACGCACC	84.18171868160714	110.10801829814258	68.9108010701893	0.0	0.0	0.0	0.0	0.0	0.0	0.0	0.0	77.61176936044458	0.0	0.0	0.0	0.0
GSM4138114_HNSCC_3_PBMC_TGTATTCTCCCTAACC	93.99154770342764	0.0	91.22424363062625	72.33522488331207	0.0	0.0	0.0	0.0	0.0	0.0	0.0	68.13561016292597	0.0	0.0	0.0	0.0
GSM4138114_HNSCC_3_PBMC_TTAACTCTCCTGCTTG	109.47363712914343	0.0	39.77119219303439	101.20785163904982	93.55001824928515	19.714894668759637	0.0	0.0	36.714395732418325	0.0	0.0	0.0	0.0	0.0	0.0	0.0
GSM4138114_HNSCC_3_PBMC_TTCTCCTTCTTGTATC	149.8912241310799	24.57998708111964	126.165617620238	181.7955980496985	0.0	0.0	0.0	0.0	0.0	0.0	0.0	0.0	109.5349442882504	0.0	0.0	0.0
GSM4138114_HNSCC_3_PBMC_TTGGCAACAGATCCAT	34.58912332308833	0.0	151.36205095427252	47.45239084343622	0.0	0.0	0.0	0.0	0.0	0.0	0.0	0.0	75.95367215401282	0.0	0.0	0.0
GSM4138114_HNSCC_3_PBMC_AAACCTGCACCAGCAC	183.84541365854957	119.67444091133999	0.0	0.0	118.93250610156996	0.0	0.0	0.0	410.77506696874076	0.0	0.0	0.0	0.0	0.0	0.0	0.0
GSM4138114_HNSCC_3_PBMC_AATCCAGCATAAGACA	304.27721795167025	0.0	0.0	234.0336138605004	147.3039777372787	5.477402288653829	0.0	256.4700408686761	0.0	0.0	0.0	0.0	0.0	0.0	0.0	0.0
GSM4138114_HNSCC_3_PBMC_ACCGTAAGTCTTCGTC	0.0	0.0	2516.8758469542663	0.0	0.0	0.0	0.0	0.0	394.5725524888128	0.0	0.0	0.0	0.0	0.0	0.0	0.0
GSM4138114_HNSCC_3_PBMC_ACGGAGACATGGGACA	168.3921220870092	135.726906550612	160.57678058628352	0.0	0.0	0.0	0.0	0.0	0.0	0.0	0.0	171.5584605619092	0.0	0.0	0.0	0.0
GSM4138114_HNSCC_3_PBMC_ACGGGCTTCTTGCAAG	247.64361706425933	166.62076913630654	0.0	0.0	103.24413993366802	89.70175052007035	16.092729148161656	171.0372248417405	0.0	0.0	0.0	0.0	0.0	0.0	0.0	0.0
GSM4138114_HNSCC_3_PBMC_ACTTACTGTTGGTAAA	538.088643362871	53.75635004638829	0.0	0.0	0.0	0.0	328.35436352467536	0.0	348.292101019728	304.74345712799123	0.0	0.0	0.0	0.0	0.0	0.0
GSM4138114_HNSCC_3_PBMC_ACTTTCACATTCTTAC	232.067966865681	108.23015029620424	0.0	71.49429703431944	85.05424657353676	0.0	0.0	0.0	206.09901741840983	0.0	0.0	33.82566623002671	9.27555281291913	20.927806888732402	0.0	0.0
GSM4138114_HNSCC_3_PBMC_AGACGTTGTCGGCATC	188.33750986298324	12.90738935420396	36.72719295359033	138.2636493778836	88.9159992874648	183.04008763366207	0.0	0.0	0.0	0.0	0.0	0.0	0.0	0.0	0.0	0.0
GSM4138114_HNSCC_3_PBMC_AGAGTGGCACCTCGGA	280.7420888129662	223.3507967850449	322.4558240347369	0.0	0.0	0.0	4.916784556876534	0.0	0.0	0.0	0.0	213.17830801851815	0.0	16.882352849078007	0.0	0.0
GSM4138114_HNSCC_3_PBMC_AGGGTGAGTGCACTTA	244.5391350782079	52.59010778301653	0.0	0.0	0.0	241.72254054771935	0.0	0.0	0.0	97.58283921511375	119.29041443500134	0.0	0.0	0.0	0.0	0.0
GSM4138114_HNSCC_3_PBMC_AGTAGTCCATAGACTC	164.65747102398004	84.33831455870136	12.332176697151263	10.267825964054177	0.0	0.0	0.0	0.0	126.38887064390536	0.0	0.0	83.51645394402297	0.0	3.8391739834303698	0.0	0.0
GSM4138114_HNSCC_3_PBMC_ATAAGAGGTATTCGTG	242.8069860253636	175.78273893376883	0.0	0.0	0.0	0.0	162.47902626441484	270.08749886324404	0.0	0.0	2.612394279601664	0.0	0.0	2.3551386399340846	0.0	0.0
GSM4138114_HNSCC_3_PBMC_ATGCGATTCGTGACAT	444.01809030715845	171.99723159264016	86.91504715655317	0.0	0.0	0.0	272.99792339681267	0.0	72.86336549095729	94.99530989235166	0.0	0.0	0.0	103.13813961796221	0.0	0.0
GSM4138114_HNSCC_3_PBMC_ATTTCTGAGTAGATGT	246.85709162914782	134.32891508396972	0.0	0.0	0.7247384287012143	231.0347109151932	216.92718695884986	87.22812319409394	0.0	0.0	0.0	0.0	0.0	0.0	0.0	0.0
GSM4138114_HNSCC_3_PBMC_ATTTCTGTCGTAGGAG	111.48999263172823	0.0	0.0	0.0	0.0	0.0	0.0	0.0	78.804112258696	85.97697330959096	63.820447406118255	0.0	0.0	0.0	0.0	0.0
GSM4138114_HNSCC_3_PBMC_CAAGAAACATGGAATA	326.73929722917023	172.42072031575748	344.653564914419	0.0	51.62601311156367	0.0	0.0	0.0	0.0	0.0	0.0	122.26803173357223	0.0	0.0	0.0	0.0
GSM4138114_HNSCC_3_PBMC_CACAGTAGTGATAAGT	217.90204711395685	183.2049741040246	0.0	0.0	111.84349120660521	0.0	11.80436081979672	201.1489336035169	0.0	0.0	0.0	0.0	0.0	0.0	29.17933210013505	0.0
GSM4138114_HNSCC_3_PBMC_CAGTAACAGTACGCGA	286.5405952687316	0.0	82.08654728321613	87.17552104965175	0.0	0.0	50.50768674618183	0.0	45.047152038629974	191.30431625664653	0.0	0.0	120.36616221500671	138.54425682059926	0.0	0.0
GSM4138114_HNSCC_3_PBMC_CATCGAAGTAGCGCTC	223.45027908053467	150.42038078372727	0.0	0.0	0.0	0.0	147.84133190034095	103.8390727131695	0.0	0.0	0.0	0.0	0.0	138.95847174842208	0.0	0.0
GSM4138114_HNSCC_3_PBMC_CATGGCGCACTACAGT	260.4939945245451	0.0	0.0	0.0	0.0	0.0	111.77063394500432	101.80526838404741	0.0	260.46938121794346	0.0	0.0	0.0	100.55927850297155	11.887312319960367	0.0
GSM4138114_HNSCC_3_PBMC_CCTATTAGTAGCCTCG	247.27843792122482	204.89078057891416	0.0	0.0	0.0	0.0	0.0	219.53950208786375	0.0	0.0	186.34632525517725	0.0	0.0	0.0	0.0	0.0
GSM4138114_HNSCC_3_PBMC_CCTTCCCTCAGCATGT	241.00723132054213	178.35261647708774	194.56372485761	0.0	92.0381999879175	0.0	48.63792011597657	0.0	0.0	0.0	0.0	0.0	0.0	76.21644202157475	0.0	0.0
GSM4138114_HNSCC_3_PBMC_CGGACGTCATCGGACC	234.85510813257778	0.0	241.4863914578188	0.011126706401741848	0.0	0.0	163.25213859352405	0.0	0.0	140.48714605926776	0.0	0.0	0.0	0.0	0.0	0.0
GSM4138114_HNSCC_3_PBMC_CGGACTGTCACGACTA	167.83153634550143	115.63916397830111	0.0	49.96236811927505	0.0	0.0	123.63739049177177	211.80164429624125	0.0	2.9011058303382327	0.0	0.0	0.0	0.0	0.0	0.0
GSM4138114_HNSCC_3_PBMC_CGTAGGCAGTAAGTAC	173.8291633843615	180.21679400388817	23.811069864772094	0.0	0.0	0.0	0.0	0.0	180.46816706758483	0.0	0.0	0.0	116.49624880956654	0.0	0.0	0.0
GSM4138114_HNSCC_3_PBMC_CGTGAGCAGAAGGGTA	230.5140972032773	0.0	197.73265205231556	0.0	0.0	12.707087436251403	142.16721200323116	0.0	53.23118914360624	275.33092785919666	0.0	0.0	0.0	0.0	0.0	0.0
GSM4138114_HNSCC_3_PBMC_CGTTGGGGTGATAAGT	144.65117903744715	115.2133643757903	165.7499080093695	0.0	0.0	16.54153526469293	53.58269075223479	83.34430509991634	0.0	0.0	79.48028228516253	0.0	0.0	0.0	0.0	0.0
GSM4138114_HNSCC_3_PBMC_CTAACTTCATACAGCT	3131.4391542879766	0.0	0.0	0.0	0.0	0.0	0.0	0.0	0.0	0.0	0.0	0.0	0.0	0.0	0.0	0.0
GSM4138114_HNSCC_3_PBMC_CTACATTCAGTCAGCC	132.04032273402797	0.0	23.666509372186187	164.97476547368117	0.0	179.72417198093368	68.14993934507046	0.0	19.008950062402874	0.0	9.473816207900208	0.0	0.0	0.0	0.0	0.0
GSM4138114_HNSCC_3_PBMC_CTAGTGATCTTTCCTC	192.57904151824107	175.4848026003564	321.67374033962426	0.0	104.05511618550936	0.0	0.0	0.0	0.0	0.0	0.0	0.0	83.99635313959072	0.0	0.0	0.0
GSM4138114_HNSCC_3_PBMC_CTCGGGAAGAAGCCCA	232.87038422457462	153.78515703515956	193.2407842532219	0.0	211.29453284184393	59.99604000588888	0.0	3.3984242718236333	15.747812787637034	0.0	0.0	0.0	0.0	0.0	0.0	0.0
GSM4138114_HNSCC_3_PBMC_CTCTACGAGTGAACGC	184.7279314138009	166.9541175528792	0.0	0.0	0.0	0.0	0.0	211.56348492911061	0.0	0.0	158.2790448036158	0.0	0.0	9.859550008209698	0.0	0.0
GSM4138114_HNSCC_3_PBMC_CTGTGCTCATGCTAGT	132.72777440326328	163.4999440905931	0.0	0.0	89.60994881062321	27.0528146339204	0.0	0.0	67.93837363852158	0.0	0.0	0.0	0.0	41.6780544077817	0.0	0.0
GSM4138114_HNSCC_3_PBMC_CTGTTTAAGAAACGAG	106.30310046796248	94.51641492816097	112.0333502726829	0.0	0.0	0.0	0.0	0.0	0.0	0.0	88.26911104234554	0.0	0.0	0.0	0.0	0.0
GSM4138114_HNSCC_3_PBMC_GACCTGGAGGATGGAA	191.77612579911784	130.90657954590228	285.9306125577692	0.0	126.60900038309339	45.78049715357069	0.0	0.0	0.0	0.0	0.0	0.0	0.0	0.0	0.0	0.0
GSM4138114_HNSCC_3_PBMC_GATGAGGAGACGCACA	262.433695461119	207.94776037708084	0.0	0.0	129.4091966285263	0.0	0.0	0.0	0.0	0.0	0.0	0.0	0.0	188.04189425243507	0.0	0.0
GSM4138114_HNSCC_3_PBMC_GATGCTATCTATCCCG	250.32687889897633	254.79744063760293	0.0	0.0	157.4119672346533	58.267294932321406	0.0	0.0	213.0134071456689	0.0	0.0	0.0	0.0	0.0	0.0	0.0
GSM4138114_HNSCC_3_PBMC_GATTCAGCATAACCTG	167.84769979071848	182.20823027144243	0.0	0.0	0.0	0.0	120.7627971480682	70.02499888744907	0.0	0.0	0.0	0.0	0.0	115.51835451448612	0.0	0.0
GSM4138114_HNSCC_3_PBMC_GCCTCTATCTGACCTC	185.2431938978895	146.50622453060032	0.0	0.0	0.0	0.0	48.584426920526916	0.0	280.1254858753481	0.0	57.44824688885977	0.0	0.0	0.0	0.0	0.0
GSM4138114_HNSCC_3_PBMC_GCGCGATAGCGTAGTG	278.79895554423575	0.0	37.20255030826447	0.0	0.0	95.65742748097891	161.26872974875286	109.4919468221192	0.0	214.61461995260416	0.0	0.0	0.0	0.0	0.0	0.0
GSM4138114_HNSCC_3_PBMC_GCTTCCATCAGAGACG	185.38940764332804	75.11752881496545	133.81540718572947	18.85890262783989	0.0	97.60262925319121	129.98959951015712	13.255849172115624	43.4012717741605	60.65798328726606	38.61228158283042	0.0	0.0	0.0	0.0	0.0
GSM4138114_HNSCC_3_PBMC_GCTTGAAAGATCACGG	160.59310002707954	186.37254993310734	293.1485019787133	0.0	0.0	0.0	0.0	0.0	0.0	0.0	97.5961576647974	0.0	0.0	0.0	0.0	0.0
GSM4138114_HNSCC_3_PBMC_GGAAAGCCACAGTCGC	247.95032425595025	140.86049026493845	109.84307306538658	0.0	0.0	0.0	0.0	0.0	230.81065407834595	0.0	162.17409319475	0.0	0.0	0.0	0.0	0.0
GSM4138114_HNSCC_3_PBMC_GGTGTTAGTTATGTGC	124.7916853060583	26.852680397831204	156.3861585207163	107.92176082542252	0.0	0.0	0.0	0.0	54.01400116260383	0.0	0.0	0.0	105.87975707275285	0.0	0.0	0.0
GSM4138114_HNSCC_3_PBMC_GTATCTTCATTACCTT	246.13915011958275	186.04878705210416	0.0	0.0	141.5281531944442	0.0	0.0	0.0	214.38147031921898	0.0	0.0	0.0	0.0	106.02425881616115	0.0	0.0
GSM4138114_HNSCC_3_PBMC_GTCACAAAGCTGCCCA	244.62974929259497	216.32906851823745	0.0	0.0	112.53203666681488	229.4858386480722	0.0	38.05619645969457	0.0	0.0	20.68032442482316	0.0	0.0	0.0	0.0	0.0
GSM4138114_HNSCC_3_PBMC_GTCATTTTCCTCTAGC	228.4389647648277	189.8366002499927	0.0	0.0	0.0	0.0	0.0	263.324317955877	0.0	0.0	24.617894982611784	99.28296401052988	0.0	0.0	0.0	0.0
GSM4138114_HNSCC_3_PBMC_GTGTTAGGTGTATGGG	169.51965551218683	103.12784616872092	200.4107585554781	0.0	0.0	0.0	135.70009766339643	0.0	0.0	0.0	0.0	0.0	0.0	0.0	0.0	0.0
GSM4138114_HNSCC_3_PBMC_GTTCATTCATCACGAT	240.39434240506142	158.538077205526	236.675022370195	0.0	0.0	0.0	0.0	0.0	0.0	0.0	0.0	0.0	171.3570018552784	0.0	0.0	0.0
GSM4138114_HNSCC_3_PBMC_GTTTCTAGTGGTTTCA	226.94569018112352	153.7775535876373	0.0	0.0	92.72906960959162	0.0	0.0	276.78059528400826	0.0	0.0	0.0	0.0	0.0	0.0	0.0	0.0
GSM4138114_HNSCC_3_PBMC_TACTTACAGGGTCGAT	276.4322182114632	0.0	0.0	117.95888347141204	95.69790941087103	0.0033849850718975396	0.0	180.06631487276906	0.0	0.0	0.0	0.0	0.0	12.476876964739674	0.0	0.0
GSM4138114_HNSCC_3_PBMC_TCGAGGCGTACGCTGC	224.00372094632993	249.81815512122114	0.0	0.0	119.44298924992634	234.09331530760954	61.98238336400975	0.0	19.83661313563434	0.0	0.0	0.0	0.0	0.0	0.0	0.0
GSM4138114_HNSCC_3_PBMC_TCGTAGAAGAAACCTA	340.22089114757466	151.06543698773484	32.480797990061255	0.0	169.80623886131826	166.64130413750044	0.0	18.661186997803085	0.0	0.0	0.0	0.0	0.0	0.0	0.0	0.0
GSM4138114_HNSCC_3_PBMC_TGCCCTAAGTGTTAGA	273.9222625828449	159.88908256859372	0.0	0.0	100.83299390025483	0.0	0.0	0.0	130.93415185427477	0.0	0.0	0.0	0.0	153.3122228029149	0.0	0.0
GSM4138114_HNSCC_3_PBMC_TGGCTGGAGGGATGGG	237.15710887975183	186.7076088974759	0.0	0.0	83.18328047725645	0.0	0.0	327.08063880506694	0.0	0.0	0.0	43.9515320744463	0.0	0.0	0.0	0.0
GSM4138114_HNSCC_3_PBMC_TTAGGACAGTCCTCCT	239.2734495677856	202.51194576204225	0.0	0.0	0.0	0.0	83.07126818369846	0.0	293.4233026063102	0.0	75.44822572563037	0.0	0.0	26.79785863560033	0.0	0.0
GSM4138114_HNSCC_3_PBMC_TTATGCTCAGTATAAG	83.18291915195431	63.470253123382754	82.83995040860054	0.0	58.73810226656968	0.0	0.0	0.0	0.0	0.0	0.0	0.0	0.0	0.0	0.0	0.0
GSM4138114_HNSCC_3_PBMC_TTCCCAGGTCTCCCTA	234.94443100078072	167.55055216041583	0.0	0.0	21.445587838174923	166.78652675515733	94.9116204007738	0.0	115.25859320155485	0.0	0.0	0.0	0.0	0.0	0.0	0.0
GSM4138114_HNSCC_3_PBMC_TTCCCAGTCACTCCTG	242.1118618925653	215.99380148460227	154.9628013617216	0.0	127.23346720955047	39.925688033029715	0.0	0.0	97.78758335517811	0.0	0.0	0.0	7.5137301656959785	0.0	0.0	0.0
GSM4138114_HNSCC_3_PBMC_TTCTACATCCGCATCT	167.229262480858	81.11291418367827	190.88182674770522	0.0	0.0	0.0	174.71179060038799	0.0	0.0	0.0	0.0	0.0	0.0	0.0	0.0	0.0
GSM4138114_HNSCC_3_PBMC_AAAGATGTCTCCCTGA	150.36087131394248	0.0	0.0	184.59254920525865	0.0	114.1630083040737	29.282408502224857	0.0	0.0	0.0	55.00993568200731	0.0	0.0	0.0	0.0	0.0
GSM4138114_HNSCC_3_PBMC_AACTCCCGTCTGATCA	100.70770556864548	0.0	0.0	122.24209127733921	51.411327500964035	58.514886620204905	0.0	30.19473130277185	0.0	0.0	0.0	0.0	0.0	0.0	0.0	0.0
GSM4138114_HNSCC_3_PBMC_ACGCAGCCATCCAACA	91.76174265448921	0.0	0.0	127.34729046415454	0.0	164.688032163443	0.0	0.0	0.0	30.348793397598865	59.053998750316545	0.0	0.0	0.0	0.0	0.0
GSM4138114_HNSCC_3_PBMC_ACTATCTAGCCTCGTG	151.0731237956029	86.21311945914753	0.0	0.0	0.0	89.40942386631434	65.28495493111382	0.0	0.0	0.0	0.0	0.0	0.0	0.0	0.0	0.0
GSM4138114_HNSCC_3_PBMC_ACTGAACTCAGCATGT	129.21030880276743	0.0	0.0	143.95990337455387	34.66046391767249	151.0888446105005	0.0	0.0	0.0	0.0	0.0	0.0	122.89697247892586	0.0	0.0	0.0
GSM4138114_HNSCC_3_PBMC_ATCCGAACATAACCTG	125.38227148464155	118.54820096405074	0.0	0.0	81.16333004692355	0.0	0.0	0.0	0.0	0.0	0.0	0.0	0.0	0.0	120.2724211006538	0.0
GSM4138114_HNSCC_3_PBMC_ATTTCTGTCCGTTGCT	139.58006584116833	0.0	0.0	195.72207211133173	0.0	162.52477964615088	0.0	0.0	0.0	0.0	33.06196423044045	0.0	98.02028775638804	0.0	0.0	0.0
GSM4138114_HNSCC_3_PBMC_CAAGATCGTTCACGGC	105.59041927410546	0.0	0.0	136.78400698432512	77.4069622759279	88.93164416008268	0.0	0.0	0.0	0.0	0.0	0.0	0.0	0.0	0.0	0.0
GSM4138114_HNSCC_3_PBMC_CGTGTCTGTTGGAGGT	110.83699247493696	124.45913635422941	0.0	0.0	122.82411920906883	118.47254095990934	0.0	0.0	0.0	0.0	0.0	0.0	0.0	0.0	0.0	0.0
GSM4138114_HNSCC_3_PBMC_CTACACCGTAAGTGTA	88.95034247108443	0.0	0.0	162.2426020037605	0.0	53.48263934230212	70.63525374361033	15.715852717592128	53.82965702603648	0.0	0.0	0.0	0.0	0.0	0.0	0.0
GSM4138114_HNSCC_3_PBMC_GACGTTAGTGGTCTCG	95.70328085416297	149.94069530752267	106.37179596028837	0.0	0.0	0.0	0.0	0.0	0.0	0.0	67.4889642776404	0.0	0.0	0.0	0.0	0.0
GSM4138114_HNSCC_3_PBMC_GCACTCTGTGGTGTAG	78.3448531590806	0.0	101.75397619051314	169.60106330301537	41.415243521761894	0.0	0.0	0.0	0.0	0.0	0.0	0.0	0.0	0.0	0.0	51.828685142798776
GSM4138114_HNSCC_3_PBMC_GGGCATCAGACTACAA	96.29217126113215	105.74002807495971	132.18964143979238	0.0	85.9394177320422	11.580375371406982	0.0	0.0	0.0	0.0	0.0	7.618718405596291	0.0	0.0	0.0	0.0
GSM4138114_HNSCC_3_PBMC_GTCAAGTTCTTTACAC	101.03333248296714	128.85164366249293	0.0	0.0	0.0	50.29907632044411	37.24963100274133	72.84020521815056	0.0	0.0	0.0	0.0	0.0	0.0	0.0	60.552041474922646
GSM4138114_HNSCC_3_PBMC_GTGCTTCCACTATCTT	106.53387607912694	136.1271334086507	0.0	0.0	0.0	114.89240569128974	0.0	0.0	0.0	0.0	116.7148413054128	0.0	0.0	0.0	0.0	0.0
GSM4138114_HNSCC_3_PBMC_TTCTACACACACCGAC	140.52075981336995	144.97512603935564	144.48993646837235	0.0	0.0	0.0	18.856370004769502	0.0	0.0	0.0	47.04996119049302	0.0	0.0	0.0	0.0	0.0
GSM4138114_HNSCC_3_PBMC_TTGACTTTCGCGATCG	164.43729477795998	0.0	91.25770495910544	152.10190833309917	65.02125091128676	0.0	0.0	0.0	0.0	0.0	9.288367111038687	0.0	0.0	0.0	0.0	0.0
GSM4138114_HNSCC_3_PBMC_ACTGTCCCACTAGTAC	109.3817758622435	0.0	104.23652732221696	129.3684840561826	48.94280143106199	0.0	0.0	0.0	0.0	0.0	0.0	0.0	0.0	0.0	0.0	32.323713415869655
GSM4138114_HNSCC_3_PBMC_CTCATTATCGAATCCA	103.30420220277567	0.0	0.0	0.0	0.0	107.14251380699997	86.07111837874294	0.0	0.0	134.16731479982025	0.0	0.0	0.0	0.0	0.0	0.0
GSM4138114_HNSCC_3_PBMC_GAACCTATCGACAGCC	143.946265525151	173.4948213791123	103.82364079482045	0.0	101.60675474014083	0.0	0.0	0.0	84.94436511174014	0.0	0.0	0.0	0.0	0.0	0.0	0.0
GSM4138114_HNSCC_3_PBMC_GCGCCAACATTTGCCC	98.68307839128828	0.0	0.0	128.1841220232536	91.23104185346605	120.58400344322939	0.0	0.0	0.0	0.0	0.0	0.0	0.0	0.0	0.0	0.0
GSM4138114_HNSCC_3_PBMC_GGGAGATCAATTCCTT	75.80259109524413	5.222389844477199	80.33222468082432	123.7096291913426	0.0	0.0	4.80691489245165	0.0	0.0	0.0	0.0	0.0	73.27751530499393	0.0	0.0	0.0
GSM4138114_HNSCC_3_PBMC_GTGAAGGAGAAGGTGA	91.02634990601105	0.0	27.178613640057605	149.26209283828885	0.0	89.1360224715724	40.10607573676796	0.0	0.0	0.0	68.115299007927	0.0	0.0	0.0	0.0	0.0
GSM4138114_HNSCC_3_PBMC_TACCTATTCGAGAGCA	95.8020458304606	59.750090490459506	78.03655292004636	0.0	0.0	0.0	0.0	0.0	0.0	0.0	0.0	102.86675995681378	0.0	0.0	0.0	0.0
GSM4138114_HNSCC_3_PBMC_TAGCCGGGTTGATTCG	53.728298047573205	114.43205828739119	108.827817935331	0.0	108.21790791244368	0.0	0.0	0.0	0.0	0.0	0.0	0.0	0.0	0.0	0.0	0.0
GSM4138114_HNSCC_3_PBMC_TCTTTCCTCGCCGTGA	109.57674882976917	0.0	0.0	93.97352789198628	0.0	95.40743874210939	49.99521735945457	0.0	65.21820879118127	68.5019000211572	6.726418932857152	0.0	0.0	0.0	0.0	0.0
GSM4138114_HNSCC_3_PBMC_TGTGGTAGTTGCCTCT	141.61824930800327	153.7115815431199	151.4526433914498	0.0	102.76730599210013	0.0	0.0	0.0	0.0	0.0	0.0	0.0	0.0	0.0	0.0	0.0
GSM4138114_HNSCC_3_PBMC_ATTATCCTCCTCCTAG	186.07007318900602	285.30407529108913	0.0	0.0	223.0789248050788	0.0	0.0	57.58957374425386	0.0	0.0	0.0	0.0	0.0	0.0	110.9236386214299	0.0
GSM4138114_HNSCC_3_PBMC_CGAGAAGAGCTACCTA	156.83687634018892	0.0	183.9406215785889	0.0	0.0	29.995246229424527	0.0	0.0	0.0	258.2715344837702	0.0	160.2462694417893	0.0	0.0	0.0	0.0
GSM4138114_HNSCC_3_PBMC_GACTACACACCGCTAG	148.28932000129902	111.95549316975213	0.0	0.0	118.5736123429445	0.0	0.0	198.08914133575925	0.0	0.0	0.0	0.0	0.0	0.0	0.0	0.0
GSM4138114_HNSCC_3_PBMC_GGCTCGAGTCTGATCA	119.57329396615734	157.5202595941509	83.65218505549632	0.0	0.0	1.3705621598984636	0.0	74.07816434917021	0.0	0.0	100.89186015115894	0.0	0.0	0.0	0.0	0.0
GSM4138114_HNSCC_3_PBMC_TCAGATGTCAGTTTGG	126.25467757431883	147.9826870441536	0.0	0.0	152.78463386944446	0.0	0.0	55.79965659903976	0.0	0.0	0.0	0.0	0.0	73.55590662862241	0.0	0.0
GSM4138114_HNSCC_3_PBMC_TCGAGGCAGAACAATC	208.69858402292792	348.84290293815036	204.2184507708637	0.0	0.0	0.0	46.07445831870593	89.95199225878994	0.0	0.0	10.316115745662879	192.85418947743156	0.0	0.0	0.0	0.0
GSM4138114_HNSCC_3_PBMC_TGGGCGTGTCATTAGC	100.0076946793321	0.0	0.0	0.0	0.0	97.94921847548413	86.35478399694624	0.0	0.0	112.25422536316486	0.0	0.0	0.0	0.0	0.0	0.0
GSM4138114_HNSCC_3_PBMC_TTCCCAGAGGACAGCT	132.38908753761135	119.81648159977489	0.0	0.0	0.0	0.0	0.0	139.61988079654668	0.0	0.0	121.27973543393588	0.0	0.0	0.0	0.0	0.0
GSM4138114_HNSCC_3_PBMC_ACACCAACATGCATGT	134.93728561668524	146.16814574584834	0.0	0.0	127.46728984249788	23.35752537261419	0.0	83.82883657215224	0.0	0.0	0.0	0.0	0.0	0.0	0.0	0.0
GSM4138114_HNSCC_3_PBMC_ACGATACGTGTGGTTT	185.66494578402583	228.43737289304445	0.0	0.0	215.6838857249794	0.0	0.0	613.6696747227487	0.0	0.0	0.0	0.0	0.0	0.0	0.0	0.0
GSM4138114_HNSCC_3_PBMC_AGAATAGTCACCATAG	193.02021036485374	131.77542289904275	0.0	0.0	0.0	0.0	102.579931076924	90.60425999845337	0.0	0.0	0.0	0.0	0.0	126.14914620547287	0.0	0.0
GSM4138114_HNSCC_3_PBMC_AGCCTAATCCTGCCAT	111.51073205750326	53.096189118870676	77.47245648627104	0.0	0.0	0.0	61.21387258851895	0.0	0.0	0.0	0.0	0.0	0.0	0.0	0.0	0.0
GSM4138114_HNSCC_3_PBMC_CAACCAAGTTGAGGTG	76.91484815968836	102.64189456749686	84.66074992573783	0.0	48.67861333947661	0.0	0.0	25.35604966527605	0.0	0.0	0.0	0.0	0.0	0.0	0.0	0.0
GSM4138114_HNSCC_3_PBMC_CACACAACATGCCTAA	174.56698376755224	170.2670230712769	145.13015602068762	0.0	131.53438749392632	49.951441204031674	0.0	0.0	0.0	0.0	0.0	0.0	0.0	0.0	0.0	0.0
GSM4138114_HNSCC_3_PBMC_CCACTACAGGTGCTAG	57.63999940453721	107.7999081280934	14.355503208041272	0.0	0.0	0.0	79.75254270576907	0.0	136.4735535954951	0.0	0.0	0.0	0.0	0.0	12.098302585291352	0.0
GSM4138114_HNSCC_3_PBMC_CGTCACTCAGATTGCT	256.68830543867625	170.47724270597797	0.0	0.0	0.0	0.0	236.6614227872607	251.09336940005548	0.0	0.0	0.0	0.0	0.0	0.0	0.0	0.0
GSM4138114_HNSCC_3_PBMC_CTCGGGAGTCTAGCGC	243.52731550976196	177.75983515326413	0.0	0.0	104.35193072436874	473.2961736328904	13.291649772293194	0.0	0.0	0.0	0.0	64.0004090188413	0.0	0.0	0.0	0.0
GSM4138114_HNSCC_3_PBMC_GACCTGGCAGTCACTA	149.82746283251302	174.58133709254923	160.8135002159055	0.0	66.65106272844697	0.0	0.0	0.0	0.0	0.0	0.0	27.06242448940835	0.0	0.0	0.0	0.0
GSM4138114_HNSCC_3_PBMC_GCTCTGTAGTCAAGCG	191.9579914470365	148.86656221702842	92.86297675475612	0.0	1.1244251763048987	0.0	123.66479325079112	124.09923265836113	0.0	0.0	0.0	0.0	0.0	0.0	0.0	0.0
GSM4138114_HNSCC_3_PBMC_GGAACTTAGAGAGCTC	173.91736323542975	182.07355830631084	66.53761523483901	0.0	0.0	0.0	193.2365440749746	174.44097818962192	0.0	0.0	0.0	0.0	0.0	0.0	0.0	0.0
GSM4138114_HNSCC_3_PBMC_GGCGACTGTTCCACTC	120.74401590489018	0.0	0.0	0.0	0.0	23.456390606527624	0.0	312.1426056479136	0.0	143.29267481069272	76.69814673558967	0.0	0.0	0.0	0.0	0.0
GSM4138114_HNSCC_3_PBMC_GTTTCTACACACAGAG	297.7408882324375	306.42061313343305	239.69902592729036	0.0	0.0	0.0	0.0	0.0	0.0	0.0	0.0	232.44338459773562	0.0	0.0	0.0	0.0
GSM4138114_HNSCC_3_PBMC_TGCGTGGCAGTCGATT	200.22979054848642	205.5565264935771	184.44651552551372	0.0	0.0	38.137850473743576	0.0	0.0	0.0	0.0	0.0	108.2759232389617	0.0	0.0	0.0	0.0
GSM4138114_HNSCC_3_PBMC_TTATGCTGTTACGACT	153.52910341232794	141.26308901346468	0.0	0.0	101.09002822758086	218.8213487131971	0.0	0.0	0.0	0.0	0.0	0.0	0.0	0.0	0.0	0.0
GSM4138114_HNSCC_3_PBMC_AAAGCAATCCCGACTT	233.93645733982711	287.2787206618225	0.0	0.0	160.8768661976394	219.24814602048787	0.0	0.0	0.0	0.0	0.0	0.0	0.0	0.0	0.0	0.0
GSM4138114_HNSCC_3_PBMC_AAAGTAGGTTCAGACT	152.8893683493852	305.59943988894133	0.0	0.0	0.0	0.0	0.0	202.43953020858422	0.0	0.0	1.8686833750022382	198.94444664589207	0.0	0.0	0.0	0.0
GSM4138114_HNSCC_3_PBMC_ACGTCAAAGAGCTGGT	237.29617252602594	288.95193262501044	0.0	0.0	188.15866414006481	0.0	13.952540173676127	271.5751554589298	0.0	0.0	0.0	2.0769069853985638	0.0	0.0	0.0	0.0
GSM4138114_HNSCC_3_PBMC_ACTTGTTAGCAGATCG	182.157436753468	238.23607571546816	0.0	0.0	0.0	25.635263311676542	156.39770346399348	89.58208304043166	47.058698477791715	0.0	0.0	0.0	0.0	0.0	0.0	0.0
GSM4138114_HNSCC_3_PBMC_AGCTCCTGTCTGCAAT	206.6430407869069	0.0	0.0	305.13189590304574	77.07365132103038	242.9296445085483	0.0	0.0	0.0	0.0	0.0	0.0	0.0	0.0	0.0	120.37506438796468
GSM4138114_HNSCC_3_PBMC_ATCTGCCTCTCCGGTT	349.2640676214527	338.42709741355895	0.0	0.0	283.06279386551	276.64823343494925	0.0	0.0	0.0	0.0	0.0	0.0	0.0	0.0	0.0	0.0
GSM4138114_HNSCC_3_PBMC_CACAAACGTCTCTTAT	228.98253581978483	334.0590873637062	0.0	0.0	0.0	0.0	227.8549825736331	229.12788914426912	0.0	0.0	0.0	0.0	0.0	0.0	0.0	0.0
GSM4138114_HNSCC_3_PBMC_CATCAAGCACAGATTC	167.01919204408756	0.0	0.0	353.13796758034107	175.67418166260578	215.82540072395977	0.0	0.0	0.0	0.0	0.0	0.0	0.0	0.0	0.0	0.0
GSM4138114_HNSCC_3_PBMC_CGTCCATGTAATCACC	275.9242507336846	0.0	0.0	27.351297897987735	214.9847660015952	88.00435496921905	0.0	72.08947281371728	0.0	227.62795104727456	0.0	0.0	0.0	0.0	0.0	0.0
GSM4138114_HNSCC_3_PBMC_CGTTCTGGTCCGAGTC	204.29741789965118	284.2720768348443	173.93126311352682	0.0	180.32618078922	0.0	0.0	0.0	0.0	9.755559758165285	0.0	0.0	0.0	0.0	0.0	0.0
GSM4138114_HNSCC_3_PBMC_CTACGTCAGAGGACGG	195.65587834704715	197.42885871951376	0.0	0.0	72.71191114929941	147.0699447234379	116.5463925764944	0.0	0.0	24.82946468428763	0.0	0.0	0.0	0.0	0.0	0.0
GSM4138114_HNSCC_3_PBMC_GACGCGTGTTCCGGCA	289.4667205833163	165.31431628915104	0.0	102.89390218155356	136.49543259553445	140.46543503338583	0.0	0.0	0.0	0.0	0.0	0.0	0.0	0.0	0.0	0.0
GSM4138114_HNSCC_3_PBMC_GGCCGATCATGTAAGA	240.9272678535416	0.0	0.0	225.02832003913286	189.46504916836494	240.13938434861228	0.0	0.0	0.0	0.0	0.0	0.0	0.0	0.0	0.0	0.0
GSM4138114_HNSCC_3_PBMC_GTATTCTTCTGTGCAA	197.07872289533117	330.4596341558826	0.0	0.0	288.9761824186215	185.27145622889324	0.0	0.0	0.0	0.0	0.0	0.0	0.0	0.0	0.0	0.0
GSM4138114_HNSCC_3_PBMC_GTCAAGTAGTGCTGCC	167.46653204492924	287.6952501074114	0.0	0.0	0.0	0.0	0.0	231.75604661620025	0.0	0.0	0.0	0.0	248.1066116233858	0.0	0.0	0.0
GSM4138114_HNSCC_3_PBMC_GTCTCGTAGGCTAGAC	256.72201441074145	205.1981803119437	0.0	0.0	0.0	0.0	131.6612796049198	243.6776791859126	0.0	0.0	0.0	0.0	79.44367157423652	0.0	0.0	0.0
GSM4138114_HNSCC_3_PBMC_TCTGGAAAGTGGTAAT	191.78837380021832	232.47620053778948	0.0	0.0	0.0	0.0	35.846232932703465	0.0	0.0	0.0	0.0	129.16248814757105	0.0	0.0	161.5024906977936	0.0
GSM4138114_HNSCC_3_PBMC_TGGCCAGGTCCAAGTT	190.96560128669043	243.4881995243707	0.0	0.0	192.42982259393474	166.3032867412044	0.0	20.53018214619972	0.0	0.0	0.0	0.0	0.0	0.0	0.0	0.0
GSM4138114_HNSCC_3_PBMC_AACTGGTGTGTGGCTC	281.08272138221696	430.85911233163495	0.0	0.0	0.0	0.0	0.0	332.2316583127612	0.0	0.0	366.21195564059616	0.0	0.0	0.0	0.0	0.0
GSM4138114_HNSCC_3_PBMC_AAGACCTAGTTTGCGT	256.72620654823567	0.0	0.0	0.0	0.0	224.53319905963116	331.87164156538626	0.0	0.0	378.4355628055309	0.0	0.0	0.0	0.0	0.0	0.0
GSM4138114_HNSCC_3_PBMC_ACATCAGAGTGTCCAT	330.7551384889631	524.665980087343	0.0	0.0	295.066812932823	0.0	0.0	0.0	0.0	0.0	0.0	51.66369203409064	0.0	372.6725761954311	0.0	0.0
GSM4138114_HNSCC_3_PBMC_ACGGCCACATGGTCTA	306.36103118857994	285.801422639709	260.1173276230107	0.0	0.0	0.0	0.0	0.0	0.0	0.0	0.0	0.0	0.0	0.0	0.0	330.5013203645865
GSM4138114_HNSCC_3_PBMC_ACTTGTTGTTGTGGAG	111.09831137106782	0.0	0.0	394.7338266900868	0.0	0.0	0.0	0.0	0.0	0.0	0.0	0.0	0.0	0.0	130.646403256963	344.27728184762105
GSM4138114_HNSCC_3_PBMC_AGCGTATCAGCTCGCA	0.0	0.0	0.0	4364.800879534789	0.0	0.0	0.0	0.0	0.0	114.37199377859542	0.0	0.0	0.0	0.0	0.0	0.0
GSM4138114_HNSCC_3_PBMC_CCATTCGAGACAGGCT	233.11174407766862	0.0	0.0	436.8239511362342	365.17892814241026	0.0	0.0	0.0	0.0	0.0	0.0	0.0	0.0	0.0	247.04670667417625	0.0
GSM4138114_HNSCC_3_PBMC_CCTTCGATCTCGCTTG	163.85310396567942	414.7301076173829	0.0	0.0	326.9384907425854	210.16569892723683	0.0	0.0	0.0	0.0	0.0	0.0	0.0	0.0	0.0	0.0
GSM4138114_HNSCC_3_PBMC_CGCGTTTAGACTAGGC	375.02582882204456	484.29052355882925	0.0	0.0	49.38639127748724	0.0	161.11905951019506	282.701943135573	0.0	0.0	0.0	0.0	209.99168864840746	3.751239013736898	0.0	0.0
GSM4138114_HNSCC_3_PBMC_CTACATTTCTTTACGT	244.53658644052373	0.0	0.0	458.5820841952909	397.8428229029107	0.10402666410816862	0.0	16.36102683826757	0.0	0.0	0.0	0.0	0.0	0.0	151.88010004171585	0.0
GSM4138114_HNSCC_3_PBMC_CTAGCCTAGACCGGAT	204.099093329579	0.0	0.0	398.44862962880353	303.66847816716427	119.07100849438845	0.0	88.54254189680745	0.0	0.0	0.0	0.0	0.0	0.0	0.0	0.0
GSM4138114_HNSCC_3_PBMC_GACGTTAGTACCATCA	345.365670640588	544.3094898290698	0.0	0.0	0.0	0.0	0.0	0.0	0.0	0.0	433.4075400853509	0.0	0.0	286.93925194772356	0.0	0.0
GSM4138114_HNSCC_3_PBMC_GCGCAGTCAACTGGCC	256.8278002238995	471.1716259204246	0.0	0.0	0.0	206.7791801332823	0.0	0.0	49.47044423921464	0.0	0.0	429.33375626485685	0.0	0.0	0.0	0.0
GSM4138114_HNSCC_3_PBMC_GCTCTGTCACACTGCG	234.28292649819284	378.89561198938145	0.0	0.0	0.0	0.0	0.0	0.0	41.04687153308101	0.0	0.0	485.82878332324555	0.0	100.07838822001852	130.20889214326303	0.0
GSM4138114_HNSCC_3_PBMC_GCTGCAGTCCGGCACA	236.48334147430614	418.602874656001	0.0	0.0	345.81050652853156	292.7814900282997	0.0	0.0	0.0	0.0	0.0	0.0	0.0	0.0	0.0	0.0
GSM4138114_HNSCC_3_PBMC_GTAGTCACACAAGCCC	265.7687098615339	377.2344325508143	0.0	0.0	308.88382245149546	0.0	0.0	170.16218052722022	0.0	0.0	0.0	0.0	0.0	0.0	0.0	0.0
GSM4138114_HNSCC_3_PBMC_GTCAAGTAGGCGTACA	96.94252893408415	163.89970181446733	0.0	0.0	21.269182014793792	74.46341375958548	0.0	0.0	0.0	0.0	0.0	0.0	0.0	0.0	8.849406088594177	78.33636764517244
GSM4138114_HNSCC_3_PBMC_TACGGATAGATCGATA	222.19893041283612	405.1836711644455	0.0	0.0	321.00185612457864	0.0	0.0	85.89769732902793	0.0	0.0	0.0	0.0	0.0	0.0	151.75187140506597	0.0
GSM4138114_HNSCC_3_PBMC_TCAACGATCTGGGCCA	303.2383202335697	443.7985513912052	110.76787882047688	0.0	144.0583114775339	171.10287821208755	142.79211610804543	0.0	0.0	0.0	0.0	101.15112766582726	54.744544996007875	0.0	0.0	0.0
GSM4138114_HNSCC_3_PBMC_TGGGCGTGTTAGTGGG	169.21892330269935	390.24662091645627	0.0	0.0	0.0	255.96597013545468	380.2692765623426	0.0	0.0	0.0	0.0	0.0	0.0	0.0	0.0	0.0
GSM4138114_HNSCC_3_PBMC_TTGGAACCAGTCACTA	261.28821827672226	236.0429442588806	0.0	0.0	0.0	0.0	182.46720655386594	216.97614746043527	0.0	167.9362434052576	0.0	123.11246409430953	0.0	0.0	0.0	0.0
GSM4138114_HNSCC_3_PBMC_ACTGTCCCAGCGATCC	196.59208663194906	0.0	0.0	0.0	0.0	0.0	271.08630858365177	0.0	102.81316390456868	403.0688217029136	0.0	0.0	0.0	0.0	28.195081303914396	0.0
GSM4138114_HNSCC_3_PBMC_AGATTGCGTCATACTG	127.17450321215533	252.5488198601844	88.53421539593663	0.0	0.0	0.0	0.0	0.0	44.4801882733859	0.0	0.0	178.3410971893936	0.0	0.0	0.0	0.0
GSM4138114_HNSCC_3_PBMC_CACACAAGTGAACCTT	222.1780610822327	236.49719256847106	126.2293798693405	0.0	182.9925184383238	0.0	0.0	0.0	19.29709408161177	0.0	0.0	0.0	0.0	0.0	0.0	0.0
GSM4138114_HNSCC_3_PBMC_GCGCAACCATCTGGTA	159.04810736215762	0.0	0.0	266.16245468243966	182.7855474906968	120.39963081175266	0.0	0.0	0.0	0.0	0.0	0.0	0.0	0.0	0.0	0.0
GSM4138114_HNSCC_3_PBMC_TACGGATGTCTCATCC	178.09225826875024	198.31355298033793	0.0	0.0	0.0	0.0	246.68675328859786	0.0	122.4936932223752	0.0	0.0	0.0	0.0	31.567616803453298	0.0	0.0
GSM4138114_HNSCC_3_PBMC_TAGAGCTTCGGAATCT	187.3680197688383	173.26732906700778	134.0194549137159	0.0	97.36064338395741	0.0	0.0	0.0	0.0	0.0	0.0	131.7212662526128	0.0	0.0	0.0	0.0
GSM4138114_HNSCC_3_PBMC_TTGGAACGTACACCGC	173.90904848501148	355.0222641981274	89.23757796532794	0.0	258.0308686484913	54.28181278713117	0.0	0.0	0.0	0.0	0.0	0.0	0.0	0.0	0.0	0.0
GSM4138114_HNSCC_3_PBMC_GCAGCCACACCACGTG	132.7243199650313	141.75450182389028	19.1821905893797	0.0	111.34351406605681	30.959041671376884	0.0	39.72080320794207	27.4178070242878	0.0	0.0	0.0	0.0	0.0	0.0	0.0
GSM4138114_HNSCC_3_PBMC_TAGTTGGTCGAGAGCA	174.00663005278278	0.0	0.0	137.95748467756647	77.82116881082771	0.0	0.0	0.0	151.26791907628672	0.0	0.0	0.0	0.0	0.0	0.0	0.0
GSM4138114_HNSCC_3_PBMC_GGACAAGGTTACGACT	134.63043488365452	0.0	0.0	144.86367579530457	94.46013188697759	177.0272844740002	0.0	0.0	0.0	0.0	0.0	0.0	0.0	0.0	0.0	0.0
GSM4138114_HNSCC_3_PBMC_AGCTTGACATAACCTG	0.0	0.0	0.0	0.0	0.0	0.0	0.0	0.0	0.0	0.0	45.7629766006286	0.0	4388.81721900856	0.0	0.0	0.0
