	1	2	3	4	5	6	7	8	9	10	11	12	13	14	15	16	17	18	19	20	21	22	23	24
GSM4138114_HNSCC_3_PBMC_AAACGGGTCTAGAGTC	89.35862713283665	47.376742878011406	76.64373894590123	0.0	0.0	0.0	0.0	0.0	0.0	0.0	0.0	0.0	0.0	0.0	0.0	0.0	0.0	81.07520803996206	78.15270911198746	0.0	0.0	0.0	0.0	0.0
GSM4138114_HNSCC_3_PBMC_AAAGATGCACTACAGT	87.64277020597238	0.0	72.6348644835559	55.80732115385296	0.0	0.0	0.0	0.0	0.0	57.95066334314505	0.0	92.19416395878615	0.0	0.0	0.0	2.081159027627386	0.0	0.0	1.0026800597192316	0.0	0.0	0.0	3.539324782352578	0.0
GSM4138114_HNSCC_3_PBMC_AAATGCCTCTCCAGGG	91.08820574577321	0.0	105.12268292808731	95.52075259948744	0.0	0.0	0.0	123.69173466032956	0.0	0.0	11.290987230880189	0.0	104.44550516779297	0.0	0.0	0.0	0.0	1.0370631780097384	0.0	0.0	0.0	0.0	0.0	0.0
GSM4138114_HNSCC_3_PBMC_AACACGTAGAGTGAGA	113.7456956989727	96.76034361963292	31.254525838342015	0.0	103.65025795598571	74.53977048235771	0.0	0.0	0.0	0.0	0.0	0.0	0.0	0.0	0.0	0.0	80.2186463532347	0.0	0.0	0.0	0.0	0.0	0.0	0.0
GSM4138114_HNSCC_3_PBMC_AAGGCAGGTTTAAGCC	115.94224764121299	41.9665368526753	6.361179190326725	0.0	93.50535768603338	55.618755686542144	10.4846252957641	0.0	0.0	0.0	18.923384651043154	0.0	0.0	0.0	0.0	0.0	0.0	0.0	47.56115813357215	0.0	0.0	0.0	0.0	0.0
GSM4138114_HNSCC_3_PBMC_ACACCAAGTATAAACG	106.72448621761433	78.74466482574881	0.0	0.0	0.0	25.925881113250473	24.70371520560489	0.0	0.0	0.0	85.39758388966233	0.0	0.0	0.0	0.0	0.0	0.0	56.87302912182353	0.0	0.0	0.0	0.0	0.0	0.0
GSM4138114_HNSCC_3_PBMC_ACATACGTCCACTCCA	44.572330237600966	60.15429318036858	38.45427300405216	34.9067562806961	47.769755523091185	0.0	0.0	0.0	0.0	20.48211000524345	0.0	0.0	0.0	0.0	0.0	0.0	0.0	0.0	0.0	41.3943018074916	0.0	0.0	0.0	0.0
GSM4138114_HNSCC_3_PBMC_ACTATCTAGGAGTTTA	87.09914289055907	84.55285368770674	124.44032312567094	3.8761825979416455	110.93268352546146	0.0	0.0	92.00515756319139	0.0	0.0	0.0	0.0	0.0	0.0	0.0	0.0	0.0	0.0	0.0	45.65656329751141	0.0	0.0	0.0	0.0
GSM4138114_HNSCC_3_PBMC_ACTGAACTCACCTTAT	138.46532420358716	46.29370578841483	0.0	6.370037571971874	0.0	4.969905633122532	93.5890076393921	0.0	112.35317297657706	0.0	0.0	0.0	63.572506756306254	0.0	0.0	0.0	0.0	0.0	0.0	0.0	0.0	0.0	0.0	0.0
GSM4138114_HNSCC_3_PBMC_ACTTTCACAGCTGTTA	59.386265011834716	70.78355821332946	0.0	0.0	0.0	80.17858807898574	0.0	21.129385953135586	32.5551801921465	43.86648104557836	0.0	0.0	0.0	0.0	55.40104669077674	0.0	0.0	0.0	0.0	0.0	0.0	0.0	0.0	0.0
GSM4138114_HNSCC_3_PBMC_AGCTCTCAGGTGATAT	77.6845548337803	0.0	0.0	54.47301474274006	0.0	51.15299135379472	27.175502039330446	7.441736472874009	0.0	86.22215696291529	0.0	0.0	0.0	0.0	124.19301030252454	0.0	0.0	0.0	0.0	0.0	0.0	0.0	0.0	0.0
GSM4138114_HNSCC_3_PBMC_AGCTCTCCAGCCTGTG	124.24027501137867	33.507038841406555	0.0	0.0	0.0	20.82210429018718	0.0	93.15307636310493	0.0	0.0	0.0	0.0	0.0	21.917275323059954	0.0	0.0	0.0	0.0	0.0	16.41153584931491	0.0	0.0	0.0	0.0
GSM4138114_HNSCC_3_PBMC_AGTCTTTCAAAGGTGC	65.74563918188902	74.41771258566551	112.3142776368253	0.0	15.108595790229371	0.0	0.0	112.36323288155897	0.0	1.7145668846050472	1.7261555288369017	0.0	5.786269610383593	0.0	0.0	0.0	0.0	0.0	0.0	17.05987145038098	0.0	0.0	0.0	0.0
GSM4138114_HNSCC_3_PBMC_AGTGAGGGTCAGCTAT	67.75573314387499	0.0	0.0	138.669055278724	0.0	0.0	71.0340637291059	0.0	0.0	0.0	0.0	96.00496713504032	0.0	0.0	0.0	0.0	55.9624675286594	0.0	0.0	0.0	0.0	0.0	0.0	0.0
GSM4138114_HNSCC_3_PBMC_AGTGGGATCACCACCT	130.29515980782654	68.47043330316906	0.0	0.0	19.000068219292825	78.19357398895629	0.0	25.412748562350018	77.14570479778705	0.0	0.0	0.0	0.0	0.0	0.0	20.155071091568452	10.292349607418178	0.0	0.0	0.0	37.61557580957402	0.0	0.0	0.0
GSM4138114_HNSCC_3_PBMC_ATCCACCTCCCTCAGT	67.76427131796822	0.0	64.97340597891632	46.35967105457136	0.0	0.0	0.0	0.0	0.0	0.0	0.0	25.708164216827317	0.0	15.184738919964662	0.0	33.93097740908092	0.0	44.718798218840284	0.0	0.0	0.0	0.0	0.0	0.0
GSM4138114_HNSCC_3_PBMC_ATCGAGTGTCTAAACC	115.16149585451898	96.9031598578855	100.97428983209794	27.195375060393488	0.0	6.064616070292608	26.904393797314764	309.1670195187308	0.0	106.0322383968192	0.0	0.0	7.6964572463594445	0.0	0.0	0.0	0.0	0.0	0.0	0.0	0.0	0.0	0.0	0.0
GSM4138114_HNSCC_3_PBMC_ATCTACTGTGACGCCT	76.31763320598034	18.16397614264112	0.0	37.45853833520829	81.28172803527568	16.988570390800703	62.425818390737675	4.066436191912197	0.0	0.0	107.93511249612119	1.8593027417504964	0.0	0.0	0.0	0.0	0.0	0.0	0.0	0.0	0.0	0.0	0.0	0.0
GSM4138114_HNSCC_3_PBMC_CAAGAAAGTGCTTCTC	76.78341708556235	0.0	0.0	63.21764290946614	0.0	41.81464625630753	11.365250890817713	80.3617847317788	0.0	61.512240044571335	0.0	0.0	0.0	0.0	0.4048844105328771	0.0	0.0	0.0	0.0	0.0	0.0	0.0	0.0	0.0
GSM4138114_HNSCC_3_PBMC_CAAGGCCGTTCCCGAG	100.33514239993244	56.07711428644921	0.0	0.0	0.0	129.51702849872822	0.0	0.0	0.0	0.0	8.052572620442369	87.7287415348979	0.0	0.0	0.0	0.0	9.875233002712745	0.0	0.0	32.42018786965695	0.0	0.0	0.0	0.0
GSM4138114_HNSCC_3_PBMC_CAAGTTGTCAAGAAGT	27.50236671651436	38.411713981171594	0.0	0.0	0.0	0.0	43.284339572600224	0.0	9.089296474054288	0.0	0.0	66.345749153452	0.0	73.33082735164943	0.0	102.63011836361169	0.0	0.0	1.5588194352134788	0.0	0.0	0.0	0.0	0.0
GSM4138114_HNSCC_3_PBMC_CACAAACCAGCTGGCT	58.27614363802751	8.19225137810796	4.235111020374583	0.0	0.0	0.0	50.182827250781145	0.0	108.85073975143032	0.0	0.0	0.0	0.0	74.42885993361516	0.0	59.529281027449564	0.0	0.0	0.0	0.0	0.0	0.0	0.0	0.0
GSM4138114_HNSCC_3_PBMC_CACACAAAGAACAACT	52.41981611342973	54.62854610508049	0.0	0.0	0.0	0.0	115.07321587943036	0.0	0.0	0.0	0.0	0.0	22.66236658401914	0.0	0.0	2.4699501763776435	0.0	0.0	0.0	42.90600208912091	0.0	173.49151654198363	0.0	0.0
GSM4138114_HNSCC_3_PBMC_CACATAGTCCGCAAGC	71.44803080476017	0.0	16.016322793063942	70.07679459954036	0.0	0.0	59.78454192941505	77.8047549284263	0.0	0.0	0.0	0.0	0.0	0.0	29.089165965354145	24.917626968635126	0.0	0.0	95.88200835736446	0.0	0.0	0.0	0.0	0.0
GSM4138114_HNSCC_3_PBMC_CACCACTAGCAATATG	69.91300961783574	0.0	0.0	29.908531478817192	0.0	34.752918791208195	0.0	31.632607419264456	0.0	37.7770310832267	0.0	0.0	0.0	0.0	121.11327589576528	0.0	0.0	0.0	0.0	0.0	0.0	0.0	0.0	0.0
GSM4138114_HNSCC_3_PBMC_CATATTCAGTCCCACG	67.25665197232352	67.06077690385617	63.86109659517253	0.0	0.0	0.0	0.0	59.825143473265676	0.0	0.0	0.0	29.189997067140848	0.0	0.0	0.0	0.0	0.0	0.0	0.0	31.297670219318192	0.0	20.44994561861157	0.0	0.0
GSM4138114_HNSCC_3_PBMC_CATCAAGGTCGTCTTC	38.47919883869037	52.62507696305495	0.0	0.0	0.0	85.1765306262392	0.0	0.0	128.9899084165782	0.0	39.92732466748768	24.22133091219852	0.0	0.0	0.0	0.0	0.0	0.0	0.0	0.0	0.0	0.0	0.0	0.0
GSM4138114_HNSCC_3_PBMC_CATCAGACATACTACG	222.5804544303079	195.5987655436588	155.28527172789956	0.0	0.0	0.0	0.0	0.0	0.0	173.46935232573827	0.0	0.0	0.0	0.0	304.25215198919045	0.0	0.0	0.0	0.0	0.0	0.0	5.150068654893416	0.0	0.0
GSM4138114_HNSCC_3_PBMC_CATCGGGTCTTCTGGC	46.02963156547948	70.8485342878046	0.0	16.94498693659259	84.86278949382756	0.0	0.0	0.0	0.0	0.0	0.0	0.0	0.0	122.24315427187206	0.0	0.0	53.458725549281695	5.469848697111638	0.0	0.0	0.0	0.0	0.0	0.0
GSM4138114_HNSCC_3_PBMC_CCACGGATCAGAGGTG	123.95054880155791	0.0	0.12836612762127597	49.51658417675454	0.0	129.2143383990516	0.0	153.69709865897434	6.958732872318024	115.72356146014619	0.0	0.0	0.0	0.0	0.0	0.0	0.0	0.0	0.0	0.0	0.0	0.0	0.0	0.0
GSM4138114_HNSCC_3_PBMC_CCTACACTCGACAGCC	46.25130275699499	0.0	0.0	29.77365803225109	0.0	22.50264371024052	30.796015207392482	0.0	0.0	0.0	58.370473270470654	0.0	0.0	0.0	0.0	0.0	0.0	69.36601290623668	0.0	0.0	0.0	0.0	0.0	0.0
GSM4138114_HNSCC_3_PBMC_CCTTCCCGTAGCGTCC	54.629033810680674	0.0	0.0	62.42310808726554	0.0	48.92713940830101	0.0	77.43612894000087	0.0	43.2347572068285	0.0	0.0	6.214729292208361	0.0	0.0	0.0	0.0	0.0	0.0	0.0	0.0	0.0	0.0	0.0
GSM4138114_HNSCC_3_PBMC_CCTTCCCTCACATACG	104.87450788213783	0.0	59.160839077559196	59.4588934324275	13.336189104101226	0.0	0.0	0.0	28.912891657622815	0.0	0.0	0.0	0.0	0.0	1.3096244458832755	35.94485995221484	32.229456198693654	0.0	0.0	0.0	0.0	41.55611343372683	0.0	0.0
GSM4138114_HNSCC_3_PBMC_CGAGCCAAGCGCTTAT	89.06682909832156	23.4864945674367	43.976542349088064	39.28899529561861	124.41134792658325	0.0	20.16845046206356	0.0	0.0	0.0	0.0	19.41092947565105	0.0	0.0	0.0	0.0	0.0	0.0	38.4614619805088	0.0	0.0	0.0	0.0	0.0
GSM4138114_HNSCC_3_PBMC_CGAGCCAGTCAAAGAT	117.9434385688587	0.0	0.0	217.56336691226176	150.9683872836154	0.0	136.26290761324418	0.0	0.0	125.58337047025357	0.0	0.0	0.0	0.0	0.0	0.0	0.0	144.11326978202726	0.0	0.0	0.0	0.0	0.0	0.0
GSM4138114_HNSCC_3_PBMC_CGCGGTATCATCACCC	130.92968708771681	83.32272172922549	7.66192042344303	0.0	97.88980935739389	101.64267709049861	3.9305397755850886	29.2788677822368	0.0	0.0	103.75989885560031	0.0	0.0	0.0	0.0	0.0	0.0	0.0	0.0	0.0	0.0	0.0	0.0	0.0
GSM4138114_HNSCC_3_PBMC_CGCGTTTTCCCAAGTA	56.873688254066764	0.0	0.0	79.21869302453442	0.0	0.0	65.43340246961654	0.0	0.0	0.0	0.0	66.14537808638478	0.0	0.0	0.0	36.07663532034385	0.0	0.0	0.0	0.0	0.0	3.671139459822911	0.0	0.0
GSM4138114_HNSCC_3_PBMC_CGCTGGAGTAGCCTAT	54.92824540037323	72.91373469271707	110.82454301638745	0.0	0.0	70.89669774234488	0.0	0.0	137.79316382262724	94.59982909997012	0.0	0.0	0.0	0.0	0.0	0.0	0.0	0.0	0.0	0.0	0.0	0.0	7.478363588157815	0.0
GSM4138114_HNSCC_3_PBMC_CGGACGTGTAGATTAG	137.3211764539305	0.0	40.735738082265065	71.11781951664342	0.0	0.0	70.71113099061547	0.0	0.0	89.72004809485755	0.0	0.0	10.819097838056162	0.0	123.32896436763588	0.0	0.0	0.0	0.0	0.0	0.0	0.0	0.0	0.0
GSM4138114_HNSCC_3_PBMC_CGTCCATAGATGTGTA	38.2743622685533	0.0	23.416298972255444	79.55478964757918	19.978617655204147	0.0	0.0	24.82537492432085	0.0	0.0	40.546814398950836	0.0	0.0	18.93353493042823	33.58632768894226	0.0	0.0	0.0	0.0	0.0	0.0	38.528488558131194	0.0	0.0
GSM4138114_HNSCC_3_PBMC_CGTCTACGTACCGAGA	202.12701055965044	0.0	0.0	72.81058282146985	71.43835386515589	63.17645731646111	0.0	0.0	0.0	0.0	4.915603897897325	0.0	0.0	0.0	0.0	0.0	0.0	0.0	0.0	0.0	0.0	5.210505780808989	0.0	103.97130091640314
GSM4138114_HNSCC_3_PBMC_CGTTCTGCACGTCTCT	112.65937534899024	0.0	0.0	69.17193228047032	66.44517080831429	76.0037419055356	0.0	0.0	0.0	0.0	0.0	0.0	0.0	0.0	0.0	0.0	0.0	0.0	60.847294130320314	0.0	0.0	0.0	0.0	0.0
GSM4138114_HNSCC_3_PBMC_CTAGAGTCAAGCCATT	40.35524897352985	0.0	89.38602783209494	51.88705488719047	0.0	0.0	0.0	50.425564036278544	32.36427176009464	0.0	99.78563331800471	10.054597566205182	0.0	0.0	8.706452595054124	0.0	0.0	0.0	0.0	0.0	0.0	0.0	0.0	0.0
GSM4138114_HNSCC_3_PBMC_CTCAGAAGTCAGTGGA	60.49051963943885	0.0	0.0	64.51750783957036	0.0	18.612471067027524	21.512447816665397	0.0	0.0	0.0	0.0	0.0	0.0	0.0	90.62164489194706	0.0	0.0	0.0	0.0	0.0	0.0	0.0	81.79215904920599	0.0
GSM4138114_HNSCC_3_PBMC_CTCATTACATCGGTTA	48.79331429790663	56.19956884130155	0.0	4.628716236857231	0.0	95.62117830505794	0.0	0.0	88.42481098102989	0.0	0.0	0.0	0.0	0.0	0.0	0.0	0.0	0.0	64.26974087276209	0.0	0.0	0.0	0.0	0.0
GSM4138114_HNSCC_3_PBMC_CTCATTATCGGAGCAA	82.82451574105485	97.83535672337189	18.707286646159595	0.0	64.46245283696976	22.33787738222004	0.0	0.0	0.0	0.0	0.0	0.0	0.0	0.0	0.0	79.31778581473098	0.2453775607168402	0.0	0.0	0.0	0.0	0.0	0.0	0.0
GSM4138114_HNSCC_3_PBMC_CTGCTGTAGGACGAAA	72.79003526213206	44.522978871570075	0.0	0.0	0.0	0.0	82.3516398286192	0.0	0.0	0.0	0.0	110.62324580279166	0.0	0.0	0.0	0.0	0.0	0.0	0.0	0.0	95.77638439701275	41.04731241125851	0.0	0.0
GSM4138114_HNSCC_3_PBMC_CTGTTTAGTAAGTGTA	128.3224249583752	2.901161738499706	18.610596206750394	50.83044904913911	81.89143834665305	0.0	0.0	0.0	0.0	0.0	8.805772187289874	0.0	0.0	52.183124332353245	0.0	0.0	48.434341983803094	0.0	0.0	0.0	0.0	0.0	0.0	0.0
GSM4138114_HNSCC_3_PBMC_GAAATGACAGCTTAAC	66.70135440847406	53.55315818935486	57.89303653667475	0.0	0.0	0.0	0.0	21.8154342437085	95.45316327855681	18.014474790150945	0.0	0.0	20.00199965340551	0.0	0.0	0.0	0.0	0.0	0.0	0.0	0.0	0.0	0.0	0.0
GSM4138114_HNSCC_3_PBMC_GACCTGGGTTAAAGTG	82.27512661327451	18.514247071479346	53.39208984732108	0.0	37.715138572745886	0.0	0.0	0.0	8.070240231791756	0.0	74.49778358519794	23.699228857568233	0.0	0.0	1.2132504840045126	0.0	0.0	0.0	0.0	0.0	0.0	0.0	0.0	0.0
GSM4138114_HNSCC_3_PBMC_GATCAGTTCATCTGCC	101.32943465992975	0.0	0.0	29.56462612163803	0.0	97.37955504063956	0.0	0.0	94.38808260763349	80.44070927001032	0.0	0.0	0.0	0.0	0.0	0.0	0.0	0.0	0.0	0.0	0.0	0.0	0.0	0.0
GSM4138114_HNSCC_3_PBMC_GATCGATTCGCCAAAT	98.11723034861994	0.0	0.0	99.11493209314285	109.60021037781144	71.104237272562	0.0	0.0	0.0	0.0	75.11603577222284	0.0	0.0	0.0	0.0	0.0	0.0	0.0	0.0	0.0	0.0	0.0	0.0	0.0
GSM4138114_HNSCC_3_PBMC_GATCGTACATGCCCGA	57.01941999198681	68.59517266044298	18.835599529000817	0.0	0.0	34.835156739588044	0.0	28.926892733128383	0.0	0.0	0.0	0.0	57.585714653332715	0.0	60.39238837081523	0.0	0.0	0.0	0.0	0.0	0.0	0.0	0.0	0.0
GSM4138114_HNSCC_3_PBMC_GATCTAGGTCTTGATG	105.8676555522416	0.0	79.31980943295338	46.15382758101027	14.363054175493678	0.0	0.0	41.85250082698119	23.326953323353358	27.198174444435153	0.0	0.0	54.957124968838464	0.0	0.0	0.0	0.0	0.0	0.0	0.0	0.0	0.0	0.0	0.0
GSM4138114_HNSCC_3_PBMC_GCAAACTCAAACAACA	73.75509838783435	93.38903198736793	0.0	0.0	0.0	38.107294440506564	35.31253850245317	0.0	0.0	0.0	63.60350248410754	91.6626600916442	0.0	0.0	0.0	0.0	0.0	0.0	20.143348448328588	0.0	0.0	0.0	0.0	0.0
GSM4138114_HNSCC_3_PBMC_GCAAACTGTTCTGTTT	76.39221778544042	0.0	5.345722907593468	52.751637671444996	82.15235791306453	30.27143362851705	4.770545943191286	26.361950161966895	0.0	0.0	0.0	0.0	0.0	17.66784424926316	0.0	0.0	0.0	0.0	76.06711813704507	0.0	0.0	0.0	0.0	0.0
GSM4138114_HNSCC_3_PBMC_GCACATATCAGGCGAA	117.60856196703324	0.0	0.0	127.21064343809037	0.0	85.36613944428028	0.0	0.0	0.0	0.0	0.0	195.35260458440104	0.0	0.0	0.0	82.23905154039196	0.0	0.0	9.013391736774212	0.0	0.0	0.0	0.0	0.0
GSM4138114_HNSCC_3_PBMC_GCATGATCAGCTGTGC	50.342330233526944	0.0	0.0	32.22066252236736	0.0	2.071908118729178	72.55258846373067	0.0	19.747998824822574	0.0	0.0	0.0	0.0	0.0	0.0	0.0	0.0	0.0	103.98817557230471	0.0	0.0	0.0	0.0	0.0
GSM4138114_HNSCC_3_PBMC_GCGACCACAGGGTACA	90.2882304798544	31.515953429337088	0.0	0.0	36.73727206970918	64.9655585038386	0.0	70.5379541551196	0.0	0.0	0.0	0.0	0.0	0.0	0.0	0.0	0.0	0.0	0.0	70.25210224847729	0.0	0.0	0.0	0.0
GSM4138114_HNSCC_3_PBMC_GCGCAACTCGTTGCCT	59.909901050324486	26.579642544763615	0.0	0.0	0.0	53.02959371019293	0.0	31.383860577185143	22.662570767037234	0.0	0.0	0.0	81.03695317760109	0.0	0.0	0.0	0.0	0.0	0.0	0.0	0.0	0.0	0.0	0.0
GSM4138114_HNSCC_3_PBMC_GCGCCAACAAGGCTCC	79.6708297595456	81.95456665952975	0.0	0.0	0.0	70.05718432318501	0.0	0.0	112.5460065875652	73.11604755142874	0.0	0.0	0.0	0.0	0.0	0.0	0.0	0.0	0.0	0.0	0.0	0.0	0.0	0.0
GSM4138114_HNSCC_3_PBMC_GCTCTGTAGTGTCTCA	129.21344656026136	0.0	0.0	98.80545556828277	0.0	0.0	0.0	0.0	0.0	0.0	0.0	68.15917902516001	21.282901724486475	92.66636312834827	27.680960520840472	0.0	0.0	0.0	0.0	0.0	0.0	0.0	0.0	0.0
GSM4138114_HNSCC_3_PBMC_GCTGCTTAGATAGTCA	154.40484404165733	33.96495797125451	0.0	4.289614382203517	0.0	88.30742034064377	0.0	111.86629398176208	16.836623831278832	64.4871621408286	0.0	0.0	0.0	0.0	0.0	0.0	0.0	0.0	0.0	0.0	0.0	0.0	0.0	0.0
GSM4138114_HNSCC_3_PBMC_GGATGTTAGCTACCTA	133.32793766838356	90.618217489762	101.00801432007923	0.0	100.0473172393578	0.0	0.0	0.0	0.0	0.0	84.97184898058322	0.0	0.0	89.4778911475064	0.0	0.0	0.0	0.0	0.0	0.0	0.0	0.0	0.0	0.0
GSM4138114_HNSCC_3_PBMC_GGCCGATAGCACCGTC	135.74128568499893	0.0	29.26102869281931	85.27640336275186	0.0	1.0265667758136765	46.12484891963197	0.0	0.0	0.0	0.0	75.1362401651511	0.0	0.0	0.0	113.7227226092351	0.0	0.0	0.0	0.0	0.0	0.0	0.0	0.0
GSM4138114_HNSCC_3_PBMC_GGCGTGTGTCCCTTGT	97.11177069461576	64.81672820709589	90.63625420768074	0.0	0.0	0.0	0.0	18.01944107930619	0.0	50.43884899985501	0.0	0.0	0.0	0.0	92.04274049552144	0.0	0.0	0.0	0.0	0.0	0.0	0.0	0.0	0.0
GSM4138114_HNSCC_3_PBMC_GGGCACTTCAGCTCTC	102.87851999672507	99.09408987544984	0.0	0.0	0.0	60.584194781660756	0.0	25.973939937249913	0.0	0.0	25.05353832262724	0.0	0.0	0.0	74.68058897599657	0.0	0.0	0.0	0.0	27.1402757874385	0.0	0.0	0.0	0.0
GSM4138114_HNSCC_3_PBMC_GTAGGCCTCAAAGTAG	93.34569048497606	48.399352450653225	120.05113901334666	0.0	0.0	0.0	0.0	0.0	0.0	0.0	0.0	0.0	0.0	0.0	0.0	0.0	0.0	83.10646289582508	0.0	55.905924116616376	0.0	0.0	0.0	0.0
GSM4138114_HNSCC_3_PBMC_GTATCTTAGCTAAACA	50.12316384233033	54.64727040880737	0.0	0.0	0.0	0.0	0.0	0.0	91.42800550418109	90.79069180817181	0.0	0.0	0.0	57.27263103632565	0.0	0.0	0.0	0.0	0.0	0.0	0.0	0.0	0.0	0.0
GSM4138114_HNSCC_3_PBMC_GTCTCGTCATCTCCCA	84.05001617113642	0.0	88.31064944008587	35.701555289939165	0.0	0.0	0.0	0.0	103.29618999948502	0.0	0.0	0.0	0.0	0.0	0.0	0.0	0.0	0.0	0.0	0.0	0.0	0.0	37.84420771690405	38.919428304782286
GSM4138114_HNSCC_3_PBMC_GTGTGCGGTTCGCTAA	57.44992794231358	41.79440234949599	0.0	12.409047558456274	51.90577573302884	99.3705543710322	0.0	0.0	0.0	0.0	0.0	23.173307003064963	0.0	0.0	0.0	0.0	0.0	16.81860002222438	87.0959918047154	0.0	0.0	0.0	0.0	0.0
GSM4138114_HNSCC_3_PBMC_GTTACAGAGAGCTGCA	107.52098447509324	0.0	0.0	42.152094371551904	0.0	56.66521858067439	0.0	0.0	0.0	0.0	0.0	87.78549991401059	0.0	0.0	0.0	0.0	0.0	0.0	0.0	50.56571440634499	0.0	0.0	0.0	0.0
GSM4138114_HNSCC_3_PBMC_GTTCATTAGCTACCTA	60.68198758452253	103.6082899887859	0.0	0.0	0.0	59.163482502384255	0.0	0.0	16.189101246423384	0.0	85.36263923576136	64.23603295745613	0.0	0.0	0.0	0.0	0.0	0.0	0.0	0.0	0.0	0.0	0.0	0.0
GSM4138114_HNSCC_3_PBMC_TAAGTGCAGTTCGCAT	93.77131518596887	0.0	68.27892099979054	85.33519204394659	29.961050037141725	0.0	0.0	0.0	0.0	0.0	75.77025020736508	0.0	0.0	0.0	0.0	0.0	0.0	0.0	0.0	0.0	0.0	0.0	0.0	0.0
GSM4138114_HNSCC_3_PBMC_TACTTGTCAAGCGAGT	118.75480770159525	23.77756201772641	0.0	7.854929486426039	0.0	0.0	0.0	20.919057291269333	0.0	0.0	0.0	0.0	42.736309523861266	71.61795262647652	0.0	0.0	0.0	52.540153354457146	0.0	0.0	0.0	0.0	0.0	0.0
GSM4138114_HNSCC_3_PBMC_TAGACCATCCGGGTGT	58.708751977972355	18.117194349069262	3.2285062153214223	0.0	110.27722317985673	85.66067899419448	0.0	0.0	0.0	0.0	78.71134020443033	0.0	0.0	0.0	0.0	0.0	0.0	0.0	0.0	0.0	0.0	0.0	0.0	0.0
GSM4138114_HNSCC_3_PBMC_TAGGCATAGCCACGCT	262.2821594590278	188.97246055808714	0.0	0.0	0.0	202.80715662650152	0.0	372.76750644845947	0.0	0.0	0.0	0.0	0.0	0.0	0.0	0.0	210.1894847324932	0.0	0.0	0.0	0.0	0.0	0.0	0.0
GSM4138114_HNSCC_3_PBMC_TATTACCAGTGACTCT	48.33113240345372	43.51174599718491	95.59140924357746	0.0	115.80138629016196	0.0	0.0	0.0	0.0	0.0	0.0	0.0	0.0	0.0	0.0	5.475246986953565	43.09067956191835	0.0	0.0	0.0	9.73626794269255	0.0	11.080873761371482	0.0
GSM4138114_HNSCC_3_PBMC_TCAACGACAGACACTT	62.07676933365236	89.13817182247996	29.30031899261021	0.0	78.39008918036072	0.0	28.67582734752519	0.0	0.0	0.0	0.0	0.0	0.0	0.15167243911435574	0.0	0.0	0.0	0.0	0.0	74.75854852587509	0.0	0.0	0.0	0.0
GSM4138114_HNSCC_3_PBMC_TCAGGATTCCGTTGTC	49.08790880068242	35.224020599958784	17.47469569285447	0.0	0.0	0.0	0.0	45.85154100112553	0.0	71.04426950835565	7.9083652040677626	0.0	0.0	53.957617175949544	0.0	0.0	0.0	0.0	0.0	0.0	0.0	0.0	0.0	23.995858927335682
GSM4138114_HNSCC_3_PBMC_TCATTTGGTTCCCGAG	75.97703085374002	0.0	87.24864402941257	58.10149899633424	0.0	0.0	0.0	0.0	68.73504777522585	0.0	0.0	0.0	0.0	0.0	0.0	0.0	30.490845312701722	0.0	0.0	0.0	0.0	0.0	0.0	0.0
GSM4138114_HNSCC_3_PBMC_TCGAGGCGTACTCTCC	89.16252455182892	0.0	0.0	23.89095811703346	0.0	82.135114597893	0.0	25.19102982751373	0.0	0.0	0.0	0.0	0.0	0.0	0.0	0.0	0.0	50.71700792202003	0.0	74.34898262349815	0.0	0.0	0.0	0.0
GSM4138114_HNSCC_3_PBMC_TCGCGAGTCTATCCTA	99.45167500536806	133.22034852374685	0.0	0.0	0.0	106.96271669488502	0.0	97.36453291827645	0.0	0.0	0.0	0.0	91.0620396586085	0.0	0.0	0.0	0.0	0.0	0.0	0.0	0.0	0.0	0.0	0.0
GSM4138114_HNSCC_3_PBMC_TCTGGAAGTGTAAGTA	78.02539408676796	0.0	0.0	56.714920366936596	0.0	0.0	0.0	0.0	0.0	0.0	0.0	0.0	61.57464621870504	59.883924145824004	0.0	0.0	8.812972092415077	80.01955334851353	0.0	0.0	0.0	0.0	0.0	0.0
GSM4138114_HNSCC_3_PBMC_TGACTAGTCTGAAAGA	84.22740184902479	0.0	0.0	29.619011852363865	0.0	0.0	0.0	0.0	0.0	31.458343798263325	0.0	0.0	23.887096808452306	56.33948933295662	93.43113592560282	0.0	0.0	0.0	0.0	0.0	0.0	0.0	0.0	0.0
GSM4138114_HNSCC_3_PBMC_TGACTTTCAATGGAAT	44.59508133829326	0.0	0.0	58.99284617971296	16.60878736718353	43.39957698772932	0.0	0.0	0.0	17.559934437622637	0.0	0.0	0.0	0.0	45.64971788681334	11.903703758694675	0.0	0.0	0.0	0.0	0.0	0.0	0.0	0.0
GSM4138114_HNSCC_3_PBMC_TGAGAGGGTCCGAATT	85.73749879620921	0.0	0.0	95.36099947410375	123.86524334527203	58.382356005878314	17.337414420248976	0.0	0.0	0.0	80.26953384061748	0.0	7.053768043387602	0.0	0.0	0.0	0.0	0.0	0.0	0.0	0.0	0.0	0.0	0.0
GSM4138114_HNSCC_3_PBMC_TGAGCCGGTACAGCAG	89.64731674408539	55.26233036761889	0.0	0.0	166.62009394126332	0.0	0.0	0.0	0.0	0.0	0.0	0.0	0.0	133.66621140334806	0.0	40.45388957402559	0.0	0.0	0.0	0.0	0.0	0.0	0.0	0.0
GSM4138114_HNSCC_3_PBMC_TGAGGGAAGGGTGTGT	137.25764551181032	0.0	81.22499865174125	204.76889323705757	19.97544058974958	0.0	0.0	113.74408789896182	0.0	13.211333924123961	0.0	0.0	27.0176843428609	0.0	0.0	0.0	0.0	14.19303871024467	0.0	0.0	0.0	0.0	0.0	0.0
GSM4138114_HNSCC_3_PBMC_TGAGGGAGTAGCCTAT	129.55114993963198	0.0	61.4560118579886	49.0503295386517	0.0	0.0	0.0	0.0	0.0	0.0	0.0	0.0	27.865562894350543	0.0	0.0	0.0	0.0	85.06361817106962	0.0	0.0	0.0	0.0	0.0	0.0
GSM4138114_HNSCC_3_PBMC_TGCGCAGAGGTAGCTG	99.3971711927877	63.021781884638024	71.0577773415079	0.0	40.51229858278109	0.0	0.0	66.11394942512939	0.0	10.303289650239671	47.778889931272055	0.0	0.0	0.0	0.0	0.0	0.0	0.0	0.0	0.0	0.0	0.0	0.0	0.0
GSM4138114_HNSCC_3_PBMC_TGGACGCGTTCCACAA	197.31364715398172	0.0	0.0	239.53382165185937	189.4693293835768	0.0	108.86532061079096	0.0	0.0	0.0	194.1982560079941	0.0	0.0	0.0	0.0	0.0	0.0	100.23971523711172	0.0	0.0	0.0	21.460135406871053	0.0	0.0
GSM4138114_HNSCC_3_PBMC_TTCTACAGTCTAGTGT	139.37826382523562	0.0	0.0	56.27791152508583	0.0	61.6018341296813	0.0	0.0	11.976582324548547	0.0	26.897489171580197	49.24241149170935	0.0	0.0	0.0	0.0	0.0	0.0	0.0	0.0	0.0	0.0	0.0	3.75943438446251
GSM4138114_HNSCC_3_PBMC_TTCTACATCTGCGTAA	146.4527530902134	99.94935676535718	131.2353759057241	0.0	0.0	0.0	0.0	131.5166637504394	0.0	0.0	0.0	0.0	0.0	0.0	33.023917637179515	0.0	0.0	0.0	0.0	65.17636610084884	0.0	0.0	0.0	0.0
GSM4138114_HNSCC_3_PBMC_TTCTCAAGTCAAGCGA	79.86027643414374	0.0	99.44621218625993	26.550549700449817	0.0	0.0	0.0	107.49879430566651	0.0	0.0	0.0	0.0	0.0	0.0	0.0	7.154680057127521	7.985883516004656	0.0	0.0	0.0	0.0	0.0	0.0	0.0
GSM4138114_HNSCC_3_PBMC_TTCTCAAGTTATGTGC	149.58367733613423	105.46846165670848	0.0	0.0	0.0	59.631299042531516	0.0	0.0	0.0	0.0	0.0	0.0	0.0	0.0	0.0	0.0	0.0	50.18469787543231	0.0	48.11949695240851	0.0	0.0	0.0	0.0
GSM4138114_HNSCC_3_PBMC_TTCTTAGAGGCTCTTA	67.38973350108884	31.787940354456698	0.0	0.0	0.0	0.0	0.0	0.0	58.86424236625694	0.0	0.0	0.0	0.0	76.6158975628905	0.0	74.79657706238106	0.0	0.0	0.0	0.0	0.0	0.0	0.0	0.0
GSM4138114_HNSCC_3_PBMC_TTTCCTCTCCTTTCTC	30.96387198137177	74.11682451692123	0.0	0.0	0.0	0.0	0.0	47.69472764347034	0.0	0.0	0.0	0.0	0.0	77.20810347850852	0.0	44.244253722988546	0.0	0.0	0.0	0.0	0.0	0.0	0.0	0.0
GSM4138114_HNSCC_3_PBMC_TTTGTCACACGAAAGC	114.90751775778942	116.16914676265657	0.0	0.0	0.0	71.56678634073835	0.0	0.0	64.6209548674125	68.77935472591723	0.0	0.0	0.0	0.0	0.0	0.0	0.0	0.0	0.0	0.0	0.0	0.0	0.0	0.0
GSM4138114_HNSCC_3_PBMC_TGTGTTTTCCCATTAT	85.1968460559297	0.0	118.81492315161154	240.04412480889096	45.944445278180325	0.0	0.0	0.0	0.0	41.92053892530813	0.0	263.550120605804	0.0	0.0	0.0	2.4069099073960722	0.0	0.0	0.0	0.0	0.0	0.0	0.0	0.0
GSM4138114_HNSCC_3_PBMC_AACCATGAGCTAAACA	71.5367714797412	0.0	120.18602286575637	28.9127439983265	0.0	0.0	0.0	0.0	95.1964686021522	0.0	0.0	0.0	77.1818596804149	0.0	0.0	0.0	0.0	0.0	0.0	0.0	0.0	0.0	0.0	0.0
GSM4138114_HNSCC_3_PBMC_AACTTTCCAGCCTTTC	95.78720438584625	89.84277848663473	0.0	0.0	0.0	0.0	104.72264733947513	121.56108373328435	0.0	0.0	79.11893678575456	0.0	0.0	0.0	0.0	0.0	0.0	0.0	0.0	0.0	0.0	0.0	0.0	0.0
GSM4138114_HNSCC_3_PBMC_AAGGTTCGTAAATGAC	71.13560812804839	91.45719883146032	0.0	0.0	0.0	26.236300081908368	12.336802314426047	92.42792709890035	0.0	37.01112076193862	0.0	18.460999832803445	0.0	0.0	0.0	0.0	0.0	0.0	0.0	0.0	0.0	0.0	0.0	0.0
GSM4138114_HNSCC_3_PBMC_ACAGCCGCATCCCACT	100.67491634558549	0.0	99.86738070655927	92.34127449114676	154.8913328261567	0.0	0.0	0.0	0.0	3.6648595390877303	0.0	0.0	44.208944594433895	0.0	0.0	6.092146277521342	37.178787522590135	0.0	0.0	0.0	0.0	0.0	0.0	0.0
GSM4138114_HNSCC_3_PBMC_ACATACGGTCACTGGC	185.1971593130706	82.54291549915817	0.0	0.0	0.0	131.87028308854562	0.0	0.0	0.0	40.45591101813178	15.43075199905025	94.8312089402575	0.0	0.0	0.0	0.0	0.0	0.0	51.76831126904261	0.0	0.0	0.0	0.0	0.0
GSM4138114_HNSCC_3_PBMC_ACCCACTCATGGTCAT	125.29068015388997	0.0	0.0	92.24928130660591	0.0	0.0	54.69149679740414	90.47013848317823	0.0	61.360713196501806	0.0	0.0	0.0	0.0	0.0	0.0	0.0	0.0	0.0	0.0	0.0	0.0	0.0	0.0
GSM4138114_HNSCC_3_PBMC_ACGATGTGTACCATCA	120.51397471240774	14.517163132895126	0.0	65.89596023366947	77.91654457031208	105.05418261252457	0.0	59.573561702677836	3.66670618251213	0.0	0.0	0.0	118.37171069205068	0.0	0.0	0.0	0.0	0.0	0.0	0.0	0.0	0.0	0.0	0.0
GSM4138114_HNSCC_3_PBMC_ACGCCAGCACACTGCG	149.9592524165329	0.0	21.390442745320033	63.78772134418367	0.0	0.0	88.46842809839588	0.0	0.0	68.63037461696372	0.0	0.0	24.781264381289937	0.0	151.90110215478938	0.0	0.0	0.0	0.0	0.0	0.0	0.0	0.0	0.0
GSM4138114_HNSCC_3_PBMC_ACGGGTCGTTACGACT	87.71859482860799	0.0	119.15086343089013	31.97391076919426	0.0	0.0	0.0	68.70449031110645	0.0	0.0	0.0	0.0	27.287108417442493	0.0	0.0	0.0	5.089864985510351	1.3439954530352989	0.0	0.0	0.0	0.0	0.0	0.0
GSM4138114_HNSCC_3_PBMC_ACGGGTCTCTGCCCTA	83.64411745385704	43.005710340636625	0.0	6.879696928527934	46.86605973751672	78.91800756167572	0.0	0.0	0.0	0.0	44.81430376289778	0.0	0.0	0.0	0.0	0.0	0.0	0.0	0.0	0.0	0.0	0.0	0.0	0.0
GSM4138114_HNSCC_3_PBMC_ACTTACTGTCATGCAT	35.34915750773709	0.0	0.0	46.380759631465885	0.0	48.24901855188348	0.0	0.0	0.0	0.0	75.91403835392266	101.67783642074265	0.0	0.0	0.0	0.0	0.0	10.652522589032774	0.0	0.0	0.0	0.0	0.0	0.0
GSM4138114_HNSCC_3_PBMC_ACTTGTTAGAGTAAGG	47.45397597436776	0.0	109.37203981154434	85.07455144917678	0.0	0.0	12.755547968907814	0.0	4.942677773186046	16.563455681799145	0.0	0.0	8.853221318318395	0.0	90.26237072777869	0.0	0.0	0.0	0.0	0.0	0.0	0.0	0.0	0.0
GSM4138114_HNSCC_3_PBMC_AGCGTCGCAACTGCGC	75.72093082396678	0.0	0.0	96.26701325413224	26.844462505255198	0.0	50.691571331887296	53.25601409473432	0.0	0.0	65.16857515854579	0.0	29.772986226941736	0.0	0.0	0.0	0.0	0.0	0.0	0.0	0.0	0.0	0.0	0.0
GSM4138114_HNSCC_3_PBMC_AGCTTGAAGGAGCGTT	55.468348012576094	0.0	0.0	70.40319448538678	20.906711322063487	0.0	75.34949672848239	0.0	0.0	0.0	0.0	22.37690633892358	0.0	0.0	66.19790648608108	32.87198568419587	0.0	0.0	0.0	0.0	0.0	0.0	0.0	0.0
GSM4138114_HNSCC_3_PBMC_AGGGATGCATCCGCGA	73.55634591811281	66.92931399084023	0.0	0.12853436497690904	0.0	0.0	76.67653645841591	0.0	0.0	0.0	0.0	0.0	61.106356295013356	0.0	0.0	0.0	0.0	137.04009511347493	0.0	0.0	0.0	0.0	0.0	0.0
GSM4138114_HNSCC_3_PBMC_AGGTCATAGTTGCAGG	122.36233499154677	0.0	0.0	50.961724274443334	0.0	0.0	125.8812013515005	63.95545354127034	0.0	0.0	0.0	0.0	132.45230569099522	17.929325909181564	30.391093599416923	0.0	0.0	0.0	0.0	0.0	0.0	0.0	0.0	0.0
GSM4138114_HNSCC_3_PBMC_AGGTCCGTCAGCTGGC	94.12743247473318	56.577864473470335	0.0	0.0	0.0	0.0	0.0	0.0	11.455872050025704	20.51986406719768	0.0	0.0	0.0	44.4052224473897	60.063791513883686	0.0	0.0	0.0	0.0	0.0	0.0	0.0	0.0	0.0
GSM4138114_HNSCC_3_PBMC_AGTGGGATCGATAGAA	150.36340971805407	48.55548261390307	0.0	0.0	121.44024065275163	86.11665084474973	0.0	0.0	0.0	41.323097918669696	0.0	0.0	0.0	0.0	0.0	0.0	21.358027438462763	0.0	0.0	37.088435976700154	1.1922912086329052	0.0	0.0	0.0
GSM4138114_HNSCC_3_PBMC_AGTGTCAAGTGTACTC	80.32710101222517	0.0	73.25934455341718	45.39710160037877	107.6609636940566	0.0	0.0	0.0	0.0	0.0	0.0	0.0	0.0	0.0	0.0	66.02834116465051	0.0	0.0	0.0	0.0	0.0	0.0	0.0	0.0
GSM4138114_HNSCC_3_PBMC_ATAGACCAGTGACATA	167.63774674536765	13.073307801633874	54.9444446013898	105.83516150513567	124.398141672742	59.1070868323381	0.0	0.0	0.0	0.0	0.0	0.0	0.0	0.0	0.0	0.0	55.4054622714622	0.0	0.0	0.0	0.0	0.0	0.0	0.0
GSM4138114_HNSCC_3_PBMC_ATCACGAGTAAGTTCC	96.79031382678227	0.0	0.0	37.07938448031395	0.0	0.0	0.0	0.0	0.0	0.0	0.0	0.0	0.0	61.991988912724	0.0	37.11782985368847	0.0	95.81337190939661	0.0	0.0	0.0	0.0	0.0	0.0
GSM4138114_HNSCC_3_PBMC_ATGGGAGTCACGCGGT	193.57039507304384	0.0	95.91307793673978	94.56110566905309	0.0	5.870496819576234	0.0	147.6881188570726	0.0	0.0	0.0	0.0	67.46626522019959	0.0	0.0	0.0	0.0	0.0	0.0	0.0	0.0	0.0	0.0	0.0
GSM4138114_HNSCC_3_PBMC_ATTGGACTCTCTTATG	91.14292439549727	21.882379045431573	0.0	0.0	20.880014741869225	28.778517584615994	9.245995451263639	0.0	0.0	0.0	0.0	0.0	0.0	0.0	12.515099880113352	38.89135650960187	0.0	1.228091875828079	0.0	0.0	0.0	0.0	0.0	0.0
GSM4138114_HNSCC_3_PBMC_CAACCTCGTACATCCA	67.23337993887529	55.26573726911753	0.0	0.0	60.081898620253796	0.0	0.0	50.20859349306604	0.0	0.0	0.0	0.0	0.0	76.65212400441891	0.0	105.95799960095127	0.0	0.0	0.0	0.0	0.0	0.0	0.0	0.0
GSM4138114_HNSCC_3_PBMC_CAACTAGCACAACGCC	101.27603076493581	80.69668271035718	0.0	0.0	46.99338854982985	61.52244393161283	0.0	2.3230009244296945	38.06736075417587	0.0	0.0	0.0	0.0	17.762307640777763	0.0	0.0	26.961830519774864	0.0	0.0	0.0	0.0	0.0	0.0	0.0
GSM4138114_HNSCC_3_PBMC_CAAGAAATCTATGTGG	66.05723458560448	29.02042579465524	0.0	29.021613776836183	0.0	88.86502008093653	0.0	0.0	85.47674465121965	0.0	0.0	0.0	56.06678741064596	0.0	0.0	0.0	0.0	0.0	0.0	0.0	0.0	0.0	0.0	0.0
GSM4138114_HNSCC_3_PBMC_CAAGATCCACCAGATT	69.08225295296359	16.78159269614763	50.42407419517008	41.62734343561323	0.0	0.0	49.380125432444395	85.78541191525764	0.0	0.0	0.0	0.0	81.5049248009985	0.0	0.0	0.0	0.0	0.0	0.0	0.0	0.0	0.0	0.0	0.0
GSM4138114_HNSCC_3_PBMC_CAGTAACAGCAACGGT	85.03101273841413	71.82080937541555	0.0	0.0	0.0	60.04231751520915	0.0	0.0	0.0	0.0	0.0	68.62781667750107	0.0	0.0	0.0	44.91007016959928	0.0	0.0	0.0	0.0	0.0	2.6666796089935665	0.0	0.0
GSM4138114_HNSCC_3_PBMC_CATATGGCAAGTAGTA	172.81172888489527	0.0	99.67010115850066	60.46146189286447	0.0	0.0	0.0	0.0	0.0	0.0	0.0	0.0	73.79831710210559	0.0	0.0	0.0	0.0	142.18942300143158	0.0	0.0	0.0	0.0	0.0	0.0
GSM4138114_HNSCC_3_PBMC_CATATGGGTACGAAAT	64.98488507239777	89.52563085092882	0.0	0.0	12.093359063716811	77.6076265162849	0.0	0.0	0.0	0.0	42.23582552576461	30.7978436892999	0.0	0.0	0.0	0.0	0.0	0.0	25.945341276293753	0.0	8.537836333660493	0.0	0.0	0.0
GSM4138114_HNSCC_3_PBMC_CATCCACTCGCATGGC	131.2267061651955	86.77855859390228	110.1829423495907	0.0	0.0	0.0	0.0	12.561327134245849	114.40388265635356	41.98075769532935	0.0	0.0	37.298419441237854	0.0	0.0	0.0	0.0	0.0	0.0	0.0	0.0	0.0	0.0	0.0
GSM4138114_HNSCC_3_PBMC_CCAGCGATCACAATGC	115.34511489098766	60.85647075886971	0.0	0.0	0.0	0.0	91.28492498102574	0.0	0.0	0.0	0.0	0.0	0.0	0.0	110.67891032623386	84.40102503002736	0.0	0.0	0.0	0.0	0.0	1.5175532570017345	0.0	0.0
GSM4138114_HNSCC_3_PBMC_CCCATACGTTTGGGCC	157.38138392236885	0.0	0.0	130.2531397967556	122.59495883199294	12.871698024867307	65.968186454987	0.0	0.0	40.829804887608795	0.2409807509965049	0.0	27.85418355341687	3.272203674473945	0.0	0.0	0.0	0.0	0.0	0.0	0.0	0.0	0.0	0.0
GSM4138114_HNSCC_3_PBMC_CCGGGATTCAGCTCGG	89.98884209035573	0.0	0.0	62.44089979612877	0.0	93.82047587405555	15.020935116371966	0.0	52.70335861173518	0.0	0.0	0.0	51.80704760201	0.0	0.0	0.0	0.0	0.0	0.0	0.0	0.0	0.0	0.0	0.0
GSM4138114_HNSCC_3_PBMC_CCGGTAGAGGACAGAA	288.24689073033073	105.30872393423137	0.0	0.0	0.0	172.95858892279597	10.619727357170573	65.15472056746655	143.43456324948804	125.83370122155394	0.0	0.0	14.11738375542865	0.0	0.0	0.0	0.0	0.0	0.0	3.3828726867335606	0.0	0.0	0.0	0.0
GSM4138114_HNSCC_3_PBMC_CCGGTAGCAGCATGAG	121.99065891694067	0.0	91.53718813137556	29.206411138011838	0.0	0.0	0.0	0.0	58.331964374498206	11.939895906279444	0.0	28.379733406115385	49.624349744632944	7.653559068137687	0.0	0.0	0.0	0.0	0.0	0.0	0.0	0.0	0.0	0.0
GSM4138114_HNSCC_3_PBMC_CCGTACTCATCGATGT	81.01622909824512	38.25559790841551	0.0	0.0	0.0	65.49147307115167	0.0	0.0	0.0	0.0	26.922815409602514	0.0	0.0	0.0	115.97946395944022	0.0	0.0	0.0	0.0	19.305640815766647	0.0	0.0	0.0	0.0
GSM4138114_HNSCC_3_PBMC_CCTATTAGTCCAAGTT	77.54273686475092	61.70121733471042	4.087404712775117	0.0	0.0	0.0	0.0	0.0	15.189734434872936	48.619109602507905	0.0	0.0	0.0	26.42049081352628	45.77016415454475	0.0	0.0	0.0	0.0	0.0	0.0	0.0	0.0	0.0
GSM4138114_HNSCC_3_PBMC_CCTTCGAGTGGCTCCA	136.20088380803057	50.52187245217518	139.39027355349785	0.0	0.0	0.0	0.0	0.0	0.0	29.849339318143134	0.0	44.32669935434296	0.0	0.0	0.0	0.0	0.0	0.441537618575506	16.984012076242337	0.0	0.0	0.0	0.0	0.0
GSM4138114_HNSCC_3_PBMC_CCTTTCTCAAAGGCGT	130.34955368390496	111.28140222889628	92.69596476507371	0.7088504980496564	104.29203223925515	0.0	0.0	0.0	0.0	0.0	0.0	0.0	0.0	0.0	0.0	0.0	41.5733833585823	0.0	0.0	0.0	0.0	0.0	0.0	0.0
GSM4138114_HNSCC_3_PBMC_CGAGAAGAGTGCGTGA	52.47787946130568	39.295407246541124	0.0	0.0	0.0	75.89500302521776	0.0	0.0	0.0	56.51841811107739	0.0	83.97498186621	0.0	0.0	0.0	6.358921645706359	0.0	0.0	0.0	0.0	0.0	0.0	0.0	0.0
GSM4138114_HNSCC_3_PBMC_CGATGTAAGGACTGGT	86.67354718880647	0.0	104.10632352132959	55.255380450468294	0.0	0.0	59.75585305453243	67.91711784361438	0.0	0.0	0.0	0.0	95.0173370966986	0.0	0.0	0.0	0.0	0.0007675625153881671	0.0	0.0	0.0	0.0	0.0	0.0
GSM4138114_HNSCC_3_PBMC_CGGACACGTGACCAAG	171.35027272539168	0.0	0.0	55.36634420346937	0.0	0.0	87.90796619070947	0.0	107.50472618152996	68.70936315952999	0.0	0.0	0.0	0.0	0.0	0.0	0.0	0.0	0.0	0.0	0.0	0.0	0.0	0.0
GSM4138114_HNSCC_3_PBMC_CGGACTGGTTCTGTTT	65.19107765253908	14.607119312205528	0.0	11.923852893201007	0.0	0.0	0.0	0.0	18.74705495310488	42.15725646309852	0.0	69.88463331692672	20.174555130454976	127.89829917421505	0.0	0.0	0.0	0.0	0.0	0.0	0.0	0.0	0.0	0.0
GSM4138114_HNSCC_3_PBMC_CGGGTCACATCTATGG	60.319159808940185	0.0	19.575257459577852	32.9887936449879	0.0	29.323074453573906	0.0	0.0	0.0	65.04859421357925	0.0	0.0	0.0	0.0	58.779706306010205	0.0	0.0	0.0	0.0	0.0	0.0	0.0	0.0	0.0
GSM4138114_HNSCC_3_PBMC_CGTGTCTTCATGCTCC	138.0108145616165	27.52412364524369	0.0	17.219833025945707	11.14259983240955	100.18189508672454	0.0	0.0	42.37865414474242	0.0	108.53598789949393	46.73623603470494	0.0	0.0	0.0	0.0	0.0	0.0	0.0	0.0	0.0	0.0	0.0	0.0
GSM4138114_HNSCC_3_PBMC_CTAACTTGTGGCAAAC	131.59044424932756	0.0	0.0	39.88425432774726	0.0	0.0	84.60688532388247	78.94428782328691	97.88357354811278	0.0	0.0	0.0	73.26356337257214	0.0	0.0	0.0	0.0	0.0	0.0	0.0	0.0	0.0	0.0	0.0
GSM4138114_HNSCC_3_PBMC_CTAACTTTCAGCTGGC	66.20975008847236	0.0	0.0	214.83667982479702	0.0	0.0	98.48192951317789	0.0	90.46130564548466	0.0	0.0	0.0	87.44087473236715	0.0	0.0	0.0	0.0	0.0	0.0	0.0	0.0	0.0	0.0	0.0
GSM4138114_HNSCC_3_PBMC_CTCGAAACAAGGACAC	158.62087653484778	66.88340105208147	0.0	9.089915461746298	0.0	109.0696838505077	0.0	11.780961106946313	0.0	0.0	0.0	105.48331934778234	0.0	0.0	0.0	0.0	112.38423250717345	13.422711444827753	0.0	0.0	0.0	0.0	0.0	0.0
GSM4138114_HNSCC_3_PBMC_CTCTACGAGTGCGTGA	87.16854790438671	48.171758956987986	22.400632772649082	0.0	0.0	41.821087232125855	0.0	18.21819934402979	0.4141269364397335	0.0	0.0	0.0	52.63048355844026	0.0	32.18342996672753	0.0	0.0	0.0	0.0	0.0	0.0	0.0	0.0	0.0
GSM4138114_HNSCC_3_PBMC_CTGAAGTAGAAACCGC	112.809583820306	48.828150906088126	50.977245517477634	0.0	68.50184940484625	0.0	0.0	0.0	0.0	0.0	0.0	0.0	0.0	0.0	0.0	0.0	99.2515842721273	0.0	0.0	0.0	0.0	0.0	0.0	0.0
GSM4138114_HNSCC_3_PBMC_CTGAAGTCACTAAGTC	90.55272824482084	39.35348545695124	77.411641548067	0.0	52.72927063388729	0.0	32.73888598493899	56.68305531145613	0.0	0.0	0.0	0.0	54.04782654325072	0.0	3.3000543802286173	0.0	0.0	0.0	0.0	0.0	0.0	0.0	0.0	0.0
GSM4138114_HNSCC_3_PBMC_CTGTTTACACAACGTT	76.76674239740485	69.58556190725186	94.6249287336033	0.0	0.0	0.0	0.0	0.0	0.0	33.09868530727348	0.0	0.0	13.281515057633046	0.0	32.45096692630067	0.0	0.0	0.0	0.0	0.0	0.0	0.0	0.0	0.0
GSM4138114_HNSCC_3_PBMC_GAACGGATCAGGTTCA	109.19387639681827	0.0	0.0	36.693980973507344	0.0	54.63289046413073	0.0	0.0	0.0	0.0	51.90686141864432	0.0	0.0	0.0	0.0	0.0	0.0	119.58370544491544	0.0	0.0	0.0	0.0	0.0	0.0
GSM4138114_HNSCC_3_PBMC_GACCTGGCAAGACACG	122.88477395363178	0.0	0.0	85.96732283041823	0.0	0.0	0.0	0.0	91.5787323995698	68.86152503621842	0.0	78.1768175392744	0.0	101.82702240718062	0.0	0.0	0.0	0.0	0.0	0.0	0.0	0.0	0.0	0.0
GSM4138114_HNSCC_3_PBMC_GACGCGTAGTTAGGTA	105.58907283355546	26.473955756968937	0.0	0.0	109.05056116192719	86.8250727352266	0.0	44.181116500671386	0.0	0.0	11.697261746076869	0.0	0.0	0.0	0.0	31.476556785084306	0.0	0.0	0.0	23.71473339292054	0.0	0.0	0.0	0.0
GSM4138114_HNSCC_3_PBMC_GACTACAAGCGTTCCG	145.8185581200628	127.34025626211476	0.0	0.0	105.31842951224223	112.57647578317362	11.01652056083876	46.62752969711546	0.0	0.0	0.0	0.0	0.0	0.0	0.0	0.0	0.0	0.0	0.0	151.65928395233882	0.0	0.0	0.0	0.0
GSM4138114_HNSCC_3_PBMC_GCACATAGTTGTCGCG	108.42912111148591	55.9179998663013	0.0	0.0	64.79007895520996	121.02220990526997	0.0	0.0	0.0	0.0	0.0	0.0	0.0	0.0	0.0	0.0	0.0	0.0	68.8716580600518	0.0	0.0	67.5725791894972	21.681257241582284	0.0
GSM4138114_HNSCC_3_PBMC_GCATACAGTCAGATAA	27.77447633972978	25.599179297431068	0.0	11.112513835445597	132.8341176557924	0.0	46.63782035040756	0.0	0.0	0.0	0.0	17.226204633323203	0.0	0.0	11.707492883749184	0.0	84.99672470572547	0.0	0.0	0.0	0.0	0.0	0.0	0.0
GSM4138114_HNSCC_3_PBMC_GCATGTAGTATGAAAC	46.90149886420926	63.382556097304224	52.09455691422727	0.0	60.922579896101105	0.0	0.0	20.171750275492943	0.0	53.34807570855435	0.0	0.0	0.0	0.0	0.0	0.0	0.0	0.0	0.0	0.0	0.0	0.0	0.0	0.0
GSM4138114_HNSCC_3_PBMC_GCCAAATGTCCTAGCG	115.14518325390615	0.0	0.0	87.36755321983343	0.0	48.820384589651425	0.0	1.4446283729015779	57.04612882096249	0.0	84.73490018013028	0.0	0.0	0.8589600142074839	0.0	0.0	0.0	0.0	0.0	0.0	0.0	0.0	0.0	0.0
GSM4138114_HNSCC_3_PBMC_GCGCAGTAGTTGTAGA	142.61061416092937	33.78441909225582	34.4053296406968	23.938646191729237	0.0	33.205782242007004	6.3888466043672025	62.99902580029798	0.0	77.34515584915795	0.0	0.0	0.0	0.0	0.0	0.0	0.0	0.0	24.911527611098613	0.0	0.0	0.0	0.0	0.0
GSM4138114_HNSCC_3_PBMC_GGAAAGCCATGGTTGT	106.67506599340788	37.56368746398024	42.1594796247594	0.0	9.573980142455815	0.0	67.8471165317534	72.3077185051115	0.0	61.88785280827484	0.0	0.0	0.0	0.0	0.0	0.0	0.0	0.0	0.0	0.0	0.0	0.0	0.0	0.0
GSM4138114_HNSCC_3_PBMC_GGAAAGCTCACAACGT	74.40958859345898	2.578376565019925	0.0	51.04886895674077	113.36475045445444	146.37349365674487	0.0	0.0	63.281936598771225	0.0	0.0	0.0	40.061705088070894	0.0	0.0	0.0	0.0	0.0	0.0	0.0	0.0	0.0	0.0	0.0
GSM4138114_HNSCC_3_PBMC_GGACAAGTCGCCGTGA	206.2863788467976	79.90384230834748	0.0	13.195723890473598	0.0	0.0	159.9712042247766	0.0	0.0	0.0	0.0	91.5974630658562	0.0	0.0	0.0	0.0	0.0	0.0	0.0	117.8030465647084	0.0	96.8756515376061	0.0	0.0
GSM4138114_HNSCC_3_PBMC_GGACGTCTCGACGGAA	104.05495807075121	59.248193817639	9.490472215789353	11.630551479285886	0.0	0.0	0.0	17.554013612591927	56.94591999380134	29.905542202948176	0.0	0.0	8.97901098430127	49.66253576513165	25.593691088995154	0.0	0.0	0.0	0.0	0.0	0.0	0.0	0.0	0.0
GSM4138114_HNSCC_3_PBMC_GGATTACTCCACGCAG	144.67643410037857	0.0	48.25827555932478	39.600595449314866	0.0	0.0	65.42962085285637	0.0	0.0	0.0	0.0	95.74962525970666	0.0	3.432101698450051	0.0	22.744039413436287	80.87303030596105	0.0	0.0	0.0	0.0	0.0	0.0	0.0
GSM4138114_HNSCC_3_PBMC_GGGAATGGTCAAGCGA	78.36370046118263	59.23012924497235	0.0	0.0	67.06538157437824	0.0	0.0	0.0	0.0	0.0	0.0	0.0	0.0	75.47506187186188	0.0	0.0	0.0	0.0	87.61531335119825	0.0	0.0	0.0	0.0	0.0
GSM4138114_HNSCC_3_PBMC_GTACGTAGTAACGCGA	117.3938901217815	0.0	80.05012630653775	82.61519912514225	122.26951608813162	0.0	0.0	27.777767527238705	0.0	6.3594176301509835	0.0	0.0	0.0	0.0	0.0	0.0	29.972510707211512	0.0	0.0	0.0	0.0	0.0	59.848178753654665	0.0
GSM4138114_HNSCC_3_PBMC_GTATTCTAGGCTAGGT	79.8913532248151	0.0	0.0	69.6755456476975	146.77145844089404	47.67057635845332	26.849672147563	55.785429148486315	0.0	0.0	46.596672242757116	0.0	0.0	0.0	0.0	0.0	0.0	0.0	0.0	0.0	0.0	0.0	0.0	0.0
GSM4138114_HNSCC_3_PBMC_GTATTCTGTGCTAGCC	76.68322468528962	17.977464106257212	9.022785460931397	92.98677905175578	0.0	15.404621619222745	0.0	0.0	0.0	0.0	100.84233086891194	52.18305584753524	0.0	39.53028075105989	0.0	0.0	0.0	0.0	0.0	0.0	0.0	0.0	0.0	0.0
GSM4138114_HNSCC_3_PBMC_GTGCAGCTCTAAGCCA	107.08874905803117	0.0	0.0	29.01630882687495	0.0	0.0	60.05214008370527	0.0	0.0	0.0	45.0999291023022	66.84382454842216	0.0	0.0	0.0	0.0	0.0	0.0	0.0	0.0	0.0	0.0	0.0	0.0
GSM4138114_HNSCC_3_PBMC_GTGCGGTGTGTGTGCC	88.77186078660401	0.0	0.0	102.38368333307321	0.0	57.95847471454404	8.244203032863568	16.44462079229555	78.95995597406515	0.0	0.0	0.0	0.0	0.0	0.0	0.0	0.0	0.0	54.10768450158898	0.0	0.0	0.0	0.0	0.0
GSM4138114_HNSCC_3_PBMC_GTGCTTCTCCTAGGGC	79.07269350021106	0.0	11.700448503292135	42.89968768280426	0.0	0.0	0.0	0.0	0.0	0.0	85.1196523104227	90.92463313444499	0.0	53.993076818993735	0.0	0.0	0.0	0.0	0.0	0.0	0.0	0.0	0.0	0.0
GSM4138114_HNSCC_3_PBMC_GTTAAGCGTCTCCATC	74.87440738051905	0.0	0.0	43.85561120686927	0.0	0.0	51.859222197693335	116.98303958914975	0.0	0.0	54.20603698484136	0.0	0.0	59.157992486825115	0.0	0.0	0.0	0.0	0.0	0.0	0.0	0.0	0.0	0.0
GSM4138114_HNSCC_3_PBMC_GTTAAGCTCTGCCCTA	93.54029356161384	44.40464998898832	0.0	0.0	0.0	49.712608900288735	33.705495499467865	0.0	2.4475452727059768	0.0	0.0	0.0	0.0	0.0	35.150147612550015	0.0	0.0	0.0	85.97710653607837	0.0	0.0	108.35366443124312	0.0	0.0
GSM4138114_HNSCC_3_PBMC_GTTCGGGGTTAGTGGG	161.33884792692768	0.0	0.0	88.402181341131	0.0	0.0	140.79600768178278	94.97930351529769	0.0	57.03881994076242	0.0	0.0	17.220850053252672	0.0	0.0	0.0	0.0	0.0	0.0	0.0	0.0	0.0	0.0	0.0
GSM4138114_HNSCC_3_PBMC_GTTCTCGGTGGCGAAT	116.63221907982881	12.470427205123721	0.0	7.307393228411085	58.47912060013731	0.0	0.0	23.922796860045267	0.0	0.0	0.0	0.0	0.0	61.52625868597805	0.0	40.149612651615676	0.0	0.0	0.0	0.0	0.0	0.0	0.0	0.0
GSM4138114_HNSCC_3_PBMC_TACACGAAGTACCGGA	117.65752962593548	29.828190485343853	10.1056712315776	0.0	0.0	0.0	64.36330671465784	0.0	76.73135960437901	51.61171821875393	0.0	0.0	0.0	0.0	0.0	0.0	0.0	0.0	0.0	0.0	0.0	0.0	0.0	0.0
GSM4138114_HNSCC_3_PBMC_TATCTCAAGGCGTACA	65.47619385552808	0.0	72.75830038338773	70.72813636181316	24.506495664226186	0.0	0.0	0.0	0.0	0.0	0.0	52.344002817112376	0.0	0.0	105.21124984976196	0.0	0.0	0.0	59.99318733552197	0.0	0.0	0.0	0.0	0.0
GSM4138114_HNSCC_3_PBMC_TATCTCAGTACTCAAC	54.66556777155206	0.0	77.94913367971822	94.23855006667654	0.0	2.687723356999163	0.0	59.689044190959734	0.0	0.0	0.0	0.0	0.0	0.0	0.0	0.0	0.0	0.0	0.0	0.0	86.93894416188695	0.0	0.0	0.0
GSM4138114_HNSCC_3_PBMC_TATGCCCCATGCCTTC	74.40231758392727	0.0	0.0	79.69466079273462	0.0	124.4111831058801	0.0	0.0	46.26593934740552	95.38888624116096	0.0	15.64249373677518	0.0	0.0	54.110109600552654	0.0	0.0	0.0	0.0	0.0	0.0	0.0	0.0	0.0
GSM4138114_HNSCC_3_PBMC_TCACAAGCAAGCGATG	149.1750497845341	35.21534811344085	0.0	0.0	0.0	85.10555087246514	0.0	0.0	35.41784844511139	36.31059813372344	0.0	0.0	0.0	0.0	0.0	0.0	0.0	0.0	0.0	0.0	0.0	0.0	0.0	0.0
GSM4138114_HNSCC_3_PBMC_TCAGCTCCACATTTCT	98.91397886648296	83.3300294926848	78.65952559219333	0.0	51.16893901450783	0.0	0.0	0.0	17.760749127355396	0.0	0.0	31.374819605505056	0.0	0.0	0.0	0.0	73.1671878621991	0.0	0.0	0.0	0.0	0.0	0.0	0.0
GSM4138114_HNSCC_3_PBMC_TCAGGATCACCGAAAG	116.52967535194479	38.16853989643218	0.0	0.0	0.0	125.54571191196152	0.0	80.5332448407852	0.0	0.0	0.0	0.0	28.123502176373734	0.0	0.0	0.0	0.0	0.0	0.0	0.0	0.0	0.0	0.0	0.0
GSM4138114_HNSCC_3_PBMC_TCATTTGGTTGGACCC	66.27436564170476	67.2415636397097	60.343933639237356	0.0	0.0	0.0	0.0	0.0	0.0	0.0	0.0	60.27917770192523	21.012601792261037	0.0	0.0	0.0	0.0	3.754827923576522	0.0	0.0	0.0	0.0	0.0	0.0
GSM4138114_HNSCC_3_PBMC_TCGCGTTCAGATCGGA	136.448065553057	53.09286629145385	47.415240223202304	6.397826344450237	0.0	36.92778366592232	12.812698836675835	0.0	0.0	56.66590479929322	0.0	126.20931305135883	0.0	0.0	12.496607556579105	0.0	0.0	0.0	0.0	0.0	0.0	0.0	0.0	0.0
GSM4138114_HNSCC_3_PBMC_TCGTACCGTCCTAGCG	122.58771883024338	120.3926924805907	0.0	0.0	13.82516242386448	122.42542785938352	0.0	111.21729007711238	0.0	0.0	51.90095447165709	0.0	0.0	0.0	0.0	0.0	0.0	0.0	0.0	0.0	0.0	1.7279155649658444	0.0	0.0
GSM4138114_HNSCC_3_PBMC_TCTCTAAGTGATGTCT	59.747481244754304	0.0	0.0	75.84977893905766	0.0	3.774099903143494	31.179374672220113	0.0	100.9116619038807	9.07531104773529	37.372337097899155	0.0	0.0	0.0	0.0	0.0	0.0	0.0	0.0	0.0	0.0	0.0	0.0	18.87742475052405
GSM4138114_HNSCC_3_PBMC_TCTCTAATCCTGTACC	94.8018872077539	0.0	0.0	30.879986054372676	112.38778592504232	15.905134744916678	0.0	0.0	0.0	0.0	31.40715667124161	0.0	0.0	41.96649903812992	0.0	0.0	0.0	0.0	0.0	45.75816953867069	0.0	0.0	0.0	0.0
GSM4138114_HNSCC_3_PBMC_TCTGGAAAGAGTGACC	75.36780186327272	107.38885964288977	82.68003905557684	87.08361820298184	112.35839664769624	0.5691153165091285	0.0	9.09995083622531	0.0	0.0	0.0	0.0	0.0	0.0	0.0	0.0	0.0	0.0	0.0	0.0	0.0	0.0	102.4782183142558	0.0
GSM4138114_HNSCC_3_PBMC_TCTTTCCGTCCGCTGA	59.29938287375189	16.059408250950618	0.0	39.149441675474634	112.75207441868567	0.0	44.23589441265008	0.0	0.0	0.0	0.0	0.0	0.0	0.0	0.0	0.0	55.926486998630374	1.651720090993813	0.0	0.0	0.0	0.0	0.0	0.0
GSM4138114_HNSCC_3_PBMC_TGAAAGACAGACAAAT	78.83965337766105	0.0	0.0	126.26805556911854	90.31562085215596	94.72411546331165	0.0	0.0	0.0	42.49242421154949	0.0	14.90847390635735	0.0	0.0	0.0	0.0	0.0	0.0	1.5352649503279576	0.0	0.0	0.0	0.0	0.0
GSM4138114_HNSCC_3_PBMC_TGACGGCGTAAGGGCT	108.94106363374117	25.05509611269566	89.81988022968002	0.0	129.07026782082042	0.0	0.0	0.0	0.0	62.58015309849262	0.0	0.0	0.0	0.0	0.0	0.0	0.0	0.0	0.0	0.0	0.0	0.0	0.0	0.0
GSM4138114_HNSCC_3_PBMC_TGCTGCTCAACGCACC	92.28840605072749	77.90017006969694	56.40038152990871	0.0	69.21813715557325	0.0	0.0	24.558222659142857	0.0	0.0	0.0	0.0	65.75815630470554	0.0	0.0	0.0	0.0	0.0	0.0	0.0	0.0	0.0	0.0	0.0
GSM4138114_HNSCC_3_PBMC_TGTATTCTCCCTAACC	63.86017345839703	0.0	83.05052891280263	80.71737133794653	56.27545010593223	0.0	0.0	7.076216456612052	1.328873515288544	0.0	0.0	0.0	60.508791112638924	0.0	0.0	0.0	0.0	0.0	0.0	0.0	0.0	0.0	0.0	0.0
GSM4138114_HNSCC_3_PBMC_TTAACTCTCCTGCTTG	131.14548007092108	0.0	0.0	55.228293265749016	4.996292473688455	85.52048764060802	0.0	81.96722321458275	0.0	0.0	0.0	0.0	82.02495791765628	0.0	0.0	0.0	0.0	0.0	0.0	0.0	0.0	0.0	0.0	0.0
GSM4138114_HNSCC_3_PBMC_TTCTCCTTCTTGTATC	117.26113643889002	127.4101135425301	24.319434276268094	0.0	51.8771142545917	0.0	60.16219821250577	0.0	0.0	0.0	0.0	0.0	96.11999283203461	27.201018806079308	0.0	0.0	0.0	138.8304532753548	0.0	0.0	0.0	0.0	0.0	0.0
GSM4138114_HNSCC_3_PBMC_TTGGCAACAGATCCAT	60.78853633824395	70.72421608173117	0.0	0.0	0.0	136.76213609342688	0.0	0.0	0.0	0.0	0.0	0.0	0.0	0.0	0.0	0.0	62.63024855226606	30.921765183967175	0.0	0.0	0.0	0.0	0.0	0.0
GSM4138114_HNSCC_3_PBMC_AAACCTGCACCAGCAC	140.74604884736468	43.195782045155234	10.809425093510386	90.86284425302789	0.0	383.35868097985974	0.0	0.0	0.0	0.0	106.03033158338192	0.0	0.0	0.0	101.15692344983127	0.0	0.0	0.0	0.0	0.0	0.0	0.0	0.0	0.0
GSM4138114_HNSCC_3_PBMC_AATCCAGCATAAGACA	165.8176020662979	188.57469612107045	0.0	0.0	0.0	255.08956613479063	0.0	0.0	0.0	0.0	138.24705879195326	0.0	0.0	0.0	0.0	0.0	0.0	226.0082752547739	0.0	0.0	0.0	0.0	0.0	0.0
GSM4138114_HNSCC_3_PBMC_ACCGTAAGTCTTCGTC	0.0	0.0	204.03226197333905	0.0	0.0	0.0	2135.6735760032702	0.0	0.0	0.0	0.0	0.0	0.0	554.1397535367887	0.0	0.0	0.0	0.0	0.0	0.0	0.0	0.0	0.0	0.0
GSM4138114_HNSCC_3_PBMC_ACGGAGACATGGGACA	147.71253674564792	0.0	0.0	114.90868620720754	116.70205435006694	0.0	0.0	0.0	0.0	0.0	0.0	0.0	0.0	146.86034043754285	0.0	0.0	157.9786637211581	0.0	0.0	0.0	0.0	0.0	0.0	0.0
GSM4138114_HNSCC_3_PBMC_ACGGGCTTCTTGCAAG	125.15483224590052	0.0	250.42485239486842	186.11591490295348	0.0	0.0	0.0	0.0	39.62333670775599	95.76476146176516	0.0	0.0	0.0	0.0	115.43969524179687	0.0	0.0	0.0	13.070849185563953	0.0	0.0	0.0	0.0	0.0
GSM4138114_HNSCC_3_PBMC_ACTTACTGTTGGTAAA	0.0	2876.4030291207137	0.0	167.50468690545355	0.0	0.0	0.0	0.0	0.0	0.0	0.0	0.0	0.0	0.0	0.0	0.0	0.0	0.0	0.0	0.0	0.0	0.0	0.0	0.0
GSM4138114_HNSCC_3_PBMC_ACTTTCACATTCTTAC	151.34662939146355	207.52582767760464	200.75566243739215	52.325982950276774	150.3156435794741	0.0	0.0	0.0	0.0	23.78518369805029	32.27580647940156	0.0	0.0	0.0	0.0	0.0	46.96916853968366	0.0	0.0	0.0	0.0	0.0	0.0	0.0
GSM4138114_HNSCC_3_PBMC_AGACGTTGTCGGCATC	143.8767045526752	0.0	144.8460513275506	128.8134422233632	8.631787819206814	59.46395515878164	2.20686257124885	7.787874679138903	49.20238891734026	76.37573561593982	0.0	18.362151779749418	0.0	0.0	52.711439935533434	0.0	0.0	0.0	0.0	0.0	0.0	0.0	0.0	0.0
GSM4138114_HNSCC_3_PBMC_AGAGTGGCACCTCGGA	286.9594898415285	139.2399753775882	67.84226532146329	79.40815819125272	99.87588329179556	0.0	142.2577733201794	8.40300075830753	0.0	0.0	80.05702862401034	73.36378553670306	105.78017773104575	96.98532473607264	0.0	0.0	0.0	0.0	0.0	0.0	0.0	0.0	0.0	0.0
GSM4138114_HNSCC_3_PBMC_AGGGTGAGTGCACTTA	184.98653178076313	125.94306789792238	230.79562994018144	0.0	78.91634465877493	0.0	0.0	0.0	60.20325456180902	0.0	0.0	0.0	0.0	0.0	0.0	0.0	109.1581932571202	0.0	0.0	0.0	0.0	0.0	0.0	0.0
GSM4138114_HNSCC_3_PBMC_AGTAGTCCATAGACTC	76.53046646805612	29.447682812957993	0.0	59.46053135618797	0.0	142.65390145237365	0.0	94.81978016469549	0.0	0.0	82.0936498805781	0.0	0.0	0.0	0.0	0.0	0.0	0.0	0.0	0.0	0.0	0.0	0.0	0.0
GSM4138114_HNSCC_3_PBMC_ATAAGAGGTATTCGTG	211.0504103161236	65.80449240555258	57.32642500944184	156.92987457587412	7.1761788413500405	149.00734818772284	38.90090700167636	135.1468541877896	0.0	27.07588862228283	0.0	0.0	110.85368531971338	0.0	0.0	0.0	0.0	0.0	0.0	0.0	0.0	0.0	0.0	0.0
GSM4138114_HNSCC_3_PBMC_ATGCGATTCGTGACAT	191.55583062796225	215.76009369745915	0.0	0.0	0.0	0.0	277.71828930541926	268.0605535008734	0.0	0.0	0.0	0.0	0.0	0.0	0.0	0.0	0.0	0.0	0.0	269.5835553542112	0.0	0.0	0.0	0.0
GSM4138114_HNSCC_3_PBMC_ATTTCTGAGTAGATGT	147.05313639408365	268.5331167272537	292.35767221469183	0.0	0.0	0.0	0.0	0.0	71.6343474939491	0.0	0.0	33.281349005740324	0.0	0.0	0.0	0.0	193.67871002614362	0.0	0.0	0.0	0.0	0.0	0.0	0.0
GSM4138114_HNSCC_3_PBMC_ATTTCTGTCGTAGGAG	72.85346351030475	0.0	0.0	97.5060053358559	48.052416846023256	70.9942992497963	0.0	0.0	28.300867947061167	0.0	54.95874610776434	0.0	0.0	0.0	0.0	0.0	0.0	0.0	0.0	0.0	0.0	0.0	0.0	0.0
GSM4138114_HNSCC_3_PBMC_CAAGAAACATGGAATA	189.37629838272886	10.327669796576817	333.6141886821674	184.93103015216977	0.0	0.0	0.0	0.0	5.098375709225457	163.94141304025482	0.0	151.93079094430038	0.0	0.0	5.502593913169988	0.0	0.0	0.0	0.0	0.0	0.0	0.0	0.0	0.0
GSM4138114_HNSCC_3_PBMC_CACAGTAGTGATAAGT	173.69355344906748	232.83252168437923	9.337609631907076	0.0	150.05921064291132	0.0	97.69426873771395	0.0	0.0	43.23534866474098	0.0	0.0	54.16088033795262	96.39681100422942	0.0	0.0	0.0	0.0	0.0	0.0	0.0	0.0	0.0	0.0
GSM4138114_HNSCC_3_PBMC_CAGTAACAGTACGCGA	187.91597421435063	231.67601945309627	69.28953073287653	0.0	251.2974720251721	0.0	0.0	0.0	0.0	0.0	0.0	0.0	151.59309656533986	176.9365951712325	0.0	0.0	0.0	6.348226256138476	0.0	0.0	0.0	0.0	0.0	0.0
GSM4138114_HNSCC_3_PBMC_CATCGAAGTAGCGCTC	171.5711088010473	152.35647728240178	0.0	65.90065347712155	0.0	0.0	219.3838114300119	0.0	0.0	124.77260641607012	0.0	120.04652775554972	0.0	0.0	0.0	0.0	0.0	0.0	0.0	0.0	0.0	0.0	0.0	0.0
GSM4138114_HNSCC_3_PBMC_CATGGCGCACTACAGT	138.1738006423696	75.67638323553945	0.0	67.2901690046541	257.8472868752115	211.60047536016987	0.0	0.0	0.0	0.0	3.2073898662809808	0.0	0.0	0.0	0.0	0.0	103.7429457487827	0.0	0.0	0.1723583892967586	0.0	0.0	0.0	0.0
GSM4138114_HNSCC_3_PBMC_CCTATTAGTAGCCTCG	159.25655450120178	176.6972323968151	79.47735118404321	0.0	0.0	67.79167697010016	60.62991318476539	0.0	142.42614610964088	144.0952909855356	0.0	0.0	28.15448483424856	0.0	39.7634424846009	0.0	0.0	0.0	0.0	0.0	0.0	0.0	0.0	0.0
GSM4138114_HNSCC_3_PBMC_CCTTCCCTCAGCATGT	229.050924563119	147.48288366883378	0.0	0.0	0.0	0.0	252.10995344189362	0.0	90.88528263311984	121.20187399811437	0.0	60.52072778062863	0.0	0.0	0.0	0.0	0.0	0.0	0.0	0.0	0.0	0.0	0.0	0.0
GSM4138114_HNSCC_3_PBMC_CGGACGTCATCGGACC	155.4647858477469	0.0	205.2449408646299	152.63947065262292	0.0	0.0	0.0	0.0	130.2507123737058	127.36877960549855	0.0	0.0	23.096261213646653	24.138431904284015	0.0	0.0	0.0	0.0	0.0	0.0	0.0	0.0	0.0	0.0
GSM4138114_HNSCC_3_PBMC_CGGACTGTCACGACTA	144.31617145951617	0.0	187.0186518690444	194.04574942031573	21.067387592910585	0.0	0.0	117.67579495876647	0.0	0.0	0.0	0.0	1.8724757289044278	0.0	0.0	12.742989180422404	0.0	0.0	84.93834412340439	0.0	0.0	0.0	0.0	0.0
GSM4138114_HNSCC_3_PBMC_CGTAGGCAGTAAGTAC	179.24939407378665	123.42063275345345	185.87906200615902	0.0	0.0	0.0	0.0	0.0	32.84605919182623	0.0	0.0	121.63404758764734	98.48267474866913	0.0	0.0	0.0	0.0	0.0	0.0	0.0	0.0	0.0	0.0	0.0
GSM4138114_HNSCC_3_PBMC_CGTGAGCAGAAGGGTA	142.75167670143367	173.73817152713318	0.0	0.0	259.9400873933512	5.537656054446685	245.6491737026035	0.0	0.0	0.0	0.0	0.0	0.0	0.0	0.0	129.0895675588048	0.0	0.0	0.0	0.0	0.0	0.0	0.0	0.0
GSM4138114_HNSCC_3_PBMC_CGTTGGGGTGATAAGT	71.27941181992061	0.0	250.10017402533379	167.62875102171006	55.00401699736878	0.0	0.0	0.0	0.0	0.0	119.79402941055062	0.0	0.0	0.0	0.0	0.0	0.0	44.3946331667956	0.0	0.0	0.0	0.0	0.0	0.0
GSM4138114_HNSCC_3_PBMC_CTAACTTCATACAGCT	279.4837054597823	358.34599957825105	324.17704482990763	89.42698192391981	71.42244876194607	0.0	0.0	0.0	87.98208563628744	0.0	0.0	272.8992845722028	0.0	0.0	0.0	0.0	274.3936359283544	0.0	0.0	0.0	0.0	0.0	0.0	0.0
GSM4138114_HNSCC_3_PBMC_CTACATTCAGTCAGCC	89.78374517981602	203.72415947604168	108.40601861263387	0.0	139.2571581509604	0.0	0.0	0.0	0.0	0.0	55.60163549707811	0.0	0.0	89.20197044799167	0.0	0.0	0.0	0.0	0.0	0.0	0.0	0.0	0.0	0.0
GSM4138114_HNSCC_3_PBMC_CTAGTGATCTTTCCTC	117.76873904721	211.09035470278468	0.0	0.0	0.0	0.0	15.286095694185175	138.1984612533312	13.378908446194844	117.27421749806801	0.0	0.0	51.236853561921606	284.93735733985426	0.0	0.0	0.0	0.0	0.0	0.0	0.0	0.0	0.0	0.0
GSM4138114_HNSCC_3_PBMC_CTCGGGAAGAAGCCCA	206.42987540079605	0.0	248.7605255515389	185.12033816198783	121.27338825906071	0.0	0.0	0.0	3.525322729965373	23.84346824014383	3.9557003822640855	0.0	0.0	0.0	0.0	0.0	160.52219435115595	0.0	0.0	0.0	0.0	0.0	0.0	0.0
GSM4138114_HNSCC_3_PBMC_CTCTACGAGTGAACGC	144.0960486645807	0.0	32.43233263399182	130.12113752367034	16.10149199836993	170.43041976755978	5.91271919814934	0.0	37.09973558858444	76.11737935412863	0.0	26.48884389735541	68.02708866950458	0.0	0.0	0.0	0.0	70.42246393169472	0.0	0.0	0.0	0.0	0.0	0.0
GSM4138114_HNSCC_3_PBMC_CTGTGCTCATGCTAGT	110.63598481242565	95.51815320272101	0.0	0.0	0.0	110.36454228776991	16.609911650362417	5.973457119002101	0.0	79.40163662016	0.0	0.0	0.0	0.0	140.32951787711718	0.0	0.0	0.0	0.0	0.0	0.0	0.0	0.0	0.0
GSM4138114_HNSCC_3_PBMC_CTGTTTAAGAAACGAG	86.76276494613526	81.04067633652146	102.93330973897633	0.0	0.0	0.0	0.0	0.0	10.955006183735094	0.0	79.04349284903888	0.0	0.0	0.0	71.77693469392506	0.0	0.0	0.0	0.0	0.0	0.0	0.0	0.0	0.0
GSM4138114_HNSCC_3_PBMC_GACCTGGAGGATGGAA	139.63922589407943	96.03003810260998	323.2772915972699	0.0	83.95422507482651	0.0	0.0	0.0	0.0	72.06018712690816	0.0	0.0	47.467321609357924	0.0	0.0	0.0	0.0	0.0	0.0	0.0	0.0	37.33614486336718	0.0	0.0
GSM4138114_HNSCC_3_PBMC_GATGAGGAGACGCACA	146.7307829159394	0.0	75.78714292192258	192.44701945654768	0.0	18.348781495306348	83.53344496976486	0.0	193.5301543236725	56.60540084055523	0.0	0.0	0.0	0.0	0.0	60.77841639086188	0.0	0.0	0.0	0.0	0.0	0.0	0.0	0.0
GSM4138114_HNSCC_3_PBMC_GATGCTATCTATCCCG	185.68981777089115	156.9719285812592	220.34052406547983	0.0	42.70222803366218	0.0	0.0	178.96848580822964	0.0	0.0	111.0751755549636	0.0	0.0	37.54258994488779	0.0	0.0	0.0	0.0	33.01228873642525	0.0	0.0	11.246773540609622	0.0	0.0
GSM4138114_HNSCC_3_PBMC_GATTCAGCATAACCTG	143.627032396869	123.89396981639733	0.0	43.357240714781724	0.0	0.0	166.50093280385147	16.14383306143866	73.04879019997863	0.0	0.0	0.0	0.0	0.0	63.532312755616374	100.5761511292406	0.0	0.0	0.0	0.0	0.0	0.0	0.0	0.0
GSM4138114_HNSCC_3_PBMC_GCCTCTATCTGACCTC	68.15899789093395	192.43466224659088	0.0	0.0	132.50076060453807	153.21510320253753	33.596452664298575	0.0	0.0	0.0	94.51821581019468	0.0	0.0	81.38882525207171	0.0	0.0	0.0	1.3624045944968595	0.0	0.0	0.0	0.0	0.0	0.0
GSM4138114_HNSCC_3_PBMC_GCGCGATAGCGTAGTG	176.0646996530783	128.56748658454785	14.071928806624772	68.70227363905109	0.0	0.0	214.6257567406636	0.0	14.632814593161797	0.0	0.0	0.0	0.0	0.0	185.49537980065654	29.536971048186032	0.0	0.0	115.53300839547607	0.0	0.0	0.0	0.0	0.0
GSM4138114_HNSCC_3_PBMC_GCTTCCATCAGAGACG	135.87334454867124	160.67928812738313	0.0	0.0	0.0	0.0	0.0	127.12295382683489	0.708231621697501	0.0	152.5038413435261	0.0	0.0	270.3444774583334	8.106456512498536	0.0	0.0	0.0	0.0	0.0	0.0	0.0	0.0	0.0
GSM4138114_HNSCC_3_PBMC_GCTTGAAAGATCACGG	122.83223489344924	63.754026487359646	0.0	57.063301132843286	0.0	0.0	0.0	52.21976814530656	112.08088347012017	86.64507695087708	0.0	0.0	0.0	279.741406031349	0.0	0.0	0.0	0.0	0.0	0.0	0.0	0.0	0.0	0.0
GSM4138114_HNSCC_3_PBMC_GGAAAGCCACAGTCGC	119.90229074444335	0.0	0.0	193.24599099522473	0.0	0.0	0.0	0.0	0.0	0.0	152.4657640826763	130.78383851370592	0.0	327.80408862461854	0.0	0.0	0.0	0.0	0.0	0.0	0.0	0.0	0.0	0.0
GSM4138114_HNSCC_3_PBMC_GGTGTTAGTTATGTGC	114.06828581711213	113.66584386722477	0.0	0.0	117.23302719115433	0.0	0.0	0.0	0.0	0.0	33.18810483801744	0.0	0.0	194.80735028510082	0.0	0.0	58.25192436480944	0.0	0.0	0.0	0.0	0.0	0.0	0.0
GSM4138114_HNSCC_3_PBMC_GTATCTTCATTACCTT	199.64300097497326	184.39500109810257	0.0	0.0	0.0	0.0	128.67772386463486	0.0	54.46756911371342	22.193214336336695	0.0	0.0	0.0	172.2567896481189	105.85441384663115	28.87186133464605	0.0	0.0	69.98488575717218	0.0	0.0	0.0	0.0	0.0
GSM4138114_HNSCC_3_PBMC_GTCACAAAGCTGCCCA	145.77106684363704	189.7908751925948	252.74487072254323	0.0	0.0	0.0	0.0	0.0	0.0	0.0	0.0	199.5437734972565	0.0	0.0	0.0	83.80673612650195	0.0	0.0	0.0	0.0	0.0	0.0	20.35480938906731	15.102867555197676
GSM4138114_HNSCC_3_PBMC_GTCATTTTCCTCTAGC	95.50783469651181	0.0	0.0	154.98472584804884	0.0	0.0	226.97302959640757	0.0	13.788987462806409	119.95606544504396	0.0	0.0	0.0	32.37485127358366	166.44281266083559	0.0	0.0	0.0	0.0	0.0	0.0	0.0	0.0	0.0
GSM4138114_HNSCC_3_PBMC_GTGTTAGGTGTATGGG	70.41597565011537	145.46039570580243	184.8811638503339	52.504495682821236	0.0	0.0	0.0	30.579107103846074	56.93847296239696	0.0	0.0	0.0	120.92160913063962	0.0	0.0	0.0	0.0	0.0	0.0	0.0	0.0	0.0	0.0	0.0
GSM4138114_HNSCC_3_PBMC_GTTCATTCATCACGAT	125.84042039503014	83.16051613297853	0.0	86.1920886789086	0.0	140.82977159404078	87.6373366493633	46.706241986172074	102.51724808218088	162.1293402528722	0.0	0.0	0.0	0.0	0.0	0.0	0.0	0.0	0.0	0.0	0.0	0.0	0.0	0.0
GSM4138114_HNSCC_3_PBMC_GTTTCTAGTGGTTTCA	119.55281126107569	124.02614810981966	272.3677306413268	7.666401735938347	0.0	0.0	0.0	0.0	0.0	0.0	0.0	149.02547128616345	0.0	0.0	0.0	85.82187395980127	0.0	0.0	0.0	0.0	0.0	0.0	2.709641098033428	0.0
GSM4138114_HNSCC_3_PBMC_TACTTACAGGGTCGAT	132.84280198149102	162.95092746293864	0.0	0.0	0.0	190.10672209203773	0.0	0.0	117.45693440208251	0.0	0.0	0.0	0.0	0.0	0.0	0.0	5.89967325325396	0.0	0.0	84.60497302192526	0.0	0.0	0.0	0.0
GSM4138114_HNSCC_3_PBMC_TCGAGGCGTACGCTGC	169.09636710058317	233.26387562879927	0.0	0.0	99.79988674190919	0.0	229.29089690875068	0.0	113.66742049398437	0.0	156.35898291271818	0.0	0.0	0.0	0.0	0.0	0.0	0.0	0.0	0.0	0.0	0.0	0.0	0.0
GSM4138114_HNSCC_3_PBMC_TCGTAGAAGAAACCTA	186.66879860927028	0.0	0.0	169.05885018961902	146.76811331168307	85.13673700033695	130.42122115181647	0.0	0.0	0.0	156.7879671374616	0.0	0.0	0.0	0.0	0.0	0.0	0.0	0.0	0.0	0.0	0.0	0.0	7.427414366812321
GSM4138114_HNSCC_3_PBMC_TGCCCTAAGTGTTAGA	177.1643211149223	134.3129998785745	77.49922998320072	37.801378703403245	0.0	0.0	0.0	0.0	28.45291403308876	0.0	5.9057318467329845	118.28107499920814	0.0	194.11363117331393	0.0	0.0	83.6022225567145	0.0	0.0	0.0	0.0	0.0	0.0	0.0
GSM4138114_HNSCC_3_PBMC_TGGCTGGAGGGATGGG	153.790881721551	61.245649720633935	0.0	81.72511744812721	0.0	317.0949186807721	0.0	171.71522386703626	0.0	43.403796135942876	0.0	0.0	59.996748663216735	0.0	0.0	0.0	0.0	0.0	0.0	14.719011880945807	0.0	0.0	0.0	0.0
GSM4138114_HNSCC_3_PBMC_TTAGGACAGTCCTCCT	183.08430037096903	167.3103823167016	190.79556236117747	22.928483364017037	0.0	66.85151284781098	43.044025929458904	14.795517332598715	162.7701575353102	82.07671336598806	0.0	0.0	57.22745505170175	0.0	0.0	0.0	0.0	0.0	0.0	0.0	0.0	0.0	0.0	0.0
GSM4138114_HNSCC_3_PBMC_TTATGCTCAGTATAAG	61.19425462847301	75.37226912930628	0.0	0.0	0.0	0.0	74.97614734637062	0.0	47.30525827097868	50.938179169950324	0.0	6.629602589619477	0.0	0.0	0.0	0.0	0.0	0.0	0.0	0.0	0.0	0.0	0.0	0.0
GSM4138114_HNSCC_3_PBMC_TTCCCAGGTCTCCCTA	143.84212189549112	220.80651678239113	262.3336651369104	0.0	0.0	0.0	0.0	145.085950190255	0.0	0.0	53.72274265534037	0.0	0.0	0.0	0.0	0.0	0.0	0.0	43.858221677575294	0.0	0.0	0.0	0.0	0.0
GSM4138114_HNSCC_3_PBMC_TTCCCAGTCACTCCTG	145.32874459011958	0.0	168.01372168147913	214.10642681062384	0.0	0.0	0.0	0.0	0.0	0.0	113.23591185449247	0.0	0.0	105.7010218644305	0.0	0.0	5.085726001700501	192.82960222822408	0.0	0.0	0.0	0.0	0.0	0.0
GSM4138114_HNSCC_3_PBMC_TTCTACATCCGCATCT	90.3068169052152	118.03705657881915	75.68286917610939	0.0	0.0	0.0	0.0	0.0	55.787840609637996	0.0	167.70244676013422	18.452508752409287	0.0	108.35098461512614	0.0	0.0	0.0	0.0	0.0	0.0	0.0	0.0	0.0	0.0
GSM4138114_HNSCC_3_PBMC_AAAGATGTCTCCCTGA	88.77983700310281	109.60927991327732	0.0	0.0	174.30680455154817	0.0	15.23981550800353	0.0	0.0	0.0	0.0	2.6883169667149973	77.06832721354382	90.90980533881653	0.0	0.0	0.0	0.0	0.0	0.0	0.0	0.0	0.0	0.0
GSM4138114_HNSCC_3_PBMC_AACTCCCGTCTGATCA	92.21432971855519	43.150210136181244	0.0	0.0	0.0	83.01199182271121	0.0	0.0	115.52043343837026	0.0	0.0	0.0	0.0	0.0	0.0	0.0	0.0	0.0	0.0	0.0	0.0	0.0	46.4173417375755	0.0
GSM4138114_HNSCC_3_PBMC_ACGCAGCCATCCAACA	120.90775360090763	51.93050678560083	20.687715083620365	36.105316321597535	0.0	126.19961800973387	0.0	0.0	137.52069193601798	0.0	0.0	0.0	42.92702562155621	0.0	0.0	0.0	0.0	0.0	0.0	0.0	0.0	0.0	0.0	0.0
GSM4138114_HNSCC_3_PBMC_ACTATCTAGCCTCGTG	80.83483178183468	73.05033551749985	0.0	0.0	71.22554721394991	89.07890120977427	0.0	0.0	0.0	0.0	63.41040962165279	0.0	0.0	0.0	0.0	0.0	0.0	0.0	0.0	0.0	0.0	13.585884979941051	0.0	0.0
GSM4138114_HNSCC_3_PBMC_ACTGAACTCAGCATGT	208.48134633950133	0.0	121.60479839349037	117.3887087179801	0.0	0.0	0.0	0.0	0.0	0.0	0.0	70.2290932512686	0.0	0.0	2.4161325200562316	23.439670943692434	0.0	0.0	27.43348087743605	0.0	0.0	37.01880153654361	0.0	79.90778262377395
GSM4138114_HNSCC_3_PBMC_ATCCGAACATAACCTG	159.1145606749102	77.44765019282109	0.0	0.0	0.0	2.8950249891550173	101.70179143119275	0.0	58.32934931674919	65.54366885541324	0.0	0.0	0.0	0.0	38.6951328301766	0.0	0.0	0.0	0.0	0.0	0.0	0.0	0.0	0.0
GSM4138114_HNSCC_3_PBMC_ATTTCTGTCCGTTGCT	214.72503634337218	0.0	0.0	98.2533209628688	163.85010438282663	0.0	136.2263008009235	0.0	0.0	0.0	107.51229142016122	0.0	0.0	0.0	0.0	0.0	0.0	0.0	0.0	0.0	0.0	0.0	0.0	0.0
GSM4138114_HNSCC_3_PBMC_CAAGATCGTTCACGGC	109.77348858607101	66.35509111134567	78.18663086614	0.0	124.29423416390864	0.0	0.0	0.0	0.0	0.0	0.0	0.0	67.57875826338613	0.0	0.0	0.0	0.0	0.0	0.0	0.0	0.0	0.0	0.0	0.0
GSM4138114_HNSCC_3_PBMC_CGTGTCTGTTGGAGGT	126.09386452237618	97.1516299210709	101.93519749539115	0.0	103.10231021321327	0.0	0.0	0.0	0.0	0.0	107.43751990157762	0.0	0.0	0.0	0.0	0.0	0.0	0.0	0.0	0.0	0.0	0.0	0.0	0.0
GSM4138114_HNSCC_3_PBMC_CTACACCGTAAGTGTA	151.44864435296623	0.0	0.0	79.16864677678615	0.0	57.96711953427633	44.729934675952485	0.0	69.97722032426213	51.620250264257805	0.0	0.0	0.0	0.0	66.96362130041233	0.0	0.0	0.0	0.0	0.0	0.0	0.0	0.0	0.0
GSM4138114_HNSCC_3_PBMC_GACGTTAGTGGTCTCG	116.80613019861347	9.325978141415236	0.0	35.50597441571171	26.79936527578436	49.75042273986133	47.468924178680055	0.0	60.77699665271005	0.0	0.0	0.0	0.0	0.0	36.333397016760344	21.64876601679605	0.0	0.0	36.05467953022503	0.0	0.0	11.084734820690871	0.0	0.0
GSM4138114_HNSCC_3_PBMC_GCACTCTGTGGTGTAG	66.70263969493148	68.14302474285601	93.05923222780271	0.0	0.0	0.0	0.0	0.0	159.60382018529654	33.424608622181175	0.0	0.0	50.90974166115502	0.0	0.0	0.0	0.0	0.0	0.0	0.0	0.0	0.0	0.0	0.0
GSM4138114_HNSCC_3_PBMC_GGGCATCAGACTACAA	92.83414537161858	0.0	133.44399797436586	63.32540261871793	0.0	0.0	0.0	0.0	42.61180230188098	30.61571081739742	8.423709571894538	0.0	0.23242631872845237	0.0	51.676531887854104	0.0	44.01977905533879	0.0	2.1389104415229605	0.0	0.0	0.0	0.0	0.0
GSM4138114_HNSCC_3_PBMC_GTCAAGTTCTTTACAC	84.75414050520867	91.3894048681556	0.0	0.0	0.0	0.0	112.62255232869244	0.0	0.0	5.09435013758669	72.07304197116416	8.388861346586618	9.28907128151714	0.0	0.0	0.0	0.0	105.8358757771638	0.0	0.0	0.0	0.0	0.0	0.0
GSM4138114_HNSCC_3_PBMC_GTGCTTCCACTATCTT	122.42935347706431	87.94027046540018	0.0	0.0	38.473702078154226	100.0517713069554	0.0	70.7580912192334	0.0	0.0	100.70259851359585	0.0	0.0	0.0	7.060347561024142	0.0	0.0	0.0	0.0	0.0	0.0	0.0	0.0	0.0
GSM4138114_HNSCC_3_PBMC_TTCTACACACACCGAC	113.38438326817624	0.0	0.0	90.8968153110757	44.51531791917929	0.0	135.2171947806824	0.0	0.0	0.0	0.0	54.27067973353296	0.0	0.0	0.0	22.4367178056873	0.0	0.0	0.0	33.995749441396384	0.651887718285836	29.80190623256296	0.0	0.0
GSM4138114_HNSCC_3_PBMC_TTGACTTTCGCGATCG	104.79128911312361	0.0	88.70709890350835	74.78353996744262	94.57309467682116	0.0	0.0	26.971109447044324	28.431714465869064	70.69472414279926	0.0	0.0	0.0	0.0	0.0	0.0	0.0	0.0	0.0	0.0	0.0	0.0	0.0	0.0
GSM4138114_HNSCC_3_PBMC_ACTGTCCCACTAGTAC	98.30713526519209	0.0	93.86587240215182	76.84386900524811	0.0	0.0	0.0	0.0	0.0	0.0	0.0	118.1864503049119	0.0	0.0	0.0	0.0	0.0	0.0	0.0	0.0	71.46077234546989	0.0	0.0	0.0
GSM4138114_HNSCC_3_PBMC_CTCATTATCGAATCCA	107.81977513725745	0.0	0.0	137.72289285347205	0.0	19.243190251468214	67.33600618402697	110.24396598261305	0.0	0.0	0.0	0.0	66.04482119211275	0.0	0.0	0.0	0.0	0.0	0.0	0.0	0.0	0.0	0.0	0.0
GSM4138114_HNSCC_3_PBMC_GAACCTATCGACAGCC	210.31268083022027	0.0	0.0	88.8989574502768	0.0	166.56184213290967	0.0	37.18984629707342	104.80498266032194	80.32865861195668	0.0	0.0	0.0	0.0	0.0	0.0	0.0	0.0	0.0	0.0	0.0	0.0	0.0	0.0
GSM4138114_HNSCC_3_PBMC_GCGCCAACATTTGCCC	119.57279723008078	0.0	0.0	36.63106754095053	108.72495997068323	90.79061316878985	20.73356855702529	0.0	0.0	0.0	82.81476819288547	8.724345261423915	0.0	0.0	0.0	0.0	0.0	0.0	0.0	0.0	0.0	0.0	0.0	0.0
GSM4138114_HNSCC_3_PBMC_GGGAGATCAATTCCTT	99.97040683654933	46.520672536189856	0.0	0.0	78.76970439243294	0.0	70.18207372399964	0.0	36.53339385073344	0.0	0.0	0.0	62.72040423403721	0.0	0.0	0.0	0.0	0.0	0.0	5.460221608307883	0.0	0.0	0.0	0.0
GSM4138114_HNSCC_3_PBMC_GTGAAGGAGAAGGTGA	87.48844322845216	2.4560452875807233	52.43786301915974	69.46091918291229	11.216513185671634	53.532489169034264	0.0	29.640656776452552	19.657560112139116	0.0	83.59495556691633	18.984677524697712	0.0	0.0	0.0	0.0	0.0	0.0	0.0	0.0	14.598523506131269	57.9656076128248	0.0	0.0
GSM4138114_HNSCC_3_PBMC_TACCTATTCGAGAGCA	72.4542844030681	0.0	72.90781476030584	54.07576815875199	0.0	0.0	0.0	53.169585026784716	0.0	0.0	81.57503677731401	0.0	0.0	0.0	0.0	0.0	0.0	0.0	0.0	16.2148273009267	0.0	0.0	0.0	0.0
GSM4138114_HNSCC_3_PBMC_TAGCCGGGTTGATTCG	84.57031094656739	72.45053587072304	76.35356894818189	0.0	0.0	0.0	17.400267965197305	50.3571540898721	0.0	38.56109894400277	55.6691202641829	9.256366111720535	0.0	0.0	0.0	0.0	0.0	0.0	0.0	0.0	0.0	34.890770976750616	0.0	0.0
GSM4138114_HNSCC_3_PBMC_TCTTTCCTCGCCGTGA	87.30762609139995	95.39591849139751	148.23032450910176	0.0	0.0	0.0	0.0	150.28023182303852	0.0	46.123487485753024	0.0	0.0	0.0	0.0	0.0	0.0	0.0	0.0	0.0	0.0	0.0	0.0	0.0	0.0
GSM4138114_HNSCC_3_PBMC_TGTGGTAGTTGCCTCT	173.53239768603817	94.27151818737391	0.0	0.0	0.0	8.244403800490876	125.15641830612829	75.42311375148846	1.825933567794555	0.0	0.0	0.0	84.7985038913325	0.0	51.54987753561871	0.0	0.0	0.0	0.0	0.0	0.0	0.0	0.0	0.0
GSM4138114_HNSCC_3_PBMC_ATTATCCTCCTCCTAG	192.33675482985512	0.0	149.84789242490731	129.79944466623164	0.0	0.0	0.0	0.0	109.36109853796819	201.72389729238878	0.0	0.0	0.0	0.0	147.7618884153494	0.0	0.0	0.0	0.0	0.0	0.0	0.0	0.0	0.0
GSM4138114_HNSCC_3_PBMC_CGAGAAGAGCTACCTA	160.39708219742406	0.0	204.68057563942403	58.51379867897831	245.7489539715311	0.0	0.0	0.0	0.0	0.0	0.0	0.0	0.0	0.0	0.0	0.0	150.77724509650756	0.0	0.0	0.0	0.0	0.0	0.0	0.0
GSM4138114_HNSCC_3_PBMC_GACTACACACCGCTAG	113.41967185877823	131.79591010913705	184.0875053312561	0.0	23.345629305476454	0.0	0.0	37.46343484014984	13.393159129809954	0.0	0.0	20.168787115417103	0.0	0.0	0.0	0.0	96.58465215015588	0.0	0.0	7.734610665601383	0.0	0.0	0.0	0.0
GSM4138114_HNSCC_3_PBMC_GGCTCGAGTCTGATCA	195.11406530149654	17.5138532242664	140.49112362970078	41.48915919715541	0.0	0.0	0.0	126.27758506611177	0.0	0.0	82.71972645156215	0.0	0.0	0.0	0.0	0.0	0.0	0.0	0.0	0.0	0.0	0.0	0.0	0.0
GSM4138114_HNSCC_3_PBMC_TCAGATGTCAGTTTGG	100.6520068745017	73.75621239746506	0.0	0.0	0.0	123.48791686547438	0.0	0.0	31.10402889164584	0.0	0.0	103.53741465216936	0.0	0.0	0.0	0.0	0.0	0.0	144.84962968529533	0.0	0.0	0.0	0.0	0.0
GSM4138114_HNSCC_3_PBMC_TCGAGGCAGAACAATC	249.62857463745186	0.0	266.06542458195673	168.14993922563443	242.26118983584436	0.0	0.0	0.0	0.0	0.0	221.67661802577766	0.0	0.0	0.0	0.0	0.0	0.0	57.16923433336527	0.0	0.0	0.0	0.0	0.0	0.0
GSM4138114_HNSCC_3_PBMC_TGGGCGTGTCATTAGC	43.284904367026556	0.0	91.61782879102819	96.83557135973246	55.99069813015248	0.0	0.0	0.0	0.0	0.0	0.0	0.0	0.0	0.0	49.78562848870006	0.0	0.0	0.0	79.92623856716067	0.0	0.0	0.0	0.0	0.0
GSM4138114_HNSCC_3_PBMC_TTCCCAGAGGACAGCT	127.1293950657569	59.43577147358366	131.60225581451405	0.0	0.0	0.0	0.0	0.0	106.85713248847837	0.0	0.0	0.0	0.0	0.0	0.0	0.0	0.0	0.0	0.0	0.0	0.0	0.0	113.20481338672117	0.0
GSM4138114_HNSCC_3_PBMC_ACACCAACATGCATGT	128.72784863544658	66.57276072213419	0.0	20.81994180219655	51.56011869308913	95.87996956610287	0.0	0.0	0.0	0.0	0.0	35.71033200720324	0.0	0.0	0.0	115.20225817413838	0.0	0.0	0.0	0.0	0.0	42.1592468103319	0.0	0.0
GSM4138114_HNSCC_3_PBMC_ACGATACGTGTGGTTT	131.8152610281742	140.02657872918635	0.0	0.0	75.37528071957335	0.0	601.5667591773993	0.0	60.66267591867633	0.0	0.0	0.0	0.0	0.0	0.0	4.909736314982769	0.0	0.0	0.0	0.0	52.97041107270201	66.92389710960713	144.3539019517868	0.0
GSM4138114_HNSCC_3_PBMC_AGAATAGTCACCATAG	56.7229541809756	0.0	162.31744367367028	184.7459331097507	125.16698219103503	0.0	46.77689739492537	0.0	0.0	0.0	0.0	0.0	0.0	0.0	0.0	0.0	0.0	0.0	0.0	94.7647089097577	0.0	0.0	0.0	0.0
GSM4138114_HNSCC_3_PBMC_AGCCTAATCCTGCCAT	47.89594538105859	0.0	78.73883074433807	51.880346418809175	0.0	0.0	0.0	0.0	46.285590495987094	40.171123752231715	0.0	0.0	21.79349672507253	0.0	0.0	0.0	0.0	8.474883430242572	0.0	0.0	0.0	0.0	0.0	0.0
GSM4138114_HNSCC_3_PBMC_CAACCAAGTTGAGGTG	110.11413298301976	64.19745517516176	73.51416817794554	0.0	0.0	0.0	0.0	0.0	0.0	35.45361314080667	0.0	83.11386086051918	0.0	22.59295399321859	0.0	0.0	0.0	0.0	0.0	0.0	0.0	0.0	0.0	0.0
GSM4138114_HNSCC_3_PBMC_CACACAACATGCCTAA	203.67652700744034	21.300958059986147	0.0	82.02072464613293	0.0	176.72157820638137	0.0	0.0	0.0	111.9696525708783	0.0	0.0	0.0	0.0	142.31898704493008	0.0	0.0	0.0	0.0	0.0	0.0	0.0	0.0	0.0
GSM4138114_HNSCC_3_PBMC_CCACTACAGGTGCTAG	64.9297027466336	0.0	44.86978929220325	67.98115320589811	0.0	0.0	107.26107852447414	90.31873193773542	0.0	0.0	0.0	0.0	69.30931354490905	0.0	0.0	0.0	0.0	0.0	0.0	0.0	0.0	0.0	0.0	0.0
GSM4138114_HNSCC_3_PBMC_CGTCACTCAGATTGCT	174.73072111447263	0.0	234.96025654796583	194.92504608445293	0.0	0.0	0.0	149.6107719653485	0.0	0.0	0.0	0.0	0.0	0.0	1.1721829893699693	220.0387315452629	0.0	0.0	0.0	0.0	0.0	0.0	0.0	0.0
GSM4138114_HNSCC_3_PBMC_CTCGGGAGTCTAGCGC	169.95357717112333	117.0424398776305	464.535549921788	0.0	0.0	0.0	0.0	0.0	167.40064553989157	0.0	0.0	0.0	0.0	0.0	0.0	0.0	174.66260690790014	0.0	0.0	0.0	0.0	0.0	0.0	0.0
GSM4138114_HNSCC_3_PBMC_GACCTGGCAGTCACTA	135.51183200164124	52.16874556304076	78.29817468959179	34.301796420392996	0.0	0.0	72.34962972373349	156.06542483459364	0.0	0.0	0.0	0.0	0.0	0.0	0.0	83.83570324443454	0.0	0.0	0.0	0.0	0.0	0.0	0.0	0.0
GSM4138114_HNSCC_3_PBMC_GCTCTGTAGTCAAGCG	200.0913865899835	113.33922575502497	0.0	0.0	125.99061325165857	5.557321783620992	193.69723956179328	0.0	0.0	0.0	101.71571723763908	0.0	0.0	0.0	0.0	0.0	0.0	0.0	0.0	5.505237473779206	0.0	0.0	0.0	0.0
GSM4138114_HNSCC_3_PBMC_GGAACTTAGAGAGCTC	161.47164836546511	108.7246934778389	0.0	0.0	46.80009878467904	196.87969292128136	31.006802079816396	35.86007885470619	26.675428175827854	0.0	0.0	51.78040305367986	0.0	0.0	0.0	179.1841606402032	0.0	0.0	0.0	0.0	0.0	0.0	0.0	0.0
GSM4138114_HNSCC_3_PBMC_GGCGACTGTTCCACTC	79.76819569331255	0.0	0.0	93.14583193405028	0.0	0.0	327.3836951005456	0.0	134.83614636633658	67.7098039233759	0.0	0.0	0.0	0.0	0.0	0.0	0.0	0.0	0.0	0.0	0.0	0.0	1.3586638833596714	0.0
GSM4138114_HNSCC_3_PBMC_GTTTCTACACACAGAG	193.90564348255617	30.28375354699086	41.71006720604023	364.70667559407786	104.25159882868489	33.36354385363385	110.58654152597117	132.0603374236324	0.0	0.0	186.586819475156	0.0	0.0	0.0	0.0	0.0	0.0	0.0	0.0	0.0	0.0	0.0	0.0	0.0
GSM4138114_HNSCC_3_PBMC_TGCGTGGCAGTCGATT	159.02399560692683	128.4949748826015	209.45957079214955	0.0	61.084638452500464	0.0	0.0	14.610073466334539	0.0	10.09977288259393	85.5854906926177	105.79185097764368	0.0	0.0	5.5372521849976994	0.0	0.0	0.0	0.0	0.0	0.0	0.0	0.0	0.0
GSM4138114_HNSCC_3_PBMC_TTATGCTGTTACGACT	114.97873106417117	18.43067160316632	200.4699402504252	135.2608785850112	99.2392128085283	0.0	0.0	0.0	0.0	0.0	0.0	0.0	0.0	0.0	4.489318936421258	85.55290849870134	0.0	0.0	0.0	0.0	0.0	15.147624246164975	0.0	0.0
GSM4138114_HNSCC_3_PBMC_AAAGCAATCCCGACTT	264.7849212981375	101.40990665552994	201.7260009453932	0.0	193.26287117631233	0.0	0.0	63.32031474960998	0.0	0.0	0.0	0.0	142.59860805910208	0.0	0.0	0.0	0.0	0.0	0.0	0.0	0.0	0.0	0.0	0.0
GSM4138114_HNSCC_3_PBMC_AAAGTAGGTTCAGACT	215.69149529289157	68.94174282537568	178.0963295010728	44.08543591866224	0.0	0.0	0.0	265.207445496735	0.0	0.0	0.0	0.0	177.9220512133745	0.0	0.0	0.0	0.0	0.0	0.0	0.0	0.0	0.0	0.0	0.0
GSM4138114_HNSCC_3_PBMC_ACGTCAAAGAGCTGGT	333.1374614778178	159.8186062406956	0.0	0.0	0.0	238.51323716137782	0.0	0.0	110.25837698349824	89.28122909483348	2.9692042968170442	127.33160646700343	0.0	0.0	0.0	0.0	0.0	0.0	76.75915338295229	0.0	0.0	0.0	0.0	0.0
GSM4138114_HNSCC_3_PBMC_ACTTGTTAGCAGATCG	251.06326608689832	128.2450297500306	135.03703387006607	0.0	56.05952942628591	0.0	0.0	59.08330639178393	82.70996529064986	0.0	0.0	0.0	129.83336527805767	0.0	0.0	0.0	0.0	0.0	0.0	0.0	0.0	0.0	0.0	0.0
GSM4138114_HNSCC_3_PBMC_AGCTCCTGTCTGCAAT	401.60677512372695	161.05583983571464	0.0	0.0	58.64055255295237	191.5119568085782	0.0	181.83016176571144	0.0	0.0	0.0	0.0	130.75446191399962	0.0	0.0	0.0	0.0	0.0	0.0	18.53313058550005	0.0	0.0	0.0	0.0
GSM4138114_HNSCC_3_PBMC_ATCTGCCTCTCCGGTT	314.10962189297976	0.0	0.0	198.9505733316964	40.9052918392739	0.0	0.0	0.0	0.0	0.0	0.0	88.09437617744176	0.0	248.0835056384475	0.0	0.0	20.820255180172378	179.62786324808258	0.0	0.0	131.84069611614964	0.0	104.45604833516241	0.0
GSM4138114_HNSCC_3_PBMC_CACAAACGTCTCTTAT	321.4426878324749	147.15304231125478	0.0	65.2026568964746	180.6653520722118	41.498593222710575	20.942731564783045	92.19405459730464	0.0	0.0	0.0	0.0	108.9883466689353	124.31713063661448	0.0	0.0	77.73235524403351	0.0	0.0	0.0	0.0	0.0	0.0	0.0
GSM4138114_HNSCC_3_PBMC_CATCAAGCACAGATTC	291.64558608102914	0.0	168.34375703315277	190.94985535720195	0.0	0.0	0.0	0.0	0.0	120.92968269419637	0.0	298.37856849653406	0.0	0.0	0.0	0.0	0.0	0.0	0.0	0.0	0.0	0.0	12.459976899420367	0.0
GSM4138114_HNSCC_3_PBMC_CGTCCATGTAATCACC	247.71236576943218	184.09827258309403	42.85206356421118	0.0	0.0	0.0	95.2445845097245	116.4856824168015	111.64099620046291	190.6099280114966	0.0	0.0	0.0	0.0	1.4885515438944306	0.0	0.0	0.0	0.0	0.0	0.0	0.0	0.0	0.0
GSM4138114_HNSCC_3_PBMC_CGTTCTGGTCCGAGTC	308.3439720758695	193.95614839803733	0.0	0.0	238.5521945040957	23.611807977063332	74.90611328556074	0.0	0.0	0.0	0.0	0.0	0.0	33.114937796906766	0.0	0.0	0.0	0.06860745940379491	0.0	140.1044307629576	0.0	0.0	0.0	0.0
GSM4138114_HNSCC_3_PBMC_CTACGTCAGAGGACGG	334.6346851285033	34.456822476599086	0.0	62.128393689008604	176.01643858737933	114.2522033763815	0.0	0.0	0.0	0.0	0.0	0.0	0.0	0.0	0.0	68.86037248458504	87.93892224925551	0.0	0.0	0.0	0.0	0.0	0.0	0.0
GSM4138114_HNSCC_3_PBMC_GACGCGTGTTCCGGCA	180.30311491257413	157.11796949544458	0.0	0.0	258.465343463275	134.26072589787654	0.0	0.0	0.0	32.98412026827801	0.0	0.0	94.63632117309388	0.0	0.0	0.0	0.0	0.0	0.0	0.0	0.0	0.0	0.0	0.0
GSM4138114_HNSCC_3_PBMC_GGCCGATCATGTAAGA	312.59864640877726	141.49622959145773	0.0	0.0	0.0	209.96055247017483	0.0	0.0	188.02395572978418	0.0	0.0	0.0	0.0	0.0	0.0	0.0	134.2790036106998	0.0	0.0	24.676379917727953	0.0	0.0	0.0	0.0
GSM4138114_HNSCC_3_PBMC_GTATTCTTCTGTGCAA	267.8224733468816	209.1882607890188	145.12530724321874	0.0	220.09015507972845	0.0	0.0	0.0	0.0	0.0	0.0	57.813058012948346	0.0	0.0	0.0	0.0	117.56301541851768	0.0	0.0	0.0	130.40998032320846	0.0	0.0	0.0
GSM4138114_HNSCC_3_PBMC_GTCAAGTAGTGCTGCC	152.32996789881787	0.0	0.0	106.99792829170627	0.0	220.8745299243808	0.3708630624505401	264.1838644950603	0.0	0.0	0.0	0.0	129.37328281079922	0.0	0.0	0.0	0.0	0.0	0.0	103.0149492542842	0.0	0.0	0.0	0.0
GSM4138114_HNSCC_3_PBMC_GTCTCGTAGGCTAGAC	220.6277730274621	0.0	214.65849800455837	175.6912809826065	107.67993640714054	0.0	0.0	0.0	36.27918939338885	0.0	0.0	0.0	0.0	7.149317062336721	21.647705968285035	0.0	0.0	0.0	0.0	70.07998621805736	95.93186929049702	13.974226414005022	25.87930335626111	0.0
GSM4138114_HNSCC_3_PBMC_TCTGGAAAGTGGTAAT	206.32261285204848	0.0	0.0	131.55286773789868	124.34103560996166	0.0	141.34938264851615	0.0	0.0	0.0	0.0	0.0	73.61158731718825	0.0	0.0	0.0	71.0682695969356	79.00377596426708	0.0	0.0	0.0	0.0	0.0	0.0
GSM4138114_HNSCC_3_PBMC_TGGCCAGGTCCAAGTT	169.25836597832006	118.8726030682925	79.55354803522108	0.0	214.89624699172762	67.75294157092732	26.171489997893534	7.288271798530019	0.0	0.0	0.0	0.0	176.77102225731576	0.0	0.0	0.0	0.0	0.0	0.0	0.0	0.0	0.0	0.0	0.0
GSM4138114_HNSCC_3_PBMC_AACTGGTGTGTGGCTC	514.0935056446773	0.0	45.52521544288173	210.646518613754	0.0	0.0	221.61935715492223	0.0	348.10540483638874	308.6385333783357	0.0	0.0	0.0	0.0	0.0	0.0	0.0	0.0	0.0	0.0	0.0	0.0	0.0	0.0
GSM4138114_HNSCC_3_PBMC_AAGACCTAGTTTGCGT	321.84751848753154	0.0	188.87681593045696	209.67285647885083	317.67477024778657	0.0	0.0	0.0	0.0	90.4885173765485	50.10775406584388	0.0	0.0	0.0	0.0	0.0	141.95461032592235	0.0	0.0	0.0	0.0	0.0	0.0	0.0
GSM4138114_HNSCC_3_PBMC_ACATCAGAGTGTCCAT	3145.9783203338893	0.0	0.0	0.0	0.0	0.0	0.0	0.0	0.0	0.0	0.0	0.0	0.0	0.0	0.0	0.0	0.0	0.0	0.0	0.0	0.0	0.0	0.0	0.0
GSM4138114_HNSCC_3_PBMC_ACGGCCACATGGTCTA	321.33210333847546	0.0	236.5067779472177	135.90380972484746	254.31352619038816	0.0	0.0	0.0	0.0	0.0	0.0	0.0	0.0	0.0	0.0	310.1463011042452	0.0	0.0	0.0	0.0	0.0	0.0	0.0	0.0
GSM4138114_HNSCC_3_PBMC_ACTTGTTGTTGTGGAG	125.59295579555743	0.0	0.0	68.32682854131302	0.0	0.0	120.38786743265028	0.0	0.0	326.298998867348	0.0	0.0	0.0	0.0	376.41269458828754	0.0	0.0	0.0	0.0	0.0	0.0	0.0	0.0	0.0
GSM4138114_HNSCC_3_PBMC_AGCGTATCAGCTCGCA	0.0	0.0	0.0	0.0	150.40454746273934	0.0	0.0	41.03733461471088	0.0	0.0	0.0	4268.055106511221	0.0	0.0	0.0	0.0	0.0	0.0	0.0	0.0	0.0	0.0	0.0	0.0
GSM4138114_HNSCC_3_PBMC_CCATTCGAGACAGGCT	328.8115550605361	155.78140660078554	175.15733899453812	0.0	0.0	0.0	31.96235770008254	0.0	0.0	0.0	162.09382333480326	390.55174150688936	0.0	0.0	0.0	0.0	0.0	0.0	164.08477191028157	0.0	0.0	0.0	0.0	0.0
GSM4138114_HNSCC_3_PBMC_CCTTCGATCTCGCTTG	368.45312734326643	118.16196994964953	0.0	0.0	134.2672293869502	65.45712871721221	98.32236633021728	0.0	0.0	0.0	284.84593050837174	0.0	0.0	0.0	0.0	0.0	0.0	216.17956066287994	0.0	0.0	0.0	0.0	0.0	0.0
GSM4138114_HNSCC_3_PBMC_CGCGTTTAGACTAGGC	498.90104011958675	0.0	155.3033402025768	204.33127759014735	416.3467859507676	84.70990850592483	0.0	0.0	0.0	324.0308177075137	0.0	0.0	49.97588934847959	0.0	0.0	0.0	0.0	0.0	0.0	0.4131184669759903	0.0	0.0	0.0	0.0
GSM4138114_HNSCC_3_PBMC_CTACATTTCTTTACGT	411.37548152327213	0.0	0.0	149.82459173078564	0.0	0.0	124.11393275495033	0.0	0.0	318.83505246011856	0.0	0.0	28.72044780616891	0.0	390.8424077794295	0.0	0.0	0.0	0.0	0.0	0.0	0.0	0.0	0.0
GSM4138114_HNSCC_3_PBMC_CTAGCCTAGACCGGAT	310.68530584133504	136.63828042834984	0.0	0.0	350.9204582588366	172.41447407722742	0.0	0.0	0.0	0.0	0.0	0.0	0.0	0.0	0.0	270.81396072882114	0.0	0.0	0.0	0.0	0.0	0.0	0.0	0.0
GSM4138114_HNSCC_3_PBMC_GACGTTAGTACCATCA	426.6970959424273	32.867331012950345	244.67901626617865	172.58087875209836	214.1179499630895	0.0	0.0	53.22067141301677	3.590992049993256	0.0	0.0	214.3179701006341	394.9874322077769	0.0	0.0	0.0	0.0	0.0	0.0	0.0	0.0	0.0	0.0	0.0
GSM4138114_HNSCC_3_PBMC_GCGCAGTCAACTGGCC	372.41867988177427	0.0	0.0	140.69029261728554	410.7718297650206	220.92317831033176	0.0	0.0	0.0	0.0	395.13851532689023	0.0	0.0	0.0	0.0	0.0	0.0	0.0	0.0	0.0	0.0	0.0	0.0	0.0
GSM4138114_HNSCC_3_PBMC_GCTCTGTCACACTGCG	322.716864156218	179.48394891723538	232.6515948717943	0.0	321.4348679606689	0.0	0.0	0.0	0.0	0.0	0.0	0.0	0.0	0.0	0.0	294.70042581404897	0.0	0.0	156.39983595045783	0.0	0.0	0.0	0.0	0.0
GSM4138114_HNSCC_3_PBMC_GCTGCAGTCCGGCACA	321.87096508663893	0.0	0.0	111.67778977990213	282.06552527362106	261.96937100708163	0.0	0.0	0.0	170.2197718731591	0.0	0.0	144.1837775171787	0.0	89.23232546444855	0.0	0.0	0.0	0.0	0.0	0.0	0.0	0.0	0.0
GSM4138114_HNSCC_3_PBMC_GTAGTCACACAAGCCC	217.46207237725108	182.6596023226499	3.480336778622528	0.0	0.0	32.795493028689975	119.17372271206119	334.4854240738399	0.0	0.0	0.0	0.0	0.0	0.0	0.0	0.0	0.0	0.0	0.0	0.0	0.0	0.0	0.0	274.42578833657797
GSM4138114_HNSCC_3_PBMC_GTCAAGTAGGCGTACA	164.91211770596337	0.0	63.17161802298434	74.0297573646471	0.0	0.0	0.0	0.0	75.90677294934324	66.97017791239197	0.0	0.0	13.668962956768297	0.0	58.82746188467798	0.0	0.0	0.0	0.0	0.0	0.0	0.0	0.0	0.0
GSM4138114_HNSCC_3_PBMC_TACGGATAGATCGATA	306.26461274908957	0.0	43.52563431272013	184.08526961930295	352.23728805031556	104.74562959458302	48.84097780192091	0.0	0.0	0.0	284.52280297704084	0.0	0.0	0.0	0.0	0.0	0.0	0.0	0.0	0.0	0.0	0.0	0.0	0.0
GSM4138114_HNSCC_3_PBMC_TCAACGATCTGGGCCA	459.681422487403	161.18839294360663	105.04742056512785	0.0	167.88939132522643	39.72585099966931	91.14234412411163	207.02515263638202	0.0	256.0870490855183	0.0	0.0	141.77114192355359	0.0	3.5921131383082985	0.6052027094694052	0.0	0.0	0.0	0.0	0.0	0.0	0.0	0.0
GSM4138114_HNSCC_3_PBMC_TGGGCGTGTTAGTGGG	360.8679985867354	0.0	0.0	129.36077605798206	0.0	0.0	212.21976343479648	0.0	0.0	334.0773763774125	0.0	0.0	0.0	0.0	322.00992087872316	0.0	0.0	0.0	0.0	0.0	0.0	0.0	0.0	0.0
GSM4138114_HNSCC_3_PBMC_TTGGAACCAGTCACTA	367.41253176008007	173.880439071782	0.0	0.0	0.9133327517620413	29.14617488477832	146.08343132240944	0.0	250.6944333261264	0.0	267.49869206805954	99.41737514413228	0.0	0.0	0.0	0.0	0.0	0.0	0.0	0.0	0.0	0.0	0.0	0.0
GSM4138114_HNSCC_3_PBMC_ACTGTCCCAGCGATCC	185.57977346244695	140.52684011108465	58.06512840924187	0.0	0.0	0.0	54.58297566782769	0.0	380.5694516511344	0.0	0.0	0.0	0.0	0.0	0.0	248.72917840696152	0.0	0.0	0.0	0.0	0.0	0.0	0.0	0.0
GSM4138114_HNSCC_3_PBMC_AGATTGCGTCATACTG	128.3435932943402	54.737211685285864	0.0	0.0	0.0	121.8465912279669	0.0	0.0	241.43545842306682	0.0	92.23709193694489	0.0	0.0	0.0	0.0	0.0	0.0	0.0	76.75290077254498	0.0	0.0	0.0	0.0	0.0
GSM4138114_HNSCC_3_PBMC_CACACAAGTGAACCTT	271.6982272438748	140.12628346931785	0.0	0.0	199.1393678551144	116.88926066148773	0.0	0.0	0.0	0.0	0.0	0.0	156.62319201183422	0.0	0.0	0.0	0.0	0.0	0.0	0.0	0.0	0.0	0.0	0.0
GSM4138114_HNSCC_3_PBMC_GCGCAACCATCTGGTA	171.51676482229374	35.56908083723942	0.0	120.15016674157629	0.0	78.84211954679296	16.607271754422026	0.0	236.62309007500195	0.0	158.11573286739232	0.0	0.0	0.0	0.0	0.0	0.0	0.0	0.0	0.0	0.0	0.0	0.0	0.0
GSM4138114_HNSCC_3_PBMC_TACGGATGTCTCATCC	265.103331239034	110.21610145086551	0.0	0.0	0.0	74.52389013034971	51.31961929193695	0.0	159.021194284536	0.0	0.0	0.0	0.0	0.0	0.0	0.0	0.0	0.0	0.0	0.0	0.0	0.0	0.0	217.75752619457472
GSM4138114_HNSCC_3_PBMC_TAGAGCTTCGGAATCT	194.96634507654406	118.38264736167703	114.96521188937501	0.0	0.0	0.0	0.0	0.0	31.42902749272673	210.5397391492867	0.0	116.76647408800788	0.0	0.0	0.0	0.0	0.0	0.0	0.0	0.0	0.0	0.0	0.0	0.0
GSM4138114_HNSCC_3_PBMC_TTGGAACGTACACCGC	224.3832816042845	134.9447592752744	0.0	36.96596433754643	0.0	0.0	112.10879002824184	0.0	0.0	0.0	0.0	0.0	226.92522963800596	0.0	0.0	0.0	0.0	308.00222492955675	0.0	0.0	0.0	0.0	0.0	0.0
GSM4138114_HNSCC_3_PBMC_GCAGCCACACCACGTG	102.42686049725971	0.0	0.0	71.60086492676812	0.0	102.14025816095976	9.820093574121692	0.0	60.40800489937935	104.65111077686609	0.0	0.0	0.0	0.0	70.82818550440203	0.0	0.0	0.0	0.0	0.0	0.0	0.0	0.0	0.0
GSM4138114_HNSCC_3_PBMC_TAGTTGGTCGAGAGCA	131.53436279094	73.64522010779879	0.0	6.051833061098199	40.528216540735215	99.79541901703693	0.0	0.0	80.27806411635646	0.0	38.7605412106161	0.0	0.0	45.212005501936176	11.3743966319851	0.0	33.334568387022095	0.0	0.0	0.0	0.0	0.0	0.0	0.0
GSM4138114_HNSCC_3_PBMC_GGACAAGGTTACGACT	96.49118909195158	0.0	162.88657899314777	120.56906855552883	0.0	0.0	0.0	50.039769768106325	0.0	82.87073929765776	0.0	0.0	0.0	0.0	81.60849407462469	0.0	0.0	0.0	0.0	0.0	0.0	0.0	0.0	0.0
GSM4138114_HNSCC_3_PBMC_AGCTTGACATAACCTG	0.0	0.0	0.0	0.0	0.0	0.0	0.0	0.0	0.0	7.580923039237196	459.16488942818427	0.0	0.0	0.0	0.0	0.0	0.0	0.0	0.0	0.0	3931.511108094534	0.0	0.0	14.884974411306803
