	1	2	3	4	5	6	7	8	9	10	11	12	13	14	15	16	17	18	19	20	21	22
GSM4138114_HNSCC_3_PBMC_AAACGGGTCTAGAGTC	37.58967988057822	50.44077661563691	0.0	96.57166989571584	18.841426515176178	13.435104772715508	23.824093616591234	0.0	0.0	0.0	0.0	0.0	0.0	0.0	0.0	0.0	89.16028662344941	0.0	0.0	0.0	0.0	0.0
GSM4138114_HNSCC_3_PBMC_AAAGATGCACTACAGT	0.0	0.0	0.0	0.0	64.73610549058264	25.093724713376925	58.614736571425325	0.0	74.74665971098193	0.0	0.0	0.0	107.40355783927929	0.0	0.0	0.0	0.0	0.0	0.0	0.0	0.0	0.0
GSM4138114_HNSCC_3_PBMC_AAATGCCTCTCCAGGG	73.68228704716009	14.246185368579898	0.0	25.328649005033	30.844506432715278	0.0	102.44327580639393	0.0	0.0	115.41218848002323	120.23903380284074	0.0	0.0	0.0	6.258472451197672	0.0	0.0	0.0	0.0	0.0	0.0	0.0
GSM4138114_HNSCC_3_PBMC_AACACGTAGAGTGAGA	63.39712575092464	120.02005447697576	0.0	85.72522594591543	45.120196275104696	0.0	0.0	0.0	0.0	17.978775019208335	0.0	0.0	0.0	0.0	0.0	0.0	0.0	93.37362526810233	19.621966465966068	0.0	0.0	0.0
GSM4138114_HNSCC_3_PBMC_AAGGCAGGTTTAAGCC	0.0	0.0	0.0	103.41013093140813	53.66537601984784	21.197623476251625	0.0	79.53550440585128	0.0	0.0	0.0	0.47949115087494487	0.0	65.85115825745898	0.0	0.0	0.0	0.0	10.245740401470911	0.0	0.0	0.0
GSM4138114_HNSCC_3_PBMC_ACACCAAGTATAAACG	89.80628791434442	0.0	0.0	75.371147718457	0.0	63.896164284347066	0.0	0.0	0.0	0.0	56.71126578796096	0.0	0.0	0.0	0.0	0.0	41.439940031057105	0.0	0.0	0.0	0.0	0.0
GSM4138114_HNSCC_3_PBMC_ACATACGTCCACTCCA	0.0	0.0	0.0	53.541797509418615	99.97941011568773	3.5416912516401573	40.45288111204141	67.19465375215557	0.0	0.0	0.0	0.0	0.0	0.0	0.0	0.0	0.0	0.0	1.8110994684343709	0.0	0.0	0.0
GSM4138114_HNSCC_3_PBMC_ACTATCTAGGAGTTTA	12.238545265736889	0.0	0.0	0.0	85.08878787995938	0.0	135.39644433870922	0.0	0.0	107.95976778195198	0.0	0.0	0.0	0.0	0.0	0.0	56.04149303544356	0.0	110.5816118862984	0.0	0.0	0.0
GSM4138114_HNSCC_3_PBMC_ACTGAACTCACCTTAT	57.94172384314581	70.05037090117509	63.39608720630611	0.0	8.79015215282323	45.35483528391363	0.0	0.0	0.0	3.6473391942207405	79.63445447294099	0.0	0.0	0.44922475309568255	0.0	69.60087146865018	0.0	0.0	0.0	0.0	0.0	0.0
GSM4138114_HNSCC_3_PBMC_ACTTTCACAGCTGTTA	77.01031810253062	0.0	119.89345847642932	0.0	0.0	0.0	0.0	50.81095984873947	0.0	0.0	0.0	0.0	0.0	87.45669038246152	0.0	0.0	0.0	0.0	0.0	0.0	0.0	0.0
GSM4138114_HNSCC_3_PBMC_AGCTCTCAGGTGATAT	0.0	0.0	26.03189521065105	0.0	62.3211174121553	85.80048326738257	0.0	0.0	0.0	119.27517468215297	95.57968801473264	0.0	0.0	2.2058349229788186	0.0	0.0	0.0	0.0	0.0	0.0	0.0	0.0
GSM4138114_HNSCC_3_PBMC_AGCTCTCCAGCCTGTG	45.99844873767228	58.39942435221604	14.559167108217958	76.69968909165009	0.0	0.0	0.0	0.0	0.0	23.585318626044014	30.905384606423254	0.0	0.0	0.0	0.0	0.0	0.0	0.0	0.0	0.0	0.0	0.0
GSM4138114_HNSCC_3_PBMC_AGTCTTTCAAAGGTGC	64.12058555245575	119.380801855148	139.91413592241776	0.0	17.083831461939184	0.0	0.0	0.0	0.0	0.0	33.77564269249738	0.0	0.0	1.5676426560653953	0.0	0.0	0.0	0.0	0.0	0.0	0.0	0.0
GSM4138114_HNSCC_3_PBMC_AGTGAGGGTCAGCTAT	0.0	19.301754556492266	0.0	105.71399076198855	146.0341934076432	23.66470797073781	0.0	0.0	11.304850086999615	0.0	0.0	0.0	2.051559420068463	36.60663327028591	0.0	0.0	40.498271828363144	0.0	0.0	12.033497378861084	0.0	0.0
GSM4138114_HNSCC_3_PBMC_AGTGGGATCACCACCT	80.79427380642511	94.53174697210395	95.78851093561552	0.0	0.9361846240041658	0.0	0.0	30.89359483923516	35.409108066649395	48.68833782935199	0.0	0.0	0.0	0.0	0.0	0.0	0.0	0.0	0.0	0.0	16.845133336400828	0.0
GSM4138114_HNSCC_3_PBMC_ATCCACCTCCCTCAGT	53.09500245138721	88.8564439770942	0.0	82.36503722574984	0.0	0.0	0.0	0.0	41.86870241333387	0.0	0.0	0.0	0.0	0.0	0.0	0.0	0.0	0.0	0.0	0.0	0.0	0.0
GSM4138114_HNSCC_3_PBMC_ATCGAGTGTCTAAACC	135.89794169434134	0.0	306.7217816689806	0.0	0.0	0.0	148.3596173231911	99.44286348612954	0.0	0.0	18.808467933563843	8.85410691235369	0.0	0.0	0.0	23.187270829777834	0.0	0.0	0.0	0.0	0.0	0.0
GSM4138114_HNSCC_3_PBMC_ATCTACTGTGACGCCT	0.0	0.0	0.0	48.664762943965115	63.49896032112538	89.05670472732285	0.0	0.0	0.0	0.0	0.0	0.0	0.0	0.0	0.0	0.0	0.0	116.48363222022391	52.00953040406815	0.0	0.0	0.0
GSM4138114_HNSCC_3_PBMC_CAAGAAAGTGCTTCTC	0.0	0.0	94.24175172279269	0.0	70.94428725451027	21.593989311953447	0.0	0.0	0.0	0.0	70.7942078478413	0.0	0.0	41.11820037489302	0.0	0.0	0.0	0.0	0.0	0.0	0.0	0.0
GSM4138114_HNSCC_3_PBMC_CAAGGCCGTTCCCGAG	66.25877314718356	50.64812651893835	0.0	105.18000126073571	0.0	91.65104545997933	0.0	0.0	31.62677983134377	0.0	0.0	0.0	0.0	0.0	0.0	0.0	30.260725671236816	0.0	0.0	0.0	0.0	0.0
GSM4138114_HNSCC_3_PBMC_CAAGTTGTCAAGAAGT	41.15380011345474	74.16408578487078	14.460500901587634	0.0	0.0	24.772688104131475	0.0	0.0	107.65397943801493	0.0	0.0	0.031080652869976303	0.0	21.30595167039526	0.0	65.90447565753126	0.0	0.0	0.0	0.0	0.0	0.0
GSM4138114_HNSCC_3_PBMC_CACAAACCAGCTGGCT	0.0	0.0	118.94035324537936	0.0	14.031978912176678	136.66111554572632	0.0	0.0	4.201924270312824	0.0	0.0	0.0	0.0	0.0	0.0	0.0	62.20486623029136	0.0	0.0	0.0	0.0	0.0
GSM4138114_HNSCC_3_PBMC_CACACAAAGAACAACT	59.39672103223055	0.0	0.0	0.0	0.0	121.56144201053341	0.0	0.0	0.0	0.0	73.8010084392905	0.0	186.41070766486823	0.0	0.0	0.0	0.0	0.0	0.0	0.0	0.0	0.0
GSM4138114_HNSCC_3_PBMC_CACATAGTCCGCAAGC	76.93530207697042	0.0	48.475872701911044	0.0	0.0	0.0	84.7561138929875	0.0	0.0	0.0	0.0	130.91678819314845	0.0	0.0	0.0	49.314400216183756	0.0	0.0	21.398051933948583	0.0	0.0	0.0
GSM4138114_HNSCC_3_PBMC_CACCACTAGCAATATG	7.9821836832333934	43.4688642311739	165.33037659268092	0.0	28.824672989887524	0.0	0.0	0.0	0.0	0.0	46.03918374270353	0.0	0.0	0.0	0.0	0.0	0.0	0.0	0.0	0.0	0.0	0.0
GSM4138114_HNSCC_3_PBMC_CATATTCAGTCCCACG	73.9451234569453	72.19560704732764	121.5422716460378	0.0	0.0	0.0	0.0	10.787913343749958	28.262280840032364	0.0	0.0	0.0	0.0	0.0	0.0	0.0	0.0	0.0	0.0	0.0	0.0	0.0
GSM4138114_HNSCC_3_PBMC_CATCAAGGTCGTCTTC	56.64651797841046	0.0	0.0	0.0	0.0	0.0	0.0	44.41260977539188	0.0	0.0	0.0	0.0	160.0945423187323	90.08944231273959	0.0	0.0	0.0	0.0	0.0	0.0	0.0	0.0
GSM4138114_HNSCC_3_PBMC_CATCAGACATACTACG	217.7158054995419	76.81558296765161	0.0	0.0	0.0	64.54107814957827	41.02126866092957	12.902476765984133	0.0	0.0	0.0	0.0	351.73795523697015	0.0	0.0	0.0	0.0	0.0	0.0	0.0	186.48644127106445	0.0
GSM4138114_HNSCC_3_PBMC_CATCGGGTCTTCTGGC	92.7246779994479	128.34315718291722	0.0	98.38143106084617	0.0	0.0	0.0	0.0	0.0	0.0	0.0	0.0	0.0	0.0	0.0	0.0	36.103903862119594	0.0	0.0	22.66967878202413	0.0	0.0
GSM4138114_HNSCC_3_PBMC_CCACGGATCAGAGGTG	61.68278524364677	144.84903978666085	182.97889582241058	0.0	0.0	0.0	0.0	130.62450517020912	0.0	0.0	0.0	0.0	0.0	0.0	0.0	0.0	0.0	0.0	0.0	0.0	0.0	0.0
GSM4138114_HNSCC_3_PBMC_CCTACACTCGACAGCC	34.33486031708931	0.0	0.0	77.53600436049551	0.0	59.189207700064955	0.0	0.0	0.0	0.0	0.0	0.0	0.0	0.0	0.0	0.0	0.0	63.58284977677402	0.0	0.0	0.0	0.0
GSM4138114_HNSCC_3_PBMC_CCTTCCCGTAGCGTCC	0.0	44.56422885931389	25.687386862468067	0.0	67.84295952775929	11.038431403963434	0.0	0.0	0.0	0.0	0.0	56.11533896006326	0.0	0.0	0.0	61.53116410501049	0.0	0.0	0.0	0.0	0.0	0.0
GSM4138114_HNSCC_3_PBMC_CCTTCCCTCACATACG	0.0	0.0	103.36548374114113	0.0	70.24607291658586	0.0	72.252860576969	0.0	63.54155863589029	0.0	0.0	16.880347655672093	0.0	0.0	0.0	0.0	0.0	0.0	0.0	0.0	0.0	0.0
GSM4138114_HNSCC_3_PBMC_CGAGCCAAGCGCTTAT	0.0	0.0	0.0	68.7982870757136	71.81027229028862	0.0	75.31140258419707	0.0	48.78228575841519	0.0	0.0	0.0	90.71260969572164	0.0	0.0	0.0	0.0	0.0	0.0	0.0	0.0	0.0
GSM4138114_HNSCC_3_PBMC_CGAGCCAGTCAAAGAT	229.11644595789244	0.0	140.6891053245079	118.81727635430393	0.0	151.21608631041215	0.0	0.0	0.0	56.46316501678337	26.490500548655383	113.19163648988899	0.0	0.007432277298899964	0.0	0.0	0.0	0.0	0.0	0.0	0.0	0.0
GSM4138114_HNSCC_3_PBMC_CGCGGTATCATCACCC	11.958758123066307	0.0	69.70865100630553	59.835047415614845	84.87062726002776	27.46977643645667	102.1061456913102	0.0	0.0	20.402049860067006	0.0	0.0	0.0	0.0	119.23161018981676	0.0	0.0	0.0	0.0	0.0	0.0	0.0
GSM4138114_HNSCC_3_PBMC_CGCGTTTTCCCAAGTA	0.0	0.0	0.0	79.4324979381017	85.92774791776014	0.0	0.0	0.0	16.08310519781199	0.0	0.0	0.0	0.0	73.38209434594964	0.0	0.0	26.39205973903779	0.0	0.0	0.0	0.0	0.0
GSM4138114_HNSCC_3_PBMC_CGCTGGAGTAGCCTAT	78.65847177412671	0.0	0.0	0.0	0.0	0.0	188.6215135332078	0.0	0.0	0.0	0.0	0.0	0.0	0.0	0.0	147.33607120800426	0.0	0.0	0.0	0.0	0.0	108.9884858340622
GSM4138114_HNSCC_3_PBMC_CGGACGTGTAGATTAG	17.393835030782622	0.0	147.31161781932718	0.0	67.45919413151725	0.0	128.70385433793152	0.0	0.0	0.0	0.0	116.9117499255856	0.0	0.0	0.0	0.0	0.0	0.0	0.0	0.0	0.0	0.0
GSM4138114_HNSCC_3_PBMC_CGTCCATAGATGTGTA	26.025647428094352	47.15181496585231	121.94671645672476	0.0	57.491412294896605	0.0	0.0	0.0	0.0	0.1903600708974404	0.0	0.0	0.0	0.0	0.0	0.0	44.99405049412528	0.0	1.5356168035327205	0.0	0.0	0.0
GSM4138114_HNSCC_3_PBMC_CGTCTACGTACCGAGA	0.0	0.0	111.98179638088673	0.0	93.09710483055925	88.66646526965093	0.0	21.678450466270505	0.0	0.0	0.0	0.0	0.0	0.0	0.0	0.0	0.0	110.59431386726543	0.0	0.0	0.0	0.0
GSM4138114_HNSCC_3_PBMC_CGTTCTGCACGTCTCT	80.62690601666236	84.31458933329394	78.1880078089902	7.915396430990143	0.0	5.629987203696305	0.0	0.0	0.0	0.0	0.0	74.24539152509975	0.0	0.0	0.0	0.0	0.0	0.0	0.0	0.0	0.0	0.0
GSM4138114_HNSCC_3_PBMC_CTAGAGTCAAGCCATT	55.87639873266158	87.01191291961914	108.82619011395214	0.0	0.0	0.0	7.366466218938263	14.126608695637376	0.0	0.0	14.095334209622047	0.0	0.0	0.0	76.59224547793696	0.0	0.0	0.0	0.0	0.0	0.0	0.0
GSM4138114_HNSCC_3_PBMC_CTCAGAAGTCAGTGGA	70.64959181030939	0.0	101.38038104887423	0.0	0.0	40.29000398641977	0.0	70.91991249732217	0.0	0.0	0.0	0.0	0.0	7.427868510557678	0.0	0.0	0.0	0.0	0.0	0.0	17.90120920774637	0.0
GSM4138114_HNSCC_3_PBMC_CTCATTACATCGGTTA	52.313728171902774	49.087898828010445	0.0	96.95333488972375	13.580066871540494	26.668083000238532	0.0	0.0	40.90561911076008	0.0	0.0	0.0	0.0	25.79289087992254	0.0	0.0	28.937617404245223	0.0	0.0	0.0	0.0	0.0
GSM4138114_HNSCC_3_PBMC_CTCATTATCGGAGCAA	39.455501496774836	0.0	10.770936916978565	44.47587952355965	66.88088290040625	51.358732423406806	0.0	0.0	89.38993199112866	23.63639701718185	0.0	0.0	0.0	0.0	0.0	0.0	0.0	0.0	0.0	0.0	0.0	0.0
GSM4138114_HNSCC_3_PBMC_CTGCTGTAGGACGAAA	51.98191886853217	0.0	164.53700388309773	0.0	0.0	0.0	0.0	104.19567366343776	0.0	0.0	0.0	0.0	0.0	91.68315496537069	0.0	0.0	0.0	0.0	0.0	0.0	0.0	0.3739413401221096
GSM4138114_HNSCC_3_PBMC_CTGTTTAGTAAGTGTA	30.39984790014251	87.03533640212193	0.0	104.14267648835425	36.30660453885776	0.0	0.0	0.0	0.0	0.0	0.0	0.0	0.0	0.0	0.0	0.0	72.26423624998714	0.0	0.0	0.0	0.0	0.0
GSM4138114_HNSCC_3_PBMC_GAAATGACAGCTTAAC	60.38217555914077	66.27117265512898	0.0	51.54377820097427	0.0	0.0	0.0	0.0	0.0	77.37064709700853	45.947753895259844	0.0	0.0	0.0	0.0	0.0	0.0	0.0	0.0	0.0	0.0	0.0
GSM4138114_HNSCC_3_PBMC_GACCTGGGTTAAAGTG	0.0	0.0	65.44719664847169	19.715217717158094	26.886854429844803	0.0	63.74870170971559	0.0	0.0	0.0	0.0	0.0	0.0	0.0	6.205276285217442	0.0	0.0	77.75201302674671	0.0	0.0	0.0	0.0
GSM4138114_HNSCC_3_PBMC_GATCAGTTCATCTGCC	38.566067777347335	0.0	112.16150097881693	0.0	1.0552663396455468	110.23056054497248	0.0	92.13989049557605	0.0	0.0	0.0	0.0	0.0	0.0	0.0	0.0	0.0	0.0	0.0	0.0	0.0	0.0
GSM4138114_HNSCC_3_PBMC_GATCGATTCGCCAAAT	109.32605494520266	80.89239761888342	40.602593407147864	0.0	0.0	2.5005087222378397	0.0	0.0	0.0	86.14526241436367	86.72007311420313	0.0	0.0	0.0	0.0	0.0	0.0	0.0	0.0	0.0	0.0	0.0
GSM4138114_HNSCC_3_PBMC_GATCGTACATGCCCGA	40.70221698459076	0.0	69.39096130007094	0.0	33.90660270643157	50.11819720676375	10.55429275620758	0.0	0.0	0.0	0.0	0.0	0.0	0.0	64.22762740775909	30.088636384498294	0.0	0.0	0.0	0.0	0.0	0.0
GSM4138114_HNSCC_3_PBMC_GATCTAGGTCTTGATG	56.66508557445095	0.0	95.7551946222022	0.0	0.0	0.0	92.61543972894042	94.51199674468742	0.0	0.0	0.0	0.0	0.0	0.0	0.0	2.26760702610632	0.0	0.0	0.0	0.0	0.0	0.0
GSM4138114_HNSCC_3_PBMC_GCAAACTCAAACAACA	0.0	0.0	0.0	0.0	101.39412066318057	40.14938716303306	0.0	0.0	92.35490324813374	0.0	0.0	0.0	104.43408466580388	42.48586896006403	0.0	0.0	0.0	0.0	0.0	0.0	0.0	0.0
GSM4138114_HNSCC_3_PBMC_GCAAACTGTTCTGTTT	55.98559233165678	67.63262228201387	81.3959847720542	40.65196589110934	4.482184168515247	0.0	0.0	0.0	84.89541764207577	0.0	0.0	0.0	0.0	0.0	0.0	0.0	0.0	0.0	0.0	0.0	0.0	0.0
GSM4138114_HNSCC_3_PBMC_GCACATATCAGGCGAA	0.0	0.0	0.0	216.084460001783	138.9681054783822	100.07989425942107	0.0	0.0	104.87455570894133	0.0	0.0	0.0	0.0	0.0	0.0	0.0	0.0	0.0	0.0	0.0	0.0	0.0
GSM4138114_HNSCC_3_PBMC_GCATGATCAGCTGTGC	36.50997925079782	0.0	0.0	24.13810522674563	0.7989075932970382	79.34984877609513	0.0	106.32277378922699	0.0	0.0	3.697454989447438	0.0	0.0	1.7452973837035968	0.0	4.25203255877754	0.0	0.0	0.0	0.0	0.0	0.0
GSM4138114_HNSCC_3_PBMC_GCGACCACAGGGTACA	40.64955048225479	0.0	116.89253021923956	0.0	0.0	76.03578891207314	0.0	0.0	0.0	6.368869969416794	80.91713443235415	0.0	0.0	0.05921568293738511	0.0	0.0	0.0	0.0	0.0	0.0	0.0	0.0
GSM4138114_HNSCC_3_PBMC_GCGCAACTCGTTGCCT	11.019763742755663	2.9084396204882657	0.0	0.0	21.659346324599067	53.02253124602905	0.0	0.0	0.0	64.43294899079714	0.0	0.0	0.0	4.507679559940708	88.21693246206232	0.0	0.0	0.0	0.0	0.0	0.0	0.0
GSM4138114_HNSCC_3_PBMC_GCGCCAACAAGGCTCC	73.71994036805407	79.54777114967077	0.0	113.22207453864338	16.49961362737172	0.0	0.3154732725569902	45.75894690365278	1.1091533994871046	0.0	0.0	35.555780717967714	0.0	0.0	0.0	13.130554899851541	0.0	0.0	0.0	0.0	0.0	0.0
GSM4138114_HNSCC_3_PBMC_GCTCTGTAGTGTCTCA	78.29857952438635	109.33384301179362	118.41845509310744	0.0	33.70361027731631	0.0	0.0	0.0	0.0	0.0	0.0	30.518158479237616	0.0	0.0	5.571485971391489	0.0	0.0	0.0	0.0	0.0	0.0	0.0
GSM4138114_HNSCC_3_PBMC_GCTGCTTAGATAGTCA	53.75784243852718	62.52795689932528	155.92631405073354	0.0	0.0	45.156488000842145	0.0	82.44887893958438	0.0	0.0	0.0	0.0	0.0	0.0	0.0	0.0	0.0	0.0	0.0	0.0	0.0	0.0
GSM4138114_HNSCC_3_PBMC_GGATGTTAGCTACCTA	69.24831878649977	207.46395968467266	0.0	0.0	35.1035684539734	0.0	0.0	0.0	0.0	123.37994484942281	100.55709121184822	0.0	0.0	0.0	0.0	0.0	0.0	0.0	0.0	0.0	0.0	0.0
GSM4138114_HNSCC_3_PBMC_GGCCGATAGCACCGTC	71.60288745505743	37.427353289203474	76.00872511855074	0.0	27.430133612617084	10.94692246429802	23.43373745049159	0.0	128.34055638176136	0.0	0.0	1.2278595629965683	22.77329029554652	21.69124045265599	0.0	0.0	0.0	0.0	0.0	0.0	0.0	0.0
GSM4138114_HNSCC_3_PBMC_GGCGTGTGTCCCTTGT	67.44858030302528	0.0	28.610549629917525	0.0	7.300127729580415	0.0	102.8582995757258	60.885007503664724	0.0	0.0	0.8347247397464143	0.0	90.0283429472184	0.0	0.0	0.0	0.0	0.0	8.3255463028452	0.0	0.0	0.0
GSM4138114_HNSCC_3_PBMC_GGGCACTTCAGCTCTC	0.0	14.11487998362908	118.6806636011118	0.0	109.88259241001788	50.03811547520534	0.0	0.0	28.88957488053543	0.0	0.0	0.0	0.0	9.1336161161329	0.0	0.0	35.18883965958459	0.0	0.0	0.0	0.0	0.0
GSM4138114_HNSCC_3_PBMC_GTAGGCCTCAAAGTAG	57.92453387612896	131.85476543158688	0.0	99.40900736622342	0.0	0.0	0.0	0.0	0.0	0.0	0.0	0.0	0.0	0.0	0.0	0.0	0.0	66.65666596526484	0.0	0.0	0.0	0.0
GSM4138114_HNSCC_3_PBMC_GTATCTTAGCTAAACA	24.191546642442667	63.68854139568034	0.0	0.0	35.49636510103229	0.0	0.0	0.0	0.0	0.0	0.0	96.97215014905213	100.09266652470019	0.0	0.0	0.0	0.0	0.0	0.0	0.0	0.0	0.0
GSM4138114_HNSCC_3_PBMC_GTCTCGTCATCTCCCA	0.0	98.8494259335219	37.69723456253375	0.0	44.058207118683384	0.0	0.0	0.0	38.56305151588309	0.0	0.0	48.17335175619452	0.0	0.0	0.0	80.31785633251005	0.0	0.0	0.0	0.0	0.0	0.0
GSM4138114_HNSCC_3_PBMC_GTGTGCGGTTCGCTAA	0.0	0.0	0.0	93.21786052699521	60.031267645563965	16.140982662652846	0.0	0.0	93.99384326057644	0.0	0.0	0.0	0.0	90.44146957775992	0.0	0.0	0.0	0.0	8.834282943717238	0.0	0.0	0.0
GSM4138114_HNSCC_3_PBMC_GTTACAGAGAGCTGCA	50.237720833393055	2.8957524486465194	64.12697763460353	42.37954998217036	2.8891519608270455	50.83526315101309	16.259748659536342	0.0	0.0	0.0	0.0	0.0	0.0	0.0	0.0	0.0	63.08819352454444	0.0	0.0	0.0	0.0	0.0
GSM4138114_HNSCC_3_PBMC_GTTCATTAGCTACCTA	110.08845567043583	0.0	0.5062881376628288	35.53593577638971	0.0	66.60700650967007	0.0	0.0	71.97738075163821	0.0	0.0	20.43518551177475	0.0	0.0	0.0	55.054351235355966	0.0	0.0	0.0	0.0	0.0	0.0
GSM4138114_HNSCC_3_PBMC_TAAGTGCAGTTCGCAT	59.31154370892786	0.0	0.0	46.28655061500144	35.595918670170384	0.0	80.09111622062117	0.0	0.0	0.0	0.0	0.0	0.0	0.0	0.0	0.0	2.2906836934255628	10.298061585795123	0.0	73.93291855764431	0.0	0.0
GSM4138114_HNSCC_3_PBMC_TACTTGTCAAGCGAGT	43.70157802774476	86.70117124171905	0.0	94.12294223581654	0.0	0.0	0.0	0.0	0.0	0.0	0.0	0.0	0.0	0.0	56.41826554070397	0.0	0.0	0.0	0.0	0.0	0.0	0.0
GSM4138114_HNSCC_3_PBMC_TAGACCATCCGGGTGT	0.0	96.28932641047487	79.45946869804847	37.950231145139576	24.158481249096884	0.0	0.0	27.765126874403915	0.0	0.0	57.679762869171014	0.0	3.22758445443469	0.0	0.0	0.0	0.0	0.0	0.0	0.0	0.0	0.0
GSM4138114_HNSCC_3_PBMC_TAGGCATAGCCACGCT	215.50276851282618	235.41212014800215	141.18166066700408	46.02091931975931	0.0	0.0	0.462900494901319	0.0	0.0	231.0190890317913	0.0	0.0	0.0	0.0	0.0	0.0	0.0	0.0	0.0	241.41280175034208	0.0	0.0
GSM4138114_HNSCC_3_PBMC_TATTACCAGTGACTCT	0.0	101.63183922212465	92.14608724746473	0.0	48.42889973735337	0.0	0.0	0.0	75.04908527770844	32.20123728426406	0.0	0.0	0.0	0.0	0.0	0.0	0.0	0.0	0.0	0.0	0.0	0.0
GSM4138114_HNSCC_3_PBMC_TCAACGACAGACACTT	94.19556857235303	65.9551219422334	0.0	9.283949178819466	1.2240820156727246	0.0	0.0	0.0	0.0	79.99723505623678	0.0	0.0	0.0	0.0	0.0	0.0	82.25317514150474	0.0	0.0	0.0	0.0	0.0
GSM4138114_HNSCC_3_PBMC_TCAGGATTCCGTTGTC	40.23931677454352	77.89328711253513	0.0	0.0	0.0	0.0	0.0	46.40053984456358	0.0	54.383271346853405	0.0	42.51441954872688	0.0	0.0	0.0	0.0	0.0	0.0	0.0	19.950003461061172	0.0	0.0
GSM4138114_HNSCC_3_PBMC_TCATTTGGTTCCCGAG	10.427155185245514	96.89574100333435	15.689142197862669	0.0	55.26601848026049	0.0	0.0	0.0	0.0	0.0	0.0	3.464074545587902	66.11170161191659	0.0	18.124966960890365	0.0	0.0	0.0	0.0	17.78642068516913	0.0	0.0
GSM4138114_HNSCC_3_PBMC_TCGAGGCGTACTCTCC	4.558227102077077	0.0	0.0	91.42964815655368	28.141249401373955	93.26375349569857	0.0	0.0	0.0	0.0	85.00381919899282	0.0	0.0	0.0	0.0	0.0	0.0	0.0	0.0	0.0	0.0	0.0
GSM4138114_HNSCC_3_PBMC_TCGCGAGTCTATCCTA	143.55588079456243	0.0	74.22781246523648	0.0	0.0	119.26605163909609	0.0	0.0	0.0	40.591548962324794	102.96916228134215	0.0	0.0	0.0	0.0	0.0	0.0	0.0	0.0	0.0	0.0	0.0
GSM4138114_HNSCC_3_PBMC_TCTGGAAGTGTAAGTA	8.635275071527396	33.442248189525316	0.0	77.26954480047183	55.917462007468586	36.40711448970712	0.0	0.0	0.0	0.0	0.0	0.0	0.0	0.0	79.46155685645917	16.349029004270676	0.0	0.0	0.0	0.0	0.0	0.0
GSM4138114_HNSCC_3_PBMC_TGACTAGTCTGAAAGA	0.0	67.11264281395614	108.04652310545467	0.0	38.03213217684941	0.0	0.0	0.0	0.0	0.0	0.0	65.25633983117282	0.0	0.0	0.0	0.0	0.0	0.0	0.0	0.0	0.0	0.0
GSM4138114_HNSCC_3_PBMC_TGACTTTCAATGGAAT	63.50781830573452	0.0	65.1792618216276	4.795289855652252	0.0	48.84225464354255	0.0	0.0	12.655390089639912	0.0	0.0	22.08929645956044	0.0	0.0	0.0	0.0	0.0	0.0	0.0	0.0	0.0	0.0
GSM4138114_HNSCC_3_PBMC_TGAGAGGGTCCGAATT	0.0	0.0	0.0	0.0	103.89005328721187	86.3652618043217	0.0	0.0	0.0	0.0	0.0	0.0	139.30095360094018	0.0	0.0	0.0	0.0	74.38693953080065	0.0	22.86317031118246	0.0	0.0
GSM4138114_HNSCC_3_PBMC_TGAGCCGGTACAGCAG	37.96509597837804	145.74919184796136	12.07330244590116	100.97768800704432	26.308806601170012	0.0	0.0	0.0	50.70346410693059	0.0	0.0	0.0	69.28624983426894	0.0	0.0	0.0	0.0	0.0	0.0	0.0	0.0	0.0
GSM4138114_HNSCC_3_PBMC_TGAGGGAAGGGTGTGT	218.60253965860255	0.0	54.862022262501746	117.10245433237964	0.0	0.0	98.48268360636699	23.814515932562262	0.0	0.0	32.383195938374264	0.0	0.0	0.0	0.0	0.0	0.0	0.0	0.0	0.0	0.0	0.0
GSM4138114_HNSCC_3_PBMC_TGAGGGAGTAGCCTAT	0.0	77.90674960948317	0.0	0.0	62.283029943160614	0.0	0.0	0.0	0.0	0.0	0.0	0.0	107.82611422578512	0.0	42.891987172152696	0.0	0.0	0.0	0.0	0.0	0.0	0.0
GSM4138114_HNSCC_3_PBMC_TGCGCAGAGGTAGCTG	0.0	0.0	0.0	0.0	73.34634924217809	0.0	83.47854751840673	0.0	0.0	124.21854269632921	29.823369171677328	0.0	0.0	0.0	39.78005408770011	0.0	0.0	0.0	0.0	0.0	0.0	0.0
GSM4138114_HNSCC_3_PBMC_TGGACGCGTTCCACAA	259.3610227514182	0.0	0.0	119.58132085944096	0.0	60.30351583082368	0.0	0.0	0.0	0.0	0.0	0.0	214.4711089079009	73.20932715449344	0.0	0.0	0.0	0.0	11.362614240170926	0.0	217.67146556002163	0.0
GSM4138114_HNSCC_3_PBMC_TTCTACAGTCTAGTGT	3.2595467347227642	78.91146459980212	60.646446323179134	0.0	67.1863954582785	0.0	0.0	0.0	0.0	0.0	46.86530474524149	0.0	24.81916005634729	0.0	0.0	0.0	0.0	0.0	0.0	0.0	0.0	0.0
GSM4138114_HNSCC_3_PBMC_TTCTACATCTGCGTAA	0.0	0.0	129.86317242959723	0.0	115.34272060272997	0.0	149.75682063738054	0.0	0.0	0.0	23.300904787284573	0.0	0.0	0.0	0.0	0.0	58.883455083163774	0.0	60.40685690886452	0.0	0.0	0.0
GSM4138114_HNSCC_3_PBMC_TTCTCAAGTCAAGCGA	0.0	109.56688882203176	121.47773575299412	0.0	34.48748364119798	0.0	0.0	0.0	0.0	0.0	0.0	0.0	0.0	0.0	0.0	0.0	0.0	0.0	0.0	24.494318142291373	0.0	0.0
GSM4138114_HNSCC_3_PBMC_TTCTCAAGTTATGTGC	0.0	0.0	0.0	76.22992199627889	120.92685913345682	78.32780947869	0.0	0.0	0.0	0.0	0.0	0.0	0.0	0.0	0.0	0.0	39.93015454370614	25.373391084391677	0.0	0.0	0.0	0.0
GSM4138114_HNSCC_3_PBMC_TTCTTAGAGGCTCTTA	38.5534039201781	85.220792186395	0.0	0.0	0.0	0.0	0.0	0.0	0.0	0.0	0.0	83.09159164388316	0.0	0.0	0.0	70.49403258153187	0.0	0.0	0.0	0.0	0.0	0.0
GSM4138114_HNSCC_3_PBMC_TTTCCTCTCCTTTCTC	77.38941879567463	81.22161964331066	0.0	28.10216157489486	0.0	0.0	0.0	0.0	5.526969365178538	0.0	0.0	42.438515164871646	0.0	0.0	0.0	25.01783893787505	0.0	0.0	0.0	0.0	0.0	0.0
GSM4138114_HNSCC_3_PBMC_TTTGTCACACGAAAGC	128.18750879874307	0.0	25.64606534056232	0.0	0.0	85.98754782780071	0.0	82.16747274568736	0.0	0.0	0.0	0.0	0.0	0.0	0.0	58.81300563841576	0.0	0.0	0.0	0.0	0.0	0.0
GSM4138114_HNSCC_3_PBMC_TGTGTTTTCCCATTAT	248.757308966229	0.0	0.0	325.0137647216453	0.0	0.0	129.6113080602106	0.0	9.454763849507135	0.0	0.0	44.87054507898531	0.0	0.0	0.0	0.0	0.0	0.0	0.0	0.0	0.0	0.0
GSM4138114_HNSCC_3_PBMC_AACCATGAGCTAAACA	0.0	23.979026017289016	0.0	0.0	35.935317148018086	0.0	105.3178275394564	0.0	0.0	0.0	0.0	0.0	0.0	0.0	85.71960808180965	107.87497976818747	0.0	0.0	0.0	0.0	0.0	0.0
GSM4138114_HNSCC_3_PBMC_AACTTTCCAGCCTTTC	0.0	0.0	0.0	76.22690845200734	99.83290368393193	82.22698952049649	0.0	0.0	0.0	62.29507347493341	12.989348620015164	0.0	0.0	34.60480536039222	0.0	0.0	77.3615717625331	0.0	0.0	0.0	0.0	0.0
GSM4138114_HNSCC_3_PBMC_AAGGTTCGTAAATGAC	9.940575436648087	0.0	0.0	123.69342975861893	88.87652372396023	0.0	0.0	0.0	0.0	0.0	45.240750463417186	0.0	0.0	47.48220196344404	0.0	0.0	0.0	0.0	0.0	0.0	0.0	0.0
GSM4138114_HNSCC_3_PBMC_ACAGCCGCATCCCACT	0.0	70.51251190844353	0.0	110.3388001663286	102.31291676085131	0.0	42.01398312941168	0.0	0.0	62.284570350714525	33.14851774152765	0.6546699204034051	0.0	0.0	0.0	0.0	69.20399081493714	0.0	0.0	0.0	0.0	0.0
GSM4138114_HNSCC_3_PBMC_ACATACGGTCACTGGC	101.48403228638729	75.23300156752406	9.64222776937918	78.93438453352425	0.0	79.56420913858037	0.0	55.33553933466746	0.0	0.0	0.0	73.9982956010293	0.0	0.0	0.0	38.44844645102872	0.0	0.0	0.0	0.0	0.0	0.0
GSM4138114_HNSCC_3_PBMC_ACCCACTCATGGTCAT	104.83008966058827	0.0	75.16661432738819	0.0	0.0	18.845609874218063	51.576960205372345	0.0	0.0	4.973594582750257	0.0	76.11674926296985	0.0	0.0	0.0	32.22759532502721	0.0	0.0	0.0	0.0	0.0	0.0
GSM4138114_HNSCC_3_PBMC_ACGATGTGTACCATCA	7.540021679803419	0.0	0.0	0.0	85.14057399936104	83.37160436042045	0.0	0.0	0.0	0.0	0.0	0.0	0.0	36.608301833196094	132.25480316988546	162.71433172882226	0.0	0.0	0.0	0.0	0.0	0.0
GSM4138114_HNSCC_3_PBMC_ACGCCAGCACACTGCG	0.0	0.0557366142893385	178.1322295800525	0.0	78.78360575770813	74.79737951140096	53.95606807086669	0.0	0.0	0.0	111.1215136444375	0.0	0.0	0.0	0.0	0.0	0.0	0.0	0.0	0.0	0.0	0.0
GSM4138114_HNSCC_3_PBMC_ACGGGTCGTTACGACT	40.66013460213348	130.34720403569713	0.0	0.0	0.0	0.0	0.0	0.0	0.0	0.0	0.0	0.0	0.0	0.0	42.38570966622318	85.736162428643	0.0	0.0	0.0	0.0	0.0	0.0
GSM4138114_HNSCC_3_PBMC_ACGGGTCTCTGCCCTA	0.0	76.64001070368522	0.0	0.0	58.64013410003932	0.0	0.0	0.0	0.0	61.46146969391881	44.41623889637348	0.0	0.0	12.620570017739443	10.094716396750309	0.0	0.0	0.0	0.0	0.0	0.0	0.0
GSM4138114_HNSCC_3_PBMC_ACTTACTGTCATGCAT	49.82767317752955	0.0	0.0	85.87402507540176	0.0	52.60251243760146	0.0	0.0	0.0	0.0	57.74361925172228	0.0	32.82991135683535	0.0	0.0	0.0	0.0	22.612523441534318	0.0	0.0	0.0	0.0
GSM4138114_HNSCC_3_PBMC_ACTTGTTAGAGTAAGG	0.0	0.0	103.6034953051459	0.0	89.86088196227865	0.0	128.45625453920357	16.606386254285155	0.0	0.0	0.0	14.247904150937067	0.0	0.0	0.0	0.0	0.0	0.0	0.0	0.0	0.0	0.0
GSM4138114_HNSCC_3_PBMC_AGCGTCGCAACTGCGC	36.49812723964987	0.0	0.0	0.0	67.10239554026687	29.678972767064174	0.0	0.0	0.0	93.41063143765348	95.84565645777869	0.0	0.0	30.494762996409175	0.0	0.0	8.176051308841998	0.0	0.0	0.0	0.0	0.0
GSM4138114_HNSCC_3_PBMC_AGCTTGAAGGAGCGTT	54.893922134303025	0.0	15.221684095929211	65.44261737769448	21.060730330995128	77.71772260933578	0.0	0.0	39.31987729483847	0.0	0.0	0.0	38.57767838143178	4.617608594157228	0.0	0.0	0.0	0.0	0.0	0.0	0.0	0.0
GSM4138114_HNSCC_3_PBMC_AGGGATGCATCCGCGA	74.5512609581792	0.0	0.0	150.16563061293166	0.0	0.0	0.0	0.0	0.0	0.0	58.84203583788109	0.0	0.0	85.93664178848131	0.0	0.0	10.881520457271163	0.0	0.0	0.0	0.0	0.0
GSM4138114_HNSCC_3_PBMC_AGGTCATAGTTGCAGG	63.20785827212403	62.4855820074645	29.574846880658594	65.63982045771037	0.0	75.98053320918596	0.0	0.0	0.0	20.378935898879604	46.57534499952713	0.0	0.0	20.847477818826725	100.08930223278773	0.0	0.0	0.0	0.0	0.0	0.0	0.0
GSM4138114_HNSCC_3_PBMC_AGGTCCGTCAGCTGGC	12.485986537125745	56.262753862767255	87.86908119551867	0.0	53.79065755572109	0.0	0.0	0.0	0.0	0.0	0.0	31.658643809556747	0.0	0.0	0.0	0.0	0.0	0.0	0.0	0.0	0.0	0.0
GSM4138114_HNSCC_3_PBMC_AGTGGGATCGATAGAA	0.0	0.0	0.0	115.94914887496323	63.80319359853068	104.76963285190118	0.0	0.0	0.0	0.0	0.0	0.0	0.0	0.0	0.0	0.0	86.55599743844384	31.99241423988078	31.76432548951094	0.0	0.0	0.0
GSM4138114_HNSCC_3_PBMC_AGTGTCAAGTGTACTC	52.36308050789572	0.0	91.02590063424114	30.811510519320418	1.0952265077714047	0.0	83.46245043795385	0.0	75.33107581723203	0.0	0.0	0.0	0.0	0.0	0.0	0.0	0.0	0.0	0.0	0.0	0.0	0.0
GSM4138114_HNSCC_3_PBMC_ATAGACCAGTGACATA	111.51258136129907	135.14911196745228	0.0	146.10433648251424	24.464746720490293	0.0	0.0	0.0	74.68659197880835	7.367129290146197	0.0	0.0	0.0	0.0	0.0	0.0	0.0	0.0	0.0	0.0	0.0	0.0
GSM4138114_HNSCC_3_PBMC_ATCACGAGTAAGTTCC	0.0	74.16900069791045	0.0	112.68927452246362	46.84858906371813	0.0	0.0	0.0	0.0	0.0	0.0	48.580274468831696	0.0	0.0	0.0	0.0	0.0	0.0	0.0	0.0	0.0	0.0
GSM4138114_HNSCC_3_PBMC_ATGGGAGTCACGCGGT	114.17195713110237	126.11232420687861	156.49906710264463	0.0	0.0	0.0	0.0	35.28542628940379	0.0	24.96857399790108	13.793324260686592	0.0	0.0	0.0	40.55329975756128	0.0	0.0	0.0	0.0	0.0	0.0	0.0
GSM4138114_HNSCC_3_PBMC_ATTGGACTCTCTTATG	0.0	0.0	0.0	0.0	31.137805234884315	49.466678362385224	0.0	0.0	0.0	0.0	0.0	0.0	50.491527280303735	0.0	0.0	0.0	49.550682845646044	0.0	0.0	0.0	0.0	0.0
GSM4138114_HNSCC_3_PBMC_CAACCTCGTACATCCA	62.06653393636111	85.06132792087526	0.0	31.923373145714343	0.0	0.0	0.0	0.0	0.0	90.24845808307872	0.0	0.0	0.0	0.0	0.0	0.0	114.41308271221358	0.0	0.0	0.0	0.0	0.0
GSM4138114_HNSCC_3_PBMC_CAACTAGCACAACGCC	91.06252540111291	91.92415652098326	105.14313480759473	0.0	0.0	0.0	0.0	0.0	0.0	0.0	0.0	38.656008681168686	0.0	0.0	0.0	0.0	0.0	0.0	0.0	0.0	0.0	0.0
GSM4138114_HNSCC_3_PBMC_CAAGAAATCTATGTGG	64.90491127467486	0.0	0.0	0.0	0.0	97.13378136446543	0.0	0.0	0.0	0.0	27.229431300415733	0.0	0.0	0.0	36.47244382026133	97.02009536063491	0.0	0.0	0.0	0.0	0.0	0.0
GSM4138114_HNSCC_3_PBMC_CAAGATCCACCAGATT	65.463424318913	39.830388392583636	97.53776145843486	0.0	0.0	10.982011856910313	57.87322784876786	0.0	0.0	0.39195103680730714	0.0	0.0	0.0	0.0	89.55874817564043	0.0	0.0	0.0	0.0	0.0	0.0	0.0
GSM4138114_HNSCC_3_PBMC_CAGTAACAGCAACGGT	80.63123541546413	70.53952577136398	35.32759507181882	20.256635505388672	0.0	0.0	0.0	0.0	54.821550726837856	0.0	0.0	0.0	30.44704416697085	0.0	0.0	0.0	0.0	0.0	0.0	0.0	0.0	0.0
GSM4138114_HNSCC_3_PBMC_CATATGGCAAGTAGTA	77.95609703838561	9.620876569536739	0.0	172.245934222279	0.0	0.0	111.72617948932098	0.0	0.0	0.0	94.02596160991924	0.0	0.0	0.0	0.0	0.0	0.0	0.0	0.0	0.0	0.0	0.0
GSM4138114_HNSCC_3_PBMC_CATATGGGTACGAAAT	96.32076185674407	66.34445621494838	0.0	54.14517772117193	0.0	19.23731870053749	0.0	0.0	78.58196614483047	0.0	0.0	0.0	0.0	0.0	0.0	0.0	0.0	0.0	0.0	0.0	5.918376278792122	0.0
GSM4138114_HNSCC_3_PBMC_CATCCACTCGCATGGC	100.25839833334305	126.61345511946385	109.05154686138331	0.0	0.0	0.0	0.0	0.0	0.0	0.0	0.0	0.0	0.0	0.0	94.59363767255225	40.88614767194867	0.0	0.0	0.0	0.0	0.0	0.0
GSM4138114_HNSCC_3_PBMC_CCAGCGATCACAATGC	0.0	0.0	132.47286439152884	0.0	72.70990038023078	99.98254203670585	0.0	0.0	93.24448420644875	0.0	0.0	4.589373155671637	0.0	5.743252655767248	0.0	0.0	0.0	0.0	0.0	0.0	0.0	0.0
GSM4138114_HNSCC_3_PBMC_CCCATACGTTTGGGCC	0.0	26.829811863371535	60.476595453541876	28.653331581596756	146.28776169870324	72.02454900986965	0.0	54.215074833482014	0.0	60.93459493710499	32.869934570522865	0.0	0.0	3.05564119694058	0.0	0.0	0.0	0.0	0.0	0.0	0.0	0.0
GSM4138114_HNSCC_3_PBMC_CCGGGATTCAGCTCGG	0.0	0.0	68.47042505272572	0.0	71.24771135111784	114.42444732320811	0.0	0.0	0.0	0.0	62.4078120654519	0.0	0.0	5.790829753792275	0.0	0.0	0.0	0.0	0.0	0.0	0.0	0.0
GSM4138114_HNSCC_3_PBMC_CCGGTAGAGGACAGAA	100.13401787201313	78.9278512895947	258.6530109505415	0.0	34.34931770208225	140.8868149407613	0.0	51.91908609949931	0.0	0.0	124.97854882814771	0.0	0.0	0.0	0.0	0.0	0.0	0.0	0.0	0.0	0.0	0.0
GSM4138114_HNSCC_3_PBMC_CCGGTAGCAGCATGAG	0.0	114.72600068035287	0.0	67.44394837847379	41.60376539979381	0.0	0.0	0.0	0.0	0.0	0.0	0.0	0.0	0.0	75.64926027058988	40.35154428309188	0.0	0.0	0.0	0.0	0.0	0.0
GSM4138114_HNSCC_3_PBMC_CCGTACTCATCGATGT	46.41409393990229	0.0	130.18861157871254	0.0	0.0	75.44155382385185	0.0	0.0	0.0	0.0	55.99779135339612	0.0	0.0	0.0	0.0	0.0	0.0	0.0	0.0	0.0	0.0	0.0
GSM4138114_HNSCC_3_PBMC_CCTATTAGTCCAAGTT	69.62542186236689	40.28601789543942	57.26916371894682	0.0	0.0	0.0	0.0	0.0	0.0	0.0	0.0	57.81116470848246	0.0	0.0	0.0	17.216939267522655	0.0	0.0	0.0	0.0	0.0	0.0
GSM4138114_HNSCC_3_PBMC_CCTTCGAGTGGCTCCA	64.45011814736397	156.5633983449841	0.0	68.34776021684927	0.0	0.0	0.0	25.21794513827395	37.25507741128278	0.0	0.0	0.0	0.0	0.0	0.0	0.0	0.0	0.0	0.0	0.0	0.0	0.0
GSM4138114_HNSCC_3_PBMC_CCTTTCTCAAAGGCGT	0.0	108.92234226451953	127.05777043152081	0.0	125.93608094905755	0.0	0.0	0.0	32.142697943071894	0.0	0.0	0.0	0.0	0.0	0.0	0.0	2.5588534584776528	0.0	0.0	21.786323656997762	0.0	0.0
GSM4138114_HNSCC_3_PBMC_CGAGAAGAGTGCGTGA	17.25692859320835	0.0	0.0	93.19888647999302	27.44899754535541	23.24783638194588	59.134100005574844	0.0	69.08467704880132	0.0	0.0	0.0	0.0	0.0	0.0	0.0	0.0	0.0	0.0	0.0	0.0	0.0
GSM4138114_HNSCC_3_PBMC_CGATGTAAGGACTGGT	63.397686465035385	55.57689293737534	0.0	83.07388987248166	0.5084936944212716	113.96023407369586	5.264490593769363	0.0	0.0	0.0	105.35063751737103	0.0	0.0	0.0	0.0	0.0	0.0	0.0	0.0	0.0	0.0	0.0
GSM4138114_HNSCC_3_PBMC_CGGACACGTGACCAAG	61.689560642539206	0.0	0.0	0.0	10.867817536990538	3.3298565144235566	0.0	54.6302576803474	0.0	0.0	0.0	33.98999941762058	0.0	106.07335282676931	0.0	137.34563877877093	0.0	0.0	0.0	0.0	0.0	0.0
GSM4138114_HNSCC_3_PBMC_CGGACTGGTTCTGTTT	0.0	136.41298935441222	45.14574051277069	27.39671794017789	33.18286870538747	0.0	0.0	3.541158617229909	65.13897507063264	0.0	0.0	1.1265461340094929	0.0	0.0	0.0	27.498691530790836	0.0	0.0	0.0	0.0	0.0	0.0
GSM4138114_HNSCC_3_PBMC_CGGGTCACATCTATGG	0.0	56.454235177716654	69.28030766833473	0.0	39.07372407123268	0.0	0.0	69.77408606239341	0.0	0.0	0.0	2.3351883933283277	0.0	0.0	0.0	0.0	0.0	0.0	0.0	0.0	0.0	0.0
GSM4138114_HNSCC_3_PBMC_CGTGTCTTCATGCTCC	0.0	0.0	0.0	124.3442922570317	58.82454067795465	117.30881130125763	0.0	0.0	0.0	0.0	3.715834564730864	0.0	0.0	0.0	0.0	0.0	97.01225997349637	23.80592260157737	0.0	0.0	0.0	0.0
GSM4138114_HNSCC_3_PBMC_CTAACTTGTGGCAAAC	28.887893690145642	0.0	13.134791308292943	0.0	24.32695553043871	38.353784401847015	0.0	0.0	0.0	186.69117619265546	0.0	0.0	0.0	62.863769740463034	88.59288709119956	0.0	0.0	0.0	0.0	0.0	0.0	0.0
GSM4138114_HNSCC_3_PBMC_CTAACTTTCAGCTGGC	0.0	0.0	0.0	0.0	221.91239806026644	0.0	0.0	0.0	0.0	12.265779050408439	0.0	95.16541900038403	0.0	107.20665483587335	0.0	89.6590921172073	0.0	0.0	0.0	0.0	0.0	0.0
GSM4138114_HNSCC_3_PBMC_CTCGAAACAAGGACAC	87.65787619871661	0.0	0.0	150.78349477685168	4.3954261723622485	128.99639105245097	0.0	0.0	0.0	1.1856213489657625	0.0	0.0	0.0	0.0	92.54038547854232	0.0	18.3761897963818	0.0	6.295489221327762	20.025484080438652	0.0	0.0
GSM4138114_HNSCC_3_PBMC_CTCTACGAGTGCGTGA	57.03139920518867	2.2395954980130623	65.92821829916994	0.0	0.009014737697942189	0.0	72.91549240254432	0.0	0.0	0.0	0.0	0.0	0.0	0.0	62.86384449215863	0.0	0.0	0.0	0.0	0.0	0.0	0.0
GSM4138114_HNSCC_3_PBMC_CTGAAGTAGAAACCGC	0.0	0.0	0.0	0.0	60.36994457877252	0.0	65.10336296034068	0.0	0.0	0.0	0.0	0.0	0.0	0.0	0.0	0.0	0.0	0.0	88.10512958367865	112.37098035332646	0.0	0.0
GSM4138114_HNSCC_3_PBMC_CTGAAGTCACTAAGTC	24.356912829050827	85.034824300345	114.02961653407378	0.0	24.154971349647077	36.5326713636884	0.0	19.237464128014814	0.0	14.645605717249282	0.0	0.0	0.0	0.0	45.29876892218667	0.0	0.0	0.0	0.0	0.0	0.0	0.0
GSM4138114_HNSCC_3_PBMC_CTGTTTACACAACGTT	77.50194176390502	78.53636421722973	45.71492642379992	0.0	0.0	0.0	25.757085930395505	28.05095965666839	0.0	0.0	27.24945093438256	0.0	0.0	0.0	0.0	0.0	0.0	0.0	0.0	0.0	0.0	0.0
GSM4138114_HNSCC_3_PBMC_GAACGGATCAGGTTCA	30.94246197474322	25.979159706008073	0.0	138.76168419597255	16.733217831731068	42.205443364781665	0.0	0.0	0.0	0.0	0.0	0.0	0.0	0.0	0.0	0.0	64.64973575755307	0.0	0.0	0.0	0.0	0.0
GSM4138114_HNSCC_3_PBMC_GACCTGGCAAGACACG	54.714669485661105	117.618416375041	173.5994595112223	17.687033856821863	43.32139062103372	0.0	0.0	83.09452322609624	0.0	0.0	0.0	0.0	0.0	0.0	0.0	0.0	0.0	0.0	0.0	0.0	0.0	0.0
GSM4138114_HNSCC_3_PBMC_GACGCGTAGTTAGGTA	37.147619282611316	0.0	102.91120336402328	0.0	0.0	99.9405326415229	0.0	0.0	21.552369351837378	68.90086213269048	1.2027339625818465	27.80411082565692	0.0	0.0	0.0	0.0	28.659840670635887	0.0	0.0	0.0	0.0	0.0
GSM4138114_HNSCC_3_PBMC_GACTACAAGCGTTCCG	0.0	0.0	0.0	54.698442975731766	142.62741668803662	141.54746947709128	0.0	0.0	0.0	122.5946427580901	48.20991609553602	0.0	0.0	0.0	0.0	0.0	0.0	120.7077964572034	0.0	0.0	0.0	0.0
GSM4138114_HNSCC_3_PBMC_GCACATAGTTGTCGCG	29.09784824034492	0.0	0.0	0.0	37.83524599055753	106.56859960887923	0.0	38.31074097343401	0.0	0.0	0.0	65.11450711015775	151.36228687908167	27.82652662445968	0.0	0.0	0.0	0.0	0.0	0.0	0.0	0.0
GSM4138114_HNSCC_3_PBMC_GCATACAGTCAGATAA	0.0	0.0	107.98314343252065	58.85100405518657	39.66183168050623	0.0	50.16631053766358	0.0	88.20849417181893	0.0	0.0	0.0	0.0	0.0	0.0	0.0	0.0	0.0	0.0	0.0	0.0	0.0
GSM4138114_HNSCC_3_PBMC_GCATGTAGTATGAAAC	68.22282454083059	0.0	0.0	29.07720505990901	0.0	0.0	57.9288181019293	0.0	0.0	60.26966857066855	59.14827865361256	0.0	0.0	0.0	0.0	0.0	0.0	0.0	0.0	0.0	0.0	0.0
GSM4138114_HNSCC_3_PBMC_GCCAAATGTCCTAGCG	98.93425606231789	64.1527115948093	0.0	78.49754140806394	0.0	0.0	0.0	98.12694183816537	0.0	0.0	0.0	0.0	0.0	0.0	0.0	0.0	0.0	0.0	0.0	0.0	0.0	0.0
GSM4138114_HNSCC_3_PBMC_GCGCAGTAGTTGTAGA	59.12568022229844	91.86952195425145	87.90822184464996	0.0	13.020597530229013	0.0	0.0	85.39943623193467	0.0	0.0	0.0	33.39616256734363	0.0	0.0	0.0	0.0	0.0	0.0	0.0	0.0	0.0	0.0
GSM4138114_HNSCC_3_PBMC_GGAAAGCCATGGTTGT	48.30719826448083	40.68366077501827	0.0	100.42912402035009	0.0	82.86716315829516	0.0	74.2817473493667	0.0	0.0	0.0	0.0	0.0	0.0	0.0	0.0	0.0	0.0	0.0	0.0	0.0	0.0
GSM4138114_HNSCC_3_PBMC_GGAAAGCTCACAACGT	61.099652213159615	155.8586199656133	58.12523585627648	0.0	0.0	0.0	0.0	0.0	0.0	131.78002235646247	29.090742129751856	0.0	0.0	0.0	19.781728940989105	0.0	0.0	0.0	0.0	0.0	0.0	0.0
GSM4138114_HNSCC_3_PBMC_GGACAAGTCGCCGTGA	101.96571654072449	0.0	225.037896848175	0.0	12.085440809484146	0.0	0.0	50.11691141750729	0.0	0.0	8.9335572307165	0.0	0.0	186.01489574323068	0.0	0.0	26.249042898483204	56.32567417747144	0.0	0.0	0.0	0.0
GSM4138114_HNSCC_3_PBMC_GGACGTCTCGACGGAA	58.14710886862731	72.25809009130448	101.86916096830083	0.0	23.52182508114864	0.0	0.0	1.9207032839776266	0.0	0.0	0.0	26.558808359373778	0.0	0.0	22.52436616014275	16.398541605172966	0.0	0.0	0.0	0.0	0.0	0.0
GSM4138114_HNSCC_3_PBMC_GGATTACTCCACGCAG	0.0	135.3266570357967	0.0	62.27873517233396	54.25969385001274	0.0	0.0	0.0	120.63407839653355	0.0	0.0	0.0	58.48969940769358	0.0	0.0	0.0	0.0	0.0	0.0	0.0	0.0	0.0
GSM4138114_HNSCC_3_PBMC_GGGAATGGTCAAGCGA	23.69704075802924	85.51725897897434	0.0	12.6231602260705	43.62600078552989	0.0	0.0	0.0	0.0	10.492583297916584	0.0	7.332356307745407	0.0	0.0	89.65783102748863	0.0	0.0	0.0	57.501734816057535	0.0	0.0	0.0
GSM4138114_HNSCC_3_PBMC_GTACGTAGTAACGCGA	0.0	8.021336635857871	115.71959417414186	52.77250618965402	94.55016241354895	0.0	86.81113801586714	29.75507841256777	80.09043297170388	2.111008500754553	0.0	0.0	0.0	0.0	0.0	0.0	0.0	0.0	0.0	0.0	0.0	0.0
GSM4138114_HNSCC_3_PBMC_GTATTCTAGGCTAGGT	47.358347823788826	0.0	0.0	59.97073215965853	30.277792237750283	79.04153829595886	0.0	0.0	0.0	0.0	55.93765681635751	0.0	0.0	5.413875684321315	0.0	0.0	0.0	0.0	157.03373145688857	0.0	0.0	0.0
GSM4138114_HNSCC_3_PBMC_GTATTCTGTGCTAGCC	41.19271323689943	73.71375386326999	0.0	65.6125719183812	77.64383100183369	0.0	0.0	0.0	109.60174186912921	0.0	0.0	0.0	0.0	0.0	0.0	0.0	0.0	0.0	0.0	0.0	0.0	0.0
GSM4138114_HNSCC_3_PBMC_GTGCAGCTCTAAGCCA	0.0	27.53445602609253	0.0	73.79674341620468	39.918110696429	45.99318421370733	0.0	35.98297364150188	0.0	0.0	21.57802886933019	0.0	0.0	0.0	0.0	11.592657250966337	0.0	0.0	0.0	0.0	0.0	0.0
GSM4138114_HNSCC_3_PBMC_GTGCGGTGTGTGTGCC	3.0537300570826584	77.23549717025746	0.0	0.0	108.41166298675948	0.0	0.0	0.0	0.0	0.0	0.0	64.43660815237345	0.0	0.0	0.0	110.98953776329539	0.0	0.0	0.0	0.0	0.0	0.0
GSM4138114_HNSCC_3_PBMC_GTGCTTCTCCTAGGGC	50.887718147154814	75.79870090568254	0.0	104.63081939787281	0.0	0.0	0.0	0.0	94.31845155770188	0.0	0.0	0.0	0.0	0.0	0.0	0.0	0.0	0.0	0.0	0.0	0.0	0.0
GSM4138114_HNSCC_3_PBMC_GTTAAGCGTCTCCATC	0.0	88.87351023132926	27.49250062462688	0.0	51.30024499113351	31.632004830859458	0.0	0.0	0.0	102.75241098723377	62.99998609309963	0.0	0.0	0.0	0.0	0.0	0.0	0.0	0.0	0.0	0.0	0.0
GSM4138114_HNSCC_3_PBMC_GTTAAGCTCTGCCCTA	53.94011723136609	0.0	11.373460823047344	0.0	0.0	0.0	0.0	0.0	24.52593970680442	0.0	0.0	0.0	150.8778415270553	95.05256368146613	0.0	0.0	72.45160602457433	0.0	0.0	0.0	0.0	0.0
GSM4138114_HNSCC_3_PBMC_GTTCGGGGTTAGTGGG	104.75541690505433	0.0	116.611352716881	0.0	0.0	161.12406444483221	0.0	41.483352313711435	0.0	6.4878105498702485	51.51889911688634	0.0	0.0	0.0	0.0	0.0	0.0	0.0	0.0	0.0	0.0	0.0
GSM4138114_HNSCC_3_PBMC_GTTCTCGGTGGCGAAT	30.973613169389083	76.228294407498	55.61349286430893	0.0	0.6092763760125017	0.0	0.0	0.0	48.338929532110654	47.173049753275905	0.0	0.0	0.0	0.0	0.0	0.0	5.314438184297443	0.0	0.0	0.0	0.0	0.0
GSM4138114_HNSCC_3_PBMC_TACACGAAGTACCGGA	26.71789888544591	0.0	97.17953200992451	0.0	14.988209424428188	68.88574944133941	20.401967977857296	61.845904564545144	0.0	0.0	3.5740930901756487	0.0	0.0	0.0	0.0	0.0	0.0	0.0	0.0	0.0	0.0	0.0
GSM4138114_HNSCC_3_PBMC_TATCTCAAGGCGTACA	67.7227295890365	81.03456584091293	193.95857226595405	0.0	9.017794340044487	0.0	0.0	0.0	0.0	0.0	0.0	67.88304664386537	0.0	0.0	0.0	0.0	0.0	0.0	0.0	0.0	0.0	0.0
GSM4138114_HNSCC_3_PBMC_TATCTCAGTACTCAAC	99.73245861394994	87.74717700695737	34.51474606881463	0.0	0.0	0.0	0.0	93.64259069873933	0.0	0.0	0.0	0.0	0.0	0.0	0.0	34.71542126048503	0.0	0.0	0.0	0.0	0.0	0.0
GSM4138114_HNSCC_3_PBMC_TATGCCCCATGCCTTC	0.0	0.0	129.04716040214996	0.0	87.24802747003875	133.58367242111657	0.0	0.0	0.0	0.0	0.0	104.49978197537068	0.0	0.0	0.0	0.0	0.0	0.0	0.0	0.0	0.0	0.0
GSM4138114_HNSCC_3_PBMC_TCACAAGCAAGCGATG	50.12275742051513	103.73937569260156	61.32360852308818	0.0	0.17775582488603467	0.0	0.0	53.53836816674799	0.0	0.0	0.0	0.0	0.0	0.0	0.0	0.0	0.0	0.0	0.0	0.0	0.0	0.0
GSM4138114_HNSCC_3_PBMC_TCAGCTCCACATTTCT	0.0	90.96917318025024	17.8731431560734	99.7550020014643	93.71131546025921	0.0	0.0	0.0	81.45030065428975	0.0	0.0	0.0	0.0	0.0	3.0687365060766845	0.0	0.0	0.0	0.0	0.0	0.0	0.0
GSM4138114_HNSCC_3_PBMC_TCAGGATCACCGAAAG	50.02010819688402	59.73698198736061	0.0	0.0	0.0	0.0	0.0	0.0	0.0	78.27020045234086	30.025861468371907	0.0	0.0	80.22986645269418	11.533090127235448	22.620208891205102	0.0	0.0	0.0	0.0	0.0	0.0
GSM4138114_HNSCC_3_PBMC_TCATTTGGTTGGACCC	74.1951471983324	0.0	0.0	48.761548816604396	0.0	0.0	68.60981848119228	6.641255754691257	0.0	0.0	0.0	20.712015143587408	26.765087154506006	0.0	1.4596452066794217	0.0	0.0	0.0	0.0	0.0	0.0	0.0
GSM4138114_HNSCC_3_PBMC_TCGCGTTCAGATCGGA	73.31434961033692	34.27158255492554	45.273585145280265	117.37434753386363	0.0	55.50569001458528	24.407961876348256	72.45467032808642	0.0	0.0	0.0	0.0	0.0	0.0	0.0	0.0	0.0	0.0	0.0	0.0	0.0	0.0
GSM4138114_HNSCC_3_PBMC_TCGTACCGTCCTAGCG	133.10983949613194	0.0	0.0	82.49797479594486	0.0	0.0	0.0	26.7343997699501	0.0	65.8127928793369	39.353779422474645	0.0	0.0	137.6267535943595	0.0	0.0	0.0	0.0	0.0	0.0	0.0	0.0
GSM4138114_HNSCC_3_PBMC_TCTCTAAGTGATGTCT	81.76583666487987	0.0	0.0	0.0	0.0	0.0	0.0	34.97675429793189	0.0	0.0	37.62625686488028	0.0	0.0	42.59550044173467	0.0	111.39580294726507	0.0	0.0	0.0	0.0	0.0	0.0
GSM4138114_HNSCC_3_PBMC_TCTCTAATCCTGTACC	0.0	69.93773307941973	32.529298860309545	0.0	40.233437182716834	0.0	0.0	0.0	0.0	96.7817793503755	43.628846306035584	0.0	0.0	0.0	0.0	0.0	9.46231012674131	35.07051033888557	0.0	0.0	0.0	0.0
GSM4138114_HNSCC_3_PBMC_TCTGGAAAGAGTGACC	202.43605222215177	0.0	134.7243118606938	0.0	0.0	27.720845172042356	64.89300838534989	0.0	0.0	0.0	0.0	0.0	0.0	0.0	0.0	0.0	0.0	0.0	0.0	0.0	111.43990442642672	0.0
GSM4138114_HNSCC_3_PBMC_TCTTTCCGTCCGCTGA	0.28931107282949	0.0	0.0	0.0	60.952398321089255	0.0	0.0	0.0	30.743401689410767	0.0	0.0	0.0	124.97152484181038	51.748168574546476	0.0	0.0	0.0	0.0	0.0	32.07288945779056	0.0	0.0
GSM4138114_HNSCC_3_PBMC_TGAAAGACAGACAAAT	85.9020159008121	0.0	0.0	0.0	48.32364545579279	104.60470648848434	0.0	0.0	0.0	0.0	0.0	0.1425807108252688	118.93688725860515	0.0	0.0	0.0	53.193100183247715	0.0	0.0	0.0	0.0	0.0
GSM4138114_HNSCC_3_PBMC_TGACGGCGTAAGGGCT	33.87341631685289	0.0	148.43921381151156	0.0	2.0346460282435554	0.0	103.70598031815442	50.29816928264133	0.0	0.0	0.0	0.0	0.0	0.0	0.0	0.0	0.0	0.0	0.0	0.0	24.84693100379324	0.0
GSM4138114_HNSCC_3_PBMC_TGCTGCTCAACGCACC	81.89821399194041	53.17472870519762	0.0	0.0	5.432444873597465	0.0	14.769584540393206	0.0	0.0	109.96125846915301	51.92651123766493	0.0	0.0	0.0	24.49303922860446	0.0	0.0	0.0	0.0	0.0	0.0	0.0
GSM4138114_HNSCC_3_PBMC_TGTATTCTCCCTAACC	0.0	91.07844612023464	44.69638387029481	19.40637728670286	87.36497705257884	0.0	0.0	0.0	0.0	11.704749521271964	0.0	0.0	0.0	0.0	67.89545644964863	0.0	0.0	0.0	0.0	0.0	0.0	0.0
GSM4138114_HNSCC_3_PBMC_TTAACTCTCCTGCTTG	68.41953329694438	0.0	75.99462382395222	0.0	0.0	101.72651112401392	0.0	0.0	0.0	0.6101007592080648	97.48119545504458	0.0	0.0	0.0	0.0	33.364531105638285	0.0	0.0	0.0	0.0	0.0	0.0
GSM4138114_HNSCC_3_PBMC_TTCTCCTTCTTGTATC	139.7128187797274	68.12375628773188	0.0	211.33450444392693	0.0	19.070642953509896	39.18983486868999	0.0	0.0	0.0	0.0	0.0	0.0	0.0	109.61921750188019	0.0	0.0	0.0	0.0	0.0	0.0	0.0
GSM4138114_HNSCC_3_PBMC_TTGGCAACAGATCCAT	77.0282810964044	0.0	0.0	41.47286266895738	0.0	100.97329118009243	0.0	0.0	0.0	0.0	0.0	0.0	0.0	43.350651435854274	0.0	0.0	0.0	69.7458290441503	0.0	0.0	0.0	0.0
GSM4138114_HNSCC_3_PBMC_AAACCTGCACCAGCAC	148.19904261769088	412.53781384249584	116.44085498176138	9.101132144965499	0.0	0.0	0.0	117.01561092368627	0.0	0.0	0.0	5.228306114621281	0.0	0.0	0.0	0.0	0.0	0.0	0.0	0.0	0.0	0.0
GSM4138114_HNSCC_3_PBMC_AATCCAGCATAAGACA	205.79595705709593	60.37746800367921	0.0	254.9046858086004	0.0	215.24541198269984	0.0	74.99613317996945	0.0	0.0	19.566170080961715	0.0	0.0	0.0	0.0	0.0	0.0	62.98656270889773	0.0	0.0	0.0	0.0
GSM4138114_HNSCC_3_PBMC_ACCGTAAGTCTTCGTC	0.0	661.7916931942012	0.0	0.0	0.0	2235.446280518293	0.0	0.0	0.0	0.0	0.0	0.0	0.0	0.0	0.0	0.0	0.0	0.0	0.0	0.0	0.0	0.0
GSM4138114_HNSCC_3_PBMC_ACGGAGACATGGGACA	41.03512480872847	165.7399421895065	112.86999674926788	0.0	88.81893988670787	0.0	0.0	0.0	0.0	5.038090061905532	0.0	0.0	0.0	0.0	147.76343444483868	0.0	0.0	0.0	24.440639498800145	27.57804116978699	0.0	0.0
GSM4138114_HNSCC_3_PBMC_ACGGGCTTCTTGCAAG	0.0	266.02003225784904	176.90765066549554	0.0	198.90726490746988	0.0	0.0	0.0	0.0	0.0	0.0	124.02168902191009	0.0	0.0	0.0	0.0	0.0	0.0	0.0	0.0	0.0	0.0
GSM4138114_HNSCC_3_PBMC_ACTTACTGTTGGTAAA	3047.0324144525957	0.0	0.0	0.0	0.0	0.0	0.0	0.0	0.0	0.0	0.0	0.0	0.0	0.0	0.0	0.0	0.0	0.0	0.0	0.0	0.0	0.0
GSM4138114_HNSCC_3_PBMC_ACTTTCACATTCTTAC	62.24922395952254	219.5337137734703	176.99566833878134	0.0	213.28672884669112	0.0	0.0	0.0	117.62808718256869	0.0	0.0	0.0	0.0	0.0	2.828860037374817	0.0	0.0	0.0	0.0	0.0	0.0	0.0
GSM4138114_HNSCC_3_PBMC_AGACGTTGTCGGCATC	143.44616143923147	0.0	126.04762496528343	35.72276536933995	0.0	182.59669104559072	24.525244034100734	92.98200987063268	0.0	0.0	0.0	0.0	0.0	17.605771975659245	0.0	0.0	0.0	0.0	0.0	0.0	0.0	0.0
GSM4138114_HNSCC_3_PBMC_AGAGTGGCACCTCGGA	151.05364833412818	343.10958807135523	0.0	214.69739479814248	97.07583403015688	0.0	0.0	0.0	0.0	0.0	219.60605074406533	0.0	1.3644025989035853	0.0	0.0	15.386850700111351	0.0	0.0	0.0	0.0	0.0	0.0
GSM4138114_HNSCC_3_PBMC_AGGGTGAGTGCACTTA	144.80653347839646	159.19785970011498	8.516455931746437	114.09049653541484	0.0	0.0	94.8470605085215	0.0	130.47406029753296	0.0	0.0	0.0	0.0	0.0	0.0	48.72944450009774	0.0	0.0	0.0	0.0	0.0	0.0
GSM4138114_HNSCC_3_PBMC_AGTAGTCCATAGACTC	27.46399133435221	76.75104785168391	6.882613609795406	0.0	69.20570311947725	75.27829575717143	0.0	0.0	0.0	101.39650909366914	0.0	0.0	0.0	0.0	0.0	0.0	0.0	0.0	0.0	91.12644643121811	0.0	0.0
GSM4138114_HNSCC_3_PBMC_ATAAGAGGTATTCGTG	199.8385323358766	0.0	101.08513239996532	0.0	44.47886699667749	271.57707445990894	0.0	0.0	0.0	69.2433599067537	57.927901887376734	0.0	0.0	0.0	104.8081420472929	0.0	0.0	0.0	8.490445369700844	0.0	0.0	0.0
GSM4138114_HNSCC_3_PBMC_ATGCGATTCGTGACAT	234.88786964658834	0.0	0.0	163.40686919080017	0.0	275.41850179732415	0.0	0.0	0.0	138.38544994273707	0.0	0.0	0.0	25.996309503917928	0.0	0.0	292.810776675181	0.0	1.7881355645538843	0.0	0.0	0.0
GSM4138114_HNSCC_3_PBMC_ATTTCTGAGTAGATGT	284.13281606961954	305.0081903618323	117.04319990355359	0.0	0.0	0.0	5.788869691247994	0.0	183.6302467964153	0.0	0.0	0.0	0.0	0.0	0.0	13.596265081744976	0.0	0.0	0.0	27.123990784564334	0.0	0.0
GSM4138114_HNSCC_3_PBMC_ATTTCTGTCGTAGGAG	67.45836265373975	0.0	0.0	89.22471439286173	37.361612751489545	68.39178190271448	0.0	7.242257211209799	0.0	0.0	56.15369745248717	0.0	0.0	11.663918619953328	0.0	0.0	0.0	0.0	0.0	0.0	0.0	0.0
GSM4138114_HNSCC_3_PBMC_CAAGAAACATGGAATA	0.0	357.51772663829735	183.2201077372679	12.340236637203084	214.57456044747437	0.0	0.0	44.96699825885266	0.0	0.0	0.0	141.12283334505355	0.0	0.0	0.0	0.0	0.0	0.0	0.0	0.0	0.0	0.0
GSM4138114_HNSCC_3_PBMC_CACAGTAGTGATAAGT	251.045778705979	225.3325057284666	32.295303953656294	147.97101432943086	0.0	0.0	0.0	16.429723546203164	0.0	0.0	0.0	0.0	0.0	0.0	100.93480078468423	0.0	0.0	0.0	0.0	0.0	0.0	0.0
GSM4138114_HNSCC_3_PBMC_CAGTAACAGTACGCGA	180.66228847005976	270.1245443139072	0.0	265.6240656701577	70.3239517109302	0.0	0.0	0.0	0.0	0.0	0.0	0.0	0.0	0.0	173.26416175191406	0.0	0.0	0.0	25.003485779164915	0.0	0.0	0.0
GSM4138114_HNSCC_3_PBMC_CATCGAAGTAGCGCTC	139.92165004018239	0.0	0.0	148.71505350866036	96.25903944559607	224.89399100510576	0.0	144.4505045037512	0.0	0.0	0.0	0.0	0.0	16.264940666456585	0.0	1.1770899484219381	0.0	0.0	0.0	0.0	0.0	0.0
GSM4138114_HNSCC_3_PBMC_CATGGCGCACTACAGT	105.85402648358915	3.415316118620235	0.0	131.6608515957076	51.33585167749142	225.38308397150126	0.0	0.0	0.0	0.0	0.0	0.0	0.0	0.0	0.0	0.0	123.16890667332915	0.0	150.45473807858605	0.0	0.0	0.0
GSM4138114_HNSCC_3_PBMC_CCTATTAGTAGCCTCG	123.25538940302485	83.00221593575607	209.88175323815156	0.0	69.78232056540666	144.74913175585553	0.0	0.0	0.0	0.0	0.0	0.0	0.0	0.0	191.2031321084573	0.0	0.0	0.0	0.0	0.0	0.0	0.0
GSM4138114_HNSCC_3_PBMC_CCTTCCCTCAGCATGT	0.0	0.0	191.08565671646193	0.0	171.09731473188714	62.545780270664636	0.0	59.026604759319255	0.0	0.0	0.0	88.90036423884634	0.0	218.33513446927972	0.0	0.0	0.0	0.0	0.0	0.0	0.0	0.0
GSM4138114_HNSCC_3_PBMC_CGGACGTCATCGGACC	120.30325952297906	249.39231564239992	67.73577609011289	0.0	47.70888784892122	0.0	0.0	0.0	0.0	0.0	0.0	169.55934991053786	0.0	0.0	0.0	89.28017390775929	0.0	0.0	0.0	0.0	0.0	0.0
GSM4138114_HNSCC_3_PBMC_CGGACTGTCACGACTA	0.0	0.0	164.0898032266729	0.0	209.2377382069173	0.0	205.14721536498368	0.0	27.57878613807223	0.0	0.0	89.03676958657583	0.0	0.0	0.0	0.0	0.0	0.0	0.0	0.0	0.0	0.0
GSM4138114_HNSCC_3_PBMC_CGTAGGCAGTAAGTAC	113.92461796110187	208.26885124329235	185.90519992637596	0.0	27.66708372349296	0.0	0.0	0.0	0.0	0.0	0.0	119.61598358032764	0.0	0.0	0.0	0.0	0.0	0.0	0.0	0.0	0.0	0.0
GSM4138114_HNSCC_3_PBMC_CGTGAGCAGAAGGGTA	150.08163242265778	0.0	0.0	285.32607327123935	38.23938140543482	269.21963889046367	0.0	0.0	145.58628798626506	0.0	0.0	0.0	0.0	0.0	0.0	0.0	0.0	0.0	0.0	0.0	0.0	0.0
GSM4138114_HNSCC_3_PBMC_CGTTGGGGTGATAAGT	0.0	224.09636461974813	0.0	111.90168057063111	175.10057940257167	0.0	34.99564179394309	0.0	128.04231377587286	0.0	0.0	0.0	0.0	0.0	0.0	0.0	0.0	0.0	0.0	0.0	0.0	0.0
GSM4138114_HNSCC_3_PBMC_CTAACTTCATACAGCT	476.5009899327797	359.2095995729906	160.91056789711368	320.4063069372886	0.0	0.0	0.0	0.0	0.0	0.0	0.0	0.0	0.0	0.0	113.3881102295404	0.0	56.40583180998725	70.09553598043087	0.0	66.75892269238835	0.0	0.0
GSM4138114_HNSCC_3_PBMC_CTACATTCAGTCAGCC	209.17669234774854	209.1218921710931	0.0	16.646246589885905	3.971063333110784	0.0	0.0	0.0	0.0	99.47325258209771	0.0	0.0	0.0	0.0	65.85704677257795	0.0	0.0	0.0	38.87476230051164	0.0	0.0	0.0
GSM4138114_HNSCC_3_PBMC_CTAGTGATCTTTCCTC	223.55835608757502	94.30458283358087	172.04781070624847	0.0	0.0	94.48619852010427	0.0	159.30388195676719	0.0	0.0	17.171761954307158	0.0	0.0	126.86644571242707	0.0	0.0	0.1265191592153851	5.508407887490641	0.0	0.0	0.0	0.0
GSM4138114_HNSCC_3_PBMC_CTCGGGAAGAAGCCCA	122.72875379638462	274.65846641183293	160.8326994051219	0.0	83.22171615043202	0.0	0.0	0.0	2.350744353304637	0.0	0.0	0.0	0.0	0.0	210.30679401986922	0.0	0.0	0.0	0.0	0.0	0.0	0.0
GSM4138114_HNSCC_3_PBMC_CTCTACGAGTGAACGC	87.66585693003925	28.263120045430238	0.0	175.25055067549542	56.85516840956951	198.5194024383856	0.0	0.0	114.55386022319068	0.0	0.0	46.64246389670524	0.0	0.0	0.0	0.0	0.0	0.0	0.0	0.0	0.0	0.0
GSM4138114_HNSCC_3_PBMC_CTGTGCTCATGCTAGT	85.64698622715022	0.0	122.25580965083783	0.0	21.139010904658974	131.77387739032883	0.0	11.112568771522698	0.0	0.0	0.0	81.25067730989169	43.537158958541745	8.90978824936979	0.0	0.0	0.0	0.0	0.0	0.0	0.0	0.0
GSM4138114_HNSCC_3_PBMC_CTGTTTAAGAAACGAG	89.93378229966521	42.754626175238855	97.97405862856701	0.0	0.0	0.0	71.00321437792854	79.19930999995577	0.0	0.0	0.0	9.906962949218526	0.0	0.0	0.0	0.0	0.0	0.0	0.0	0.0	0.0	0.0
GSM4138114_HNSCC_3_PBMC_GACCTGGAGGATGGAA	101.94501920508206	0.0	145.62259329239538	0.0	8.336355418201322	0.0	341.0501043225351	110.2061781735664	0.0	0.0	0.0	25.56723127922865	0.0	0.0	0.0	0.0	0.0	0.0	0.0	0.0	0.0	0.0
GSM4138114_HNSCC_3_PBMC_GATGAGGAGACGCACA	0.0	0.0	0.0	75.32891575503795	207.62801855192794	151.2567452670967	44.886181040526445	20.300282552931737	80.0349888890932	0.0	0.0	34.30335009945661	143.26339164391396	0.0	0.0	0.0	0.0	0.0	0.0	0.0	0.0	0.0
GSM4138114_HNSCC_3_PBMC_GATGCTATCTATCCCG	0.0	281.4235570662846	220.01151367121034	25.291261607638763	176.31585882658888	0.0	0.0	0.0	165.52600801309052	0.0	0.0	0.0	20.113151372748263	0.0	0.0	0.0	0.0	0.0	0.0	0.0	0.0	0.0
GSM4138114_HNSCC_3_PBMC_GATTCAGCATAACCTG	10.22456749352121	0.0	177.80660954120512	0.0	171.70500045520825	0.0	0.0	0.0	0.0	0.0	0.0	21.30707673784982	0.09087475077424773	184.54269033421065	0.0	0.0	96.20052859945336	0.0	0.0	0.0	0.0	0.0
GSM4138114_HNSCC_3_PBMC_GCCTCTATCTGACCTC	199.58850959826586	277.176092076336	0.0	145.76372550850564	0.0	0.0	0.0	0.0	0.0	0.0	0.0	0.0	0.0	0.0	102.51541651147191	0.0	0.0	0.0	0.0	0.0	0.0	0.0
GSM4138114_HNSCC_3_PBMC_GCGCGATAGCGTAGTG	0.0	0.0	168.29152766644373	62.30857132536689	215.48301660989856	152.93142290589358	97.91619020836049	0.0	0.0	0.0	0.0	166.3366175286721	0.0	0.0	0.0	0.0	0.0	0.0	0.0	0.0	0.0	0.0
GSM4138114_HNSCC_3_PBMC_GCTTCCATCAGAGACG	174.77265553553255	287.99975034716425	159.62213305316428	0.0	0.0	0.0	0.0	161.0372473479143	0.0	0.0	0.0	7.128552116903927	0.0	0.0	0.0	0.0	0.0	0.0	0.0	0.0	0.0	0.0
GSM4138114_HNSCC_3_PBMC_GCTTGAAAGATCACGG	133.30142580968246	295.99675762414495	185.8968273487695	0.0	0.0	0.0	0.0	100.70602239793084	0.0	0.0	0.0	0.0	0.0	0.0	0.0	0.0	0.0	0.0	0.0	0.0	0.0	0.0
GSM4138114_HNSCC_3_PBMC_GGAAAGCCACAGTCGC	160.4856802911872	344.0123720209987	0.0	151.6373099232918	45.101958836696326	0.0	0.0	0.0	33.964189936636686	0.0	0.0	0.0	0.0	0.0	0.0	0.0	0.0	106.09392541134135	0.0	25.629390390481205	0.0	0.0
GSM4138114_HNSCC_3_PBMC_GGTGTTAGTTATGTGC	0.0	209.38376704496827	0.0	114.51982067507076	125.44824545146938	0.0	0.0	0.0	0.0	0.0	0.0	0.0	22.615467406665555	0.0	0.0	0.0	11.005811580828015	0.0	0.0	93.77924183256071	0.0	0.0
GSM4138114_HNSCC_3_PBMC_GTATCTTCATTACCTT	163.98198797744124	326.12186019805415	195.2053524906651	0.0	40.721129411467324	0.0	0.0	0.0	0.0	0.0	0.0	144.7038646429913	0.0	0.0	0.0	0.0	0.0	0.0	0.0	0.0	0.0	0.0
GSM4138114_HNSCC_3_PBMC_GTCACAAAGCTGCCCA	174.45730227537726	271.1200482916057	0.0	0.0	30.511463521440454	0.0	0.0	0.0	68.38725328239804	0.0	0.0	67.94516332969307	224.8229401608711	0.0	0.0	0.0	0.0	0.0	0.0	0.0	0.0	0.0
GSM4138114_HNSCC_3_PBMC_GTCATTTTCCTCTAGC	148.9718582360194	0.0	197.14580919611214	0.0	15.354499550933507	271.8386764196403	0.0	91.57002659581221	0.0	0.0	39.716401104262495	0.0	0.0	0.0	0.0	0.0	0.0	0.0	0.0	0.0	0.0	0.0
GSM4138114_HNSCC_3_PBMC_GTGTTAGGTGTATGGG	0.0	0.0	58.81115241590948	24.296815794649984	205.72815766400117	0.0	193.9070331499733	0.0	0.0	16.430812979689343	0.0	0.0	0.0	0.0	129.18174642497206	0.0	0.0	0.0	0.0	0.0	0.0	0.0
GSM4138114_HNSCC_3_PBMC_GTTCATTCATCACGAT	182.3193450768532	0.0	0.0	129.49773435989277	0.0	244.30522593231967	0.0	176.7644612453686	0.0	0.0	0.0	0.0	10.108787883844027	0.0	0.0	31.3168625431683	0.0	0.0	0.0	0.0	0.0	0.0
GSM4138114_HNSCC_3_PBMC_GTTTCTAGTGGTTTCA	143.94102647676064	287.4610176828889	0.0	66.53011542296652	0.0	0.0	0.0	0.0	102.53663580322709	0.0	0.0	0.0	103.12833018435782	0.0	0.0	0.0	0.0	0.0	0.0	0.0	0.0	0.0
GSM4138114_HNSCC_3_PBMC_TACTTACAGGGTCGAT	122.79965475895946	0.0	140.53222130142927	0.0	53.800769222678454	206.5682524705351	0.0	14.601761333383655	0.0	0.0	91.56869852555853	0.0	0.0	0.0	0.0	0.0	0.0	0.0	0.0	0.0	0.0	0.0
GSM4138114_HNSCC_3_PBMC_TCGAGGCGTACGCTGC	108.43443489329898	0.0	0.0	55.09758691417927	142.59906237170097	8.65944064490675	0.0	0.0	0.0	0.0	13.43549485002628	0.0	187.83725592411474	241.8888710487567	0.0	0.0	162.66243777977851	0.0	0.0	0.0	0.0	0.0
GSM4138114_HNSCC_3_PBMC_TCGTAGAAGAAACCTA	161.25639622735306	0.0	0.0	179.40046221149748	26.294117344455085	229.41288186424654	0.0	0.0	117.91221860167	0.0	0.0	31.270291374723243	0.0	9.712724883641245	36.97660749308058	0.0	0.0	0.0	0.0	0.0	0.0	0.0
GSM4138114_HNSCC_3_PBMC_TGCCCTAAGTGTTAGA	106.0949826880573	294.47948271076757	0.0	155.7670447788154	84.22947141667282	0.0	0.0	0.0	12.843623198900195	0.0	0.0	0.0	0.0	0.0	97.12296097194496	21.731523911042295	0.0	0.0	0.0	0.0	0.0	0.0
GSM4138114_HNSCC_3_PBMC_TGGCTGGAGGGATGGG	158.44518202483007	0.0	195.06759876302075	0.0	0.0	336.80914363824826	0.0	0.0	0.0	3.6198873077564198	110.9323381652574	0.0	0.0	0.0	24.979977679596935	0.0	0.0	0.0	0.0	0.0	0.0	0.0
GSM4138114_HNSCC_3_PBMC_TTAGGACAGTCCTCCT	208.92696508950579	202.69684106747792	209.3343372590975	0.0	0.0	120.82537311552616	0.0	0.0	0.0	0.0	0.0	0.0	0.0	0.0	160.74768141387324	0.0	0.0	0.0	0.0	0.0	0.0	0.0
GSM4138114_HNSCC_3_PBMC_TTATGCTCAGTATAAG	81.71531900815562	0.0	0.0	64.41075185511826	0.0	3.457872777983666	0.0	58.17639141998549	0.0	0.0	0.0	0.0	0.0	79.24981018965053	0.0	0.0	0.0	0.0	0.0	0.0	0.0	0.0
GSM4138114_HNSCC_3_PBMC_TTCCCAGGTCTCCCTA	235.62703090022086	0.0	170.43152004199285	0.0	0.0	0.0	280.3542871697166	21.31841521351621	0.0	0.0	0.0	53.230743872041806	0.0	0.0	39.77473410331813	0.0	0.0	0.0	0.0	0.0	0.0	0.0
GSM4138114_HNSCC_3_PBMC_TTCCCAGTCACTCCTG	229.09207624742552	292.53893782344176	0.0	218.06965939994728	0.0	0.0	0.0	0.0	0.0	0.0	0.19482336541542578	0.0	0.0	0.0	135.08997199050566	0.0	0.0	0.0	0.0	0.0	0.0	0.0
GSM4138114_HNSCC_3_PBMC_TTCTACATCCGCATCT	127.29199550126236	195.6708749814384	0.0	0.0	0.0	0.0	0.0	27.67459294537436	49.874412699126886	0.0	0.0	0.0	0.0	0.0	0.0	90.0726890883456	0.26799756671677294	100.1956290762966	0.0	0.0	0.0	0.0
GSM4138114_HNSCC_3_PBMC_AAAGATGTCTCCCTGA	69.90047963788905	117.43843866484326	0.0	0.0	48.74767945368853	0.0	0.0	6.554780188071008	0.0	0.0	50.49391578814044	0.0	192.7548988255116	0.0	0.0	0.0	0.0	30.22372031576788	0.0	0.0	0.0	0.0
GSM4138114_HNSCC_3_PBMC_AACTCCCGTCTGATCA	25.115598795684356	94.74582533364651	131.71716491537174	0.0	27.395867965620514	0.0	0.0	57.07942476177855	0.0	0.0	0.0	0.0	0.0	0.0	0.0	0.0	0.0	0.0	0.0	0.0	0.0	0.0
GSM4138114_HNSCC_3_PBMC_ACGCAGCCATCCAACA	47.84896508386483	161.92499017757672	0.0	0.0	52.60316816267148	0.0	0.0	0.0	0.0	0.0	57.00311812318023	0.0	0.0	0.0	0.0	158.5130853573019	0.0	0.0	0.0	0.0	0.0	0.0
GSM4138114_HNSCC_3_PBMC_ACTATCTAGCCTCGTG	12.71165734608579	22.285049581401207	99.0621768563314	0.0	68.7538797786407	76.73289389193822	0.0	0.0	0.0	0.0	29.571485885003824	0.0	0.0	0.0	0.0	0.0	43.42176586120416	0.0	0.0	0.0	0.0	0.0
GSM4138114_HNSCC_3_PBMC_ACTGAACTCAGCATGT	0.0	147.85824081533352	145.9650380892925	0.0	138.18212991194758	0.0	0.0	0.0	155.3019155359713	0.0	0.0	0.0	0.0	0.0	0.0	0.0	0.0	0.0	0.0	0.0	0.0	0.0
GSM4138114_HNSCC_3_PBMC_ATCCGAACATAACCTG	78.49643039259384	0.0	124.6482539786453	0.0	15.107672494055608	87.11623652581869	0.0	83.92980391886553	0.0	0.0	0.0	0.0	0.0	37.62337513765349	0.0	0.0	0.0	0.0	0.0	0.0	0.0	0.0
GSM4138114_HNSCC_3_PBMC_ATTTCTGTCCGTTGCT	0.0	0.0	0.0	0.0	120.05831418063943	21.928105400436568	0.0	0.0	0.0	201.44856059747985	132.35620417522733	0.0	0.0	141.59289880525048	0.0	0.0	0.0	0.0	0.0	0.0	0.0	0.0
GSM4138114_HNSCC_3_PBMC_CAAGATCGTTCACGGC	2.738137719022108	0.0	0.0	0.0	74.70654969967214	0.0	92.02257839637747	0.0	0.0	143.75665681091104	0.0	0.0	0.0	0.0	80.28638825127538	0.0	0.0	0.0	0.0	0.0	0.0	0.0
GSM4138114_HNSCC_3_PBMC_CGTGTCTGTTGGAGGT	101.33817578738993	117.69799986474628	12.6966332049887	100.73302039920479	8.830123682164652	0.0	0.0	0.0	122.21403479729778	8.1495086798041	0.0	0.0	3.3571597211953996	0.0	0.0	0.0	0.0	0.0	0.0	0.0	0.0	0.0
GSM4138114_HNSCC_3_PBMC_CTACACCGTAAGTGTA	3.004513439127147	0.0	163.39538049192984	0.0	91.71500404430708	121.72079036519386	0.0	37.08206466224929	0.0	0.0	0.0	31.998196351968893	0.0	0.0	0.0	0.0	0.0	0.0	0.0	0.0	0.0	0.0
GSM4138114_HNSCC_3_PBMC_GACGTTAGTGGTCTCG	56.48475102200965	0.0	155.51634772494782	0.0	0.0	111.86982594371396	0.0	0.0	0.0	0.0	0.0	71.69606311015683	0.0	0.0	0.0	0.0	0.0	0.0	0.0	0.0	0.0	0.0
GSM4138114_HNSCC_3_PBMC_GCACTCTGTGGTGTAG	49.788984571144915	101.30806409666869	110.77071832735344	0.0	25.116944200995967	0.0	0.0	0.0	0.0	0.0	0.0	92.72449771502502	0.0	0.0	0.0	60.78376168197546	0.0	0.0	0.0	0.0	0.0	0.0
GSM4138114_HNSCC_3_PBMC_GGGCATCAGACTACAA	20.668982505085015	144.0581366251158	110.53593779791755	0.0	51.87864886774103	0.0	1.1453294053243046	0.0	42.0341180976221	0.0	0.0	0.0	0.0	0.0	54.2590681422101	0.0	0.0	0.0	0.0	0.0	0.0	0.0
GSM4138114_HNSCC_3_PBMC_GTCAAGTTCTTTACAC	18.682958880913908	0.0	0.0	127.41412820488296	81.34092629845391	0.0	0.0	96.47447813076633	0.0	0.0	0.0	0.0	1.5981949088420797	123.43189662249144	0.0	0.0	0.0	0.0	0.0	0.0	0.0	0.0
GSM4138114_HNSCC_3_PBMC_GTGCTTCCACTATCTT	0.0	0.0	137.82155347596256	0.0	100.80931900080091	115.1504511157727	0.0	60.806894901863316	0.0	0.0	54.16479629181738	0.0	0.0	0.0	0.0	0.0	0.0	0.0	0.0	0.0	0.0	0.0
GSM4138114_HNSCC_3_PBMC_TTCTACACACACCGAC	43.63133159052086	0.0	40.79970079694144	85.43184443280668	58.611692410930125	149.61395221792327	0.0	0.0	0.0	0.0	0.0	0.0	0.0	0.0	0.0	0.0	70.3413971609678	0.0	22.1896511802837	0.0	0.0	0.0
GSM4138114_HNSCC_3_PBMC_TTGACTTTCGCGATCG	7.820132062881589	101.81235185760647	168.62477176728268	0.0	77.51207398727291	0.0	0.0	19.045381345367648	0.0	0.0	0.0	0.0	0.0	0.0	63.940121070785644	0.0	0.0	0.0	0.0	0.0	0.0	0.0
GSM4138114_HNSCC_3_PBMC_ACTGTCCCACTAGTAC	86.74705186667606	0.0	0.0	135.58786740006124	0.0	0.0	106.34953117287633	83.0067852294646	0.0	0.0	0.0	0.0	0.0	0.0	0.0	0.0	0.0	0.0	0.0	0.0	0.0	0.0
GSM4138114_HNSCC_3_PBMC_CTCATTATCGAATCCA	148.6527264213483	0.0	13.178401045771905	59.90780963141452	0.0	13.75002205499701	54.65927188969559	0.0	0.0	0.0	78.72864092469511	0.0	0.0	31.708776246523794	0.0	56.033071302662314	0.0	0.0	0.0	0.0	0.0	0.0
GSM4138114_HNSCC_3_PBMC_GAACCTATCGACAGCC	100.74346239520618	192.88508845470759	0.0	0.0	9.321176859506403	0.0	0.0	93.9952425932472	0.0	0.0	0.0	10.865290494219364	0.0	0.0	0.0	178.76585418210246	0.0	0.0	0.0	0.0	0.0	0.0
GSM4138114_HNSCC_3_PBMC_GCGCCAACATTTGCCC	29.414437407884016	0.0	0.0	138.39481908795403	19.186773195667588	111.06409302000579	0.0	0.0	0.0	0.0	0.0	0.0	0.0	15.347812259795411	0.0	0.0	27.01325151942012	69.74530750539303	0.0	0.0	0.0	0.0
GSM4138114_HNSCC_3_PBMC_GGGAGATCAATTCCTT	56.59956173699975	0.0	0.0	112.1215788162571	0.0	60.72734083643037	0.0	0.0	0.0	0.23317879006772163	79.97109712928385	0.0	0.0	22.004655305974786	0.0	0.0	0.0	0.0	20.561078925321198	0.0	0.0	0.0
GSM4138114_HNSCC_3_PBMC_GTGAAGGAGAAGGTGA	78.84924046142844	0.0	12.332314510450013	0.0	1.8788170250226117	116.94175298369352	0.0	0.0	0.0	0.0	0.0	0.0	140.4009952194839	0.0	0.0	0.0	0.0	108.54579965815816	0.0	0.0	0.0	0.0
GSM4138114_HNSCC_3_PBMC_TACCTATTCGAGAGCA	55.06200630201754	0.0	0.0	0.0	6.2040092367148345	0.0	82.12151731975577	0.0	0.0	65.8344842647987	0.0	0.0	0.0	0.0	0.0	0.0	0.6571075954251855	105.6874401952919	0.0	0.0	0.0	0.0
GSM4138114_HNSCC_3_PBMC_TAGCCGGGTTGATTCG	0.0	0.0	0.0	0.0	81.29000745590544	0.0	103.11406535822616	55.640883252053136	0.0	0.0	36.18770292725364	0.0	109.2418235706247	1.177653422203779	0.0	0.0	0.0	12.308732518265714	0.0	0.0	0.0	0.0
GSM4138114_HNSCC_3_PBMC_TCTTTCCTCGCCGTGA	104.30662015801344	159.5161250695829	165.56807251796909	0.0	0.0	0.0	0.0	54.16457237810215	0.0	0.0	2.064116086675336	0.0	0.0	0.0	0.0	0.0	0.0	0.0	0.0	0.0	0.0	0.0
GSM4138114_HNSCC_3_PBMC_TGTGGTAGTTGCCTCT	112.00281231197275	48.065961885860155	158.91481945596624	0.0	0.0	104.41457472085116	0.0	0.0	0.0	0.0	11.22038682504201	39.236087538281055	0.0	2.7335261077909174	54.567136249729586	0.0	0.0	0.0	0.0	0.0	0.0	0.0
GSM4138114_HNSCC_3_PBMC_ATTATCCTCCTCCTAG	18.90395212113012	79.1834484262953	0.0	0.0	129.60320210948922	0.0	94.79552218903795	0.0	0.0	0.0	0.0	225.54034529854576	290.4251522300704	0.0	0.0	0.0	0.0	0.0	0.0	0.0	0.0	0.0
GSM4138114_HNSCC_3_PBMC_CGAGAAGAGCTACCTA	0.0	0.0	0.0	69.38007294358039	74.6950732711268	0.0	224.7080594818353	0.0	0.0	197.93334060585005	0.0	0.0	6.682452223004386	0.0	0.0	0.0	169.96878417437193	0.0	0.0	0.0	0.0	0.0
GSM4138114_HNSCC_3_PBMC_GACTACACACCGCTAG	0.0	0.0	114.26450959900117	0.0	143.62810095225063	0.0	198.18378280431645	0.0	117.5171955666085	0.0	0.0	0.0	0.0	0.0	0.0	0.0	0.0	0.0	0.0	0.0	0.0	0.0
GSM4138114_HNSCC_3_PBMC_GGCTCGAGTCTGATCA	78.7603648399977	164.90729753344442	135.9733708485211	0.0	0.0	0.0	0.0	49.84237040669179	0.0	24.466498850142504	8.554140294460991	27.70342124463706	0.0	0.0	19.24848272496406	0.0	0.0	0.0	0.0	0.0	0.0	0.0
GSM4138114_HNSCC_3_PBMC_TCAGATGTCAGTTTGG	84.1174808296291	135.82403615083038	149.5091366479161	0.0	0.0	0.0	0.0	0.0	0.0	0.0	0.0	156.64523419637212	2.9067197579766244	0.0	0.0	0.0	0.0	0.0	0.0	0.0	0.0	0.0
GSM4138114_HNSCC_3_PBMC_TCGAGGCAGAACAATC	2.1217858682252984	297.3408311009394	0.0	144.28192585044303	191.13859011691878	0.0	0.0	0.0	0.0	0.0	0.0	0.0	198.4361329142808	0.0	187.7866833306034	0.0	0.0	0.0	0.0	63.286774327218225	0.0	0.0
GSM4138114_HNSCC_3_PBMC_TGGGCGTGTCATTAGC	0.0	97.27697138325011	0.0	91.38063837439218	101.48522802034338	0.0	0.0	0.0	0.0	0.0	0.0	84.89493326018724	0.0	0.0	0.0	0.0	0.0	0.0	22.05819124377703	0.0	0.0	0.0
GSM4138114_HNSCC_3_PBMC_TTCCCAGAGGACAGCT	72.39696972909071	0.0	121.14136983492384	0.0	0.0	41.64676022212682	106.02391078206011	0.0	128.24091903387117	0.0	0.0	0.0	0.0	0.0	0.0	7.856400375015428	0.0	0.0	0.0	0.0	0.0	0.0
GSM4138114_HNSCC_3_PBMC_ACACCAACATGCATGT	58.86267028402793	0.0	0.0	125.84966615792645	41.61415233092382	111.97476223439341	0.0	0.0	130.23590963608564	0.0	0.0	0.0	25.965744120367393	0.0	0.0	0.0	0.0	0.0	0.0	0.0	0.0	0.0
GSM4138114_HNSCC_3_PBMC_ACGATACGTGTGGTTT	4.06873897038357	0.0	0.0	0.0	148.82421220013728	0.0	0.0	0.0	0.0	0.0	0.0	0.0	226.18037831964685	621.2253935252463	0.0	0.0	0.0	0.0	0.0	0.0	217.78179332859358	0.0
GSM4138114_HNSCC_3_PBMC_AGAATAGTCACCATAG	0.0	178.94177396585584	0.0	135.15337447082587	190.90330088116895	10.21575421324894	27.085966835902006	0.0	0.0	0.0	0.0	0.0	0.0	0.0	0.0	0.0	101.41725518900294	0.0	0.0	0.0	0.0	0.0
GSM4138114_HNSCC_3_PBMC_AGCCTAATCCTGCCAT	0.0	84.75223417232938	0.0	26.38220875686134	56.7639682732266	0.0	0.0	0.0	0.0	0.0	0.0	27.607278934267526	0.0	0.0	40.02206362634134	36.776531441885496	0.0	0.0	0.0	0.0	0.0	0.0
GSM4138114_HNSCC_3_PBMC_CAACCAAGTTGAGGTG	0.0	109.8986776355399	31.23289880853745	39.92085784010113	75.55110194602548	0.0	0.0	47.50537250126301	0.0	0.0	0.0	0.6776320282405107	31.15213659806001	0.0	0.0	0.0	0.0	0.0	0.0	0.0	0.0	0.0
GSM4138114_HNSCC_3_PBMC_CACACAACATGCCTAA	123.81989046672899	0.0	178.103191058736	0.0	0.0	155.9488741156429	0.0	0.0	0.0	0.0	0.0	135.96324121793336	0.0	45.9262996737533	0.0	0.0	0.0	0.0	0.0	0.0	0.0	0.0
GSM4138114_HNSCC_3_PBMC_CCACTACAGGTGCTAG	36.80563807161935	0.0	93.7312644793347	0.0	37.525004917597784	0.0	153.93298413049817	0.0	0.0	0.0	57.894766469724274	0.0	0.0	6.586725752093811	0.0	8.208150681713114	0.0	19.08958235647847	0.0	0.0	0.0	0.0
GSM4138114_HNSCC_3_PBMC_CGTCACTCAGATTGCT	212.21636343804278	236.86003506796703	181.4180269818976	0.0	0.0	0.0	19.974898785092506	0.0	240.79873414916258	0.0	0.0	0.0	0.0	0.0	0.0	0.0	0.0	0.0	0.0	0.0	0.0	0.0
GSM4138114_HNSCC_3_PBMC_CTCGGGAGTCTAGCGC	20.79317058129729	0.0	0.0	196.81420150833094	113.58088045555999	0.0	486.2280377559101	0.0	129.8001103626058	0.0	0.0	50.48417055525949	0.0	0.0	0.0	0.0	14.381596566110627	0.0	0.0	0.0	0.0	0.0
GSM4138114_HNSCC_3_PBMC_GACCTGGCAGTCACTA	100.1808624734408	114.57076130472936	180.0700871028428	0.0	0.0	43.09046674962615	9.939189662600773	0.0	59.79443788936097	0.0	0.0	39.87511559053539	0.0	0.0	0.0	0.0	0.0	0.0	0.0	0.0	0.0	0.0
GSM4138114_HNSCC_3_PBMC_GCTCTGTAGTCAAGCG	6.271748412990716	33.415193100816566	160.80108564009925	0.0	127.64154178787864	115.03747374601994	7.783180067191706	0.0	0.0	0.0	0.0	0.0	0.0	68.20327468753952	0.0	0.0	130.83020325736777	0.0	0.0	0.0	0.0	0.0
GSM4138114_HNSCC_3_PBMC_GGAACTTAGAGAGCTC	65.18600618402351	26.32524857552596	0.0	189.41150380390576	59.89032424565662	128.33773723466845	0.0	0.0	198.13440608455178	0.0	0.0	0.0	0.0	93.31097547135248	0.0	0.0	0.0	0.0	0.0	0.0	0.0	0.0
GSM4138114_HNSCC_3_PBMC_GGCGACTGTTCCACTC	0.0	0.0	148.71718399582008	0.0	101.44445781061583	45.799805277395556	0.0	78.33201097593549	0.0	0.0	0.0	0.0	0.0	291.94986196447707	0.0	0.0	0.0	0.0	0.0	0.0	0.0	0.0
GSM4138114_HNSCC_3_PBMC_GTTTCTACACACAGAG	253.57869434156436	0.0	0.0	159.3802349062002	161.23142114272895	210.1993841176946	0.0	0.0	0.0	110.55210233608197	0.0	0.0	0.0	0.0	0.0	0.0	0.0	0.0	0.0	0.0	209.07754638410438	0.0
GSM4138114_HNSCC_3_PBMC_TGCGTGGCAGTCGATT	142.06064987863488	99.0107049454891	215.12984177113677	0.0	2.6734967813324593	0.0	130.38486362137368	0.0	0.0	0.0	0.0	110.62632949712183	0.0	0.0	0.0	0.0	3.6456791986020716	0.0	0.0	0.0	0.0	0.0
GSM4138114_HNSCC_3_PBMC_TTATGCTGTTACGACT	0.0	215.1693191395727	139.054510731142	0.0	165.56376951646513	0.0	0.0	0.0	74.33026367264038	0.0	0.0	22.265501423801773	0.0	0.0	0.0	0.0	0.0	0.0	0.0	2.2316042017906654	0.0	0.0
GSM4138114_HNSCC_3_PBMC_AAAGCAATCCCGACTT	125.3327342237939	58.234089319869874	46.60305992278459	0.0	2.4170044965894033	0.0	5.164651744148746	14.783777461183115	0.0	256.4844381484952	158.78855703618117	0.0	0.0	171.1649750997107	0.0	0.0	0.0	0.0	0.0	0.0	0.0	0.0
GSM4138114_HNSCC_3_PBMC_AAAGTAGGTTCAGACT	134.88994152453205	99.77457694256574	0.0	0.0	0.0	0.0	105.05453224520826	0.0	0.0	303.4510910701115	0.0	0.0	0.0	0.0	202.88636284931155	0.0	0.0	0.0	0.0	0.0	0.0	0.0
GSM4138114_HNSCC_3_PBMC_ACGTCAAAGAGCTGGT	195.0912991404863	0.0	250.55870370018684	44.83452083292275	0.0	278.70483481613525	0.0	207.69390648942831	0.0	0.0	0.0	0.0	0.0	0.0	0.0	0.0	0.0	0.0	0.0	0.0	0.0	0.0
GSM4138114_HNSCC_3_PBMC_ACTTGTTAGCAGATCG	153.82067848097324	45.95527486652338	0.0	149.1633885070411	0.0	0.0	120.5717143945792	0.0	0.0	54.44077493197467	0.0	0.0	38.00698273246876	0.0	134.1225747398747	0.0	0.0	0.0	0.0	24.735521015011916	0.0	0.0
GSM4138114_HNSCC_3_PBMC_AGCTCCTGTCTGCAAT	0.0	241.62755404321646	173.0312246881442	0.0	202.56117734621614	0.0	0.0	195.7514029134225	0.0	137.9746802665288	0.0	0.0	0.0	0.0	0.0	0.0	0.0	0.0	0.0	0.0	0.0	0.0
GSM4138114_HNSCC_3_PBMC_ATCTGCCTCTCCGGTT	0.0	61.15606104760944	0.0	326.3660222360252	231.575253567218	227.3587545774063	0.0	0.0	0.0	0.0	0.0	0.0	36.52214242418528	0.0	0.0	0.0	0.0	256.76739018390623	0.0	36.599714579586916	0.0	0.0
GSM4138114_HNSCC_3_PBMC_CACAAACGTCTCTTAT	210.92157120451557	227.12836892548623	223.09645471105833	0.0	34.061135795068374	0.0	0.0	0.0	0.0	106.03412171519389	90.16383688846402	76.91227965467506	0.0	0.0	57.060080740775035	0.0	0.0	0.0	0.0	0.0	0.0	0.0
GSM4138114_HNSCC_3_PBMC_CATCAAGCACAGATTC	0.0	27.628962073847198	0.0	0.0	220.3078537382866	56.81139938267339	102.41335880118672	164.82664087116945	0.0	0.0	0.0	0.0	349.1196282189291	18.35486126710705	0.0	0.0	0.0	0.0	0.0	0.0	2.2721639779650746	0.0
GSM4138114_HNSCC_3_PBMC_CGTCCATGTAATCACC	210.3296332226913	18.225589470862637	272.6984493804335	0.0	0.0	24.895801828865388	125.81368852574091	219.4531937373085	0.0	0.0	0.0	0.0	0.0	0.0	0.0	0.0	0.0	0.0	0.0	0.0	0.0	0.0
GSM4138114_HNSCC_3_PBMC_CGTTCTGGTCCGAGTC	225.0207045979755	27.36980208864809	0.0	292.10698311372363	0.0	143.1058220426145	0.0	0.0	0.0	0.0	38.30686263685103	0.0	0.0	0.0	0.0	0.0	137.5583105492212	0.0	0.0	0.0	0.0	0.0
GSM4138114_HNSCC_3_PBMC_CTACGTCAGAGGACGG	130.48384416490603	0.0	121.36491510616351	43.97514539806576	0.0	155.63330693942223	0.0	0.0	0.0	68.83394635815664	0.0	0.0	0.0	0.0	0.0	0.0	196.08094971914352	0.0	0.0	0.0	0.0	0.0
GSM4138114_HNSCC_3_PBMC_GACGCGTGTTCCGGCA	175.6543302775168	0.0	0.0	0.0	0.0	156.63144521528923	0.0	0.0	0.0	290.248786246699	148.75245373531303	0.0	0.0	0.0	0.0	0.0	0.0	0.0	0.0	0.0	0.0	0.0
GSM4138114_HNSCC_3_PBMC_GGCCGATCATGTAAGA	173.63610701289232	0.0	242.33334441365488	0.0	0.0	248.2721435177884	0.0	0.0	194.93735830250705	0.0	0.0	0.0	0.0	0.0	0.0	0.0	0.0	0.0	0.0	0.0	0.0	0.0
GSM4138114_HNSCC_3_PBMC_GTATTCTTCTGTGCAA	238.4007528934744	0.0	0.0	324.1803788899062	0.0	0.0	178.31069066982081	0.0	147.61853466228337	0.0	0.0	0.0	0.0	0.0	0.0	0.0	67.99769671426078	63.27401322806074	0.0	0.0	0.0	0.0
GSM4138114_HNSCC_3_PBMC_GTCAAGTAGTGCTGCC	122.35626670694822	0.0	0.0	0.0	0.0	239.17929323223825	0.0	0.0	0.0	291.10058383644036	251.66816441452073	0.0	0.0	0.0	0.0	0.0	0.0	0.0	0.0	0.0	0.0	0.0
GSM4138114_HNSCC_3_PBMC_GTCTCGTAGGCTAGAC	0.0	250.00339243695916	129.84093438208845	21.019527442368243	198.99715463182125	0.0	0.0	0.0	0.0	0.0	0.0	0.0	66.68612100567023	0.0	0.0	0.0	0.0	217.3654726777668	0.0	0.0	0.0	0.0
GSM4138114_HNSCC_3_PBMC_TCTGGAAAGTGGTAAT	0.0	0.0	0.0	239.28058908825128	152.66881068386547	78.57933002508237	30.95064086626898	0.0	0.0	0.0	69.67171228606212	0.0	0.0	57.7171028623324	15.13807482276074	0.0	83.84699364455884	0.0	0.0	0.0	0.0	0.0
GSM4138114_HNSCC_3_PBMC_TGGCCAGGTCCAAGTT	135.96836549555192	102.26037650554296	148.84799079771977	0.0	0.0	92.27668064389405	0.0	0.0	0.0	103.00647016508148	20.045215999148084	176.62322432366457	0.0	0.0	0.0	0.0	0.0	0.0	0.0	0.0	0.0	0.0
GSM4138114_HNSCC_3_PBMC_AACTGGTGTGTGGCTC	0.0	26.269389375870684	437.75639510229865	0.0	263.17028238413235	0.0	305.59264851556344	61.45708481783296	23.49548321386854	0.0	0.0	283.8125546764398	0.0	0.0	0.0	0.0	0.0	0.0	0.0	0.0	0.0	0.0
GSM4138114_HNSCC_3_PBMC_AAGACCTAGTTTGCGT	0.0	197.52504621456657	87.78862843926848	286.03150956505476	242.51329601865825	0.0	31.742923381906	319.91126005241796	0.0	0.0	0.0	0.0	0.0	0.0	0.0	0.0	0.0	0.0	0.0	0.0	0.0	0.0
GSM4138114_HNSCC_3_PBMC_ACATCAGAGTGTCCAT	0.0	375.0616181509992	121.65691058771664	406.44270039408775	302.30183880541455	0.0	0.0	178.7399016927731	0.0	0.0	33.759410256160564	135.25452173772928	0.0	0.0	0.0	0.0	0.0	0.0	0.0	0.0	0.0	0.0
GSM4138114_HNSCC_3_PBMC_ACGGCCACATGGTCTA	36.42070813372205	0.0	53.84702897049653	211.76866014475837	131.5791925983612	235.7493456007801	42.03280143171707	0.0	348.226133731357	0.0	0.0	0.0	44.259959988628985	0.0	0.0	0.0	0.0	0.0	0.0	0.0	0.0	0.0
GSM4138114_HNSCC_3_PBMC_ACTTGTTGTTGTGGAG	80.42963120354692	0.0	400.35622769508154	0.0	0.0	118.44601910598128	0.0	263.78894685036886	0.0	0.0	78.47974280089778	0.0	0.0	17.512872115402963	0.0	0.0	0.0	0.0	0.0	0.0	0.0	0.0
GSM4138114_HNSCC_3_PBMC_AGCGTATCAGCTCGCA	0.0	0.0	196.31661588773497	4126.230944477644	0.0	0.0	0.0	0.0	0.0	0.0	0.0	0.0	142.27203250859245	0.0	0.0	0.0	0.0	0.0	0.0	0.0	0.0	0.0
GSM4138114_HNSCC_3_PBMC_CCATTCGAGACAGGCT	189.26274815295994	0.0	0.0	194.56410667150507	0.0	104.1518341410916	144.11126013002766	0.0	364.98614107508814	0.0	0.0	0.0	253.3300498898251	0.0	0.0	0.0	0.0	0.0	0.0	0.0	0.0	0.0
GSM4138114_HNSCC_3_PBMC_CCTTCGATCTCGCTTG	155.07495307728973	0.0	0.0	414.28250486860514	0.0	0.0	0.0	0.0	214.9835462143368	0.0	0.0	0.0	0.0	210.54421851491006	0.0	0.0	113.18658059506066	0.0	0.0	0.0	0.0	0.0
GSM4138114_HNSCC_3_PBMC_CGCGTTTAGACTAGGC	111.35151121669178	240.94877033166802	0.0	350.9515656877868	143.56723300329642	61.68504954116901	0.0	0.0	0.0	152.23834311825928	0.0	0.0	0.0	0.0	0.0	0.0	0.0	432.37462294075914	0.0	0.0	0.0	0.0
GSM4138114_HNSCC_3_PBMC_CTACATTTCTTTACGT	190.30970016185785	0.0	225.40732961559368	0.0	0.0	36.798070358315734	0.0	0.0	0.0	0.0	0.0	396.20737965720326	0.0	138.8856726180757	0.0	238.9506946683349	0.0	0.0	0.0	0.0	0.0	0.0
GSM4138114_HNSCC_3_PBMC_CTAGCCTAGACCGGAT	167.98706354509216	0.0	0.0	0.0	0.0	0.0	0.0	0.0	307.2713361688073	0.0	0.0	0.0	405.014940597392	211.46261766948075	0.0	0.0	0.0	0.0	0.0	0.0	0.0	0.0
GSM4138114_HNSCC_3_PBMC_GACGTTAGTACCATCA	249.49423600532714	0.0	208.76234548688575	0.0	0.0	298.5488598318924	0.0	381.7753023725877	0.0	0.018109505893244313	0.0	0.0	0.0	0.0	0.0	351.39893872989165	0.0	62.02348643966857	0.0	0.0	0.0	0.0
GSM4138114_HNSCC_3_PBMC_GCGCAGTCAACTGGCC	66.79729489055838	262.01588838488084	0.0	0.0	111.71293764028759	0.0	5.050840820501366	0.0	0.0	476.27859274881826	0.0	0.0	0.0	0.0	0.0	0.0	438.9455542720989	0.0	0.0	0.0	0.0	0.0
GSM4138114_HNSCC_3_PBMC_GCTCTGTCACACTGCG	0.0	272.8491388318469	0.0	0.0	212.64266009482301	0.0	0.0	0.0	489.1244274831393	0.0	0.0	0.0	0.0	0.0	0.0	0.0	0.0	0.0	378.15007856252674	0.0	0.0	0.0
GSM4138114_HNSCC_3_PBMC_GCTGCAGTCCGGCACA	143.25893091140077	300.4645673455557	0.5031082616442404	0.0	0.0	0.0	0.0	0.0	0.0	429.199980215645	0.0	0.0	0.0	0.0	354.1192364537311	0.0	0.0	0.0	0.0	0.0	0.0	0.0
GSM4138114_HNSCC_3_PBMC_GTAGTCACACAAGCCC	206.895224933677	180.01945728701347	375.8286825907194	0.0	0.0	0.0	0.0	0.0	0.0	0.0	0.0	26.829126937032814	0.0	0.0	0.0	0.0	0.0	0.0	0.0	0.0	0.0	278.2381403728351
GSM4138114_HNSCC_3_PBMC_GTCAAGTAGGCGTACA	90.63592299180478	0.0	149.03954345087644	14.307170440980514	0.0	0.0	83.97371582861979	16.77958198690975	0.0	0.0	83.17973375205177	0.0	0.0	0.0	0.0	0.0	0.0	0.0	0.0	0.0	0.0	0.0
GSM4138114_HNSCC_3_PBMC_TACGGATAGATCGATA	0.0	0.0	0.0	198.93054515322308	216.98336807530353	153.1094570329324	0.0	0.0	320.1604051636815	0.0	0.0	0.0	206.16601961999598	82.1398265226248	0.0	0.0	0.0	0.0	0.0	0.0	0.0	0.0
GSM4138114_HNSCC_3_PBMC_TCAACGATCTGGGCCA	73.39646776587432	274.76467638421525	458.9701209106798	0.0	134.57894986957032	18.791187481717227	0.0	0.0	0.0	0.0	198.111014395458	77.9820095618666	0.0	0.0	176.14585355407448	0.0	0.0	0.0	0.0	0.0	0.0	0.0
GSM4138114_HNSCC_3_PBMC_TGGGCGTGTTAGTGGG	165.18515934202821	0.0	375.98830089993356	0.0	0.0	0.0	0.0	0.0	0.0	0.0	0.0	378.6379233722893	0.0	256.7790752757117	0.0	9.780754341130267	0.0	0.0	0.0	0.0	0.0	0.0
GSM4138114_HNSCC_3_PBMC_TTGGAACCAGTCACTA	211.39159609624573	186.0436336561064	245.75600243327196	169.09401691117657	0.0	35.25912041983847	0.0	0.0	0.0	0.0	310.80177814813646	0.0	0.0	0.0	0.0	0.0	0.0	0.0	0.0	0.0	0.0	0.0
GSM4138114_HNSCC_3_PBMC_ACTGTCCCAGCGATCC	159.65436603259909	0.0	0.0	411.52979346580884	0.0	28.520656419895538	67.59320563829485	0.0	272.62692016410597	0.0	0.0	0.0	0.0	39.89253049601304	0.0	0.0	0.0	0.0	0.0	0.0	0.0	0.0
GSM4138114_HNSCC_3_PBMC_AGATTGCGTCATACTG	67.94427391778565	138.48290444906962	0.0	260.99063009374777	0.0	0.0	0.0	0.0	0.0	0.0	25.841621812662165	0.0	0.0	0.0	0.0	0.0	158.89685610848485	0.0	0.0	0.0	0.0	0.0
GSM4138114_HNSCC_3_PBMC_CACACAAGTGAACCTT	0.0	0.0	246.51349649972883	0.0	167.8120350788115	151.17601365917844	0.0	146.00978555277936	0.0	0.0	42.19332484488842	0.0	0.0	0.0	0.0	0.0	0.0	0.0	0.0	0.0	0.0	0.0
GSM4138114_HNSCC_3_PBMC_GCGCAACCATCTGGTA	173.9651334286637	0.0	0.0	43.113977530306975	0.0	36.95278096444329	0.0	178.49074950143935	0.0	0.0	0.0	0.0	0.0	80.18174071889311	0.0	222.62734124417653	0.0	0.0	0.0	0.0	0.0	0.0
GSM4138114_HNSCC_3_PBMC_TACGGATGTCTCATCC	42.69214266666802	0.0	0.0	0.0	94.30132293713413	0.0	0.0	0.0	0.0	0.0	0.0	0.0	0.0	159.3742635576913	0.0	204.99649766284193	0.0	249.22937317568787	0.0	0.0	0.0	0.0
GSM4138114_HNSCC_3_PBMC_TAGAGCTTCGGAATCT	137.98490207252138	139.65223644943038	0.0	97.23484206434445	0.0	0.0	0.0	0.0	0.0	0.0	94.85195115363733	138.77448851951334	0.0	0.0	0.0	84.84103835347398	0.0	0.0	0.0	0.0	0.0	0.0
GSM4138114_HNSCC_3_PBMC_TTGGAACGTACACCGC	197.0493350503109	0.0	0.0	0.0	0.0	0.0	0.0	252.54371343278464	0.0	0.0	0.0	0.0	0.0	139.9773595546683	0.0	348.87055290566855	0.0	0.0	0.0	0.0	0.0	0.0
GSM4138114_HNSCC_3_PBMC_GCAGCCACACCACGTG	41.839261489838854	0.0	149.17023677774432	0.0	40.13279353827902	124.75610691404984	0.0	116.65089510860341	0.0	0.0	0.0	0.0	0.0	0.0	0.0	0.0	0.0	0.0	0.0	0.0	0.0	0.0
GSM4138114_HNSCC_3_PBMC_TAGTTGGTCGAGAGCA	93.06376241899612	161.63702930270625	0.0	138.76208078393555	0.0	0.0	0.0	0.0	0.0	0.0	0.0	0.0	0.0	0.0	0.0	16.26041052893983	0.0	0.0	0.0	87.24826887598782	0.0	0.0
GSM4138114_HNSCC_3_PBMC_GGACAAGGTTACGACT	130.13204099279383	175.35114808811443	148.79081939704784	0.0	0.0	0.0	0.0	94.00162594711563	0.0	0.0	0.0	0.0	0.0	0.0	0.0	0.0	0.0	0.0	0.0	0.0	0.0	0.0
GSM4138114_HNSCC_3_PBMC_AGCTTGACATAACCTG	0.0	0.0	0.0	0.0	0.0	0.0	0.0	140.67350345070258	81.1269388146829	0.0	0.0	10.466671099521191	0.0	0.0	0.0	0.0	0.0	4187.876089825818	0.0	0.0	0.0	0.0
