	1	2	3	4	5	6	7	8	9	10	11	12	13	14	15	16	17	18	19	20	21	22	23	24	25	26	27	28	29	30	31
GSM4138114_HNSCC_3_PBMC_AAACGGGTCTAGAGTC	68.80525618482827	15.247601161874638	37.834905409612496	0.0	38.49566992636081	0.0	70.89210415500482	0.0	72.44508817396171	0.0	0.0	0.0	0.0	36.0222668089105	41.624959537514094	0.0	0.0	0.0	0.0	0.0	0.0	17.353070922671836	0.0	0.0	0.0	0.0	0.0	0.0	0.0	0.0	0.0
GSM4138114_HNSCC_3_PBMC_AAAGATGCACTACAGT	82.70230789991409	0.0	40.412777319966054	0.0	31.910980856170248	0.0	30.58598740333192	0.0	82.05056588839368	0.0	0.0	48.087528834634	0.0	48.94025449635291	0.0	0.0	0.0	0.0	0.0	0.0	0.0	15.535559872448065	0.0	0.0	2.1491357843484464	0.0	0.0	0.0	0.0	22.87419045537806	0.0
GSM4138114_HNSCC_3_PBMC_AAATGCCTCTCCAGGG	45.04026047643586	75.93589760425094	0.0	0.0	0.0	119.85066004515674	0.0	110.35078819313345	0.0	0.0	0.0	57.63007550957822	0.0	0.0	0.0	23.463660873913174	37.69656218772134	24.304234928816133	32.7811681464202	0.0	20.856480975309765	0.0	0.0	0.0	0.0	0.0	0.0	0.0	0.0	0.0	0.0
GSM4138114_HNSCC_3_PBMC_AACACGTAGAGTGAGA	116.42069407981396	93.38650756220152	92.22134744140466	0.0	0.0	0.0	0.0	67.66981414216838	0.0	0.0	89.58174340209858	0.0	0.0	0.0	80.69332432287632	0.0	0.0	0.0	0.0	0.0	0.0	0.0	0.0	6.429160753752633	0.0	0.0	0.0	0.0	0.0	0.0	0.0
GSM4138114_HNSCC_3_PBMC_AAGGCAGGTTTAAGCC	114.29694259541274	60.3869591101499	95.37519124580443	0.0	0.0	0.0	54.52226327072514	0.0	0.0	0.0	79.67381264831097	31.93088454206693	0.0	0.0	0.0	0.0	0.0	0.0	0.0	0.0	0.0	0.0	0.0	0.0	0.0	0.0	0.0	0.0	0.0	0.0	0.0
GSM4138114_HNSCC_3_PBMC_ACACCAAGTATAAACG	68.06895856296453	43.521486106464366	55.37157515361959	39.1434117001856	38.47060349750769	0.0	54.5562567724855	22.915668238411854	48.340204135740244	0.0	0.0	0.0	0.0	0.0	0.0	0.0	0.0	0.0	33.48114787343454	0.0	0.0	0.0	0.0	0.0	0.0	0.0	0.0	0.0	0.0	0.0	0.0
GSM4138114_HNSCC_3_PBMC_ACATACGTCCACTCCA	57.639592463828926	8.051847666744166	0.0	0.0	0.0	41.255343000073026	0.0	0.0	0.0	0.0	0.0	0.0	55.41510257633451	0.0	89.96823629528409	0.0	33.88378059074182	0.0	0.0	0.0	0.0	23.16514130333521	0.0	0.0	0.0	0.0	0.0	0.0	0.0	0.0	0.0
GSM4138114_HNSCC_3_PBMC_ACTATCTAGGAGTTTA	104.38324460042716	0.0	0.0	79.58774236948982	0.0	0.0	34.46506476037564	0.0	0.0	191.52907283522993	0.0	0.0	0.0	112.54327954264251	0.0	0.0	0.0	29.765959883519553	0.0	0.0	37.273534072317574	0.0	0.0	0.0	0.0	0.0	0.0	0.0	0.0	0.0	0.0
GSM4138114_HNSCC_3_PBMC_ACTGAACTCACCTTAT	73.14018541641549	33.149497812173465	0.0	47.188194372463016	124.02531621102007	0.0	0.0	55.4246108834764	0.0	102.73396061569936	0.0	0.0	0.0	57.42065090364283	0.0	0.0	0.0	0.0	0.0	0.0	0.0	0.0	0.0	0.0	0.0	0.0	0.0	0.0	0.0	0.0	0.0
GSM4138114_HNSCC_3_PBMC_ACTTTCACAGCTGTTA	93.1378432726197	70.34686135284092	0.0	0.0	0.0	0.0	0.0	0.0	86.11806024832383	0.0	0.0	0.0	0.0	0.0	0.0	0.0	0.0	0.0	60.74963412682802	0.0	43.21352588218944	0.0	0.0	0.0	0.0	0.0	0.0	10.963620430765555	33.89098039847418	0.0	0.0
GSM4138114_HNSCC_3_PBMC_AGCTCTCAGGTGATAT	81.73423897022828	69.46222411623184	0.0	35.613224155243515	0.0	40.289164472274024	0.0	0.0	0.0	0.0	38.80442534442398	12.442300864571218	0.0	0.0	0.0	0.0	50.31486035621372	0.0	0.0	0.0	12.910802552895861	0.0	0.0	0.0	0.0	76.39117803102896	41.19938585712616	0.0	0.0	0.0	0.0
GSM4138114_HNSCC_3_PBMC_AGCTCTCCAGCCTGTG	71.20423589516808	35.65778598198982	110.48838555391579	0.0	0.0	0.0	0.0	8.676979935889502	83.75735344636169	0.0	0.0	0.0	0.0	0.0	28.573121579627884	0.0	0.0	0.0	0.0	0.0	0.0	0.0	0.0	0.0	0.0	0.0	0.0	0.0	0.0	0.0	0.0
GSM4138114_HNSCC_3_PBMC_AGTCTTTCAAAGGTGC	163.973274502238	94.82735628120602	0.0	55.12930676216897	0.0	0.0	8.85518089609387	0.0	0.0	106.97180854598106	0.0	0.0	0.0	0.0	0.0	0.0	0.0	1.6418040201356474	6.29351758108226	0.0	34.83032720481221	0.0	0.0	0.0	0.0	0.0	0.0	0.0	0.0	0.0	0.0
GSM4138114_HNSCC_3_PBMC_AGTGAGGGTCAGCTAT	115.98776762390573	57.99402685870078	0.0	0.0	32.19697360992909	0.0	27.720557946635637	15.535563290633783	14.918849330602658	66.58123056038197	0.0	0.0	0.0	0.0	0.0	0.0	14.733033917575128	0.0	0.0	0.0	0.0	0.0	0.0	129.80233013413073	0.0	0.0	0.0	0.0	0.0	0.0	0.0
GSM4138114_HNSCC_3_PBMC_AGTGGGATCACCACCT	91.93273452843394	68.20889722741654	112.79818509259205	0.0	0.0	0.0	0.0	0.0	0.0	0.0	110.00977119498637	60.35445524236074	0.0	0.0	0.0	0.0	0.0	0.0	0.0	0.0	0.0	0.0	0.0	0.0	52.317053826334785	0.0	0.0	0.0	6.029539294712933	0.0	0.0
GSM4138114_HNSCC_3_PBMC_ATCCACCTCCCTCAGT	48.987723989380754	72.9895781565484	0.0	43.79056989624637	0.0	0.0	0.0	0.0	0.0	64.57480948018478	0.0	0.0	28.413028171081542	0.0	0.0	0.0	57.85763354082049	0.0	0.0	0.0	0.0	0.0	0.0	0.0	0.0	0.0	0.0	0.0	0.0	0.0	0.0
GSM4138114_HNSCC_3_PBMC_ATCGAGTGTCTAAACC	153.95122417531948	116.98994111153327	0.0	111.30721393355833	30.40387855459484	0.0	0.0	95.19718238448725	0.0	299.72354389318156	0.0	0.0	0.0	0.0	0.0	0.0	0.0	0.0	0.0	0.0	54.809756017537374	0.0	0.0	0.0	0.0	0.0	0.0	0.0	0.0	0.0	0.0
GSM4138114_HNSCC_3_PBMC_ATCTACTGTGACGCCT	84.99542971534332	70.4419221099159	0.0	48.7735310917035	0.0	76.83967655582886	0.0	29.697537913030544	0.0	0.0	0.0	0.0	0.0	0.0	0.0	0.0	0.0	26.261588794247015	0.0	0.0	34.342752337929895	0.0	0.0	0.0	0.0	68.61470354004486	0.0	0.0	0.0	0.0	0.0
GSM4138114_HNSCC_3_PBMC_CAAGAAAGTGCTTCTC	98.73080928182308	43.496110987047096	0.0	55.495737802293995	0.0	0.0	0.0	18.23329147342997	0.0	68.12022355175048	0.0	0.0	0.0	0.0	0.0	0.0	59.251687608932	0.0	0.0	0.0	0.0	0.0	0.0	0.0	0.0	0.0	0.0	0.0	31.92359541087203	0.0	0.0
GSM4138114_HNSCC_3_PBMC_CAAGGCCGTTCCCGAG	38.09459671456315	124.81429657659076	91.48347205152407	0.0	0.0	0.0	0.0	3.42002012817704	40.37349158146355	0.0	0.0	0.0	0.0	0.0	0.0	0.0	0.0	0.8853487187480187	0.0	0.0	0.0	0.0	0.0	52.67009042730798	42.9532682020877	0.0	0.0	42.340217694502506	0.0	0.0	0.0
GSM4138114_HNSCC_3_PBMC_CAAGTTGTCAAGAAGT	44.10386256853953	110.54809139580266	9.652059510954677	0.0	0.0	0.0	74.53068932718011	0.0	0.0	0.0	0.0	0.0	0.0	0.0	0.0	0.0	0.0	0.0	0.0	69.97652126386086	9.844214866408196	0.0	0.0	35.54397947564926	0.0	0.0	0.0	0.0	0.0	0.0	24.31891908875074
GSM4138114_HNSCC_3_PBMC_CACAAACCAGCTGGCT	30.899840941977892	124.02668892101498	14.857130562029237	0.0	0.0	104.99264927169271	55.64607982850623	0.0	0.0	0.0	0.0	0.0	0.0	0.0	0.0	0.0	0.0	37.38923617120043	6.158603250822971	0.0	0.0	0.0	0.0	0.0	0.0	0.0	0.0	0.0	0.0	0.0	0.0
GSM4138114_HNSCC_3_PBMC_CACACAAAGAACAACT	62.091451120176885	105.99068002864816	0.0	0.0	41.55126514931478	0.0	61.697697991020235	0.0	0.0	0.0	0.0	0.0	0.0	0.0	49.35575855295996	0.0	0.0	0.0	0.0	0.0	0.0	0.0	0.0	0.0	0.0	0.0	0.0	164.26679640789902	0.0	0.0	0.0
GSM4138114_HNSCC_3_PBMC_CACATAGTCCGCAAGC	67.67574518477068	67.48683497209566	0.0	0.0	57.1717685734307	0.0	76.5181759300514	0.0	0.0	98.18633007941864	0.0	0.0	0.0	0.0	65.615401604146	0.0	0.0	1.7743923904682637	0.0	0.0	0.0	0.0	0.0	0.0	0.0	0.0	0.0	0.0	0.0	0.0	36.225761026919756
GSM4138114_HNSCC_3_PBMC_CACCACTAGCAATATG	58.889498636769495	28.048822132075696	0.0	26.125658080090737	58.687408660772945	15.517411714685242	0.0	0.0	0.0	0.0	0.0	0.0	31.15432495533146	0.0	0.0	0.0	0.0	0.0	0.0	0.0	0.0	0.0	0.0	0.0	0.0	0.0	129.45955240210793	0.0	0.0	0.0	0.0
GSM4138114_HNSCC_3_PBMC_CATATTCAGTCCCACG	18.640443745313654	28.22680031993926	47.205274066413224	0.0	0.0	0.0	17.32911380716489	0.0	0.0	0.0	0.0	64.79836589594535	12.089104900681905	32.553536625369595	0.0	0.0	0.0	0.0	0.0	0.0	16.77243598561004	0.0	106.83089150966377	0.0	0.0	0.0	0.0	0.0	0.0	0.0	0.0
GSM4138114_HNSCC_3_PBMC_CATCAAGGTCGTCTTC	55.493082425929295	79.38109374375907	0.0	48.32475995701682	28.340502111228975	0.0	0.0	11.20502245894694	130.81493339009612	12.709176472944046	0.0	0.0	1.3114407182872925	0.0	0.0	0.0	0.0	0.0	0.0	0.0	0.0	0.0	0.0	0.0	21.450789229153145	0.0	0.0	1.4063246520195207	0.0	0.0	0.0
GSM4138114_HNSCC_3_PBMC_CATCAGACATACTACG	159.23966204171177	139.50638113209146	0.0	0.0	0.0	0.0	0.0	0.0	246.19070948453444	0.0	42.835340099314536	182.72491488897305	92.41573531949636	0.0	0.0	0.0	0.0	0.0	0.0	0.0	190.5705242736267	0.0	0.0	0.0	0.0	62.56731428821827	0.0	0.0	0.0	0.0	0.0
GSM4138114_HNSCC_3_PBMC_CATCGGGTCTTCTGGC	59.39167797873786	110.19318398628106	0.0	83.45052026826897	0.0	0.0	0.0	46.88519277351339	0.0	82.60718453480462	0.0	0.0	0.0	4.854406647279346	0.0	0.0	0.0	2.320417932947123	0.0	0.0	32.429013402292895	0.0	0.0	0.0	0.0	0.0	0.0	0.0	0.0	0.0	0.0
GSM4138114_HNSCC_3_PBMC_CCACGGATCAGAGGTG	104.29825587849282	0.0	0.0	0.0	104.88030562296477	0.0	0.0	0.0	0.0	0.0	120.29430130687562	0.0	103.45609891507661	116.9337323538052	41.12609514030778	0.0	0.0	0.0	0.0	0.0	0.0	0.0	27.187100454559275	0.0	0.0	0.0	0.0	0.0	0.0	0.0	0.0
GSM4138114_HNSCC_3_PBMC_CCTACACTCGACAGCC	44.35482984177519	48.248937199145146	22.85720347208739	26.216423640025972	15.621702437204505	0.0	46.15748215515407	7.241349476031237	63.685302626347664	0.0	0.0	0.0	0.0	0.0	0.0	0.0	0.0	0.0	0.0	0.0	0.0	0.0	0.0	0.0	0.0	0.0	0.0	0.0	0.0	0.0	0.0
GSM4138114_HNSCC_3_PBMC_CCTTCCCGTAGCGTCC	45.952136614226006	43.47745263543036	0.0	0.0	46.365096089669834	0.0	0.0	0.0	0.0	71.77475086689006	0.0	9.559082590648083	44.02328504913203	0.0	0.0	0.0	0.0	0.0	48.7821543924534	0.0	0.0	0.0	0.0	0.0	0.0	0.0	0.0	0.0	0.0	0.0	0.0
GSM4138114_HNSCC_3_PBMC_CCTTCCCTCACATACG	97.82544872354835	48.94086210514681	0.0	50.895660213546776	0.0	0.0	57.785034825059704	0.0	64.20036195213638	0.0	0.0	0.0	0.0	0.0	0.0	0.0	0.0	86.68593906088665	0.0	0.0	0.0	0.0	0.0	0.0	0.0	0.0	0.0	8.87519301649595	0.0	0.0	0.0
GSM4138114_HNSCC_3_PBMC_CGAGCCAAGCGCTTAT	56.75683391746669	58.05453161661933	78.62646005031947	0.0	0.0	0.0	1.9535994446282452	0.0	0.0	136.55529629345142	0.0	8.70332797190011	0.0	0.0	0.0	0.0	0.0	0.0	49.26575354552026	0.0	0.0	0.0	0.0	0.0	15.849247795968381	0.0	0.0	0.0	0.0	0.0	14.554310775785323
GSM4138114_HNSCC_3_PBMC_CGAGCCAGTCAAAGAT	179.5552395506453	116.85620079145559	0.0	201.18079073546042	83.27978790740613	215.46923785375384	0.0	103.90685839717273	0.0	65.2086270768002	0.0	0.0	0.0	0.0	0.0	0.0	0.0	0.0	0.0	0.0	0.0	0.0	0.0	0.0	0.0	0.0	0.0	0.0	0.0	0.0	0.0
GSM4138114_HNSCC_3_PBMC_CGCGGTATCATCACCC	116.3488173971836	0.0	0.0	74.28795051614694	0.0	113.22903591045086	0.0	91.17985269813917	0.0	0.0	0.0	0.0	0.0	0.0	0.0	99.99340703239395	109.7166022604778	0.0	0.0	0.0	0.0	0.0	0.0	0.0	0.0	0.0	0.0	0.0	0.0	0.0	0.0
GSM4138114_HNSCC_3_PBMC_CGCGTTTTCCCAAGTA	66.46290840036441	0.0	0.0	71.28862059131774	0.0	0.0	0.0	0.0	0.0	62.28994863913022	0.0	0.0	0.0	0.0	0.0	0.0	0.0	44.72151423989046	0.0	0.0	0.0	60.61495549995021	0.0	0.0	0.0	28.720142857769822	0.0	0.0	0.0	0.0	0.0
GSM4138114_HNSCC_3_PBMC_CGCTGGAGTAGCCTAT	46.888877059414014	171.9582549644556	47.50578287120652	9.25872693958135	0.6637529310835626	0.0	0.0	0.0	8.49613021022716	123.16094700962614	0.0	56.85094726913682	28.318793880677585	0.0	0.0	0.0	0.0	0.0	0.0	0.0	0.0	0.0	0.0	0.0	68.02112560499509	0.0	0.0	0.0	0.0	0.0	0.0
GSM4138114_HNSCC_3_PBMC_CGGACGTGTAGATTAG	142.15408296948203	96.6071644102731	0.0	58.89449255564723	111.79803396070456	105.85914032128215	85.26086876063276	0.0	0.0	0.0	0.0	0.0	0.0	0.0	0.0	0.0	0.0	0.0	0.0	0.0	0.0	0.0	0.0	0.0	0.0	0.0	0.0	0.0	0.0	0.0	0.0
GSM4138114_HNSCC_3_PBMC_CGTCCATAGATGTGTA	58.809720062977625	8.286569761212824	0.0	76.14535457355977	0.0	0.0	20.723264433412794	13.249315076448282	0.0	109.39307773421248	0.0	0.0	0.0	0.0	0.0	27.487771173923267	27.449612806329416	0.0	0.0	0.0	0.0	0.0	0.0	0.0	0.0	0.0	0.0	0.0	0.0	0.0	0.0
GSM4138114_HNSCC_3_PBMC_CGTCTACGTACCGAGA	66.38280027342878	56.878439077805226	0.0	66.53604975955137	187.55590654827986	69.00405734690534	0.0	0.0	0.0	0.0	0.0	0.0	0.0	0.0	0.0	0.0	0.0	0.0	0.0	0.0	0.0	0.0	0.0	0.0	0.0	0.0	0.0	0.0	86.45393637719793	15.20310259368336	0.0
GSM4138114_HNSCC_3_PBMC_CGTTCTGCACGTCTCT	56.847892732741784	69.85443551099954	0.0	63.93883518436362	102.24622315211359	0.0	54.87170729231675	0.0	44.26890892504658	0.0	0.0	0.0	0.0	0.0	0.0	0.0	0.0	0.0	0.0	0.0	0.0	0.0	15.06602413670891	0.0	0.0	0.0	0.0	0.0	0.0	0.0	0.0
GSM4138114_HNSCC_3_PBMC_CTAGAGTCAAGCCATT	55.58026812571078	0.0	0.0	40.81736630499134	30.175006115589714	94.32625185379807	0.0	93.2586696719969	0.0	0.0	0.0	0.0	0.0	0.0	0.0	84.90392830746744	0.0	0.0	0.0	0.0	0.0	0.0	0.0	6.425881980856592	0.0	0.0	0.0	0.0	0.0	0.0	0.0
GSM4138114_HNSCC_3_PBMC_CTCAGAAGTCAGTGGA	57.28827472305255	33.543144491160945	49.831998108874714	0.0	0.0	0.0	0.0	0.0	0.0	0.0	0.0	0.0	54.996499639318664	0.0	0.0	0.0	0.0	0.0	60.41654472310364	83.38931187831714	0.0	0.0	0.0	0.0	19.832886469382164	0.0	0.0	0.0	0.0	0.0	0.0
GSM4138114_HNSCC_3_PBMC_CTCATTACATCGGTTA	80.95130513012114	87.68214565429619	34.48833494688772	0.0	0.0	0.0	10.98500767839919	0.0	34.29788419434218	0.0	39.400587976232565	54.23947313974886	0.0	0.0	0.0	0.0	0.0	0.0	0.0	0.0	0.0	0.0	4.301583123482683	0.0	0.0	0.0	0.0	0.0	22.071411637811217	0.0	22.071378166421155
GSM4138114_HNSCC_3_PBMC_CTCATTATCGGAGCAA	66.8152598270846	34.26163745153763	69.51358748921956	0.0	0.0	0.0	0.0	0.0	0.0	0.0	56.6519821962558	0.0	71.83315150954166	0.0	91.27406733472196	0.0	0.0	0.0	0.0	0.0	0.0	0.0	0.0	0.0	0.0	0.0	0.0	0.0	0.0	0.0	0.0
GSM4138114_HNSCC_3_PBMC_CTGCTGTAGGACGAAA	86.87284067802317	72.21113436110092	0.0	36.96923419824285	46.75066010835228	140.33703577910347	0.0	0.0	0.0	0.0	0.0	0.0	85.79542149402286	0.0	0.0	0.0	0.0	10.373138273554918	0.0	0.0	0.0	0.0	0.0	0.0	0.0	0.0	0.0	0.0	0.0	0.0	0.0
GSM4138114_HNSCC_3_PBMC_CTGTTTAGTAAGTGTA	57.29346793235657	64.21912903540131	0.0	49.7696471113303	95.20384380197306	66.07302142405327	51.39926378140935	0.0	0.0	0.0	8.83357599883091	0.0	0.0	0.0	0.0	0.0	21.115350490489504	0.0	0.0	0.0	0.0	0.0	0.0	0.0	0.0	0.0	0.0	0.0	0.0	0.0	0.0
GSM4138114_HNSCC_3_PBMC_GAAATGACAGCTTAAC	27.56808604508746	54.43053708443105	0.0	51.95760897467439	61.01359406476533	0.0	16.707985535369456	0.0	112.89894496123604	0.0	0.0	0.0	17.89024083486046	0.0	0.0	0.0	0.0	0.0	0.0	0.0	0.0	0.0	0.0	0.0	0.0	0.0	0.0	0.0	0.0	0.0	0.0
GSM4138114_HNSCC_3_PBMC_GACCTGGGTTAAAGTG	20.529507166103382	0.0	36.59113120738092	16.749090126587205	0.0	0.0	0.0	72.34494622683594	0.0	68.11055396573661	0.0	0.0	0.0	0.0	0.0	51.336035582693654	0.0	40.64775126956227	0.0	0.0	0.0	0.0	0.0	0.0	0.0	0.0	0.0	0.0	0.0	0.0	0.0
GSM4138114_HNSCC_3_PBMC_GATCAGTTCATCTGCC	120.18020133638731	0.0	0.0	0.0	78.90937096659644	79.4133309509877	0.0	0.0	0.0	0.0	0.0	0.0	0.0	84.3884486277253	0.0	0.0	0.0	0.0	0.0	0.0	0.0	0.0	0.0	20.867043413126986	0.0	67.6251559797138	0.0	0.0	0.0	0.0	0.0
GSM4138114_HNSCC_3_PBMC_GATCGATTCGCCAAAT	102.89963871528926	59.89191723289511	0.0	91.07990879197583	79.46227630387679	52.445461799752614	0.0	63.85682755417036	0.0	20.836562270528518	0.0	0.0	0.0	0.0	0.0	0.0	0.0	0.0	0.0	0.0	0.0	0.0	0.0	0.0	0.0	0.0	23.91343762354204	0.0	0.0	0.0	0.0
GSM4138114_HNSCC_3_PBMC_GATCGTACATGCCCGA	42.04787809152944	41.71974938275091	49.41247853706877	0.0	0.0	0.0	0.0	52.9075013711175	83.87855075620845	0.0	0.0	64.36033790993201	0.0	0.0	0.0	7.056213975404597	0.0	0.0	0.0	0.0	0.0	0.0	0.0	0.0	0.0	0.0	0.0	0.0	0.0	0.0	0.0
GSM4138114_HNSCC_3_PBMC_GATCTAGGTCTTGATG	49.37359663456856	33.72484484770699	95.67177340467785	42.19064361394485	0.0	0.0	0.0	71.30117931702296	0.0	73.9430795802814	0.0	0.0	0.0	17.62794570150307	0.0	0.0	0.7963793746370533	0.0	0.0	0.0	0.0	21.542726858360094	0.0	0.0	1.1551924832982203	0.0	0.0	0.0	0.0	3.0204573546273665	0.0
GSM4138114_HNSCC_3_PBMC_GCAAACTCAAACAACA	164.5293443861809	57.27943419145663	0.0	0.0	0.0	0.0	57.79348191330537	8.401599787683544	0.0	0.0	71.2491881042478	0.0	0.0	0.0	0.0	0.0	0.0	0.0	80.0996848233851	0.0	43.65999061834659	0.0	0.0	0.0	0.0	0.0	0.0	0.0	0.0	0.0	0.0
GSM4138114_HNSCC_3_PBMC_GCAAACTGTTCTGTTT	132.09631857621832	0.0	52.33125128755036	42.23649973852481	0.0	0.0	61.87267326638943	0.0	0.0	0.0	91.89720077658376	0.0	0.0	0.0	0.0	45.04244634922769	0.0	0.0	0.0	0.0	0.0	0.0	0.0	0.0	0.0	0.0	0.0	0.0	0.0	0.0	0.0
GSM4138114_HNSCC_3_PBMC_GCACATATCAGGCGAA	178.95608111893222	67.44176864917445	43.730929164108794	110.46145071166342	0.0	0.0	23.235308290953046	0.0	0.0	173.3426417293397	0.0	0.0	0.0	0.0	0.0	0.0	41.71531766741158	0.0	0.0	0.0	0.0	0.0	0.0	0.0	0.0	21.219901306804612	0.0	0.0	0.0	0.0	27.58237624603847
GSM4138114_HNSCC_3_PBMC_GCATGATCAGCTGTGC	44.626778213858394	54.40459656131664	0.0	0.0	0.0	0.0	0.0	0.0	14.434001116436828	0.0	0.0	0.0	0.0	15.080438526107196	0.0	0.0	0.0	0.0	27.430313530203556	0.0	42.420044118347654	0.0	0.0	0.0	0.0	98.51313952047397	0.0	0.0	0.0	0.0	0.0
GSM4138114_HNSCC_3_PBMC_GCGACCACAGGGTACA	28.859732258387496	61.642921288136336	0.0	28.574872458660813	0.0	104.3276079082219	0.0	0.0	0.0	0.0	0.0	0.0	0.0	0.0	0.0	0.0	85.29779859300193	0.0	0.0	0.0	0.0	0.0	0.0	0.0	58.69189681514204	0.0	0.0	0.0	7.4802029085606145	0.0	0.0
GSM4138114_HNSCC_3_PBMC_GCGCAACTCGTTGCCT	70.16291432670197	45.549274238308435	40.94046109561496	0.0	0.0	0.0	0.0	72.67457247814679	0.0	45.30227676709241	0.0	13.264851915828702	0.0	0.0	0.0	0.0	0.0	6.413059336363785	8.139249357247127	0.0	0.0	0.0	0.0	0.0	0.0	0.0	0.0	0.0	0.0	0.0	0.0
GSM4138114_HNSCC_3_PBMC_GCGCCAACAAGGCTCC	81.43081977019285	61.40735864534785	65.53323635857065	73.2720187859188	0.0	0.0	0.0	0.0	102.59422809384267	0.0	0.0	0.0	0.0	0.0	0.0	0.0	0.0	0.0	0.0	0.0	0.0	0.0	0.0	0.0	64.25061675311534	0.0	0.0	0.0	0.0	0.0	0.0
GSM4138114_HNSCC_3_PBMC_GCTCTGTAGTGTCTCA	65.24167245428892	0.0	0.0	0.0	0.0	0.0	14.889548254060996	0.0	0.0	88.1930649271917	0.0	53.70487447739157	0.0	0.0	0.0	84.65361906979531	0.0	116.82818893432545	38.71166649982155	0.0	0.0	0.0	0.0	0.0	0.0	0.0	0.0	0.0	0.0	0.0	0.0
GSM4138114_HNSCC_3_PBMC_GCTGCTTAGATAGTCA	79.89887651447343	79.81814919656206	88.51097105692965	0.0	49.600054049478416	0.0	0.0	0.0	76.48625063627271	0.0	0.0	0.0	55.66671308376742	0.0	0.0	0.0	0.0	0.0	32.66495713220834	0.0	0.0	0.0	41.63193588497422	0.0	0.0	0.0	0.0	0.0	0.0	0.0	0.0
GSM4138114_HNSCC_3_PBMC_GGATGTTAGCTACCTA	99.51283095580341	172.2934841738173	0.0	0.0	114.31498828648797	0.0	8.256765294371757	66.43113643202912	0.0	0.0	87.93550474699175	19.970016191222697	0.0	6.853186587198333	0.0	0.0	0.0	0.0	61.634329394853715	0.0	0.0	0.0	0.0	0.0	0.0	0.0	0.0	0.0	0.0	0.0	0.0
GSM4138114_HNSCC_3_PBMC_GGCCGATAGCACCGTC	116.9681261972552	64.56606466538106	0.0	75.71183244108225	112.81505025156571	0.0	0.0	0.0	0.0	61.05959430434798	0.0	0.0	100.38205383081691	0.0	0.0	0.0	0.0	0.0	0.0	0.0	0.0	0.0	0.0	0.0	0.0	0.0	0.0	0.0	0.0	0.0	0.0
GSM4138114_HNSCC_3_PBMC_GGCGTGTGTCCCTTGT	88.82382382115922	42.54691331984102	80.31843869115163	0.0	0.0	0.0	0.0	0.0	0.0	0.0	98.84919695331833	57.16498597153482	17.502101228616805	0.0	0.0	37.40123767514024	0.0	0.0	0.0	0.0	0.0	0.0	0.0	0.0	14.874275869724235	6.486526111597433	0.0	0.0	2.1459783062525837	0.0	0.0
GSM4138114_HNSCC_3_PBMC_GGGCACTTCAGCTCTC	98.11566920874117	50.753257995486486	0.0	91.77170322277051	0.0	88.83260718646197	41.63174452094379	0.0	0.0	0.0	0.0	0.0	0.0	0.0	0.0	0.0	84.04385460767578	0.0	0.0	0.0	0.0	0.0	0.0	0.0	0.0	0.0	0.0	0.0	0.0	0.0	0.0
GSM4138114_HNSCC_3_PBMC_GTAGGCCTCAAAGTAG	45.928276825244424	0.0	0.0	0.0	0.0	0.0	11.365529269617928	39.35670748187741	77.3010685485956	0.0	0.0	13.639992071078723	0.0	113.78540767917995	0.0	0.0	84.05349094903002	0.0	31.15605254290946	0.0	0.0	0.0	0.0	0.0	0.0	0.0	0.0	0.0	0.0	0.0	0.0
GSM4138114_HNSCC_3_PBMC_GTATCTTAGCTAAACA	87.89128935585799	0.0	8.28769311446421	0.0	0.0	77.68966281904505	0.0	0.0	0.0	0.0	0.0	0.0	80.77083828222405	0.0	48.10278843999176	0.0	25.95446503775705	0.0	0.0	0.0	0.0	46.79566333509548	0.0	0.0	0.0	0.0	2.7449378080112683	0.0	0.0	0.0	0.0
GSM4138114_HNSCC_3_PBMC_GTCTCGTCATCTCCCA	135.53582187122512	0.0	0.0	25.199447596531545	59.3703764651105	0.0	0.0	0.0	0.0	86.41038062802907	0.0	0.0	0.0	0.0	0.0	0.0	0.0	0.0	0.0	0.0	0.0	73.823833413496	0.0	0.0	0.0	0.0	0.0	0.0	0.0	62.10055518978334	0.0
GSM4138114_HNSCC_3_PBMC_GTGTGCGGTTCGCTAA	70.50854619713624	92.76517780095814	0.0	0.0	0.0	0.0	79.28352275528292	0.0	82.74145282714986	0.0	0.0	48.35313965189317	0.0	0.0	0.0	0.0	44.83060579407118	0.0	0.0	0.0	0.0	0.0	0.0	0.0	0.0	0.0	0.0	0.0	0.0	0.0	0.0
GSM4138114_HNSCC_3_PBMC_GTTACAGAGAGCTGCA	208.72205005472625	35.59379166840626	0.0	26.660323174254973	0.0	0.0	0.0	28.03988879571943	0.0	62.27753860027494	0.0	0.0	0.0	0.0	0.0	0.0	9.736605240371174	47.590187335964146	0.0	0.0	11.18246564570372	0.0	0.0	0.0	0.0	0.0	0.0	0.0	0.0	0.0	0.0
GSM4138114_HNSCC_3_PBMC_GTTCATTAGCTACCTA	42.870330745828184	54.20370319787698	0.0	83.5530727794887	53.1024195468534	75.51217642946025	0.0	0.0	0.0	0.0	0.0	15.458002937205	0.0	0.0	0.0	0.0	0.0	0.0	0.0	0.0	0.0	0.0	0.0	0.0	80.30442213617424	0.0	0.0	0.0	0.0	0.0	0.0
GSM4138114_HNSCC_3_PBMC_TAAGTGCAGTTCGCAT	62.5366401775764	0.0	81.99458474777713	79.45994062889575	0.0	0.0	26.160988432536065	43.13396513649849	0.0	22.356029438359425	0.0	0.0	0.0	0.0	0.0	23.430956798390838	0.0	0.0	0.0	0.0	0.0	38.14567253620926	0.0	0.0	0.0	0.0	0.0	0.0	0.0	0.0	0.0
GSM4138114_HNSCC_3_PBMC_TACTTGTCAAGCGAGT	17.42331347561502	0.0	0.0	0.0	115.14592156977223	0.0	0.0	40.58775655514755	70.92592464698117	0.0	0.0	0.0	0.0	68.97696194390124	30.498308717060063	0.0	0.0	0.0	0.0	0.0	0.0	0.0	0.0	0.0	0.0	0.0	0.0	0.0	0.0	0.0	0.0
GSM4138114_HNSCC_3_PBMC_TAGACCATCCGGGTGT	65.11538422025153	0.0	46.71575460644053	12.929514072232283	0.0	0.0	0.0	71.41277299668792	0.0	0.0	73.6612734337155	0.0	0.0	0.0	0.0	82.60849223812022	0.0	0.0	0.0	0.0	0.0	0.0	27.981656862669194	0.0	0.0	0.0	0.0	0.0	0.0	0.0	0.0
GSM4138114_HNSCC_3_PBMC_TAGGCATAGCCACGCT	141.86131242274567	174.15028255238155	236.5679688785584	0.0	0.0	324.6403251317733	194.68648032344424	0.0	0.0	0.0	0.0	0.0	0.0	8.43909972939027	0.0	0.0	0.0	0.0	0.0	0.0	0.0	0.0	0.0	181.56208036229273	0.0	0.0	31.007559776443838	0.0	0.0	0.0	0.0
GSM4138114_HNSCC_3_PBMC_TATTACCAGTGACTCT	84.65956969218261	0.0	32.476253145343364	0.0	0.0	0.0	31.771281774009346	0.0	0.0	0.0	105.14435694229623	2.8996197966321344	28.697378787921533	0.0	0.0	71.9948809266961	0.0	0.0	34.763780247472944	0.0	0.0	12.905708279777077	0.0	0.0	0.0	0.0	0.0	0.0	0.0	0.0	0.0
GSM4138114_HNSCC_3_PBMC_TCAACGACAGACACTT	105.95934555986861	46.553035257574244	42.35140577295096	0.0	0.0	65.63129062106275	0.0	0.0	0.0	0.0	0.0	75.80314664626457	62.71832638100616	0.0	0.0	0.0	0.0	0.0	5.4716390802543735	0.0	0.0	0.0	0.0	0.0	0.0	0.0	0.0	0.0	0.0	0.0	0.0
GSM4138114_HNSCC_3_PBMC_TCAGGATTCCGTTGTC	78.22479731536241	0.0	0.0	0.0	0.0	15.226977743560893	0.0	94.19660599128171	0.0	0.0	20.96018619719328	0.0	0.0	0.0	29.039662032045623	0.0	0.0	0.0	0.0	0.0	35.10271515223665	62.12558786444407	0.0	0.0	0.0	0.0	0.0	0.0	0.0	0.0	0.0
GSM4138114_HNSCC_3_PBMC_TCATTTGGTTCCCGAG	47.47937092175693	70.34257674946083	0.0	54.72192526744579	65.2503919581803	63.66219334042934	0.0	0.0	0.0	0.0	0.0	0.0	25.60024069158659	0.0	0.0	0.0	0.0	0.0	0.0	0.0	0.0	9.493808007221118	0.0	0.0	0.0	0.0	0.0	0.0	0.0	0.0	0.0
GSM4138114_HNSCC_3_PBMC_TCGAGGCGTACTCTCC	54.59314683480172	75.41732145417542	31.48182907048395	20.497524137714887	0.0	69.59797229282508	0.0	0.0	0.0	0.0	0.0	0.0	67.57024726362361	0.0	0.0	0.0	25.970352292211842	0.0	0.0	0.0	20.815575854186562	0.0	0.0	0.0	0.0	0.0	0.0	0.0	0.0	0.0	0.0
GSM4138114_HNSCC_3_PBMC_TCGCGAGTCTATCCTA	85.81632758182207	97.55291885646302	4.826735374108398	0.0	5.67377989657573	51.27124903629923	0.0	81.19456413152707	0.0	0.0	35.466851645301375	0.0	0.0	0.0	0.0	0.0	16.690675898753806	0.0	124.91768861464882	0.0	56.83210900005023	0.0	0.0	0.0	0.0	0.0	0.0	0.0	0.0	0.0	0.0
GSM4138114_HNSCC_3_PBMC_TCTGGAAGTGTAAGTA	116.41242003557345	47.69985350498002	56.45440500636326	7.3442252591303	0.0	0.0	0.0	0.0	0.0	0.0	65.63925827200572	0.0	57.32726335160761	0.0	40.30284546504879	0.0	0.0	0.0	0.0	0.0	0.0	0.0	0.0	0.0	0.0	0.0	0.0	0.0	0.0	0.0	0.0
GSM4138114_HNSCC_3_PBMC_TGACTAGTCTGAAAGA	54.627461121027316	50.873932170583636	0.0	26.129931465112218	0.0	86.08273853928175	22.490625200202786	26.585038549760935	0.0	0.0	0.0	0.0	0.0	0.0	0.0	0.0	0.0	0.0	0.0	0.0	74.0033968991235	0.0	0.0	0.0	0.0	0.0	0.0	0.0	0.0	0.0	0.0
GSM4138114_HNSCC_3_PBMC_TGACTTTCAATGGAAT	44.62088676662047	38.565731869132954	0.0	0.0	0.0	4.542483397887058	0.0	0.0	0.0	0.0	5.956142582639435	46.460722817469176	24.380803972373776	0.0	0.0	0.0	0.0	36.55559162579567	8.43566881550576	0.0	0.0	0.0	43.059753298960864	0.0	0.0	0.0	3.138442816226453	0.0	0.0	0.0	0.0
GSM4138114_HNSCC_3_PBMC_TGAGAGGGTCCGAATT	81.378102829194	66.73193244090453	0.0	89.77372623247273	14.2493570357164	81.718960076697	78.65011455472198	0.0	0.0	0.0	0.0	0.0	0.0	0.0	0.0	0.0	56.20948001893285	0.0	0.0	0.0	0.0	0.0	0.0	0.0	0.0	0.0	32.11991718126702	0.0	0.0	0.0	0.0
GSM4138114_HNSCC_3_PBMC_TGAGCCGGTACAGCAG	97.72628575906322	0.0	0.0	49.44270437952432	0.0	0.0	0.0	0.0	152.80732977085808	0.0	0.0	0.0	30.744279546071482	83.66884227471138	0.0	0.0	72.51670463314089	0.0	0.0	0.0	0.0	32.08737771321647	0.0	0.0	0.0	0.0	0.0	0.0	0.0	0.0	0.0
GSM4138114_HNSCC_3_PBMC_TGAGGGAAGGGTGTGT	115.6049739321524	0.0	0.0	190.58867637548656	0.0	134.69643382681286	0.0	27.912828173290013	0.0	0.0	0.0	0.0	0.0	0.0	0.0	0.0	60.724787886635404	54.96112452887729	0.0	0.0	0.0	71.59140361412238	0.0	0.0	0.0	0.0	0.0	0.0	0.0	0.0	0.0
GSM4138114_HNSCC_3_PBMC_TGAGGGAGTAGCCTAT	62.870701999692436	53.86239786340716	0.0	0.0	87.98993785389996	0.0	21.507039055350067	0.0	76.8161088341912	0.0	0.0	44.42748674871668	0.0	0.0	0.0	0.0	0.0	27.819625660266304	0.0	0.0	0.0	0.0	0.0	0.0	0.0	0.0	0.0	0.0	0.0	0.0	0.0
GSM4138114_HNSCC_3_PBMC_TGCGCAGAGGTAGCTG	73.68870260007938	62.624281020377545	0.0	16.03128375339785	0.0	0.0	29.030027129093252	21.394341896889074	0.0	97.61814023056961	0.0	25.34634499050071	0.0	0.0	0.0	0.0	86.39562335576173	0.0	14.07087698717946	0.0	0.0	0.0	0.0	0.0	0.0	0.0	0.0	0.0	0.0	0.0	0.0
GSM4138114_HNSCC_3_PBMC_TGGACGCGTTCCACAA	214.32660531555172	82.1529067461076	0.0	241.41308736267845	0.0	0.0	166.94015925047478	0.0	0.0	0.0	0.0	0.0	0.0	0.0	0.0	0.0	161.75297437487023	0.0	0.0	0.0	0.0	0.0	0.0	0.0	0.0	0.0	291.90058231431266	0.0	0.0	0.0	0.0
GSM4138114_HNSCC_3_PBMC_TTCTACAGTCTAGTGT	46.80485564797905	7.532759949716478	0.0	0.0	130.17117362272845	56.08580443265936	0.0	26.258497127222522	0.0	0.0	0.0	50.12500411873287	0.0	0.0	0.0	48.71252657657005	0.0	0.0	0.0	0.0	0.0	0.0	0.0	0.0	0.0	0.0	0.0	0.0	0.0	0.0	0.0
GSM4138114_HNSCC_3_PBMC_TTCTACATCTGCGTAA	91.89441129696391	113.57208446560891	0.0	93.95676279766472	0.0	51.88672687533705	0.0	0.0	0.0	0.0	0.0	0.0	0.0	0.0	0.0	0.0	0.0	129.07559164026617	0.0	22.60773119188048	0.0	0.0	0.0	0.0	0.0	55.53031058534404	79.31892572583757	0.0	0.0	0.0	0.0
GSM4138114_HNSCC_3_PBMC_TTCTCAAGTCAAGCGA	51.937395717460845	14.4117716734423	69.07504825136466	0.0	0.0	0.0	10.159910810447798	0.0	0.0	0.0	101.37212841354071	0.0	0.0	32.67635725587995	23.143304249938986	1.0900245710545853	0.0	0.0	0.0	0.0	0.0	43.16778596045098	0.0	0.0	0.0	0.0	0.0	0.0	0.0	0.0	0.0
GSM4138114_HNSCC_3_PBMC_TTCTCAAGTTATGTGC	58.10662982960538	53.24842827575296	125.42044060869061	0.0	0.0	0.0	0.0	41.61114888184908	43.29532709752737	0.0	0.0	0.0	0.0	0.0	54.16651403816961	0.0	0.0	11.473497657186831	0.0	0.0	0.0	0.0	0.0	45.70489828122878	0.0	0.0	0.0	0.0	0.0	0.0	0.0
GSM4138114_HNSCC_3_PBMC_TTCTTAGAGGCTCTTA	40.435238838098314	72.37454142542536	0.0	28.780142695234705	0.0	38.217758799061755	0.0	0.0	15.442022411764684	0.0	0.0	0.0	0.0	0.0	0.0	0.0	0.0	38.8930318453368	0.0	0.0	20.698639747630153	0.0	0.0	0.0	0.0	0.0	0.0	0.0	0.0	0.0	70.09749116143566
GSM4138114_HNSCC_3_PBMC_TTTCCTCTCCTTTCTC	31.297499349108023	0.0	17.854989086434188	0.0	0.0	0.0	0.0	0.0	0.0	0.0	0.0	0.0	40.943146338170386	0.0	0.0	72.20531993882445	0.0	7.3803172109726685	0.0	44.02218247391346	0.0	0.0	0.0	70.89962998584811	0.0	0.0	0.0	0.0	0.0	0.0	0.0
GSM4138114_HNSCC_3_PBMC_TTTGTCACACGAAAGC	89.54744534469643	61.42421911851879	0.0	108.81123342440988	0.0	0.0	0.0	0.0	22.603639283112745	20.77312090422489	0.0	0.0	0.0	0.0	0.0	0.0	0.0	97.12666894372876	0.0	0.0	0.0	0.0	0.0	0.0	0.0	0.0	10.54559015811909	0.0	0.0	58.76093195470005	0.0
GSM4138114_HNSCC_3_PBMC_TGTGTTTTCCCATTAT	93.56088669315555	107.86443419114306	0.0	0.0	36.259372385746886	0.0	0.0	33.57244640764518	0.0	304.17923488027	0.0	0.0	0.0	0.0	0.0	0.0	0.0	0.0	226.90964005454725	0.0	31.457520919405987	0.0	0.0	0.0	0.0	0.0	0.0	0.0	0.0	0.0	0.0
GSM4138114_HNSCC_3_PBMC_AACCATGAGCTAAACA	74.47891181108422	110.98063413407442	0.0	23.800217521299967	58.46438256757546	0.0	3.7529576124762096	64.13776740643868	0.0	85.52413119721831	0.0	0.0	0.0	0.0	0.0	0.0	0.0	0.0	0.0	0.0	0.0	0.0	0.0	0.0	0.0	0.0	0.0	0.0	0.0	0.0	0.0
GSM4138114_HNSCC_3_PBMC_AACTTTCCAGCCTTTC	60.07903560689193	0.0	85.1753421128915	0.0	0.0	0.0	0.0	10.451664478363233	113.91187992396178	0.0	0.0	0.0	0.0	97.02652925459016	0.0	0.0	0.0	0.0	0.0	0.0	0.0	0.0	0.0	84.14801796977524	0.0	61.51597646463117	0.0	0.0	0.0	0.0	0.0
GSM4138114_HNSCC_3_PBMC_AAGGTTCGTAAATGAC	72.42772701476301	30.559170986528382	57.473722244785016	0.0	0.0	0.0	0.0	0.0	101.27462647605614	0.0	0.0	86.15135958787577	28.92181426133998	0.0	0.0	0.0	0.0	0.0	0.0	0.0	0.0	0.0	0.0	0.0	0.0	0.0	0.0	0.0	0.0	0.0	0.0
GSM4138114_HNSCC_3_PBMC_ACAGCCGCATCCCACT	111.16761750081857	61.76123144794105	0.0	0.0	79.8048354350436	0.0	79.4765096913833	0.0	109.77197570481671	0.0	1.550671419978509	30.338763559578524	0.0	25.304567951386446	52.355235166114184	0.0	0.0	0.0	0.0	0.0	0.0	0.0	0.0	0.0	0.0	0.0	0.0	29.794626300347748	0.0	0.0	0.0
GSM4138114_HNSCC_3_PBMC_ACATACGGTCACTGGC	156.21833585057684	0.0	156.77542719604133	0.0	0.0	0.0	49.842467651204316	39.95366669505165	75.51748803446596	0.0	0.0	0.0	0.0	7.397530344933267	0.0	108.18297202410018	0.0	0.0	0.0	0.0	0.0	0.0	0.0	69.88297296107524	0.0	0.0	0.0	0.0	0.0	1.0468077399033218	0.0
GSM4138114_HNSCC_3_PBMC_ACCCACTCATGGTCAT	77.77087804521452	46.071940117657554	46.69265733481304	0.0	63.57575083752771	0.0	52.84304676354268	0.0	80.16606078941342	0.0	0.0	0.0	0.0	0.0	0.0	0.0	0.0	0.0	68.46482666492969	0.0	0.0	0.0	0.0	17.081161372391435	0.0	0.0	0.0	0.5356871342129687	0.0	0.0	0.0
GSM4138114_HNSCC_3_PBMC_ACGATGTGTACCATCA	95.26390132039741	94.94519174948448	103.17270556435385	0.0	0.0	0.0	0.0	75.57841235477521	129.25707653141154	0.0	0.0	72.45185584558634	0.0	0.0	0.0	0.0	0.0	0.0	0.0	0.0	0.0	0.0	0.0	0.0	31.293341389645946	0.0	0.0	0.0	0.0	0.0	0.0
GSM4138114_HNSCC_3_PBMC_ACGCCAGCACACTGCG	169.03434368574253	92.39735551116183	117.58989691607908	51.54854715500812	0.0	39.935745624410075	0.0	49.27384377725369	0.0	0.0	29.310571380132533	0.0	25.35683437150232	0.0	0.0	0.0	0.0	0.0	0.0	61.38973939143233	0.0	0.0	0.0	0.0	0.0	0.0	0.0	0.0	0.0	0.0	0.0
GSM4138114_HNSCC_3_PBMC_ACGGGTCGTTACGACT	34.04456329830421	0.0	0.0	0.0	81.22654060576264	0.0	0.0	29.007930321206	65.75799648173972	0.0	0.0	0.0	0.0	0.0	0.0	114.07400116033268	0.0	0.0	29.205285722263064	0.0	0.0	0.0	0.0	0.0	0.0	0.0	0.0	0.0	0.0	0.0	0.0
GSM4138114_HNSCC_3_PBMC_ACGGGTCTCTGCCCTA	46.5105377549037	73.98343447900211	0.0	0.0	0.0	0.0	39.99744842685918	0.0	0.0	0.0	41.13060540401237	13.820695841614793	0.0	0.0	0.0	0.0	0.0	0.0	32.02186207235639	0.0	74.83493273949786	0.0	0.0	0.0	0.0	0.0	0.0	0.0	0.0	0.0	0.0
GSM4138114_HNSCC_3_PBMC_ACTTACTGTCATGCAT	55.519172150918706	42.54412102334198	25.334791465031493	0.0	0.0	0.0	0.0	33.84794418900641	0.0	0.0	60.397980479690325	0.0	29.712580284038168	0.0	0.0	0.0	0.0	0.0	42.42232454546095	44.72853043577904	0.0	0.0	0.0	0.0	0.0	0.0	0.0	0.0	5.615527697120116	0.0	0.0
GSM4138114_HNSCC_3_PBMC_ACTTGTTAGAGTAAGG	65.95846147774384	112.75027278694436	1.4658485339093663	0.0	0.0	0.0	0.0	18.513203003117905	0.0	0.0	0.0	0.0	0.0	0.0	79.40255559059969	0.0	0.0	0.0	0.0	0.0	34.334471115138165	0.0	86.50041771344694	0.0	0.0	0.0	0.0	0.0	0.0	0.0	0.0
GSM4138114_HNSCC_3_PBMC_AGCGTCGCAACTGCGC	47.71207100228562	45.56468238876952	0.0	92.48818454274259	14.253986727664964	67.9490097039898	58.17030840089978	31.47245466005624	0.0	0.0	6.242805311854419	0.0	0.0	0.0	0.0	0.0	52.65716569025687	0.0	0.0	0.0	0.0	0.0	0.0	0.0	0.0	0.0	0.0	0.0	0.0	0.0	0.0
GSM4138114_HNSCC_3_PBMC_AGCTTGAAGGAGCGTT	59.01830144894605	0.0	44.48003273958639	65.00026852098254	0.0	0.0	0.0	0.0	0.0	0.0	0.0	0.0	26.48532434910791	0.0	0.0	68.24129673784086	0.0	0.0	0.0	102.3344649153265	0.0	0.0	0.0	0.0	0.0	0.0	0.0	0.0	0.0	0.0	0.0
GSM4138114_HNSCC_3_PBMC_AGGGATGCATCCGCGA	59.290383012843606	69.5663056516824	0.0	32.63345856039713	62.72322519509219	0.0	0.0	0.0	128.89889395131303	0.0	0.0	0.0	54.45858025848675	0.0	0.0	0.0	0.0	0.0	29.338663708569495	0.0	0.0	0.0	0.0	0.0	0.0	0.0	0.0	0.0	0.0	0.0	0.0
GSM4138114_HNSCC_3_PBMC_AGGTCATAGTTGCAGG	99.48815703317415	133.088924339963	104.28478165961927	0.0	0.0	0.0	0.0	120.83088214911434	0.0	0.0	3.006202715880841	0.0	0.0	0.0	0.46205252656220436	0.0	0.0	0.0	42.77009948569511	78.96273411727131	0.0	0.0	0.0	0.0	0.0	0.0	0.0	0.0	0.0	0.0	0.0
GSM4138114_HNSCC_3_PBMC_AGGTCCGTCAGCTGGC	48.41065572847777	6.417868844536091	29.701449102001494	52.25857167152306	0.0	0.0	15.484416104459694	0.0	0.0	32.780450647773854	0.0	0.0	0.0	0.0	0.0	32.57213863724736	0.0	0.0	0.0	0.0	55.277815301804814	0.0	0.0	0.0	0.0	0.0	32.39987622567048	0.0	0.0	0.0	0.0
GSM4138114_HNSCC_3_PBMC_AGTGGGATCGATAGAA	89.74478438575463	76.11980293153701	131.9243304939568	0.0	0.0	0.0	0.0	0.0	0.0	0.0	68.14504901628315	0.0	91.1009586769335	0.0	41.44585495655783	0.0	0.0	0.0	0.0	0.0	0.0	0.0	41.99234001870048	0.0	0.0	0.0	0.0	0.0	0.0	0.0	0.0
GSM4138114_HNSCC_3_PBMC_AGTGTCAAGTGTACTC	129.14785353491814	59.487423417072286	56.941607573474826	34.6870741242608	0.0	42.53297010144917	52.01820546650684	0.0	0.0	0.0	0.0	0.0	0.0	0.0	0.0	0.0	0.0	0.0	0.0	0.0	0.0	0.0	0.0	0.0	0.0	0.0	49.42804496822764	0.0	0.0	0.0	0.0
GSM4138114_HNSCC_3_PBMC_ATAGACCAGTGACATA	173.1417156515026	95.42772204679758	0.0	105.77094678318535	0.0	0.0	37.008499671911295	0.0	0.0	103.32308733549586	0.0	0.0	0.0	0.0	0.0	0.0	135.2154912484999	0.0	0.0	0.0	0.0	0.0	0.0	0.0	0.0	0.0	0.0	0.0	0.0	0.0	0.0
GSM4138114_HNSCC_3_PBMC_ATCACGAGTAAGTTCC	56.49452596806594	56.09089081699964	0.0	33.20661167037072	0.0	88.18268056997316	30.944355628625814	0.0	0.0	0.0	0.0	0.0	0.0	0.0	0.0	0.0	86.37666487255986	0.0	0.0	0.0	0.0	0.0	0.0	0.0	0.0	0.0	0.0	0.0	0.0	0.0	0.0
GSM4138114_HNSCC_3_PBMC_ATGGGAGTCACGCGGT	93.65971632446202	4.453165586535203	0.0	0.0	174.40322772938117	0.0	0.0	0.0	0.0	0.0	136.60789866016884	0.0	57.1462296854245	69.77299854327487	86.15835739804554	16.21108506045645	0.0	0.0	0.0	0.0	0.0	0.0	0.0	0.0	0.0	0.0	0.0	0.0	0.0	0.0	0.0
GSM4138114_HNSCC_3_PBMC_ATTGGACTCTCTTATG	44.9842920509763	33.13367860929672	0.0	18.823873803961707	81.71646852212119	29.288581221961177	33.81908401977397	0.0	0.0	0.0	0.0	0.0	0.0	0.0	0.0	0.0	0.0	0.0	0.0	0.0	0.0	0.0	0.0	0.0	0.0	0.0	0.0	0.0	0.0	0.0	0.0
GSM4138114_HNSCC_3_PBMC_CAACCTCGTACATCCA	60.05468033515494	0.0	56.008869077492456	51.06652109786155	0.0	4.853418301756785	99.3851678763121	0.0	0.0	97.62374728754537	0.0	0.0	0.0	0.0	0.0	14.070444387619	0.0	0.0	0.0	0.0	0.0	55.472702642025695	0.0	0.0	0.0	0.0	0.0	0.0	0.0	0.0	0.0
GSM4138114_HNSCC_3_PBMC_CAACTAGCACAACGCC	82.80349500125816	0.0	0.0	0.0	85.5677561319651	0.0	18.33076024662779	0.0	4.613248943725747	0.0	0.0	0.0	0.0	19.231373579040426	0.0	50.57891637085427	0.0	0.0	74.37480331354894	0.0	0.0	0.0	0.0	0.0	0.0	0.0	0.0	72.51412104635806	0.0	0.0	0.0
GSM4138114_HNSCC_3_PBMC_CAAGAAATCTATGTGG	51.55946970273449	82.54632638953454	41.66445871807134	54.72268974683228	0.0	0.0	12.554351714833725	37.485456057881514	35.589260722796716	43.29286531799903	0.0	0.0	0.0	0.0	0.0	0.0	0.0	14.72374200159544	0.0	0.0	0.0	0.0	0.0	0.0	0.0	0.0	0.0	0.0	0.0	0.0	0.0
GSM4138114_HNSCC_3_PBMC_CAAGATCCACCAGATT	56.842876831227336	0.0	0.0	0.0	58.61523221850951	62.22200447885598	0.0	53.59305717044269	0.0	3.508565445581298	0.0	0.0	0.0	93.41176760522842	0.0	0.0	0.0	0.0	52.90559019995295	0.0	0.0	0.0	0.0	0.0	21.152323045528725	0.0	13.41114351535415	0.0	0.0	0.0	0.0
GSM4138114_HNSCC_3_PBMC_CAGTAACAGCAACGGT	115.38041192572108	0.0	63.25563060140183	62.108640597436384	0.0	46.48394938753204	13.228602378744014	19.320473047090086	0.0	11.20466298713152	0.0	0.0	0.0	0.0	0.0	47.8241821834794	0.0	0.0	0.0	0.0	0.0	0.0	0.0	0.0	0.0	0.0	0.0	0.0	0.0	0.0	0.0
GSM4138114_HNSCC_3_PBMC_CATATGGCAAGTAGTA	86.48758702207986	0.0	88.48807736949189	53.45580468286413	67.71369282238648	0.0	64.5645049965953	0.0	0.0	131.299053707736	0.0	0.0	0.0	59.796526370026676	0.0	0.0	0.0	0.0	0.0	0.0	0.0	29.73991977849009	0.0	0.0	0.0	0.0	0.0	0.0	0.0	0.0	0.0
GSM4138114_HNSCC_3_PBMC_CATATGGGTACGAAAT	42.66276727333032	72.51378348806999	0.0	86.4113966011628	17.803680226181722	0.0	0.0	0.0	0.0	37.93429333548821	0.0	0.0	0.0	0.0	0.0	0.0	0.0	7.237088240174595	0.0	0.0	31.3982640943354	0.0	0.0	0.0	40.726700339604825	31.08418727226557	0.0	0.0	0.0	0.0	0.0
GSM4138114_HNSCC_3_PBMC_CATCCACTCGCATGGC	135.0666617964097	95.33731005723672	106.5189470712526	76.2390955495044	0.0	0.0	0.0	48.845024433507206	82.7238578319143	0.0	27.184352389703832	0.0	15.571551183210705	0.0	0.0	0.0	0.0	0.0	0.0	0.0	0.0	0.0	0.0	0.0	0.0	0.0	0.0	0.0	0.0	0.0	0.0
GSM4138114_HNSCC_3_PBMC_CCAGCGATCACAATGC	96.36572013847073	81.02942094011888	54.79840761311995	0.0	0.0	22.625923400887444	73.64578710296215	0.0	0.0	0.0	0.0	20.848099326535706	0.0	0.0	31.808056606754665	0.0	0.0	0.0	0.055447081404230415	77.5547340768482	42.984011682482375	0.0	0.0	0.0	0.0	0.0	0.0	0.0	0.0	0.0	0.0
GSM4138114_HNSCC_3_PBMC_CCCATACGTTTGGGCC	125.86975397261179	69.2231488088623	0.0	121.07317322788091	133.92174846918647	53.140014155152215	0.0	55.21856690633913	0.0	53.64070167440089	0.0	0.0	0.0	0.0	0.0	0.0	0.0	0.0	0.0	0.0	0.0	0.0	0.0	0.0	0.0	0.0	0.0	0.0	0.0	0.0	0.0
GSM4138114_HNSCC_3_PBMC_CCGGGATTCAGCTCGG	61.4909747909598	100.85415606016318	0.0	57.844470949812475	6.112335912054295	0.0	0.0	0.0	0.0	45.372138618181836	0.0	0.0	44.82326648520562	0.0	0.0	0.0	72.5298297389688	0.0	0.0	0.0	0.0	0.0	0.0	0.0	0.0	0.0	0.0	0.0	0.0	0.0	0.0
GSM4138114_HNSCC_3_PBMC_CCGGTAGAGGACAGAA	273.31590481543753	153.9958908902035	105.01663663357004	85.57342819634766	131.37940104787012	0.0	7.195440879736747	106.79170505368728	0.0	174.77602154891832	0.0	0.0	0.0	0.0	0.0	0.0	0.0	0.0	0.0	0.0	0.0	0.0	0.0	0.0	0.0	0.0	0.0	0.0	0.0	0.0	0.0
GSM4138114_HNSCC_3_PBMC_CCGGTAGCAGCATGAG	98.74502753059983	88.77749654054246	103.15311084721695	0.0	0.0	0.0	50.95029189399338	0.0	74.5387223459718	0.0	0.0	0.0	0.0	0.0	17.9836965037767	0.0	0.0	0.0	3.540758995610228	0.0	0.0	0.0	0.0	0.0	0.0	0.0	0.0	0.0	0.0	0.0	0.0
GSM4138114_HNSCC_3_PBMC_CCGTACTCATCGATGT	51.64436607191534	59.69290150421884	0.0	20.218966273359374	0.0	0.0	0.0	0.0	0.0	82.10341075160845	0.0	13.901620960176594	0.0	0.0	0.0	0.0	0.0	0.0	0.0	0.0	71.28454878190453	0.0	0.0	0.0	0.0	0.0	27.3903390544162	0.0	40.38458284513058	0.0	0.0
GSM4138114_HNSCC_3_PBMC_CCTATTAGTCCAAGTT	76.49077831921818	22.627252347486124	0.0	0.0	0.0	0.0	0.0	0.0	51.64376023301303	0.0	0.0	50.30638648329245	39.8971808730884	0.0	0.0	0.0	0.0	0.0	0.0	0.0	62.63032732614459	0.0	0.0	4.994361216844712	0.0	0.0	0.0	0.0	0.0	0.0	0.0
GSM4138114_HNSCC_3_PBMC_CCTTCGAGTGGCTCCA	50.17250489057327	0.0	127.29972833937639	45.98278567175574	0.0	39.237625580491425	0.0	0.0	0.0	0.0	0.0	0.0	0.0	0.0	0.0	0.0	0.0	0.0	0.0	0.0	0.0	130.5724356408831	0.0	0.0	41.96539492298065	0.0	0.0	0.0	0.0	0.0	0.0
GSM4138114_HNSCC_3_PBMC_CCTTTCTCAAAGGCGT	83.51261464094111	83.56445961180523	0.0	102.81472082704923	0.0	41.03414380869401	32.692223768233596	0.0	0.0	53.48084807103166	0.0	0.0	0.0	0.0	0.0	0.0	97.81759939616028	0.0	2.112184527792095	0.0	16.03518852094339	0.0	0.0	0.0	0.0	0.0	0.0	0.0	0.0	0.0	0.0
GSM4138114_HNSCC_3_PBMC_CGAGAAGAGTGCGTGA	100.54101092533087	65.56485373325542	0.0	31.371568049418176	0.0	0.0	51.98735754162409	0.0	0.0	71.68244574471224	0.0	0.0	0.0	0.0	0.0	0.0	0.0	0.0	0.0	0.0	34.11266032777308	0.0	0.0	0.0	0.0	0.0	0.0	0.0	0.0	0.0	0.0
GSM4138114_HNSCC_3_PBMC_CGATGTAAGGACTGGT	71.20744862646161	6.249242500555842	73.6373524908887	0.0	0.0	0.0	0.0	0.0	59.675639860993805	0.0	0.0	49.73315176900171	87.03791585190359	95.80727715643181	0.0	49.60599005043767	0.0	0.0	0.0	0.0	0.0	0.0	0.0	0.0	0.0	0.0	0.0	0.0	0.0	0.0	0.0
GSM4138114_HNSCC_3_PBMC_CGGACACGTGACCAAG	115.695395908078	76.13248760769491	101.30856616071624	0.0	48.05728563401428	0.0	0.0	0.0	92.98839383520139	0.0	0.0	0.0	56.08829824293856	0.0	0.0	0.0	0.0	0.0	45.8751721500237	0.0	0.0	0.0	0.0	0.0	0.0	0.0	0.0	0.0	0.0	0.0	0.0
GSM4138114_HNSCC_3_PBMC_CGGACTGGTTCTGTTT	86.19370775561235	0.0	0.0	0.0	49.24823760295377	77.83565952785003	52.981318490314706	0.0	0.0	0.0	0.0	0.0	0.0	0.0	0.0	118.4781134002567	0.0	0.0	19.993588572707246	0.0	0.0	0.0	0.0	0.0	0.0	0.0	0.0	0.0	0.0	0.0	0.0
GSM4138114_HNSCC_3_PBMC_CGGGTCACATCTATGG	65.65186825337828	41.84152884730254	48.552679655792126	0.0	0.0	41.01626053100139	0.0	0.0	0.0	0.0	0.0	0.0	0.0	0.0	28.14798087194476	0.0	0.0	0.0	0.0	0.0	0.0	0.0	9.470554208519617	0.0	57.41412106183804	0.0	0.0	0.0	0.0	0.0	0.0
GSM4138114_HNSCC_3_PBMC_CGTGTCTTCATGCTCC	97.23823815320135	89.72632993209191	119.84572805380046	0.0	0.0	0.0	3.60261122767609	94.13047686083529	0.0	0.0	88.48450593637791	16.646735196115035	0.0	0.0	0.0	0.0	0.0	0.0	20.430396377319745	0.0	0.0	0.0	0.0	0.0	0.0	0.0	0.0	0.0	0.0	0.0	0.0
GSM4138114_HNSCC_3_PBMC_CTAACTTGTGGCAAAC	73.06381140094017	75.71902699506	117.8629561036802	34.4115222114205	0.0	0.0	64.97472362972034	0.0	77.71703736044634	49.04726097774072	0.0	0.0	0.0	0.0	0.0	0.0	0.0	0.0	0.0	0.0	0.0	0.0	0.0	0.0	0.0	0.0	0.0	40.51799252125859	0.0	0.0	0.0
GSM4138114_HNSCC_3_PBMC_CTAACTTTCAGCTGGC	100.47622916758583	85.58060832304874	0.0	0.0	0.0	0.0	59.11396532093358	19.324003540717182	2.391406548812755	88.08934458045246	0.0	99.13992966987838	0.0	0.0	30.903613415121804	0.0	0.0	61.620884719971734	0.0	0.0	0.0	0.0	0.0	0.0	2.248950993021402	0.0	0.0	0.0	0.0	0.0	0.0
GSM4138114_HNSCC_3_PBMC_CTCGAAACAAGGACAC	140.91746797493738	94.2555172535084	0.0	64.95434634266262	132.35435215368682	113.808318916663	3.407905498218064	93.43119060292747	0.0	0.0	0.0	0.0	0.0	0.0	0.0	0.0	0.0	0.0	0.0	0.0	0.0	0.0	0.0	0.0	0.0	0.0	0.0	0.0	0.0	0.0	0.0
GSM4138114_HNSCC_3_PBMC_CTCTACGAGTGCGTGA	73.49145550403742	56.04504554877352	73.92317929142929	42.13936350088425	0.0	42.13518559640175	0.0	0.0	0.0	0.0	0.0	0.0	44.344434186609405	0.0	0.0	0.0	0.0	0.0	0.0	0.0	0.0	0.0	0.0	0.0	0.0	0.0	0.0	0.0	0.0	0.0	0.0
GSM4138114_HNSCC_3_PBMC_CTGAAGTAGAAACCGC	44.17816347738585	0.0	104.14186487052628	44.638907684938545	0.0	0.0	51.07733297836532	43.29254340732949	0.0	0.0	62.7314106086492	0.0	0.0	25.37899743917043	0.0	21.620020020107997	0.0	0.0	0.0	0.0	0.0	0.0	0.0	0.0	0.0	0.0	0.0	0.0	0.0	0.0	0.0
GSM4138114_HNSCC_3_PBMC_CTGAAGTCACTAAGTC	117.61977616556533	96.88452917548337	0.0	0.0	0.0	0.0	0.0	0.0	0.0	98.379432152159	0.0	0.0	40.68810511205892	0.0	30.326422944387136	0.0	0.0	0.0	0.0	0.0	68.95534670627985	0.0	0.0	0.0	0.0	0.0	0.0	0.0	0.0	0.0	0.0
GSM4138114_HNSCC_3_PBMC_CTGTTTACACAACGTT	53.2804754733981	89.33414692655627	56.866348281194625	64.97141759299754	0.0	0.0	0.0	40.482308042587796	0.0	0.0	0.0	0.0	0.0	0.0	0.0	0.0	0.0	9.968817965327297	0.0	0.0	0.0	0.0	0.0	0.0	0.0	0.0	0.0	25.677437478267066	0.0	0.0	0.0
GSM4138114_HNSCC_3_PBMC_GAACGGATCAGGTTCA	86.13961019049869	0.0	92.80725157534346	0.0	0.0	0.0	15.936599772904067	26.752024827814886	0.0	0.0	108.59396592614037	0.0	0.0	44.96119673158502	30.913255247731595	0.0	0.0	0.0	0.0	0.0	0.0	0.0	0.0	0.0	0.0	0.0	0.0	0.0	0.0	0.0	0.0
GSM4138114_HNSCC_3_PBMC_GACCTGGCAAGACACG	73.30257549910064	93.47970776375695	0.0	80.55182300356712	94.1218063022312	160.80969066554894	0.0	60.63479767154379	0.0	0.0	0.0	0.0	0.0	0.0	0.0	0.0	14.223134075813622	0.0	0.0	0.0	0.0	0.0	0.0	0.0	0.0	0.0	0.0	0.0	0.0	0.0	0.0
GSM4138114_HNSCC_3_PBMC_GACGCGTAGTTAGGTA	63.329738907306876	79.7488449544774	93.42388860097664	0.0	0.0	0.0	43.62742224969886	7.814137559658765	0.0	0.0	145.53177024288823	0.0	0.0	0.0	0.0	0.0	0.0	0.0	0.0	0.17018421410313658	0.0	0.0	0.0	21.884233662881517	0.0	8.531559111671523	0.0	0.0	0.0	0.0	0.0
GSM4138114_HNSCC_3_PBMC_GACTACAAGCGTTCCG	171.70409174568636	106.28702855353748	115.08461640046438	112.07046040848198	0.0	0.0	0.0	131.31306744722684	69.53250014342305	0.0	61.18526639043154	0.0	0.0	0.0	0.0	0.0	0.0	0.0	0.0	0.0	0.0	0.0	0.0	0.0	0.0	0.0	0.0	0.0	0.0	0.0	0.0
GSM4138114_HNSCC_3_PBMC_GCACATAGTTGTCGCG	99.19973568613239	110.39696144883679	53.024325181375765	5.780794051608913	37.21494319703142	78.32828129065796	0.0	0.0	0.0	0.0	0.0	0.0	0.0	0.0	0.0	0.0	0.0	0.0	41.66144161595898	42.183919540313596	0.0	0.0	0.0	0.0	79.83714841241027	0.0	0.0	0.0	0.0	0.0	0.0
GSM4138114_HNSCC_3_PBMC_GCATACAGTCAGATAA	55.77656499709575	40.55301776942387	17.29186402663635	0.0	0.0	154.80718974275123	0.0	0.0	0.0	0.0	0.0	0.0	78.9187128878845	0.0	32.17236643085711	0.0	0.0	0.0	0.0	0.0	0.0	0.0	0.0	0.0	0.0	0.0	0.0	0.0	0.0	0.0	0.0
GSM4138114_HNSCC_3_PBMC_GCATGTAGTATGAAAC	35.29370766547084	10.99368855107075	15.356716992384849	0.0	0.0	0.0	0.0	0.0	33.01537100972615	0.0	43.5376825978882	60.43730764845525	0.0	19.980092182594472	0.0	1.9213851033831588	0.0	0.0	0.0	0.0	25.166711671055086	14.351470720095474	0.0	0.0	0.0	49.252520326211105	0.0	0.0	0.0	0.0	0.0
GSM4138114_HNSCC_3_PBMC_GCCAAATGTCCTAGCG	63.5935521898791	0.0	0.0	0.0	102.68963229216548	0.0	0.0	77.73915844068364	0.0	50.663535839490976	0.0	39.06404291668306	0.0	0.0	0.0	43.70464691928782	0.0	0.0	43.471339626567115	0.0	0.0	0.0	0.0	0.0	0.0	0.0	0.0	0.0	0.0	0.0	0.0
GSM4138114_HNSCC_3_PBMC_GCGCAGTAGTTGTAGA	99.63449840036864	63.838891593734566	123.84759010264021	0.0	0.0	0.0	0.0	2.1337183687526977	23.46775472422705	26.90147025198234	0.0	0.0	0.0	0.0	0.0	0.0	0.0	0.0	0.0	0.0	0.0	0.0	0.0	50.36093182688643	87.81964526035895	0.0	0.0	0.0	0.0	1.1684806681641031	0.0
GSM4138114_HNSCC_3_PBMC_GGAAAGCCATGGTTGT	100.85084768433434	0.0	40.88264151349675	14.722468131009473	45.99009659652693	0.0	0.0	51.00129646399377	69.67799396498953	0.0	0.0	0.0	0.0	83.97631893538295	15.800695820286757	0.0	0.0	0.0	0.0	0.0	0.0	13.363061075955756	0.0	0.0	0.0	0.0	0.0	0.0	0.0	0.0	0.0
GSM4138114_HNSCC_3_PBMC_GGAAAGCTCACAACGT	107.26107843011118	134.88616802243587	0.0	24.61418986340484	55.35804538490206	0.0	0.0	28.203008862230032	162.392536078654	0.0	0.0	0.0	0.0	0.0	0.0	0.0	0.0	0.0	20.798971056820292	0.0	0.0	0.0	0.0	0.0	0.0	0.0	0.0	0.0	0.0	0.0	0.0
GSM4138114_HNSCC_3_PBMC_GGACAAGTCGCCGTGA	116.34589370595963	145.7152973014219	0.0	0.0	185.72993646976263	0.0	0.0	104.52199134893375	0.0	0.0	0.0	0.0	0.0	0.0	83.08084906118687	0.0	0.0	0.0	0.0	173.21239325307755	0.0	0.0	0.0	0.0	0.0	0.0	0.0	0.0	0.0	0.0	0.0
GSM4138114_HNSCC_3_PBMC_GGACGTCTCGACGGAA	130.8578592861763	45.68240987337639	80.7295392265592	59.839180271032276	0.0	0.0	21.042346117354345	3.4874642410228867	0.0	0.0	0.0	0.0	0.0	0.0	0.0	0.0	0.0	0.0	0.0	83.93407989459074	0.0	0.0	0.0	0.0	0.0	0.0	0.0	0.0	0.0	0.0	0.0
GSM4138114_HNSCC_3_PBMC_GGATTACTCCACGCAG	107.64254635607057	0.0	80.53386096970785	31.170801459284046	0.0	83.4653861315805	0.0	0.0	0.0	0.0	0.0	0.0	91.93904477015484	102.49242017611492	0.0	0.0	0.0	42.43636164956184	0.0	0.0	0.0	1.361367122082768	0.0	0.0	0.0	0.0	0.0	0.0	0.0	0.0	0.0
GSM4138114_HNSCC_3_PBMC_GGGAATGGTCAAGCGA	26.339345598594164	72.16261709755975	73.23303781504768	57.303117633759776	0.0	0.0	84.91432853952416	0.0	0.0	0.0	22.509158900104357	0.0	0.0	0.0	0.0	0.0	0.0	0.0	0.0	40.914154697788334	0.0	0.0	0.0	0.0	0.0	0.0	0.0	0.0	0.0	0.0	0.0
GSM4138114_HNSCC_3_PBMC_GTACGTAGTAACGCGA	104.77009649691529	68.94695119454549	0.0	58.779632022073535	97.34345095561012	136.99732575579768	0.0	0.0	0.0	0.0	0.0	15.025226981090684	84.66980762595996	0.0	0.0	0.0	0.0	0.0	0.0	0.0	0.0	0.0	0.0	0.0	0.0	0.0	0.0	0.0	0.0	0.0	0.0
GSM4138114_HNSCC_3_PBMC_GTATTCTAGGCTAGGT	62.277706709359244	67.1926526625742	22.897080211881608	0.0	0.0	0.0	0.0	39.96163832805127	0.0	0.0	0.0	62.96525362894646	0.0	0.0	0.0	0.0	0.0	0.0	0.0	195.0620164443979	46.077376806191836	0.0	0.0	0.0	0.0	0.0	0.0	0.0	0.0	0.0	0.0
GSM4138114_HNSCC_3_PBMC_GTATTCTGTGCTAGCC	75.80766432264129	0.0	0.0	0.0	0.0	0.0	8.685815140656773	35.715584119287094	42.778098717087744	0.0	0.0	104.170059086729	0.0	0.0	0.0	56.94168342927049	0.0	0.0	0.0	0.0	62.48812875579485	0.0	0.0	0.0	0.0	0.0	0.0	0.0	0.0	48.27559125082975	0.0
GSM4138114_HNSCC_3_PBMC_GTGCAGCTCTAAGCCA	64.28695428558358	52.82147922623245	0.0	0.0	94.69875520630897	0.0	0.0	0.0	0.0	59.222366451607364	0.0	0.0	0.0	0.0	24.249059439912454	0.0	0.0	0.0	0.0	0.0	0.0	0.0	0.0	0.0	0.0	30.430371738706814	0.0	0.0	7.661964858791253	0.0	0.0
GSM4138114_HNSCC_3_PBMC_GTGCGGTGTGTGTGCC	44.19718279736326	61.640369789521294	0.0	0.0	0.0	0.0	49.15862784548975	0.0	11.416666342540273	78.14870049161091	0.0	0.0	0.0	0.0	0.0	0.0	0.0	16.49743344583629	98.58225683748655	0.0	64.35688094626477	0.0	0.0	0.0	0.0	0.0	0.0	0.0	0.0	0.0	0.0
GSM4138114_HNSCC_3_PBMC_GTGCTTCTCCTAGGGC	39.59525470541923	61.3119767217445	71.54377302011878	22.49756889314322	0.0	61.53852727312718	0.0	0.0	0.0	0.0	0.0	0.0	0.0	0.0	0.0	0.0	0.0	0.0	17.090680303695905	0.0	0.0	0.0	0.0	0.0	80.89182185608608	0.0	24.20691961437559	0.0	0.0	0.0	0.0
GSM4138114_HNSCC_3_PBMC_GTTAAGCGTCTCCATC	74.98204111623738	0.0	0.0	37.687157596442454	61.287724809894165	0.0	3.2773390314219433	42.940095329907074	0.0	107.36778040071142	0.0	0.0	0.0	83.29403241017282	0.0	4.387895029767928	0.0	0.0	0.0	0.0	0.0	15.180805723053965	0.0	0.0	0.0	0.0	0.0	0.0	0.0	0.0	0.0
GSM4138114_HNSCC_3_PBMC_GTTAAGCTCTGCCCTA	93.49783978483515	73.73725705822606	76.68276677354649	37.41701344372945	0.0	0.0	43.00481040888179	0.0	0.0	0.0	0.0	0.0	0.0	0.0	0.0	0.0	0.0	0.0	0.0	133.89393927585866	0.0	0.0	0.0	0.0	0.0	8.728911038574148	0.0	0.0	2.2340798227117924	0.0	21.572035822324146
GSM4138114_HNSCC_3_PBMC_GTTCGGGGTTAGTGGG	117.1956746564852	127.75027262841104	38.90927289992881	0.0	0.0	81.31335695938576	29.103470598260234	32.32703981748999	0.0	0.0	0.0	0.0	0.0	0.0	0.0	0.0	100.88392619238451	0.0	77.51431525340472	0.0	0.0	0.0	0.0	0.0	0.0	0.0	0.0	0.0	0.0	0.0	0.0
GSM4138114_HNSCC_3_PBMC_GTTCTCGGTGGCGAAT	57.70874675091719	8.62877808502082	0.0	0.0	105.80292276683458	0.0	34.06900019585471	0.0	0.0	0.0	17.801030503855458	0.0	0.0	45.946664226767226	14.916559149673077	0.2330733784313384	0.0	0.0	0.0	57.56556807111024	0.0	0.0	0.0	0.0	0.0	0.0	0.0	0.0	0.0	0.0	0.0
GSM4138114_HNSCC_3_PBMC_TACACGAAGTACCGGA	66.40918690158527	67.16946138889713	0.0	0.0	104.58783112390125	30.866431021813643	0.0	18.393943663705212	22.23073203955082	0.0	0.0	0.0	0.0	0.0	24.357251944094156	0.0	0.0	0.0	0.0	15.576962636642069	0.0	0.0	0.0	0.0	11.278550840164543	14.6818030046816	0.0	0.0	0.0	0.0	0.0
GSM4138114_HNSCC_3_PBMC_TATCTCAAGGCGTACA	73.27525666084138	0.0	0.0	0.0	52.1713084256977	0.0	52.57169479795387	0.0	33.203390265913995	119.51349300092049	0.0	0.0	0.0	61.61592290439539	0.0	4.365475517949947	0.0	0.0	58.564238002585185	0.0	0.0	0.0	0.0	3.6424852136939925	0.0	0.0	0.0	19.990774845116263	0.0	0.0	0.0
GSM4138114_HNSCC_3_PBMC_TATCTCAGTACTCAAC	55.78838288800063	17.106434591724167	0.0	90.29865638991889	0.0	53.38912359588449	0.0	0.0	0.0	0.0	0.0	0.0	0.0	36.874311012652875	0.0	19.545887245747366	44.539182980701405	0.0	0.0	0.0	0.0	0.0	0.0	0.0	0.0	79.9831503725445	0.0	0.0	0.0	0.0	0.0
GSM4138114_HNSCC_3_PBMC_TATGCCCCATGCCTTC	103.9310128672554	95.33184739294418	52.128113002624396	68.63729222830854	0.0	0.0	84.20227570811585	0.0	24.78861574356634	3.2971503019626063	0.0	0.0	0.0	0.0	0.0	18.847038804916814	0.0	4.027964344895519	0.0	0.0	0.0	0.0	0.0	0.0	0.0	0.0	0.0	74.99442253595579	0.0	0.0	0.0
GSM4138114_HNSCC_3_PBMC_TCACAAGCAAGCGATG	99.2227672687137	74.83894489378856	120.30898175572257	0.0	9.595533061955376	23.392932755351065	0.0	0.0	0.0	0.0	0.0	0.0	0.0	0.0	0.0	0.0	0.0	0.0	28.074411508978965	0.0	0.0	0.0	0.0	0.0	25.715540581677192	0.0	0.0	0.0	0.0	0.0	0.0
GSM4138114_HNSCC_3_PBMC_TCAGCTCCACATTTCT	56.018469437266745	71.66224608928526	88.38848996639155	0.0	0.0	0.0	0.0	0.0	48.228824338789835	0.0	0.0	57.875571059695986	67.009125935743	0.0	0.0	0.0	0.0	0.0	0.0	0.0	0.0	0.0	0.0	20.73496554424006	0.0	0.0	0.0	44.96672730863938	0.0	0.0	0.0
GSM4138114_HNSCC_3_PBMC_TCAGGATCACCGAAAG	69.64472854861323	0.0	103.37090279784942	32.892892043766075	0.0	72.01162604531508	20.92802502629788	0.0	0.0	0.0	0.0	0.0	0.0	0.0	0.0	116.54699933311028	0.0	0.0	0.0	0.0	0.0	0.0	0.0	0.0	0.0	0.0	0.0	0.0	0.0	0.0	0.0
GSM4138114_HNSCC_3_PBMC_TCATTTGGTTGGACCC	56.5655028169812	53.86727608557514	0.0	1.3433263515094591	48.13790606217188	57.499337906791865	14.959676415393327	0.0	0.0	0.0	0.0	16.96971897382642	0.0	0.0	0.0	0.0	0.0	0.0	42.94553658909788	0.0	7.421350604881392	0.0	0.0	0.0	0.0	0.0	0.0	0.0	0.0	0.0	0.0
GSM4138114_HNSCC_3_PBMC_TCGCGTTCAGATCGGA	152.16401629059084	81.30523803102918	108.74227224120342	47.97442648780497	0.0	65.19049199286228	2.7076135677477167	37.36009326140122	24.08155502624896	13.166174085143489	0.0	0.0	0.0	0.0	0.0	0.0	0.0	0.0	0.0	0.0	0.0	0.0	0.0	0.0	0.0	0.0	0.0	16.912837532994764	0.0	0.0	0.0
GSM4138114_HNSCC_3_PBMC_TCGTACCGTCCTAGCG	110.45694722015278	111.3760722185746	49.00839029901623	111.03940228050516	53.69557631027305	0.0	0.0	0.0	0.0	0.0	0.0	0.0	0.0	0.0	0.0	0.0	0.007320691345462203	0.0	0.0	112.69228335479005	0.0	0.0	0.0	0.0	0.0	38.31819042213935	0.0	0.0	1.659089677435052	0.0	0.0
GSM4138114_HNSCC_3_PBMC_TCTCTAAGTGATGTCT	52.01888321993202	28.694291839240137	0.0	72.13270177004215	50.47242328252419	0.0	0.0	0.0	93.6258720234225	0.0	0.0	0.0	0.0	0.0	0.0	0.0	0.0	0.0	0.0	0.0	0.0	0.0	0.0	0.0	59.4916300353192	0.0	0.0	0.0	0.0	0.0	0.0
GSM4138114_HNSCC_3_PBMC_TCTCTAATCCTGTACC	84.79675322200583	13.471271191872809	0.0	24.05916000527196	58.7341326705093	101.8214936571808	0.0	67.82437164100293	0.0	0.0	0.0	0.0	0.0	35.3869077082932	0.0	0.0	20.404692635808438	0.0	0.0	0.0	0.0	0.0	0.0	0.0	0.0	0.0	0.0	0.0	0.0	0.0	0.0
GSM4138114_HNSCC_3_PBMC_TCTGGAAAGAGTGACC	94.4978488503433	74.55558063240142	44.85128432051648	0.0	0.0	110.05542638403708	0.0	38.07242609655555	0.0	0.0	0.0	111.52364935789006	0.0	0.0	0.0	0.0	0.0	13.347596770544747	72.77877002897371	0.0	0.0	0.0	0.0	0.0	0.0	0.0	0.0	0.0	0.0	54.05002962485336	0.0
GSM4138114_HNSCC_3_PBMC_TCTTTCCGTCCGCTGA	18.842638560282573	40.79767811754003	0.0	53.30020372458564	0.0	112.81981399629508	52.777758690428854	1.077140384397038	0.0	0.0	0.0	0.0	0.0	0.0	0.0	0.0	9.840638744474902	18.033874516418624	0.0	0.0	28.142167898993076	0.0	0.0	0.0	0.0	0.0	0.0	0.0	0.0	0.0	0.0
GSM4138114_HNSCC_3_PBMC_TGAAAGACAGACAAAT	79.98436297784924	85.72483912014296	0.0	119.07149121723116	0.07563982324060856	96.07890160496319	35.41491874714917	0.0	0.0	0.0	0.0	0.0	0.0	0.0	0.0	0.0	0.0	0.0	0.0	0.0	63.74427586083839	0.0	0.0	0.0	0.0	0.0	0.0	0.0	0.0	0.0	0.0
GSM4138114_HNSCC_3_PBMC_TGACGGCGTAAGGGCT	50.4728265492523	0.0	97.7856078444833	0.0	0.0	0.0	0.0	0.0	101.83082247532352	0.0	0.0	21.53068095695262	57.350490640251486	51.884323754046456	0.0	29.219340510556002	0.0	0.0	0.0	0.0	0.0	0.0	0.0	0.0	0.0	0.0	0.0	20.998529695591742	0.0	0.0	0.0
GSM4138114_HNSCC_3_PBMC_TGCTGCTCAACGCACC	87.91697917767792	47.51993648731168	2.4099692514789957	70.51874363508485	0.0	0.0	0.0	55.88997282211274	0.0	82.79930172965692	0.0	0.0	0.0	0.0	0.0	0.0	0.8170081195052122	73.09985096094957	0.0	0.0	0.0	0.0	0.0	0.0	0.0	0.0	0.0	0.0	0.0	0.0	0.0
GSM4138114_HNSCC_3_PBMC_TGTATTCTCCCTAACC	85.08955872723017	0.0	48.73595174562811	73.16142877380602	0.0	14.670236366357107	0.0	51.370173810723706	0.0	0.0	39.96895003441601	0.0	0.0	0.0	0.0	0.0	0.0	0.0	0.0	0.0	0.0	72.93715224229331	0.0	0.0	0.0	0.0	0.0	0.0	0.0	0.0	0.0
GSM4138114_HNSCC_3_PBMC_TTAACTCTCCTGCTTG	82.82658888832941	0.0	74.91305155426673	0.0	40.52970094212379	0.0	0.0	72.46794184351747	0.0	0.0	76.69237897677381	0.0	0.0	0.0	49.04957211846089	76.1899977751646	0.0	0.0	0.0	0.0	0.0	0.0	0.0	0.0	0.0	0.0	0.0	0.0	0.0	0.0	0.0
GSM4138114_HNSCC_3_PBMC_TTCTCCTTCTTGTATC	110.9006185840292	99.70833454068283	97.4959498965236	0.0	0.0	0.0	84.27604283356813	0.0	63.10428308830748	112.99735423830592	0.0	0.0	0.0	0.0	115.98592305609907	0.0	0.0	0.0	0.0	0.0	0.0	0.0	0.0	0.0	0.0	0.0	0.0	0.0	0.0	0.0	0.0
GSM4138114_HNSCC_3_PBMC_TTGGCAACAGATCCAT	14.259799114338094	133.5846797478593	57.785105857639884	0.0	0.0	0.0	19.45101941193379	24.025263812482688	0.0	0.0	29.225765244085576	0.0	17.228903111417658	0.0	34.288659514914265	0.0	0.0	0.0	0.0	0.0	0.0	0.0	0.0	34.79566992868367	0.0	0.0	0.0	0.0	0.0	0.0	0.0
GSM4138114_HNSCC_3_PBMC_AAACCTGCACCAGCAC	66.90963952904518	384.605569531664	0.4767036378056232	127.51621269955986	0.0	57.934516983818966	12.906099595260015	0.0	0.0	0.0	0.0	0.0	0.0	0.0	0.0	0.0	115.22277638209448	12.791407634795325	0.0	0.0	0.0	0.0	0.0	0.0	53.27837562741166	32.50063818987765	35.42682414893665	0.0	0.0	0.0	0.0
GSM4138114_HNSCC_3_PBMC_AATCCAGCATAAGACA	129.15592742022264	83.39988750283118	141.70405826303352	0.0	0.0	0.0	0.0	125.12061603057	0.0	0.0	207.78850361321304	177.83407857082068	0.0	66.59189372681836	0.0	89.38198584907734	0.0	0.0	0.0	0.0	0.0	0.0	0.0	0.0	0.0	0.0	0.0	0.0	0.0	0.0	0.0
GSM4138114_HNSCC_3_PBMC_ACCGTAAGTCTTCGTC	0.0	48.74736010253768	0.0	0.0	0.0	0.0	0.0	0.0	0.0	0.0	0.0	0.0	0.0	2566.857504840504	0.0	0.0	0.0	0.0	0.0	0.0	0.0	213.3843203802151	0.0	0.0	0.0	0.0	0.0	0.0	0.0	0.0	0.0
GSM4138114_HNSCC_3_PBMC_ACGGAGACATGGGACA	117.34628547489245	134.47850251697838	125.19328391546217	105.44328511943138	0.0	0.0	0.0	144.817499577923	0.0	0.0	102.22592553511015	0.0	0.0	0.0	0.0	0.0	0.0	0.0	0.0	0.0	0.0	0.0	0.0	0.0	0.0	0.0	0.0	0.0	0.0	0.0	0.0
GSM4138114_HNSCC_3_PBMC_ACGGGCTTCTTGCAAG	117.49639458668216	0.0	0.0	175.4159538194019	104.08672362054507	140.04524863448384	96.32106501931577	0.0	0.0	0.0	0.0	0.0	0.0	189.21576983935412	0.0	47.28724704952623	0.0	0.0	0.0	0.0	0.0	0.0	0.0	0.0	0.0	0.0	0.0	0.0	0.0	0.0	0.0
GSM4138114_HNSCC_3_PBMC_ACTTACTGTTGGTAAA	0.0	0.0	0.0	17.759110132496048	0.0	0.0	0.0	0.0	0.0	0.0	0.0	2516.898179772595	0.0	0.0	64.399381933327	0.0	0.0	0.0	0.0	0.0	0.0	0.0	0.0	415.81706863624515	0.0	0.0	0.0	0.0	0.0	0.0	0.0
GSM4138114_HNSCC_3_PBMC_ACTTTCACATTCTTAC	111.89582748528068	182.81121834851572	0.0	0.0	107.29963259994177	0.0	85.7891417419685	6.1440395198212405	52.98916771841053	0.0	83.08658168142748	250.91326544156195	0.0	4.913446671393713	0.0	0.0	0.0	0.0	0.0	0.0	20.6477927421408	0.0	0.0	0.0	0.0	0.0	0.0	0.0	0.0	0.0	0.0
GSM4138114_HNSCC_3_PBMC_AGACGTTGTCGGCATC	92.32795715792507	196.07112801294298	0.0	30.08811458567456	114.72369592870974	0.0	0.0	11.704948749647075	0.0	0.0	72.39257476238063	0.0	54.40365960362604	0.0	0.0	0.0	0.7387763697174851	11.109069080037079	90.59961223161189	52.845192861302586	0.0	0.0	0.0	0.0	0.0	0.0	0.0	0.0	0.0	0.0	0.0
GSM4138114_HNSCC_3_PBMC_AGAGTGGCACCTCGGA	188.99638489595338	285.45862232946297	251.7682061865713	56.399225936052574	0.0	0.0	165.46798107691012	0.0	0.0	0.0	0.0	0.0	0.0	0.0	145.61504160310588	0.0	0.0	0.0	0.0	0.0	0.0	0.0	158.76543043064657	0.0	0.0	0.0	0.0	0.0	0.0	0.0	0.0
GSM4138114_HNSCC_3_PBMC_AGGGTGAGTGCACTTA	112.79913459857012	216.57788962811384	163.66714000133533	79.37809134475286	0.0	0.0	97.61562525344976	0.0	125.39375001783547	0.0	0.0	36.56509837595578	0.0	0.0	0.0	0.0	0.0	0.0	0.0	0.0	0.0	0.0	0.0	0.0	0.0	0.0	0.0	0.0	0.0	0.0	0.0
GSM4138114_HNSCC_3_PBMC_AGTAGTCCATAGACTC	76.77705751113362	134.44421609899592	27.536489766769435	0.0	35.517689463555016	0.0	73.95393652103643	0.0	0.0	0.0	84.62714463602177	0.0	0.0	0.0	0.0	0.0	0.0	0.0	0.0	0.0	0.0	0.0	0.0	82.75133777558598	0.0	0.0	0.0	0.0	0.0	0.0	0.0
GSM4138114_HNSCC_3_PBMC_ATAAGAGGTATTCGTG	131.77744445031607	230.53606967258963	184.74988203718075	211.59780961467547	0.0	17.185000986461155	58.98185905557107	64.43018152641984	0.0	0.0	104.59137195296043	0.0	0.0	0.0	0.0	0.0	0.0	0.0	0.0	4.378109733990314	0.0	0.0	0.0	0.0	0.0	0.0	0.0	0.0	0.0	0.0	0.0
GSM4138114_HNSCC_3_PBMC_ATGCGATTCGTGACAT	174.6246424718465	259.3846979638831	160.23374613869265	66.92265631260217	0.0	242.56918703580385	0.0	0.0	0.0	0.0	0.0	0.0	0.0	0.0	39.71523485223844	0.0	0.0	0.0	95.7382843764842	0.0	0.0	0.0	0.0	0.0	0.0	243.40907492693916	1.4629129120138822	0.0	0.0	0.0	0.0
GSM4138114_HNSCC_3_PBMC_ATTTCTGAGTAGATGT	178.590376639057	130.60636392607424	48.44998368517168	78.54492139283315	0.0	0.0	0.0	0.0	0.0	84.24009613036787	0.0	174.18434635849061	174.83842733959128	135.75551140008977	0.0	0.0	0.0	67.30358272060751	0.0	0.0	0.0	0.0	0.0	0.0	0.0	0.0	0.0	0.0	0.0	0.0	0.0
GSM4138114_HNSCC_3_PBMC_ATTTCTGTCGTAGGAG	49.601853429427145	0.0	44.11377436781652	0.0	0.0	0.0	0.0	34.63187864481516	70.17707165906052	0.0	0.0	0.0	0.0	0.0	15.22562732606759	65.65833359421373	19.548602252250976	0.0	0.0	0.0	0.0	0.0	0.0	77.5161192797735	0.0	15.11143800820226	0.0	0.0	0.0	0.0	0.0
GSM4138114_HNSCC_3_PBMC_CAAGAAACATGGAATA	136.17954160100558	316.67555753731637	0.0	49.41197711777655	164.4185036040771	0.0	0.0	26.518306075219233	0.0	0.0	0.0	134.09944114557564	122.41521590182444	0.0	0.0	0.0	0.0	0.0	0.0	0.0	0.0	0.0	145.85292820287407	0.0	0.0	0.0	0.0	0.0	0.0	0.0	0.0
GSM4138114_HNSCC_3_PBMC_CACAGTAGTGATAAGT	166.50674356717036	185.677765431893	0.0	0.0	0.0	0.0	2.913849178002523	76.20823644505478	0.0	129.59491178254808	0.0	165.98466520092157	0.0	0.0	0.0	0.0	63.92259354412377	78.6701311373783	39.56456922870374	0.0	0.0	0.0	0.0	14.10596706012317	0.0	0.0	0.0	0.0	0.0	0.0	0.0
GSM4138114_HNSCC_3_PBMC_CAGTAACAGTACGCGA	114.14217100652507	48.631051650295085	166.7620583556589	0.0	0.0	0.0	0.0	139.2357939461273	243.0041834927195	0.0	0.0	220.85313640094688	0.0	23.907238021490592	0.0	158.57769852402097	0.0	0.0	0.0	0.0	0.0	0.0	0.0	0.0	0.0	0.0	0.0	0.0	0.0	0.0	0.0
GSM4138114_HNSCC_3_PBMC_CATCGAAGTAGCGCTC	188.8278911060705	199.41644428635644	0.0	0.0	0.0	0.0	0.0	0.0	97.50361383839216	0.0	0.0	18.827949840435323	104.66636326250237	0.0	165.99676284948356	0.0	11.796578654668332	0.0	15.986758341190244	0.0	123.07882642218169	0.0	0.0	0.0	0.0	0.0	0.0	0.0	0.0	0.0	0.0
GSM4138114_HNSCC_3_PBMC_CATGGCGCACTACAGT	104.55279879909844	199.45410742253787	119.69282786549049	134.69069040223155	0.0	159.69262267150094	8.067656077151538	87.70144362716061	0.0	0.0	0.0	0.0	0.0	0.0	0.0	0.0	0.0	0.0	0.0	0.0	0.0	0.0	0.0	0.0	0.0	0.0	84.45249932714401	0.0	0.0	0.0	0.0
GSM4138114_HNSCC_3_PBMC_CCTATTAGTAGCCTCG	143.5292423657327	191.3413349389311	18.478228312089776	128.82869168638632	77.88631859875106	0.0	0.0	0.0	92.09833129649347	72.29052385210403	0.0	36.30780760754086	155.77603217724692	0.0	0.0	0.0	14.656993965733328	0.0	0.0	0.0	21.999705314198188	0.0	0.0	0.0	0.0	0.0	0.0	0.0	0.0	0.0	0.0
GSM4138114_HNSCC_3_PBMC_CCTTCCCTCAGCATGT	226.53933421821034	228.54842536696415	75.01165804935617	0.0	0.0	0.0	0.0	0.0	0.0	0.0	0.0	0.0	96.58363162513484	0.0	128.33203458649282	0.0	0.0	110.12165789140955	0.0	124.00982806562988	0.0	0.0	0.0	0.0	0.0	0.0	0.0	0.0	0.0	0.0	0.0
GSM4138114_HNSCC_3_PBMC_CGGACGTCATCGGACC	127.60545305752856	214.00248617664684	131.29932373761156	40.523354976318906	0.0	0.0	135.72306172494052	0.0	114.8362143698532	0.0	0.0	0.0	0.0	0.0	90.2401873963551	0.0	0.0	0.0	9.766516347225528	0.0	0.0	0.0	0.0	0.0	0.0	0.0	0.0	0.0	0.0	0.0	0.0
GSM4138114_HNSCC_3_PBMC_CGGACTGTCACGACTA	128.85785372133734	173.35892760960567	116.17948470826268	0.0	0.0	0.0	86.75528519924444	0.0	30.39065495485812	92.4653818282811	0.0	0.0	0.0	0.0	179.64003503761595	0.0	0.0	4.458274994866041	0.0	0.0	0.0	0.0	0.0	0.0	0.0	0.0	0.0	0.0	0.0	0.0	0.0
GSM4138114_HNSCC_3_PBMC_CGTAGGCAGTAAGTAC	123.66419677985922	0.0	0.0	112.4110804255361	0.0	0.0	85.44964234072856	0.0	0.0	138.98119729570357	0.0	0.0	0.0	172.00965608936036	0.0	0.0	156.91590824688922	0.0	0.0	0.0	0.0	0.0	0.0	0.0	0.0	0.0	0.0	0.0	0.0	0.0	0.0
GSM4138114_HNSCC_3_PBMC_CGTGAGCAGAAGGGTA	167.08952632585434	121.0162816695958	110.31181035736228	159.55295398665402	0.0	0.0	111.67049568263519	0.0	15.360766661786968	223.84693968611413	0.0	0.0	0.0	73.50002425597879	0.0	36.896901552427835	1.6182612086713637	0.9077479628095102	0.0	0.0	0.0	0.0	0.0	0.0	0.0	0.0	0.0	0.0	0.0	0.0	0.0
GSM4138114_HNSCC_3_PBMC_CGTTGGGGTGATAAGT	121.5352029952442	236.15041466563065	35.883368279513356	0.0	0.0	72.99451819161575	107.83535657168991	0.0	0.0	0.0	0.0	0.0	0.0	0.0	152.47754297001597	0.0	0.0	14.364504622206637	0.0	0.0	0.0	0.0	0.0	0.0	0.0	0.0	12.19074821981009	0.0	0.0	0.0	0.0
GSM4138114_HNSCC_3_PBMC_CTAACTTCATACAGCT	206.35008078751852	300.1464399632785	241.48830747532554	0.0	0.0	86.74986707332691	0.0	220.45476813460482	86.38691952409752	233.19732563314244	0.0	429.2326226893624	31.338587504324728	0.0	0.0	0.0	0.0	0.0	0.0	0.0	0.0	0.0	0.0	0.0	0.0	0.0	0.0	0.0	0.0	0.0	0.0
GSM4138114_HNSCC_3_PBMC_CTACATTCAGTCAGCC	107.25469855615036	0.0	0.0	0.0	69.7102233407068	0.0	0.0	43.77866494051779	0.0	0.0	124.69840963213211	45.38137416160994	0.0	0.0	0.0	0.0	0.0	0.0	0.0	0.0	0.0	193.27352511118804	0.0	147.11834248003228	0.0	0.0	0.0	0.0	0.0	0.0	0.0
GSM4138114_HNSCC_3_PBMC_CTAGTGATCTTTCCTC	119.7805744829232	36.857011045511456	96.41181283205519	0.0	0.0	0.0	0.0	154.92807928141514	11.552617990691015	0.0	0.0	0.0	0.0	89.6922543948326	126.6663807015383	155.59234431384357	0.0	0.0	0.0	125.79144358620664	0.0	0.0	0.0	73.58376362692326	0.0	0.0	0.0	0.0	0.0	0.0	0.0
GSM4138114_HNSCC_3_PBMC_CTCGGGAAGAAGCCCA	114.33450365959438	0.0	0.0	175.25693091246902	0.0	28.134057953595647	0.0	60.296364001553805	4.939356294661635	78.40734555222171	0.0	0.0	0.0	172.20402294492544	0.0	60.56667851102708	184.54441372922207	0.0	0.0	0.0	0.0	0.0	0.0	0.0	0.0	0.0	0.0	0.0	0.0	115.67899617748265	0.0
GSM4138114_HNSCC_3_PBMC_CTCTACGAGTGAACGC	77.25762543659047	199.89486993754304	130.08566134451092	121.99970973236458	0.0	0.0	0.0	0.0	138.35774233495553	2.2171152027451497	0.0	0.0	134.77771952832262	0.0	0.0	0.0	0.0	0.0	0.0	0.0	0.0	0.0	0.0	0.0	0.0	0.0	0.0	0.0	0.0	0.0	0.0
GSM4138114_HNSCC_3_PBMC_CTGTGCTCATGCTAGT	108.23789005320027	115.49740786363253	0.0	85.77055885830312	0.0	124.64432173655013	0.0	0.0	0.0	0.0	0.0	0.0	67.75315726595727	0.0	0.0	0.0	0.0	90.11856787122854	0.0	8.036730328740921	0.0	0.0	0.0	0.0	0.0	0.0	0.0	0.0	0.0	0.0	0.0
GSM4138114_HNSCC_3_PBMC_CTGTTTAAGAAACGAG	115.39655832473298	0.0	65.87950957192307	0.0	0.0	0.0	17.061967232939192	50.03348850237019	68.45532144958877	0.0	0.0	66.82359197875589	0.0	0.0	0.0	89.79375746931531	0.0	0.0	4.857632250995152	0.0	0.0	0.0	0.0	0.0	0.0	0.0	0.0	0.0	0.0	0.0	0.0
GSM4138114_HNSCC_3_PBMC_GACCTGGAGGATGGAA	124.73169561998299	0.0	116.10727922829554	83.48302601794632	0.0	106.02033250725916	105.61005369580937	0.0	0.0	0.0	0.0	0.0	0.0	0.0	0.0	313.72001974029706	0.0	0.0	0.0	0.0	0.0	0.0	0.0	0.0	0.0	0.0	0.0	0.0	0.0	0.0	0.0
GSM4138114_HNSCC_3_PBMC_GATGAGGAGACGCACA	159.97807026965157	160.0357163538397	22.395800232215112	179.3779349356769	94.99451656989604	0.0	100.4230711126942	0.0	105.27867363103276	67.60767861772707	0.0	0.0	0.0	0.0	0.0	0.0	0.0	0.0	0.0	0.0	0.0	0.0	0.0	0.0	0.0	0.0	0.0	0.0	0.0	0.0	0.0
GSM4138114_HNSCC_3_PBMC_GATGCTATCTATCCCG	146.03689930733472	0.0	143.0486843981589	144.9115167024027	15.025788003292316	215.4607028609849	129.5528984849252	0.0	0.0	0.0	0.0	0.0	0.0	197.9103693690013	0.0	0.0	0.0	0.0	0.0	0.0	0.0	40.84594570077145	0.0	0.0	0.0	0.0	0.0	0.0	0.0	0.0	0.0
GSM4138114_HNSCC_3_PBMC_GATTCAGCATAACCTG	102.76077981372309	155.58075547111906	0.0	159.27681929644478	121.7077563763296	139.6552169045762	31.929056266415955	0.0	0.0	0.0	0.0	0.0	0.0	0.0	0.0	0.0	1.9570833495554816	0.0	0.0	0.0	0.0	0.0	0.0	0.0	0.0	0.0	0.0	0.0	0.0	0.0	56.816996529723745
GSM4138114_HNSCC_3_PBMC_GCCTCTATCTGACCTC	46.28805709371997	261.839373020767	59.88189893654922	0.0	0.0	0.0	80.53153916357438	9.131218792055568	127.52086524758425	0.0	0.0	0.0	0.0	0.0	188.74379624488418	0.0	0.0	0.0	0.0	0.0	0.0	0.0	0.0	0.0	0.0	0.0	0.0	0.0	0.0	0.0	0.0
GSM4138114_HNSCC_3_PBMC_GCGCGATAGCGTAGTG	142.68707752798855	61.204234202398915	0.0	0.0	0.0	105.42439873242883	130.7351640358792	0.0	0.0	0.0	0.0	180.22944154236464	0.0	26.939401818923113	0.0	111.36847296080121	0.0	150.68517665597216	0.0	0.0	0.0	11.6237544460137	0.0	0.0	0.0	0.0	77.47972788274707	0.0	0.0	0.0	0.0
GSM4138114_HNSCC_3_PBMC_GCTTCCATCAGAGACG	110.20161548942004	0.0	115.97942443067599	0.0	0.0	0.0	0.0	141.49553811694025	0.0	0.0	0.0	0.0	0.0	189.52827897716028	150.69279747626308	65.03549498464328	0.0	0.0	0.0	122.46162537920718	0.0	0.0	0.0	0.0	0.0	0.0	0.0	0.0	0.0	0.0	0.0
GSM4138114_HNSCC_3_PBMC_GCTTGAAAGATCACGG	105.12467475577299	265.5820561492463	49.29132697673255	113.54324233888227	0.0	117.70401837563607	0.0	0.0	0.0	0.0	0.0	0.0	75.03946643198269	0.0	0.0	0.0	0.0	54.20909010867483	0.0	32.985867595334454	0.0	0.0	0.0	0.0	0.0	0.0	0.0	0.0	0.0	0.0	0.0
GSM4138114_HNSCC_3_PBMC_GGAAAGCCACAGTCGC	139.23860739567257	0.0	95.16412102533216	180.01051168024068	0.0	107.57531406113506	73.85383411230552	64.15020183699187	0.0	0.0	0.0	0.0	0.0	0.0	0.0	292.1865060491132	0.0	0.0	0.0	0.0	0.0	19.938827288571204	0.0	0.0	0.0	0.0	6.16545366283967	0.0	0.0	0.0	0.0
GSM4138114_HNSCC_3_PBMC_GGTGTTAGTTATGTGC	64.72337997496939	0.0	85.1461941783836	0.0	0.0	0.0	85.40119546606178	0.0	0.0	109.3627598778265	0.0	0.0	0.0	0.0	107.631370842189	0.0	16.277312780880493	0.0	0.0	0.0	0.0	185.68392418679036	0.0	0.0	0.0	0.0	0.0	0.0	0.0	0.0	0.0
GSM4138114_HNSCC_3_PBMC_GTATCTTCATTACCTT	191.1310869737115	280.7973719306192	0.0	168.77901429495407	83.2651701225787	103.2741792971655	101.05699955708472	0.0	0.0	0.0	0.0	0.0	0.0	0.0	0.0	0.0	0.0	80.50835807297548	0.0	33.36734901499409	0.0	0.0	0.0	0.0	0.0	0.0	0.0	0.0	0.0	0.0	0.0
GSM4138114_HNSCC_3_PBMC_GTCACAAAGCTGCCCA	151.7884072466205	236.8105226456978	12.598852237722642	140.03591632475923	103.95770405109636	0.0	0.0	0.0	0.0	0.0	180.443623976736	36.85587222085561	0.0	0.0	0.0	0.0	0.0	0.0	0.0	0.0	0.0	0.0	0.0	0.0	102.95286090350363	0.0	0.0	0.0	0.0	0.0	0.0
GSM4138114_HNSCC_3_PBMC_GTCATTTTCCTCTAGC	119.80671769942127	0.0	0.0	144.7159198042721	0.0	0.0	0.0	105.73446356343283	0.0	133.5431608622806	0.0	0.0	0.0	0.0	0.0	244.34149886452104	31.554233771472784	0.0	0.0	0.0	42.00366158196484	0.0	0.0	0.0	0.0	0.0	33.059679391443666	0.0	0.0	0.0	0.0
GSM4138114_HNSCC_3_PBMC_GTGTTAGGTGTATGGG	102.02681268611569	152.269803398412	52.94459863720668	0.0	0.0	0.0	110.26328287282824	0.0	49.104009806735256	0.0	0.0	0.0	0.0	19.13021659215959	184.21002030550946	0.0	0.0	0.0	0.0	0.0	0.0	0.0	0.0	0.0	0.0	0.0	0.0	26.691268620602457	0.0	0.0	0.0
GSM4138114_HNSCC_3_PBMC_GTTCATTCATCACGAT	132.0218933681407	178.87344251736647	0.0	158.60295914117248	0.0	133.0489404972034	0.0	0.0	0.0	0.0	0.0	0.0	0.0	12.04176332771847	0.0	3.7348971672557245	6.921766314279601	0.0	0.0	0.0	94.59794991306909	19.337767624194925	0.0	0.0	0.0	64.33675161568348	0.0	0.0	0.0	82.91548600253626	0.0
GSM4138114_HNSCC_3_PBMC_GTTTCTAGTGGTTTCA	157.36388119512256	251.61459466189893	26.17845418401785	119.49711855442831	60.03054826343041	0.0	72.18543514658644	0.0	129.79829427106804	0.0	0.0	0.0	0.0	0.0	0.0	0.0	0.0	0.0	0.0	0.0	5.080271611592056	0.0	0.0	0.0	0.0	0.0	0.0	0.0	0.0	0.0	0.0
GSM4138114_HNSCC_3_PBMC_TACTTACAGGGTCGAT	117.62465698350539	177.93782892331117	111.19199137632346	0.0	0.0	0.0	8.859183798367184	68.87396191789504	102.70264577636081	0.0	0.0	56.63211639602626	0.0	0.0	0.0	0.0	0.0	0.0	0.0	0.0	0.0	0.0	0.0	95.30648838009719	0.0	0.0	0.0	0.0	0.0	0.0	0.0
GSM4138114_HNSCC_3_PBMC_TCGAGGCGTACGCTGC	190.63631268055332	196.35329533972515	90.48872587150986	0.0	3.321845436055835	134.88771308283498	136.3467563138987	0.0	0.0	49.2231295429692	0.0	0.0	0.0	0.0	210.70396230002083	12.02361375634818	11.596730686761285	28.880473198506202	0.0	0.0	0.0	0.0	0.0	6.258787941215805	0.0	0.0	5.409071576927581	0.0	0.0	0.0	0.0
GSM4138114_HNSCC_3_PBMC_TCGTAGAAGAAACCTA	109.79733475812787	202.7774612811235	74.69529451911734	159.52279810523396	0.0	97.23627182054166	21.781972172321005	130.4512737132465	0.0	21.675439475730524	0.0	0.0	0.0	0.0	0.0	0.0	91.66282641052182	0.0	0.0	0.0	0.0	0.0	0.0	0.0	0.0	0.0	14.703715559998024	0.0	0.0	0.0	0.0
GSM4138114_HNSCC_3_PBMC_TGCCCTAAGTGTTAGA	156.5317566111358	0.0	0.0	97.60509440334755	0.0	0.0	27.867308224923374	46.027597174857206	84.37932032464565	19.03106201389504	0.0	59.200855876522105	0.0	229.2372717052165	0.0	1.501691802530276	147.2141064873019	0.0	2.3511683952408005	0.0	0.0	19.2123879878846	0.0	0.0	0.0	0.0	24.823392201013093	0.0	0.0	0.0	0.0
GSM4138114_HNSCC_3_PBMC_TGGCTGGAGGGATGGG	106.52067698350182	0.0	133.70796406805826	135.4069263504766	0.0	0.0	9.96499489667173	96.97129464819092	0.0	0.0	0.0	0.0	0.0	0.0	0.0	299.8944330800084	0.0	0.0	0.0	157.97256445873725	0.0	0.0	0.0	0.0	0.0	0.0	0.0	0.0	0.0	0.0	0.0
GSM4138114_HNSCC_3_PBMC_TTAGGACAGTCCTCCT	129.13125325686775	286.2773696869295	131.96329266018992	179.02201955549884	28.308607569403716	122.12595187002447	108.06633460889687	17.188039730217223	0.0	0.0	0.0	0.0	0.0	0.0	0.0	0.0	0.0	0.0	0.0	6.8429002644517185	0.0	0.0	32.08047741916032	0.0	0.0	0.0	0.0	0.0	0.0	0.0	0.0
GSM4138114_HNSCC_3_PBMC_TTATGCTCAGTATAAG	72.46719913188046	0.0	0.0	68.4540406720926	47.46460383232977	0.0	0.0	24.086444387809625	12.436280844573353	32.69468968817485	0.0	0.0	11.851945399337808	22.78655502468305	0.0	0.0	0.0	0.0	0.0	0.0	0.0	44.97378771594963	0.0	0.0	0.0	0.0	0.0	0.0	0.0	7.172484767599294	0.0
GSM4138114_HNSCC_3_PBMC_TTCCCAGGTCTCCCTA	109.66690595949187	0.0	123.91534912581496	0.0	0.0	131.7598651030175	87.11336639173867	0.0	0.0	0.0	0.0	208.59113091823212	0.0	247.57860810972423	0.0	0.0	0.0	0.0	0.0	0.0	0.0	0.0	0.0	0.0	0.0	0.0	0.0	0.0	0.0	0.0	0.0
GSM4138114_HNSCC_3_PBMC_TTCCCAGTCACTCCTG	93.90965635668016	260.84735161741827	128.30273522019786	0.0	0.0	0.0	0.0	108.72179263077771	0.0	0.0	0.0	0.0	0.0	0.0	203.71214986269544	0.0	0.0	0.0	0.0	181.04037414859306	0.0	0.0	0.0	0.0	0.0	0.0	0.0	0.0	0.0	0.0	0.0
GSM4138114_HNSCC_3_PBMC_TTCTACATCCGCATCT	85.22090396848932	0.0	74.47903731120144	0.0	0.0	0.0	0.0	0.0	0.0	0.0	0.0	18.74907221471723	0.0	139.08936365940977	91.63069170584916	0.0	0.0	0.0	0.0	63.93228213877054	0.0	35.257400034722366	0.0	0.0	0.0	158.37450864420384	0.0	0.0	0.0	0.0	0.0
GSM4138114_HNSCC_3_PBMC_AAAGATGTCTCCCTGA	96.85540365056038	0.0	70.69129868807293	102.00413453689664	0.0	0.0	0.0	66.67255866269964	0.0	0.0	164.4268219001059	0.0	0.0	95.21640249602262	0.0	0.0	0.0	0.0	0.0	0.0	0.0	0.0	0.0	0.0	0.0	0.0	0.0	0.0	0.0	0.0	0.0
GSM4138114_HNSCC_3_PBMC_AACTCCCGTCTGATCA	54.27502428288541	75.82310059468794	82.20209436171392	38.618298344254114	0.0	0.0	0.0	0.0	0.0	0.0	0.0	0.0	40.6966656908019	0.0	0.0	0.0	0.0	0.0	0.0	0.0	0.0	0.0	107.92311756303368	0.0	0.0	0.0	0.0	0.0	0.0	0.0	0.0
GSM4138114_HNSCC_3_PBMC_ACGCAGCCATCCAACA	89.07849252689779	0.0	104.5918018364184	80.28799995048172	0.0	0.0	0.0	33.35228923372489	123.59206246182258	2.2588656588253637	0.0	0.0	0.0	0.0	0.0	137.30066110421285	0.0	0.0	0.0	0.0	0.0	0.0	0.0	0.0	0.0	0.0	0.0	0.0	0.0	0.0	0.0
GSM4138114_HNSCC_3_PBMC_ACTATCTAGCCTCGTG	105.93925493009924	77.96392059423457	55.01383750778233	64.527192952977	0.0	71.96371281961748	52.018061978400894	0.0	0.0	0.0	0.0	0.0	0.0	0.0	0.0	0.0	6.693287736453693	0.0	0.0	0.0	0.0	0.0	0.0	0.0	0.0	0.0	0.0	0.0	0.0	0.0	0.0
GSM4138114_HNSCC_3_PBMC_ACTGAACTCAGCATGT	175.44161894982585	0.0	8.170103726174604	0.0	166.12114423232808	88.78304347055044	0.0	22.62746306298214	0.0	0.0	0.0	102.79401693894582	0.0	101.82271872461482	0.0	0.0	0.0	0.0	0.0	0.0	0.0	0.0	0.0	0.0	0.0	0.0	0.0	0.0	0.0	89.81355887046075	0.0
GSM4138114_HNSCC_3_PBMC_ATCCGAACATAACCTG	81.66771942676269	95.72561370224612	141.99769576146227	70.99314577040214	0.0	0.0	0.0	49.87661307555061	0.0	87.43288527811141	0.0	0.0	0.0	0.0	0.0	0.0	0.0	0.0	0.0	0.0	0.0	0.0	0.0	0.0	0.0	0.0	0.0	0.0	6.872314169057052	0.0	0.0
GSM4138114_HNSCC_3_PBMC_ATTTCTGTCCGTTGCT	111.77024710592117	124.06822575766334	0.0	87.53984665211546	0.0	65.595108417886	51.98120926539655	43.618611487769826	0.0	0.0	84.73854577430203	0.0	0.0	0.0	0.0	0.0	193.02396761512537	0.0	0.0	0.0	0.0	0.0	0.0	0.0	0.0	0.0	0.0	0.0	0.0	0.0	0.0
GSM4138114_HNSCC_3_PBMC_CAAGATCGTTCACGGC	98.43655246992734	68.1690830204386	92.46391907801933	0.0	0.0	0.0	0.0	56.78713486763078	0.0	0.0	111.89510346967666	56.75652360540504	0.0	0.0	0.0	0.0	0.0	0.0	0.0	0.0	0.0	0.0	0.0	0.0	0.0	0.0	0.0	0.0	0.0	0.0	0.0
GSM4138114_HNSCC_3_PBMC_CGTGTCTGTTGGAGGT	105.05568206492732	0.0	0.0	16.69866581423186	0.0	34.73501062324048	0.0	53.17700343137027	0.0	0.0	55.45108403815019	70.02313083987998	0.0	3.8493120240199326	0.0	86.87129972309691	107.35090860340901	0.0	0.0	0.0	0.0	0.0	0.0	0.0	43.01834025437509	0.0	0.0	0.0	0.0	0.0	0.0
GSM4138114_HNSCC_3_PBMC_CTACACCGTAAGTGTA	76.52729300823987	94.15967935501875	114.29730488594434	0.0	23.16712084199101	1.2077017789239424	0.0	43.488441697384054	0.0	126.18131481359282	0.0	0.0	0.0	0.0	0.0	0.0	0.0	0.0	70.85843367207586	0.0	0.0	0.0	0.0	0.0	0.0	0.0	0.0	0.0	0.0	0.0	0.0
GSM4138114_HNSCC_3_PBMC_GACGTTAGTGGTCTCG	96.10100192152417	87.30207786867307	99.4080856064101	36.00534447191314	0.0	123.13153517591871	47.25853699353238	0.0	0.0	0.0	0.0	0.0	0.0	0.0	0.0	0.0	0.0	0.0	0.0	0.0	0.0	0.0	0.0	0.0	0.0	0.0	0.0	0.0	0.0	0.0	0.0
GSM4138114_HNSCC_3_PBMC_GCACTCTGTGGTGTAG	53.159080193789485	85.8530302606495	0.0	0.0	57.238595693875574	0.0	0.0	0.0	30.092972552241175	0.0	0.0	63.70647489867151	78.17453758936477	0.0	0.0	0.0	0.0	0.0	0.0	0.0	0.0	0.0	121.69659507026002	0.0	0.0	0.0	0.0	0.0	0.0	0.0	0.0
GSM4138114_HNSCC_3_PBMC_GGGCATCAGACTACAA	124.08766805161785	0.0	0.0	0.0	70.18495019527178	79.21062346893906	44.805337314856956	27.733408428402146	0.0	0.0	0.0	53.17200641548885	0.0	104.56771409013896	0.0	0.0	0.0	0.0	0.0	0.0	0.0	14.522573338604447	0.0	0.0	0.0	0.0	0.0	0.0	0.0	0.0	0.0
GSM4138114_HNSCC_3_PBMC_GTCAAGTTCTTTACAC	83.54347723214418	102.3756780635536	26.440401527633274	86.1617938978828	0.0	0.0	0.0	77.25131723857042	103.47288486537295	0.0	0.0	0.0	0.0	0.0	0.0	0.0	42.63733834573957	0.0	0.0	0.0	0.0	0.0	0.0	0.0	0.0	0.0	0.0	0.0	0.0	0.0	0.0
GSM4138114_HNSCC_3_PBMC_GTGCTTCCACTATCTT	122.78860053632874	85.01121972286684	41.7620369130806	0.0	9.41447440899204	101.43048007605466	0.0	0.0	0.0	0.0	0.0	77.1198689144533	0.0	0.0	0.0	2.483016735644598	48.996515095439754	0.0	0.0	0.0	0.0	0.0	0.0	0.0	0.0	86.74121323037949	0.0	0.0	0.0	0.0	0.0
GSM4138114_HNSCC_3_PBMC_TTCTACACACACCGAC	110.24853430818368	122.01326023989799	0.0	82.26737275199362	91.72866753006866	116.08588599041202	45.52923211007355	0.0	0.0	0.0	0.0	0.0	0.0	0.0	0.0	0.0	0.0	0.0	0.0	0.0	0.0	0.0	0.0	0.0	0.0	0.0	0.0	0.0	0.0	0.0	0.0
GSM4138114_HNSCC_3_PBMC_TTGACTTTCGCGATCG	111.89750859446512	77.19402327728915	0.0	35.14135445896093	84.81499752873933	0.0	46.180128693797926	12.131546344482981	80.71682162537631	0.0	0.0	13.709929237398535	0.0	0.0	16.889441993870086	0.0	0.0	0.0	0.0	0.0	0.0	0.0	0.0	0.0	0.0	0.0	0.0	54.721554532358866	0.0	0.0	0.0
GSM4138114_HNSCC_3_PBMC_ACTGTCCCACTAGTAC	60.05683115829576	0.0	64.27329186934386	0.0	0.0	0.0	0.0	0.0	110.96078112260837	0.0	0.0	0.0	64.70370910496148	85.80657959156227	70.87581597146382	0.0	0.0	21.588367854490965	0.0	0.0	0.0	0.0	0.0	0.0	0.0	0.0	0.0	0.0	0.0	0.0	0.0
GSM4138114_HNSCC_3_PBMC_CTCATTATCGAATCCA	67.13176588640586	78.8360168454796	28.017231690575983	17.271411510949623	65.98533138518965	102.22989810420405	49.37052656213151	9.424690498889207	0.0	0.0	0.0	0.0	0.0	0.0	0.0	0.0	0.0	0.0	113.62517406054295	0.0	0.0	0.0	0.0	0.0	0.0	0.0	0.0	0.0	0.0	0.0	0.0
GSM4138114_HNSCC_3_PBMC_GAACCTATCGACAGCC	115.47126076275961	0.0	0.0	78.37284860910897	189.0845504671917	0.0	0.0	34.25114573192347	73.87723270292457	53.630165905408454	0.0	0.0	0.0	50.797484465931355	0.0	104.32932331251355	0.0	0.0	0.0	0.0	0.0	0.0	0.0	0.0	24.84455722880959	0.0	0.0	0.0	0.0	8.740876708175765	0.0
GSM4138114_HNSCC_3_PBMC_GCGCCAACATTTGCCC	72.08999769635882	0.0	0.0	30.68069543314498	105.37458842122516	0.0	0.0	74.92360251204441	107.70426059337562	0.0	0.0	0.0	0.0	10.954754565389486	0.0	0.0	0.0	0.0	0.0	0.0	0.0	95.02132776578505	0.0	0.0	0.0	0.0	0.0	0.36498372592947215	0.0	0.0	0.0
GSM4138114_HNSCC_3_PBMC_GGGAGATCAATTCCTT	42.36212892536744	65.20537861542371	0.0	0.0	91.89212865977689	0.0	0.0	63.06268686697269	109.58536380431408	0.0	0.0	0.0	0.0	0.0	43.28607241232073	0.0	0.0	0.0	0.0	0.0	0.0	0.0	0.0	0.0	0.0	0.0	0.0	0.0	0.0	0.0	0.0
GSM4138114_HNSCC_3_PBMC_GTGAAGGAGAAGGTGA	126.12044295727267	92.84949961990002	0.0	0.0	64.46667426161653	0.0	0.0	84.21519231905852	0.0	0.0	121.97142279995326	0.0	0.0	0.0	56.14077268363226	0.0	0.0	0.0	4.97262585379371	0.0	0.0	0.0	0.0	0.0	0.0	0.0	0.0	0.0	0.0	0.0	0.0
GSM4138114_HNSCC_3_PBMC_TACCTATTCGAGAGCA	59.27043852344187	65.01133596741043	15.046049087011207	0.0	0.0	46.510692782990894	43.671115547021415	0.0	0.0	0.0	0.0	0.0	0.0	0.0	47.57830190463017	0.0	0.0	46.889668808898115	0.0	0.0	0.0	0.0	0.0	0.0	2.9095721884537107	0.0	0.0	0.0	44.569869454821784	0.0	0.0
GSM4138114_HNSCC_3_PBMC_TAGCCGGGTTGATTCG	59.76503562700767	0.0	73.74085254102205	0.0	0.0	0.0	0.0	54.06474518222179	40.09108517889968	0.0	0.0	0.0	0.0	0.0	0.0	0.0	0.0	0.0	0.0	38.54417751971531	0.0	85.5826739959826	8.383560949804654	67.4707433342618	0.0	33.67932099393449	0.0	0.0	0.0	0.0	0.0
GSM4138114_HNSCC_3_PBMC_TCTTTCCTCGCCGTGA	101.58789581392409	0.0	68.62581585982153	0.0	0.0	0.0	34.98206165819637	0.0	55.68986751412354	0.0	26.264984782830552	85.8475503401102	0.0	45.481366178031045	0.0	96.17499649584742	0.0	0.0	0.0	0.0	0.0	0.0	0.0	0.0	0.0	0.0	0.0	53.85491819239663	0.0	0.0	0.0
GSM4138114_HNSCC_3_PBMC_TGTGGTAGTTGCCTCT	93.25718164665157	122.86759409547086	0.0	0.0	155.32526096275777	0.0	19.9155752788246	54.63230371730938	0.0	0.0	16.291494509082497	0.0	0.0	0.0	86.87045020613985	0.0	0.0	0.0	0.0	0.0	0.0	0.0	100.9111068135646	0.0	0.0	0.0	0.0	0.0	0.0	0.0	0.0
GSM4138114_HNSCC_3_PBMC_ATTATCCTCCTCCTAG	121.95780307758923	136.1587322680397	0.0	120.0248005562944	0.0	0.0	186.97775042161115	0.0	0.0	238.88400195335885	0.0	0.0	0.0	0.0	0.0	0.0	171.12637693759572	0.0	0.0	0.0	0.0	0.0	0.0	0.0	0.0	0.0	2.313198589462835	0.0	0.0	0.0	0.0
GSM4138114_HNSCC_3_PBMC_CGAGAAGAGCTACCTA	153.05456874340567	186.27146384568442	14.68011404193561	0.0	0.0	0.0	134.1558199935441	0.0	0.0	0.0	226.8675900075612	0.0	0.0	0.0	0.0	0.0	117.8999425550528	0.0	0.0	0.0	0.0	0.0	0.0	45.57437149805198	0.0	0.0	0.0	0.0	0.0	0.0	0.0
GSM4138114_HNSCC_3_PBMC_GACTACACACCGCTAG	125.06430012513239	170.47463107533804	0.0	120.6935263801937	10.71101076499355	59.9372146039849	0.0	90.57072412969349	0.0	19.255643611494506	0.0	0.0	0.0	0.0	0.0	0.0	0.0	0.0	0.0	0.0	80.08345167590805	0.0	0.0	0.0	0.0	0.0	0.0	0.0	0.0	0.0	0.0
GSM4138114_HNSCC_3_PBMC_GGCTCGAGTCTGATCA	95.98472718626186	0.0	0.0	51.498497331390624	177.7349362340892	0.0	0.0	72.8360201756084	0.0	0.0	114.00081782362291	0.0	0.0	128.3575045171026	0.0	0.0	0.0	0.0	0.0	0.0	0.0	0.0	0.0	0.0	0.0	0.0	0.0	0.0	0.0	0.0	0.0
GSM4138114_HNSCC_3_PBMC_TCAGATGTCAGTTTGG	90.172395708796	0.0	0.0	66.75532037302796	5.782541328326623	124.97129066753214	0.0	0.0	0.0	0.0	0.0	0.0	0.0	38.30655886726377	0.0	74.4060817395271	0.0	0.0	0.0	0.0	77.96407520336193	0.0	0.0	0.0	0.0	0.0	0.0	0.0	0.0	0.0	134.6269695315432
GSM4138114_HNSCC_3_PBMC_TCGAGGCAGAACAATC	255.1297516664058	238.09568193815454	0.0	148.07264732036242	0.0	0.0	194.93803863098267	0.0	0.0	268.1831286848809	0.0	0.0	0.0	0.0	0.0	0.0	0.0	203.90482570003934	0.0	0.0	0.0	0.0	0.0	0.0	0.0	0.0	0.0	0.0	0.0	0.0	0.0
GSM4138114_HNSCC_3_PBMC_TGGGCGTGTCATTAGC	113.84529650808503	79.20210321621954	3.2445214782671785	0.0	0.0	0.0	67.82772035519238	0.0	0.0	0.0	55.62866141338189	29.250566370149084	0.0	0.0	0.0	0.0	0.0	19.62828830373453	0.0	36.15270198669675	0.0	0.0	0.0	58.25757559422644	0.0	0.0	0.0	0.0	0.0	0.0	0.0
GSM4138114_HNSCC_3_PBMC_TTCCCAGAGGACAGCT	119.77579241930293	116.7474077733797	104.11465136605452	49.352352524793254	0.0	0.0	0.0	0.0	92.29134192837837	0.21954759933652218	0.0	0.0	99.84072937265059	0.0	0.0	0.0	0.0	0.0	0.0	0.0	0.0	0.0	0.0	0.0	0.0	0.0	0.0	0.0	0.0	0.0	0.0
GSM4138114_HNSCC_3_PBMC_ACACCAACATGCATGT	113.63408830334639	84.08164729324302	22.890963533317283	78.56518644592383	0.0	61.97336004042274	0.0	0.0	0.0	53.49251845827723	0.0	0.0	102.44985483437728	0.0	0.0	0.0	32.7952693178555	0.0	0.0	0.0	51.82873151854097	0.0	0.0	0.0	0.0	0.0	0.0	0.0	0.0	0.0	0.0
GSM4138114_HNSCC_3_PBMC_ACGATACGTGTGGTTT	103.41554269471348	561.6912702538971	0.0	0.0	0.0	187.72124749446573	0.0	0.0	0.0	0.0	0.0	0.0	190.96428135793323	0.0	0.0	0.0	115.93842285459449	0.0	136.2339295360601	0.0	0.0	0.0	0.0	0.0	0.0	0.0	4.43633908361123	0.0	0.0	0.0	0.0
GSM4138114_HNSCC_3_PBMC_AGAATAGTCACCATAG	100.24940988407057	196.44931387106533	0.0	0.0	38.57711411374641	0.0	15.938426951307738	55.17508468935731	0.0	0.0	113.31198009969636	0.0	12.033976659742292	0.0	0.0	0.0	0.0	0.0	176.67758705567823	0.0	0.0	0.0	0.0	0.0	0.0	0.0	0.0	0.0	0.0	0.0	0.0
GSM4138114_HNSCC_3_PBMC_AGCCTAATCCTGCCAT	49.58932202281349	73.18891043199457	0.0	48.43488866202605	0.0	0.0	0.0	0.0	0.0	48.362465157571584	0.0	0.0	0.0	0.0	0.0	0.0	0.0	39.33853639165552	0.0	0.0	0.0	0.0	0.0	0.0	55.973976328378804	0.0	0.0	0.0	0.0	0.0	0.0
GSM4138114_HNSCC_3_PBMC_CAACCAAGTTGAGGTG	75.38552439048134	87.80745248356021	0.0	0.0	31.043319016320822	0.0	0.4058674800172787	26.974002498923433	73.58116704084752	0.0	0.0	57.846155109370194	0.0	0.0	0.0	0.0	0.0	31.213412638506068	0.0	0.0	33.827810896024104	0.0	0.0	0.0	0.0	0.0	0.0	0.0	0.0	0.0	0.0
GSM4138114_HNSCC_3_PBMC_CACACAACATGCCTAA	133.12982357214491	162.76792351680027	0.0	93.84669075781065	177.95603569935648	125.68917745093253	0.0	0.0	0.0	0.0	0.0	0.0	0.0	0.0	0.0	0.0	0.0	0.0	0.0	0.0	0.0	0.0	0.0	0.0	0.0	0.0	0.0	0.0	96.84775768637276	0.0	0.0
GSM4138114_HNSCC_3_PBMC_CCACTACAGGTGCTAG	54.6012253212007	142.79991083310335	0.0	60.13544971869871	55.32804324892759	51.91568555253276	63.80254799210341	0.0	0.0	0.0	0.0	0.0	0.0	0.0	0.0	0.0	0.0	0.0	0.0	33.13253811504349	0.0	0.0	0.0	0.0	0.0	0.0	0.0	0.0	0.0	0.0	0.0
GSM4138114_HNSCC_3_PBMC_CGTCACTCAGATTGCT	174.7377318327284	214.06247758767603	141.6755958943341	179.1019844613843	0.0	130.25107525301397	0.0	0.0	0.0	0.0	0.0	0.0	200.67423371028022	0.0	0.0	0.0	0.0	0.0	0.8015049122157746	0.0	0.0	0.0	0.0	0.0	0.0	0.0	0.0	0.0	0.0	0.0	0.0
GSM4138114_HNSCC_3_PBMC_CTCGGGAGTCTAGCGC	182.90545719872685	429.06199879439066	139.816822221228	102.1558977854609	0.0	0.0	156.39003775200655	0.0	146.61761599044158	0.0	0.0	0.0	0.0	0.0	0.0	0.0	0.0	0.0	0.0	0.0	0.0	0.0	0.0	0.0	0.0	0.0	0.0	0.0	0.0	0.0	0.0
GSM4138114_HNSCC_3_PBMC_GACCTGGCAGTCACTA	131.04182878903683	135.3327181003852	73.97532812638664	55.958863123648776	35.460845212684845	98.2759589927264	24.46679338157919	0.0	0.0	0.0	0.0	18.808698806746563	45.14155841524107	0.0	0.0	0.0	0.0	0.0	0.5408519060432845	0.0	2.417707516452787	0.0	0.0	0.0	0.0	0.0	41.665215387078554	0.0	0.0	0.0	0.0
GSM4138114_HNSCC_3_PBMC_GCTCTGTAGTCAAGCG	114.45157934139853	186.80803381633288	0.0	103.91474996893521	179.08785928170016	0.0	94.97406818822292	0.0	0.0	111.76083526078345	0.0	0.0	0.0	0.0	0.0	0.0	0.0	0.0	0.0	0.0	0.0	0.0	0.0	0.0	0.0	0.0	0.0	0.0	0.0	0.0	0.0
GSM4138114_HNSCC_3_PBMC_GGAACTTAGAGAGCTC	146.8185637188438	211.50651054345013	118.87389511198647	97.3136396209149	0.0	0.0	106.02270508322904	0.0	0.0	142.55185113101913	0.0	0.0	0.0	0.0	0.0	0.0	0.0	16.31632820572423	0.0	0.0	0.0	0.0	0.0	0.0	29.313637395243916	0.0	0.0	0.0	27.09154627538821	0.0	0.0
GSM4138114_HNSCC_3_PBMC_GGCGACTGTTCCACTC	117.25978342635723	246.26553979208452	11.911091322970623	72.69233117234677	17.484877628962977	0.0	0.0	56.6974795048312	64.11255773412634	56.17372596809507	0.0	0.0	0.0	0.0	10.628080244852924	0.0	29.39473446218638	0.0	0.0	0.0	0.0	66.31686443452813	0.0	0.0	0.0	0.0	0.0	0.0	0.0	0.0	0.0
GSM4138114_HNSCC_3_PBMC_GTTTCTACACACAGAG	123.23141937903092	173.0732665664592	172.0248853337202	0.0	0.0	0.0	0.0	173.10770890491744	0.0	0.0	220.7508309655773	238.88910883857685	0.0	0.0	1.9140750205249693	0.0	0.0	0.0	0.0	0.0	0.0	0.0	0.0	141.24045095248866	0.0	0.0	0.0	0.0	0.0	0.0	0.0
GSM4138114_HNSCC_3_PBMC_TGCGTGGCAGTCGATT	165.49608154558635	191.30231469196613	42.053980653910045	0.0	86.6810651753359	0.0	78.58135737185074	0.0	0.0	0.0	130.29428493696915	0.0	0.0	0.0	114.9670515129973	0.0	0.0	0.0	0.0	35.989503504821684	0.0	0.0	0.0	0.0	0.0	0.0	0.0	0.0	0.0	0.0	0.0
GSM4138114_HNSCC_3_PBMC_TTATGCTGTTACGACT	114.96094333495655	185.6572974281625	0.0	55.66163722855368	0.0	105.47657013940929	73.62059650806111	0.0	0.0	0.0	0.0	86.73241503762351	0.0	0.0	0.0	0.0	0.0	0.0	0.0	0.0	94.4415998503645	0.0	0.0	0.0	0.0	0.0	0.0	0.0	0.0	0.0	0.0
GSM4138114_HNSCC_3_PBMC_AAAGCAATCCCGACTT	179.99734905772962	182.16564823026377	0.0	0.0	230.43646582779607	234.00321154417972	10.936922579443888	111.39626245629083	0.0	0.0	0.0	87.30683801494003	0.0	0.0	0.0	0.0	0.0	0.0	0.0	0.0	0.0	0.0	0.0	1.351315900264116	0.0	0.0	0.0	0.0	0.0	0.0	0.0
GSM4138114_HNSCC_3_PBMC_AAAGTAGGTTCAGACT	247.12486727585124	152.34341547441048	171.13157471848427	0.0	0.0	0.0	0.0	149.66343017894593	0.0	0.0	232.19338117507561	94.57015034751012	0.0	0.0	0.0	0.0	0.0	0.0	0.0	0.0	0.0	0.0	0.0	0.0	0.0	0.0	0.0	0.0	0.0	0.0	0.0
GSM4138114_HNSCC_3_PBMC_ACGTCAAAGAGCTGGT	398.1994086332444	199.30516459686362	45.938463455951265	0.0	0.0	0.0	0.0	126.58545294984016	118.6433668319625	69.65664199751404	0.0	126.32424711229933	0.0	0.0	0.0	0.0	0.0	215.8297178381905	0.0	0.0	0.0	0.0	0.0	0.0	0.0	0.0	0.0	0.0	0.0	0.0	0.0
GSM4138114_HNSCC_3_PBMC_ACTTGTTAGCAGATCG	153.11243761081045	117.58059110840946	43.76650837945383	0.0	0.0	0.0	0.0	112.94166264283331	100.34007466502624	0.0	78.34378744627266	0.0	0.0	0.0	0.0	0.0	0.0	178.5177369857525	0.0	0.0	0.0	0.0	0.0	114.98720085531122	0.0	0.0	0.0	0.0	0.0	0.0	0.0
GSM4138114_HNSCC_3_PBMC_AGCTCCTGTCTGCAAT	211.89082175992377	169.37534927451858	354.9844072024008	0.0	0.0	0.0	127.68710968570416	0.0	0.0	0.0	214.20339863050793	143.6333540519629	0.0	0.0	0.0	0.0	0.0	0.0	0.0	0.0	0.0	0.0	0.0	0.0	0.0	0.0	0.0	0.0	0.0	0.0	0.0
GSM4138114_HNSCC_3_PBMC_ATCTGCCTCTCCGGTT	249.76387631059686	216.26950794990972	269.346084878849	0.0	0.0	0.0	0.0	230.86678889887045	0.0	0.0	279.5626946522013	0.0	0.0	0.0	175.8487831265926	0.0	0.0	0.0	0.0	0.0	0.0	0.0	0.0	0.0	0.0	0.0	0.0	0.0	0.0	0.0	0.0
GSM4138114_HNSCC_3_PBMC_CACAAACGTCTCTTAT	256.0041795993212	144.88754102491	0.0	190.76299804108663	275.25563884571744	103.14920368722163	113.76152352680712	45.29895291667116	0.0	0.0	137.94527372968716	0.0	0.0	12.886979021646644	0.0	2.055480090258625	0.0	0.0	0.0	0.0	0.0	0.0	0.0	0.0	0.0	0.0	0.0	0.0	0.0	0.0	0.0
GSM4138114_HNSCC_3_PBMC_CATCAAGCACAGATTC	287.8954046019296	139.318493599848	0.0	164.47246167103586	0.0	0.0	0.0	102.46923212904623	124.57551394607037	0.0	0.0	0.0	0.0	0.0	0.0	0.0	242.2066563596931	0.0	0.0	0.0	0.0	0.0	137.28521154361525	0.0	0.0	0.0	0.0	0.0	0.0	0.0	0.0
GSM4138114_HNSCC_3_PBMC_CGTCCATGTAATCACC	298.9055509757315	108.70182104370791	0.0	0.0	193.68478833858163	0.0	0.0	157.86968125748322	54.61763147846705	0.0	0.0	0.0	0.0	0.0	156.82259192584854	0.0	0.0	0.0	0.0	26.103698262672417	0.0	0.0	111.42381070212969	0.0	0.0	0.0	0.0	0.0	0.0	0.0	0.0
GSM4138114_HNSCC_3_PBMC_CGTTCTGGTCCGAGTC	171.11726751352845	113.05783304247026	0.0	0.0	0.0	0.0	94.96852426224359	0.0	0.0	0.0	216.74430553880705	181.80829622722644	26.548458113991828	0.0	0.0	0.0	0.0	274.14221122641845	0.0	0.0	0.0	0.0	0.0	0.0	0.0	0.0	0.0	0.0	0.0	0.0	0.0
GSM4138114_HNSCC_3_PBMC_CTACGTCAGAGGACGG	164.46293619299962	55.968233869025156	305.13219418536727	83.23153140973163	0.0	0.0	139.74166083224222	0.0	0.0	155.4951523266926	0.0	0.0	0.0	0.0	0.0	39.85298127567014	0.0	0.0	0.0	0.0	0.0	0.0	0.0	0.0	0.0	0.0	0.0	0.0	0.0	0.0	0.0
GSM4138114_HNSCC_3_PBMC_GACGCGTGTTCCGGCA	214.4363399245956	112.5776787312269	142.46278491029722	0.0	0.0	0.0	0.0	104.15860714258203	0.0	0.0	231.33341462714768	0.0	0.0	0.0	138.6818534067907	0.0	0.0	0.0	0.0	0.0	0.0	0.0	0.0	0.0	0.0	0.0	0.0	0.0	0.0	0.0	0.0
GSM4138114_HNSCC_3_PBMC_GGCCGATCATGTAAGA	207.0846240041945	187.25134340475654	25.779956514217716	0.0	0.0	0.0	0.0	0.0	39.170887955859484	0.0	45.5634925677381	124.76643624682298	0.0	0.0	0.0	0.0	247.12943521826017	0.0	0.0	0.0	0.0	0.0	77.89901602018377	0.0	136.93373200014253	0.0	0.0	0.0	0.0	0.0	0.0
GSM4138114_HNSCC_3_PBMC_GTATTCTTCTGTGCAA	262.4856042135459	48.174746600138604	223.6744611420792	0.0	0.0	0.0	0.7334864755122856	220.32977486637205	0.0	0.0	246.9541376214828	174.43617872920512	0.0	48.603731393145296	0.0	20.707001840271246	0.0	0.0	0.0	0.0	0.0	0.0	0.0	0.0	0.0	0.0	0.0	0.0	0.0	0.0	0.0
GSM4138114_HNSCC_3_PBMC_GTCAAGTAGTGCTGCC	192.51620821792852	199.21004274694582	118.60221469517516	92.27518620729505	0.0	0.0	0.0	208.1323610371146	0.0	0.0	237.7687624158825	0.0	0.0	0.0	0.0	0.0	0.0	0.0	0.0	0.0	0.0	0.0	0.0	0.0	0.0	0.0	0.0	0.0	0.0	0.0	0.0
GSM4138114_HNSCC_3_PBMC_GTCTCGTAGGCTAGAC	316.67497279388317	183.65209887629507	114.19192900554151	0.0	0.0	10.857741309922222	0.0	0.0	0.0	46.58439947198796	0.0	0.0	157.49415833377626	0.0	149.86029396978574	0.0	0.0	0.0	0.0	0.0	49.31090445485042	0.0	0.0	0.0	0.0	0.0	84.52746824772237	0.0	0.0	0.0	0.0
GSM4138114_HNSCC_3_PBMC_TCTGGAAAGTGGTAAT	142.1007367157051	126.53941026174553	0.0	118.07029781521886	0.0	0.0	57.56425159771917	71.86576764901376	0.0	185.73835445550966	0.0	0.0	0.0	0.0	0.0	0.0	180.6242483495243	0.0	0.0	0.0	0.0	0.0	0.0	0.0	0.0	0.0	0.0	0.0	0.0	0.0	0.0
GSM4138114_HNSCC_3_PBMC_TGGCCAGGTCCAAGTT	188.00677189333905	152.64653136508875	0.0	30.772413898561943	39.48048580802357	165.73701552636456	155.40119937684807	0.0	0.0	0.0	33.49453904935514	73.94023776620601	0.0	0.0	0.0	0.0	16.885429257151532	0.0	0.0	0.0	78.24808016874405	0.0	0.0	0.0	0.0	0.0	0.0	0.0	0.0	0.0	0.0
GSM4138114_HNSCC_3_PBMC_AACTGGTGTGTGGCTC	2939.3751213834794	0.0	0.0	0.0	0.0	0.0	0.0	0.0	0.0	0.0	0.0	0.0	0.0	0.0	0.0	0.0	0.0	0.0	0.0	0.0	0.0	0.0	0.0	0.0	0.0	0.0	0.0	0.0	0.0	0.0	0.0
GSM4138114_HNSCC_3_PBMC_AAGACCTAGTTTGCGT	275.9631243326994	158.9728757808793	271.4770556663536	187.84507000294627	0.0	0.0	49.96025892235616	203.08232324600698	0.0	0.0	119.47288819222197	0.0	0.0	0.0	0.0	0.0	0.0	0.0	0.0	22.3299701193056	0.0	0.0	141.37779602558822	0.0	0.0	0.0	0.0	0.0	0.0	0.0	0.0
GSM4138114_HNSCC_3_PBMC_ACATCAGAGTGTCCAT	0.0	0.0	2502.5820141356494	0.0	417.30698889391505	0.0	0.0	0.0	0.0	0.0	0.0	0.0	0.0	0.0	0.0	0.0	0.0	0.0	0.0	0.0	208.57867086430122	0.0	0.0	0.0	0.0	0.0	0.0	0.0	0.0	0.0	0.0
GSM4138114_HNSCC_3_PBMC_ACGGCCACATGGTCTA	242.4365584785224	0.0	254.34039720567725	0.0	0.0	105.27460089124826	0.0	0.0	0.0	129.8694928777934	0.0	0.0	281.9144817500228	0.0	124.78159872047118	0.0	0.0	0.0	0.0	0.0	0.0	172.60797197937285	0.0	0.0	0.0	0.0	0.0	0.0	0.0	0.0	0.0
GSM4138114_HNSCC_3_PBMC_ACTTGTTGTTGTGGAG	131.13212784914023	106.32018252796301	103.07101530955272	0.0	0.0	0.0	0.0	0.0	0.0	0.0	0.0	0.0	0.0	0.0	59.52779523713143	0.0	0.0	0.0	0.0	354.7071408281989	0.0	0.0	0.0	0.0	3.249907066180242	304.922488722818	0.0	0.0	0.0	0.0	0.0
GSM4138114_HNSCC_3_PBMC_AGCGTATCAGCTCGCA	0.0	0.0	0.0	0.0	0.0	11.120934994953052	0.0	0.0	0.0	0.0	0.0	0.0	0.0	0.0	0.0	0.0	0.0	0.0	0.0	233.37764433100773	0.0	0.0	4200.88047727905	0.0	0.0	0.0	0.0	0.0	0.0	0.0	0.0
GSM4138114_HNSCC_3_PBMC_CCATTCGAGACAGGCT	298.9326454579155	177.22356339743118	257.8020186319017	0.0	0.0	0.0	295.14993681432486	0.0	0.0	0.0	103.55574042689837	130.2321036279986	0.0	0.0	0.0	0.0	0.0	16.914480129754562	0.0	203.01479002101598	0.0	0.0	45.50204819939343	0.0	0.0	0.0	0.0	0.0	0.0	0.0	0.0
GSM4138114_HNSCC_3_PBMC_CCTTCGATCTCGCTTG	320.0558447975599	130.30546049041698	311.4493148915555	0.0	0.0	78.87860345000414	78.80622057588324	171.23151165287524	0.0	2.228209081840785	228.5883210724112	0.0	0.0	0.0	0.0	0.0	0.0	0.0	0.0	0.0	0.0	0.0	0.0	93.67401123253062	0.0	0.0	0.0	0.0	0.0	0.0	0.0
GSM4138114_HNSCC_3_PBMC_CGCGTTTAGACTAGGC	373.08458374220004	201.38882796551496	429.7879881725412	53.058972901428334	0.0	0.0	105.66536322451947	227.23685820796152	45.44852128965867	203.96365533354177	28.833927104061136	44.4211877451043	0.0	0.0	76.28621381313198	0.0	0.0	0.0	0.0	0.0	0.0	0.0	0.0	0.0	0.0	0.0	1.0854470626019563	90.431279888746	0.0	0.0	0.0
GSM4138114_HNSCC_3_PBMC_CTACATTTCTTTACGT	310.61029784998215	92.86317140121915	0.0	126.03189706889579	0.0	0.0	308.66089948085823	0.0	0.0	348.47040355588433	0.0	0.0	0.0	0.0	0.0	0.0	327.1932041588736	0.0	0.0	0.0	28.181316140341078	0.0	0.0	0.0	0.0	0.0	0.0	0.0	0.0	0.0	0.0
GSM4138114_HNSCC_3_PBMC_CTAGCCTAGACCGGAT	276.1757466739017	143.37393985540209	259.4898148674015	0.0	0.0	0.0	241.43098484334743	0.0	0.0	314.0693726180606	0.0	100.77458950869026	0.0	0.0	0.0	0.0	0.0	0.0	15.095937284578063	0.0	0.0	0.0	0.0	0.0	0.0	0.0	0.0	0.0	0.0	0.0	0.0
GSM4138114_HNSCC_3_PBMC_GACGTTAGTACCATCA	337.3108135152149	207.84558158606896	220.48150225457857	0.0	0.0	0.0	0.0	357.30203907090663	325.851543848824	117.6964079448581	0.0	0.0	0.0	0.0	178.2645694123227	0.0	0.0	143.90964250566154	0.0	0.0	0.0	0.0	0.0	0.0	0.0	0.0	0.0	0.0	0.0	0.0	0.0
GSM4138114_HNSCC_3_PBMC_GCGCAGTCAACTGGCC	433.32874909937067	175.51607396086084	0.0	17.317975128556437	0.0	0.0	349.6641504116051	0.0	0.0	0.0	354.0531947256838	86.96757960482184	0.0	0.0	0.0	0.0	0.0	293.9865619266389	2.7338346550829766	0.0	0.0	0.0	0.0	0.0	0.0	0.0	0.0	0.0	0.0	0.0	0.0
GSM4138114_HNSCC_3_PBMC_GCTCTGTCACACTGCG	286.86104134459123	201.93024934270784	269.71996198291833	156.71140512932732	0.0	0.0	420.6138122305867	0.0	39.23634600768518	0.0	193.12591464318496	0.0	0.0	0.0	0.0	0.0	0.0	0.0	0.0	0.0	0.0	0.0	14.913232623241797	0.0	0.0	0.0	0.0	37.48553383861882	0.0	0.0	0.0
GSM4138114_HNSCC_3_PBMC_GCTGCAGTCCGGCACA	321.7556832340067	0.0	23.87849893816211	0.0	238.37782363417125	0.0	0.0	279.35556999358573	0.0	0.0	331.21633062734287	86.99746865118054	0.0	140.39794606966018	0.0	89.08287555675834	0.0	0.0	0.0	0.0	0.0	0.0	0.0	0.0	0.0	0.0	0.0	0.0	0.0	0.0	0.0
GSM4138114_HNSCC_3_PBMC_GTAGTCACACAAGCCC	228.3580847009261	131.83947366437806	0.0	0.0	183.40752043503886	122.89379177152405	0.0	0.0	0.0	0.0	0.0	157.80230558477047	247.79715521339867	0.0	0.0	0.0	0.0	0.0	0.0	0.0	0.0	0.0	180.09691197576095	0.0	0.0	0.0	0.0	0.0	0.0	0.0	0.0
GSM4138114_HNSCC_3_PBMC_GTCAAGTAGGCGTACA	109.01915958502873	51.769851758309706	0.0	55.8191142147051	126.31027385102287	121.86599250355738	0.0	68.78127764621362	0.0	0.0	0.0	0.0	0.0	0.0	7.966253590710698	0.0	17.84281440527959	0.0	0.0	0.0	0.0	0.0	0.0	0.0	0.0	0.0	0.0	0.0	0.0	0.0	0.0
GSM4138114_HNSCC_3_PBMC_TACGGATAGATCGATA	287.9878700580551	167.68114753885888	0.0	0.0	203.8235204593111	0.0	170.21766422648372	83.81512769633015	0.0	316.49897996928206	0.0	0.0	0.0	0.0	158.134786140495	0.0	4.231464752599794	0.0	0.0	0.0	44.37991138977031	0.0	0.0	0.0	0.0	0.0	0.0	0.0	0.0	0.0	0.0
GSM4138114_HNSCC_3_PBMC_TCAACGATCTGGGCCA	359.754715852504	197.8014557616874	359.55614242218746	0.0	0.0	0.0	359.2657799792751	0.0	0.0	0.0	333.63556880042955	0.0	0.0	0.0	132.80957943213537	0.0	0.0	33.002310676519635	0.0	0.0	0.0	0.0	0.0	0.0	0.0	0.0	0.0	0.0	0.0	0.0	0.0
GSM4138114_HNSCC_3_PBMC_TGGGCGTGTTAGTGGG	284.83631216527937	184.57049484508826	212.61400622719663	110.8440276866291	83.6401550673467	0.0	171.39452907382292	112.54495841278819	278.5201305452133	0.0	0.0	0.0	0.0	0.0	0.0	0.0	0.0	0.0	0.0	0.0	15.73116643871133	0.0	0.0	0.0	0.0	0.0	0.0	0.0	0.0	0.0	0.0
GSM4138114_HNSCC_3_PBMC_TTGGAACCAGTCACTA	312.1963871549203	144.8459316347713	309.95680028355935	144.26699912700843	0.0	0.0	234.33788349490843	0.0	150.87666461044003	0.0	0.0	0.0	0.0	0.0	3.972022980780859	0.0	0.0	0.0	0.0	0.0	0.0	0.0	114.74777942790648	0.0	0.0	0.0	0.0	45.308387880320126	0.0	0.0	0.0
GSM4138114_HNSCC_3_PBMC_ACTGTCCCAGCGATCC	133.2324892335479	97.3826558451456	0.0	128.29910461807546	0.0	0.0	232.2922086750752	0.0	362.08895993052147	0.0	0.0	0.0	0.0	0.0	0.0	0.0	0.0	162.9114386825455	0.0	0.0	0.0	0.0	0.0	0.0	0.0	0.0	0.0	0.0	0.0	0.0	0.0
GSM4138114_HNSCC_3_PBMC_AGATTGCGTCATACTG	114.32870147263941	0.0	0.0	44.642461128819626	0.0	0.0	156.2411124384569	0.0	0.0	0.0	231.22562144533447	0.0	0.0	0.0	0.0	108.03657579352031	107.21246857906397	0.0	0.0	0.0	0.0	0.0	0.0	0.0	0.0	0.0	0.0	0.0	0.0	0.0	0.0
GSM4138114_HNSCC_3_PBMC_CACACAAGTGAACCTT	219.8283605317904	39.89573230505682	124.35572900779724	0.0	0.0	0.0	132.8492659194512	0.0	0.0	0.0	0.0	0.0	0.0	0.0	122.1068779633831	51.81497716041161	80.0787862410976	0.0	0.0	0.0	26.97134943280971	0.0	0.0	0.0	0.0	0.0	0.0	172.09361344283573	0.0	0.0	0.0
GSM4138114_HNSCC_3_PBMC_GCGCAACCATCTGGTA	148.10621220063476	79.86611362689901	0.0	0.0	0.0	0.0	0.0	0.0	217.33951167331497	0.0	0.0	0.0	0.0	0.0	114.46284647183693	0.0	0.0	145.73945126846024	27.13294301791411	0.0	0.0	0.0	0.0	0.0	0.0	16.28677163716844	0.0	0.0	125.59290654710007	0.0	0.0
GSM4138114_HNSCC_3_PBMC_TACGGATGTCTCATCC	130.43538870125124	111.28794004359327	0.0	100.71176875483447	0.0	0.0	0.0	0.0	144.620864627531	0.0	0.0	0.0	203.4406667004466	0.0	0.0	0.0	0.0	0.0	0.0	0.0	232.49597992356505	0.0	0.0	0.0	0.0	0.0	0.0	0.0	0.0	0.0	0.0
GSM4138114_HNSCC_3_PBMC_TAGAGCTTCGGAATCT	230.98913032186587	44.77327467745081	0.0	0.0	0.0	0.0	96.70282278706136	88.93845112518842	119.7257954681496	0.0	0.0	0.0	0.0	0.0	99.96133076449833	45.42257270742701	0.0	153.1659535759795	0.0	0.0	0.0	0.0	0.0	0.0	0.0	0.0	0.0	0.0	0.0	0.0	0.0
GSM4138114_HNSCC_3_PBMC_TTGGAACGTACACCGC	230.5803210681706	87.24523858565418	0.0	0.0	0.0	0.0	0.0	182.57883282472656	0.0	0.0	0.0	0.0	0.0	0.0	152.70067028857713	0.0	0.0	182.83556466969992	0.0	278.84202430355657	0.0	0.0	0.0	0.0	0.0	18.28162766075959	0.0	0.0	0.0	0.0	0.0
GSM4138114_HNSCC_3_PBMC_GCAGCCACACCACGTG	196.42087423020973	92.0003867918987	66.71513721086222	56.877452446839285	0.0	27.980874036925275	0.0	0.0	0.0	0.0	4.723029184200919	0.0	0.0	0.0	0.0	0.0	0.0	0.0	0.0	74.20458601169078	0.0	0.0	0.0	0.0	3.344597886799028	0.0	0.0	0.0	78.97715174352321	0.0	0.0
GSM4138114_HNSCC_3_PBMC_TAGTTGGTCGAGAGCA	146.5074765370796	128.79574589382582	104.69611185914492	69.65674404166555	0.0	0.0	0.0	56.35253047621371	113.74670506161716	0.0	0.0	0.0	0.0	0.0	0.0	0.0	0.0	0.0	0.0	0.0	0.0	0.0	0.0	0.0	0.0	0.0	0.0	0.0	0.0	0.0	0.0
GSM4138114_HNSCC_3_PBMC_GGACAAGGTTACGACT	138.38293439130885	0.0	71.7442692572647	0.0	0.0	0.0	0.0	0.0	0.0	115.03536839338896	0.0	0.0	68.1846840142634	131.21905558812065	0.0	12.697733534215159	0.0	0.0	110.31963071179331	0.0	0.0	0.0	0.0	0.0	0.0	0.0	0.0	0.0	0.0	0.0	0.0
GSM4138114_HNSCC_3_PBMC_AGCTTGACATAACCTG	0.0	0.0	0.0	0.0	0.0	0.0	0.0	93.51653790124927	0.0	0.0	0.0	0.0	4045.0527185969095	0.0	0.0	0.0	0.0	0.0	0.0	0.0	0.0	0.0	0.0	0.0	240.16121729722374	14.959607726065682	0.0	0.0	0.0	7.102787551472075	0.0
