	1	2	3	4	5	6	7	8	9	10	11	12	13	14	15	16	17	18	19	20	21	22	23	24	25	26	27	28	29	30
GSM4138114_HNSCC_3_PBMC_AAACGGGTCTAGAGTC	0.0	25.592167895149654	3.504693510883277	55.68027416831392	0.0	21.070159076959207	0.0	81.2066326907333	0.0	0.0	0.0	0.0	0.0	0.0	78.36857558953545	0.0	0.0	74.88923964784567	0.0	0.0	0.0	0.0	29.393068898544243	0.0	0.0	0.0	0.0	0.0	0.0	0.0
GSM4138114_HNSCC_3_PBMC_AAAGATGCACTACAGT	0.0	54.310860077518335	87.43290888879643	0.0	0.0	0.0	0.0	78.79172494063776	0.0	0.0	0.0	0.0	59.557494891232444	0.0	0.0	0.0	0.0	72.3140776569433	0.0	0.0	0.0	0.0	0.0	0.0	2.62058506971733	2.332005154583956	0.0	0.0	0.0	13.529525829941395
GSM4138114_HNSCC_3_PBMC_AAATGCCTCTCCAGGG	72.73619759134209	93.82323130691691	91.18519546177056	0.0	81.74492828407539	0.0	0.0	0.0	0.0	0.0	0.0	0.0	0.0	43.44097887840127	19.46207679580302	0.0	95.89957954646836	30.90780757333673	0.0	0.0	0.0	0.0	0.0	0.0	0.0	0.0	0.0	0.0	0.0	0.0
GSM4138114_HNSCC_3_PBMC_AACACGTAGAGTGAGA	104.8097828645241	0.0	0.0	0.0	0.0	96.07676417767486	0.0	0.0	0.0	0.0	103.75201643368976	0.0	0.0	0.0	0.0	0.0	80.06565116731899	0.0	113.0931037801595	0.0	0.0	0.0	0.0	0.0	0.0	0.0	0.0	0.0	0.0	0.0
GSM4138114_HNSCC_3_PBMC_AAGGCAGGTTTAAGCC	71.4778120549955	0.0	116.23969077250857	0.0	0.0	40.532234171753224	0.0	0.0	0.0	0.0	81.8905705387234	0.0	48.56455243856079	11.739785096864354	0.0	0.0	0.0	0.0	0.0	0.0	0.0	0.0	0.0	0.0	0.0	18.053414187236218	0.0	0.0	0.0	0.0
GSM4138114_HNSCC_3_PBMC_ACACCAAGTATAAACG	50.02927054298325	69.51056273225205	0.0	0.0	57.06310648924746	7.954977665570721	0.0	0.0	0.0	0.0	0.0	0.0	0.0	0.0	0.0	85.12090561056526	0.0	0.0	0.0	0.0	0.0	0.0	106.12915311388946	0.0	0.0	0.0	0.0	0.0	0.0	0.0
GSM4138114_HNSCC_3_PBMC_ACATACGTCCACTCCA	0.17471687696347396	94.30556769407885	44.39242027859225	0.0	25.80302732685755	0.0	0.0	0.0	61.758643813783436	0.0	22.392215361503876	0.0	0.0	0.0	0.0	0.0	0.0	36.389059827656645	0.0	0.0	0.0	0.0	0.0	0.0	0.0	0.0	0.0	0.0	0.0	0.0
GSM4138114_HNSCC_3_PBMC_ACTATCTAGGAGTTTA	0.0	86.7803919525079	8.336314788310235	0.0	205.59177123629834	0.0	122.20508466806119	0.0	0.0	0.0	0.0	0.0	0.0	0.0	45.5650951610269	0.0	0.0	0.0	38.402826346917884	0.0	23.75018266034825	0.0	15.149985906098182	0.0	0.0	0.0	0.0	0.0	0.0	0.0
GSM4138114_HNSCC_3_PBMC_ACTGAACTCACCTTAT	26.99433676366402	0.0	92.00652373638016	0.0	112.13239107294018	52.615778019074256	70.31296114604652	0.0	0.0	0.0	0.0	0.0	0.0	0.0	0.0	63.35845182920163	0.0	0.0	0.0	0.0	0.0	0.0	45.342807693748576	0.0	0.0	0.0	0.0	0.0	0.0	0.0
GSM4138114_HNSCC_3_PBMC_ACTTTCACAGCTGTTA	79.37237140706932	0.0	59.95166003052111	0.0	0.0	68.34872924985741	0.0	108.7049697798421	0.0	0.0	0.0	0.0	0.0	0.0	0.0	0.0	0.0	0.0	0.0	0.0	0.0	0.0	0.0	0.0	0.0	0.0	43.72908713221586	0.0	0.0	0.0
GSM4138114_HNSCC_3_PBMC_AGCTCTCAGGTGATAT	77.46257464481297	54.066123673427164	77.94362893157121	0.0	104.7642167426671	0.0	0.0	0.0	0.0	0.0	25.884060318860165	0.0	0.0	0.0	0.0	0.0	0.0	0.0	0.0	0.0	0.0	0.0	0.0	0.0	0.0	0.0	0.0	0.0	85.22778584041218	0.0
GSM4138114_HNSCC_3_PBMC_AGCTCTCCAGCCTGTG	42.48319442852253	0.0	0.0	0.0	0.0	33.88484249841794	0.0	82.08804731720875	0.0	0.0	0.0	0.0	0.0	0.0	0.0	16.431062030422037	0.0	0.0	123.35258590032909	10.538687517705826	0.0	0.0	0.0	0.0	0.0	0.0	0.0	0.0	0.0	0.0
GSM4138114_HNSCC_3_PBMC_AGTCTTTCAAAGGTGC	110.25178363398959	71.59208171811053	0.0	0.0	128.1142789814944	2.0083908724526927	0.0	0.0	0.0	0.0	0.0	0.0	26.35970395648928	0.0	0.0	0.0	0.0	0.0	0.0	0.0	65.5720138850283	0.0	0.0	0.0	0.0	0.0	0.0	0.0	0.0	0.0
GSM4138114_HNSCC_3_PBMC_AGTGAGGGTCAGCTAT	69.20334321113828	0.0	0.0	67.65566454367787	96.0430497774719	138.75281808438942	0.0	0.0	0.0	0.0	0.0	0.0	0.0	0.0	55.73921128156019	0.0	0.0	0.0	0.0	0.0	0.0	0.0	0.0	0.0	0.0	0.0	0.0	0.0	0.0	0.0
GSM4138114_HNSCC_3_PBMC_AGTGGGATCACCACCT	77.23731430915632	0.0	0.0	0.0	79.62629554147456	67.33786505683605	0.0	0.0	0.0	0.0	0.0	0.0	52.238872848376595	0.0	0.0	0.0	0.0	0.0	129.2389817032704	26.215737254299885	0.0	0.0	0.0	0.0	0.0	0.0	16.01475564225568	15.724363859724782	0.0	0.0
GSM4138114_HNSCC_3_PBMC_ATCCACCTCCCTCAGT	77.97117779850674	47.02359583057613	0.0	66.4575962771985	0.0	0.0	0.0	0.0	33.603136584581385	71.04454458381659	0.0	0.0	0.0	0.0	0.0	0.0	0.0	0.0	0.0	0.0	0.0	0.0	0.0	0.0	0.0	0.0	0.0	0.0	0.0	0.0
GSM4138114_HNSCC_3_PBMC_ATCGAGTGTCTAAACC	131.81824851523453	121.03492636583195	113.22104791163154	0.0	76.90323516929917	0.0	0.0	0.0	0.0	44.635637726502566	0.0	198.0470783601906	0.0	0.0	0.0	0.0	0.0	0.0	0.0	0.0	0.0	0.0	0.0	46.310639581086114	17.764676773067976	0.0	47.72184363247891	0.0	0.0	0.0
GSM4138114_HNSCC_3_PBMC_ATCTACTGTGACGCCT	78.74337422494384	36.047504584206926	76.09446464175022	0.0	29.35423495454705	18.723227234744964	0.0	0.0	0.0	0.0	53.68622880984629	4.240381255803588	0.0	0.0	0.0	0.0	0.0	0.0	0.0	0.0	0.0	0.0	0.0	0.0	0.0	0.0	0.0	0.0	107.51734839284411	0.0
GSM4138114_HNSCC_3_PBMC_CAAGAAAGTGCTTCTC	53.01315569333118	62.85176464998853	0.8050771039001381	75.69881776626086	0.0	0.0	0.0	0.0	0.0	0.0	0.0	80.55233852615834	0.0	0.0	0.0	61.141263344247534	0.0	0.0	0.0	0.0	0.0	0.0	0.0	0.0	0.0	0.0	0.0	0.0	0.0	0.0
GSM4138114_HNSCC_3_PBMC_CAAGGCCGTTCCCGAG	128.80427182592135	50.746190161500465	0.0	0.0	0.0	4.7440414383477	0.0	78.30891404027048	0.0	0.0	0.0	0.0	0.0	0.0	0.0	0.0	0.0	0.0	99.45351396718927	0.0	0.0	0.0	0.0	25.444550727640177	0.0	0.0	24.948502660134633	0.0	0.0	9.153525423676612
GSM4138114_HNSCC_3_PBMC_CAAGTTGTCAAGAAGT	115.17365162028007	16.352245049500752	0.0	0.0	0.0	22.212968393065022	0.0	40.01736040233566	0.0	0.0	0.0	0.0	103.82201799918474	35.53491081425111	0.0	0.0	0.0	0.0	7.085099852107137	0.0	20.22534057191938	0.0	0.0	0.0	0.0	0.0	0.0	0.0	0.0	0.0
GSM4138114_HNSCC_3_PBMC_CACAAACCAGCTGGCT	126.83539680758248	5.344939125100007	57.91064317433462	0.0	0.0	3.0953372760909477	0.0	0.0	0.0	98.28643594158983	6.820714687044956	0.0	59.138679427670546	3.9493342582315547	0.0	0.0	0.0	0.0	0.0	0.0	0.0	0.0	0.0	0.0	0.0	0.0	0.0	0.0	0.0	0.0
GSM4138114_HNSCC_3_PBMC_CACACAAAGAACAACT	112.22480408276255	0.0	52.76292062694782	0.0	0.0	53.96792871867666	0.0	0.0	0.0	0.0	0.0	0.0	0.0	0.0	68.32388262958837	0.0	0.0	0.0	0.0	172.2692019667026	0.0	0.0	0.0	0.0	0.0	0.0	0.0	0.0	0.0	0.0
GSM4138114_HNSCC_3_PBMC_CACATAGTCCGCAAGC	74.1775422594096	70.5371756502	9.765426560006418	32.33743482950992	82.6610423885496	0.0	0.0	0.0	0.0	0.0	0.0	24.05551804334835	82.64193862468981	0.0	37.658642425636664	0.0	0.0	0.0	0.0	0.0	0.0	0.0	28.969289456888706	0.0	0.0	0.0	0.0	0.0	0.0	0.0
GSM4138114_HNSCC_3_PBMC_CACCACTAGCAATATG	33.731853011338366	30.26418492359974	60.774828696220176	0.0	0.0	0.0	0.0	0.0	37.540981332392	0.0	0.0	152.6903806838334	0.0	0.0	0.0	0.0	0.0	0.0	0.0	0.0	0.0	0.0	8.55468793685178	0.0	0.0	0.0	0.0	0.0	0.0	0.0
GSM4138114_HNSCC_3_PBMC_CATATTCAGTCCCACG	25.39097730916614	0.0	0.0	0.0	0.0	66.74096364159277	36.94598812988173	0.0	31.363753063046996	0.0	39.43990245141694	0.0	0.0	0.0	0.0	0.0	0.0	0.0	0.0	0.0	26.750331909527187	40.652872920107306	0.0	0.0	0.0	0.0	0.0	69.64916665228596	0.0	0.0
GSM4138114_HNSCC_3_PBMC_CATCAAGGTCGTCTTC	84.9385855633579	0.0	0.0	0.0	87.07883322226364	52.37340424915579	0.0	65.01683692859031	0.7191202292158189	0.0	0.0	0.0	0.0	0.0	0.0	0.0	38.64776665817689	0.0	0.0	0.0	0.0	0.0	38.25560509429255	0.5457600289548885	0.0	0.0	0.0	0.0	0.0	0.0
GSM4138114_HNSCC_3_PBMC_CATCAGACATACTACG	154.74784034901145	86.19000227065737	0.0	0.0	0.0	108.53134581209616	0.0	309.4432286669803	0.0	0.0	0.0	0.0	0.0	0.0	0.0	0.0	0.0	0.0	0.0	0.0	218.8944575637138	0.0	0.0	0.0	126.15099049786305	0.0	0.0	0.0	45.7992769600094	0.0
GSM4138114_HNSCC_3_PBMC_CATCGGGTCTTCTGGC	86.89367150541082	87.53702080628719	0.0	0.0	90.54419574496659	0.0	0.0	0.0	0.0	0.0	0.0	0.0	0.0	0.0	0.0	0.07153788918544952	53.246950663433914	33.224346060442564	0.0	0.0	45.41715163562965	0.0	0.0	0.0	0.0	0.0	0.0	0.0	0.0	0.0
GSM4138114_HNSCC_3_PBMC_CCACGGATCAGAGGTG	0.0	49.01718755214173	0.0	123.67022944853366	0.0	0.0	126.4197352048329	0.0	115.18578932262332	0.0	0.0	0.0	0.0	160.40805710494783	0.0	0.0	0.0	0.0	0.0	0.0	0.0	0.0	0.0	0.0	0.0	0.0	0.0	0.0	0.0	0.0
GSM4138114_HNSCC_3_PBMC_CCTACACTCGACAGCC	52.58976443408206	29.20737219887157	0.0	46.4397323796421	0.0	0.0	0.0	69.2259938815321	0.0	0.0	0.0	0.0	0.0	0.0	43.317695634602565	14.994774607971996	0.0	0.0	0.0	0.0	0.0	0.0	0.0	0.0	0.0	0.0	0.0	0.0	0.0	0.0
GSM4138114_HNSCC_3_PBMC_CCTTCCCGTAGCGTCC	47.921799208745625	61.813574426884095	0.0	54.53978977967751	36.74419037104787	0.0	0.0	0.0	48.93453027722535	40.91573499690424	0.0	0.0	0.0	0.0	0.0	0.0	0.0	0.0	0.0	0.0	0.0	0.0	0.0	0.0	0.0	0.0	0.0	0.0	0.0	0.0
GSM4138114_HNSCC_3_PBMC_CCTTCCCTCACATACG	58.41479315823739	58.11432895203391	104.51849159687656	0.0	0.0	0.0	0.0	51.205603844543724	0.0	0.0	0.0	0.0	0.0	0.0	25.683413356663678	0.0	0.0	0.0	0.0	0.0	0.0	0.0	0.0	0.0	0.0	42.36100859743648	0.0	0.0	0.0	34.117447887062546
GSM4138114_HNSCC_3_PBMC_CGAGCCAAGCGCTTAT	63.52280070686573	62.14659291973706	47.81379327017848	0.0	143.9693333644198	0.0	0.0	0.0	0.0	0.0	0.0	0.0	0.0	0.0	0.0	0.0	0.0	0.0	40.9640243706454	0.0	0.0	0.0	0.0	0.0	0.0	38.47616339693941	0.0	0.0	0.0	0.0
GSM4138114_HNSCC_3_PBMC_CGAGCCAGTCAAAGAT	134.34666199247422	212.97601702488106	2.959501937868462	0.0	304.04896005085527	0.0	0.0	0.0	0.0	0.0	0.0	0.0	0.0	0.0	0.0	0.0	0.0	0.0	0.0	0.0	0.0	0.0	112.61445119240337	0.0	0.0	123.59684873591085	0.0	0.0	0.0	0.0
GSM4138114_HNSCC_3_PBMC_CGCGGTATCATCACCC	0.0	81.76837749086967	0.0	0.0	128.19113422777073	0.0	111.12389590132939	0.0	0.0	0.0	0.0	0.0	0.0	0.0	0.0	0.0	103.71449686724912	0.0	0.0	0.0	0.0	130.64846104222096	0.0	0.0	0.0	0.0	0.0	0.0	0.0	0.0
GSM4138114_HNSCC_3_PBMC_CGCGTTTTCCCAAGTA	0.0	75.61801774948822	56.798828032867654	0.0	22.305555444482522	0.0	0.0	0.0	0.0	32.692298052370404	0.0	15.757836261784943	0.0	0.0	0.0	0.0	0.0	66.98949448027103	0.0	0.0	0.0	0.0	0.0	0.0	0.0	35.97103008457932	0.0	0.0	0.0	0.0
GSM4138114_HNSCC_3_PBMC_CGCTGGAGTAGCCTAT	176.6357990785604	0.0	0.0	56.368781651442035	93.48367439409235	69.80372166962319	0.0	0.0	0.0	41.14971432204216	0.0	0.0	0.0	0.0	0.0	0.0	0.0	0.0	0.0	0.0	0.0	0.0	0.0	0.0	0.0	0.0	101.57858496227821	2.9578830797082203	0.0	0.0
GSM4138114_HNSCC_3_PBMC_CGGACGTGTAGATTAG	110.49946823692902	69.13406854142515	0.0	137.1865352613725	81.7977254949804	0.0	0.0	0.0	0.0	29.56079588408064	0.0	12.398731841771191	0.0	0.0	100.41444096934063	0.0	0.0	0.0	0.0	0.0	0.0	0.0	0.0	0.0	0.0	0.0	0.0	0.0	0.0	0.0
GSM4138114_HNSCC_3_PBMC_CGTCCATAGATGTGTA	42.144389592104446	79.98098790215903	38.016675281293175	0.0	84.48774885031	0.0	0.0	0.0	0.0	0.0	0.0	32.287022906657874	0.0	0.0	0.0	40.312583172786056	0.0	0.0	0.0	0.0	0.0	0.0	0.0	0.0	0.0	0.0	0.0	0.0	0.0	0.0
GSM4138114_HNSCC_3_PBMC_CGTCTACGTACCGAGA	63.01424133464686	71.44787891724741	0.0	199.8225930911781	0.0	0.0	0.0	0.0	24.16546576807411	0.0	0.0	77.32077248216726	0.0	0.0	0.0	0.0	0.0	0.0	0.0	0.0	0.0	0.0	0.0	0.0	0.0	0.0	0.0	0.0	84.89816319275104	0.0
GSM4138114_HNSCC_3_PBMC_CGTTCTGCACGTCTCT	75.29318024353005	68.09285798583518	0.0	112.41923977546865	0.0	0.0	0.0	53.675481832778075	0.0	0.0	0.0	0.0	34.43793125599336	12.77668627320413	20.586120398234588	0.0	0.0	0.0	0.0	0.0	0.0	0.0	0.0	0.0	0.0	5.994455527702596	0.0	0.0	0.0	0.0
GSM4138114_HNSCC_3_PBMC_CTAGAGTCAAGCCATT	0.0	51.386691023195354	0.0	40.32337316577846	0.0	0.0	89.78033236533531	0.0	0.0	0.0	101.07383952949074	0.0	0.0	0.0	0.0	0.0	61.676760343925714	0.0	0.0	0.0	0.0	0.0	0.0	0.0	13.71286063079628	0.0	0.0	0.0	23.98805890989111	0.0
GSM4138114_HNSCC_3_PBMC_CTCAGAAGTCAGTGGA	39.14358508224116	64.53937874446636	0.0	0.0	0.0	0.0	0.0	0.0	81.45935325945263	0.0	0.0	0.0	0.0	90.6974841401142	0.0	0.0	0.0	0.0	59.995935005405094	0.0	0.0	0.0	0.0	0.0	0.0	0.0	0.0	0.0	0.0	0.0
GSM4138114_HNSCC_3_PBMC_CTCATTACATCGGTTA	95.61219247705158	0.0	0.0	0.0	0.0	60.38361378821834	0.0	40.95513258975299	0.0	4.304624206835417	40.79926349374277	0.0	63.58048756125357	0.0	0.0	0.0	0.0	0.0	48.84568719612481	0.0	0.0	0.0	0.0	0.0	0.0	0.348536786903638	0.0	1.999423756521652	0.0	0.0
GSM4138114_HNSCC_3_PBMC_CTCATTATCGGAGCAA	40.840295571310044	63.357424689659624	81.49729499092305	0.0	0.0	33.01834429076683	0.0	0.0	79.06835335158107	0.0	32.89388797963539	0.0	0.0	31.967180874032092	0.0	0.0	0.0	0.0	0.0	0.0	0.0	0.0	0.0	0.0	0.0	0.0	0.0	0.0	0.0	0.0
GSM4138114_HNSCC_3_PBMC_CTGCTGTAGGACGAAA	80.82117929722976	0.0	2.5795230605828854	69.96284392910364	150.2782729557775	43.364115411464255	0.0	0.0	95.06663788777094	0.0	0.0	1.0902457732056576	0.0	0.0	0.0	0.0	0.0	0.0	0.0	0.0	0.0	0.0	0.0	0.0	0.0	0.0	0.0	0.0	0.0	0.0
GSM4138114_HNSCC_3_PBMC_CTGTTTAGTAAGTGTA	69.77195059624451	53.81923235790071	0.0	126.82234399998805	82.22620027393937	0.0	0.0	0.0	0.0	0.0	0.0	0.0	0.0	0.0	57.56281024433714	0.0	0.0	0.0	0.0	0.0	0.0	0.0	0.0	0.0	0.0	0.0	0.0	0.0	0.0	0.0
GSM4138114_HNSCC_3_PBMC_GAAATGACAGCTTAAC	57.145300329136866	12.443245251900168	0.0	66.04262266342322	31.929334265794846	41.34384948264708	0.0	74.17788644977354	0.0	10.361000201929746	0.0	0.0	0.0	0.0	0.0	37.63548270875019	0.0	0.0	0.0	0.0	0.0	0.0	0.0	0.0	0.0	0.0	0.0	0.0	0.0	0.0
GSM4138114_HNSCC_3_PBMC_GACCTGGGTTAAAGTG	0.0	18.218731069236206	2.980591366700894	0.0	54.081902341545735	0.0	40.8354763331159	0.0	0.0	0.0	0.0	10.531903239307418	0.0	0.0	0.0	0.0	74.59899043718664	12.393997351409277	12.791356947991545	0.0	65.1155456729048	0.0	0.0	0.0	0.0	0.0	0.0	0.0	0.0	6.1668265625570164
GSM4138114_HNSCC_3_PBMC_GATCAGTTCATCTGCC	0.0	0.0	0.0	100.5316310402463	0.0	29.809937319843684	0.0	0.0	0.0	94.55999661077499	0.0	0.0	0.0	0.0	0.0	0.0	0.0	95.73767036807689	0.0	0.0	0.0	0.0	0.0	0.0	0.0	0.0	0.0	0.0	80.63924815544623	0.0
GSM4138114_HNSCC_3_PBMC_GATCGATTCGCCAAAT	69.81763094601959	25.904263498887456	0.0	82.82920515948034	72.11652648846997	72.27437949616649	0.0	0.0	0.0	0.0	0.0	38.13697078006635	0.0	0.0	0.0	75.37128059740202	0.0	0.0	0.0	0.0	0.0	0.0	14.939749341730941	0.0	0.0	0.0	0.0	0.0	0.0	0.0
GSM4138114_HNSCC_3_PBMC_GATCGTACATGCCCGA	52.95789510051858	0.0	56.97659051988934	0.0	1.8240200206390333	67.88411739520103	0.0	64.56037014941855	0.0	20.015561902614376	0.0	0.0	0.0	0.0	0.0	0.0	57.36627337059664	0.0	0.0	0.0	0.0	0.0	0.0	0.0	0.0	0.0	0.0	0.0	0.0	2.7078931782229447
GSM4138114_HNSCC_3_PBMC_GATCTAGGTCTTGATG	37.10630648625897	45.470414774721306	0.0	105.09835038692204	80.28348707878929	0.0	5.943930737796062	0.0	60.58994629821137	0.0	0.0	0.0	0.0	0.0	0.0	0.0	0.0	34.5926404060119	0.0	0.0	0.0	0.0	0.15437282986620682	0.0	20.439904830102947	0.0	0.0	0.0	0.0	0.0
GSM4138114_HNSCC_3_PBMC_GCAAACTCAAACAACA	73.14641935347741	28.964267501505557	45.952602985972234	0.0	0.0	63.64997212262314	0.0	2.127743429742883	0.0	0.0	81.54989528487911	0.0	83.81012272659858	0.0	0.0	0.0	0.0	0.0	0.0	0.0	27.11438873875404	0.0	0.0	0.0	0.0	0.0	0.0	7.948076607717219	0.0	0.0
GSM4138114_HNSCC_3_PBMC_GCAAACTGTTCTGTTT	0.0	51.96166260169959	68.76121913454215	0.0	0.0	0.0	57.450286859510626	0.0	0.0	0.0	108.36774921168173	0.0	76.01135101442091	0.0	0.0	0.0	0.0	0.0	0.0	0.0	7.22856195029906	0.0	0.0	0.0	0.0	0.0	0.0	0.0	0.0	0.0
GSM4138114_HNSCC_3_PBMC_GCACATATCAGGCGAA	84.67461444657414	122.9544003267384	117.6299885140755	0.0	0.0	0.0	0.0	0.0	0.0	167.56768099060483	0.0	28.73928463229916	91.43950851451254	0.0	0.0	0.0	0.0	0.0	0.0	0.0	0.0	0.0	0.0	0.0	0.0	0.0	0.0	0.0	0.0	0.0
GSM4138114_HNSCC_3_PBMC_GCATGATCAGCTGTGC	53.338406419669695	30.751813696962056	50.51215742860896	0.0	0.0	0.0	11.977204407792126	6.778290679796366	0.0	13.251391595617601	0.0	0.0	1.4923509160812773	0.0	0.0	0.0	0.0	8.389884650790881	0.0	0.0	0.0	0.0	0.0	0.0	0.0	54.511583381307915	0.0	0.0	47.47750724608584	0.0
GSM4138114_HNSCC_3_PBMC_GCGACCACAGGGTACA	64.56750678892975	3.363810729616994	0.0	0.0	0.0	27.194578360061755	0.0	0.0	0.0	0.0	0.0	108.11809915818243	0.0	0.0	0.0	40.90709457007752	0.0	0.0	0.0	0.0	0.0	0.0	90.31468600672476	0.0	0.0	0.0	28.63387694246669	0.0	0.0	0.0
GSM4138114_HNSCC_3_PBMC_GCGCAACTCGTTGCCT	52.32721275210482	0.0	19.854077224036107	0.0	54.23991993523138	26.6946894608104	0.0	0.0	0.0	0.0	0.0	0.0	0.0	0.0	16.764557876411004	58.118936132929264	5.450422335587063	0.0	1.7159076447786337	0.0	38.2131169010934	0.0	0.0	0.0	0.0	0.0	0.0	0.0	0.0	0.0
GSM4138114_HNSCC_3_PBMC_GCGCCAACAAGGCTCC	69.46139129632856	0.0	44.72743977837366	0.0	0.0	79.62459943361961	0.0	112.7253558101761	0.0	0.0	0.0	0.0	16.320554962972587	0.0	0.0	0.0	0.0	0.0	35.275347706607725	0.0	0.0	0.0	0.0	56.60963396501289	0.0	0.0	0.0	0.0	0.0	0.0
GSM4138114_HNSCC_3_PBMC_GCTCTGTAGTGTCTCA	0.0	97.3801776271334	0.0	0.0	0.0	0.0	90.76756153011154	0.0	0.0	52.24969678934663	0.0	44.234188362334045	0.0	0.0	0.0	0.0	0.0	0.0	0.0	0.0	0.0	128.30067051825048	0.0	0.0	0.0	21.72312211832179	0.0	0.0	0.0	0.0
GSM4138114_HNSCC_3_PBMC_GCTGCTTAGATAGTCA	87.48245010170082	0.0	0.0	152.6448873017216	57.683630557890794	38.66904639409667	0.0	6.28331599857153	64.30968998883414	0.0	0.0	0.0	0.0	0.0	0.0	0.0	0.0	0.0	0.0	0.0	0.0	0.0	0.0	0.0	0.0	0.0	0.0	0.0	0.0	64.23315396914587
GSM4138114_HNSCC_3_PBMC_GGATGTTAGCTACCTA	163.86835928508523	0.0	132.75521878436666	0.0	100.45028210480207	89.24195290936768	16.932616490896983	0.0	0.0	0.0	0.0	0.0	0.0	0.0	85.31827040539416	0.0	0.0	7.656798755954508	0.0	0.0	0.0	0.0	0.0	0.0	0.0	0.0	0.0	0.0	0.0	0.0
GSM4138114_HNSCC_3_PBMC_GGCCGATAGCACCGTC	75.97690636720846	50.86374972522218	0.0	133.95911846024927	0.0	33.20988128765793	0.0	0.0	106.7039886055339	75.84493348611369	0.0	0.0	6.1398392035183775	0.0	0.0	0.0	0.0	0.0	0.0	0.0	0.0	0.0	0.0	0.0	0.0	0.0	0.0	0.0	0.0	0.0
GSM4138114_HNSCC_3_PBMC_GGCGTGTGTCCCTTGT	71.28085871184219	0.0	96.44760589060475	0.0	0.0	63.831433577040116	17.696296572140476	0.0	0.0	0.0	45.42123183181937	0.0	0.0	0.0	0.0	10.778907770872568	0.0	0.0	0.0	64.46111480151049	0.0	0.0	0.0	0.0	0.0	0.0	39.70914307552748	0.0	0.0	0.0
GSM4138114_HNSCC_3_PBMC_GGGCACTTCAGCTCTC	60.325234877281495	16.086902003334437	101.74218553444379	0.0	23.79749797803622	82.41882052678531	0.0	0.0	0.0	0.0	0.0	77.43071924213534	0.0	0.0	0.0	45.31051767796871	6.811256740040393	0.0	0.0	0.0	0.0	0.0	0.0	0.0	0.0	0.0	0.0	0.0	0.0	0.0
GSM4138114_HNSCC_3_PBMC_GTAGGCCTCAAAGTAG	0.0	0.0	0.0	92.30165471297275	83.31689247708084	48.41295295708898	117.93746504305217	0.0	0.0	0.0	0.0	0.0	0.0	0.0	0.0	27.377497857049804	28.347814948645738	0.0	0.0	0.0	0.0	0.0	0.0	0.0	0.0	0.0	0.0	0.0	0.0	0.0
GSM4138114_HNSCC_3_PBMC_GTATCTTAGCTAAACA	0.0	0.0	3.677316222052121	28.428448163156663	0.0	54.722371924344685	0.0	0.0	90.2089150269145	91.69235565438916	0.0	0.0	0.0	0.0	0.0	0.0	0.0	55.21796228232904	10.232347471296888	0.0	0.0	0.0	7.453150069843445	0.0	0.0	0.0	0.0	0.0	0.0	0.0
GSM4138114_HNSCC_3_PBMC_GTCTCGTCATCTCCCA	0.0	35.12232973792977	46.27848840810332	0.0	0.0	0.0	0.0	0.0	0.0	103.54904689133774	0.0	0.0	0.0	0.0	0.0	0.0	0.0	86.60779872938754	0.0	0.0	0.0	0.0	37.3530644563444	0.0	76.6927416859944	0.0	0.0	0.0	0.0	0.0
GSM4138114_HNSCC_3_PBMC_GTGTGCGGTTCGCTAA	99.52964573163943	43.02912724827684	0.0	0.0	0.0	10.663782753328572	0.0	63.23392703669197	0.0	0.0	0.0	0.0	86.73304796052153	0.0	0.0	0.0	0.0	0.0	43.29643811780602	28.37090849846764	0.0	14.090975695477207	0.0	0.0	0.0	0.0	0.0	0.0	0.0	0.0
GSM4138114_HNSCC_3_PBMC_GTTACAGAGAGCTGCA	55.7379016349643	0.0	106.26014011174735	0.0	0.0	42.14734478053945	0.0	0.0	0.0	88.44503497297916	0.0	0.0	46.01409901247505	0.0	0.0	4.277684327272635	0.0	0.0	0.0	0.0	0.0	0.0	0.0	0.0	0.0	0.0	0.0	0.0	0.0	0.0
GSM4138114_HNSCC_3_PBMC_GTTCATTAGCTACCTA	58.45005552290447	0.0	0.0	22.646057677659222	12.616464305350824	102.35523237520742	0.0	0.0	0.0	68.2909723942222	0.0	0.0	85.117348923421	0.0	0.0	0.0	0.0	0.0	0.0	0.0	0.0	0.0	38.05871861134591	0.0	0.0	0.0	0.0	0.0	0.0	0.0
GSM4138114_HNSCC_3_PBMC_TAAGTGCAGTTCGCAT	0.0	83.87765115987378	92.17582195393064	0.0	30.24346699290925	0.0	0.0	0.0	0.0	0.0	0.0	0.0	0.0	0.0	0.0	13.67426982939841	62.22385158149806	67.62649247951889	1.1351200840834748	0.0	0.0	0.0	0.0	0.0	0.0	0.0	0.0	0.0	0.0	0.0
GSM4138114_HNSCC_3_PBMC_TACTTGTCAAGCGAGT	0.0	31.79105914188063	0.0	0.0	37.70488111795474	0.0	70.64703005617693	30.065562731207105	0.0	5.460260178985782	0.0	0.0	0.0	0.0	0.0	0.0	42.45890400675175	0.0	0.0	0.0	83.09457858824278	0.0	35.25195156413391	0.0	0.0	0.0	0.0	0.0	0.0	0.0
GSM4138114_HNSCC_3_PBMC_TAGACCATCCGGGTGT	0.0	0.0	0.0	43.81402436871229	0.0	17.815231938808164	88.44084672754961	0.0	0.0	0.0	109.8720802064659	0.0	0.0	0.0	0.0	45.57637971488842	32.92477535199258	0.0	14.569396009095387	0.0	0.0	0.0	0.0	0.0	0.0	0.0	0.0	0.0	0.0	0.0
GSM4138114_HNSCC_3_PBMC_TAGGCATAGCCACGCT	199.58049744416368	0.0	0.0	0.0	374.14311990442394	187.69703007363003	0.0	0.0	0.0	0.0	0.0	0.0	0.0	0.0	144.21857884400055	0.0	0.0	0.0	262.1625305683951	0.0	0.0	0.0	0.0	0.0	0.0	65.70697962832931	0.0	0.0	0.0	0.0
GSM4138114_HNSCC_3_PBMC_TATTACCAGTGACTCT	1.946267895991184	41.475831357052684	0.0	45.77348380322692	0.0	2.490195032408745	0.0	0.0	61.472971456013696	0.0	115.70544961489905	0.0	0.0	0.0	0.0	0.0	0.0	90.89620310744274	1.8052946498407134	0.0	0.0	0.0	0.0	0.0	5.599771943783101	2.5767432513175486	0.0	0.0	0.0	0.0
GSM4138114_HNSCC_3_PBMC_TCAACGACAGACACTT	56.841291036950714	89.23736636022036	61.35397756398432	0.0	78.84418617212607	0.0	0.0	0.0	74.06280387202914	0.0	0.0	0.0	0.0	0.0	0.0	0.0	0.0	0.0	0.0	0.0	0.0	0.0	0.0	0.0	0.0	0.0	0.0	0.0	0.0	0.0
GSM4138114_HNSCC_3_PBMC_TCAGGATTCCGTTGTC	0.0	0.0	0.0	0.0	46.11267880094228	34.98427733460799	65.08569581538734	0.0	0.0	0.0	0.0	0.0	0.0	0.0	0.0	0.0	0.0	4.477758230168656	0.0	0.0	48.94691186294938	0.0	0.0	0.0	71.6028799521812	0.0	31.031268940475154	0.0	0.0	0.0
GSM4138114_HNSCC_3_PBMC_TCATTTGGTTCCCGAG	70.64672920294993	43.321674270743486	40.22671091397747	0.0	0.0	14.772815698415618	0.0	0.0	30.654102690731925	69.70641721204119	0.0	0.0	0.0	0.0	0.0	0.0	0.0	13.682213722684562	0.0	0.0	0.0	33.745091972933324	0.0	0.0	0.0	0.0	0.0	0.0	0.0	0.0
GSM4138114_HNSCC_3_PBMC_TCGAGGCGTACTCTCC	80.9243824127974	24.2256734454039	0.0	88.08808997603734	67.3306012487299	0.0	0.0	0.0	39.08290126449872	0.0	0.0	9.066038411838132	0.0	0.0	0.0	34.393485715422926	0.0	0.0	0.0	0.0	0.0	0.0	0.0	0.0	0.0	0.0	0.0	0.0	0.0	0.0
GSM4138114_HNSCC_3_PBMC_TCGCGAGTCTATCCTA	105.99366968856079	0.0	0.0	39.12940460343531	10.012449385234772	131.48054236735712	0.0	0.0	0.0	0.0	59.70689744682335	0.0	0.0	27.487420291750023	0.0	90.74206501337727	0.0	0.0	0.0	0.0	0.0	0.0	60.0960043608153	0.0	0.0	0.0	0.0	0.0	0.0	0.0
GSM4138114_HNSCC_3_PBMC_TCTGGAAGTGTAAGTA	58.98207227949182	56.454362529354746	63.673734246887705	13.662190661784459	80.29339211661117	0.0	0.0	0.0	69.77436370349831	0.0	0.0	0.0	0.0	0.0	0.0	0.0	0.0	0.0	0.0	0.0	0.0	0.0	0.0	0.0	0.0	0.0	0.0	0.0	0.0	0.0
GSM4138114_HNSCC_3_PBMC_TGACTAGTCTGAAAGA	56.15581197931409	29.694322716429433	84.058971515397	0.0	0.0	0.0	0.0	0.0	0.0	0.0	0.0	93.1061656151116	45.97685332997945	0.0	0.5698775919162307	0.0	0.0	0.0	0.0	0.0	0.0	0.0	0.0	0.0	0.0	8.395335721510918	0.0	0.0	0.0	0.0
GSM4138114_HNSCC_3_PBMC_TGACTTTCAATGGAAT	42.943448031380164	58.271972270451464	16.63438136721606	27.846969239015408	0.0	0.0	0.0	0.0	0.0	0.0	0.0	32.586237612213296	29.20413352733026	12.37052207318491	0.0	0.0	0.0	0.0	0.0	0.0	0.0	0.0	0.0	0.0	0.0	0.0	0.0	17.39187488278363	0.0	0.0
GSM4138114_HNSCC_3_PBMC_TGAGAGGGTCCGAATT	74.90965246911531	94.52675570018499	0.0	28.57120907484115	124.44207293469486	0.0	0.0	0.0	0.0	0.0	0.0	0.0	0.0	0.0	0.0	37.09956749474109	50.201060358226634	0.0	0.0	0.0	0.0	0.01921621092748324	56.40126652433689	0.0	0.0	0.0	0.0	0.0	0.0	0.0
GSM4138114_HNSCC_3_PBMC_TGAGCCGGTACAGCAG	0.0	21.39733574446396	90.09012526540712	0.0	0.0	34.68378594168142	125.23223007208104	0.0	41.231661906100946	165.71489549221033	0.0	0.0	0.0	0.0	0.0	0.0	0.0	0.0	0.0	0.0	0.0	0.0	0.0	0.0	0.0	0.0	0.0	0.0	0.0	0.0
GSM4138114_HNSCC_3_PBMC_TGAGGGAAGGGTGTGT	0.0	198.38380354560226	57.564965322514304	0.0	137.25030487548324	0.0	82.58192957885755	0.0	0.0	0.0	0.0	12.342688179182863	0.0	0.0	0.0	0.0	0.0	0.0	0.0	0.0	63.959896352760964	14.864334477447326	0.0	0.0	0.0	0.0	0.0	0.0	40.42140039759964	0.0
GSM4138114_HNSCC_3_PBMC_TGAGGGAGTAGCCTAT	59.947669382370556	49.24238714935961	127.3795470396154	0.0	0.0	0.0	0.0	84.6938127566327	3.776149409599327	0.0	0.0	0.0	0.0	0.0	24.285521121315384	0.0	0.0	0.0	0.0	0.0	0.0	0.0	0.0	0.0	0.0	0.0	0.0	0.0	0.0	0.0
GSM4138114_HNSCC_3_PBMC_TGCGCAGAGGTAGCTG	69.7307306685575	61.02036452796328	0.0	0.0	107.11362118956595	0.0	0.0	0.0	0.0	0.0	0.0	0.0	0.0	0.0	0.0	23.84990209688803	34.346745499172094	0.0	0.0	0.0	0.0	99.48472670916742	0.0	0.0	0.0	0.0	0.0	0.0	0.0	0.0
GSM4138114_HNSCC_3_PBMC_TGGACGCGTTCCACAA	105.18364159437775	237.98247022842727	0.0	0.0	0.0	0.0	0.0	0.0	0.0	0.0	0.0	322.36499757359326	0.0	0.0	0.0	191.9977313242515	0.0	0.0	0.0	0.0	0.0	202.07373731502247	0.0	0.0	0.0	0.0	0.0	0.0	0.0	0.0
GSM4138114_HNSCC_3_PBMC_TTCTACAGTCTAGTGT	26.38585346263585	53.64880104259055	0.0	0.0	0.0	0.0	34.61066676665637	0.0	0.0	0.0	61.80462067027045	0.0	0.0	0.0	0.0	0.0	23.322424291031826	0.0	0.0	0.0	107.64113719400896	0.0	30.974503161502646	0.0	3.971331178122748	0.0	3.866724626157945	0.0	0.0	0.0
GSM4138114_HNSCC_3_PBMC_TTCTACATCTGCGTAA	123.09750030176424	99.64460111742882	145.49675060716564	0.0	0.0	0.0	0.0	0.0	0.0	0.0	0.0	165.68085232685831	0.0	0.0	0.0	65.77858629073398	0.0	0.0	0.0	0.0	0.0	0.0	0.0	0.0	0.0	0.0	0.0	0.0	0.0	0.0
GSM4138114_HNSCC_3_PBMC_TTCTCAAGTCAAGCGA	1.0535554671889316	7.275918733718279	0.0	0.0	0.0	19.607791381037718	0.0	0.0	0.0	0.0	27.390119638395376	0.0	0.0	80.4120714558282	15.773990833130838	0.0	0.0	95.03054508812187	78.50796648483016	0.0	0.0	0.0	0.0	0.0	0.0	0.0	0.0	0.0	0.0	0.0
GSM4138114_HNSCC_3_PBMC_TTCTCAAGTTATGTGC	58.75004974292663	0.0	147.9087658050774	0.0	0.0	104.35230429966222	0.0	0.0	0.0	0.0	0.0	0.0	0.0	0.0	0.0	48.073281185140786	0.0	0.0	0.0	50.41622852527883	0.0	0.0	0.0	0.0	0.0	0.0	0.0	0.0	0.0	0.0
GSM4138114_HNSCC_3_PBMC_TTCTTAGAGGCTCTTA	76.17664010208013	0.0	66.99955279533471	0.0	0.0	31.773615029974852	0.0	0.0	0.0	58.90871647579416	0.0	0.0	73.74914637114468	0.0	0.0	0.0	0.0	0.0	0.0	0.0	0.0	0.0	0.0	0.0	0.0	0.7502843647635519	0.0	0.0	0.0	0.0
GSM4138114_HNSCC_3_PBMC_TTTCCTCTCCTTTCTC	0.0	0.0	14.716256116204224	0.0	0.0	73.49871354376312	15.466086118732743	0.0	0.0	0.0	19.604708999195868	0.0	44.27118745370523	28.34610157202789	0.0	0.0	0.0	59.65073240752311	16.155415577803044	0.0	0.0	0.0	0.0	0.0	0.0	0.0	0.0	0.0	0.0	0.0
GSM4138114_HNSCC_3_PBMC_TTTGTCACACGAAAGC	70.1581869734448	114.85615229500824	113.53020993264954	0.0	0.0	0.0	0.0	0.0	0.0	65.23837680580874	0.0	0.0	0.0	0.0	0.0	0.0	0.0	0.0	0.0	0.0	0.0	0.0	0.0	0.0	68.4336763842917	0.0	0.0	0.0	0.0	0.0
GSM4138114_HNSCC_3_PBMC_TGTGTTTTCCCATTAT	85.72235491906048	233.80169550456614	84.64286542034152	0.0	0.0	0.0	30.18769999190393	0.0	0.0	316.76930649859577	0.0	0.0	40.828440881393696	0.0	0.0	0.0	0.0	0.0	0.0	0.0	0.0	0.0	0.0	0.0	0.0	2.833816372640239	0.0	0.0	0.0	0.0
GSM4138114_HNSCC_3_PBMC_AACCATGAGCTAAACA	118.40548087558389	28.756721559271533	0.0	71.96945540126673	94.99644245214921	0.0	0.0	0.0	0.0	0.0	0.0	0.0	0.0	0.0	72.28875894018488	0.0	3.7312307839743353	0.0	0.0	0.0	0.0	0.0	0.0	0.0	0.0	0.0	0.0	0.0	0.0	0.0
GSM4138114_HNSCC_3_PBMC_AACTTTCCAGCCTTTC	0.0	0.0	2.3139043774290764	77.04498089255338	121.67823578457123	88.5240566235052	36.875857317143804	0.0	0.0	0.0	0.0	0.0	0.0	0.0	0.0	79.21760448946613	0.0	65.80444126745793	16.3291509662395	0.0	0.0	0.0	0.0	0.0	0.0	0.0	0.0	0.0	0.0	0.0
GSM4138114_HNSCC_3_PBMC_AAGGTTCGTAAATGAC	37.66083541062319	61.93453392036554	70.50090238005092	0.0	0.0	29.537316694032437	0.0	110.43209995223573	0.0	0.0	0.0	0.0	0.0	0.0	0.0	36.72783104154257	0.0	0.0	0.0	0.0	0.0	0.0	0.0	0.0	0.0	0.0	0.0	0.0	0.0	0.0
GSM4138114_HNSCC_3_PBMC_ACAGCCGCATCCCACT	69.96191817485347	91.09037418260152	0.0	99.71721400385981	33.24448266199491	0.0	27.83438736047322	0.0	0.0	0.0	0.0	0.0	0.0	0.0	91.13486583749976	0.0	0.0	0.0	0.0	122.04122059722637	0.0	0.0	0.0	0.0	0.0	0.0	0.0	0.0	0.0	0.0
GSM4138114_HNSCC_3_PBMC_ACATACGGTCACTGGC	0.0	0.0	45.86130659090142	138.70005175398924	0.0	81.868930361126	130.18177485807584	95.05015971232001	0.0	0.0	0.0	0.0	0.0	0.0	0.0	0.0	0.0	0.0	0.0	0.0	0.0	0.0	0.0	0.0	107.55393872615659	0.0	0.0	0.0	0.0	0.0
GSM4138114_HNSCC_3_PBMC_ACCCACTCATGGTCAT	53.668918922245616	91.26634465621606	0.0	124.46855217241443	35.50520559719339	0.0	0.0	0.0	61.036171367529114	0.0	0.0	0.0	0.0	0.0	0.0	0.0	0.0	0.0	0.0	55.022674976256205	0.0	0.0	0.0	0.0	0.0	0.0	0.0	0.0	0.0	0.0
GSM4138114_HNSCC_3_PBMC_ACGATGTGTACCATCA	104.17922760819688	79.57778175849978	41.17643695318989	79.00788793016115	0.0	0.0	0.0	141.16369737633823	0.0	0.0	0.0	0.0	0.0	0.0	0.0	0.0	117.28694855980376	0.0	0.0	0.0	0.0	0.0	0.0	0.0	0.0	0.0	0.0	0.0	0.0	0.0
GSM4138114_HNSCC_3_PBMC_ACGCCAGCACACTGCG	108.88062236406857	63.967696355484016	0.0	147.70134487908226	0.0	0.0	0.0	0.0	92.8408706147402	0.0	51.85430592825285	0.0	0.0	25.15283589434526	0.0	0.0	0.0	0.0	0.0	0.0	0.0	0.0	0.0	0.0	0.0	0.0	0.0	74.61725504506913	0.0	0.0
GSM4138114_HNSCC_3_PBMC_ACGGGTCGTTACGACT	0.0	31.73517630688427	0.0	0.0	0.0	0.0	86.09040578930812	0.0	0.0	70.40153017973263	0.0	0.0	0.0	0.0	0.0	0.0	32.65345516941507	30.98720814024484	0.0	0.0	87.34226304960183	0.0	0.0	0.0	0.0	0.0	0.0	0.0	0.0	0.0
GSM4138114_HNSCC_3_PBMC_ACGGGTCTCTGCCCTA	78.47390508224123	30.910783146479666	39.30507600500016	0.0	47.136953134629366	18.412005125803983	0.0	0.0	0.0	0.0	0.0	0.0	0.0	0.0	0.0	44.86630047344732	0.0	0.0	0.0	0.0	43.96438132178842	0.0	0.0	0.0	0.0	0.0	0.0	0.0	0.0	0.0
GSM4138114_HNSCC_3_PBMC_ACTTACTGTCATGCAT	47.92009047424107	46.50907519489475	35.24205075979394	0.0	0.0	0.0	0.0	0.0	0.0	0.0	0.0	0.0	0.0	111.97521546553254	0.0	75.56176668038528	0.0	0.0	0.0	0.0	0.0	0.0	0.0	0.0	0.0	0.0	0.0	0.0	0.0	0.0
GSM4138114_HNSCC_3_PBMC_ACTTGTTAGAGTAAGG	119.6438340249756	84.10384270305265	47.660562270277325	0.0	0.0	0.0	0.0	31.955717393173078	25.545548145671123	0.0	62.810094671959035	0.0	0.0	0.0	0.0	0.0	0.0	0.0	0.0	0.0	0.0	0.0	0.0	0.0	0.0	0.0	0.0	0.0	0.0	0.0
GSM4138114_HNSCC_3_PBMC_AGCGTCGCAACTGCGC	50.16336835401542	95.71798271068316	6.802399440241655	51.46786370672196	80.3234889809568	0.0	0.0	0.0	0.0	0.0	0.0	0.0	0.0	0.0	95.02499607634834	0.0	0.0	0.0	0.0	0.0	0.0	0.0	17.014789631641488	0.0	0.0	0.0	0.0	0.0	0.0	0.0
GSM4138114_HNSCC_3_PBMC_AGCTTGAAGGAGCGTT	0.0	69.32588448454825	0.0	54.91465864248411	0.0	0.0	73.65238461033947	0.0	32.90267711987807	0.0	0.0	0.0	0.0	109.87835105342474	0.0	0.0	0.0	0.0	0.0	0.0	0.0	0.0	0.0	0.0	0.0	0.0	0.0	0.0	0.0	0.0
GSM4138114_HNSCC_3_PBMC_AGGGATGCATCCGCGA	75.49531234530811	66.27928824215844	73.62908819995131	0.0	0.0	0.0	0.0	136.44195867019386	60.69228441516925	0.0	0.0	0.0	0.0	0.0	0.0	0.0	0.0	0.0	0.0	0.0	0.0	0.0	0.0	0.0	0.0	0.0	0.0	0.0	0.0	0.0
GSM4138114_HNSCC_3_PBMC_AGGTCATAGTTGCAGG	142.78115688807583	50.62029725999847	97.08322354720207	0.0	0.0	0.0	0.0	0.0	0.0	0.0	0.0	0.0	0.0	94.33147857017444	0.0	0.0	131.59649675924769	0.0	25.119400878484694	0.0	0.0	0.0	0.0	0.0	0.0	0.0	0.0	0.0	0.0	0.0
GSM4138114_HNSCC_3_PBMC_AGGTCCGTCAGCTGGC	15.466123392136023	0.0	0.0	0.0	37.46962809062221	55.85834132612578	27.137818884098962	0.0	0.0	0.0	0.0	33.803973866106695	0.0	0.0	20.623058481654294	0.0	0.0	1.1131753306490608	0.0	0.0	93.65012063866871	0.0	0.0	0.0	0.0	0.0	0.0	0.0	0.0	0.0
GSM4138114_HNSCC_3_PBMC_AGTGGGATCGATAGAA	84.8702327315105	0.0	148.148823547194	0.0	19.650270554550914	48.17119391508234	0.0	0.0	100.79823350884882	0.0	6.499423989658642	0.0	0.0	0.0	0.0	0.0	0.0	0.0	0.0	81.76965913116095	0.0	0.0	0.0	0.0	0.0	0.0	0.0	13.51817878446742	0.0	0.0
GSM4138114_HNSCC_3_PBMC_AGTGTCAAGTGTACTC	72.03973758156103	43.88415360913289	80.232105294023	0.0	17.100210289181867	0.0	0.0	0.0	0.0	21.887664208053284	0.0	69.33226203821454	54.09982730150207	0.0	0.0	0.0	0.0	0.0	0.0	0.0	0.0	0.0	0.0	0.0	0.0	11.874077163799571	0.0	0.0	0.0	0.0
GSM4138114_HNSCC_3_PBMC_ATAGACCAGTGACATA	112.37947530919763	118.11400058545216	37.17611943254156	114.01293482953912	125.32189784381353	0.0	0.0	0.0	0.0	0.0	0.0	0.0	0.0	0.0	55.493099421425434	0.0	0.0	0.0	0.0	0.0	0.0	14.784172539316998	0.0	0.0	0.0	0.0	0.0	0.0	0.0	0.0
GSM4138114_HNSCC_3_PBMC_ATCACGAGTAAGTTCC	61.659456648022086	36.807406276273994	0.0	0.0	95.59757256970076	0.0	0.0	0.0	0.0	0.0	0.0	0.0	16.009267604481053	0.0	21.073582455418187	0.0	0.0	0.0	0.0	0.0	0.0	96.44927765733496	0.0	0.0	0.0	0.0	0.0	0.0	0.0	0.0
GSM4138114_HNSCC_3_PBMC_ATGGGAGTCACGCGGT	33.007316598988396	93.16965258943263	0.0	191.4581903358342	0.0	0.0	66.87802168949646	0.0	67.10799772475656	0.0	0.0	0.0	0.0	34.60535242842539	0.0	0.0	0.0	0.0	0.0	34.37783327738962	0.0	0.0	0.0	0.0	0.0	0.0	0.0	79.06445639406114	0.0	0.0
GSM4138114_HNSCC_3_PBMC_ATTGGACTCTCTTATG	37.60670203285627	0.0	0.0	0.0	35.0152896708813	21.989512175250688	0.0	0.0	0.0	0.0	0.0	0.0	36.54266677402604	0.0	2.0739241901835834	0.0	0.0	0.0	0.0	0.0	0.0	15.685099317125125	74.21799556376331	0.0	0.0	0.0	0.0	0.0	0.0	0.0
GSM4138114_HNSCC_3_PBMC_CAACCTCGTACATCCA	0.0	13.422431529163065	66.84542128624062	0.0	110.4611390337279	41.76307056472716	50.358316969609206	0.0	0.0	0.0	0.0	0.0	0.0	0.0	105.60549546951282	0.0	0.0	24.935097458112946	0.0	0.0	0.0	0.0	0.0	0.0	0.0	0.0	0.0	0.0	0.0	0.0
GSM4138114_HNSCC_3_PBMC_CAACTAGCACAACGCC	0.0	0.0	0.0	100.40709872725778	0.0	80.86982710604202	77.55735355610138	0.0	0.0	0.0	0.0	0.0	0.0	0.0	27.12281563759705	0.0	0.0	0.0	0.0	27.80298107055945	0.0	0.0	0.0	0.0	0.0	0.0	0.0	0.0	0.0	59.664630358355105
GSM4138114_HNSCC_3_PBMC_CAAGAAATCTATGTGG	87.66933565371842	58.29476566217195	0.0	57.67485652125703	0.0	0.0	0.0	0.0	0.0	85.61613328004603	0.0	0.0	0.0	0.0	0.0	0.0	55.58079640463325	0.0	7.823047891245375	0.0	0.0	0.0	0.0	0.0	0.0	0.0	0.0	0.0	0.0	0.0
GSM4138114_HNSCC_3_PBMC_CAAGATCCACCAGATT	0.0	57.06822807044279	0.0	64.22263791027146	86.5278513870686	0.0	98.69763433000944	0.0	0.0	0.0	0.0	0.0	0.0	0.0	0.0	0.0	56.413609197807865	0.10038016231037432	0.0	0.0	0.0	0.0	4.521512885077768	0.0	24.478705715021214	0.0	0.0	0.0	0.0	0.0
GSM4138114_HNSCC_3_PBMC_CAGTAACAGCAACGGT	0.0	0.0	84.20007113142948	0.0	0.0	70.86206044732153	58.48057298211585	0.0	44.992305447858136	27.161555845828214	0.0	45.04700487987143	0.0	0.0	0.0	0.0	0.0	0.0	0.0	0.0	0.0	0.0	0.0	0.0	0.0	0.0	0.0	0.0	0.0	0.0
GSM4138114_HNSCC_3_PBMC_CATATGGCAAGTAGTA	0.0	59.625595469790646	0.0	171.85300591151642	142.45302383536136	0.0	94.37221848468177	0.0	0.0	0.0	0.0	0.0	0.0	0.0	73.65433593286579	0.0	0.0	3.2985621919613273	0.0	0.0	0.0	0.0	0.0	0.0	0.0	0.0	0.0	0.0	0.0	0.0
GSM4138114_HNSCC_3_PBMC_CATATGGGTACGAAAT	76.73006991053953	0.0	0.0	0.0	22.028680302982515	89.3653186733193	0.0	0.0	0.0	21.308259290263294	0.0	0.0	33.82744056842065	0.0	0.0	0.0	0.0	0.0	0.0	0.0	40.16533986226199	0.0	23.92010804193535	42.648240976457984	0.0	0.0	0.0	0.0	0.0	0.0
GSM4138114_HNSCC_3_PBMC_CATCCACTCGCATGGC	108.44831290793297	0.0	0.0	130.43960524654662	0.0	86.21177730316307	0.0	77.85660465449354	79.00433617552055	49.07429602281911	0.0	0.0	0.0	0.0	0.0	0.0	0.0	0.0	0.0	0.0	0.0	0.0	0.0	0.0	0.0	0.0	0.0	0.0	0.0	0.0
GSM4138114_HNSCC_3_PBMC_CCAGCGATCACAATGC	90.34224479352139	1.670016161946037	115.43471047503945	0.0	0.0	58.46711927577274	0.0	0.0	0.0	0.0	31.608931995792606	0.0	81.02057186344824	32.79302439066706	0.0	0.0	0.0	0.0	0.0	0.0	0.0	0.0	0.0	0.0	0.0	2.8877129335150666	0.0	8.182735699151667	0.0	39.535439946412566
GSM4138114_HNSCC_3_PBMC_CCCATACGTTTGGGCC	81.4607125956556	129.9904361227617	0.0	156.37639023909344	65.39497505765	0.0	0.0	0.0	0.0	0.0	0.0	57.46192660728382	0.0	0.0	0.0	0.0	68.61512000049159	0.0	0.0	0.0	0.0	0.0	0.0	0.0	0.0	0.0	0.0	0.0	0.0	0.0
GSM4138114_HNSCC_3_PBMC_CCGGGATTCAGCTCGG	106.95492743295677	62.12934287139578	0.0	74.06141345660836	0.0	0.0	0.0	0.0	0.0	53.18509240536656	0.0	0.0	0.0	0.0	0.0	51.54432973878952	0.0	0.0	0.0	0.0	0.0	0.0	15.458211595167302	0.0	0.0	0.0	0.0	0.0	0.0	0.0
GSM4138114_HNSCC_3_PBMC_CCGGTAGAGGACAGAA	180.46523248212668	24.842678194718182	0.0	285.92245099076695	7.596367984568646	80.9549977426034	0.0	0.0	71.59913013056926	0.0	0.0	81.50048260063205	16.78324100099685	0.0	6.607479471149216	24.8745087668638	23.286188705697825	0.0	0.0	0.0	0.0	0.0	0.0	0.0	0.0	0.0	0.0	0.0	0.0	119.60291787224574
GSM4138114_HNSCC_3_PBMC_CCGGTAGCAGCATGAG	98.1885871125728	28.937758775333617	121.60100086189264	0.0	0.0	0.0	0.0	86.73792326105584	0.0	0.0	0.0	0.0	0.0	0.0	46.309187388554136	0.0	14.99297907544691	0.0	0.0	0.0	0.0	0.0	0.0	0.0	0.0	0.0	0.0	0.0	0.0	0.0
GSM4138114_HNSCC_3_PBMC_CCGTACTCATCGATGT	64.72760954342748	0.0	80.70959384000496	0.0	0.0	38.02823917659625	0.0	0.0	0.0	0.0	0.0	116.05999973013199	0.0	0.0	0.0	46.20994363975086	0.0	0.0	0.0	0.0	0.0	0.0	0.0	0.0	0.0	0.0	0.0	0.0	0.0	0.0
GSM4138114_HNSCC_3_PBMC_CCTATTAGTCCAAGTT	29.982531594597447	0.0	76.57996390324521	0.0	0.0	61.17290601501021	0.0	61.137359385603105	48.01744340781919	0.0	0.0	0.0	0.0	0.0	0.0	0.0	0.0	0.0	0.0	0.0	0.0	0.0	0.0	0.0	0.0	0.0	0.0	0.0	0.0	0.0
GSM4138114_HNSCC_3_PBMC_CCTTCGAGTGGCTCCA	13.895522426539964	0.0	0.0	0.0	0.0	49.84975067655788	17.019523479359254	0.0	0.0	42.5986518270304	0.0	0.0	21.324115526796994	2.9469912581371607	0.0	0.0	0.0	104.7817610920156	136.4089752422788	0.0	0.0	0.0	0.0	4.420882212151591	0.0	0.0	21.497080104899055	0.0	0.0	0.0
GSM4138114_HNSCC_3_PBMC_CCTTTCTCAAAGGCGT	91.62530327801639	111.13929825445005	129.021292154635	0.0	95.59094276592809	0.0	0.0	0.0	0.0	0.0	0.0	9.495549283052448	0.0	0.0	41.57523229616657	0.0	0.0	0.0	0.0	0.0	0.0	0.0	0.0	0.0	0.0	0.0	0.0	0.0	0.0	0.0
GSM4138114_HNSCC_3_PBMC_CGAGAAGAGTGCGTGA	75.37668141723329	0.0	52.29880099204128	0.0	0.0	38.80586178208395	0.0	0.0	0.0	84.37300006188543	0.0	0.0	48.114835343318894	0.0	0.0	0.0	0.0	0.0	0.0	0.0	0.0	0.0	0.0	0.0	0.0	14.437916198265176	0.0	0.0	0.0	0.0
GSM4138114_HNSCC_3_PBMC_CGATGTAAGGACTGGT	15.370278755198774	55.04534776028707	86.4732869087021	0.0	0.0	0.0	143.28469840650988	56.41242093355814	94.62085396322544	0.0	0.0	0.0	0.0	0.0	0.0	0.0	0.0	0.0	0.0	12.105813216026254	0.0	0.0	0.0	0.0	0.0	0.0	0.0	0.0	0.0	0.0
GSM4138114_HNSCC_3_PBMC_CGGACACGTGACCAAG	87.34174197553472	54.34812474748358	124.24866076376422	46.17302268885129	0.0	0.0	0.0	107.44868218212672	8.1212183408245	0.0	0.0	0.0	60.327921354232025	0.0	0.0	0.0	0.0	0.0	0.0	0.0	0.0	0.0	0.0	0.0	0.0	0.0	0.0	0.0	0.0	0.0
GSM4138114_HNSCC_3_PBMC_CGGACTGGTTCTGTTT	0.0	26.430587972137797	48.317428254680294	15.061570202018856	32.45697030499253	0.0	0.0	0.0	0.6753542890923533	15.958681823892427	40.203219042567575	0.0	12.8048774607143	0.0	0.0	0.0	12.280095602684462	126.64009887511946	0.0	0.0	0.0	0.0	1.3701553239943063	14.17411218146498	2.4977224359685644	19.663891444884033	0.0	0.0	0.0	0.0
GSM4138114_HNSCC_3_PBMC_CGGGTCACATCTATGG	48.244824634323734	32.783445412761274	0.0	60.264590902189575	0.0	0.0	0.0	0.0	0.0	0.0	0.0	0.5224216642912964	0.0	0.0	0.0	0.0	0.0	0.0	0.0	0.0	0.0	0.0	0.0	11.172764746285527	0.0	0.0	53.37486241356669	58.13248683175051	0.0	0.0
GSM4138114_HNSCC_3_PBMC_CGTGTCTTCATGCTCC	99.22970447293403	44.33610502690633	75.62008747434359	60.774806387041224	0.0	0.0	0.0	0.0	0.0	0.0	62.527184436371876	0.0	0.0	0.0	14.830543139198628	93.57383603199813	0.0	0.0	0.8354737084818336	0.0	0.0	0.0	0.0	0.0	0.0	0.0	0.0	37.90561325401835	0.0	0.0
GSM4138114_HNSCC_3_PBMC_CTAACTTGTGGCAAAC	82.96046818076559	39.57209592804548	28.632057778038668	0.0	176.71506045525877	0.0	0.0	0.0	0.0	0.0	0.0	0.0	0.0	0.0	72.77480469018063	0.0	0.0	0.0	44.14090067100649	0.0	58.118657555248625	0.0	0.0	0.0	0.0	0.0	0.0	0.0	0.0	0.0
GSM4138114_HNSCC_3_PBMC_CTAACTTTCAGCTGGC	95.65031683413731	122.0366468057925	79.49807892921935	0.0	0.0	15.641269961074231	0.0	0.0	0.0	103.18756987503384	0.0	0.0	0.0	0.0	0.0	0.0	0.0	0.0	0.0	0.0	0.0	0.0	0.0	49.50895477407873	0.0	41.905884638286196	0.0	0.0	0.0	0.0
GSM4138114_HNSCC_3_PBMC_CTCGAAACAAGGACAC	107.89436620783499	53.381312774705336	0.0	157.61115891237233	114.30778858399603	21.907021532121732	0.0	0.0	0.0	0.0	0.0	4.596960525681217	0.0	12.478081329694726	60.240330270917795	0.0	51.83794658540538	0.0	0.0	0.0	0.0	0.0	0.0	0.0	0.0	0.0	0.0	0.0	0.0	0.0
GSM4138114_HNSCC_3_PBMC_CTCTACGAGTGCGTGA	63.3784061988438	0.0	44.715348526329635	0.0	0.0	47.66875460086798	0.0	0.0	52.18805157686378	0.0	0.0	51.24312663169756	0.0	0.0	0.0	0.0	0.0	0.0	42.3173293125377	0.0	0.0	0.0	0.0	0.0	0.0	0.0	0.0	0.0	0.0	0.0
GSM4138114_HNSCC_3_PBMC_CTGAAGTAGAAACCGC	0.0	0.0	0.0	0.0	38.04020774597331	47.835035566683395	51.16521929360092	0.0	0.0	0.0	0.0	0.0	0.0	0.0	32.04057389506805	0.0	67.03719549352478	0.0	111.98626188189917	30.483624616467182	0.0	0.0	0.0	0.0	0.0	0.0	0.0	0.0	0.0	0.0
GSM4138114_HNSCC_3_PBMC_CTGAAGTCACTAAGTC	108.41715648496374	39.08339505030074	70.13836335680828	19.979946588170307	113.17493561626277	0.0	0.0	0.0	53.26730294715045	0.0	0.0	0.0	0.0	0.0	0.0	0.0	0.0	0.0	0.0	0.0	0.0	0.0	0.0	0.0	0.0	0.0	0.0	0.0	0.0	0.0
GSM4138114_HNSCC_3_PBMC_CTGTTTACACAACGTT	94.55572281857368	0.0	0.0	0.0	0.0	68.74735017147475	0.0	0.0	0.0	0.0	0.0	0.0	0.0	0.0	0.0	0.0	46.174591960542976	0.0	59.96257837236595	0.0	16.468401901863768	0.0	0.0	0.0	0.0	0.0	0.0	0.0	0.0	32.37729915853436
GSM4138114_HNSCC_3_PBMC_GAACGGATCAGGTTCA	6.50239515248947	37.2251441946629	0.0	53.860094018570436	0.0	0.0	46.74477512099369	0.0	0.0	0.0	0.0	0.0	0.0	119.13952773360852	0.0	52.10905345272069	0.0	0.0	54.43302826141201	0.0	0.0	0.0	0.0	0.0	0.0	0.0	0.0	0.0	0.0	0.0
GSM4138114_HNSCC_3_PBMC_GACCTGGCAAGACACG	101.10166170210755	85.75397715681459	0.0	60.41358961436853	0.0	0.0	0.0	0.0	0.0	0.0	169.65387700905782	0.0	0.0	0.0	0.0	9.741373020432095	26.016046435676568	0.0	0.0	0.0	0.0	0.0	61.16247139565021	32.68536222012569	0.0	0.0	0.0	0.0	0.0	0.0
GSM4138114_HNSCC_3_PBMC_GACGCGTAGTTAGGTA	85.97902364859115	0.0	0.0	62.04189661383705	0.0	26.641482416643523	0.0	0.0	0.0	0.0	127.76550851561112	0.0	56.143215986744046	25.650204260462676	0.0	0.0	0.0	0.0	42.71120165327506	0.0	0.0	0.0	0.0	0.0	0.0	10.633704793364233	0.0	0.0	0.0	0.0
GSM4138114_HNSCC_3_PBMC_GACTACAAGCGTTCCG	122.95528528670849	99.20583896683966	145.70524625733023	0.0	0.0	25.619680093770544	0.0	0.0	0.0	0.0	0.0	0.0	0.0	0.0	0.0	150.39443936931136	0.0	0.0	0.0	152.2227954785641	0.0	0.0	0.0	0.0	0.0	0.0	0.0	0.0	0.0	0.0
GSM4138114_HNSCC_3_PBMC_GCACATAGTTGTCGCG	120.22751664597575	13.581047902653914	84.89141512090966	23.292597317149962	0.0	41.2962593864852	0.0	0.0	0.0	0.0	0.0	0.0	90.71792247242003	132.64294500492784	0.0	0.0	0.0	0.0	0.0	0.0	0.0	0.0	0.0	0.0	0.0	0.0	0.0	0.0	0.0	0.0
GSM4138114_HNSCC_3_PBMC_GCATACAGTCAGATAA	45.97729015386121	36.34018076997278	27.352715487370485	0.0	0.0	0.0	0.0	0.0	84.81485689417276	0.0	52.3474772625857	72.92100689638244	0.0	0.0	0.0	0.0	0.0	0.0	0.0	0.0	0.0	0.0	0.0	0.0	0.0	0.0	0.0	36.45644612883268	0.0	0.0
GSM4138114_HNSCC_3_PBMC_GCATGTAGTATGAAAC	11.207376211390605	21.650687553957543	0.0	46.69207722076509	0.0	41.47183638942058	0.0	0.0	0.0	0.0	0.0	0.0	0.0	0.0	0.0	33.01117416683968	0.0	39.430545825939916	0.0	81.13529326769888	0.0	0.0	0.0	0.0	0.0	0.0	0.0	0.0	20.128389843729416	0.0
GSM4138114_HNSCC_3_PBMC_GCCAAATGTCCTAGCG	0.0	87.33553392172225	0.0	114.2535287936959	58.75775040700701	0.0	49.58016345903214	0.0	0.0	0.0	0.0	0.0	0.0	0.0	0.0	0.0	84.51355595724938	0.0	0.0	0.0	0.0	0.0	0.0	0.0	0.0	0.0	0.0	0.0	0.0	0.0
GSM4138114_HNSCC_3_PBMC_GCGCAGTAGTTGTAGA	73.60781002822132	56.57939576150572	0.0	141.73763253096624	28.367683172730196	1.2117189827387687	0.0	30.0157360716272	0.0	4.390166569634532	0.0	0.0	0.0	0.0	0.0	0.0	0.0	0.0	0.0	0.0	0.0	0.0	0.0	80.36276104701015	5.484459674115277	0.0	0.0	0.0	15.975491334508632	0.0
GSM4138114_HNSCC_3_PBMC_GGAAAGCCATGGTTGT	0.0	0.0	0.0	104.93233469137022	0.0	38.0930612181853	66.27238849797367	0.0	44.39773426062114	0.0	0.0	0.0	0.0	0.0	0.0	0.0	0.0	40.62021122357201	0.0	82.35433281660941	0.0	0.0	0.0	0.0	3.373286344124202	0.0	14.084403216536625	0.0	0.0	0.0
GSM4138114_HNSCC_3_PBMC_GGAAAGCTCACAACGT	145.18344593466213	53.239110938122835	0.0	74.49023639170984	176.18250344047482	0.08333082186593979	0.0	0.0	0.0	0.0	0.0	0.0	0.0	0.0	0.0	39.696976047773894	0.0	0.0	0.0	0.0	0.0	0.0	0.0	0.0	0.0	0.0	0.0	0.0	0.0	0.0
GSM4138114_HNSCC_3_PBMC_GGACAAGTCGCCGTGA	157.6644902729179	45.53489987268557	0.0	201.340746600595	0.0	45.91443848946594	0.0	0.0	0.0	0.0	0.0	0.0	0.0	185.24523308854938	0.0	70.03826685601564	0.0	0.0	0.0	0.0	0.0	0.0	5.415791271907584	0.0	0.0	0.0	47.12829600826841	0.0	0.0	2.497883952710623
GSM4138114_HNSCC_3_PBMC_GGACGTCTCGACGGAA	58.583815250449156	56.138397466631346	0.0	100.6127991643279	0.0	13.278549751994685	0.0	0.0	0.0	0.0	0.0	0.0	0.0	100.37381349052221	4.62723498745815	0.0	33.80778369608279	0.0	3.2992412241072655	0.0	0.0	0.0	0.0	0.0	0.0	0.0	0.0	0.0	0.0	0.0
GSM4138114_HNSCC_3_PBMC_GGATTACTCCACGCAG	0.0	39.145826402207646	142.70909780429966	0.0	0.0	0.0	0.0	0.0	103.74242732306662	0.0	87.38024890514035	0.0	0.0	9.230838747458032	0.0	0.0	0.0	114.01913488316376	0.0	0.0	0.0	0.0	0.0	0.0	0.0	0.0	0.0	0.0	0.0	0.0
GSM4138114_HNSCC_3_PBMC_GGGAATGGTCAAGCGA	74.80067831307281	6.295255805159747	0.0	0.0	0.0	52.62157088456063	0.0	0.0	0.0	0.0	0.0	0.0	0.0	0.0	87.77685670343226	0.0	0.0	0.0	78.04600553543166	66.97689628495941	0.0	0.0	0.0	0.0	0.0	0.0	0.0	0.0	0.0	0.0
GSM4138114_HNSCC_3_PBMC_GTACGTAGTAACGCGA	79.0344421108093	81.57389425854788	0.0	116.15177660468619	128.59103512419466	0.0	0.0	0.0	95.88289363208193	0.0	0.0	21.690549013200357	0.0	0.0	0.0	0.0	0.0	0.0	0.0	0.0	0.0	0.0	0.0	0.0	0.0	0.0	0.0	0.0	0.0	0.0
GSM4138114_HNSCC_3_PBMC_GTATTCTAGGCTAGGT	73.3551735647473	67.61970660242027	22.631758265610824	0.0	0.0	0.0	0.0	0.0	0.0	0.0	0.0	0.0	0.0	202.89563162142008	0.0	46.77553870246929	0.0	0.0	0.0	0.0	57.41266978644337	0.0	0.0	0.0	0.0	0.0	0.0	0.0	0.0	0.0
GSM4138114_HNSCC_3_PBMC_GTATTCTGTGCTAGCC	0.0	109.89228344756312	76.13987229116353	0.0	0.0	0.0	63.96501217196228	52.28938214140048	0.0	0.0	0.0	0.0	0.0	0.0	0.0	0.0	0.0	0.0	0.0	0.0	0.0	0.0	0.0	0.0	47.77885907342912	53.075272157590966	0.0	0.0	0.0	0.0
GSM4138114_HNSCC_3_PBMC_GTGCAGCTCTAAGCCA	59.168169039445665	28.97054184237872	0.0	106.13292179810543	0.0	0.0	0.0	0.0	0.0	67.34302444923763	0.0	0.0	0.0	0.0	0.0	0.0	0.0	0.0	0.0	0.0	0.0	0.0	0.0	0.0	0.0	0.0	45.01779500190009	0.0	0.0	0.0
GSM4138114_HNSCC_3_PBMC_GTGCGGTGTGTGTGCC	65.99931381729762	101.79936717424822	17.794846609607898	0.24122086461468775	87.57737873469993	0.0	0.0	0.0	0.0	7.681305324206337	0.0	0.0	36.53216342791636	0.0	17.477383150917763	0.0	0.0	0.0	0.0	0.0	70.6094377382277	0.0	0.0	0.0	0.0	0.0	0.0	0.0	0.0	0.0
GSM4138114_HNSCC_3_PBMC_GTGCTTCTCCTAGGGC	65.25824875720885	42.416447084093946	0.0	78.72268170132783	0.0	0.0	0.0	0.0	0.0	35.11899556406519	0.0	55.74295490615853	0.0	0.0	0.0	0.0	0.0	0.0	0.0	0.0	0.0	0.0	0.0	85.10200171308708	0.0	0.0	0.0	0.0	0.0	0.0
GSM4138114_HNSCC_3_PBMC_GTTAAGCGTCTCCATC	0.0	43.15805188446001	0.0	74.70102338644763	116.96315718601903	0.0	0.0	0.0	0.0	0.0	0.0	0.0	0.0	0.0	0.0	54.3376127022271	0.0	110.00577290604292	0.0	0.0	0.0	0.0	0.0	0.0	0.0	0.0	0.0	0.0	0.0	0.0
GSM4138114_HNSCC_3_PBMC_GTTAAGCTCTGCCCTA	82.82127672983253	0.0	73.76041256326123	19.706023947300285	0.0	44.27655734845072	0.0	0.0	0.0	0.0	38.3978721239563	0.0	85.77487447526748	107.20648135383867	0.0	0.0	0.0	0.0	0.0	0.0	0.0	0.0	0.0	0.0	0.0	0.0	0.0	0.0	0.0	0.0
GSM4138114_HNSCC_3_PBMC_GTTCGGGGTTAGTGGG	139.07994093649876	86.25686838054324	0.0	0.0	95.88476444732599	0.0	0.0	0.0	0.0	0.0	0.0	0.0	0.0	0.0	0.0	33.4580136164981	40.42144902431097	0.0	0.0	0.0	0.0	160.81851291811338	0.0	0.0	0.0	0.0	0.0	0.0	0.0	0.0
GSM4138114_HNSCC_3_PBMC_GTTCTCGGTGGCGAAT	0.0	0.0	0.0	116.38382866757529	0.0	19.25990412571734	45.10876506471637	0.0	0.0	0.0	25.08204232491882	0.0	0.0	57.46755259386222	40.2701287608782	0.0	0.0	14.928468362465791	0.0	0.0	0.0	0.0	0.0	0.0	0.0	0.0	0.0	0.0	0.0	0.0
GSM4138114_HNSCC_3_PBMC_TACACGAAGTACCGGA	73.7001772254636	0.0	0.0	0.0	0.0	29.154215390222834	0.0	1.0902248763156275	0.0	1.5945714535335689	73.4870572582982	0.0	0.0	0.6930417519088548	0.0	0.0	0.0	0.0	0.0	0.0	0.0	0.0	116.58691095350186	0.0	0.40296791754666256	0.0	37.56016108330189	0.0	13.545757433461127	0.0
GSM4138114_HNSCC_3_PBMC_TATCTCAAGGCGTACA	0.0	67.71003326050545	0.0	41.62259257440672	0.0	0.0	72.89361436827367	85.43963925333748	0.0	0.0	0.0	41.4978417773941	0.0	0.0	0.0	0.0	0.0	0.0	0.0	0.0	0.0	0.0	23.59390638260737	0.0	0.0	60.180210780345824	0.0	0.0	0.0	55.12586179780932
GSM4138114_HNSCC_3_PBMC_TATCTCAGTACTCAAC	1.0591856300634166	93.73345460449181	0.0	0.0	25.227236624854502	0.0	77.3466040189975	0.0	0.0	0.0	0.0	35.47488677971126	0.0	0.0	0.0	0.0	0.0	0.0	0.0	0.0	0.0	54.54089476048033	0.0	0.0	0.0	0.0	24.682953592861953	0.0	61.546550570757766	0.0
GSM4138114_HNSCC_3_PBMC_TATGCCCCATGCCTTC	95.34359403487659	76.4115873825955	0.0	0.0	0.0	0.0	28.583156298285427	85.43340361259419	0.0	0.0	0.0	0.0	50.12168326432415	0.0	0.0	0.0	0.0	0.0	74.75795456001346	0.0	0.0	0.0	0.0	0.0	0.0	44.98124027863503	0.0	0.0	0.0	30.814535847065102
GSM4138114_HNSCC_3_PBMC_TCACAAGCAAGCGATG	84.54639622650863	35.348126086631744	148.17075084049046	0.0	0.0	0.0	0.0	0.0	0.0	0.0	0.0	0.0	0.0	35.610939064854236	0.0	0.0	0.0	0.0	0.0	0.0	0.0	0.0	0.0	36.27200902789536	0.0	0.0	0.0	0.0	0.0	0.0
GSM4138114_HNSCC_3_PBMC_TCAGCTCCACATTTCT	77.22854119305596	5.6131970178492825	51.15659363754978	0.0	0.0	77.35593717578003	0.0	89.41581355677617	38.32391662698497	0.0	0.0	0.0	0.0	0.0	0.0	0.0	34.628571876676176	0.0	34.522223963146025	10.809217155687831	12.751902215134958	0.0	0.0	0.0	0.0	0.0	0.0	0.0	0.0	0.0
GSM4138114_HNSCC_3_PBMC_TCAGGATCACCGAAAG	0.0	34.64895767158978	77.3616222937865	0.0	80.86551466492007	3.38618203077013	123.05210078707915	0.0	0.0	0.0	0.0	0.0	0.0	0.0	28.25105641260053	0.0	0.0	0.0	38.548694164453394	0.0	0.0	0.0	0.0	0.0	0.0	0.0	0.0	0.0	0.0	0.0
GSM4138114_HNSCC_3_PBMC_TCATTTGGTTGGACCC	59.40611978247806	0.0	18.69168138379524	0.0	39.28347675378898	65.69011980170409	0.0	0.0	3.553692748337179	25.320680816249066	0.0	0.0	0.0	0.0	0.0	0.0	17.348281417337834	0.0	0.0	0.0	0.0	0.0	47.02969300651529	0.0	0.0	0.0	0.0	0.0	0.0	0.0
GSM4138114_HNSCC_3_PBMC_TCGCGTTCAGATCGGA	96.00557386546564	56.75032033084642	69.16547203069491	66.78067760814442	0.0	2.4433445115954675	0.0	31.784347411281473	10.885497920006397	0.0	0.0	106.87875890637811	0.0	0.0	0.0	1.9304152572505793	0.0	0.0	0.0	0.0	0.0	0.0	0.0	0.0	0.0	0.0	43.48378420610227	0.0	0.0	0.0
GSM4138114_HNSCC_3_PBMC_TCGTACCGTCCTAGCG	122.19564246627029	113.84641900664678	0.0	122.60916505894444	0.0	5.156006685686912	0.0	0.0	0.0	0.0	3.3027343065604153	0.0	0.0	123.06850041551442	0.0	52.03879013462137	0.0	0.0	0.0	0.0	0.0	0.0	0.0	0.0	0.0	0.0	0.0	0.0	0.0	0.0
GSM4138114_HNSCC_3_PBMC_TCTCTAAGTGATGTCT	33.921495819021786	75.75526245547314	0.0	59.738857257606476	0.0	0.0	0.0	100.24051249197461	0.0	0.0	0.0	0.0	56.879380596479	0.0	0.0	0.0	0.0	0.0	0.0	0.0	0.0	0.0	0.0	8.289949069755787	0.0	0.0	0.0	0.0	0.0	0.0
GSM4138114_HNSCC_3_PBMC_TCTCTAATCCTGTACC	3.899765759835908	30.331365138937397	0.0	83.60953745347322	112.3996870195128	0.0	52.76256298870539	0.0	0.0	0.0	0.0	0.0	0.0	0.0	0.0	0.0	76.95880072518018	0.0	0.0	0.0	0.0	10.90791427385693	0.0	0.0	0.0	0.0	0.0	0.0	0.0	0.0
GSM4138114_HNSCC_3_PBMC_TCTGGAAAGAGTGACC	83.4077984415075	191.4897795090928	75.20097177146813	0.0	0.0	0.0	0.0	0.0	0.0	0.0	0.0	122.05191269581749	0.0	0.0	0.0	0.0	0.0	0.0	0.0	0.0	0.0	0.0	0.0	0.0	102.27386334365411	0.0	0.0	0.0	0.0	0.0
GSM4138114_HNSCC_3_PBMC_TCTTTCCGTCCGCTGA	42.985973320563176	54.08841998388206	14.547800017964672	0.0	115.36982846462668	0.0	0.0	0.0	0.0	0.0	0.0	0.0	0.0	0.0	53.49539906986731	0.0	2.373483502776098	0.0	0.0	0.0	14.877971854830239	0.0	29.96886439536983	0.0	0.0	0.0	0.0	0.0	0.0	0.0
GSM4138114_HNSCC_3_PBMC_TGAAAGACAGACAAAT	93.48237851698951	124.87072491179332	78.38395747644437	0.0	0.0	0.0	0.0	0.0	0.0	0.37186317422524134	7.295375111778697	98.33331471418866	44.00944867900587	0.0	0.0	0.0	0.0	0.0	0.0	0.0	0.0	0.0	0.0	0.0	0.0	0.0	0.0	0.0	0.0	0.0
GSM4138114_HNSCC_3_PBMC_TGACGGCGTAAGGGCT	0.0	0.0	106.97938704976602	0.0	0.0	25.38289484980574	85.9290721123446	0.0	62.829203813836706	0.0	0.0	0.0	0.0	0.0	0.0	0.0	0.0	0.0	0.0	129.15882682290237	0.0	0.0	0.0	0.0	0.0	0.0	0.0	0.0	0.0	0.0
GSM4138114_HNSCC_3_PBMC_TGCTGCTCAACGCACC	56.14640360370614	10.22604606777425	28.017805711887338	0.0	93.98186457823105	66.66714361064707	0.0	0.0	0.0	0.0	0.0	0.0	0.0	0.0	0.0	0.0	65.30097128232424	0.0	0.0	0.0	53.410267405655894	10.558264721294416	0.0	0.0	0.0	0.0	0.0	0.0	0.0	0.0
GSM4138114_HNSCC_3_PBMC_TGTATTCTCCCTAACC	0.0	57.70877568538214	64.19041692268004	0.0	65.33349960287055	21.658079654016625	0.0	0.0	0.0	0.0	0.0	0.0	0.0	0.0	0.0	0.0	60.42232076544552	81.06420719754554	0.0	0.0	0.0	0.0	0.0	0.0	0.0	0.0	0.0	0.0	0.0	0.0
GSM4138114_HNSCC_3_PBMC_TTAACTCTCCTGCTTG	0.0	55.160410718605796	0.0	130.55851368970517	0.0	0.0	83.87081532939827	0.0	0.0	0.0	0.0	0.0	0.0	37.958370363784724	0.0	0.0	3.3958744650516604	0.0	0.0	0.0	0.0	0.0	0.0	0.0	29.85297974103393	0.0	0.0	48.9503989199986	48.13557392967585	0.0
GSM4138114_HNSCC_3_PBMC_TTCTCCTTCTTGTATC	110.62466179615737	124.05874864574899	73.55337644940708	0.0	190.66982677499084	0.0	0.0	0.0	0.0	0.0	0.0	0.0	0.0	0.0	95.90057765699467	0.0	0.0	0.0	0.0	0.0	43.669059662166106	0.0	0.0	0.0	0.0	0.0	0.0	0.0	0.0	0.0
GSM4138114_HNSCC_3_PBMC_TTGGCAACAGATCCAT	135.26241327508984	0.0	0.0	12.288768104139697	0.0	70.30589617743368	0.0	0.0	0.0	0.0	0.0	0.0	0.0	0.0	0.0	53.88055884206746	8.526581258393922	0.0	47.94245451576797	31.06988589853376	0.0	0.0	0.0	0.0	0.0	0.0	0.0	0.0	0.0	0.0
GSM4138114_HNSCC_3_PBMC_AAACCTGCACCAGCAC	391.5860150694397	0.0	114.28287508129966	0.0	0.0	131.96030294586535	0.0	0.0	0.0	0.0	0.0	101.82138640457646	91.41784946308799	0.0	0.0	14.661259521646913	0.0	0.0	0.0	0.0	0.0	26.37815018246926	0.0	0.0	0.0	0.0	0.0	0.0	0.0	0.0
GSM4138114_HNSCC_3_PBMC_AATCCAGCATAAGACA	67.27205375590466	112.39495104567872	159.83957704313653	0.0	0.0	75.3633553026309	183.81176351182322	0.0	0.0	0.0	0.0	0.0	17.261606722920288	66.7907196696118	0.0	31.885831841996218	89.78864719742873	0.0	0.0	157.29163744341372	5.339773224632746	0.0	0.0	0.0	0.0	0.0	0.0	0.0	0.05541354363513626	0.0
GSM4138114_HNSCC_3_PBMC_ACCGTAAGTCTTCGTC	54.011144881831456	0.0	0.0	0.0	0.0	0.0	2645.9161680647126	0.0	0.0	0.0	0.0	0.0	0.0	0.0	0.0	0.0	0.0	130.3144242487594	0.0	0.0	0.0	0.0	0.0	0.0	0.0	0.0	0.0	0.0	0.0	0.0
GSM4138114_HNSCC_3_PBMC_ACGGAGACATGGGACA	145.8907891714986	113.98855165702875	0.0	99.9003344088393	0.0	0.0	0.0	0.0	0.0	0.0	41.090436822712654	0.0	0.0	0.0	0.0	0.0	157.4960887997851	0.0	0.0	29.04383045976212	0.0	0.0	46.21554072765423	0.0	0.0	0.0	0.0	46.68923691584167	0.0	0.0
GSM4138114_HNSCC_3_PBMC_ACGGGCTTCTTGCAAG	0.0	183.52775412460295	51.60362154556623	31.11660655944222	64.6541259207577	0.0	237.92430868539327	0.0	0.0	90.67252805589861	0.0	0.0	108.93628133319464	0.0	0.0	0.0	0.0	9.705125760409063	0.0	0.0	0.0	0.0	42.43378439446508	0.0	0.0	0.0	0.0	0.0	0.0	0.0
GSM4138114_HNSCC_3_PBMC_ACTTACTGTTGGTAAA	0.0	3000.977492839958	0.0	0.0	0.0	15.632013716294688	0.0	0.0	0.0	0.0	0.0	0.0	0.0	0.0	0.0	0.0	0.0	0.0	0.0	0.0	0.0	0.0	0.0	0.0	0.0	0.0	0.0	0.0	0.0	0.0
GSM4138114_HNSCC_3_PBMC_ACTTTCACATTCTTAC	198.81390188194922	103.01987204012958	69.87512672875002	0.0	0.0	156.17225897126352	0.0	80.42561233470146	0.0	0.0	0.0	0.0	0.0	0.0	0.0	0.0	103.65212804398053	0.0	0.0	37.50703129907066	0.0	0.0	78.5714956750251	0.0	0.0	0.0	0.0	0.0	0.0	32.2521580110476
GSM4138114_HNSCC_3_PBMC_AGACGTTGTCGGCATC	205.44841471967038	127.41303409967976	0.0	143.20096074290228	0.0	0.0	0.0	0.0	44.61412411904024	0.0	136.71178207178505	0.0	0.0	0.0	0.0	0.0	0.0	0.0	0.0	0.0	0.0	0.0	0.0	31.346757407679263	0.0	0.0	0.0	0.0	0.0	0.0
GSM4138114_HNSCC_3_PBMC_AGAGTGGCACCTCGGA	304.1562259094211	216.14052331003737	0.0	197.54438083679847	0.0	0.0	0.0	0.0	0.0	0.0	0.0	56.10245137349927	0.0	126.40729709753359	0.0	169.33635153772403	0.0	0.0	0.0	0.0	0.0	88.00495456235568	0.0	0.0	0.0	15.509350351073643	0.0	0.0	0.0	0.0
GSM4138114_HNSCC_3_PBMC_AGGGTGAGTGCACTTA	227.6341421207648	3.7099457518332257	0.0	0.0	0.0	120.63426993047926	0.0	113.69277435449223	64.76703163384892	25.863424567458374	0.0	0.0	0.0	0.0	31.672415183989646	0.0	13.129478114164403	0.0	0.0	0.0	183.90148319078847	0.0	0.0	0.0	0.0	0.0	0.0	0.0	0.0	0.0
GSM4138114_HNSCC_3_PBMC_AGTAGTCCATAGACTC	141.97247409723457	84.00659097268232	0.0	76.77612453678263	0.0	4.3976909164729685	0.0	0.0	0.0	0.0	0.0	0.0	0.0	0.0	82.46004973131679	0.0	0.0	0.0	0.0	94.23476357701344	0.0	0.0	0.0	0.0	0.0	0.0	0.0	0.0	0.0	0.0
GSM4138114_HNSCC_3_PBMC_ATAAGAGGTATTCGTG	243.40434641429079	220.56178522869516	208.92581676188422	0.0	42.52782256759311	0.0	0.0	0.0	0.0	0.0	60.522385456118016	0.0	0.0	0.0	19.574278068680297	0.0	117.94499129402242	0.0	0.0	0.0	0.0	0.0	0.0	0.0	0.0	0.0	0.0	39.578202925854356	0.0	0.0
GSM4138114_HNSCC_3_PBMC_ATGCGATTCGTGACAT	275.6750261962532	214.64096118096674	191.33735754374888	0.0	264.8959642338999	0.0	0.0	0.0	0.0	0.0	0.0	0.0	0.0	0.0	0.0	269.0387649066631	0.0	0.0	0.0	0.0	0.0	0.0	0.0	0.0	0.0	0.0	0.0	0.0	0.0	0.0
GSM4138114_HNSCC_3_PBMC_ATTTCTGAGTAGATGT	166.72001535677617	88.03698949263527	3.277606071728347	0.0	0.0	178.21091482743492	110.4775152990249	0.0	144.93433617227288	106.68380361472705	0.0	0.0	0.0	0.0	0.0	0.0	0.0	7.10170489179159	109.65476224427701	0.0	34.569930664648915	0.0	0.0	0.0	48.59758325346464	0.0	0.0	0.0	0.0	0.0
GSM4138114_HNSCC_3_PBMC_ATTTCTGTCGTAGGAG	0.0	96.41865358804645	72.74922114168801	0.0	0.0	0.0	45.091738826512255	76.35104682493566	0.0	0.0	0.0	0.0	0.0	0.0	0.0	55.249507542235584	0.0	25.057342724283856	0.0	0.0	0.0	0.0	0.0	0.0	0.0	0.0	0.0	0.0	0.0	0.0
GSM4138114_HNSCC_3_PBMC_CAAGAAACATGGAATA	330.00884607792034	193.52351533071177	189.4072759912442	0.0	0.0	0.0	0.0	162.8733124577083	163.72515998636337	0.0	0.0	0.0	0.0	0.0	0.0	0.0	0.0	0.0	0.0	0.0	0.0	0.0	0.0	0.0	0.0	0.0	0.0	0.0	0.0	0.0
GSM4138114_HNSCC_3_PBMC_CACAGTAGTGATAAGT	201.80888601294149	0.0	62.8415759404175	11.235334069539022	150.3575785538206	233.2646242305554	0.0	0.0	12.03067620796901	0.0	0.0	0.0	0.0	0.0	0.0	0.0	44.66596175745166	0.0	0.0	0.0	0.0	98.24647166936793	0.0	0.0	39.977636047167	0.0	0.0	0.0	0.0	0.0
GSM4138114_HNSCC_3_PBMC_CAGTAACAGTACGCGA	48.612811873500064	0.0	70.0266092005026	0.0	258.0713964510317	229.69000783758355	193.07318497306758	0.0	0.0	0.0	0.0	0.0	0.0	0.0	63.99002003350544	0.0	87.41677276927005	0.0	112.38191608204536	0.0	4.778113849371842	0.0	0.0	0.0	0.0	0.0	0.0	0.0	0.0	0.0
GSM4138114_HNSCC_3_PBMC_CATCGAAGTAGCGCTC	217.6762618497929	215.4859591859125	169.53816923777276	0.0	0.0	0.0	0.0	120.78480968779743	62.44926493412848	0.0	0.0	0.0	0.0	0.0	0.0	0.0	0.0	0.0	0.0	0.0	0.0	0.0	0.0	0.0	0.0	0.0	62.30781665402937	0.0	0.0	0.0
GSM4138114_HNSCC_3_PBMC_CATGGCGCACTACAGT	209.85750552737747	100.28121404931296	0.0	0.0	257.7372916290426	41.53329878796909	0.0	0.0	0.0	0.0	0.0	0.0	0.0	0.0	0.0	107.20557565787406	0.0	0.0	138.33519400850514	0.0	0.0	0.0	0.0	0.0	0.0	0.0	0.0	0.0	0.0	0.0
GSM4138114_HNSCC_3_PBMC_CCTATTAGTAGCCTCG	205.4809725480268	59.40774164691952	61.04789122413399	97.6463416704114	54.45054849523798	116.35944626660346	0.0	14.409659811544694	171.27872974251753	52.75588310423305	0.0	60.80591750984828	0.0	0.0	0.0	0.0	0.0	0.0	0.0	0.0	0.0	0.0	0.0	0.0	0.0	0.0	0.0	0.0	0.0	0.0
GSM4138114_HNSCC_3_PBMC_CCTTCCCTCAGCATGT	250.4754892034121	25.936263446344576	227.67176541183008	0.0	0.0	119.4352052601	0.0	0.0	39.613386565687	0.0	119.73451409968136	0.0	73.74325781800388	32.09348917905982	0.0	0.0	0.0	0.0	0.0	0.0	0.0	0.0	0.0	0.0	0.0	0.0	7.13703760467253	0.0	0.0	0.0
GSM4138114_HNSCC_3_PBMC_CGGACGTCATCGGACC	226.5723414112818	150.16746363608246	21.83097642365723	0.0	0.0	0.0	0.0	26.910247165368038	0.0	104.06935163950709	0.0	0.0	58.11637212254512	0.0	91.13684450296059	0.0	0.0	0.0	0.0	0.0	132.1725066341887	0.0	0.0	0.0	0.0	0.0	0.0	0.0	0.0	0.0
GSM4138114_HNSCC_3_PBMC_CGGACTGTCACGACTA	185.94950928542025	189.33102982611578	99.89806839676253	44.043415329796	57.1417525109844	0.0	0.0	0.0	0.0	81.97785770568183	0.0	0.0	0.0	0.0	47.70410801070867	0.0	0.0	0.0	0.0	0.0	0.0	0.0	0.0	0.0	0.0	52.64705652248577	0.0	0.0	0.0	0.0
GSM4138114_HNSCC_3_PBMC_CGTAGGCAGTAAGTAC	0.0	0.0	0.0	0.0	154.6131534885546	121.49646806901819	183.68015030377015	0.0	0.0	0.0	0.0	0.0	0.0	0.0	83.37449633287193	0.0	0.0	0.0	0.0	0.0	0.0	179.43505770069984	0.0	0.0	0.0	15.066910242560994	0.0	0.0	0.0	0.0
GSM4138114_HNSCC_3_PBMC_CGTGAGCAGAAGGGTA	127.85157824684757	43.638291539806104	142.96788670848744	0.0	260.2461136759446	128.14672391981088	105.58888171266386	0.0	0.0	0.0	0.0	0.0	29.207493059833737	0.0	100.06767276401789	0.0	0.0	14.062270372573915	0.0	0.0	0.0	0.0	0.0	0.0	0.0	0.18844624301382576	0.0	0.0	0.0	0.0
GSM4138114_HNSCC_3_PBMC_CGTTGGGGTGATAAGT	248.08521061592413	161.8377260665807	72.13639973639991	0.0	0.0	0.0	0.0	0.0	0.0	0.0	0.0	0.0	0.0	100.15270108165889	0.0	0.0	119.0388939167898	0.0	0.0	0.0	0.0	0.0	0.0	1.5518686665955137	0.0	0.0	0.0	0.0	0.0	0.0
GSM4138114_HNSCC_3_PBMC_CTAACTTCATACAGCT	320.53858663159116	377.92720774365665	0.0	270.08800683610735	202.55871182592622	67.03053540977909	0.0	221.51208483528745	0.0	8.355676685041935	0.0	0.0	0.0	0.0	0.0	59.98138894594468	213.81508270292522	0.0	7.793797161044697	0.0	0.0	0.0	0.0	0.0	0.0	0.0	0.0	0.0	0.0	0.0
GSM4138114_HNSCC_3_PBMC_CTACATTCAGTCAGCC	0.0	0.0	0.0	89.03852396337119	138.26924744300868	201.2446603217758	99.5723501719831	0.0	0.0	0.0	0.0	0.0	0.0	0.0	0.0	0.0	53.36015862871478	103.4968697804179	0.0	0.0	0.0	0.0	0.0	0.0	1.706140307583472	0.0	0.0	0.0	0.0	0.0
GSM4138114_HNSCC_3_PBMC_CTAGTGATCTTTCCTC	0.0	0.0	117.8755942730353	0.0	0.0	209.70999885281137	0.0	0.0	97.92732667248306	0.0	0.0	0.0	0.0	98.02119333732652	0.0	0.0	70.23717529419956	292.9267351796391	0.019770781385388837	0.0	0.0	0.0	0.0	0.0	0.0	0.0	0.0	34.278313404435856	0.0	19.9994557050352
GSM4138114_HNSCC_3_PBMC_CTCGGGAAGAAGCCCA	0.0	183.3131556839205	0.0	105.15031196627632	70.06392080476346	0.0	243.46176299783863	0.0	0.0	56.02893340785401	0.0	0.0	0.0	0.0	0.0	0.0	33.17929880985546	0.0	0.0	0.0	0.0	99.87190074233928	0.0	0.0	114.44151157223577	40.76912526010535	0.0	0.0	0.0	0.0
GSM4138114_HNSCC_3_PBMC_CTCTACGAGTGAACGC	207.60577196547507	127.46394180602069	27.411027494019454	116.33930450333091	150.2047506609012	0.0	0.0	0.33756097395718765	143.12570908046516	0.0	0.0	0.0	0.0	0.0	0.0	0.0	0.0	0.0	0.0	0.0	0.0	0.0	0.0	0.0	0.0	0.0	0.0	0.0	0.0	0.0
GSM4138114_HNSCC_3_PBMC_CTGTGCTCATGCTAGT	126.15458786277516	78.89437786904602	109.82108854422435	0.0	0.0	14.684601062862866	0.0	0.0	53.97957967217968	0.0	0.0	78.34095882450866	25.339373507070928	67.923495304539	0.0	0.0	0.0	0.0	0.0	0.0	0.0	0.0	0.0	0.0	0.0	0.0	0.0	0.0	0.0	0.0
GSM4138114_HNSCC_3_PBMC_CTGTTTAAGAAACGAG	0.0	0.0	86.7638895585166	0.0	0.0	80.61291487843066	100.49751644052584	47.60094394194569	0.0	0.0	0.0	0.0	8.701280342619008	9.089459225589152	33.27987289780571	0.0	16.78422341972668	0.0	0.0	0.0	0.0	0.0	0.0	15.44300157142748	2.8026085406588725	0.0	2.3226201694990767	0.0	0.0	26.152394299626433
GSM4138114_HNSCC_3_PBMC_GACCTGGAGGATGGAA	0.0	80.11661031965488	0.0	88.47866613001558	0.0	12.77578198110878	241.9659082857096	0.0	0.0	0.0	106.16597116500873	0.0	0.0	15.27451073669958	38.230190499951256	0.0	0.0	83.3544960370373	49.73081984433973	0.0	0.0	0.0	0.0	0.0	0.0	80.67275946638334	0.0	0.0	0.0	0.0
GSM4138114_HNSCC_3_PBMC_GATGAGGAGACGCACA	175.76151289047056	190.49441999700127	0.0	146.00818186621802	0.0	0.0	0.0	0.0	0.0	193.3526561755176	0.0	0.0	81.71346920258682	0.0	0.0	0.0	0.0	0.0	0.0	0.0	0.0	0.0	0.0	0.0	0.0	35.78479067497033	0.0	0.0	0.0	0.0
GSM4138114_HNSCC_3_PBMC_GATGCTATCTATCCCG	0.0	132.3602964869458	0.0	91.75833289125833	0.0	22.751671918004302	230.01439981492913	0.0	0.0	4.498119217683401	0.0	149.804565272101	0.0	79.57309241698223	0.0	0.0	0.0	22.601831460687226	0.20819076966741	0.0	12.147440253131746	80.13849776319068	0.0	0.0	0.0	145.01258744987427	0.0	0.0	0.0	0.0
GSM4138114_HNSCC_3_PBMC_GATTCAGCATAACCTG	165.62069176667686	166.40957824727374	0.0	142.24015774573118	111.2659789930898	0.0	0.0	0.0	0.0	0.0	0.0	41.469822457945014	99.90187930479067	0.0	0.0	0.0	0.0	0.0	0.0	0.0	0.0	0.0	0.0	0.0	0.0	0.0	0.0	0.0	0.0	0.0
GSM4138114_HNSCC_3_PBMC_GCCTCTATCTGACCTC	266.77153870341715	0.0	44.4468181320804	0.0	0.0	192.50873363307386	0.0	0.0	0.0	0.0	0.0	0.0	0.0	0.0	49.94664891647919	0.0	44.524221139198076	0.0	23.7935501898801	133.27251413469727	0.0	0.0	0.0	0.0	0.0	0.0	0.0	0.0	0.0	0.0
GSM4138114_HNSCC_3_PBMC_GCGCGATAGCGTAGTG	66.54110404505566	190.9869999921223	176.57493135349387	0.0	0.0	0.0	69.49400058437077	0.0	0.0	0.0	157.16766304147941	6.147498897955085	0.0	0.0	0.0	0.0	0.0	88.67958521263077	0.0	0.0	0.0	0.0	0.0	0.0	0.0	145.87518008112505	0.0	37.10253230794536	0.0	0.0
GSM4138114_HNSCC_3_PBMC_GCTTCCATCAGAGACG	0.0	0.0	12.979004175673285	0.0	0.0	159.13579006584885	265.018897292284	0.0	0.0	0.0	32.36467058915805	0.0	0.0	103.82716344005524	0.0	0.0	128.61069566599386	0.0	57.29010578814127	0.0	65.37478425904861	0.0	0.0	0.0	1.6551822348444516	0.0	23.150342936586913	0.0	0.0	0.0
GSM4138114_HNSCC_3_PBMC_GCTTGAAAGATCACGG	276.0832039793718	120.7213312665108	0.0	0.0	0.0	0.0	0.0	0.0	50.71174329098353	10.23273175644762	3.717438566204835	150.405123713321	0.0	0.0	0.0	0.0	0.0	0.0	39.955293979281045	0.0	0.0	82.4019717831198	0.0	0.0	35.496261087002196	0.0	0.0	0.0	0.0	0.0
GSM4138114_HNSCC_3_PBMC_GGAAAGCCACAGTCGC	0.0	189.84913809783185	22.158881310096447	0.0	0.4779681756961259	0.0	2.3058791643850216	0.0	0.0	131.13231516417343	0.0	0.0	0.0	0.0	0.0	0.0	124.28303851813396	323.06909505186644	97.90782524030342	0.0	0.0	0.0	0.0	0.0	28.751740329996096	0.0	0.0	0.0	0.0	0.0
GSM4138114_HNSCC_3_PBMC_GGTGTTAGTTATGTGC	0.0	53.21415412596367	113.37943010527256	0.0	117.6969547835717	59.245909608615456	19.708410230399423	0.0	0.0	0.0	0.0	0.0	0.0	0.0	92.15124458763462	0.0	0.0	172.16457850852308	0.0	0.0	0.0	0.0	0.0	0.0	0.0	0.0	0.0	0.0	0.0	0.0
GSM4138114_HNSCC_3_PBMC_GTATCTTCATTACCTT	299.5114123247727	137.8453095601676	0.0	0.0	0.0	44.69486315540831	0.0	0.0	0.0	0.0	0.0	0.0	121.4658068193912	160.3394399726087	0.0	0.0	0.0	0.0	0.0	0.0	0.0	0.0	198.1714490897936	0.0	0.0	0.0	0.0	0.0	0.0	0.0
GSM4138114_HNSCC_3_PBMC_GTCACAAAGCTGCCCA	251.33667028953747	74.28788445494347	144.81096575952765	0.0	0.0	113.74914138012048	0.0	0.0	0.0	0.0	198.8862432521105	0.0	0.0	0.14766266518337923	0.0	0.0	0.0	0.0	0.0	0.0	0.0	0.0	0.0	105.41065991651908	0.0	13.750753222633989	0.0	0.0	0.0	0.0
GSM4138114_HNSCC_3_PBMC_GTCATTTTCCTCTAGC	0.0	152.83950326568092	95.46935027554366	0.0	0.0	0.0	181.4331165190365	0.0	0.0	0.0	0.0	182.28352620637617	0.0	0.0	0.0	47.097913585592266	71.8608608104847	73.45881701050584	0.0	0.0	0.0	0.0	0.0	0.0	0.0	0.0	0.0	0.0	0.0	0.0
GSM4138114_HNSCC_3_PBMC_GTGTTAGGTGTATGGG	178.15146341366432	191.80909319876795	71.2583839835466	0.0	56.62540957285353	0.0	3.7125249828788673	0.0	0.0	0.0	0.0	0.003934529213809471	0.0	0.0	105.51686474888977	0.0	15.581480029849823	0.0	0.0	31.91728519045935	0.0	0.0	0.0	0.0	0.0	0.0	0.0	0.0	0.0	0.0
GSM4138114_HNSCC_3_PBMC_GTTCATTCATCACGAT	192.7606338845922	146.62146327361393	63.775610424639744	0.0	22.956040790914884	21.427916134849244	34.10128141158205	0.0	0.0	107.44699788742352	0.0	19.39186207773923	0.0	0.0	0.0	0.0	0.0	0.0	0.0	0.0	61.328837761989995	0.0	0.0	0.0	161.51465096314016	0.0	0.0	0.0	0.0	0.0
GSM4138114_HNSCC_3_PBMC_GTTTCTAGTGGTTTCA	267.1324025106416	23.72056407486842	119.63438820387258	0.0	0.0	107.304080422513	0.0	149.49277275765326	0.0	0.0	0.0	0.0	36.17453945011928	0.0	0.0	0.0	0.0	0.0	0.0	0.0	0.0	0.0	0.0	0.0	0.0	52.65122175684096	0.0	0.0	0.0	0.0
GSM4138114_HNSCC_3_PBMC_TACTTACAGGGTCGAT	189.31807938975015	0.0	132.5536768131475	0.0	0.0	161.01295707653955	0.0	117.25775833273964	35.62088507327355	0.0	0.0	0.0	26.762779095653364	0.0	2.6987543093979736	25.236874084656627	0.0	0.0	0.0	0.0	0.0	0.0	0.0	0.0	0.0	0.0	0.0	0.0	0.0	0.0
GSM4138114_HNSCC_3_PBMC_TCGAGGCGTACGCTGC	217.29433858321354	231.07965484967033	63.41364532112339	104.85000873345822	213.84925569911232	0.0	0.0	0.0	0.0	0.0	0.0	0.0	0.0	0.0	128.26459584904006	28.23665153420735	0.0	9.951532319070155	0.0	0.0	0.0	0.0	0.0	0.0	0.0	0.0	0.0	0.0	0.0	0.0
GSM4138114_HNSCC_3_PBMC_TCGTAGAAGAAACCTA	213.60523279192844	167.293257757174	0.0	185.9220854365419	145.69597359628818	0.0	0.0	0.0	0.0	0.0	0.0	1.8959656067854262	6.730889475212108	0.0	0.0	0.0	0.0	0.0	0.0	0.0	0.0	0.0	0.0	0.0	0.0	0.0	157.2953595242379	0.0	0.0	0.0
GSM4138114_HNSCC_3_PBMC_TGCCCTAAGTGTTAGA	0.0	170.76637312447028	6.791610260394465	0.0	0.0	0.0	19.51110379004596	0.0	0.0	148.2896631277011	0.0	0.0	0.0	0.0	14.041560894765665	0.0	76.53053680756598	245.35580352572205	11.165348668618964	0.0	0.0	157.0856897127812	0.0	0.0	0.0	0.0	0.0	0.0	0.0	0.0
GSM4138114_HNSCC_3_PBMC_TGGCTGGAGGGATGGG	0.0	134.96322669195152	82.65129954687593	11.080639009512208	0.0	7.9920598156697835	309.4428179939882	0.0	0.0	0.0	26.053518480579047	0.0	0.0	145.48596742812398	0.0	118.63564119079395	0.0	0.0	59.140226278802366	0.0	0.0	0.0	0.0	0.0	0.0	0.0	0.0	0.0	0.0	0.0
GSM4138114_HNSCC_3_PBMC_TTAGGACAGTCCTCCT	299.10969529456804	129.97582923472493	0.0	139.87427213981877	0.0	58.479084001163095	0.0	5.215338593988389	0.0	3.8717409027095537	72.66524306422322	91.24529072045004	0.0	0.0	38.118118165857815	0.0	100.91810793404434	0.0	0.0	0.0	0.0	0.0	43.22876100427458	0.0	0.0	0.0	0.0	3.31929063957281	0.0	1.0385450454581895
GSM4138114_HNSCC_3_PBMC_TTATGCTCAGTATAAG	0.0	0.0	37.81238030078393	8.589893447848524	0.0	73.82384367749874	0.0	0.0	0.0	54.251355694615796	0.0	0.0	0.0	0.0	0.0	0.0	0.0	74.67569237895543	0.0	0.0	0.0	0.0	14.07330311004519	0.0	50.844446452392916	0.0	0.0	0.0	0.0	0.0
GSM4138114_HNSCC_3_PBMC_TTCCCAGGTCTCCCTA	0.0	0.0	0.0	17.08336055511553	0.0	217.3887132825231	257.89015893026607	0.0	0.0	0.0	25.96641835204785	55.14888394659166	10.99575778601158	0.0	35.769681254680286	0.0	0.0	0.0	126.49549617626502	0.0	0.0	0.0	0.0	0.0	0.0	51.827149572455916	0.0	64.27874611660542	0.0	0.0
GSM4138114_HNSCC_3_PBMC_TTCCCAGTCACTCCTG	270.40615327286724	210.46792439683307	103.43308850195018	20.064905296214867	0.0	0.0	0.0	0.0	0.0	0.0	0.0	0.0	0.0	193.25493710278417	0.0	28.319121798689693	90.4802989221207	0.0	0.0	0.0	0.0	0.0	21.679408015974165	0.0	0.0	0.0	0.0	0.0	0.0	0.0
GSM4138114_HNSCC_3_PBMC_TTCTACATCCGCATCT	0.0	0.0	42.349223043477764	0.0	0.0	117.01866995036366	158.3259078749876	0.0	0.0	0.0	0.0	0.0	0.0	74.66899918691384	0.0	0.0	0.0	24.13627038711928	14.968952010719738	0.0	32.367735807896544	0.0	0.0	0.0	123.22417725433111	44.2231307311994	0.0	0.0	0.0	0.0
GSM4138114_HNSCC_3_PBMC_AAAGATGTCTCCCTGA	0.0	108.99271103617085	88.18310371582558	0.0	0.0	0.0	57.58069578511919	0.0	12.69715726756053	0.0	150.65178782558993	0.0	0.0	25.915747329913792	0.0	0.0	12.108197760607348	46.80274110630354	0.0	0.0	0.0	0.0	0.0	0.0	38.59533423268654	0.0	0.0	0.0	13.674829728132723	0.0
GSM4138114_HNSCC_3_PBMC_AACTCCCGTCTGATCA	81.02653551924557	0.0	92.05323567456038	0.0	0.0	42.79730656907216	0.0	0.0	46.5208121636092	0.0	114.9057563619484	0.0	0.0	0.0	0.0	0.0	0.0	0.0	0.0	0.0	0.0	0.0	0.0	0.0	0.0	0.0	0.0	0.0	0.0	0.0
GSM4138114_HNSCC_3_PBMC_ACGCAGCCATCCAACA	0.0	86.82750115574646	116.53715675614045	0.0	0.0	0.0	145.45936401688016	0.0	0.0	137.47032247307922	0.0	0.0	0.0	0.0	0.0	42.98290711785409	0.0	0.0	0.0	0.0	3.9997569226684435	0.0	0.0	0.0	0.0	0.0	0.0	0.0	0.0	0.0
GSM4138114_HNSCC_3_PBMC_ACTATCTAGCCTCGTG	88.29451701428943	72.17013502343579	80.85450218941851	0.0	0.0	0.0	0.0	0.0	0.0	0.0	28.483030407769853	56.58326628921445	0.0	0.0	0.0	63.40984901310609	0.0	0.0	0.0	0.0	0.0	0.0	0.0	0.0	0.0	0.0	0.0	0.0	0.0	0.0
GSM4138114_HNSCC_3_PBMC_ACTGAACTCAGCATGT	0.0	116.23983839661305	207.44530549177708	0.0	0.0	0.0	118.09701232178021	0.0	0.0	3.582707455064109	2.4640576126141482	0.0	0.0	104.18434182093178	0.0	0.0	0.0	0.0	0.0	0.0	0.0	0.0	0.0	0.0	0.0	44.350502085881615	16.480398300190572	0.0	70.4027186490132	0.0
GSM4138114_HNSCC_3_PBMC_ATCCGAACATAACCTG	103.62788808118981	0.0	0.0	0.0	0.0	76.86636579448165	0.0	0.0	0.0	79.79719918709739	0.0	17.818276713738793	0.0	0.0	0.0	13.148164967176621	0.0	0.0	0.0	0.0	0.0	157.2381971919935	0.0	0.0	0.0	0.0	52.36952930400228	0.0	0.0	0.0
GSM4138114_HNSCC_3_PBMC_ATTTCTGTCCGTTGCT	135.03468723618045	95.67993372916894	0.0	213.21132794753265	91.2610638383075	0.0	0.0	0.0	0.0	0.0	0.0	0.0	0.0	0.0	0.0	107.61938735880952	0.0	0.0	0.0	0.0	0.0	0.0	0.0	0.0	0.0	0.0	0.0	73.03379118397199	0.0	0.0
GSM4138114_HNSCC_3_PBMC_CAAGATCGTTCACGGC	77.71074962640209	0.0	0.0	0.0	0.0	64.35923665330333	0.0	0.0	0.0	0.0	0.0	0.0	0.0	2.5284149643340568	0.0	0.0	67.31281287901945	0.0	0.0	120.80125671023637	0.0	110.16379898660642	0.0	0.0	0.0	0.0	0.0	0.6823555800777201	0.0	0.0
GSM4138114_HNSCC_3_PBMC_CGTGTCTGTTGGAGGT	0.0	0.0	80.0488097400402	0.0	103.1584613379326	94.7726250396968	100.4982207066552	0.0	0.0	0.0	0.0	0.3797475107667405	0.0	0.0	0.0	0.0	0.0	0.0	46.10730280130404	0.0	0.0	0.0	0.0	107.42682687199601	0.0	0.0	0.0	0.0	0.0	0.0
GSM4138114_HNSCC_3_PBMC_CTACACCGTAAGTGTA	101.59099016517999	76.67403887829832	0.0	151.10011012475684	0.0	0.0	0.0	0.0	0.0	58.11952305182052	0.0	78.98848502450743	0.0	0.0	0.0	0.0	0.0	0.0	0.0	0.0	0.0	0.0	0.0	0.0	33.428339122906685	15.0427071459492	0.8426055099840205	0.0	2.336609087038087	0.0
GSM4138114_HNSCC_3_PBMC_GACGTTAGTGGTCTCG	96.64201589129767	43.02022097862616	111.95879647597101	4.89089815096927	0.0	0.0	0.0	0.0	0.0	0.0	134.13875133155443	0.6176674765272395	57.72136593877913	0.0	0.0	0.0	0.0	0.0	0.0	0.0	0.0	0.0	0.0	0.0	0.0	0.0	0.0	0.0	0.0	0.0
GSM4138114_HNSCC_3_PBMC_GCACTCTGTGGTGTAG	91.06486354094874	0.0	0.0	66.68400064409308	0.0	67.87537452675869	0.0	158.88855016941807	0.0	0.0	0.0	0.0	0.0	0.0	0.0	0.0	0.0	0.0	0.0	0.0	0.0	0.0	0.0	83.63249058528964	0.0	0.0	0.0	0.0	0.0	0.0
GSM4138114_HNSCC_3_PBMC_GGGCATCAGACTACAA	0.0	62.49709112329622	92.58964410234529	0.0	0.0	0.0	0.0	0.0	0.0	22.993632716576	52.52588519226144	19.06829552794634	0.0	0.0	0.0	0.0	9.641072774036482	131.0222431981787	0.0	0.0	0.0	0.0	0.0	6.396452825295098	69.62693515150607	0.0	0.0	0.0	0.0	0.0
GSM4138114_HNSCC_3_PBMC_GTCAAGTTCTTTACAC	110.62747672476203	0.0	54.09513694797808	29.966437802015253	114.15633800162415	92.19044878981559	0.0	0.0	0.0	0.0	0.0	0.0	0.0	0.0	0.0	0.0	86.20776925592276	0.0	0.0	0.0	0.0	0.0	0.0	0.0	0.0	0.0	0.0	0.0	0.0	0.0
GSM4138114_HNSCC_3_PBMC_GTGCTTCCACTATCTT	91.45378377261581	74.52286688718797	0.0	121.94069626333076	0.0	11.761691007235425	7.731973089550157	0.0	0.0	0.0	101.83587817507704	14.645042461079335	0.0	0.0	0.0	100.54167920714731	0.0	0.0	0.0	0.0	0.0	0.0	0.0	0.0	0.0	0.0	0.0	0.0	0.0	0.0
GSM4138114_HNSCC_3_PBMC_TTCTACACACACCGAC	133.04549003372017	90.29677759957977	26.866439674759782	0.0	16.17263841733951	0.0	0.0	0.0	0.0	7.009033175263553	0.0	106.43112204776882	27.302812638603093	0.0	0.0	0.0	0.0	0.0	0.0	0.0	0.0	0.0	84.80418549136095	0.0	0.0	28.230973997003844	1.6336781842765087	0.0	0.0	0.0
GSM4138114_HNSCC_3_PBMC_TTGACTTTCGCGATCG	88.08817702971015	74.07787802952294	0.0	104.84777020350894	0.0	0.0	0.0	29.923681689100174	70.27658463648223	0.0	0.0	0.0	0.0	0.0	0.0	0.0	0.0	0.0	0.0	35.39598587187637	0.0	0.0	0.0	0.0	0.0	0.0	0.0	0.0	0.0	84.11253728940798
GSM4138114_HNSCC_3_PBMC_ACTGTCCCACTAGTAC	0.0	75.26362445568981	0.0	96.5010504945772	0.0	0.0	91.46624431200149	116.85993275966753	71.31600859918306	1.8752913458021334	0.0	0.0	0.0	0.0	0.0	0.0	0.0	0.0	0.0	0.0	0.0	0.0	0.0	0.0	0.0	0.0	0.0	0.0	0.0	0.0
GSM4138114_HNSCC_3_PBMC_CTCATTATCGAATCCA	85.39522938295002	136.00217641792725	24.047004529641846	82.03472199943704	0.0	0.0	0.0	0.0	0.0	0.0	0.0	0.0	0.0	110.53369515695923	15.758225616144161	44.7732184509407	5.381940485857695	0.0	0.0	0.0	0.0	0.0	0.0	0.0	0.0	0.0	0.0	0.0	0.0	0.0
GSM4138114_HNSCC_3_PBMC_GAACCTATCGACAGCC	0.0	86.77187714833451	0.0	191.96667911180086	133.32375173980128	0.0	165.8686514662572	0.0	0.0	9.019500351944624	0.0	0.0	0.0	0.0	0.0	0.0	0.0	0.0	0.0	0.0	0.0	0.0	17.656282944420212	0.0	80.2190730363205	0.0	0.0	0.0	0.0	0.0
GSM4138114_HNSCC_3_PBMC_GCGCCAACATTTGCCC	0.0	35.75586328247449	0.0	118.4291890729821	20.554828909905748	0.0	7.404312080551396	88.55750738716881	0.0	0.0	0.0	0.0	0.0	0.0	0.0	28.35055892895042	54.26667960413605	105.49303737517188	0.0	8.081740279601947	0.0	0.0	0.0	0.0	0.0	0.0	0.0	0.0	0.0	0.0
GSM4138114_HNSCC_3_PBMC_GGGAGATCAATTCCTT	69.3827840057805	0.0	36.7650222239696	45.462784854719466	45.10400042795421	46.53602938642408	0.0	0.0	0.0	0.0	0.0	0.0	0.0	0.0	0.0	67.81766865083696	0.0	0.0	0.0	69.81206803670852	0.0	0.0	17.357478829433465	0.0	0.0	0.0	0.0	0.0	0.0	0.0
GSM4138114_HNSCC_3_PBMC_GTGAAGGAGAAGGTGA	104.96645356999248	26.892217171035796	0.0	86.98130424120161	0.0	43.77937136849978	0.0	0.0	0.0	0.0	137.49049869324583	0.0	0.0	0.0	0.0	98.15418061877676	0.0	0.0	0.0	0.0	0.0	0.0	0.0	0.0	0.0	0.0	0.0	0.0	0.0	0.0
GSM4138114_HNSCC_3_PBMC_TACCTATTCGAGAGCA	71.03939920235567	51.63893610529965	51.70979763464612	0.0	0.0	0.0	0.0	0.0	0.0	1.7576149071972251	0.0	27.5453134303291	97.69079405793842	24.515414154441736	0.0	0.0	0.0	0.0	20.876874713879413	0.0	0.0	0.0	0.0	0.0	0.0	0.0	0.0	0.0	0.0	0.0
GSM4138114_HNSCC_3_PBMC_TAGCCGGGTTGATTCG	0.0	60.88341000029475	84.69409570247196	0.0	0.0	11.078192632023272	0.0	0.0	0.0	0.0	3.195574275775522	0.0	0.0	73.27573417460937	0.0	50.66935599077662	0.0	91.21096192159261	0.0	0.0	0.0	0.0	0.0	0.0	0.0	0.0	43.6731846233316	0.0	0.0	18.00118131833385
GSM4138114_HNSCC_3_PBMC_TCTTTCCTCGCCGTGA	0.0	0.0	72.59930671960603	0.0	0.0	93.71739305387287	151.22937280485294	148.69390776662465	0.0	0.0	0.0	0.0	1.393590253628673	0.0	21.005091636716088	0.0	0.0	0.0	14.165375944011425	0.0	0.0	0.0	0.0	0.0	0.0	23.304388264224777	0.0	0.0	0.0	0.0
GSM4138114_HNSCC_3_PBMC_TGTGGTAGTTGCCTCT	131.9306715183662	0.0	0.0	172.4531660733956	0.0	93.95217865441033	0.0	0.0	0.0	0.0	0.0	0.0	0.0	0.0	84.64221222024217	0.0	0.0	0.0	0.0	0.0	0.0	0.0	0.0	0.0	0.0	0.0	0.0	128.66024054158294	0.0	0.0
GSM4138114_HNSCC_3_PBMC_ATTATCCTCCTCCTAG	148.06843271194032	127.75259317514188	0.0	0.0	0.0	0.0	0.0	0.0	0.0	0.0	0.0	256.99762478565265	200.70373931277408	0.0	0.0	0.0	0.0	0.0	0.0	0.0	0.0	192.9199735019598	0.0	0.0	0.0	0.0	0.0	0.0	0.0	0.0
GSM4138114_HNSCC_3_PBMC_CGAGAAGAGCTACCTA	201.19247918162978	57.021708154123495	159.0631243938164	1.1494485821926475	0.0	0.0	0.0	0.0	0.0	0.0	6.8739690344807585	0.0	0.0	0.0	150.68759429861333	0.0	0.0	0.0	0.0	239.03008007777672	0.0	0.0	0.0	0.0	0.0	0.0	0.0	0.0	0.0	0.0
GSM4138114_HNSCC_3_PBMC_GACTACACACCGCTAG	182.6106067177454	118.93120590730835	113.4360513296226	0.0	84.59190363824497	10.88928178773837	0.0	0.0	19.806211714951807	10.336745555667857	0.0	0.0	0.0	0.0	0.0	0.0	84.08988470191038	0.0	0.0	0.0	0.0	0.0	0.0	0.0	0.0	0.0	0.0	0.0	0.0	0.0
GSM4138114_HNSCC_3_PBMC_GGCTCGAGTCTGATCA	0.0	58.627948774011024	0.0	0.0	0.0	0.0	137.4973611700784	0.0	0.0	0.0	125.46917252487972	0.0	0.0	0.2670738206983502	0.0	0.0	83.13803932004659	0.0	0.0	0.0	0.0	0.0	194.99353160778915	0.0	0.0	0.0	0.0	0.0	0.0	0.0
GSM4138114_HNSCC_3_PBMC_TCAGATGTCAGTTTGG	0.0	0.0	87.58884882062831	0.0	0.0	73.15773476773505	121.06657672777557	0.0	0.0	0.0	0.0	135.96821378215327	144.6564762827555	0.0	0.0	0.0	0.0	0.0	0.0	0.0	12.559734961622473	0.0	0.0	0.0	0.0	0.0	0.0	0.0	0.0	0.0
GSM4138114_HNSCC_3_PBMC_TCGAGGCAGAACAATC	263.2605267358534	166.19305047981285	75.35692021050487	0.0	300.80723039494217	0.0	0.0	0.0	0.0	0.0	0.0	0.0	0.0	0.0	222.30116113876446	0.0	0.0	0.0	0.0	0.0	174.06260229214084	0.0	0.0	0.0	0.0	0.0	0.0	0.0	0.0	0.0
GSM4138114_HNSCC_3_PBMC_TGGGCGTGTCATTAGC	90.18999035910547	95.88320354312366	5.047923359918663	0.0	0.0	0.0	0.0	0.0	0.0	0.0	105.98021943224674	0.0	0.0	0.0	0.0	0.0	0.0	0.0	38.13511294121953	0.0	0.0	0.0	0.0	0.0	0.0	80.12185958301818	0.0	0.0	0.0	0.0
GSM4138114_HNSCC_3_PBMC_TTCCCAGAGGACAGCT	128.31250787022526	0.0	125.82189551339921	0.0	0.0	58.14698408131075	0.0	0.0	112.63546670473464	107.74317236955834	0.0	0.0	0.0	0.0	0.0	0.0	0.0	0.0	0.0	0.0	0.0	0.0	0.0	0.0	0.0	0.0	0.0	0.0	0.0	0.0
GSM4138114_HNSCC_3_PBMC_ACACCAACATGCATGT	95.06793519175835	51.87545529122222	106.26891274025384	0.0	89.13299719007551	34.709315258209976	0.0	0.0	0.0	0.0	0.0	40.79713456958183	114.59721187887936	0.0	0.0	0.0	0.0	0.0	0.0	0.0	21.825463167192876	0.0	0.0	0.0	0.0	0.0	0.0	0.0	0.0	0.0
GSM4138114_HNSCC_3_PBMC_ACGATACGTGTGGTTT	576.8979330078745	0.0	134.41857989186286	0.0	0.0	143.25662783891966	0.0	0.0	0.0	0.0	0.0	205.45581078481197	0.0	0.0	0.0	0.0	0.0	0.0	0.0	0.0	0.0	0.0	0.0	200.20956790860117	0.0	0.0	0.0	0.0	0.0	0.0
GSM4138114_HNSCC_3_PBMC_AGAATAGTCACCATAG	206.3555832588483	184.06814065065905	44.25013536795831	12.32110156896422	0.0	0.0	0.0	0.0	0.0	0.0	125.4380574896827	0.0	0.0	0.0	0.0	94.4186437502251	0.0	0.0	0.0	0.0	0.0	0.0	0.0	0.0	0.0	0.0	0.0	0.0	0.0	0.0
GSM4138114_HNSCC_3_PBMC_AGCCTAATCCTGCCAT	78.01488231032388	51.37347219196425	48.370697253878035	0.0	0.7607000128109638	0.0	0.0	0.0	0.0	54.0997802475508	0.0	0.0	25.20258682132262	0.0	0.0	0.0	0.0	0.0	0.0	0.0	0.0	0.0	0.0	33.99287006191337	0.0	0.0	2.216695329624	0.0	0.0	0.0
GSM4138114_HNSCC_3_PBMC_CAACCAAGTTGAGGTG	94.97277732868369	0.0	110.0044040650296	0.0	0.0	63.601983172833336	0.0	82.97298918319713	0.0	0.0	0.0	0.0	15.059441077443964	0.0	0.0	0.0	0.0	0.0	0.0	0.0	0.0	0.0	0.0	7.536507307407436	5.50713621270448	0.0	7.256228354652871	0.0	0.0	0.0
GSM4138114_HNSCC_3_PBMC_CACACAACATGCCTAA	175.82291394806361	27.023546959882584	202.4696704302529	0.0	0.0	76.30948318358585	0.0	0.0	0.0	71.97641577374894	0.0	70.44707112803079	111.21723340943215	0.0	0.0	0.0	0.0	0.0	0.0	0.0	0.0	0.0	0.0	0.0	0.0	0.0	0.0	0.0	0.0	0.0
GSM4138114_HNSCC_3_PBMC_CCACTACAGGTGCTAG	148.43441997976024	63.71945986236644	15.415245739561701	24.674115055439167	0.0	0.0	0.0	0.0	0.0	0.0	0.0	0.0	0.0	91.98092994424294	0.0	69.66924921363689	0.0	0.0	0.0	0.0	0.0	0.0	25.04244844479008	0.0	0.0	0.0	0.0	0.0	0.0	0.0
GSM4138114_HNSCC_3_PBMC_CGTCACTCAGATTGCT	231.18276843366357	192.47559897615704	173.4207856610069	0.0	13.550723401729819	0.0	0.0	0.0	219.0077257547128	82.81542626805566	0.0	55.761474691857664	0.0	0.0	0.0	0.0	0.0	0.0	0.0	0.0	0.0	0.0	0.0	0.0	0.0	0.0	0.0	0.0	0.0	0.0
GSM4138114_HNSCC_3_PBMC_CTCGGGAGTCTAGCGC	448.8422708544718	40.561879241839215	172.4518952656192	0.0	0.0	74.7003812378139	0.0	37.670284841424696	175.72144054951593	131.7727895884115	0.0	0.0	0.0	0.0	0.0	0.0	0.0	0.0	0.0	0.0	0.0	0.0	0.0	0.0	0.0	0.0	0.0	0.0	0.0	0.0
GSM4138114_HNSCC_3_PBMC_GACCTGGCAGTCACTA	148.08028775689223	84.99644857313014	48.194747745139395	0.0	0.0	0.0	0.0	0.0	83.6330749145187	43.80719070556329	0.0	112.71919975172416	0.0	0.0	0.0	0.0	0.0	0.0	0.0	0.0	31.111208740284454	18.95873796568636	37.00115605519416	0.0	0.0	0.0	0.0	0.0	0.0	0.0
GSM4138114_HNSCC_3_PBMC_GCTCTGTAGTCAAGCG	197.94644778073	77.65724877640768	0.0	199.860608850176	126.17940554110909	34.616780076548196	0.0	0.0	0.0	0.0	0.0	0.0	0.0	0.0	107.07891590146511	0.0	0.0	0.0	0.0	0.0	0.0	0.0	0.0	0.0	0.0	0.0	0.0	0.0	0.0	0.0
GSM4138114_HNSCC_3_PBMC_GGAACTTAGAGAGCTC	225.86746723689944	72.42139591202155	161.6580117852102	0.0	0.0	35.30320604880775	0.0	0.0	0.0	92.35271560649501	0.0	68.72807427391689	178.70342394734314	0.0	0.0	0.0	0.0	0.0	0.0	0.0	0.0	0.0	0.0	0.0	0.0	0.0	0.0	0.0	0.0	0.0
GSM4138114_HNSCC_3_PBMC_GGCGACTGTTCCACTC	235.49040862911767	92.02588378150955	0.0	79.78397385965188	0.0	0.0	0.0	0.0	0.0	135.1991762110891	0.0	0.0	0.0	0.0	0.0	0.0	0.0	88.09795495873321	0.0	0.0	0.0	0.0	0.0	0.0	69.25357810006214	0.0	0.0	0.0	0.0	0.0
GSM4138114_HNSCC_3_PBMC_GTTTCTACACACAGAG	185.31190525711958	391.37339047770433	0.0	0.0	0.0	0.0	0.0	0.0	0.0	0.0	235.53027957921373	0.0	0.0	0.0	28.477232022871696	0.0	157.90409433683826	0.0	194.24080336256372	0.0	0.0	0.0	0.0	0.0	0.0	0.0	0.0	0.0	0.0	0.0
GSM4138114_HNSCC_3_PBMC_TGCGTGGCAGTCGATT	207.70358216436108	12.008931400797131	0.0	158.6508195272149	0.0	115.01460443127492	0.0	0.0	0.0	0.0	0.0	0.0	0.0	186.9209086133316	96.16527104626242	0.0	0.0	0.0	0.0	0.0	0.0	0.0	0.0	0.0	0.0	0.0	0.0	0.0	0.0	0.0
GSM4138114_HNSCC_3_PBMC_TTATGCTGTTACGACT	197.07329253561645	97.65055381646236	115.26030647669485	0.0	0.0	53.12408440460401	0.0	0.0	0.0	0.0	119.5154533317269	0.0	0.0	0.0	29.20401880969999	0.0	0.0	0.0	0.0	0.0	0.0	0.0	0.0	0.0	0.0	56.648360598453664	0.0	0.0	0.0	0.0
GSM4138114_HNSCC_3_PBMC_AAAGCAATCCCGACTT	199.65859217241788	0.0	0.0	263.0401105101327	198.33065377213336	102.21100976606446	0.0	0.0	62.36843482360329	0.0	0.0	0.0	0.0	0.0	0.0	79.35847514899504	0.0	0.0	0.0	0.0	0.0	0.0	0.0	0.0	0.0	0.0	0.0	58.31298691006228	0.0	0.0
GSM4138114_HNSCC_3_PBMC_AAAGTAGGTTCAGACT	175.71935122763253	0.0	0.0	214.88169065595883	0.0	113.21137249813619	0.0	0.0	176.2835373401478	0.0	0.0	0.0	0.0	0.0	0.0	0.0	0.0	0.0	0.0	263.88872777200237	0.0	0.0	0.0	0.0	0.0	0.0	0.0	0.0	0.0	0.0
GSM4138114_HNSCC_3_PBMC_ACGTCAAAGAGCTGGT	237.94202871161093	0.0	0.0	0.0	0.0	157.5795749379038	0.0	24.33924519325207	0.0	178.317977408848	0.0	19.226940700927557	168.86208285003892	0.0	0.0	0.0	0.0	0.0	0.0	0.0	333.23097541961397	0.0	0.0	0.0	0.0	0.0	0.0	0.0	0.0	15.982794242998834
GSM4138114_HNSCC_3_PBMC_ACTTGTTAGCAGATCG	132.5647740969722	0.0	0.0	0.0	0.0	127.2734898566727	0.0	7.337681442439593	0.0	0.0	0.0	0.0	0.0	0.0	0.0	0.0	129.252508494532	0.0	0.0	190.52561428565957	249.08825939881302	0.0	0.0	0.0	0.0	0.0	0.0	0.0	0.0	0.0
GSM4138114_HNSCC_3_PBMC_AGCTCCTGTCTGCAAT	189.46262083748826	0.0	394.8278871181413	0.0	0.0	160.32349613017323	0.0	0.0	62.02705743482214	0.0	240.16806120656443	0.0	0.0	0.0	0.0	0.0	87.51704511500517	0.0	0.0	0.0	0.0	0.0	0.0	0.0	0.0	0.0	0.0	0.0	0.0	0.0
GSM4138114_HNSCC_3_PBMC_ATCTGCCTCTCCGGTT	240.4729887956598	191.63499963501104	0.0	262.11462291729487	0.0	0.0	0.0	0.0	0.0	0.0	5.254207744810841	0.0	0.0	305.3397191865065	0.0	251.24395147211618	7.17537685356358	0.0	52.255549607389526	0.0	0.0	0.0	0.0	0.0	0.0	0.0	0.0	0.0	0.0	0.0
GSM4138114_HNSCC_3_PBMC_CACAAACGTCTCTTAT	172.94270977923387	201.1979839131626	0.0	203.8055719915259	62.85294101724377	8.17313108766677	0.0	0.0	0.0	50.467590227174576	0.0	0.0	0.0	159.59495055920368	186.66023785819394	0.0	0.0	11.941229467246728	0.0	0.0	0.0	0.0	117.12751680470188	0.0	0.0	0.0	0.0	0.0	0.0	0.0
GSM4138114_HNSCC_3_PBMC_CATCAAGCACAGATTC	166.64623310594075	181.37546416271695	296.9111107571796	0.0	0.0	3.8541126558933376	0.0	0.0	74.42081409306678	0.0	0.0	145.1380992203732	0.0	0.0	0.0	0.0	0.0	0.0	0.0	0.0	0.0	0.0	0.0	0.0	30.580622785974548	0.0	28.028611274085577	0.0	0.0	152.87770318571464
GSM4138114_HNSCC_3_PBMC_CGTCCATGTAATCACC	137.4107092540532	0.0	0.0	247.516356994832	0.0	181.14966883387856	0.0	133.71093892350245	0.0	0.0	16.453222316500522	0.0	0.0	78.95825677963316	0.0	0.0	0.0	0.0	0.0	0.0	0.0	0.0	0.0	52.734186433726414	0.0	0.0	111.16973139825873	0.0	25.30062419176333	5.8171015999086315e-05
GSM4138114_HNSCC_3_PBMC_CGTTCTGGTCCGAGTC	129.73563311324614	0.0	0.0	0.0	0.0	195.140647439978	0.0	0.0	139.684440049481	0.0	0.0	0.0	0.0	0.0	0.0	0.0	0.0	0.0	304.74838939499756	238.40392697301914	0.0	0.0	0.0	0.0	0.0	0.0	0.0	0.0	0.0	0.0
GSM4138114_HNSCC_3_PBMC_CTACGTCAGAGGACGG	86.82025109559045	95.3362442910921	335.5247916491098	0.0	159.1567242628149	0.0	24.943100813243703	0.0	0.0	0.0	0.0	16.94578926078132	0.0	0.0	149.84615752963103	7.111602659931711	0.0	0.0	0.0	0.0	0.0	0.0	0.0	0.0	0.0	0.0	0.0	0.0	0.0	0.0
GSM4138114_HNSCC_3_PBMC_GACGCGTGTTCCGGCA	133.62314539201338	91.7418708744933	126.21210154120668	0.0	0.0	62.96999780796434	0.0	0.0	0.0	0.0	257.22156960799026	0.0	55.432601942260064	0.0	0.0	70.82144252374326	0.6658393034722772	0.0	54.86124520859704	0.0	0.0	0.0	0.0	0.0	0.0	0.0	0.3324973812388143	0.0	0.0	0.0
GSM4138114_HNSCC_3_PBMC_GGCCGATCATGTAAGA	207.4715985523055	0.0	311.586648844533	0.0	0.0	141.33355852221558	0.0	15.674307460729032	29.170603984588563	0.0	114.13276234353164	0.0	0.0	0.0	0.0	0.0	0.0	0.0	0.0	0.0	0.0	0.0	0.0	0.0	0.0	0.0	129.77344005170335	57.88499529981451	0.0	0.0
GSM4138114_HNSCC_3_PBMC_GTATTCTTCTGTGCAA	109.3343382910017	0.0	0.0	0.0	13.548218105510074	200.30798762153591	33.626779469813	0.0	0.0	0.0	71.16579187705835	0.0	0.0	43.24342515668238	248.92790027583243	0.0	0.0	0.0	0.0	0.0	269.592138527725	0.0	0.0	0.0	0.0	0.0	0.0	150.45832969766147	0.0	0.0
GSM4138114_HNSCC_3_PBMC_GTCAAGTAGTGCTGCC	218.07074787416892	106.27084791338243	0.0	0.0	0.0	0.0	0.0	0.0	0.0	0.0	0.0	0.0	0.0	0.0	0.0	229.30261663903946	0.0	0.0	125.71522799163245	262.62517082012766	26.87417083261082	0.0	0.0	0.0	0.0	0.0	0.0	0.0	0.0	0.0
GSM4138114_HNSCC_3_PBMC_GTCTCGTAGGCTAGAC	214.8379521370222	170.66490287280084	220.23941275177177	0.0	0.0	2.325239942830569	0.0	0.0	191.54293030113584	0.0	0.0	181.62934181491832	0.0	0.0	0.0	0.0	0.0	0.0	0.0	0.0	0.0	0.0	0.0	0.0	0.0	0.0	0.0	0.0	0.0	0.0
GSM4138114_HNSCC_3_PBMC_TCTGGAAAGTGGTAAT	140.4610299512301	128.10660536375008	0.0	0.0	203.90062286458925	0.0	0.0	0.0	0.0	0.0	0.0	0.0	0.0	0.0	144.6131512367302	0.0	0.0	0.0	0.0	0.0	0.0	206.1398089201609	0.0	0.0	0.0	0.0	0.0	0.0	0.0	0.0
GSM4138114_HNSCC_3_PBMC_TGGCCAGGTCCAAGTT	171.10671238353257	70.05725834026589	9.478858705072724	40.093006194856116	192.84501643658982	48.66399507704848	0.0	0.0	66.73275376845444	0.0	26.198221854063775	3.766562811346565	0.0	0.0	108.70053959149601	0.0	0.0	0.0	0.0	0.0	0.0	49.519533587815054	68.96938015723336	0.0	0.0	0.0	0.0	0.0	0.0	0.0
GSM4138114_HNSCC_3_PBMC_AACTGGTGTGTGGCTC	36.08037271164812	207.43531526335417	512.4970108079814	0.0	0.0	0.0	134.85931867122966	126.6686914327896	0.0	127.42415971798887	0.0	57.77342634466377	226.0959504086473	0.0	0.0	0.0	0.0	89.30551280697325	0.0	0.0	0.0	0.0	0.0	0.0	0.0	81.87757926880612	0.0	0.0	0.0	37.3760876604337
GSM4138114_HNSCC_3_PBMC_AAGACCTAGTTTGCGT	185.8831426519293	207.92822780711106	221.33731582821562	37.081787368956164	26.35443641734041	0.0	0.0	0.0	0.0	0.0	0.0	0.0	13.725738032897482	0.0	13.207041833066224	0.0	205.3699260805274	0.0	0.0	0.0	62.502174023713614	0.0	0.0	50.17578368387586	0.0	0.0	0.0	291.3354278155301	0.0	0.0
GSM4138114_HNSCC_3_PBMC_ACATCAGAGTGTCCAT	0.0	0.0	0.0	3033.214004432154	0.0	0.0	0.0	0.0	0.0	0.0	0.0	0.0	0.0	0.0	0.0	0.0	0.0	0.0	0.0	0.0	0.0	0.0	93.10162500482802	0.0	0.0	0.0	0.0	0.0	0.0	0.0
GSM4138114_HNSCC_3_PBMC_ACGGCCACATGGTCTA	136.47088442303644	142.58725883952528	298.28907786271554	0.0	215.41680745525642	0.0	0.0	0.0	307.2411790712241	50.18990572994711	0.0	0.0	0.0	0.0	0.0	0.0	0.0	62.27345329378057	0.0	0.0	0.0	0.0	0.0	0.0	0.0	0.0	0.0	0.0	0.0	0.0
GSM4138114_HNSCC_3_PBMC_ACTTGTTGTTGTGGAG	119.09373217892158	9.507353933773807	0.0	103.86793414296346	0.0	59.22323172819699	0.0	0.0	125.63480861169046	0.0	0.0	0.0	0.0	371.6740684070849	0.0	0.0	0.0	0.0	22.48121428100126	0.0	0.0	0.0	0.0	0.0	0.0	0.0	197.1397279200529	0.0	0.0	0.0
GSM4138114_HNSCC_3_PBMC_AGCGTATCAGCTCGCA	0.0	0.0	0.0	0.0	0.0	0.0	0.0	3537.256749765953	0.0	0.0	264.7956142478681	0.0	0.0	170.15597006138125	0.0	0.0	0.0	0.0	0.0	0.0	0.0	0.0	0.0	0.0	0.0	0.0	0.0	479.99649749208334	0.0	0.0
GSM4138114_HNSCC_3_PBMC_CCATTCGAGACAGGCT	205.5736878812007	0.0	3.051861153511594	250.28077797307287	0.0	153.08204030806633	0.0	109.05029244460773	0.0	0.0	0.0	0.0	94.13354093700137	0.0	232.686671819255	0.0	0.0	0.0	74.51704455229549	271.01568911675025	0.0	0.0	0.0	0.0	0.0	0.0	0.0	10.237901378852483	0.0	0.0
GSM4138114_HNSCC_3_PBMC_CCTTCGATCTCGCTTG	161.45393499247533	107.24424294046815	205.68326663121593	162.87202076379495	262.85471304515517	10.219617489489409	0.0	16.38631146824833	0.0	0.0	0.0	0.0	0.0	0.0	284.6292680600155	0.0	0.0	0.0	0.0	0.0	0.0	0.0	0.0	0.0	0.0	0.0	0.0	70.8397531753579	0.0	0.0
GSM4138114_HNSCC_3_PBMC_CGCGTTTAGACTAGGC	237.3674629112097	201.60042091644934	6.430293217753784	489.2967869516211	388.2120246869667	0.0	0.0	0.0	93.64858936411495	0.0	0.0	0.0	28.010781320365474	0.0	21.347624319091157	141.10319377989498	88.84440769253214	0.0	0.0	29.024752806597583	0.0	0.0	0.0	0.0	0.0	0.0	0.0	0.0	0.0	0.0
GSM4138114_HNSCC_3_PBMC_CTACATTTCTTTACGT	123.0586490652673	148.93470837865928	325.2162977650758	86.05156305838139	387.4073105439888	0.0	0.0	0.0	0.0	0.0	0.0	0.0	171.6001439736112	0.0	82.04359124903633	0.0	0.0	0.0	0.0	0.0	0.0	0.0	0.0	0.0	0.0	87.26221329391414	0.0	0.0	0.0	0.0
GSM4138114_HNSCC_3_PBMC_CTAGCCTAGACCGGAT	168.70939344833718	136.87479896698494	309.99616769655415	0.0	348.9676697389763	0.0	0.0	0.0	0.0	0.0	0.0	0.0	0.0	0.0	0.0	0.0	0.0	0.0	0.0	0.0	0.0	0.0	0.0	0.0	0.0	269.79845740716553	0.0	0.0	0.0	0.0
GSM4138114_HNSCC_3_PBMC_GACGTTAGTACCATCA	241.02701258802165	110.89641426076896	110.43216962289632	0.0	282.9711245473279	92.67214399631592	0.0	0.0	0.0	0.0	0.0	0.0	0.0	0.0	0.0	0.0	259.6898435174394	0.0	0.0	0.0	160.28632817896826	153.7119465150037	0.0	133.4800616941519	0.0	0.0	0.0	202.96704312862107	0.0	0.0
GSM4138114_HNSCC_3_PBMC_GCGCAGTCAACTGGCC	217.54496744377528	123.30349810006017	323.01381048032016	0.0	277.90552863676965	15.943502397523801	0.0	0.0	0.0	0.0	0.0	0.0	0.0	0.0	0.0	395.1203877909482	0.0	0.0	0.0	132.8590532636846	48.32078679729824	0.0	0.0	0.0	0.0	0.0	0.0	0.0	0.0	0.0
GSM4138114_HNSCC_3_PBMC_GCTCTGTCACACTGCG	229.60438495398648	177.36952350751426	321.4652685812901	0.0	241.98153867851786	0.0	0.0	0.0	0.0	0.0	0.0	0.0	189.02197054918673	0.0	262.24328988810765	0.0	0.0	0.0	0.0	79.57592682926673	0.0	0.0	0.0	0.0	0.0	0.0	0.0	0.0	0.0	0.0
GSM4138114_HNSCC_3_PBMC_GCTGCAGTCCGGCACA	0.0	110.76483016783884	0.0	320.2838523757358	0.0	0.0	259.32569144425736	0.0	0.0	0.0	0.0	372.05710659457674	0.0	0.0	0.0	43.11165912842149	0.0	0.0	0.0	0.0	0.0	0.0	0.0	0.0	0.0	0.0	270.9494642508647	0.0	0.0	0.0
GSM4138114_HNSCC_3_PBMC_GTAGTCACACAAGCCC	153.74804714438355	0.0	0.0	224.25270749829932	331.61118628766815	177.70022817341518	0.0	0.0	0.0	0.0	0.0	0.0	0.0	0.0	150.52344203031015	0.0	28.387633859396452	0.0	0.0	0.0	0.0	0.0	0.0	15.867379354036268	0.0	0.0	0.0	0.0	77.13770360449071	0.0
GSM4138114_HNSCC_3_PBMC_GTCAAGTAGGCGTACA	62.28431342547052	71.64116616166008	0.0	164.58070194199928	0.0	0.0	0.0	0.0	0.0	0.0	0.0	0.0	0.0	135.22069231260684	0.0	80.50083463746459	0.0	0.0	0.0	0.0	0.0	0.0	0.0	0.0	0.0	0.0	0.0	0.0	0.0	0.0
GSM4138114_HNSCC_3_PBMC_TACGGATAGATCGATA	196.023671043236	179.78474430123896	0.0	233.71839672926924	0.0	0.0	0.0	221.87903265258478	0.0	16.834542213326948	0.0	113.32388856090444	0.0	0.0	285.1678490228146	0.0	0.0	0.0	0.0	0.0	0.0	0.0	70.00754094412564	0.0	0.0	0.0	0.0	0.0	0.0	0.0
GSM4138114_HNSCC_3_PBMC_TCAACGATCTGGGCCA	232.92523258881263	40.17741481977032	289.4750087534282	165.40630310056937	93.9787963473218	119.62396744741267	0.0	66.5765987901427	0.0	0.0	0.0	0.0	250.09507036478826	0.0	147.47549427173672	0.0	0.0	0.0	0.0	0.0	2.220323178414202	0.0	0.0	0.0	0.0	0.0	0.0	217.96558576448388	0.0	0.0
GSM4138114_HNSCC_3_PBMC_TGGGCGTGTTAGTGGG	211.24102994082656	132.02782089591585	0.24956934580719917	201.90935793538867	0.0	0.0	0.0	289.4423272640349	0.0	24.843545356687326	0.0	0.0	0.0	0.0	254.64492996802028	0.0	0.0	0.0	14.415350729634735	0.0	118.09642171032813	0.0	27.92832696038277	0.0	0.0	0.0	60.33709558332096	0.0	0.0	0.0
GSM4138114_HNSCC_3_PBMC_TTGGAACCAGTCACTA	175.17266732022202	3.500780839848265	366.1523355396683	0.0	20.583029764919768	167.79591913933072	0.0	270.0453602110542	0.0	59.599370659185475	0.0	0.0	0.0	0.0	266.5952093432667	1.0369205549646336	0.0	0.0	0.0	0.0	0.0	0.0	0.0	0.0	0.0	0.0	0.0	0.0	0.0	0.07482505843392126
GSM4138114_HNSCC_3_PBMC_ACTGTCCCAGCGATCC	110.5264903163715	83.23177134068538	0.0	0.0	0.0	54.63275071608255	0.0	379.16315671095543	0.0	0.0	0.0	0.0	246.41292314258106	0.0	0.0	0.0	0.0	0.0	186.5757047349654	0.0	0.0	0.0	0.0	0.0	0.0	0.0	0.0	0.0	0.0	0.0
GSM4138114_HNSCC_3_PBMC_AGATTGCGTCATACTG	0.0	0.0	0.0	0.0	0.0	53.36230283198575	117.1742072154177	0.0	0.0	0.0	246.5886860210414	0.0	92.98163872555462	0.0	0.0	75.60445437423274	0.0	0.0	0.0	0.0	0.0	127.86839148081943	0.0	0.0	0.0	0.0	0.0	0.0	0.0	0.0
GSM4138114_HNSCC_3_PBMC_CACACAAGTGAACCTT	114.4410474329109	0.0	1.8139404902866185	166.97767195576407	0.0	138.40090727285659	0.0	0.0	156.13186417721826	0.0	0.0	56.098008577068484	0.0	0.0	0.0	0.0	0.0	0.0	24.485131228194437	0.0	0.0	77.38929293901518	0.0	0.0	0.0	0.0	0.0	0.0	0.0	143.40490991133973
GSM4138114_HNSCC_3_PBMC_GCGCAACCATCTGGTA	94.5676899752769	152.35462761797842	9.110331478119052	0.0	0.0	0.0	0.0	151.19469032377228	0.0	84.7655616238485	0.0	0.0	0.0	0.0	0.0	0.0	0.0	0.0	162.95046129650814	0.0	0.0	0.0	0.0	0.0	0.0	0.0	126.09256769408344	0.0	31.895442560552272	0.0
GSM4138114_HNSCC_3_PBMC_TACGGATGTCTCATCC	124.57379215633291	0.0	256.27094790222463	0.0	0.0	109.95561302908862	0.0	0.0	0.0	161.0904104846448	0.0	0.0	0.0	0.0	0.0	218.35571388491152	0.0	0.0	0.0	0.0	0.0	0.0	0.0	0.0	0.0	0.0	0.0	0.0	0.0	0.0
GSM4138114_HNSCC_3_PBMC_TAGAGCTTCGGAATCT	77.35971675100068	107.09343862496577	0.0	46.629830098380154	0.0	10.25929401316154	35.183665517909226	77.51654730877748	0.0	0.0	71.0777634048088	0.0	210.32458350118748	0.0	0.0	0.0	0.0	0.0	0.0	0.0	0.0	147.4595061603537	0.0	0.0	0.0	0.0	0.0	0.0	0.0	0.0
GSM4138114_HNSCC_3_PBMC_TTGGAACGTACACCGC	109.55185259558694	168.35899048957663	0.0	0.0	0.0	0.0	0.0	0.0	0.0	0.0	0.0	0.0	0.0	311.8244942946546	0.0	0.0	26.057181804980296	0.0	0.0	0.0	0.0	223.79484771678514	0.0	0.0	198.9661181368602	0.0	0.0	0.0	0.0	0.0
GSM4138114_HNSCC_3_PBMC_GCAGCCACACCACGTG	111.20783387850139	71.08505848094484	101.89910974144956	0.0	0.0	0.0	0.0	0.0	0.0	0.0	0.0	0.0	46.562371482376264	131.39669503886378	0.0	0.0	0.0	0.0	0.0	0.0	0.0	0.0	0.0	0.0	0.0	0.0	56.97200931670992	0.0	0.0	0.0
GSM4138114_HNSCC_3_PBMC_TAGTTGGTCGAGAGCA	143.4038240768628	66.58381240364726	78.379776342907	52.63787741799299	0.0	13.655536691777211	0.0	132.0096485994447	0.0	0.0	0.0	0.0	0.0	0.0	0.0	0.0	65.43667797999494	0.0	0.0	0.0	0.0	0.0	0.0	6.557087223999295	0.0	0.0	0.0	0.0	0.0	0.0
GSM4138114_HNSCC_3_PBMC_GGACAAGGTTACGACT	0.0	120.87140449494146	0.0	96.1828620544159	74.89301825491654	0.0	157.08742564447917	0.0	83.04668678064799	13.874140060510735	0.0	43.72492734891951	0.0	0.0	0.0	0.0	0.0	0.0	0.0	0.0	0.0	0.0	0.0	0.0	0.0	0.0	0.0	0.0	0.0	0.0
GSM4138114_HNSCC_3_PBMC_AGCTTGACATAACCTG	0.0	0.0	0.0	0.0	0.0	0.0	0.0	0.0	0.0	0.0	0.0	0.0	3.3197208784696044	0.0	0.0	0.0	25.318760788225774	0.0	0.0	0.0	0.0	0.0	0.0	4292.125711101177	69.06556473819268	0.0	2.153857202349885	0.0	4.138734883782262	0.0
