	1	2	3	4	5	6	7	8	9
GSM4138114_HNSCC_3_PBMC_AAACGGGTCTAGAGTC	379.9894651037538	73.63847773461158	22.681585583030664	0.0	39.717947924887376	44.40106820628409	0.0	0.0	0.0
GSM4138114_HNSCC_3_PBMC_AAAGATGCACTACAGT	284.1644602386305	35.48741608012773	41.50004600708937	66.56671067690502	0.0	43.20419870602744	0.0	22.444372830290508	0.0
GSM4138114_HNSCC_3_PBMC_AAATGCCTCTCCAGGG	454.4529491398091	56.90829142167197	105.46364704176534	0.0	74.59601829792777	0.0	71.75102295455363	0.0	0.0
GSM4138114_HNSCC_3_PBMC_AACACGTAGAGTGAGA	376.748493797865	11.513087197907979	116.23435999424838	0.0	76.25067445184555	0.0	56.48808028792545	0.0	0.0
GSM4138114_HNSCC_3_PBMC_AAGGCAGGTTTAAGCC	361.4907531357975	48.01148766314085	43.429432903310456	60.73353650798915	0.0	37.79793469741253	0.0	0.0	0.0
GSM4138114_HNSCC_3_PBMC_ACACCAAGTATAAACG	327.7064718217623	30.5606621175311	49.42020349329859	0.0	25.357127616248775	57.490239201259975	0.0	44.84502682908729	0.0
GSM4138114_HNSCC_3_PBMC_ACATACGTCCACTCCA	179.53783637135092	30.767683003947592	103.49458859554034	26.600881402019272	0.0	44.30866241427359	0.0	0.0	0.0
GSM4138114_HNSCC_3_PBMC_ACTATCTAGGAGTTTA	339.38259858635286	93.83363468861376	179.81104501276764	0.0	168.42333503412885	0.6129668857914814	0.0	0.0	0.0
GSM4138114_HNSCC_3_PBMC_ACTGAACTCACCTTAT	379.80705455574946	48.662398607384475	51.128876878908876	88.38400162362593	0.0	39.209576808186476	0.0	0.0	0.0
GSM4138114_HNSCC_3_PBMC_ACTTTCACAGCTGTTA	286.4142534634451	56.41914168671614	0.0	81.84924048769103	0.0	18.41855161350224	0.0	59.47026802140714	0.0
GSM4138114_HNSCC_3_PBMC_AGCTCTCAGGTGATAT	395.69051027194377	34.37307385451878	19.943189726009383	89.68286668846504	6.000392262947898	0.0	54.57030801117597	0.0	0.0
GSM4138114_HNSCC_3_PBMC_AGCTCTCCAGCCTGTG	298.58623925826936	33.203386625506646	6.299095259991541	77.06242571116519	0.0	0.0	0.0	0.0	0.0
GSM4138114_HNSCC_3_PBMC_AGTCTTTCAAAGGTGC	203.9314507413959	75.32746417156754	0.0	0.0	110.56448640714139	2.013234471492453	0.0	151.74444895021333	0.0
GSM4138114_HNSCC_3_PBMC_AGTGAGGGTCAGCTAT	296.80983573989477	104.28277603669963	166.97293944369804	49.54433926804084	0.0	16.434011048230282	0.0	0.0	0.0
GSM4138114_HNSCC_3_PBMC_AGTGGGATCACCACCT	442.2331732725683	49.452342489632045	45.024797612241194	84.94005001936856	0.0	33.33100254282822	0.0	0.0	0.0
GSM4138114_HNSCC_3_PBMC_ATCCACCTCCCTCAGT	250.33293063656762	36.70486541045761	43.40543176789646	48.37973031357748	3.550544256795194	0.0	16.240635839484796	0.0	0.0
GSM4138114_HNSCC_3_PBMC_ATCGAGTGTCTAAACC	451.0937584610411	140.19097660267167	231.54634896356143	0.0	280.65652732757275	36.4764406270126	6.917625967818615	0.0	0.0
GSM4138114_HNSCC_3_PBMC_ATCTACTGTGACGCCT	336.9058168836362	47.15069458588914	39.20838508010113	0.0	55.65311715014177	0.0	80.51898582631115	0.0	0.0
GSM4138114_HNSCC_3_PBMC_CAAGAAAGTGCTTCTC	253.39723927952176	50.83746932332539	33.017180932797864	58.66863245589222	0.0	41.695448107801695	0.0	13.56465804662738	0.0
GSM4138114_HNSCC_3_PBMC_CAAGGCCGTTCCCGAG	333.9208558311611	51.53707702390806	15.299040565468193	69.97075055836413	0.0	13.104110889711198	18.571267613809393	34.024830413973156	0.0
GSM4138114_HNSCC_3_PBMC_CAAGTTGTCAAGAAGT	335.3512924049981	43.58662258424293	18.70103350122195	0.0	41.30801780109044	0.0	77.0530477605283	0.0	0.0
GSM4138114_HNSCC_3_PBMC_CACAAACCAGCTGGCT	273.7243485184192	35.603092043844185	0.0	94.20475810579354	0.0	0.0	47.17488424601718	0.0	0.0
GSM4138114_HNSCC_3_PBMC_CACACAAAGAACAACT	351.62336571847834	44.89779514227692	31.463660327009205	0.0	157.70203673054067	0.0	39.96688064134033	0.0	0.0
GSM4138114_HNSCC_3_PBMC_CACATAGTCCGCAAGC	313.4125083084458	40.53379280433964	94.26949709374385	73.9774683307431	0.0	87.39852850999539	5.13722756417576	0.0	0.0
GSM4138114_HNSCC_3_PBMC_CACCACTAGCAATATG	235.6420577209908	0.0	15.717306522953367	0.0	137.12266653591786	18.429135039559938	0.0	0.0	22.05497596967081
GSM4138114_HNSCC_3_PBMC_CATATTCAGTCCCACG	263.3862965324985	6.953574644115378	63.219460538627715	0.0	91.28348857418554	14.144041509950092	0.0	0.0	0.0
GSM4138114_HNSCC_3_PBMC_CATCAAGGTCGTCTTC	322.37108932475513	0.0	0.0	125.03767552728658	0.0	0.0	7.3974463558621615	21.93977770286592	58.48010220205791
GSM4138114_HNSCC_3_PBMC_CATCAGACATACTACG	675.1541569683181	148.98241114162067	290.47365160758557	0.0	276.3913116252237	0.0	94.11746800953	0.0	0.0
GSM4138114_HNSCC_3_PBMC_CATCGGGTCTTCTGGC	323.9782202748286	40.395679050383315	59.818130947554685	67.31830114043595	0.0	32.20413916755313	0.0	0.0	0.0
GSM4138114_HNSCC_3_PBMC_CCACGGATCAGAGGTG	500.6182826024787	73.74012501021338	11.820272346171505	0.0	121.2160790995345	26.220819992463102	52.235875293111555	0.0	0.0
GSM4138114_HNSCC_3_PBMC_CCTACACTCGACAGCC	258.1051468252356	20.327364337069373	7.231492127468095	0.0	45.21894005626791	0.0	37.27294407929308	0.0	0.0
GSM4138114_HNSCC_3_PBMC_CCTTCCCGTAGCGTCC	238.50606323250577	38.39528355676245	50.793820676190656	52.69558408199863	0.0	27.969852612717805	0.0	0.0	0.0
GSM4138114_HNSCC_3_PBMC_CCTTCCCTCACATACG	338.1129362633408	45.94734318585823	0.0	0.0	55.54781008346058	41.858593447769884	0.0	39.14315439119339	0.0
GSM4138114_HNSCC_3_PBMC_CGAGCCAAGCGCTTAT	303.1801160096596	45.973804809654794	62.29200822235873	119.63948223549959	0.0	11.869704594663816	0.0	0.0	0.0
GSM4138114_HNSCC_3_PBMC_CGAGCCAGTCAAAGAT	438.78388740533444	72.41579074204185	561.0051126658248	0.0	232.04804183502344	35.21965496023067	0.0	0.0	0.0
GSM4138114_HNSCC_3_PBMC_CGCGGTATCATCACCC	463.9336596357741	72.95136183448078	77.7495868558606	66.61451549964401	20.962131681901532	0.0	65.35447365813758	0.0	0.0
GSM4138114_HNSCC_3_PBMC_CGCGTTTTCCCAAGTA	187.9905643119858	25.46083891804221	142.0788568351607	0.0	52.33754573921465	0.0	14.269371645606473	0.0	0.0
GSM4138114_HNSCC_3_PBMC_CGCTGGAGTAGCCTAT	407.9870701167184	61.70857425708031	49.05922129824761	17.936844184349166	87.97301054068959	0.0	76.0187899153268	0.0	0.0
GSM4138114_HNSCC_3_PBMC_CGGACGTGTAGATTAG	551.147705923568	69.00650737316543	25.340131480563517	0.0	75.59315565113114	58.2156796073214	0.0	0.0	0.0
GSM4138114_HNSCC_3_PBMC_CGTCCATAGATGTGTA	240.79897040475575	50.65800934929017	71.55540473421844	0.0	87.07375298164868	12.0889736940093	0.0	0.0	0.0
GSM4138114_HNSCC_3_PBMC_CGTCTACGTACCGAGA	322.0885641565338	47.22879028306027	79.6484983052416	44.24350648074658	22.837510310678297	0.0	97.04534965999173	0.0	0.0
GSM4138114_HNSCC_3_PBMC_CGTTCTGCACGTCTCT	374.6663847086334	28.332126112739996	59.86412105434425	0.0	36.66030050544158	0.0	34.56029755251533	0.0	0.0
GSM4138114_HNSCC_3_PBMC_CTAGAGTCAAGCCATT	279.6666955317404	10.318566132145119	34.715598365711394	83.76645535096168	0.0	82.35602347208001	0.0	0.0	0.0
GSM4138114_HNSCC_3_PBMC_CTCAGAAGTCAGTGGA	268.2927067310014	4.465178970731637	40.92229225959274	64.28051800343388	0.0	0.0	56.49645180443282	0.0	35.09375492533947
GSM4138114_HNSCC_3_PBMC_CTCATTACATCGGTTA	370.9062435775194	40.356067944634475	18.569776457440867	45.20921117884769	8.372936316221152	35.00963336589397	0.0	0.0	0.0
GSM4138114_HNSCC_3_PBMC_CTCATTATCGGAGCAA	256.9779214843067	24.247798758888756	103.5855280498774	39.20776722222331	0.0	60.32259314052528	0.0	0.0	0.0
GSM4138114_HNSCC_3_PBMC_CTGCTGTAGGACGAAA	263.72569518262907	32.75915059821484	28.438191241304065	39.09823045149128	96.4771525248432	0.0	80.04596246634777	0.0	0.0
GSM4138114_HNSCC_3_PBMC_CTGTTTAGTAAGTGTA	336.84117546384414	22.931399768559956	45.45290063123048	5.793588452142442	56.03384708999359	31.91650110004153	5.79734061668057	0.0	0.0
GSM4138114_HNSCC_3_PBMC_GAAATGACAGCTTAAC	295.33947328500705	0.0	31.364686408027005	0.0	90.82189456020141	0.0	13.412064931662385	0.0	34.355552544201416
GSM4138114_HNSCC_3_PBMC_GACCTGGGTTAAAGTG	249.1140194264561	0.0	10.832345558766216	0.0	54.02202117252917	0.0	57.29198915137306	0.0	23.915819838119027
GSM4138114_HNSCC_3_PBMC_GATCAGTTCATCTGCC	352.79793382474065	0.0	16.097558154121685	63.676810464411105	0.0	0.0	49.37319879986401	0.0	89.286075511737
GSM4138114_HNSCC_3_PBMC_GATCGATTCGCCAAAT	383.38253999156376	50.32947231469886	88.37209152952194	75.31275989818413	0.0	41.78266810705661	0.0	0.0	0.0
GSM4138114_HNSCC_3_PBMC_GATCGTACATGCCCGA	285.9696414331758	49.26514012830328	22.220074449300473	60.84152816708966	0.0	32.028444585082106	0.0	14.493103986103472	0.0
GSM4138114_HNSCC_3_PBMC_GATCTAGGTCTTGATG	377.2929744885712	35.91648332418334	25.357441710025405	49.74187317299749	0.0	55.02829788206424	0.0	0.0	0.0
GSM4138114_HNSCC_3_PBMC_GCAAACTCAAACAACA	356.96035646902453	54.4408426220618	61.970120272842195	52.25536061557222	0.0	52.38465074921206	0.0	16.922763432695135	0.0
GSM4138114_HNSCC_3_PBMC_GCAAACTGTTCTGTTT	285.7378157432389	0.0	58.98461491650518	85.64065526566954	0.0	0.0	54.040460438675666	0.0	17.867689939124944
GSM4138114_HNSCC_3_PBMC_GCACATATCAGGCGAA	521.4931926421558	66.74713225297957	90.99028938278423	0.0	144.93391596658375	0.0	44.062900758941076	0.0	0.0
GSM4138114_HNSCC_3_PBMC_GCATGATCAGCTGTGC	302.03258649449424	0.0	16.777381995360063	0.0	0.0	0.0	79.09260298500999	0.0	22.225727012311296
GSM4138114_HNSCC_3_PBMC_GCGACCACAGGGTACA	286.57427926148864	15.49431555218394	25.530750886202703	0.0	91.4631519332221	30.937941746670305	21.69015816841578	0.0	0.0
GSM4138114_HNSCC_3_PBMC_GCGCAACTCGTTGCCT	239.64879069227382	44.120562994295945	4.85304088063148	31.422506037304597	0.0	62.07463969008714	0.0	0.0	0.0
GSM4138114_HNSCC_3_PBMC_GCGCCAACAAGGCTCC	307.4420527571318	43.29156478944309	109.21922568219684	0.0	79.92885165216681	43.04447500523515	0.0	0.0	0.0
GSM4138114_HNSCC_3_PBMC_GCTCTGTAGTGTCTCA	313.69350011484084	57.466084418946686	125.60718126447848	74.88594633397933	0.0	0.0	0.0	0.0	0.0
GSM4138114_HNSCC_3_PBMC_GCTGCTTAGATAGTCA	401.31682169164657	1.6134377051701767	23.622771356346448	28.357798931046577	76.71381808556023	0.0	39.6915046146628	0.0	45.4651209826301
GSM4138114_HNSCC_3_PBMC_GGATGTTAGCTACCTA	497.4826921497825	80.32472732886922	83.70636023653468	66.3070813093205	0.0	54.653970592627374	0.0	0.0	0.0
GSM4138114_HNSCC_3_PBMC_GGCCGATAGCACCGTC	431.45928261777897	63.881818236208915	71.10842800226216	37.203076675832776	0.0	0.0	78.86994731088932	0.0	0.0
GSM4138114_HNSCC_3_PBMC_GGCGTGTGTCCCTTGT	417.40189268584965	61.52227111739453	0.0	72.97077747782807	0.0	0.0	17.012956446040683	21.253359349027168	0.0
GSM4138114_HNSCC_3_PBMC_GGGCACTTCAGCTCTC	317.00707886085763	25.090914976329092	96.00253459115682	77.47229435234782	0.0	0.0	28.68434990952644	0.0	0.0
GSM4138114_HNSCC_3_PBMC_GTAGGCCTCAAAGTAG	275.5329153622116	26.65943687900301	72.15364799647064	71.09231137778656	0.0	43.04169308659556	0.0	0.0	0.0
GSM4138114_HNSCC_3_PBMC_GTATCTTAGCTAAACA	257.15419221305353	14.215724374259132	66.7327667171974	0.0	66.46925532736843	0.0	65.98655124110631	0.0	7.1148657338423895
GSM4138114_HNSCC_3_PBMC_GTCTCGTCATCTCCCA	363.53790047946876	50.69399332918995	6.057766452161637	0.0	73.39779471088704	0.0	47.6878478936742	0.0	0.0
GSM4138114_HNSCC_3_PBMC_GTGTGCGGTTCGCTAA	347.2690985267686	42.977116689460445	53.978225271351405	0.0	55.83063901077246	0.0	56.40228432509497	0.0	0.0
GSM4138114_HNSCC_3_PBMC_GTTACAGAGAGCTGCA	308.72300854681856	31.75307712557105	48.92546434713735	44.232669051731996	19.184047111465112	25.854153265344344	0.0	0.0	0.0
GSM4138114_HNSCC_3_PBMC_GTTCATTAGCTACCTA	276.9508535233808	44.86039500537995	102.13085900217823	52.38120741461075	0.0	0.0	58.211236297035455	0.0	0.0
GSM4138114_HNSCC_3_PBMC_TAAGTGCAGTTCGCAT	265.12901704437877	29.52999118761965	0.0	12.585978458980279	0.0	0.0	60.70361853508253	73.96880993860223	0.0
GSM4138114_HNSCC_3_PBMC_TACTTGTCAAGCGAGT	294.9729209697077	0.0	0.0	0.0	60.516005374268644	0.0	25.782578487810753	25.76332468581234	27.669825096913698
GSM4138114_HNSCC_3_PBMC_TAGACCATCCGGGTGT	338.14920497090634	26.321199404862572	0.0	80.49671465683659	0.0	38.10978518925564	14.18592673114635	0.0	0.0
GSM4138114_HNSCC_3_PBMC_TAGGCATAGCCACGCT	642.7949327333243	0.0	347.0154638003038	0.0	372.53004698620543	0.0	137.25421501836306	0.0	170.86981642732175
GSM4138114_HNSCC_3_PBMC_TATTACCAGTGACTCT	339.0895590987655	54.168513124891035	14.488441326321553	80.87697793467957	0.0	0.0	39.56486126103191	0.0	0.0
GSM4138114_HNSCC_3_PBMC_TCAACGACAGACACTT	290.2884283560429	30.110619696358064	86.90351240654948	0.0	48.23098687423702	48.78980463704661	0.0	0.0	0.0
GSM4138114_HNSCC_3_PBMC_TCAGGATTCCGTTGTC	249.4495820317214	24.915078767045475	37.56023678291967	0.0	20.021108699072048	78.6359744984831	3.098440481413776	0.0	11.717825195216491
GSM4138114_HNSCC_3_PBMC_TCATTTGGTTCCCGAG	291.34942744719586	18.67656582133582	46.32553010617038	51.591033029091854	0.0	12.778393182943141	0.0	0.0	0.0
GSM4138114_HNSCC_3_PBMC_TCGAGGCGTACTCTCC	280.46009181759507	37.57086715030222	14.52255398808734	0.0	60.08300763041388	0.07532324781636357	56.03663486200553	0.0	0.0
GSM4138114_HNSCC_3_PBMC_TCGCGAGTCTATCCTA	512.2106024664993	18.95017080499897	115.59510922410564	49.3455143770371	0.0	51.50867331173253	0.0	0.0	0.0
GSM4138114_HNSCC_3_PBMC_TCTGGAAGTGTAAGTA	335.6267569656305	3.293193901378367	24.37702158316751	0.0	50.4225042044506	0.0	43.29640982465453	0.0	29.625913132048254
GSM4138114_HNSCC_3_PBMC_TGACTAGTCTGAAAGA	331.7925539397263	20.091792841575614	6.022166440919594	68.61701186820423	0.0	0.0	29.545347987713754	0.0	0.0
GSM4138114_HNSCC_3_PBMC_TGACTTTCAATGGAAT	188.9282691929985	29.492002627710793	70.66514572715016	41.54725258736901	0.0	10.694883364632155	0.0	0.0	0.0
GSM4138114_HNSCC_3_PBMC_TGAGAGGGTCCGAATT	344.6259601664452	39.147513052118676	103.06279496003596	0.0	90.86067997842204	29.15675455129681	27.11160519493797	0.0	0.0
GSM4138114_HNSCC_3_PBMC_TGAGCCGGTACAGCAG	428.7865365772756	43.15540445545989	27.72015325752707	139.04878189911585	0.0	10.611829477100844	0.0	0.0	0.0
GSM4138114_HNSCC_3_PBMC_TGAGGGAAGGGTGTGT	307.508037948003	72.83588150610417	287.872016097113	0.0	120.93187871002712	0.0	4.030330634126774	0.0	11.608627888282683
GSM4138114_HNSCC_3_PBMC_TGAGGGAGTAGCCTAT	295.28051445204386	57.99129685063243	0.0	56.214561263346724	14.124627481460829	0.0	7.120632788733574	36.83232784577716	0.0
GSM4138114_HNSCC_3_PBMC_TGCGCAGAGGTAGCTG	306.1009155943724	34.43971810264695	52.90471272891426	87.41697531662962	0.0	5.420162121584157	31.54552140918511	0.0	0.0
GSM4138114_HNSCC_3_PBMC_TGGACGCGTTCCACAA	544.5974119814075	205.0926715843201	374.48640915894845	0.0	258.7035673631938	113.31145052106058	0.0	0.0	0.0
GSM4138114_HNSCC_3_PBMC_TTCTACAGTCTAGTGT	290.86420831801513	26.731316923481863	0.0	0.0	46.37490181379614	15.176364903893056	0.0	62.317450770041624	0.0
GSM4138114_HNSCC_3_PBMC_TTCTACATCTGCGTAA	353.4735370398586	136.33082583848787	140.56671930205252	0.0	141.50689185174406	6.89521632808895	22.991433929115882	0.0	0.0
GSM4138114_HNSCC_3_PBMC_TTCTCAAGTCAAGCGA	300.9596405891484	52.875093298572565	0.0	87.08691610768973	0.0	0.0	0.0	0.0	0.0
GSM4138114_HNSCC_3_PBMC_TTCTCAAGTTATGTGC	337.5901978166384	45.58407778452714	62.94778324510801	0.0	25.731008801288915	23.814733678493784	0.0	55.49351391926565	0.0
GSM4138114_HNSCC_3_PBMC_TTCTTAGAGGCTCTTA	283.91751247294764	58.11637999058385	16.92561200647124	0.0	32.021252603948014	52.27749092069751	0.0	0.0	0.0
GSM4138114_HNSCC_3_PBMC_TTTCCTCTCCTTTCTC	277.37643477738027	26.79193570432338	39.278102448015495	21.429536034292152	0.0	0.0	23.728190309151604	0.0	0.0
GSM4138114_HNSCC_3_PBMC_TTTGTCACACGAAAGC	275.8491511019978	76.832068516993	0.0	0.0	43.21256932947565	0.0	49.000047008792485	111.88610883668326	0.0
GSM4138114_HNSCC_3_PBMC_TGTGTTTTCCCATTAT	213.97953169051507	115.96352907502111	510.3436046399508	273.70742091189277	0.0	0.0	0.0	0.0	0.0
GSM4138114_HNSCC_3_PBMC_AACCATGAGCTAAACA	343.3463800854647	15.703825150790484	0.0	0.0	66.98662425638136	51.53059081378037	0.0	10.741479581471035	49.48232223052081
GSM4138114_HNSCC_3_PBMC_AACTTTCCAGCCTTTC	432.61282207174577	25.06985557964815	0.0	88.55107982634752	0.0	51.41766255123822	0.0	54.711756040389304	0.0
GSM4138114_HNSCC_3_PBMC_AAGGTTCGTAAATGAC	315.8417252592572	39.7054953849337	63.457251704730325	22.04547180331974	56.49248824165997	6.858999092301244	0.0	0.0	0.0
GSM4138114_HNSCC_3_PBMC_ACAGCCGCATCCCACT	526.9888007091349	64.89322574167946	55.89630282934175	0.0	100.06452942257448	43.70415534890571	0.0	0.0	0.0
GSM4138114_HNSCC_3_PBMC_ACATACGGTCACTGGC	505.26454678527625	46.02068312226189	0.0	69.85784634779397	0.0	0.0	82.64072357736886	50.75913357786563	0.0
GSM4138114_HNSCC_3_PBMC_ACCCACTCATGGTCAT	307.70739780568374	46.8279602041005	64.13681016096089	71.61937697206648	0.0	0.0	42.772572190812674	0.0	0.0
GSM4138114_HNSCC_3_PBMC_ACGATGTGTACCATCA	465.83922611976675	88.97651635234806	11.278364537760108	97.70744636150759	0.0	77.70010860271192	0.0	43.239543451111174	0.0
GSM4138114_HNSCC_3_PBMC_ACGCCAGCACACTGCG	472.9879100227005	59.836644292858	25.916726055421034	119.7873392448468	0.0	28.960574470439326	34.063782436776314	0.012559657267350168	0.0
GSM4138114_HNSCC_3_PBMC_ACGGGTCGTTACGACT	352.70689485261096	29.077313682985753	14.931122423822455	49.129318316303944	0.0	11.017666408200883	0.0	0.0	0.0
GSM4138114_HNSCC_3_PBMC_ACGGGTCTCTGCCCTA	303.518228803698	43.19096245567459	26.169976231293795	22.306543384289785	0.0	23.81454936477413	0.0	0.0	0.0
GSM4138114_HNSCC_3_PBMC_ACTTACTGTCATGCAT	257.2021176488296	26.870996702832695	64.18950795655262	0.0	80.89530083819585	14.82055879782373	30.7343086748405	0.0	0.0
GSM4138114_HNSCC_3_PBMC_ACTTGTTAGAGTAAGG	299.39374980251057	0.0	0.0	0.0	73.09591635163994	0.0	4.174825607537991	72.86564030787923	44.00455568260925
GSM4138114_HNSCC_3_PBMC_AGCGTCGCAACTGCGC	275.7199325595318	42.2585344416163	88.35736200036762	51.25718011834718	0.0	0.0	70.14511431284595	0.0	0.0
GSM4138114_HNSCC_3_PBMC_AGCTTGAAGGAGCGTT	349.7457327126125	22.965781721218132	36.62767880800077	76.53785633949605	0.0	4.843143389288268	0.0	0.0	0.0
GSM4138114_HNSCC_3_PBMC_AGGGATGCATCCGCGA	336.1816730041448	48.32213561372698	44.84205241372551	0.0	105.24841960593086	6.889414301089459	26.160999853678526	0.0	0.0
GSM4138114_HNSCC_3_PBMC_AGGTCATAGTTGCAGG	513.6502082677004	0.0	14.666303375126523	0.0	44.10184044774408	0.0	89.89574842314049	0.0	103.42803268833457
GSM4138114_HNSCC_3_PBMC_AGGTCCGTCAGCTGGC	213.0896215552621	13.133084535244938	35.30881552191771	50.25549843988421	10.658411966000322	7.439617217742953	0.0	33.18887248829754	0.0
GSM4138114_HNSCC_3_PBMC_AGTGGGATCGATAGAA	404.2562477158621	34.7614782543528	0.0	0.0	97.01031185911168	0.0	78.63064528773863	18.54392341389654	0.0
GSM4138114_HNSCC_3_PBMC_AGTGTCAAGTGTACTC	374.27449082379434	26.227360735400556	13.822291686737396	77.49752759058961	0.0	37.455858683316286	0.0	0.0	0.0
GSM4138114_HNSCC_3_PBMC_ATAGACCAGTGACATA	509.98746096296526	92.95021324693344	109.7022493958186	0.0	79.64440497127242	13.636475536774912	0.0	0.0	0.0
GSM4138114_HNSCC_3_PBMC_ATCACGAGTAAGTTCC	310.6429433318889	0.0	41.388802838648786	0.0	65.47936536064778	8.948759549740645	0.0	0.0	54.003555098429885
GSM4138114_HNSCC_3_PBMC_ATGGGAGTCACGCGGT	569.6574706905618	52.8512677969116	0.0	0.0	106.17483731598877	0.0	27.44250461422748	62.272562891284075	0.0
GSM4138114_HNSCC_3_PBMC_ATTGGACTCTCTTATG	207.6174020925923	30.43887918331852	0.0	0.0	23.499325698898783	26.322668816377313	0.0	14.26341152133468	0.0
GSM4138114_HNSCC_3_PBMC_CAACCTCGTACATCCA	346.7329578506565	4.200717663558657	67.0633501499596	0.0	79.29011214089206	78.9446276720601	0.0	0.0	0.0
GSM4138114_HNSCC_3_PBMC_CAACTAGCACAACGCC	342.4886196250821	37.82939723848671	68.84587287717069	43.48303826579629	17.014439296233814	2.056617122217095	0.0	0.0	0.0
GSM4138114_HNSCC_3_PBMC_CAAGAAATCTATGTGG	386.02121324685635	25.138250039946108	24.340412500841634	51.40050554851871	0.0	25.502452649701194	0.0	2.7638864379736505	0.0
GSM4138114_HNSCC_3_PBMC_CAAGATCCACCAGATT	296.6284400572179	42.011728930254904	49.6578556758205	0.0	63.534234926636394	34.255155462148515	26.67047479083105	0.0	0.0
GSM4138114_HNSCC_3_PBMC_CAGTAACAGCAACGGT	273.8700160161606	15.862680347463558	84.35597565978901	0.0	50.5408370060163	23.97881068550585	0.0	0.0	0.0
GSM4138114_HNSCC_3_PBMC_CATATGGCAAGTAGTA	512.4304595182562	80.28906313672059	41.778545853686516	0.0	100.8479769660094	33.161065603405774	0.0	0.0	0.0
GSM4138114_HNSCC_3_PBMC_CATATGGGTACGAAAT	305.15695084427676	63.39308915232676	93.36289324027648	6.313019489805445	0.0	47.81110304081283	0.0	0.0	0.0
GSM4138114_HNSCC_3_PBMC_CATCCACTCGCATGGC	420.88030840777185	98.74043102532663	74.91759783287253	0.0	87.11989690335797	44.42308711483585	0.0	0.0	0.0
GSM4138114_HNSCC_3_PBMC_CCAGCGATCACAATGC	405.2991476671081	77.24624715885034	19.812648719394545	75.6482004105223	0.0	52.78604913821298	0.0	14.76844626122881	0.0
GSM4138114_HNSCC_3_PBMC_CCCATACGTTTGGGCC	465.34031534746015	48.41971565122668	106.021104384499	85.56573892772668	0.0	0.0	35.76768091038233	0.0	0.0
GSM4138114_HNSCC_3_PBMC_CCGGGATTCAGCTCGG	313.15005977724917	44.31241254056929	49.58094404222029	34.07816027067061	0.0	28.612239040886035	4.8951306075253	0.0	0.0
GSM4138114_HNSCC_3_PBMC_CCGGTAGAGGACAGAA	775.8915072768704	97.53917372928869	93.44453097795773	0.0	154.9303983703634	93.4316891992794	0.0	0.0	0.0
GSM4138114_HNSCC_3_PBMC_CCGGTAGCAGCATGAG	423.794597700986	30.398750437690996	0.0	57.87160661656534	0.0	0.0	34.27465102420208	0.0	0.0
GSM4138114_HNSCC_3_PBMC_CCGTACTCATCGATGT	330.98705171825867	54.66347892793378	12.717191523975883	0.0	90.05868478942102	16.52293961812122	0.0	0.0	0.0
GSM4138114_HNSCC_3_PBMC_CCTATTAGTCCAAGTT	207.76895010388222	0.0	57.84191011558514	0.0	38.618719258648646	28.287992938673753	0.0	0.0	56.772658702714196
GSM4138114_HNSCC_3_PBMC_CCTTCGAGTGGCTCCA	395.9602645319239	66.22639759380147	35.379931586033365	0.0	20.902629080169802	0.0	25.02934810677786	0.0	0.0
GSM4138114_HNSCC_3_PBMC_CCTTTCTCAAAGGCGT	423.1402505920913	47.206787717027886	127.85100075016223	66.56221460171815	0.0	6.3750707104336115	0.0	0.0	0.0
GSM4138114_HNSCC_3_PBMC_CGAGAAGAGTGCGTGA	257.0516563167958	54.636227463097526	31.755975865880753	0.0	56.58979792834608	40.1151054903544	0.0	0.0	0.0
GSM4138114_HNSCC_3_PBMC_CGATGTAAGGACTGGT	350.14048449192575	50.777890152029514	43.14795618060486	43.747040852605934	0.0	0.0	76.46922387619233	0.0	20.02418346304713
GSM4138114_HNSCC_3_PBMC_CGGACACGTGACCAAG	474.25962051483083	45.57807902559846	21.020779534895066	74.190343368553	0.0	0.0	39.1425344077303	0.0	0.0
GSM4138114_HNSCC_3_PBMC_CGGACTGGTTCTGTTT	344.13606969573266	31.756332328938953	13.00218922023601	0.0	62.32275947493549	0.0	39.8574230850438	0.0	2.6891820071662536
GSM4138114_HNSCC_3_PBMC_CGGGTCACATCTATGG	285.77551022055303	31.66242986377293	0.0671190637216728	31.472665002920234	0.0	33.4856865487337	7.8425284389493815	0.0	0.0
GSM4138114_HNSCC_3_PBMC_CGTGTCTTCATGCTCC	387.62507246125335	14.687963262295781	42.308632333818565	46.25684751347503	34.08698860302917	49.46672694111682	38.429866257419796	0.0	0.0
GSM4138114_HNSCC_3_PBMC_CTAACTTGTGGCAAAC	431.9103022687359	25.171796852834493	0.0	149.9919682904307	0.0	43.78255712467161	0.0	24.813260493975527	0.0
GSM4138114_HNSCC_3_PBMC_CTAACTTTCAGCTGGC	324.0364016550096	0.0	0.0	59.34261970409824	0.0	0.0	64.20378592613125	157.51881381282234	90.9742665811477
GSM4138114_HNSCC_3_PBMC_CTCGAAACAAGGACAC	519.0688074058876	43.9962587829983	52.801758606680124	0.0	93.19398687328254	0.0	77.06447250818591	0.0	0.0
GSM4138114_HNSCC_3_PBMC_CTCTACGAGTGCGTGA	340.8595784359676	40.79804328553493	0.0	0.0	20.039251088500944	0.0	23.096227182508276	31.524547444023582	0.0
GSM4138114_HNSCC_3_PBMC_CTGAAGTAGAAACCGC	283.92702909901084	30.146401117246672	32.893151048827406	0.0	50.77576619962847	53.98456464457173	27.972958415004992	0.0	0.0
GSM4138114_HNSCC_3_PBMC_CTGAAGTCACTAAGTC	417.68414622883523	75.78389158188116	4.258394765921415	14.250197419401387	59.99850128371861	19.012009905334786	0.0	0.0	0.0
GSM4138114_HNSCC_3_PBMC_CTGTTTACACAACGTT	307.51283977738916	47.14920118207515	69.39622114353844	3.1867519674171767	0.0	0.0	22.375717548541964	0.0	0.0
GSM4138114_HNSCC_3_PBMC_GAACGGATCAGGTTCA	279.52705273760336	72.85385497500695	0.0	98.45152584084603	0.0	28.193221370415444	0.0	21.646222215084578	0.0
GSM4138114_HNSCC_3_PBMC_GACCTGGCAAGACACG	393.3897148055896	64.10423122097227	79.32859500739363	141.33006246547302	0.0	0.0	38.68193658554517	0.0	0.0
GSM4138114_HNSCC_3_PBMC_GACGCGTAGTTAGGTA	354.42572438790614	33.270549115265226	0.6546316911373959	0.0	128.55563027456762	0.0	44.64169557608962	0.0	0.0
GSM4138114_HNSCC_3_PBMC_GACTACAAGCGTTCCG	556.9079482964187	83.55739693305055	104.00789014807646	99.14371533165662	0.0	107.8104112480976	0.0	0.0	0.0
GSM4138114_HNSCC_3_PBMC_GCACATAGTTGTCGCG	421.3578008642859	44.15237182666837	0.0	0.0	100.56276400188167	0.0	63.10709221112225	31.707594622576543	0.0
GSM4138114_HNSCC_3_PBMC_GCATACAGTCAGATAA	250.1382197258198	3.4416630156405876	41.07843122632614	0.0	133.71406242210352	59.465606843731955	0.0	0.0	0.0
GSM4138114_HNSCC_3_PBMC_GCATGTAGTATGAAAC	193.0532788991938	21.215750981410643	72.85895492780944	0.0	61.621728780294916	0.0	37.72251063872028	0.0	0.0
GSM4138114_HNSCC_3_PBMC_GCCAAATGTCCTAGCG	246.371033700139	62.13234169791816	0.0	40.041015131585176	0.0	0.0	67.35325193119894	82.77019607662008	0.0
GSM4138114_HNSCC_3_PBMC_GCGCAGTAGTTGTAGA	393.7398726847301	41.78417144392127	43.70752656855267	0.0	33.82857803198377	0.0	75.26967492615691	0.0	0.0
GSM4138114_HNSCC_3_PBMC_GGAAAGCCATGGTTGT	410.3160829442693	26.890322752911707	0.0	54.510946816376546	0.0	0.0	37.568451287194655	0.0	0.0
GSM4138114_HNSCC_3_PBMC_GGAAAGCTCACAACGT	389.60868180071674	66.56156405929646	0.0	0.0	147.31823618865792	0.0	12.456870911833688	25.870148806380868	0.0
GSM4138114_HNSCC_3_PBMC_GGACAAGTCGCCGTGA	613.227238305123	88.12169125592523	82.9216088356864	0.0	144.8798815288623	76.08107429755293	0.0	0.0	0.0
GSM4138114_HNSCC_3_PBMC_GGACGTCTCGACGGAA	339.5401205687042	34.87734821762373	17.407413722104092	68.74602960032034	0.0	9.17303829712094	0.0	58.948065624741645	0.0
GSM4138114_HNSCC_3_PBMC_GGATTACTCCACGCAG	481.20081364285187	0.0	21.775712442245045	0.0	60.2871384442674	0.0	71.39946967708659	0.0	43.17813979322282
GSM4138114_HNSCC_3_PBMC_GGGAATGGTCAAGCGA	239.67539074359033	47.35630109208115	65.79227074205626	0.0	45.988552203624046	71.5638116183211	0.0	0.0	0.0
GSM4138114_HNSCC_3_PBMC_GTACGTAGTAACGCGA	397.96622857984255	32.700725782998894	77.02466022985877	0.0	118.17426043155503	66.64165989055881	0.0	0.0	0.0
GSM4138114_HNSCC_3_PBMC_GTATTCTAGGCTAGGT	321.43077214958777	53.244990753937074	45.85192504327742	0.0	173.64769799475684	0.0	20.14154524887713	0.0	0.0
GSM4138114_HNSCC_3_PBMC_GTATTCTGTGCTAGCC	298.9114475890669	42.46123139616801	94.0406541576813	21.706820053736127	0.0	0.0	78.14722938680606	0.0	0.0
GSM4138114_HNSCC_3_PBMC_GTGCAGCTCTAAGCCA	282.69343006872884	66.12199485716971	3.3010920938139465	0.0	45.36645960838637	0.0	24.298700077739987	0.0	0.0
GSM4138114_HNSCC_3_PBMC_GTGCGGTGTGTGTGCC	336.1282704134988	51.56822938823238	104.83203039940919	0.0	60.93723140799419	0.0	22.67885608686696	0.0	0.0
GSM4138114_HNSCC_3_PBMC_GTGCTTCTCCTAGGGC	339.9218302867203	1.8601529307839175	22.46955131427345	65.95694476948468	0.0	51.82026084030023	10.069412134066736	0.0	0.0
GSM4138114_HNSCC_3_PBMC_GTTAAGCGTCTCCATC	370.83216405758367	15.726258658049142	23.300623320018374	91.70826872106588	0.0	30.853553689715007	0.0	0.0	0.0
GSM4138114_HNSCC_3_PBMC_GTTAAGCTCTGCCCTA	407.1848392415619	44.29656455554425	12.37759431289159	110.31028960267638	0.0	0.0	53.67782181856382	0.0	0.0
GSM4138114_HNSCC_3_PBMC_GTTCGGGGTTAGTGGG	495.53559328426303	46.49227384845244	80.67746533595123	64.1914677393216	0.0	5.8460014766757205	38.02325263523769	0.0	0.0
GSM4138114_HNSCC_3_PBMC_GTTCTCGGTGGCGAAT	314.2224725115235	57.56644710464908	0.0	0.0	57.43328537851431	0.0	16.728716156163852	0.0	0.0
GSM4138114_HNSCC_3_PBMC_TACACGAAGTACCGGA	319.3335312118027	0.0	6.884661385686005	61.620170161257775	0.0	0.0	34.118854042170554	1.4406158745668236	31.33969027302384
GSM4138114_HNSCC_3_PBMC_TATCTCAAGGCGTACA	281.81424860922925	47.68882073083186	24.885955363330545	159.39926789534667	0.0	39.16292407585889	0.0	20.78623924467117	0.0
GSM4138114_HNSCC_3_PBMC_TATCTCAGTACTCAAC	286.73457494022216	35.639232680213574	103.14314748821293	30.302778513048104	0.0	0.0	62.16971013695001	0.0	0.0
GSM4138114_HNSCC_3_PBMC_TATGCCCCATGCCTTC	447.0231672013448	65.22111018024387	5.80888858903484	28.22162695746412	44.47252823229983	0.0	60.47393050267218	30.463356678966704	0.0
GSM4138114_HNSCC_3_PBMC_TCACAAGCAAGCGATG	305.5831262812419	46.34402870688032	25.939396034398396	0.0	24.39217509939711	16.648017897442646	6.098340246478462	0.0	0.0
GSM4138114_HNSCC_3_PBMC_TCAGCTCCACATTTCT	384.34415585607377	33.62574178262234	11.152066112219837	68.3981372838649	0.0	43.60925261289224	0.0	53.75608329619681	0.0
GSM4138114_HNSCC_3_PBMC_TCAGGATCACCGAAAG	314.69593316648735	19.374394017084658	39.3813955082693	0.0	70.44601124293933	0.0	17.012908289622967	0.0	0.0
GSM4138114_HNSCC_3_PBMC_TCATTTGGTTGGACCC	273.7907437060816	19.228209524333504	40.544906515822504	40.272152564622296	0.0	0.6232702781417695	0.0	19.67774268185857	0.0
GSM4138114_HNSCC_3_PBMC_TCGCGTTCAGATCGGA	441.4862232924307	44.92331190433504	23.95876075402537	110.76825452597872	0.0	27.52523767312713	0.0	0.0	0.0
GSM4138114_HNSCC_3_PBMC_TCGTACCGTCCTAGCG	479.1003925015388	57.180724315990005	0.0	89.69864164484338	0.0	7.77373042114576	11.395950867348413	78.35076109408911	0.0
GSM4138114_HNSCC_3_PBMC_TCTCTAAGTGATGTCT	226.07876391627155	79.23143277823937	77.05383958101427	0.0	69.27754576443816	37.348937355878014	0.0	0.0	0.0
GSM4138114_HNSCC_3_PBMC_TCTCTAATCCTGTACC	246.45410067594645	41.654388360204685	19.531082990442663	96.6423539373099	0.0	61.58206694579025	0.0	0.0	0.0
GSM4138114_HNSCC_3_PBMC_TCTGGAAAGAGTGACC	264.51906127694383	50.00154993249952	290.5919114921915	84.20545971421758	0.0	0.0	70.33607622669842	0.0	0.0
GSM4138114_HNSCC_3_PBMC_TCTTTCCGTCCGCTGA	300.203979023727	6.648465324150493	37.03128271239462	90.77600219809625	0.0	0.0	30.410659602639676	0.0	0.0
GSM4138114_HNSCC_3_PBMC_TGAAAGACAGACAAAT	340.4819637794357	53.61577413881947	112.38621655424643	77.05952733684937	0.0	17.57175338365994	0.0	0.0	0.0
GSM4138114_HNSCC_3_PBMC_TGACGGCGTAAGGGCT	293.60051951302563	38.303861104230855	11.071779282802888	116.83178194829907	0.0	31.800246117721283	16.068391904406596	0.0	0.0
GSM4138114_HNSCC_3_PBMC_TGCTGCTCAACGCACC	270.9064910992087	55.791027792967455	78.09356925344672	67.88857889069993	0.0	0.0	41.73467445416046	0.0	0.0
GSM4138114_HNSCC_3_PBMC_TGTATTCTCCCTAACC	271.2456530606532	28.29646409500512	93.64278009139794	38.44178998568294	0.0	39.52327211506148	0.0	0.0	0.0
GSM4138114_HNSCC_3_PBMC_TTAACTCTCCTGCTTG	433.1820705902738	23.670899137480546	29.3019362097159	56.38389852212136	0.0	54.507803891289385	0.0	0.0	0.0
GSM4138114_HNSCC_3_PBMC_TTCTCCTTCTTGTATC	388.9641903293724	103.67536471100738	138.2448242837401	150.6984859720831	0.0	61.1208111920379	0.0	0.0	0.0
GSM4138114_HNSCC_3_PBMC_TTGGCAACAGATCCAT	266.355136603341	60.259542084590365	47.28190723704119	14.628943950157618	0.0	51.8755227875844	0.0	0.0	0.0
GSM4138114_HNSCC_3_PBMC_AAACCTGCACCAGCAC	1350.8773865339679	0.0	0.0	0.0	0.0	0.0	12.10108947438747	0.0	9.03154798304903
GSM4138114_HNSCC_3_PBMC_AATCCAGCATAAGACA	1481.2855403093333	39.62852734140563	0.0	0.0	74.80231179784639	6.9864568195274925	0.0	37.20447353327169	0.0
GSM4138114_HNSCC_3_PBMC_ACCGTAAGTCTTCGTC	2555.364691720517	0.0	0.0	36.720602626356154	0.0	0.0	60.55394953189406	0.0	0.0
GSM4138114_HNSCC_3_PBMC_ACGGAGACATGGGACA	961.5404107288663	8.699213067675002	32.482589214436125	21.234510371453588	0.0	0.0	76.33963125445558	0.0	0.0
GSM4138114_HNSCC_3_PBMC_ACGGGCTTCTTGCAAG	1056.6873088740203	26.789735911489984	109.2595077467371	0.0	54.857446271171476	23.846805521579288	0.0	0.0	0.0
GSM4138114_HNSCC_3_PBMC_ACTTACTGTTGGTAAA	0.0	0.0	667.9452211817513	0.0	0.0	0.0	0.0	2793.375280106094	0.0
GSM4138114_HNSCC_3_PBMC_ACTTTCACATTCTTAC	1138.1883584993323	62.27226125633629	0.0	27.471751836793402	0.0	1.8486499738264321	0.0	151.1153670524165	0.0
GSM4138114_HNSCC_3_PBMC_AGACGTTGTCGGCATC	967.0801432628587	13.758393443437228	0.0	52.96603559904029	0.0	2.3674147058583523	0.0	41.383417965608906	0.0
GSM4138114_HNSCC_3_PBMC_AGAGTGGCACCTCGGA	1670.1998255238432	24.424926618912036	66.17375811376886	30.390123407955663	0.0	58.18865490286385	0.0	0.0	0.0
GSM4138114_HNSCC_3_PBMC_AGGGTGAGTGCACTTA	1124.3284987369664	17.898232482981285	0.0	0.0	30.059260303714378	0.0	15.852174618683655	27.09572156255897	52.261331351067724
GSM4138114_HNSCC_3_PBMC_AGTAGTCCATAGACTC	824.5958612081967	0.0	0.0	6.9982488586328175	0.0	10.218488684300901	0.0	8.478443337176168	0.0
GSM4138114_HNSCC_3_PBMC_ATAAGAGGTATTCGTG	1515.5799347311827	0.0	0.0	0.0	0.0	0.0	15.920438138983748	50.18050045506418	0.0
GSM4138114_HNSCC_3_PBMC_ATGCGATTCGTGACAT	1431.890060435965	0.0	107.09751605544066	0.0	110.24542932478562	0.0	126.63696546934302	0.0	199.77573807127013
GSM4138114_HNSCC_3_PBMC_ATTTCTGAGTAGATGT	1571.767682768172	0.0	0.0	0.0	0.0	4.047566455717616	49.020001735017	90.37894373316301	0.0
GSM4138114_HNSCC_3_PBMC_ATTTCTGTCGTAGGAG	621.2310976671565	39.282133797683386	25.83957396550554	0.6889902797222671	0.0	0.0	0.0	0.0	0.0
GSM4138114_HNSCC_3_PBMC_CAAGAAACATGGAATA	1733.751773616113	0.0	38.646115846162814	0.0	0.0	0.0	14.740503993780505	0.0	17.898525788310412
GSM4138114_HNSCC_3_PBMC_CACAGTAGTGATAAGT	1208.3967163851564	2.4356085774608562	72.37075779122064	37.23414184920442	0.0	1.7003317960250306	0.0	28.28256897859085	0.0
GSM4138114_HNSCC_3_PBMC_CAGTAACAGTACGCGA	1718.2494891804065	24.319040413029622	24.353538250515097	0.0	73.05722140926756	0.0	0.0	0.0	0.0
GSM4138114_HNSCC_3_PBMC_CATCGAAGTAGCGCTC	1258.9846259386659	73.9724346712003	95.4651578201427	0.0	0.0	0.0	8.610980831349925	0.0	0.0
GSM4138114_HNSCC_3_PBMC_CATGGCGCACTACAGT	1382.3106918445094	0.0	0.0	0.0	110.26863305625984	0.0	0.0	0.0	0.0
GSM4138114_HNSCC_3_PBMC_CCTATTAGTAGCCTCG	1414.9695287629474	0.0	35.31957876450237	40.77346794258041	0.0	10.547659866952236	37.134707590246066	0.0	0.0
GSM4138114_HNSCC_3_PBMC_CCTTCCCTCAGCATGT	1496.7623374746292	0.0	1.4022223989728377	10.863111791588189	0.0	0.0	2.1314762022638347	0.0	2.035416793939368
GSM4138114_HNSCC_3_PBMC_CGGACGTCATCGGACC	1176.5192622950149	44.75262579789991	0.0	11.02018115661157	0.0	30.879322720332702	24.411067955628276	34.59976331136785	0.0
GSM4138114_HNSCC_3_PBMC_CGGACTGTCACGACTA	1105.5554012553762	8.288455608258285	0.0	34.149084560187845	0.0	10.737642044259818	0.0	65.21293581125391	0.0
GSM4138114_HNSCC_3_PBMC_CGTAGGCAGTAAGTAC	985.012079043953	34.02323241592171	0.0	0.0	67.60156744610914	0.0	22.617582254258078	30.087825344556407	0.0
GSM4138114_HNSCC_3_PBMC_CGTGAGCAGAAGGGTA	1439.5420741096511	34.648550896654875	0.0	0.0	111.70891336487173	4.52348292485035	0.0	1.5416317162112225	0.0
GSM4138114_HNSCC_3_PBMC_CGTTGGGGTGATAAGT	1154.7519719757865	0.0	26.552537616792936	0.0	0.0	21.898524685845327	0.0	0.0	0.0
GSM4138114_HNSCC_3_PBMC_CTAACTTCATACAGCT	1089.4378262628852	0.0	1627.6714781485994	0.0	168.2655070228357	0.0	24.968706400264466	0.0	53.12246296584573
GSM4138114_HNSCC_3_PBMC_CTACATTCAGTCAGCC	886.1545601023375	0.0	109.58947905443688	53.78755990527963	0.0	0.0	0.0	0.0	0.0
GSM4138114_HNSCC_3_PBMC_CTAGTGATCTTTCCTC	1527.99330118621	0.0	0.0	0.0	0.0	0.0	43.85396007713514	14.31004299354774	2.3563934475306967
GSM4138114_HNSCC_3_PBMC_CTCGGGAAGAAGCCCA	1393.6884510326379	0.0	0.0	0.0	0.0	0.0	77.58583278951663	32.59779923917431	23.646406294674517
GSM4138114_HNSCC_3_PBMC_CTCTACGAGTGAACGC	1208.978187460223	25.671808925885344	0.0	28.69573151878565	0.0	43.42046867457936	0.0	0.0	0.0
GSM4138114_HNSCC_3_PBMC_CTGTGCTCATGCTAGT	831.9300489002892	0.0	0.0	0.0	68.76431162506351	10.573101163212392	0.0	0.0	0.0
GSM4138114_HNSCC_3_PBMC_CTGTTTAAGAAACGAG	658.5179149944182	10.08379676327067	0.0	16.137369972423045	0.0	23.376166794379532	0.0	13.548139543678912	0.0
GSM4138114_HNSCC_3_PBMC_GACCTGGAGGATGGAA	1230.949846452931	22.82990082828832	0.0	0.0	8.652486628218087	25.729275681255007	0.0	0.0	0.0
GSM4138114_HNSCC_3_PBMC_GATGAGGAGACGCACA	1133.1861691206586	61.385930346366685	92.35019521962344	68.55539133708595	0.0	11.434660147854833	0.0	0.0	0.0
GSM4138114_HNSCC_3_PBMC_GATGCTATCTATCCCG	1218.387511593909	31.56660664758412	0.0	0.0	125.57220910295834	48.5585979214404	0.0	58.10878048407953	0.0
GSM4138114_HNSCC_3_PBMC_GATTCAGCATAACCTG	1044.1643880794466	0.0	49.017199907070285	0.0	53.65206224759006	0.0	15.07800836983259	0.0	12.985119340917114
GSM4138114_HNSCC_3_PBMC_GCCTCTATCTGACCTC	1034.7401611502626	15.604555011764209	75.17404928366477	32.338761697963726	0.0	0.0	11.865501463645236	16.58413249461114	0.0
GSM4138114_HNSCC_3_PBMC_GCGCGATAGCGTAGTG	1335.81993209167	0.0	0.0	0.0	69.42242551857619	0.0	37.23098358381413	62.78840540235892	3.9121126807098223
GSM4138114_HNSCC_3_PBMC_GCTTCCATCAGAGACG	1392.181805297673	0.0	0.0	0.0	0.0	0.0	38.0199872240943	0.0	8.119366885165826
GSM4138114_HNSCC_3_PBMC_GCTTGAAAGATCACGG	1124.883163920933	0.0	0.0	71.0694791825854	0.0	0.0	0.0	10.270655820892468	17.148881447975853
GSM4138114_HNSCC_3_PBMC_GGAAAGCCACAGTCGC	1516.2331969336637	0.0	0.0	0.0	0.0	0.0	21.556055842306943	41.03081105907184	4.6152253677926485
GSM4138114_HNSCC_3_PBMC_GGTGTTAGTTATGTGC	871.3988199122728	0.5839532254105237	0.0	42.41243120821812	0.0	29.4335432441021	0.0	16.812149907063077	0.0
GSM4138114_HNSCC_3_PBMC_GTATCTTCATTACCTT	1729.1163097847314	0.0	0.0	0.0	0.0	0.0	0.0	0.0	0.0
GSM4138114_HNSCC_3_PBMC_GTCACAAAGCTGCCCA	1239.6944821801928	42.19755063286248	0.0	0.0	75.46782530241694	13.803163641289919	0.0	81.38470596760112	0.0
GSM4138114_HNSCC_3_PBMC_GTCATTTTCCTCTAGC	1124.0313973479992	0.0	77.5871853439519	0.0	72.92446195133338	0.0	24.59276414376657	0.0	0.0
GSM4138114_HNSCC_3_PBMC_GTGTTAGGTGTATGGG	973.9186605215241	0.0	90.43813604501892	0.0	0.0	0.0	26.43785040334953	0.0	49.106962779056275
GSM4138114_HNSCC_3_PBMC_GTTCATTCATCACGAT	1343.8061763635944	0.0	25.69618836819334	0.0	9.027507833559284	0.0	46.653310018784545	0.0	0.0
GSM4138114_HNSCC_3_PBMC_GTTTCTAGTGGTTTCA	1198.3580908076176	19.049517572196002	16.177277349648282	0.0	30.916302983565433	0.0	0.0	0.0	0.0
GSM4138114_HNSCC_3_PBMC_TACTTACAGGGTCGAT	1131.884067531857	0.0	60.95070341909958	0.0	0.0	0.0	0.0	0.0	24.614533341541794
GSM4138114_HNSCC_3_PBMC_TCGAGGCGTACGCTGC	1403.9896873774335	71.4559253106896	0.0	71.53672958029395	0.0	30.69817865742047	0.0	69.7251728490596	0.0
GSM4138114_HNSCC_3_PBMC_TCGTAGAAGAAACCTA	1407.4511146933112	0.0	65.2489835674063	0.0	0.0	0.0	42.31586843509549	0.0	0.0
GSM4138114_HNSCC_3_PBMC_TGCCCTAAGTGTTAGA	1430.8292633650665	0.0	11.272726467338343	3.8478127293081315	0.0	0.0	0.0	0.0	17.918456167048955
GSM4138114_HNSCC_3_PBMC_TGGCTGGAGGGATGGG	1474.0829763117222	0.0	0.0	0.0	33.66114836299463	0.0	0.0	0.0	13.186860895983815
GSM4138114_HNSCC_3_PBMC_TTAGGACAGTCCTCCT	1791.720714725699	0.0	0.0	0.0	0.0	0.0	0.0	0.0	0.0
GSM4138114_HNSCC_3_PBMC_TTATGCTCAGTATAAG	522.177393331772	0.0	11.865324043596758	0.0	0.0	0.0	0.0	0.0	38.56287509281477
GSM4138114_HNSCC_3_PBMC_TTCCCAGGTCTCCCTA	1232.4482305142476	0.0	38.35749900100567	26.922036080484308	0.0	0.0	0.0	78.140596538124	0.0
GSM4138114_HNSCC_3_PBMC_TTCCCAGTCACTCCTG	1319.232867353518	0.0	86.21944156945325	43.36250734929201	21.63677681880595	9.374020080142492	0.0	0.0	23.53058577933056
GSM4138114_HNSCC_3_PBMC_TTCTACATCCGCATCT	990.0245083267312	0.0	0.0	0.0	0.0	0.0	80.46589469088792	0.0	2.4809664848489588
GSM4138114_HNSCC_3_PBMC_AAAGATGTCTCCCTGA	435.4719109011754	27.512726150609502	89.02014534866005	135.00402610185927	0.0	0.0	41.028873477064586	22.41744887252967	0.0
GSM4138114_HNSCC_3_PBMC_AACTCCCGTCTGATCA	353.1575836687671	28.65553506419013	27.091675090429156	0.0	90.09684560128056	0.0	20.43418207576332	0.0	0.0
GSM4138114_HNSCC_3_PBMC_ACGCAGCCATCCAACA	439.530491635025	116.81529576877199	55.01421106591888	84.59983931691524	15.748003275190603	8.576352863599293	0.0	0.0	0.0
GSM4138114_HNSCC_3_PBMC_ACTATCTAGCCTCGTG	361.7423772689165	24.298794773382212	74.55024161504541	53.07147610563889	0.0	35.29597852547334	0.0	0.0	0.0
GSM4138114_HNSCC_3_PBMC_ACTGAACTCAGCATGT	509.1151786388369	75.6601591067966	0.0	77.89822489456651	0.0	0.0	101.83568059481264	97.21660887778735	0.0
GSM4138114_HNSCC_3_PBMC_ATCCGAACATAACCTG	487.9917251752232	78.0457511247791	47.76661266037704	58.63572058637674	0.0	0.0	29.07353634001492	0.0	0.0
GSM4138114_HNSCC_3_PBMC_ATTTCTGTCCGTTGCT	540.6019105427987	101.70047750665303	83.89702979205543	129.14892195777944	0.0	0.0	71.25043758694152	0.0	0.0
GSM4138114_HNSCC_3_PBMC_CAAGATCGTTCACGGC	343.8180966024361	23.753726153491865	58.0102505024683	0.0	100.83774187019624	0.0	45.09158698224423	0.0	0.0
GSM4138114_HNSCC_3_PBMC_CGTGTCTGTTGGAGGT	419.7253407390988	103.66460920246138	85.85113546964433	60.84976209347607	0.0	32.08656384006637	37.22052719765329	0.0	0.0
GSM4138114_HNSCC_3_PBMC_CTACACCGTAAGTGTA	495.45981677312915	68.18196689607396	32.22455735363029	100.8461895156652	0.0	0.0	15.620099357082115	0.0	0.0
GSM4138114_HNSCC_3_PBMC_GACGTTAGTGGTCTCG	468.9945871844302	21.881091368326224	16.864207125083073	100.97546224061145	0.0	25.11234583855843	0.0	0.0	0.0
GSM4138114_HNSCC_3_PBMC_GCACTCTGTGGTGTAG	357.4174440309552	49.950049345868415	41.53318723038749	127.19322702721819	0.0	55.79491142016424	0.0	0.0	0.0
GSM4138114_HNSCC_3_PBMC_GGGCATCAGACTACAA	492.13565223597857	39.25454825899397	27.542347677492295	52.774233607054256	0.0	28.122073579054835	21.577684470692553	0.0	0.0
GSM4138114_HNSCC_3_PBMC_GTCAAGTTCTTTACAC	439.03247333195145	61.386574795660614	55.627757297613655	74.28233837782346	0.0	51.819689056752615	0.0	0.0	0.0
GSM4138114_HNSCC_3_PBMC_GTGCTTCCACTATCTT	438.1801247650352	59.97208994942863	0.0	36.71873057968853	40.335021629864634	68.59205965766131	0.0	73.28976662794257	0.0
GSM4138114_HNSCC_3_PBMC_TTCTACACACACCGAC	422.9173877257799	63.87788280807499	115.9984291541621	0.0	94.31386186867749	0.0	20.883464794534323	0.0	0.0
GSM4138114_HNSCC_3_PBMC_TTGACTTTCGCGATCG	429.51469001248836	13.273421438406093	60.81829593506549	0.0	103.27682484053425	29.338870070944395	0.0	0.0	70.94789569833542
GSM4138114_HNSCC_3_PBMC_ACTGTCCCACTAGTAC	343.3881488820173	72.92931007160679	59.18706660695234	21.459571238568643	65.45430181261912	0.0	44.520903552068326	0.0	0.0
GSM4138114_HNSCC_3_PBMC_CTCATTATCGAATCCA	415.98034329690216	68.47740378665031	81.28753440214798	71.08640983635927	0.0	33.08408181739063	0.0	19.85440343469344	0.0
GSM4138114_HNSCC_3_PBMC_GAACCTATCGACAGCC	626.763945857946	80.99390939724316	19.94324980715111	101.22313265219717	0.0	0.0	40.05182812539369	43.86799168576021	0.0
GSM4138114_HNSCC_3_PBMC_GCGCCAACATTTGCCC	435.9006344043439	43.63597036760016	6.1291120017974	87.24086279466204	0.0	55.153047887873534	0.0	0.0	0.0
GSM4138114_HNSCC_3_PBMC_GGGAGATCAATTCCTT	336.5993652620053	41.06778925860752	21.2934086344927	91.32040920412057	0.0	44.63825878025966	0.0	0.0	0.0
GSM4138114_HNSCC_3_PBMC_GTGAAGGAGAAGGTGA	383.44505963007254	83.31593395601492	0.0	102.23482432038111	0.0	66.64661383570778	0.0	42.32510681981333	0.0
GSM4138114_HNSCC_3_PBMC_TACCTATTCGAGAGCA	277.25705250595024	37.83310529541091	58.283731801493765	0.0	27.357282722865637	0.0	75.46348693672552	0.0	0.0
GSM4138114_HNSCC_3_PBMC_TAGCCGGGTTGATTCG	324.18190941355726	27.700563458294614	0.0	73.32010145356016	0.0	39.45217574527418	34.86678399266495	55.68301664320864	0.0
GSM4138114_HNSCC_3_PBMC_TCTTTCCTCGCCGTGA	453.47065641478326	70.7694339798259	0.0	109.41346056180059	0.0	5.792798272076397	5.956939043989591	62.45363439559515	7.626264918571134
GSM4138114_HNSCC_3_PBMC_TGTGGTAGTTGCCTCT	533.007466325937	29.28804431168199	59.687384262853925	76.38318146496593	20.19036077838247	54.86533203596857	0.0	20.30095441767133	0.0
GSM4138114_HNSCC_3_PBMC_ATTATCCTCCTCCTAG	787.8664775588294	80.5654911812973	67.38074291726414	0.0	192.03181786746768	86.04839376838513	55.91308714175193	0.0	0.0
GSM4138114_HNSCC_3_PBMC_CGAGAAGAGCTACCTA	815.0810658598753	72.30651692385558	0.0	175.60219149667023	0.0	90.41239773739744	0.0	0.0	0.0
GSM4138114_HNSCC_3_PBMC_GACTACACACCGCTAG	716.491433951299	71.13986240362888	0.0	26.23181580335243	0.0	48.39913440001049	0.0	68.66868974007627	0.0
GSM4138114_HNSCC_3_PBMC_GGCTCGAGTCTGATCA	598.281319873367	33.89786999813413	38.648210481827164	93.88816893698973	0.0	46.864217182483586	0.0	0.0	0.0
GSM4138114_HNSCC_3_PBMC_TCAGATGTCAGTTTGG	547.6595183294461	45.58861022210541	44.95604468702544	0.0	86.44458459989399	27.705494654794254	72.0706932672503	0.0	0.0
GSM4138114_HNSCC_3_PBMC_TCGAGGCAGAACAATC	1395.5136404811058	59.93262204919343	26.799836611924277	182.76573689858742	0.0	114.25368961486699	0.0	0.0	0.0
GSM4138114_HNSCC_3_PBMC_TGGGCGTGTCATTAGC	409.637657475794	17.039266213062977	84.13976664690315	61.18079010534729	0.0	44.050742415565274	0.0	0.0	0.0
GSM4138114_HNSCC_3_PBMC_TTCCCAGAGGACAGCT	578.4238260517099	43.91644391032363	0.0	0.0	59.42376937587016	0.0	70.10063528214634	20.528163668550572	0.0
GSM4138114_HNSCC_3_PBMC_ACACCAACATGCATGT	655.6834725756804	75.93534489400028	12.556557562112841	60.26314931743843	0.0	55.69021754848078	0.0	11.628274203530227	0.0
GSM4138114_HNSCC_3_PBMC_ACGATACGTGTGGTTT	1464.1553705856704	28.751588556423776	17.454869790754085	112.2181250589769	0.0	122.70474998774192	0.0	8.978077761007592	0.0
GSM4138114_HNSCC_3_PBMC_AGAATAGTCACCATAG	846.4686968699868	66.32818563749201	118.19956476339011	27.569378257055998	0.0	15.638631453300295	0.0	0.0	0.0
GSM4138114_HNSCC_3_PBMC_AGCCTAATCCTGCCAT	332.0001375020702	2.6600051332965173	42.850373314954034	0.0	23.602304252441154	35.730157670951904	0.0	0.0	0.0
GSM4138114_HNSCC_3_PBMC_CAACCAAGTTGAGGTG	497.90908655510543	0.0	0.0	43.65626181660435	0.0	0.0	0.0	13.319174420771441	25.43440680631379
GSM4138114_HNSCC_3_PBMC_CACACAACATGCCTAA	936.9683094668038	26.660844656187244	24.213478391798777	0.0	68.20639247297792	42.862948012906436	1.722338478043019	0.0	0.0
GSM4138114_HNSCC_3_PBMC_CCACTACAGGTGCTAG	438.65493792343796	20.95415620640318	0.0	63.92224062826211	0.0	44.867048723894044	0.0	26.206105147988936	0.0
GSM4138114_HNSCC_3_PBMC_CGTCACTCAGATTGCT	1204.0689436231278	0.5067954425621475	0.0	38.44852027246103	0.0	127.62607752734091	0.0	90.66410078511436	0.0
GSM4138114_HNSCC_3_PBMC_CTCGGGAGTCTAGCGC	1641.7836020414143	47.111588158261554	0.0	14.866570305220263	0.0	48.62616279682259	0.0	0.0	0.0
GSM4138114_HNSCC_3_PBMC_GACCTGGCAGTCACTA	914.6865892910271	16.86013645091907	4.515992703482364	0.33961086900380677	68.8241210321193	0.0	6.117776553252998	0.0	0.0
GSM4138114_HNSCC_3_PBMC_GCTCTGTAGTCAAGCG	884.9124285194152	72.96545585681538	0.0	0.0	49.68813171601336	42.448219514111194	0.0	44.382358881073564	0.0
GSM4138114_HNSCC_3_PBMC_GGAACTTAGAGAGCTC	943.2096938784823	76.34929819452073	31.80112583977814	76.06917467004662	0.0	106.0361946536276	0.0	0.0	0.0
GSM4138114_HNSCC_3_PBMC_GGCGACTGTTCCACTC	781.0626722963214	22.26048687794018	38.912298258103405	82.05488171275658	0.0	0.0	24.54619971211163	0.0	0.0
GSM4138114_HNSCC_3_PBMC_GTTTCTACACACAGAG	383.0581209599924	54.02984238184828	1174.1077145727995	109.96638684461914	0.0	0.0	78.31238469358371	0.0	0.0
GSM4138114_HNSCC_3_PBMC_TGCGTGGCAGTCGATT	862.9159974141453	83.20224826309001	70.88093333374698	0.0	106.8468524754497	0.0	25.305545233691554	0.0	0.0
GSM4138114_HNSCC_3_PBMC_TTATGCTGTTACGACT	824.0759883677326	43.74974576878226	76.00263544670297	45.07943378229649	0.0	21.082554767194377	0.0	0.0	0.0
GSM4138114_HNSCC_3_PBMC_AAAGCAATCCCGACTT	944.5806672850675	127.56182501850634	36.745965327568925	182.66604538236638	0.0	0.0	67.60066883166184	0.0	0.0
GSM4138114_HNSCC_3_PBMC_AAAGTAGGTTCAGACT	688.1252509002251	149.71065693565717	76.65010799729319	212.69960797062978	0.0	123.85575430981228	0.0	0.0	0.0
GSM4138114_HNSCC_3_PBMC_ACGTCAAAGAGCTGGT	956.2549009920453	190.88079352031983	0.0	167.3736838317599	0.0	101.5416570326432	0.0	97.1390886327225	0.0
GSM4138114_HNSCC_3_PBMC_ACTTGTTAGCAGATCG	611.900556798655	166.7788817985024	104.27687706969478	149.26048016971845	0.0	0.0	79.70945424108798	0.0	0.0
GSM4138114_HNSCC_3_PBMC_AGCTCCTGTCTGCAAT	744.3508335340201	132.83117888885403	73.35081056359905	0.0	211.92553768100927	0.0	116.46633476070909	74.66520924970492	0.0
GSM4138114_HNSCC_3_PBMC_ATCTGCCTCTCCGGTT	895.6271178699667	159.87828198445052	204.9771412955848	58.22223674378993	180.05985185038932	199.02977275716222	0.0	0.0	0.0
GSM4138114_HNSCC_3_PBMC_CACAAACGTCTCTTAT	914.3405109468366	135.887944034105	187.29303837033723	195.96538157716668	0.0	118.80755243164714	0.0	0.0	0.0
GSM4138114_HNSCC_3_PBMC_CATCAAGCACAGATTC	802.4453587800152	117.72437286242327	0.0	252.17025944595693	0.0	81.13684254664564	0.0	123.34361958183011	0.0
GSM4138114_HNSCC_3_PBMC_CGTCCATGTAATCACC	680.6008019936938	139.21359651330138	77.5105309093425	166.8068872471003	0.0	138.47042364601654	0.0	94.09140840533635	0.0
GSM4138114_HNSCC_3_PBMC_CGTTCTGGTCCGAGTC	647.1463088580587	115.28663393677415	192.56352049694084	197.9961491468766	0.0	98.7741313863061	0.0	0.0	0.0
GSM4138114_HNSCC_3_PBMC_CTACGTCAGAGGACGG	672.9332640940148	208.09285161127806	10.149363694842371	66.77289521404559	57.81790850622445	106.04002767816237	0.0	44.599178165075195	0.0
GSM4138114_HNSCC_3_PBMC_GACGCGTGTTCCGGCA	643.1994360579832	126.05464743075632	147.53117065732232	0.0	195.68327678279917	67.3345494676058	0.0	0.0	0.0
GSM4138114_HNSCC_3_PBMC_GGCCGATCATGTAAGA	733.760460920522	112.61507548921577	136.18546315027788	0.0	145.19525896173394	121.08759362167831	0.0	0.0	0.0
GSM4138114_HNSCC_3_PBMC_GTATTCTTCTGTGCAA	711.2243896727466	165.0652828269104	0.0	213.72893358142213	0.0	197.9964662245943	0.0	192.89932729123987	0.0
GSM4138114_HNSCC_3_PBMC_GTCAAGTAGTGCTGCC	772.8258356136381	76.6636183922429	42.537557771802014	207.2018663190022	0.0	182.18177331299194	0.0	0.0	0.0
GSM4138114_HNSCC_3_PBMC_GTCTCGTAGGCTAGAC	660.6067037403418	148.37487369759663	182.23013663610377	0.0	126.7906038140895	143.66009813128332	0.0	0.0	0.0
GSM4138114_HNSCC_3_PBMC_TCTGGAAAGTGGTAAT	629.3944195099762	87.00070187850426	142.76762082565347	0.0	149.38801785850995	94.68578430478124	0.0	0.0	0.0
GSM4138114_HNSCC_3_PBMC_TGGCCAGGTCCAAGTT	748.0807742623947	137.7764212535327	69.5808133016517	150.54118269033407	0.0	113.52924516180754	0.0	0.0	0.0
GSM4138114_HNSCC_3_PBMC_AACTGGTGTGTGGCTC	1008.1510001602801	335.83788630268765	0.0	278.4518738385383	0.0	0.0	235.00553528667697	190.0818648154445	0.0
GSM4138114_HNSCC_3_PBMC_AAGACCTAGTTTGCGT	751.0669897732452	441.15328778681334	0.0	228.01340958747028	0.0	193.60473313125445	0.0	226.68460288950652	0.0
GSM4138114_HNSCC_3_PBMC_ACATCAGAGTGTCCAT	1032.8774987898712	0.0	0.0	0.0	368.3577475122622	0.0	215.07663192146552	244.64203100283373	359.21575924521835
GSM4138114_HNSCC_3_PBMC_ACGGCCACATGGTCTA	730.1396260361885	138.0184226127716	196.9129782846196	208.75156554768978	0.0	263.3027124075765	0.0	0.0	0.0
GSM4138114_HNSCC_3_PBMC_ACTTGTTGTTGTGGAG	527.5406003167744	180.0262260552873	5.153856932314896	333.17908829576663	0.0	282.4534653420672	0.0	0.0	0.0
GSM4138114_HNSCC_3_PBMC_AGCGTATCAGCTCGCA	0.0	0.0	0.0	607.5217317574978	3956.1979785434814	0.0	0.0	0.0	0.0
GSM4138114_HNSCC_3_PBMC_CCATTCGAGACAGGCT	828.7633363078355	194.7781991239961	117.79239593446283	347.0061492215396	0.0	276.36385347179424	0.0	0.0	0.0
GSM4138114_HNSCC_3_PBMC_CCTTCGATCTCGCTTG	769.2415672458776	281.39244371283786	0.0	292.26778600032065	0.0	224.27197815717966	0.0	69.20557454905317	0.0
GSM4138114_HNSCC_3_PBMC_CGCGTTTAGACTAGGC	922.7904470055571	0.0	0.0	0.0	360.55532480618416	0.0	313.0168648925578	219.55127575691037	294.71192055132957
GSM4138114_HNSCC_3_PBMC_CTACATTTCTTTACGT	680.7820244975051	420.8632306578618	39.50771973437374	141.02296815887388	198.05337964441924	283.8749764837969	0.0	63.95040572161189	0.0
GSM4138114_HNSCC_3_PBMC_CTAGCCTAGACCGGAT	761.3750155839524	198.72525428556688	108.49911492815973	308.54756838705674	0.0	213.99186692321067	0.0	0.0	0.0
GSM4138114_HNSCC_3_PBMC_GACGTTAGTACCATCA	880.8555184830835	309.6727628103177	0.0	445.6491372230822	0.0	329.6539554418579	0.0	220.36750036644457	0.0
GSM4138114_HNSCC_3_PBMC_GCGCAGTCAACTGGCC	886.9579678647372	216.50450657641366	129.8177422618113	346.2927579018803	0.0	329.4863303307122	0.0	0.0	0.0
GSM4138114_HNSCC_3_PBMC_GCTCTGTCACACTGCG	1031.8608992664076	355.3111285271573	78.57569884088748	209.82772345398567	0.0	382.7952284270919	0.0	0.0	0.0
GSM4138114_HNSCC_3_PBMC_GCTGCAGTCCGGCACA	887.9949799598961	215.06220939847577	0.0	323.4561657063906	0.0	259.73144328878914	0.0	75.74372823886442	0.0
GSM4138114_HNSCC_3_PBMC_GTAGTCACACAAGCCC	566.7339767988426	169.00368044655474	264.5525397759704	295.9513019510322	0.0	236.66081263507243	0.0	0.0	0.0
GSM4138114_HNSCC_3_PBMC_GTCAAGTAGGCGTACA	249.1733311961014	188.57261166218854	64.18696039838717	114.3850723071582	0.0	52.587003757687555	0.0	0.0	0.0
GSM4138114_HNSCC_3_PBMC_TACGGATAGATCGATA	769.1954751948122	151.39942958627745	67.9861286250778	313.68740380739564	0.0	238.16839407994556	0.0	105.8807514137976	0.0
GSM4138114_HNSCC_3_PBMC_TCAACGATCTGGGCCA	951.8865173494431	211.02597650260188	164.4313803950356	0.0	311.7560023505162	0.0	330.55847512645835	0.0	82.18654661549515
GSM4138114_HNSCC_3_PBMC_TGGGCGTGTTAGTGGG	897.6954012114849	257.1326713744673	0.0	0.0	258.85662255304624	0.0	269.4181375863313	44.52465766642849	0.0
GSM4138114_HNSCC_3_PBMC_TTGGAACCAGTCACTA	789.2126001640913	197.2803565007911	0.0	288.6181957860491	8.226867886483705	211.22927927797588	0.0	164.79208229797126	0.0
GSM4138114_HNSCC_3_PBMC_ACTGTCCCAGCGATCC	76.0151141784768	1549.3485436140818	0.0	0.0	187.26469020288357	82.17361391949196	0.0	11.39872113391491	0.0
GSM4138114_HNSCC_3_PBMC_AGATTGCGTCATACTG	0.0	1346.7476462976128	0.0	53.827114522427806	0.0	0.0	8.526203343519814	0.0	72.14370998725778
GSM4138114_HNSCC_3_PBMC_CACACAAGTGAACCTT	0.0	1185.6696394099592	0.0	0.0	0.0	0.0	0.0	0.0	896.8907528602045
GSM4138114_HNSCC_3_PBMC_GCGCAACCATCTGGTA	29.853715089440893	1546.9068997624056	33.91008489339918	43.81381386075992	0.0	0.0	0.0	0.0	0.0
GSM4138114_HNSCC_3_PBMC_TACGGATGTCTCATCC	0.0	1804.7204472385458	0.0	0.0	0.0	0.0	18.000089960249074	0.0	0.0
GSM4138114_HNSCC_3_PBMC_TAGAGCTTCGGAATCT	0.0	1645.1778498184206	0.0	0.0	0.0	0.0	0.0	0.0	183.2077921400761
GSM4138114_HNSCC_3_PBMC_TTGGAACGTACACCGC	28.408529461677254	1442.6137493525014	0.0	0.0	73.72481964188567	0.0	15.36435616683326	0.0	485.9587901577502
GSM4138114_HNSCC_3_PBMC_GCAGCCACACCACGTG	485.48607418407767	99.52471369782357	40.44473887300361	0.0	80.23824429736737	59.24364918014901	0.0	0.0	0.0
GSM4138114_HNSCC_3_PBMC_TAGTTGGTCGAGAGCA	538.5072632939203	62.92857879518305	66.86001605243767	0.0	84.26841220396376	29.854679768988042	0.0	0.0	0.0
GSM4138114_HNSCC_3_PBMC_GGACAAGGTTACGACT	698.8261774187657	49.80780214608053	55.10558394088859	65.14877075169218	0.0	0.0	24.738215461421646	0.0	0.0
GSM4138114_HNSCC_3_PBMC_AGCTTGACATAACCTG	0.0	0.0	0.0	0.0	0.0	0.0	4462.867553075366	0.0	0.0
