	1	2	3	4	5	6	7	8	9	10	11	12
GSM4138114_HNSCC_3_PBMC_AAACGGGTCTAGAGTC	69.08618472728524	97.41981792346047	40.40583157008947	0.0	0.0	67.65515369235806	66.85025899680663	97.84927616462538	0.0	0.0	0.0	0.0
GSM4138114_HNSCC_3_PBMC_AAAGATGCACTACAGT	69.38322501889019	95.80843715853844	56.773555801796945	82.06465422816314	31.685710771898155	50.269247384983395	0.0	19.871580931485106	7.733350569629747	0.0	0.0	0.0
GSM4138114_HNSCC_3_PBMC_AAATGCCTCTCCAGGG	90.50283443723045	166.44119459616024	91.02526858296375	0.0	45.34147555875786	0.0	101.14897361303814	38.44463542092394	0.0	0.0	97.32788190260784	0.0
GSM4138114_HNSCC_3_PBMC_AACACGTAGAGTGAGA	105.45967625534121	98.9797653071396	116.66941009602466	0.0	33.941268427627456	4.57855522429454	99.88031385934144	0.0	0.0	0.0	71.78793990574093	0.0
GSM4138114_HNSCC_3_PBMC_AAGGCAGGTTTAAGCC	69.80709261982547	82.10630185116025	59.07776859465701	87.880838760088	72.60603858883148	60.976072976256916	0.0	0.0	0.0	0.0	0.0	0.0
GSM4138114_HNSCC_3_PBMC_ACACCAAGTATAAACG	42.789075732934485	133.69786117941115	78.39067004469494	0.0	51.52706857664434	0.0	46.475637722120545	0.0	0.0	0.0	77.62992343687553	0.0
GSM4138114_HNSCC_3_PBMC_ACATACGTCCACTCCA	32.44778746970833	76.70032601503077	64.15656891818486	37.42724287570789	0.0	0.0	0.0	41.3925971360745	54.42878731911652	0.0	0.0	22.934007752618175
GSM4138114_HNSCC_3_PBMC_ACTATCTAGGAGTTTA	96.56151840402654	268.63967743010136	73.02302733087592	0.0	0.0	11.200806399130055	168.70594460055776	102.17468728198955	0.0	0.0	0.0	0.0
GSM4138114_HNSCC_3_PBMC_ACTGAACTCACCTTAT	100.37747594896221	76.14710487723595	69.3364849464452	74.69132065771653	72.53213009253967	0.0	39.37653226414298	0.0	0.0	60.64284459912148	0.0	0.0
GSM4138114_HNSCC_3_PBMC_ACTTTCACAGCTGTTA	72.66466160143264	78.15454440525511	63.17392680474824	99.08376612348354	73.0841751797571	0.0	0.0	0.0	0.0	33.914775470962056	0.0	0.0
GSM4138114_HNSCC_3_PBMC_AGCTCTCAGGTGATAT	74.6531580430414	70.15430143223126	54.414797823105765	95.8933773439973	62.18624977306183	36.28340910119513	30.43630524027062	0.0	44.361182152114	0.0	0.0	0.0
GSM4138114_HNSCC_3_PBMC_AGCTCTCCAGCCTGTG	48.45384732678759	47.519593345462	38.606515223900544	101.5781278883263	0.0	18.73713692860172	0.0	55.12770535194833	0.0	0.0	0.0	0.0
GSM4138114_HNSCC_3_PBMC_AGTCTTTCAAAGGTGC	97.4299472952774	167.0473885334341	67.13898228833416	81.91044353882765	75.87000463401871	4.416630695021585	25.485442058129735	0.0	0.0	0.0	0.0	0.0
GSM4138114_HNSCC_3_PBMC_AGTGAGGGTCAGCTAT	55.70413533716649	110.76272727473079	143.35552949500274	0.0	121.57736917367052	0.0	70.29216252043895	0.0	30.26158990645279	4.702072698972526	0.0	0.0
GSM4138114_HNSCC_3_PBMC_AGTGGGATCACCACCT	76.94956092492666	98.5409746607789	71.65679527450712	0.0	80.70150239811238	62.10137098235739	118.01176960429497	0.0	0.0	0.0	0.0	0.0
GSM4138114_HNSCC_3_PBMC_ATCCACCTCCCTCAGT	77.11488029191744	74.53025173015756	43.403979525624116	0.0	49.312382514585956	15.562181383834147	64.3563307985095	0.0	12.149787238653003	0.0	0.0	0.0
GSM4138114_HNSCC_3_PBMC_ATCGAGTGTCTAAACC	95.23363558134956	288.2623051169316	123.97624055476724	132.8386459161259	160.56070531229716	26.502687230106606	161.67501368814268	0.0	0.0	39.59620794292076	0.0	0.0
GSM4138114_HNSCC_3_PBMC_ATCTACTGTGACGCCT	74.41473270673723	78.07025248941456	54.04881517145065	9.330960539851324	0.0	0.0	69.22842762918299	68.96296298984001	52.22617076237479	0.0	48.02652028682623	0.0
GSM4138114_HNSCC_3_PBMC_CAAGAAAGTGCTTCTC	51.96739616375819	30.838098682452294	73.20257815834866	78.51261410855616	0.0	42.114245878990964	0.0	69.32329603837913	0.0	0.0	16.313919547483476	0.0
GSM4138114_HNSCC_3_PBMC_CAAGGCCGTTCCCGAG	131.62354525080056	47.80665723827119	67.3032082411596	88.38230272627474	69.28115463083519	47.05533952784551	0.0	0.0	0.0	0.0	0.0	0.0
GSM4138114_HNSCC_3_PBMC_CAAGTTGTCAAGAAGT	105.4106495446654	96.68904519358243	23.022606812136477	57.05845740877304	0.0	59.56664243802019	0.0	59.7861746188978	32.09081807324393	0.0	0.0	0.0
GSM4138114_HNSCC_3_PBMC_CACAAACCAGCTGGCT	128.1817074601727	52.53450125355812	4.087573150047827	104.81408962451438	0.0	0.0	0.0	47.11423058688601	56.786807299239456	0.0	0.0	0.0
GSM4138114_HNSCC_3_PBMC_CACACAAAGAACAACT	106.40519761336506	70.64228368592536	46.90012268952359	178.76767684248497	65.6909685420472	58.094653679043596	0.0	0.0	0.0	0.0	0.0	0.0
GSM4138114_HNSCC_3_PBMC_CACATAGTCCGCAAGC	65.5894558562472	92.82815211826752	86.93463652938041	7.763390661583646	0.0	111.61554650133513	88.20995095357473	61.32064577011992	0.0	0.0	0.0	0.0
GSM4138114_HNSCC_3_PBMC_CACCACTAGCAATATG	33.11887919150306	61.7084922827762	26.988230116011234	71.50728685404277	38.92844394320486	0.0	82.77218172520206	0.0	0.0	34.42129944547712	0.0	0.0
GSM4138114_HNSCC_3_PBMC_CATATTCAGTCCCACG	61.9183246653155	75.2360033828508	65.17598608312386	107.21509552688518	23.46152094940243	28.676689663023154	0.0	0.0	0.0	0.0	0.0	0.0
GSM4138114_HNSCC_3_PBMC_CATCAAGGTCGTCTTC	78.13622394424472	52.62578485453601	47.772967517309866	147.7347091853192	80.74635661849408	24.911388741198376	0.0	0.0	0.0	2.179074350886004	0.0	0.0
GSM4138114_HNSCC_3_PBMC_CATCAGACATACTACG	117.28229378667804	333.8772817248246	197.2826071745322	0.0	189.26316177461263	0.0	311.26553520903724	0.0	0.0	133.82814188586238	0.0	0.0
GSM4138114_HNSCC_3_PBMC_CATCGGGTCTTCTGGC	119.83458984867988	27.42332140467611	89.6984384551683	0.0	60.47261283211044	0.0	88.307043054827	0.0	0.0	48.143805956497474	0.0	0.0
GSM4138114_HNSCC_3_PBMC_CCACGGATCAGAGGTG	123.88739917289777	138.42472258838495	27.22605152095179	148.65360704727192	102.69888636843213	0.0	0.0	0.0	0.0	105.66000703968105	0.0	0.0
GSM4138114_HNSCC_3_PBMC_CCTACACTCGACAGCC	49.981421707640315	54.13058625327234	26.13034348667314	0.0	0.0	0.0	63.91686926505403	37.77543958002626	0.0	0.0	53.50653536712368	0.0
GSM4138114_HNSCC_3_PBMC_CCTTCCCGTAGCGTCC	43.70331672916477	70.91490110302783	54.59545157745073	15.22618920153561	53.79900644475254	0.0	53.421073223526065	0.0	42.52012760160547	0.0	0.0	0.0
GSM4138114_HNSCC_3_PBMC_CCTTCCCTCACATACG	58.109071807863394	78.63308375181809	58.54697019569963	34.15052608380096	69.03664957001432	63.47687859653515	46.67968655168013	0.0	0.0	0.0	0.0	0.0
GSM4138114_HNSCC_3_PBMC_CGAGCCAAGCGCTTAT	58.095054043535754	96.71316350557709	61.562263598921355	99.09505039868414	13.84254722539482	29.98030747899445	38.69418271698397	50.4537848137546	0.0	0.0	0.0	0.0
GSM4138114_HNSCC_3_PBMC_CGAGCCAGTCAAAGAT	65.65262908771545	559.7849805577586	239.38910134641733	0.0	88.28258773872861	54.17887257269087	230.74761810420324	0.0	0.0	0.0	0.0	0.0
GSM4138114_HNSCC_3_PBMC_CGCGGTATCATCACCC	105.49623471938054	134.39736251072287	80.98925639369418	12.769340711770095	101.18811359651933	91.98436655604888	103.73880805653145	0.0	0.0	0.0	0.0	0.0
GSM4138114_HNSCC_3_PBMC_CGCGTTTTCCCAAGTA	57.03821597563339	106.94478461377109	93.74500392389156	59.815020554960334	0.0	22.91919405267192	0.0	34.33077150230152	0.0	0.0	0.0	0.0
GSM4138114_HNSCC_3_PBMC_CGCTGGAGTAGCCTAT	176.8928579298067	73.06164943717081	64.39775374948199	0.0	81.4863950510282	0.0	124.9527333221893	0.0	0.0	91.62610653311707	0.0	0.0
GSM4138114_HNSCC_3_PBMC_CGGACGTGTAGATTAG	107.61315043555744	111.26032795637197	65.21121847387137	116.5066431730829	106.3036959858502	92.7776247780515	0.0	0.0	0.0	0.0	0.0	0.0
GSM4138114_HNSCC_3_PBMC_CGTCCATAGATGTGTA	33.104180668446055	75.4715873117842	72.1073992498257	71.40105365513068	67.51881232116745	27.631240121896543	33.01585674336899	0.0	0.0	0.0	0.5455316272309578	0.0
GSM4138114_HNSCC_3_PBMC_CGTCTACGTACCGAGA	74.57615026956184	84.25694834821499	84.16337284376073	88.57579120039566	68.11019151105292	116.00739878170728	0.0	0.0	0.0	0.0	0.0	0.0
GSM4138114_HNSCC_3_PBMC_CGTTCTGCACGTCTCT	76.03045810334646	88.8910433371831	74.72485446726681	58.582944687759806	53.44476376539029	57.88849298113299	4.98362153026597	0.0	0.0	0.0	0.0	0.0
GSM4138114_HNSCC_3_PBMC_CTAGAGTCAAGCCATT	88.0342734332362	32.07219044553189	59.02506069445522	102.11406332566925	0.0	0.0	0.0	28.448803301256227	0.0	0.0	96.81442111979707	0.0
GSM4138114_HNSCC_3_PBMC_CTCAGAAGTCAGTGGA	37.971380489257044	42.54917713366598	67.86233991654208	87.19387328997172	61.1992504284989	75.65539803596667	0.0	0.0	0.0	0.0	0.0	0.0
GSM4138114_HNSCC_3_PBMC_CTCATTACATCGGTTA	91.4798811338972	54.40355272677907	56.326164580306305	80.33296050979658	0.0	56.628477623166404	0.0	64.10037336807466	0.0	0.0	0.0	0.0
GSM4138114_HNSCC_3_PBMC_CTCATTATCGGAGCAA	40.86212096481441	45.21416231235176	120.2790359284231	0.0	0.0	77.9561426856653	62.176252107131575	43.5342171402292	0.0	0.0	0.0	0.0
GSM4138114_HNSCC_3_PBMC_CTGCTGTAGGACGAAA	83.15746887374922	44.667867684038036	44.95520758043067	151.8055830434516	24.98938976792113	0.0	0.0	23.32285883732701	31.65927805713919	62.35909503942353	0.0	0.0
GSM4138114_HNSCC_3_PBMC_CTGTTTAGTAAGTGTA	75.23414000390122	72.93392017237286	62.367789956608554	62.50655831210472	44.70580406215523	58.26976691422165	23.341551032654287	0.0	0.0	0.0	0.0	0.0
GSM4138114_HNSCC_3_PBMC_GAAATGACAGCTTAAC	54.5048525256332	69.32084075205888	48.98307019222418	0.0	54.404770315984536	32.09703773525769	111.19429954111361	0.0	0.0	0.0	0.0	0.0
GSM4138114_HNSCC_3_PBMC_GACCTGGGTTAAAGTG	52.14456475190881	72.8673392402965	16.548390988794555	68.43915110896403	39.444659822895865	0.0	0.0	0.0	33.86988158515937	38.00066077280622	0.0	0.0
GSM4138114_HNSCC_3_PBMC_GATCAGTTCATCTGCC	90.00496843577177	108.44585526955038	20.101766404244092	81.97302827321089	107.9042481097035	0.0	0.0	0.0	0.0	67.63929620645551	0.0	0.0
GSM4138114_HNSCC_3_PBMC_GATCGATTCGCCAAAT	65.90152424899819	87.02433480493562	107.78389367857932	103.69741581378175	77.49729940262588	0.0	0.0	0.0	0.0	66.26016437734918	0.0	0.0
GSM4138114_HNSCC_3_PBMC_GATCGTACATGCCCGA	49.054275073039925	55.21158507259755	60.95811715307461	82.31369085121138	0.0	13.392301238966079	0.0	69.00636057363815	37.15846242959122	0.0	0.0	0.0
GSM4138114_HNSCC_3_PBMC_GATCTAGGTCTTGATG	78.27822283079799	94.11975590353133	42.71507032714011	74.06812916104111	60.26963248715727	28.030968407088878	0.0	0.0	49.40254144943576	0.0	0.0	0.0
GSM4138114_HNSCC_3_PBMC_GCAAACTCAAACAACA	66.17380956106555	92.29362595137567	86.8885897044321	78.508218930618	78.61265114873687	74.09087016782098	0.0	0.0	0.0	0.0	0.0	0.0
GSM4138114_HNSCC_3_PBMC_GCAAACTGTTCTGTTT	53.91094127137015	69.81067778444611	68.58666933715362	106.32757170117101	38.04983816616375	71.86913363099471	0.0	0.0	0.0	0.0	0.0	0.0
GSM4138114_HNSCC_3_PBMC_GCACATATCAGGCGAA	79.34305141864365	95.13952918102984	136.937920542381	187.88437841426145	22.561961531173562	80.49131518160834	0.0	81.91030501693484	0.0	0.0	0.0	0.0
GSM4138114_HNSCC_3_PBMC_GCATGATCAGCTGTGC	66.49192559624622	105.32751203025117	20.826979891585708	5.287279439330755	40.6078331009293	0.0	0.0	0.0	95.44034381732865	0.0	0.0	0.0
GSM4138114_HNSCC_3_PBMC_GCGACCACAGGGTACA	63.63330979460293	86.08264398589083	28.31692317714692	81.21691212743555	33.88303087884923	0.0	26.35209459521047	0.0	0.0	68.50441229115442	0.0	0.0
GSM4138114_HNSCC_3_PBMC_GCGCAACTCGTTGCCT	50.30465710154736	48.68720950079625	21.91444827166026	0.0	0.0	18.106167440281666	48.830597131298305	59.538541629067865	28.896436800468944	0.0	29.490740507477998	0.0
GSM4138114_HNSCC_3_PBMC_GCGCCAACAAGGCTCC	54.5069717615806	184.89630083567698	62.55092330824831	89.77730560416121	0.0	56.96720376760576	0.0	57.03005304913378	0.0	0.0	0.0	0.0
GSM4138114_HNSCC_3_PBMC_GCTCTGTAGTGTCTCA	91.65100826848331	97.55157341072302	63.08592047275361	93.4058034815047	0.0	0.0	0.0	75.44629975952613	13.442934776592017	0.0	0.0	48.986686084325434
GSM4138114_HNSCC_3_PBMC_GCTGCTTAGATAGTCA	91.09520179516373	96.93471979862676	43.60226686628269	130.4052076917684	0.0	27.53441621434754	0.0	72.00645703520797	0.0	35.4786837780512	0.0	0.0
GSM4138114_HNSCC_3_PBMC_GGATGTTAGCTACCTA	188.43204341331574	107.87990211746106	90.36260283620467	0.0	0.0	75.42768167429465	92.19868761230322	104.87036185507966	0.0	0.0	0.0	0.8383315142195675
GSM4138114_HNSCC_3_PBMC_GGCCGATAGCACCGTC	74.39425068412498	83.75579188437298	99.21953863603945	72.3769007841124	0.0	108.4019902924072	0.0	94.66163501971084	0.0	0.0	0.0	0.0
GSM4138114_HNSCC_3_PBMC_GGCGTGTGTCCCTTGT	90.4878755578572	45.49263768531231	70.63147300156109	0.0	92.06831516262956	41.84261971959885	106.70767907099531	0.0	0.0	0.0	2.7484782931091023	0.0
GSM4138114_HNSCC_3_PBMC_GGGCACTTCAGCTCTC	60.71950259364874	70.82310179245823	106.951100737624	76.53916693206202	47.663870859171055	49.56728083307665	25.579898109745766	0.0	0.0	0.0	0.0	0.0
GSM4138114_HNSCC_3_PBMC_GTAGGCCTCAAAGTAG	120.77588310319183	64.21784603796303	67.87104206232398	0.0	36.90333372718449	0.0	82.64755102508575	2.786790088441755	0.0	0.0	53.03492160897744	0.0
GSM4138114_HNSCC_3_PBMC_GTATCTTAGCTAAACA	47.508233169137036	119.67833188359037	44.72757638326342	78.17027217184983	36.205884118032195	79.63757307110845	0.0	0.0	0.0	0.0	0.0	0.0
GSM4138114_HNSCC_3_PBMC_GTCTCGTCATCTCCCA	85.6973418596105	73.30154118570016	32.38033197242802	97.40289260030364	74.02994314865	57.62156098575001	0.0	0.0	11.31557257816654	0.0	0.0	0.0
GSM4138114_HNSCC_3_PBMC_GTGTGCGGTTCGCTAA	88.59558182468159	115.07806626940584	48.25526884681421	0.0	61.889023728733356	73.92675325395311	74.89343836178826	0.0	0.0	0.0	0.0	0.0
GSM4138114_HNSCC_3_PBMC_GTTACAGAGAGCTGCA	52.60913042631082	107.54160475965438	46.06987506914085	0.0	50.705422530767116	0.0	83.11290699454618	0.0	44.21657552941082	0.0	0.0	0.0
GSM4138114_HNSCC_3_PBMC_GTTCATTAGCTACCTA	52.350981824316975	71.96401414627881	104.40555475057428	62.82962560224825	58.878824167933786	0.0	10.023136139656097	5.057268115295417	0.0	26.35924713726788	49.84013960110936	0.0
GSM4138114_HNSCC_3_PBMC_TAAGTGCAGTTCGCAT	71.40318427042699	49.93664117998953	87.16262926371745	0.0	0.0	46.30962010284488	31.636038793696006	46.677133096345194	29.385845168778104	0.0	0.0	0.0
GSM4138114_HNSCC_3_PBMC_TACTTGTCAAGCGAGT	72.82534850562445	97.68545544327714	26.318663130943794	75.3298671317475	43.74313089299447	34.65541255651363	0.0	0.0	0.0	6.115269649079379	0.0	0.0
GSM4138114_HNSCC_3_PBMC_TAGACCATCCGGGTGT	90.14329532283199	27.116358270398816	19.388326888044976	0.0	53.583191898310936	59.120522669176076	110.32177996419334	0.0	0.0	0.0	16.602847339060045	0.0
GSM4138114_HNSCC_3_PBMC_TAGGCATAGCCACGCT	168.23217435841295	431.05857188060725	181.16315446848964	0.0	0.0	163.59320309906883	386.0383054386873	194.90738971299248	0.0	0.0	0.0	0.0
GSM4138114_HNSCC_3_PBMC_TATTACCAGTGACTCT	89.15709916350637	62.99186114123133	39.56774107771497	10.662798514364917	74.99837074749821	0.0	91.99931463356008	0.0	58.916508216002875	0.0	0.0	0.0
GSM4138114_HNSCC_3_PBMC_TCAACGACAGACACTT	51.81611503698285	83.30210201252025	87.4193523433367	0.0	0.0	66.99418779000484	69.91606941691475	49.67316485663634	0.0	0.0	0.0	0.0
GSM4138114_HNSCC_3_PBMC_TCAGGATTCCGTTGTC	62.78834047367825	111.85011354921252	22.176028341197895	25.09829232389964	48.200796265703524	91.9460561034019	4.378597879655567	0.0	0.0	0.0	0.0	0.0
GSM4138114_HNSCC_3_PBMC_TCATTTGGTTCCCGAG	89.2347219973993	43.06945569925044	65.90486491931773	71.2166202310385	0.0	16.412336960406858	0.0	37.47199049978481	0.0	12.053224263717334	0.0	0.0
GSM4138114_HNSCC_3_PBMC_TCGAGGCGTACTCTCC	80.55074674975428	70.97094891126106	23.27890263006016	0.0	53.851163890424935	0.8420132768008667	75.16102006633844	0.0	0.0	69.37008240119157	0.0	0.0
GSM4138114_HNSCC_3_PBMC_TCGCGAGTCTATCCTA	100.25689092536898	122.49093445691476	135.05521121677714	86.80675120800319	54.319433651551236	0.0	0.0	0.0	82.79722421367579	0.0	0.0	0.0
GSM4138114_HNSCC_3_PBMC_TCTGGAAGTGTAAGTA	57.90823218869403	69.1320816005669	51.92566846984742	0.0	56.47196345349393	0.0	75.87854497366419	0.0	65.4075442265621	0.0	0.0	0.0
GSM4138114_HNSCC_3_PBMC_TGACTAGTCTGAAAGA	55.01355600801314	68.47663573596498	32.46880041695278	93.39896687644323	43.521507983482145	51.88478083084289	0.0	0.0	0.0	0.0	0.0	0.0
GSM4138114_HNSCC_3_PBMC_TGACTTTCAATGGAAT	37.31931928958234	61.32079265443269	64.69673382964204	54.05819159268035	41.455795269410544	21.999619533444523	0.0	0.0	0.0	0.0	0.0	0.0
GSM4138114_HNSCC_3_PBMC_TGAGAGGGTCCGAATT	64.2004797132591	160.60107974577295	72.20701955941348	44.60481996784125	58.21693523732909	0.0	63.19105190372776	0.0	0.0	19.590252474449162	55.2909163668886	0.0
GSM4138114_HNSCC_3_PBMC_TGAGCCGGTACAGCAG	132.95168337549762	73.49450758609883	58.088539283274976	0.0	42.05740950057231	32.85249778930329	164.9062628228234	25.854635585900436	0.0	0.0	0.0	0.0
GSM4138114_HNSCC_3_PBMC_TGAGGGAAGGGTGTGT	67.07559709723643	174.22942944665235	216.92587957940722	137.2037096472914	101.55997655917808	0.0	0.0	0.0	0.0	20.579971926538644	0.0	0.0
GSM4138114_HNSCC_3_PBMC_TGAGGGAGTAGCCTAT	65.41937266998774	59.164339179552925	52.26671495099025	69.27520310104909	78.1609903483843	0.0	22.23737411640984	0.0	0.0	25.85691742168466	0.0	0.0
GSM4138114_HNSCC_3_PBMC_TGCGCAGAGGTAGCTG	70.99331562009587	75.06966236779326	62.31463923998624	0.0	0.0	0.0	106.92090611319615	53.93897331055838	55.09099397840943	0.0	0.0	0.0
GSM4138114_HNSCC_3_PBMC_TGGACGCGTTCCACAA	62.593271087535854	346.6332275348468	248.3250249085155	0.0	234.05438979229865	144.42757132137353	288.1465324644153	0.0	0.0	0.0	0.0	0.0
GSM4138114_HNSCC_3_PBMC_TTCTACAGTCTAGTGT	65.61461502611621	94.5280893111906	58.21028140039103	63.667999634537765	44.273616865511585	3.015163474805933	0.0	0.0	28.330636864575233	0.0	0.0	0.0
GSM4138114_HNSCC_3_PBMC_TTCTACATCTGCGTAA	122.03254573853793	131.85696433453595	108.82728965078108	0.0	151.65574920195087	45.308078430689285	155.92637752050567	0.0	0.0	0.0	0.0	0.0
GSM4138114_HNSCC_3_PBMC_TTCTCAAGTCAAGCGA	101.4780059161377	35.31248959635154	25.548917248637565	33.78885179010923	0.0	11.158659302244356	73.76289815115143	71.9593314227096	0.0	0.0	0.0	0.0
GSM4138114_HNSCC_3_PBMC_TTCTCAAGTTATGTGC	59.377750989365076	116.75953065183458	109.82439597894262	0.0	66.9977216295402	34.498905136632956	48.358990754509875	0.0	0.0	0.0	9.404746043539923	0.0
GSM4138114_HNSCC_3_PBMC_TTCTTAGAGGCTCTTA	71.7911247553721	58.424274573516364	33.625214209005776	50.87628405460688	0.0	68.26031765267918	0.0	74.08865624807736	0.0	0.0	0.0	0.0
GSM4138114_HNSCC_3_PBMC_TTTCCTCTCCTTTCTC	75.40075466004701	27.472159335542518	71.03920721851682	26.081571367764926	45.82494734123816	2.7502602188048617	16.020528762325387	0.0	37.36178891968026	0.0	0.0	0.0
GSM4138114_HNSCC_3_PBMC_TTTGTCACACGAAAGC	71.25997176098677	69.7352117605954	116.0662220968973	61.18523084823634	93.66971501460628	0.0	0.0	0.0	0.0	64.22013095329613	0.0	0.0
GSM4138114_HNSCC_3_PBMC_TGTGTTTTCCCATTAT	75.17656402394573	274.242391943876	323.84753940176273	220.6014066969484	0.0	0.0	53.575842073874576	120.71980319676203	0.0	0.0	0.0	0.0
GSM4138114_HNSCC_3_PBMC_AACCATGAGCTAAACA	113.3759838453728	93.64108515981066	15.337866364367732	0.0	82.52335607910526	0.0	83.3219604152884	0.0	0.0	0.0	66.20795941668814	0.0
GSM4138114_HNSCC_3_PBMC_AACTTTCCAGCCTTTC	105.90051338677696	62.79136775207609	94.43054783816372	0.0	54.29590305780511	0.0	120.76771905378463	0.0	10.404358208504437	0.0	66.69848568383965	0.0
GSM4138114_HNSCC_3_PBMC_AAGGTTCGTAAATGAC	35.58297330947158	55.6225421238097	93.71318402209683	79.82826845341131	64.61715777999925	0.0	26.882793697287674	0.0	30.563327795518237	0.0	0.0	0.0
GSM4138114_HNSCC_3_PBMC_ACAGCCGCATCCCACT	89.96929589250732	139.02992005436155	78.2912278919093	0.0	50.36486975633178	43.613344092292735	137.71976211023258	48.69345583914723	33.11514660622539	0.0	0.0	0.0
GSM4138114_HNSCC_3_PBMC_ACATACGGTCACTGGC	139.47914922161942	90.92337140915998	86.04138082272867	103.37541858510414	0.0	83.23820534714889	0.0	76.7546095647564	27.571934028077997	0.0	0.0	0.0
GSM4138114_HNSCC_3_PBMC_ACCCACTCATGGTCAT	59.91938675043273	49.97793016176177	94.0516494423862	46.1531242350731	51.10778879074576	0.0	49.429985554267375	17.115359043677927	63.01318863698483	0.0	0.0	0.0
GSM4138114_HNSCC_3_PBMC_ACGATGTGTACCATCA	97.47033791758741	104.60036943830913	82.32736803320186	0.0	42.88506947640389	0.0	129.37475990399489	75.98121766656143	0.0	0.0	105.68657084653492	0.0
GSM4138114_HNSCC_3_PBMC_ACGCCAGCACACTGCG	113.91708049201769	79.25009863593657	67.07413107207068	110.60941505130027	90.85642234944567	18.205013090006098	42.65608884614033	0.0	72.93178773717212	0.0	0.0	0.0
GSM4138114_HNSCC_3_PBMC_ACGGGTCGTTACGACT	121.25132300104545	57.410847727034295	36.236435992702745	69.78948434753747	50.17505782656533	28.514087088764896	0.0	0.0	0.0	0.0	0.0	0.0
GSM4138114_HNSCC_3_PBMC_ACGGGTCTCTGCCCTA	78.33359880160519	60.60347432911885	44.45063979674794	0.0	62.755674066549716	0.0	42.63425423721346	0.0	0.0	0.0	40.729517288045756	0.0
GSM4138114_HNSCC_3_PBMC_ACTTACTGTCATGCAT	32.00933770703023	143.54209077524064	32.39784028962637	92.25961543892102	40.97099816476393	0.0	0.0	0.0	0.0	30.812213096970574	29.177285419986987	0.0
GSM4138114_HNSCC_3_PBMC_ACTTGTTAGAGTAAGG	120.6408676573511	45.6690044145752	86.4442913976729	5.325298919378909	60.513694139838854	0.0	84.34248864812785	0.0	0.0	0.0	17.19052549824073	0.0
GSM4138114_HNSCC_3_PBMC_AGCGTCGCAACTGCGC	47.01781872645402	61.0034577867055	103.41658123207688	0.0	61.88898927315433	0.0	73.36660872944768	0.0	52.98659593089136	0.0	35.47355162736779	0.0
GSM4138114_HNSCC_3_PBMC_AGCTTGAAGGAGCGTT	73.01478564095174	41.23966478646322	78.69778381447027	91.3210514964362	48.35453663511007	3.865778298674412	13.198854955517179	0.0	23.96489738765359	0.0	0.0	0.0
GSM4138114_HNSCC_3_PBMC_AGGGATGCATCCGCGA	71.48446030743952	80.22840157980559	61.76736086807267	127.69736190349177	69.76318088782746	0.06806007449054867	0.0	0.0	53.05726333558617	0.0	0.0	0.0
GSM4138114_HNSCC_3_PBMC_AGGTCATAGTTGCAGG	133.88568210045696	145.74315934025478	31.350599347714386	71.51726371148607	131.9006471626961	0.0	0.0	0.0	115.93030714786882	0.0	0.0	0.0
GSM4138114_HNSCC_3_PBMC_AGGTCCGTCAGCTGGC	45.75352411661614	68.9867063149433	64.5924293673475	73.95508221063612	26.396742381321943	19.76962849443793	0.0	0.0	0.0	0.0	0.0	0.0
GSM4138114_HNSCC_3_PBMC_AGTGGGATCGATAGAA	93.47591442578968	64.63402043840608	54.08112088197279	0.0	62.17345630255442	0.0	127.021381647116	0.0	103.89455931302037	0.0	0.0	0.0
GSM4138114_HNSCC_3_PBMC_AGTGTCAAGTGTACTC	71.40181463046034	68.17311161666348	46.59696882532165	105.57086216085098	0.0	61.371434332385654	0.0	52.04507358937849	0.0	0.0	0.0	0.0
GSM4138114_HNSCC_3_PBMC_ATAGACCAGTGACATA	109.71656526112287	128.49175041276806	127.01338438318514	115.30110323677991	0.0	43.85474259500647	0.0	123.78230157698486	0.0	0.0	0.0	0.0
GSM4138114_HNSCC_3_PBMC_ATCACGAGTAAGTTCC	52.59098009071528	139.96691981195812	25.93738282062377	42.78309014656739	26.72125297580539	25.694647927152836	37.31806980922403	43.34880681031991	0.0	0.0	0.0	0.0
GSM4138114_HNSCC_3_PBMC_ATGGGAGTCACGCGGT	104.26782623801202	134.71613798375435	97.1054359685935	146.94775352800747	90.54777159444066	63.48778589564299	0.0	0.0	0.0	0.0	0.0	0.0
GSM4138114_HNSCC_3_PBMC_ATTGGACTCTCTTATG	39.023791761644205	57.53692004819097	21.53027470833738	0.0	43.36443051423959	38.81584009317912	37.069695468841125	0.0	0.0	0.0	0.0	0.0
GSM4138114_HNSCC_3_PBMC_CAACCTCGTACATCCA	67.1764875954623	122.55904468583141	60.136131070603156	0.0	25.414083506514682	98.1508754801153	99.84162031333825	0.0	0.0	0.0	0.0	0.0
GSM4138114_HNSCC_3_PBMC_CAACTAGCACAACGCC	77.91576444710432	82.22468044241059	81.39487860988135	84.04999020643605	59.2023605210794	0.0	0.0	0.0	22.32633673570025	0.0	0.0	0.0
GSM4138114_HNSCC_3_PBMC_CAAGAAATCTATGTGG	85.18807900849517	71.85326444764992	56.235508564791495	78.96811822729188	37.26945323485651	13.850594732641639	0.0	14.450608774743953	35.37473763953912	0.0	0.0	0.0
GSM4138114_HNSCC_3_PBMC_CAAGATCCACCAGATT	97.39804257865482	74.51650304149486	51.54408948777102	0.0	57.919006298743085	0.0	79.27506612165234	0.0	75.14156415536928	0.0	0.0	0.0
GSM4138114_HNSCC_3_PBMC_CAGTAACAGCAACGGT	57.41010170719605	91.27676366943287	76.03310408873494	67.38904614740967	33.469380565107784	39.94656618926147	0.0	0.0	0.0	0.0	0.0	0.0
GSM4138114_HNSCC_3_PBMC_CATATGGCAAGTAGTA	94.79572274573053	153.9811306747501	55.63059289946623	84.99234609995467	0.0	63.73433668421302	47.83749401868519	111.28785099927806	0.0	0.0	0.0	0.0
GSM4138114_HNSCC_3_PBMC_CATATGGGTACGAAAT	69.16104243425997	82.63759582319095	90.96111665737435	26.98836668211469	0.0	65.9499388673155	0.9261397531432883	82.73227352801231	0.0	0.0	0.0	0.0
GSM4138114_HNSCC_3_PBMC_CATCCACTCGCATGGC	105.29016313818495	108.20306902618736	84.95835745115517	100.51640376999603	123.33611269877103	7.099746045503466	13.55190740956725	0.0	0.0	60.45453987734294	0.0	0.0
GSM4138114_HNSCC_3_PBMC_CCAGCGATCACAATGC	88.70721515609901	74.99711960279838	64.25901483244954	105.4801739497935	22.53106276672573	77.84620260457334	0.0	80.61103506834256	0.0	0.0	0.0	0.0
GSM4138114_HNSCC_3_PBMC_CCCATACGTTTGGGCC	83.78084571507286	109.73655561472592	129.67717199651182	0.0	80.19165944521775	0.0	120.72644485637025	0.0	28.024152868615168	37.70034732995142	0.0	0.0
GSM4138114_HNSCC_3_PBMC_CCGGGATTCAGCTCGG	108.72829678033531	53.82964219514791	67.1000202784168	52.44579048058081	61.697667528353556	48.471388172010506	0.0	0.0	0.0	0.0	0.0	0.0
GSM4138114_HNSCC_3_PBMC_CCGGTAGAGGACAGAA	182.08351474235704	253.76352855415064	97.0836239414678	197.40064924207343	70.03215511008936	133.56842462204023	0.0	69.43377114863773	0.0	0.0	0.0	0.0
GSM4138114_HNSCC_3_PBMC_CCGGTAGCAGCATGAG	105.74655488855956	43.89523150642734	36.71289732756945	92.63558625630324	61.79551148909927	62.59084889800458	0.0	0.0	0.0	0.0	0.0	0.0
GSM4138114_HNSCC_3_PBMC_CCGTACTCATCGATGT	60.89820678035483	62.66946027381896	39.27051445962782	115.08130509595047	77.99237463483777	38.37431801381158	0.0	0.0	0.0	0.0	0.0	0.0
GSM4138114_HNSCC_3_PBMC_CCTATTAGTCCAAGTT	27.608050225067135	59.81767103243369	62.60770745755223	0.0	71.38614451316573	42.18115169828585	54.78499018985521	0.0	0.0	0.0	0.0	0.0
GSM4138114_HNSCC_3_PBMC_CCTTCGAGTGGCTCCA	141.6324469498229	94.48004972347634	46.4764961140327	40.315787934625845	85.6463068660718	42.070091420174755	0.0	0.0	0.0	0.0	0.0	0.0
GSM4138114_HNSCC_3_PBMC_CCTTTCTCAAAGGCGT	85.70531478918818	144.50240465692121	116.24996781277248	92.60589929624888	72.91957127670729	30.98533407497452	0.0	0.0	0.0	0.0	0.0	0.0
GSM4138114_HNSCC_3_PBMC_CGAGAAGAGTGCGTGA	69.77266258336081	64.13367899576204	37.561506943033635	0.0	0.0	0.0	72.52697242693333	68.6766880597176	53.94205231824613	0.0	0.0	0.0
GSM4138114_HNSCC_3_PBMC_CGATGTAAGGACTGGT	162.59635897039493	65.4690284042682	53.39305355243405	0.0	86.49497279349585	0.0	58.160692186914375	0.0	0.0	88.20311449877508	0.0	0.0
GSM4138114_HNSCC_3_PBMC_CGGACACGTGACCAAG	93.11843086912337	87.37834993270596	63.20274159713948	55.22873873534729	0.0	69.53023207815343	54.68210884179227	77.9455409112942	0.0	0.0	0.0	0.0
GSM4138114_HNSCC_3_PBMC_CGGACTGGTTCTGTTT	124.28745594322415	82.78328375655303	19.729811745355118	78.54948904958407	52.47581936192115	0.0	0.0	0.0	54.86246023654567	0.0	0.0	0.0
GSM4138114_HNSCC_3_PBMC_CGGGTCACATCTATGG	48.80824174389954	29.715757138947698	36.2660311919578	56.46539751746806	0.0	0.0	0.0	54.09901977758312	61.59116922607307	0.0	0.0	0.0
GSM4138114_HNSCC_3_PBMC_CGTGTCTTCATGCTCC	102.76903873763708	103.27231421716029	51.06708371413579	102.98291742009158	37.60628318605372	36.48136650838326	0.0	0.0	61.37695024745319	10.216274942555573	0.0	0.0
GSM4138114_HNSCC_3_PBMC_CTAACTTGTGGCAAAC	84.39544860000683	97.28695414702705	47.846604868023036	129.35958410514323	0.0	70.92543354629854	51.187654895200716	54.029792583212085	0.0	0.0	0.0	0.0
GSM4138114_HNSCC_3_PBMC_CTAACTTTCAGCTGGC	101.84222639937643	17.47954116852799	80.17227636891967	82.12177149227445	111.46063612100698	0.0	0.0	0.0	80.42433133160218	0.0	0.0	130.69576332259516
GSM4138114_HNSCC_3_PBMC_CTCGAAACAAGGACAC	108.33088120204536	129.49011974023696	75.06543299400396	0.0	43.759745273117744	108.04694440727783	128.12994775835804	33.46718063713984	0.0	0.0	0.0	0.0
GSM4138114_HNSCC_3_PBMC_CTCTACGAGTGCGTGA	60.352983672778194	84.36837892035776	46.69133153229917	1.8878676744297165	63.90003222830351	45.21466164679201	42.837930170381355	0.0	0.0	0.0	0.0	0.0
GSM4138114_HNSCC_3_PBMC_CTGAAGTAGAAACCGC	55.59454311394031	49.15620799318822	55.95642342141323	0.0	0.0	0.0	73.26889249304678	50.26993824002334	0.0	0.0	100.3195906533886	0.0
GSM4138114_HNSCC_3_PBMC_CTGAAGTCACTAAGTC	104.71328549429187	89.74787441255948	29.78046246695717	26.458743940621062	101.69632683116062	0.0	74.585758260574	0.0	0.0	42.36956358858112	0.0	0.0
GSM4138114_HNSCC_3_PBMC_CTGTTTACACAACGTT	90.98295924381416	81.38719935095206	69.6050065497448	21.40584116716634	64.80582223512202	0.0	0.0	0.0	0.0	38.10859893790989	0.0	0.0
GSM4138114_HNSCC_3_PBMC_GAACGGATCAGGTTCA	55.292421979685436	31.508506293406725	54.97633388651574	0.0	93.15815769220934	10.739509502023704	121.06570104414729	0.0	0.0	36.445023569883645	0.0	0.0
GSM4138114_HNSCC_3_PBMC_GACCTGGCAAGACACG	99.92886610581158	90.39619319427683	92.611406547907	167.0713023959037	88.86354446976823	0.0	0.0	0.0	0.0	61.12230745048506	0.0	0.0
GSM4138114_HNSCC_3_PBMC_GACGCGTAGTTAGGTA	87.78781070410925	75.43783786734924	22.29930698793922	56.67388324311594	47.606554180663295	0.0	94.9485710081055	7.560514413980592	65.16893525661133	0.0	0.0	0.0
GSM4138114_HNSCC_3_PBMC_GACTACAAGCGTTCCG	116.25520155890634	131.86773967526278	129.67339165023546	0.0	119.86424504491228	140.66614974893326	138.09917968943486	0.0	0.0	0.0	0.0	0.0
GSM4138114_HNSCC_3_PBMC_GCACATAGTTGTCGCG	122.90283581868435	84.96588395641777	56.52621940514292	13.494671638755399	69.16670775640732	82.59150979325054	112.52292348005082	0.0	0.0	2.6332244884536555	0.0	0.0
GSM4138114_HNSCC_3_PBMC_GCATACAGTCAGATAA	35.97317096395988	113.24698982628304	24.87094325506132	0.0	0.8376434711609475	0.0	146.39278189547196	17.437669780152984	74.30740988650999	0.0	0.0	0.0
GSM4138114_HNSCC_3_PBMC_GCATGTAGTATGAAAC	47.139738433157234	73.85334619768585	62.33152166995724	0.0	26.073777207017404	0.0	71.63818493871425	5.513749318293226	0.0	47.54855938018292	0.0	0.0
GSM4138114_HNSCC_3_PBMC_GCCAAATGTCCTAGCG	51.2806716509373	58.3568112708109	89.79379153618589	0.0	0.0	0.0	58.719520508210124	77.86212189794617	82.97774788004072	0.0	0.0	0.0
GSM4138114_HNSCC_3_PBMC_GCGCAGTAGTTGTAGA	75.5794330782337	97.60356669955844	61.5884964382323	61.60473407165187	67.62469051084743	13.929400369027366	0.0	0.0	85.92896395427303	0.0	0.0	0.0
GSM4138114_HNSCC_3_PBMC_GGAAAGCCATGGTTGT	113.42906651733705	57.280961292103115	39.31995804741143	82.60601467243629	53.567653143348714	30.984887313226224	0.0	0.0	11.350277748650228	18.927784921659235	0.0	0.0
GSM4138114_HNSCC_3_PBMC_GGAAAGCTCACAACGT	142.30301038027648	97.21491976498388	35.11730719826815	160.03129187378954	85.2389578720377	0.0	3.8196922671948794	0.0	0.0	8.668426862965326	20.289375342123627	0.0
GSM4138114_HNSCC_3_PBMC_GGACAAGTCGCCGTGA	156.6324074375404	177.22823514659598	87.20439737043489	179.65427610326665	0.0	0.0	0.0	122.89344594228841	108.71973338423969	0.0	0.0	0.0
GSM4138114_HNSCC_3_PBMC_GGACGTCTCGACGGAA	54.59740951875354	113.49351088371276	73.77758793448582	91.40001274412003	57.19482228085449	0.0	0.0	0.0	0.0	30.52394975997185	0.0	0.0
GSM4138114_HNSCC_3_PBMC_GGATTACTCCACGCAG	116.90330062813113	116.97038740157794	40.44479097019673	85.63018847656257	0.0	98.78554403128214	5.159066413746657	73.10613131472097	0.0	0.0	0.0	0.0
GSM4138114_HNSCC_3_PBMC_GGGAATGGTCAAGCGA	72.26745919184343	82.2531209166852	58.66480872634271	0.0	58.77230939135861	81.74614882572331	57.4591376708841	0.0	0.0	0.0	0.0	0.0
GSM4138114_HNSCC_3_PBMC_GTACGTAGTAACGCGA	75.33522794612314	137.18710321363505	71.61717899920299	0.0	0.0	0.0	141.86242007961033	57.19811248666654	89.40445898451034	0.0	0.0	0.0
GSM4138114_HNSCC_3_PBMC_GTATTCTAGGCTAGGT	70.39971139727677	81.04153634584213	59.75694886263343	0.0	73.77832810531777	0.0	193.7572187132638	0.0	39.09001234332067	0.0	0.0	0.0
GSM4138114_HNSCC_3_PBMC_GTATTCTGTGCTAGCC	62.11180985365026	62.09779602872033	109.36822106204183	44.53143046621833	62.88543869363719	0.0	0.0	0.0	96.7616564212749	0.0	0.0	0.0
GSM4138114_HNSCC_3_PBMC_GTGCAGCTCTAAGCCA	61.15869522872876	58.00234826248025	24.753386133330718	64.98642353739055	0.0	41.52235725807299	0.0	83.79205192479051	0.0	0.0	0.0	0.0
GSM4138114_HNSCC_3_PBMC_GTGCGGTGTGTGTGCC	59.317525128129546	93.92074109044027	107.60359119332176	85.81337918835192	74.00258355844092	44.412229889333275	0.0	0.0	0.0	0.0	0.0	0.0
GSM4138114_HNSCC_3_PBMC_GTGCTTCTCCTAGGGC	64.76168285522897	78.56456277080355	42.86175738595796	58.82856393461719	0.0	0.0	30.65254785822269	25.02670022939441	82.99086803603794	0.0	0.0	0.0
GSM4138114_HNSCC_3_PBMC_GTTAAGCGTCTCCATC	111.08603338260355	64.38917010643131	47.43239115228924	114.95201403073054	38.690076534801925	28.622369433621333	0.0	0.0	3.8095258120586495	17.990730230616396	0.0	0.0
GSM4138114_HNSCC_3_PBMC_GTTAAGCTCTGCCCTA	80.96322770735462	66.97503800071814	49.32016283590664	66.70758622068146	0.0	80.57888756493941	75.20807686887275	72.48244836584642	0.0	0.0	0.0	0.0
GSM4138114_HNSCC_3_PBMC_GTTCGGGGTTAGTGGG	142.44787264771765	101.94343599875155	102.0393259151358	95.52194179482868	76.77087438273223	31.88135030432093	0.0	0.0	0.0	38.86700964538042	0.0	0.0
GSM4138114_HNSCC_3_PBMC_GTTCTCGGTGGCGAAT	62.81646498840673	70.0158988840572	14.271183810622956	80.4693354397962	22.23379654465957	0.0	0.0	56.16678864859185	37.33560504266247	0.0	0.0	0.0
GSM4138114_HNSCC_3_PBMC_TACACGAAGTACCGGA	78.52358425692539	62.33711507482796	30.79209312706516	82.49181051633452	3.387004982329052	52.89407128538173	0.0	48.36521715185123	0.0	0.0	0.0	0.0
GSM4138114_HNSCC_3_PBMC_TATCTCAAGGCGTACA	71.92795302415598	31.579914694113782	76.02056859820271	43.00719741912991	0.0	56.084537128200104	137.6423235312259	66.5302933884684	0.0	0.0	0.0	0.0
GSM4138114_HNSCC_3_PBMC_TATCTCAGTACTCAAC	75.2386656248486	60.925914410199226	107.34382984959863	41.18163195044368	54.79757039951378	0.0	9.671197453810425	0.0	0.0	79.05502675472688	0.0	0.0
GSM4138114_HNSCC_3_PBMC_TATGCCCCATGCCTTC	118.84965801735292	69.9493190997346	74.5054412451979	103.53169331498084	93.67377640754194	0.0	0.0	0.0	86.43437363663598	0.0	0.0	0.0
GSM4138114_HNSCC_3_PBMC_TCACAAGCAAGCGATG	92.90846052669993	62.03334796876399	41.24189707842004	42.59847239386948	0.0	38.64796715716783	0.0	63.405824337831	0.0	0.0	0.0	0.0
GSM4138114_HNSCC_3_PBMC_TCAGCTCCACATTTCT	75.81487306352	90.07189358215957	83.52809003318177	95.6964488150496	59.54604701385852	15.937544222958966	0.0	0.0	33.86592918272244	17.54530990290615	0.0	0.0
GSM4138114_HNSCC_3_PBMC_TCAGGATCACCGAAAG	128.7114506610737	83.52265020471552	36.887415396022654	62.789000907163036	33.74640971782745	28.698463942114746	20.42836272801494	0.0	0.0	0.0	0.0	0.0
GSM4138114_HNSCC_3_PBMC_TCATTTGGTTGGACCC	58.13492646432993	62.298196089980685	70.21731140992254	59.557024077174304	0.0	0.0	0.0	37.802189127413854	17.47056177807212	0.0	0.0	0.0
GSM4138114_HNSCC_3_PBMC_TCGCGTTCAGATCGGA	99.05472703701645	84.0128766360357	58.693008320484026	140.92622754395273	73.84544074623057	54.36156727271047	0.0	0.0	0.0	0.0	0.0	0.0
GSM4138114_HNSCC_3_PBMC_TCGTACCGTCCTAGCG	124.69413250608831	48.73141049435745	130.38836218773906	126.88619521586578	90.46624114353972	48.584633901530374	0.0	0.0	0.0	0.2733580575619437	0.0	0.0
GSM4138114_HNSCC_3_PBMC_TCTCTAAGTGATGTCT	25.065612237753598	83.3141732090114	70.0009367184805	85.70901269814472	0.0	37.750724478142885	0.0	94.27205923792151	0.0	14.625675748016853	0.0	0.0
GSM4138114_HNSCC_3_PBMC_TCTCTAATCCTGTACC	59.81768812083191	49.967204541057136	32.57787464811104	0.0	57.83392497421493	0.0	113.5595352049092	0.0	76.0385144131898	0.0	0.0	0.0
GSM4138114_HNSCC_3_PBMC_TCTGGAAAGAGTGACC	70.76854886034364	83.25403552734113	259.5382834538183	29.840901156142486	68.26708717084595	86.16703604502169	74.80175854742258	0.0	0.0	0.0	0.0	0.0
GSM4138114_HNSCC_3_PBMC_TCTTTCCGTCCGCTGA	41.2463925129525	62.417474901317156	55.90349985455508	0.0	29.910601444559845	51.921388380679396	116.28984780442902	0.0	0.0	0.0	0.0	0.0
GSM4138114_HNSCC_3_PBMC_TGAAAGACAGACAAAT	90.20461124932075	81.48684293234463	122.75785539217497	98.44667044219587	73.59721730891835	35.631709004966154	0.0	0.0	0.0	0.0	0.0	0.0
GSM4138114_HNSCC_3_PBMC_TGACGGCGTAAGGGCT	93.84213003930732	52.67860958287636	30.27379527663195	133.5108718836903	21.112336843115774	0.0	0.0	33.97585959153536	62.581776532614235	0.0	0.0	0.0
GSM4138114_HNSCC_3_PBMC_TGCTGCTCAACGCACC	53.61622569929598	70.20703652894667	85.65738207508039	0.0	73.47020968938243	17.927909613560697	87.09800087058802	0.0	0.0	7.822026918767921	32.73211421922915	0.0
GSM4138114_HNSCC_3_PBMC_TGTATTCTCCCTAACC	78.72021338418229	81.09072781998819	86.93037859064361	0.0	43.99209336256025	0.0	54.30668775062155	0.0	0.0	52.85110944826897	0.0	0.0
GSM4138114_HNSCC_3_PBMC_TTAACTCTCCTGCTTG	86.89931127311263	99.33568902605353	52.382880967842475	86.87168774084701	53.234846485198204	0.0	0.0	0.0	0.0	81.22552738451061	0.0	0.0
GSM4138114_HNSCC_3_PBMC_TTCTCCTTCTTGTATC	102.60642622638564	124.74860238874874	125.50817824390315	0.0	0.0	51.2469480049556	173.57080920482312	125.00388657471322	29.443501904836094	0.0	0.0	0.0
GSM4138114_HNSCC_3_PBMC_TTGGCAACAGATCCAT	138.27594371816357	12.250998935119311	73.23180562995579	23.768585428111706	0.0	0.0	3.3780749082318566	72.4370377892825	60.322404525514806	0.0	0.0	0.0
GSM4138114_HNSCC_3_PBMC_AAACCTGCACCAGCAC	390.07524373991765	171.76542246256838	127.0440654395018	84.46889771212338	45.33074296995393	90.82530403355459	0.0	56.032065597980086	0.0	0.0	0.0	0.0
GSM4138114_HNSCC_3_PBMC_AATCCAGCATAAGACA	231.6324743061506	289.8643818860938	160.66342076957977	190.03990708099008	150.77771496121608	108.4901584725961	0.0	0.0	0.0	0.0	0.0	0.0
GSM4138114_HNSCC_3_PBMC_ACCGTAAGTCTTCGTC	2919.8237335108633	0.0	0.0	0.0	0.0	0.0	0.0	0.0	0.0	0.0	0.0	0.0
GSM4138114_HNSCC_3_PBMC_ACGGAGACATGGGACA	139.1914499489499	155.07691946028692	129.48058121952073	0.0	85.10126669298563	0.0	103.17582096879312	0.0	0.0	36.98321170386686	108.44654302785835	0.0
GSM4138114_HNSCC_3_PBMC_ACGGGCTTCTTGCAAG	234.987082895676	229.6663657848451	164.50456519935472	127.89423656472404	98.43373131023655	0.0	0.0	0.0	87.83622020256934	0.0	0.0	0.0
GSM4138114_HNSCC_3_PBMC_ACTTACTGTTGGTAAA	0.0	0.0	2836.225782339077	0.0	0.0	0.0	0.0	0.0	0.0	0.0	0.0	403.5088685749795
GSM4138114_HNSCC_3_PBMC_ACTTTCACATTCTTAC	187.847162827424	183.3257783804159	257.9732537107041	16.210090361220516	149.95357626489889	81.19736155531537	106.79296878479035	0.0	0.0	0.0	0.0	0.0
GSM4138114_HNSCC_3_PBMC_AGACGTTGTCGGCATC	199.92536111991893	173.75479195280712	122.05795953383092	123.83628320580175	82.83766536630824	59.53986691152718	0.0	0.0	0.0	4.166175699624603	0.0	0.0
GSM4138114_HNSCC_3_PBMC_AGAGTGGCACCTCGGA	302.31389643810894	239.16404880441104	244.8737140427874	152.00142646434892	54.69366456849668	172.09053771106937	14.822563603897525	96.44433430714069	0.0	0.0	0.0	0.0
GSM4138114_HNSCC_3_PBMC_AGGGTGAGTGCACTTA	218.26575955088006	226.81910621330925	112.5546646183127	68.38221952679795	35.03786757756799	87.7195003832653	44.42866566631934	112.81991843792176	0.0	0.0	0.0	0.0
GSM4138114_HNSCC_3_PBMC_AGTAGTCCATAGACTC	129.38511616619027	152.77135460427218	85.11525693796567	73.09893800801773	0.0	66.84153824175876	0.0	59.0105489185428	0.0	0.0	0.0	0.0
GSM4138114_HNSCC_3_PBMC_ATAAGAGGTATTCGTG	242.53743515959238	209.577826066441	227.09255891071825	25.168978375656106	74.64122661295332	129.98256523893488	107.78382493208376	0.0	0.0	0.0	0.0	0.0
GSM4138114_HNSCC_3_PBMC_ATGCGATTCGTGACAT	220.69797743124684	422.96748724870736	159.7291769962273	0.0	293.02516058927824	0.0	203.5250306496762	0.0	217.1585197091653	0.0	0.0	0.0
GSM4138114_HNSCC_3_PBMC_ATTTCTGAGTAGATGT	278.67511985868225	209.88664860586343	272.315974538153	76.71158428596621	125.15702770294965	171.06537447757532	0.0	0.0	0.0	0.0	0.0	0.0
GSM4138114_HNSCC_3_PBMC_ATTTCTGTCGTAGGAG	60.73971043833376	94.46734629521941	95.97303212792453	59.894123821721095	29.80065174611519	41.33598489401387	0.0	62.31078906961734	0.0	0.0	0.0	0.0
GSM4138114_HNSCC_3_PBMC_CAAGAAACATGGAATA	312.53463349810744	314.5025395244651	184.51939909987675	119.74197571291043	149.09540879833557	133.10997822415715	0.0	0.0	0.0	0.0	0.0	0.0
GSM4138114_HNSCC_3_PBMC_CACAGTAGTGATAAGT	198.14519770520823	179.117871331717	226.8524296769027	138.28812943374786	97.08510934257673	86.4523366465419	0.0	0.0	0.0	0.0	0.0	0.0
GSM4138114_HNSCC_3_PBMC_CAGTAACAGTACGCGA	229.12612761110609	244.8541053139189	227.90090451892797	0.0	0.0	125.70879772732057	224.07302152947247	162.3153858830652	0.0	0.0	0.0	0.0
GSM4138114_HNSCC_3_PBMC_CATCGAAGTAGCGCTC	204.20811687692228	186.01851333371903	225.36579063923776	92.59800578649968	175.56335403323368	99.97577003064065	0.0	0.0	0.0	0.0	0.0	0.0
GSM4138114_HNSCC_3_PBMC_CATGGCGCACTACAGT	191.94504347368894	246.90906239148464	126.98807299123038	0.0	109.03134841501789	83.00116194407808	228.0318747396575	0.0	0.0	0.0	0.0	0.0
GSM4138114_HNSCC_3_PBMC_CCTATTAGTAGCCTCG	188.6321400791047	244.95862954475925	175.99428468727172	159.80132283912118	112.62533770422752	149.7302722006112	0.0	0.0	0.0	0.0	0.0	0.0
GSM4138114_HNSCC_3_PBMC_CCTTCCCTCAGCATGT	243.7396933286835	226.2541447336662	157.94731714425112	0.0	0.0	107.43960811381282	136.18856537560623	118.11577707067651	0.0	0.0	0.0	0.0
GSM4138114_HNSCC_3_PBMC_CGGACGTCATCGGACC	216.96679850336582	210.41151114066005	138.65861457048686	102.94138927313384	0.0	79.02150866465102	0.0	129.7521516966888	53.666009232109275	0.0	0.0	0.0
GSM4138114_HNSCC_3_PBMC_CGGACTGTCACGACTA	182.55735653210877	133.7810196763438	198.28984841080097	128.45597378090076	97.01931197187068	89.50219427320565	0.0	0.0	0.0	0.0	0.0	0.0
GSM4138114_HNSCC_3_PBMC_CGTAGGCAGTAAGTAC	182.62897569066243	154.44736863861544	125.43205619223707	126.84415035855896	0.0	89.39709110122011	19.703669309037807	106.63694566127094	0.0	0.0	0.0	0.0
GSM4138114_HNSCC_3_PBMC_CGTGAGCAGAAGGGTA	234.32334091519215	204.39559918692498	162.87535150865315	0.0	145.99780339512776	105.88866160055144	233.3299739387774	0.0	0.0	0.0	0.0	0.0
GSM4138114_HNSCC_3_PBMC_CGTTGGGGTGATAAGT	240.88488854663007	114.62682752113327	177.54453632416087	0.0	86.6828989694758	101.37564212382998	78.09764727487978	0.0	0.6152917419440423	0.0	0.0	0.0
GSM4138114_HNSCC_3_PBMC_CTAACTTCATACAGCT	0.0	3306.720283438722	0.0	0.0	0.0	0.0	0.0	0.0	0.0	0.0	0.0	0.0
GSM4138114_HNSCC_3_PBMC_CTACATTCAGTCAGCC	195.50297427525524	100.42538236973262	213.93598344672196	0.0	52.61361007709147	41.75895782513336	129.48521498646448	0.0	0.0	0.0	4.342882536552992	0.0
GSM4138114_HNSCC_3_PBMC_CTAGTGATCTTTCCTC	289.99887144635596	152.34557329897487	218.75625876284414	127.61276741455083	122.02301042038805	148.72314824657244	0.0	0.0	0.0	0.0	0.0	0.0
GSM4138114_HNSCC_3_PBMC_CTCGGGAAGAAGCCCA	242.76558755543857	210.8172421974817	178.2897520147961	107.4489895675633	83.89877437707553	174.49194134461635	0.0	46.552544346241845	0.0	0.0	0.0	0.0
GSM4138114_HNSCC_3_PBMC_CTCTACGAGTGAACGC	197.78122837254912	163.1759531453881	126.71958599710737	131.98382933349916	0.0	129.8423078566788	0.0	121.23107982141809	0.0	0.0	0.0	0.0
GSM4138114_HNSCC_3_PBMC_CTGTGCTCATGCTAGT	121.04078176810692	126.65952641240344	89.17924404927061	140.16305186886564	0.0	70.82255847397103	0.0	64.35405157181145	0.0	0.0	0.0	0.0
GSM4138114_HNSCC_3_PBMC_CTGTTTAAGAAACGAG	97.0753650740104	92.79477092296791	91.08423398144079	72.82998696728589	62.30990504558499	69.90596886243395	0.0	0.0	0.0	0.0	0.0	0.0
GSM4138114_HNSCC_3_PBMC_GACCTGGAGGATGGAA	313.8219981370215	189.1421279171218	89.4725375299313	61.23808299963466	108.6883980748598	101.29570051852072	38.00224342429287	0.0	0.0	0.0	0.0	0.0
GSM4138114_HNSCC_3_PBMC_GATGAGGAGACGCACA	157.2070230877886	232.24459111022966	178.20128870619277	161.16009521078593	0.4028827877220281	91.62514585774107	0.0	146.35623572914227	0.0	0.0	0.0	0.0
GSM4138114_HNSCC_3_PBMC_GATGCTATCTATCCCG	245.61436712048248	234.60082934516015	150.19864658870185	174.86476325673166	0.0	125.83584609728544	39.85829677480069	117.80676704593475	0.0	0.0	0.0	0.0
GSM4138114_HNSCC_3_PBMC_GATTCAGCATAACCTG	159.23102518248373	142.4067586206524	169.61370589100727	115.78941584604095	21.480797164884628	90.11228970620228	28.382125362550035	74.07156979714873	0.0	0.0	0.0	0.0
GSM4138114_HNSCC_3_PBMC_GCCTCTATCTGACCTC	254.01881832263422	149.7296825869683	186.02115298559323	0.0	87.74365341402321	74.96261087450377	109.15235315444306	0.0	0.0	0.0	0.0	0.0
GSM4138114_HNSCC_3_PBMC_GCGCGATAGCGTAGTG	215.0941178895469	249.96404513196444	182.9162107501188	174.7158390058799	103.27500208087685	0.0	0.0	0.0	128.22883393073374	0.0	0.0	0.0
GSM4138114_HNSCC_3_PBMC_GCTTCCATCAGAGACG	262.21192666069373	159.82778441655105	156.6600355813437	0.0	119.73636764380535	135.51418837686342	115.64193723597143	0.0	0.0	0.0	0.0	0.0
GSM4138114_HNSCC_3_PBMC_GCTTGAAAGATCACGG	272.0938489299459	147.96295270334227	124.64306391912602	18.640206802236378	98.06674000570821	69.37624486759883	136.15127393375872	0.0	0.0	0.0	0.0	0.0
GSM4138114_HNSCC_3_PBMC_GGAAAGCCACAGTCGC	311.01504692829917	219.7243320865512	198.74657694911383	94.13235036971881	0.0	124.36416394385874	0.0	120.22963229148078	0.0	0.0	0.0	0.0
GSM4138114_HNSCC_3_PBMC_GGTGTTAGTTATGTGC	193.09651765318833	104.7381547674025	116.38475393622856	110.99220069944307	0.0	85.72693754023486	0.0	63.7656037171121	0.0	0.0	0.0	0.0
GSM4138114_HNSCC_3_PBMC_GTATCTTCATTACCTT	292.7330175700966	222.39315081698615	183.1851265454099	143.79779251915878	105.55195291802231	107.52231072187124	0.0	0.0	0.0	0.0	0.0	0.0
GSM4138114_HNSCC_3_PBMC_GTCACAAAGCTGCCCA	237.62440163841393	217.03822341134222	181.38502334324832	137.60114651211387	134.07085634151804	95.51979802633878	34.274936563584106	0.0	0.0	0.0	0.0	0.0
GSM4138114_HNSCC_3_PBMC_GTCATTTTCCTCTAGC	240.24776512426206	234.7130906691986	144.78023499751757	153.58297743675314	71.42723137931357	95.212782637507	0.0	0.0	0.0	0.0	0.0	0.0
GSM4138114_HNSCC_3_PBMC_GTGTTAGGTGTATGGG	169.3065538055576	130.1747994368527	199.8879025569349	1.0888848810850644	129.88843734466244	97.7785193047076	55.7965442009874	0.0	0.0	0.0	0.0	0.0
GSM4138114_HNSCC_3_PBMC_GTTCATTCATCACGAT	212.88953488505246	224.1474189943257	160.89163094982987	70.42617783714641	77.00512065728961	144.0547181257766	52.37698227151623	0.0	0.0	0.0	0.0	0.0
GSM4138114_HNSCC_3_PBMC_GTTTCTAGTGGTTTCA	256.0447858868673	217.2578711430571	115.877527850517	120.01841629766562	104.38171362181757	65.43761400213425	0.0	0.0	0.0	0.0	0.0	0.0
GSM4138114_HNSCC_3_PBMC_TACTTACAGGGTCGAT	169.25810244326996	260.49364029150735	138.97758542605786	81.54888654481528	110.48514577606356	62.285018155023955	0.0	0.0	3.446729563286908	0.0	0.0	0.0
GSM4138114_HNSCC_3_PBMC_TCGAGGCGTACGCTGC	212.53559382302774	185.40086233205992	236.09682393248417	190.9961950929473	182.40376711870078	132.04710966797705	0.0	0.0	0.0	0.0	0.0	0.0
GSM4138114_HNSCC_3_PBMC_TCGTAGAAGAAACCTA	193.08647532214405	337.8707434627416	157.9961268354559	0.0	84.12480907590879	140.45549600560776	111.70430290221452	0.0	0.0	0.0	0.0	0.0
GSM4138114_HNSCC_3_PBMC_TGCCCTAAGTGTTAGA	260.23265461917856	249.3112927585992	153.44739811916463	118.96494370627377	103.84613265897568	67.45634772171668	0.0	22.34253947476075	0.0	0.0	0.0	0.0
GSM4138114_HNSCC_3_PBMC_TGGCTGGAGGGATGGG	303.21551862228034	226.9241079784711	136.96021253256336	111.71844019612227	123.132589080747	94.8903519501689	35.34117791956629	0.0	0.0	0.0	0.0	0.0
GSM4138114_HNSCC_3_PBMC_TTAGGACAGTCCTCCT	292.2016234881366	209.39724590086834	187.6090101122709	75.32438991822858	111.68061428127103	123.30021859561995	84.6195381728334	0.0	0.0	0.0	0.0	0.0
GSM4138114_HNSCC_3_PBMC_TTATGCTCAGTATAAG	68.35934580129597	69.4706906554718	74.6090064500794	40.8810327994496	82.53453032161822	39.75823034842668	0.0	0.0	0.0	0.0	0.0	0.0
GSM4138114_HNSCC_3_PBMC_TTCCCAGGTCTCCCTA	252.18311748544826	204.91309015544056	221.9533699160725	123.34946210529999	82.77831976000299	80.81374797495467	0.0	0.0	0.0	0.0	0.0	0.0
GSM4138114_HNSCC_3_PBMC_TTCCCAGTCACTCCTG	261.9922297951011	210.91169952830583	206.41657769616614	0.0	120.89267826006882	96.05188043117334	168.34830177737817	0.0	0.0	0.0	0.0	0.0
GSM4138114_HNSCC_3_PBMC_TTCTACATCCGCATCT	172.85261780976978	154.10823574493622	107.28639082453566	52.90647660919195	82.1987416159621	151.84402449964662	0.0	0.0	0.0	0.0	0.0	0.0
GSM4138114_HNSCC_3_PBMC_AAAGATGTCTCCCTGA	99.25166696121656	126.09319297839254	112.41180031780921	0.0	55.09214789786656	0.0	162.99085354611847	0.0	0.0	2.8507582868674906	62.90614020764107	0.0
GSM4138114_HNSCC_3_PBMC_AACTCCCGTCTGATCA	81.23156480544502	94.31269598221697	38.2377310274759	111.11546581565645	50.44442905397804	40.649261459266874	0.0	0.0	0.0	0.0	0.0	0.0
GSM4138114_HNSCC_3_PBMC_ACGCAGCCATCCAACA	144.48276807887441	67.9024997559837	87.64758391786488	102.63694502869109	141.73678541459606	0.0	24.87581029822276	0.0	0.0	31.119213910982573	0.0	0.0
GSM4138114_HNSCC_3_PBMC_ACTATCTAGCCTCGTG	79.55346346451499	144.89587509886178	58.17368790650569	71.445889041813	43.38462144468088	0.0	0.0	0.0	53.3008360227507	0.0	0.0	0.0
GSM4138114_HNSCC_3_PBMC_ACTGAACTCAGCATGT	129.74362831695385	103.3101857662226	124.04499033637464	113.13250777883698	107.74011997542162	116.89941506356985	0.0	0.0	14.363286507204656	0.0	0.0	0.0
GSM4138114_HNSCC_3_PBMC_ATCCGAACATAACCTG	103.84257904413936	107.1159876812229	76.55562392479123	92.79754508286267	109.91091884938722	58.99109148609137	0.0	0.0	0.0	0.0	0.0	0.0
GSM4138114_HNSCC_3_PBMC_ATTTCTGTCCGTTGCT	141.10166594850844	115.8080408048032	109.10547775659096	102.70982426023603	134.91362622817422	55.069623780917354	61.67475577001057	0.0	0.0	0.0	46.72727754557528	0.0
GSM4138114_HNSCC_3_PBMC_CAAGATCGTTCACGGC	78.38245674931022	96.00490081317969	68.41964537449151	121.20274905410677	45.17620560131958	0.0	0.0	0.0	64.03908864998562	0.0	0.0	0.0
GSM4138114_HNSCC_3_PBMC_CGTGTCTGTTGGAGGT	96.1447857477815	96.46061073148938	102.4064713526682	0.0	130.1405247798068	85.1351054628949	89.93842945817217	0.0	9.017995908924107	0.0	0.0	0.0
GSM4138114_HNSCC_3_PBMC_CTACACCGTAAGTGTA	105.65496835739845	72.21324231946016	83.5659044875046	138.3314796123842	102.41821833325054	0.0	0.0	0.0	47.86742121789335	0.0	0.0	0.0
GSM4138114_HNSCC_3_PBMC_GACGTTAGTGGTCTCG	96.15881565828917	91.5708836117188	51.971381662465355	81.6252507401459	54.12246705217602	54.29819247006215	53.352573210675345	0.0	0.0	0.0	0.0	0.0
GSM4138114_HNSCC_3_PBMC_GCACTCTGTGGTGTAG	88.8870271405426	65.63879978646311	64.4265076100429	95.3050386166871	73.5854334095323	0.0	56.99343874666457	0.0	76.6479753823378	0.0	0.0	0.0
GSM4138114_HNSCC_3_PBMC_GGGCATCAGACTACAA	132.39137475161533	85.7342352026642	61.61245387700524	86.32363281638762	71.28775327645862	77.67223587387961	0.0	0.0	0.0	0.0	0.0	0.0
GSM4138114_HNSCC_3_PBMC_GTCAAGTTCTTTACAC	107.05199464127381	83.69864010429713	83.04407908352196	104.83857974598966	89.95720349702057	0.0	0.0	0.0	0.0	77.65594727083746	0.0	0.0
GSM4138114_HNSCC_3_PBMC_GTGCTTCCACTATCTT	96.89014452379536	88.3126641297135	101.94522163940307	0.0	88.96786126231625	74.53921240904536	109.10945043058463	0.0	0.0	8.05549707573906	11.730686177884932	0.0
GSM4138114_HNSCC_3_PBMC_TTCTACACACACCGAC	125.58450763060988	138.80816590885334	98.05934089840177	116.17229848844678	23.440197851148476	41.843106698474124	0.0	63.15209572898133	0.0	0.0	0.0	0.0
GSM4138114_HNSCC_3_PBMC_TTGACTTTCGCGATCG	77.10001464221139	149.3630004629211	60.99350889673194	33.72093742870142	109.83162426216623	12.623528846786735	94.48227532773666	0.0	0.0	41.584744569303226	0.0	0.0
GSM4138114_HNSCC_3_PBMC_ACTGTCCCACTAGTAC	90.96806637414419	88.2216638501635	67.91319737940788	107.09163229291993	93.092826311154	0.0	0.0	0.0	0.0	63.11094319285671	0.0	0.0
GSM4138114_HNSCC_3_PBMC_CTCATTATCGAATCCA	85.1035235292698	75.92621501988869	130.56372966462942	84.58809051057138	97.1489137143601	0.0	18.889623152015933	0.0	59.71640188257626	0.0	0.0	0.0
GSM4138114_HNSCC_3_PBMC_GAACCTATCGACAGCC	169.47449272825904	127.35383680196064	96.37859855382126	142.14887871975733	0.0	75.56521594883891	0.0	118.86317265023709	0.0	0.0	0.0	0.0
GSM4138114_HNSCC_3_PBMC_GCGCCAACATTTGCCC	112.13509513386352	91.6515204883904	32.834746933860146	114.58590390757317	70.20273717377471	78.88716816220301	0.0	0.0	0.0	0.0	0.0	0.0
GSM4138114_HNSCC_3_PBMC_GGGAGATCAATTCCTT	70.1122872605429	66.21227895462515	46.78210824111698	115.1466275955139	40.40855503450797	0.0	0.0	22.917708073754643	65.0709676968513	0.0	0.0	0.0
GSM4138114_HNSCC_3_PBMC_GTGAAGGAGAAGGTGA	100.85281422699344	70.48038755828273	69.65127456849112	75.49722747834491	0.0	23.600524537981492	51.46752941715969	106.4464564540338	64.01981694353482	0.0	0.0	0.0
GSM4138114_HNSCC_3_PBMC_TACCTATTCGAGAGCA	67.97201497967988	92.06249521620994	53.284652810937644	2.912254644226068	53.14352594271978	35.42389509047062	40.135056221269146	0.0	0.0	0.0	54.46121234824969	0.0
GSM4138114_HNSCC_3_PBMC_TAGCCGGGTTGATTCG	95.61041798646822	38.50922659803527	87.25429321506371	95.80399634251768	48.92750434476372	92.25365348495731	0.0	0.0	0.0	0.0	0.0	0.0
GSM4138114_HNSCC_3_PBMC_TCTTTCCTCGCCGTGA	144.3867767754374	87.60473172593592	84.89929927274726	108.78695895958593	0.0	34.95953934424492	27.65881820017166	104.01197606283513	0.0	0.0	0.0	0.0
GSM4138114_HNSCC_3_PBMC_TGTGGTAGTTGCCTCT	136.23047708142147	127.67402134345193	97.17281331674643	130.83855609913022	43.108775613206525	84.29176260774116	0.0	18.52428553172449	0.0	0.0	0.0	0.0
GSM4138114_HNSCC_3_PBMC_ATTATCCTCCTCCTAG	143.46623254584446	169.6597135709907	121.27928329928388	250.35183929820786	134.45856862318743	192.50161630598143	0.0	0.0	0.0	0.0	0.0	0.0
GSM4138114_HNSCC_3_PBMC_CGAGAAGAGCTACCTA	199.02307625654	142.3265669378169	56.04059736986839	14.678520532073692	126.5364061475178	138.75875484514063	218.614375329586	0.0	0.0	0.0	0.0	0.0
GSM4138114_HNSCC_3_PBMC_GACTACACACCGCTAG	175.12136185427138	128.8334605415477	121.39260217013685	34.95500965979607	118.5089358523693	30.25139670217448	41.86501407198493	0.0	0.0	59.72386189367124	0.0	0.0
GSM4138114_HNSCC_3_PBMC_GGCTCGAGTCTGATCA	144.20722795786523	119.58328467332728	74.83512060741013	134.02761313906038	73.84936165560737	81.86046255627032	0.0	0.0	0.0	0.0	0.0	0.0
GSM4138114_HNSCC_3_PBMC_TCAGATGTCAGTTTGG	113.13654191305342	128.8354175266005	71.28775456186679	124.41269666207299	82.07493417326238	133.14367962777283	0.0	0.0	0.0	0.0	0.0	0.0
GSM4138114_HNSCC_3_PBMC_TCGAGGCAGAACAATC	260.21861547352324	184.74968927519365	182.41561920510534	295.6428114415833	0.0	208.14160327585964	0.0	164.64171175689847	0.0	0.0	0.0	0.0
GSM4138114_HNSCC_3_PBMC_TGGGCGTGTCATTAGC	82.45129028353992	87.01510116430025	101.28989806935846	92.30546552764775	0.0	0.0	0.0	46.4960193800918	69.83632692085776	0.0	0.0	0.0
GSM4138114_HNSCC_3_PBMC_TTCCCAGAGGACAGCT	127.00408123452432	129.53883041774526	56.70835777967627	0.0	81.1248680073241	104.40454155506595	98.34556314448817	0.0	0.0	0.0	0.0	0.0
GSM4138114_HNSCC_3_PBMC_ACACCAACATGCATGT	87.42171196099686	123.21100649822701	85.24409651025289	114.73093853355006	125.1335665613614	102.06537111223146	0.0	0.0	0.0	0.0	0.0	0.0
GSM4138114_HNSCC_3_PBMC_ACGATACGTGTGGTTT	588.5396831933181	165.73762852727157	142.41295813481557	193.0129473545392	112.84985937781933	0.0	0.0	0.0	0.0	186.58531709675697	0.0	0.0
GSM4138114_HNSCC_3_PBMC_AGAATAGTCACCATAG	189.06425301265443	162.83702162191128	170.41631022349264	69.89143210221671	93.18573363170849	67.85216111896636	19.734137994941044	31.017535884615864	0.0	0.0	0.0	0.0
GSM4138114_HNSCC_3_PBMC_AGCCTAATCCTGCCAT	71.3822909088551	110.36096371808203	40.82233478651723	0.0	0.0	19.46570762423212	43.17144175306369	22.868404016496683	34.16759441946649	0.0	0.0	0.0
GSM4138114_HNSCC_3_PBMC_CAACCAAGTTGAGGTG	97.86550828447666	61.324889680530795	72.28136753474969	84.3189149388527	63.21039666150871	32.716327651399936	0.0	0.0	0.0	0.0	0.0	0.0
GSM4138114_HNSCC_3_PBMC_CACACAACATGCCTAA	175.90319232481812	168.44681347853148	101.77697209157864	140.68011933929094	94.78495781385308	106.70149176455966	0.0	0.0	0.0	0.0	0.0	0.0
GSM4138114_HNSCC_3_PBMC_CCACTACAGGTGCTAG	151.24520986586765	46.24500222505406	70.28329772605409	91.59765318725417	47.52417702895617	66.11042106957706	0.0	0.0	0.0	0.0	0.0	0.0
GSM4138114_HNSCC_3_PBMC_CGTCACTCAGATTGCT	223.64837195869262	227.33206018249598	183.7938176322273	131.84342524010142	88.5493052145422	205.31147466117307	0.0	0.0	0.0	0.0	0.0	0.0
GSM4138114_HNSCC_3_PBMC_CTCGGGAGTCTAGCGC	449.44673672087185	230.98881984927684	108.98250806964417	135.71151139444027	162.03288778890038	148.65579462382007	0.0	0.0	0.0	0.0	0.0	0.0
GSM4138114_HNSCC_3_PBMC_GACCTGGCAGTCACTA	142.34289537515264	142.54991448929542	98.80857387592405	146.12351003580233	3.256963922913563	71.01974296970988	0.0	84.27220066760417	0.0	0.0	0.0	0.0
GSM4138114_HNSCC_3_PBMC_GCTCTGTAGTCAAGCG	196.05450209855744	163.71421284125404	112.91625089411264	114.01874221734448	0.0	96.62137087042237	0.0	132.07403543061608	0.0	0.0	0.0	0.0
GSM4138114_HNSCC_3_PBMC_GGAACTTAGAGAGCTC	217.34821058423353	157.3769608628391	109.89461886356632	144.89345346271386	40.26845752072912	163.63939927897135	0.0	100.16328044183255	0.0	0.0	0.0	0.0
GSM4138114_HNSCC_3_PBMC_GGCGACTGTTCCACTC	321.6327952640675	102.84769010636619	92.0519824268428	0.0	65.05874147263272	57.938909894519966	123.26387554399203	0.0	0.0	0.0	0.0	0.0
GSM4138114_HNSCC_3_PBMC_GTTTCTACACACAGAG	119.6762755515787	210.59734516215335	953.874686192658	0.0	0.0	107.3742730315572	151.7077807973331	90.71085299066263	0.0	0.0	0.0	0.0
GSM4138114_HNSCC_3_PBMC_TGCGTGGCAGTCGATT	199.35008123252368	175.74207558929524	122.6702601774869	0.0	78.03297084353773	77.55855870094383	167.2221712504274	62.11807951622539	0.0	0.0	0.0	0.0
GSM4138114_HNSCC_3_PBMC_TTATGCTGTTACGACT	194.80322680022724	138.56804160055907	142.3710963587667	105.20515102529374	89.28945396609238	71.3274177292501	0.0	10.275114371757217	0.0	0.0	0.0	0.0
GSM4138114_HNSCC_3_PBMC_AAAGCAATCCCGACTT	194.4633302456921	216.3692327124015	89.49439309583042	247.115389984994	188.14546366157785	123.3248382424408	0.0	0.0	0.0	3.2395921796575213	0.0	0.0
GSM4138114_HNSCC_3_PBMC_AAAGTAGGTTCAGACT	173.72772509550813	129.04366021765114	123.53277846236283	0.0	191.86163818981782	0.0	259.5017724051037	0.0	0.0	12.850114193162373	149.4121259507738	0.0
GSM4138114_HNSCC_3_PBMC_ACGTCAAAGAGCTGGT	236.32829379545262	195.53509677372938	159.07015838142343	231.07669338168316	247.90203239314212	156.41623616132858	0.0	0.0	0.0	0.0	0.0	0.0
GSM4138114_HNSCC_3_PBMC_ACTTGTTAGCAGATCG	132.5030113295748	150.34831298155657	127.09539273198908	48.878173167231196	204.7840531692224	12.422119761713125	142.3927772412981	0.0	41.34050445987781	19.12264425329143	43.90971501544015	0.0
GSM4138114_HNSCC_3_PBMC_AGCTCCTGTCTGCAAT	210.63309134961938	161.24117170654827	186.04615570134945	212.2383722259987	175.26101681612084	156.04460976334198	45.66993360938329	0.0	0.0	0.0	0.0	0.0
GSM4138114_HNSCC_3_PBMC_ATCTGCCTCTCCGGTT	244.39997521935183	308.7576067674722	179.3726918097227	282.61793778574196	207.09988075705058	0.0	0.0	0.0	0.0	238.62141262883483	0.0	0.0
GSM4138114_HNSCC_3_PBMC_CACAAACGTCTCTTAT	185.32489799863052	187.39902303307485	248.4048032478326	265.5033346489985	194.14714218282924	176.16628628141817	0.0	0.0	0.0	0.0	0.0	0.0
GSM4138114_HNSCC_3_PBMC_CATCAAGCACAGATTC	180.5968851511495	124.03045114000597	194.46617602065695	309.37501604550386	172.76681701726216	132.07264327901444	0.0	0.0	0.0	0.0	0.0	0.0
GSM4138114_HNSCC_3_PBMC_CGTCCATGTAATCACC	130.09379203850378	228.06078915422307	167.19230781055202	210.30602617019792	178.15725713977147	38.59222823220162	0.0	0.0	0.0	137.8943613520794	0.0	0.0
GSM4138114_HNSCC_3_PBMC_CGTTCTGGTCCGAGTC	139.17930720446196	165.4397997096902	204.70239808521364	158.21410411937583	157.2425294963021	138.23267425863335	83.99811069709688	0.0	0.0	0.0	0.0	0.0
GSM4138114_HNSCC_3_PBMC_CTACGTCAGAGGACGG	117.42393184216311	163.3520340948154	93.16199165951946	81.91518391951637	250.0349581395289	148.86622488713724	92.15647321142325	0.0	0.0	0.0	0.0	0.0
GSM4138114_HNSCC_3_PBMC_GACGCGTGTTCCGGCA	115.16183700525411	257.7493384986093	127.52854595987685	0.0	161.6559360383805	0.0	229.93323926923452	0.0	0.0	102.60842426192319	0.0	0.0
GSM4138114_HNSCC_3_PBMC_GGCCGATCATGTAAGA	214.6792202491439	208.69683513171515	136.48637398883128	186.26832602946212	151.13095017010036	156.3514207567456	0.0	0.0	0.0	0.0	0.0	0.0
GSM4138114_HNSCC_3_PBMC_GTATTCTTCTGTGCAA	141.52081260379435	144.38907425422522	244.55432386995386	0.0	211.63894329779464	75.42538511248654	267.13044059272863	0.0	163.03210055856135	0.0	0.0	0.0
GSM4138114_HNSCC_3_PBMC_GTCAAGTAGTGCTGCC	211.51819600030956	150.61207842142693	91.57727258467501	0.0	124.69860992210432	0.0	257.0588345832206	0.0	0.0	0.0	222.5369757312943	0.0
GSM4138114_HNSCC_3_PBMC_GTCTCGTAGGCTAGAC	213.98285793312385	227.5973479670739	155.9355060242202	0.0	179.36759584885135	0.0	156.61712729500945	0.0	0.0	0.0	171.28854605153637	0.0
GSM4138114_HNSCC_3_PBMC_TCTGGAAAGTGGTAAT	134.29138164096565	178.18921681259204	142.94092728198942	191.65852289325335	127.73307731726123	131.84329033111737	0.0	0.0	0.0	0.0	0.0	0.0
GSM4138114_HNSCC_3_PBMC_TGGCCAGGTCCAAGTT	159.59624263867545	171.7236943453429	108.0613658522345	160.49894406686386	185.62338393590747	156.63258014831953	40.486171470196886	0.0	0.0	0.0	0.0	0.0
GSM4138114_HNSCC_3_PBMC_AACTGGTGTGTGGCTC	281.2818096980808	223.7488132435711	199.39222207994044	0.0	389.5977520005359	233.9847538234736	343.961075487637	0.0	0.0	0.0	56.858065575386355	26.99939140267187
GSM4138114_HNSCC_3_PBMC_AAGACCTAGTTTGCGT	156.52167786948272	204.29187615776013	225.7750050454126	6.027845062006384	486.6991040577236	0.0	273.2115489050986	0.0	0.0	241.80114023171325	0.0	0.0
GSM4138114_HNSCC_3_PBMC_ACATCAGAGTGTCCAT	314.94447442478827	263.5817225149732	263.0023588476003	429.3336373168093	143.79217843475826	267.914971254158	0.0	265.86507275603935	0.0	0.0	0.0	0.0
GSM4138114_HNSCC_3_PBMC_ACGGCCACATGGTCTA	233.51539925262088	293.8014591477194	143.41312646114665	236.91975036485334	169.01554687056506	290.0704347992234	0.0	0.0	0.0	0.0	0.0	0.0
GSM4138114_HNSCC_3_PBMC_ACTTGTTGTTGTGGAG	106.6350373076418	88.18000349867688	58.730666872973565	366.5819906389398	212.93587579305031	0.0	0.0	0.0	0.0	311.4724174624053	0.0	0.0
GSM4138114_HNSCC_3_PBMC_AGCGTATCAGCTCGCA	0.0	0.0	0.0	4369.610224686881	0.0	0.0	177.96244864352957	0.0	0.0	0.0	0.0	0.0
GSM4138114_HNSCC_3_PBMC_CCATTCGAGACAGGCT	211.3088131022138	202.46005911440844	153.66326850947254	394.6955952776838	241.49371674309057	181.29551888615305	0.0	0.0	129.48547072567817	4.97700138206057	0.0	0.0
GSM4138114_HNSCC_3_PBMC_CCTTCGATCTCGCTTG	168.14818503095574	123.79413444906491	141.58904133344203	347.55857082154586	326.6067621002557	270.80309035006707	0.0	0.0	0.0	0.0	0.0	0.0
GSM4138114_HNSCC_3_PBMC_CGCGTTTAGACTAGGC	237.21599524241915	338.85215665823904	205.44284844054357	288.71266191749606	330.17166350730855	0.0	117.23773841262553	0.0	356.9851204343434	0.0	0.0	0.0
GSM4138114_HNSCC_3_PBMC_CTACATTTCTTTACGT	115.81604029814824	196.09654105479282	126.85975706107672	383.82102396225156	462.2615637186636	0.0	0.0	0.0	0.0	327.2607539171281	0.0	0.0
GSM4138114_HNSCC_3_PBMC_CTAGCCTAGACCGGAT	170.56513602360366	164.75236081744845	150.47173435184857	354.6748032109788	246.94319524161915	80.10374423726618	0.0	0.0	176.43376509346348	0.0	0.0	0.0
GSM4138114_HNSCC_3_PBMC_GACGTTAGTACCATCA	230.09188260265628	303.28006239153706	201.02545915557903	469.63644750442023	0.0	332.6378721755196	0.0	350.1264310600917	33.2881718325951	0.0	0.0	0.0
GSM4138114_HNSCC_3_PBMC_GCGCAGTCAACTGGCC	214.91610294248744	236.1888327073281	148.4548648859128	0.0	264.79666013645624	0.0	408.9308267238169	0.0	0.0	0.0	377.9177784502029	0.0
GSM4138114_HNSCC_3_PBMC_GCTCTGTCACACTGCG	213.64330653054844	185.00723463170766	171.30757857022505	292.2902080717201	0.0	436.53746726424043	0.0	404.3900238364722	0.0	0.0	0.0	0.0
GSM4138114_HNSCC_3_PBMC_GCTGCAGTCCGGCACA	258.8735863260407	215.5145116471719	108.08541872093369	366.6045027822153	265.20440403209443	0.0	0.0	0.0	0.0	299.65365285027997	0.0	0.0
GSM4138114_HNSCC_3_PBMC_GTAGTCACACAAGCCC	125.63273036227007	284.4898612672493	173.66289272863474	318.6909311788422	194.76634740774756	0.0	0.0	0.0	0.0	258.8941940763754	0.0	13.417154539566619
GSM4138114_HNSCC_3_PBMC_GTCAAGTAGGCGTACA	60.499940138753026	74.45602007018357	63.45433710035219	127.88614385675457	200.62711301665655	0.0	0.0	0.0	0.0	67.09993675877176	0.0	0.0
GSM4138114_HNSCC_3_PBMC_TACGGATAGATCGATA	199.50509776813487	190.11932476856242	199.05093095696682	354.51448069291695	196.97209510218514	54.03481930913693	0.0	0.0	6.055159094286005	213.20619698474766	0.0	0.0
GSM4138114_HNSCC_3_PBMC_TCAACGATCTGGGCCA	236.27402696656486	263.35677785415584	162.38333146709746	284.68863893082244	0.0	243.9863350810004	85.09622470676376	353.5625074201516	138.1414862694252	0.0	0.0	0.0
GSM4138114_HNSCC_3_PBMC_TGGGCGTGTTAGTGGG	213.96426880326536	134.2002326071453	132.8367033683958	325.92371295564254	313.355705094124	0.0	0.0	0.0	0.0	326.1389886746318	0.0	0.0
GSM4138114_HNSCC_3_PBMC_TTGGAACCAGTCACTA	180.8810885692768	230.97527783764684	173.6804421831027	345.19839062270523	239.2564577416651	255.0161903672166	0.0	0.0	0.0	0.0	0.0	0.0
GSM4138114_HNSCC_3_PBMC_ACTGTCCCAGCGATCC	11.048912270811574	37.289308151328164	14.664979391353924	189.42407040550628	0.0	0.0	0.0	1533.9945987422996	88.31729897640126	0.0	0.0	0.0
GSM4138114_HNSCC_3_PBMC_AGATTGCGTCATACTG	26.59777598620729	0.0	0.0	0.0	0.0	1.0974200342758222	52.659048809649924	1401.705422421002	0.0	0.0	5.69525687156335	0.0
GSM4138114_HNSCC_3_PBMC_CACACAAGTGAACCTT	0.0	0.0	0.0	0.0	2072.2292221287717	0.0	0.0	0.0	0.0	0.0	0.0	0.0
GSM4138114_HNSCC_3_PBMC_GCGCAACCATCTGGTA	0.0	0.0	0.0	45.97805818436574	1535.138866749768	0.0	0.0	0.0	0.0	0.0	0.0	46.460331614013754
GSM4138114_HNSCC_3_PBMC_TACGGATGTCTCATCC	9.17519240712755	0.0	0.0	0.0	1790.8192562761471	0.0	0.0	0.0	0.0	0.0	19.488551155455255	0.0
GSM4138114_HNSCC_3_PBMC_TAGAGCTTCGGAATCT	0.0	0.0	0.0	0.0	1816.0256170162786	0.0	0.0	0.0	0.0	0.0	0.0	0.0
GSM4138114_HNSCC_3_PBMC_TTGGAACGTACACCGC	0.0	0.0	0.0	75.60317383311727	1914.470558195153	0.0	0.0	0.0	0.0	18.303362097794505	0.0	24.50742545967626
GSM4138114_HNSCC_3_PBMC_GCAGCCACACCACGTG	100.2408252488184	117.75519720850038	64.88025260790157	113.5500875181014	129.75619579537897	88.01013823492205	0.0	0.0	0.0	0.0	0.0	0.0
GSM4138114_HNSCC_3_PBMC_TAGTTGGTCGAGAGCA	137.66236275815666	159.76944736174661	71.38940460583323	114.84823342592293	90.55720872352492	58.16789394941759	0.0	2.4516815641722776	0.0	0.0	0.0	0.0
GSM4138114_HNSCC_3_PBMC_GGACAAGGTTACGACT	157.36727625159693	113.30947156646882	113.15158382948584	116.94074354736279	99.46773582752202	68.84292234007816	0.0	0.0	0.0	0.0	0.0	0.0
GSM4138114_HNSCC_3_PBMC_AGCTTGACATAACCTG	0.0	0.0	0.0	0.0	0.0	4088.9228699607006	0.0	0.0	151.24344167635775	11.43476012123619	204.50928901946747	0.0
