	1	2	3	4	5
GSM4138114_HNSCC_3_PBMC_AAACGGGTCTAGAGTC	450.0745646855704	202.36106024365083	46.554797476578614	0.0	20.30945524444512
GSM4138114_HNSCC_3_PBMC_AAAGATGCACTACAGT	481.84609467878505	116.4418289960922	3.0614200685718753	32.6614803833481	22.064264106995303
GSM4138114_HNSCC_3_PBMC_AAATGCCTCTCCAGGG	908.9700465446738	128.62754243160066	0.0	0.0	26.328697824031604
GSM4138114_HNSCC_3_PBMC_AACACGTAGAGTGAGA	915.6272041459599	34.53052115073293	0.0	0.0	7.030635576681898
GSM4138114_HNSCC_3_PBMC_AAGGCAGGTTTAAGCC	640.2314504054074	105.35846966380518	7.870918006009293	8.341128851208135	12.692300582591944
GSM4138114_HNSCC_3_PBMC_ACACCAAGTATAAACG	683.6389273540208	71.25040876965602	0.0	0.0	23.45013336699218
GSM4138114_HNSCC_3_PBMC_ACATACGTCCACTCCA	477.8030390274318	37.966762621135025	0.0	0.0	23.595458032312948
GSM4138114_HNSCC_3_PBMC_ACTATCTAGGAGTTTA	623.5017676084638	185.01455928101456	53.48341586806401	132.0557633863371	0.0
GSM4138114_HNSCC_3_PBMC_ACTGAACTCACCTTAT	766.3052909150065	75.52862813359096	0.0	26.028072742614974	0.0
GSM4138114_HNSCC_3_PBMC_ACTTTCACAGCTGTTA	561.7080441938912	78.44213431597936	17.90169195254986	32.39988652906194	0.0
GSM4138114_HNSCC_3_PBMC_AGCTCTCAGGTGATAT	551.7403518767148	168.62115324179305	0.0	42.315704232277625	26.09172110287901
GSM4138114_HNSCC_3_PBMC_AGCTCTCCAGCCTGTG	635.54108474939	3.0491376721620354	0.0	12.223732669249484	0.0
GSM4138114_HNSCC_3_PBMC_AGTCTTTCAAAGGTGC	591.8164686741571	23.127205898294765	49.318940285330925	82.59162311882656	0.0
GSM4138114_HNSCC_3_PBMC_AGTGAGGGTCAGCTAT	503.7934069260715	193.8675064085661	85.24859664368277	12.690853212525704	0.0
GSM4138114_HNSCC_3_PBMC_AGTGGGATCACCACCT	980.8012592731562	16.83783290109485	0.0	0.0	0.0
GSM4138114_HNSCC_3_PBMC_ATCCACCTCCCTCAGT	343.41682208825677	135.72732812701852	11.394713395925248	19.405082464232677	0.0
GSM4138114_HNSCC_3_PBMC_ATCGAGTGTCTAAACC	962.2381697456277	196.997628429653	71.23606786994084	229.12553532216148	0.0
GSM4138114_HNSCC_3_PBMC_ATCTACTGTGACGCCT	625.7435221854265	95.53484647990398	0.0	1.081529959130087	49.070493126231554
GSM4138114_HNSCC_3_PBMC_CAAGAAAGTGCTTCTC	509.5125771813279	58.25574250263842	18.045025589037405	20.09767869404007	16.6242738819006
GSM4138114_HNSCC_3_PBMC_CAAGGCCGTTCCCGAG	593.6074666047625	106.5152590272324	5.365378341649936	21.109790765839932	0.0
GSM4138114_HNSCC_3_PBMC_CAAGTTGTCAAGAAGT	547.2199332183327	108.0718112991354	0.0	0.0	51.83338014798288
GSM4138114_HNSCC_3_PBMC_CACAAACCAGCTGGCT	551.6438881049243	30.05409949100323	0.0	41.50282649898408	16.744652883867964
GSM4138114_HNSCC_3_PBMC_CACACAAAGAACAACT	389.94867205931536	211.34805291363492	10.13215297500799	123.91715793355822	23.923567891647238
GSM4138114_HNSCC_3_PBMC_CACATAGTCCGCAAGC	670.7072136799029	85.53400861848509	0.0	16.755134446210484	59.03027672989109
GSM4138114_HNSCC_3_PBMC_CACCACTAGCAATATG	613.3397179206892	0.0	0.0	63.028452518772156	0.0
GSM4138114_HNSCC_3_PBMC_CATATTCAGTCCCACG	411.1052522895468	115.44130753627452	0.0	57.377519573334546	0.0
GSM4138114_HNSCC_3_PBMC_CATCAAGGTCGTCTTC	448.21662753394514	140.03772771480462	13.640430684060469	79.09097328531978	0.0
GSM4138114_HNSCC_3_PBMC_CATCAGACATACTACG	1335.3246218429788	324.310273429569	45.71091845564565	177.92186776585558	22.07618305962725
GSM4138114_HNSCC_3_PBMC_CATCGGGTCTTCTGGC	572.762112318399	114.76497071905844	0.0	20.43470450730763	3.355201733219581
GSM4138114_HNSCC_3_PBMC_CCACGGATCAGAGGTG	903.4259391035602	115.2369722270355	0.0	41.0754795395915	26.96392572070639
GSM4138114_HNSCC_3_PBMC_CCTACACTCGACAGCC	541.2632046739287	14.08019893301928	0.0	0.0	5.055887529859455
GSM4138114_HNSCC_3_PBMC_CCTTCCCGTAGCGTCC	522.5606913515678	46.50579078094174	1.2076110486794298	8.030719760015435	0.0
GSM4138114_HNSCC_3_PBMC_CCTTCCCTCACATACG	558.9882742521382	118.86846730607479	9.521057670759566	9.201321984262128	19.291825204759764
GSM4138114_HNSCC_3_PBMC_CGAGCCAAGCGCTTAT	647.1413762539636	52.052924798287606	0.0	62.44761502970393	0.0
GSM4138114_HNSCC_3_PBMC_CGAGCCAGTCAAAGAT	1216.4559563918858	284.6599627044403	0.0	198.33434945145922	0.0
GSM4138114_HNSCC_3_PBMC_CGCGGTATCATCACCC	1090.3542409873285	34.460096640387505	0.0	0.0	4.705441391402967
GSM4138114_HNSCC_3_PBMC_CGCGTTTTCCCAAGTA	145.25951628684524	222.85801095934153	32.44543341156668	66.83645598050278	16.656731481378188
GSM4138114_HNSCC_3_PBMC_CGCTGGAGTAGCCTAT	781.6822882284212	107.67804363036342	0.0	31.925880555062076	26.0936688345658
GSM4138114_HNSCC_3_PBMC_CGGACGTGTAGATTAG	959.1026205885667	139.40054035157198	1.2308008200173304	0.0	9.03739505420728
GSM4138114_HNSCC_3_PBMC_CGTCCATAGATGTGTA	477.52125003114037	78.82379754087209	12.818399011848923	50.97008346038401	0.0
GSM4138114_HNSCC_3_PBMC_CGTCTACGTACCGAGA	618.0795965111247	105.30991716042817	6.21492507777441	19.544451848604446	72.71222952756541
GSM4138114_HNSCC_3_PBMC_CGTTCTGCACGTCTCT	599.4854184214093	145.6022555479317	0.0	0.0	0.0
GSM4138114_HNSCC_3_PBMC_CTAGAGTCAAGCCATT	389.14405403499865	127.2884444271576	0.0	51.589488140701	68.62079133869223
GSM4138114_HNSCC_3_PBMC_CTCAGAAGTCAGTGGA	522.7592606651685	72.54783883401414	0.0	17.718650212743988	26.656671780285773
GSM4138114_HNSCC_3_PBMC_CTCATTACATCGGTTA	615.0689115763126	111.163668327247	0.0	0.0	0.0
GSM4138114_HNSCC_3_PBMC_CTCATTATCGGAGCAA	520.1023535066875	99.52066920257323	0.0	0.0	37.25460629605931
GSM4138114_HNSCC_3_PBMC_CTGCTGTAGGACGAAA	699.5179835076452	0.0	0.0	63.21011061708257	31.680502530364485
GSM4138114_HNSCC_3_PBMC_CTGTTTAGTAAGTGTA	732.4989930677111	30.608345013196196	0.0	0.0	0.0
GSM4138114_HNSCC_3_PBMC_GAAATGACAGCTTAAC	403.3287113532549	144.71594681951692	0.0	51.69780735380986	0.0
GSM4138114_HNSCC_3_PBMC_GACCTGGGTTAAAGTG	350.2219420025756	105.13564108787098	0.0	21.05569512240641	38.30750795579443
GSM4138114_HNSCC_3_PBMC_GATCAGTTCATCTGCC	710.1513493196277	51.98584436197254	34.81395321408297	0.0	9.795960465015293
GSM4138114_HNSCC_3_PBMC_GATCGATTCGCCAAAT	878.1452254450733	46.93835505725098	0.0	11.096811655902318	1.0237007835869931
GSM4138114_HNSCC_3_PBMC_GATCGTACATGCCCGA	441.4245847299231	118.67628797047134	27.600204606037803	24.476323772441265	16.355137756252997
GSM4138114_HNSCC_3_PBMC_GATCTAGGTCTTGATG	637.9391984098498	109.61607463343141	0.0	0.0	21.148542345732164
GSM4138114_HNSCC_3_PBMC_GCAAACTCAAACAACA	643.1818209472498	129.72745365140156	14.099602595662812	0.0	22.76083562124019
GSM4138114_HNSCC_3_PBMC_GCAAACTGTTCTGTTT	561.9166611434223	75.3453088243862	0.0	37.85431649690131	27.982159586026896
GSM4138114_HNSCC_3_PBMC_GCACATATCAGGCGAA	1180.75011326335	55.97541705400111	0.0	30.88546765522712	0.0
GSM4138114_HNSCC_3_PBMC_GCATGATCAGCTGTGC	351.8756449889484	147.80936126858214	0.0	0.0	55.87270124582017
GSM4138114_HNSCC_3_PBMC_GCGACCACAGGGTACA	479.2660903476145	87.49200579655866	0.0	48.87559222475907	24.229200658010065
GSM4138114_HNSCC_3_PBMC_GCGCAACTCGTTGCCT	398.18949388440103	62.92914455655558	18.143628947370505	0.0	44.567243233347305
GSM4138114_HNSCC_3_PBMC_GCGCCAACAAGGCTCC	758.0374751017797	46.32123730293086	0.0	20.836503010805277	8.89565593446072
GSM4138114_HNSCC_3_PBMC_GCTCTGTAGTGTCTCA	505.10758238359097	171.66950131077525	32.35638443157238	43.826109553645296	0.0
GSM4138114_HNSCC_3_PBMC_GCTGCTTAGATAGTCA	693.9068854057491	113.39918927421364	0.0	44.93486002310736	2.417063014475511
GSM4138114_HNSCC_3_PBMC_GGATGTTAGCTACCTA	1056.5334784121414	74.00938606850055	5.098480289200678	0.0	1.7210295205767336
GSM4138114_HNSCC_3_PBMC_GGCCGATAGCACCGTC	812.1612509958995	113.30929513882357	0.0	0.0	34.2195409854176
GSM4138114_HNSCC_3_PBMC_GGCGTGTGTCCCTTGT	664.8252369906926	135.93700760280558	7.600745268810019	8.196479456102713	0.0
GSM4138114_HNSCC_3_PBMC_GGGCACTTCAGCTCTC	621.8795738695486	107.16387585585737	0.0	27.53850872010568	0.0
GSM4138114_HNSCC_3_PBMC_GTAGGCCTCAAAGTAG	497.9301589197993	107.10603616041787	0.0	34.05847006163009	16.766326533132016
GSM4138114_HNSCC_3_PBMC_GTATCTTAGCTAAACA	362.42266912580004	149.52594160953228	0.0	35.120599930654556	45.483592795888754
GSM4138114_HNSCC_3_PBMC_GTCTCGTCATCTCCCA	587.7582946330881	111.2259316402388	5.5799241909570805	19.41681770600819	13.704029606302926
GSM4138114_HNSCC_3_PBMC_GTGTGCGGTTCGCTAA	620.9422330583168	118.3645095019825	0.0	1.0709503903974964	21.928003783619122
GSM4138114_HNSCC_3_PBMC_GTTACAGAGAGCTGCA	710.2247657222742	16.687257506265734	0.0	6.98349092437116	0.0
GSM4138114_HNSCC_3_PBMC_GTTCATTAGCTACCTA	603.3732772984952	82.68524894256414	0.0	5.494799692234727	28.85644698614013
GSM4138114_HNSCC_3_PBMC_TAAGTGCAGTTCGCAT	504.9085132586839	82.11892554255222	0.0	0.0	33.083927329704174
GSM4138114_HNSCC_3_PBMC_TACTTGTCAAGCGAGT	443.7380981677469	123.00812694619896	0.0	22.354887800488278	0.0
GSM4138114_HNSCC_3_PBMC_TAGACCATCCGGGTGT	423.69135445984944	138.85136140206293	0.0	45.67154366633018	36.39214211104519
GSM4138114_HNSCC_3_PBMC_TAGGCATAGCCACGCT	1476.453114277323	249.15073474171115	80.56050154517672	285.3752343612566	70.00814198197384
GSM4138114_HNSCC_3_PBMC_TATTACCAGTGACTCT	712.4780038028185	37.760842438601465	0.0	12.030152841988727	0.5371048543715878
GSM4138114_HNSCC_3_PBMC_TCAACGACAGACACTT	440.9550487493588	164.3131390792001	0.0	12.54851196111816	31.51079837639085
GSM4138114_HNSCC_3_PBMC_TCAGGATTCCGTTGTC	448.7035034129459	71.4853290047041	1.2506053747032337	0.0	62.50372438518433
GSM4138114_HNSCC_3_PBMC_TCATTTGGTTCCCGAG	455.6664017263792	115.66495827381539	0.0	10.686734317118827	0.0
GSM4138114_HNSCC_3_PBMC_TCGAGGCGTACTCTCC	552.6578250357691	44.86646835055195	0.0	6.952382395854178	32.00812002132002
GSM4138114_HNSCC_3_PBMC_TCGCGAGTCTATCCTA	827.2143735955458	213.25339972593008	0.0	0.0	6.936585583981795
GSM4138114_HNSCC_3_PBMC_TCTGGAAGTGTAAGTA	713.6264066069732	24.87716719203782	0.0	0.0	0.0
GSM4138114_HNSCC_3_PBMC_TGACTAGTCTGAAAGA	623.8379463932865	50.267451748840806	0.0	7.612773864884506	0.0
GSM4138114_HNSCC_3_PBMC_TGACTTTCAATGGAAT	412.12503910663935	47.89942587348812	6.22699855370788	14.171159854298418	0.0
GSM4138114_HNSCC_3_PBMC_TGAGAGGGTCCGAATT	779.2020143484846	71.41618103877055	0.0	28.343813945754206	17.555097177132904
GSM4138114_HNSCC_3_PBMC_TGAGCCGGTACAGCAG	830.6360485183394	66.99647007640253	0.0	47.86964244799644	0.0
GSM4138114_HNSCC_3_PBMC_TGAGGGAAGGGTGTGT	771.1022172609456	159.69815464108544	41.84695377138189	82.35821979168433	0.0
GSM4138114_HNSCC_3_PBMC_TGAGGGAGTAGCCTAT	380.1092491381376	148.83391558155634	35.49591276146071	39.10167240958215	0.0
GSM4138114_HNSCC_3_PBMC_TGCGCAGAGGTAGCTG	676.6277767943677	35.39793842419497	0.0	34.894101795082804	3.8361674753693316
GSM4138114_HNSCC_3_PBMC_TGGACGCGTTCCACAA	1243.153336058347	264.1597639637684	135.53331799482922	192.92238897496068	55.02915838800883
GSM4138114_HNSCC_3_PBMC_TTCTACAGTCTAGTGT	640.6272448292718	30.30119117658801	0.0	0.0	0.0
GSM4138114_HNSCC_3_PBMC_TTCTACATCTGCGTAA	873.187052720234	60.311606030641904	80.05737644383186	74.37561735307584	0.0
GSM4138114_HNSCC_3_PBMC_TTCTCAAGTCAAGCGA	434.4769042779953	97.51279892587274	16.21026523283391	46.79329004888154	0.0
GSM4138114_HNSCC_3_PBMC_TTCTCAAGTTATGTGC	584.4895711624341	163.38574399203668	8.33994773781807	0.0	0.0
GSM4138114_HNSCC_3_PBMC_TTCTTAGAGGCTCTTA	429.1564337582368	106.35745091633447	28.54306348168904	0.0	31.841787258902038
GSM4138114_HNSCC_3_PBMC_TTTCCTCTCCTTTCTC	401.92650629241615	124.2210422007399	0.0	0.0	0.4813108612099952
GSM4138114_HNSCC_3_PBMC_TTTGTCACACGAAAGC	765.1541618138982	9.27968650750471	19.47579802752715	0.0	8.059126068578887
GSM4138114_HNSCC_3_PBMC_TGTGTTTTCCCATTAT	469.36080695443525	366.2143136958339	103.81975820768423	298.8199433104625	0.0
GSM4138114_HNSCC_3_PBMC_AACCATGAGCTAAACA	655.6340108146591	63.16391071358431	7.611504436857194	5.981834062718247	18.260451960726733
GSM4138114_HNSCC_3_PBMC_AACTTTCCAGCCTTTC	795.0155176852952	113.30579817557205	0.0	13.1428238188145	3.230538364707664
GSM4138114_HNSCC_3_PBMC_AAGGTTCGTAAATGAC	616.5241017055492	78.23650484442045	0.0	18.98611373717633	0.0
GSM4138114_HNSCC_3_PBMC_ACAGCCGCATCCCACT	1276.8434541372555	0.0	0.0	0.0	0.0
GSM4138114_HNSCC_3_PBMC_ACATACGGTCACTGGC	1058.221529230498	52.66939883459925	0.0	0.0	17.13961162530954
GSM4138114_HNSCC_3_PBMC_ACCCACTCATGGTCAT	813.9159725790287	0.0	0.0	0.0	0.0
GSM4138114_HNSCC_3_PBMC_ACGATGTGTACCATCA	1151.2482007769452	0.0	0.0	0.0	17.226373129149167
GSM4138114_HNSCC_3_PBMC_ACGCCAGCACACTGCG	1158.6335486039093	0.0	0.0	7.699679480240434	0.0
GSM4138114_HNSCC_3_PBMC_ACGGGTCGTTACGACT	460.18782557543517	154.40167606325875	0.0	4.874096685109594	0.0
GSM4138114_HNSCC_3_PBMC_ACGGGTCTCTGCCCTA	662.139693624305	0.0	0.0	0.0	0.0
GSM4138114_HNSCC_3_PBMC_ACTTACTGTCATGCAT	624.3674559395475	22.331819814649684	0.0	25.12673816175951	10.461056553292563
GSM4138114_HNSCC_3_PBMC_ACTTGTTAGAGTAAGG	493.4238162221181	131.46861519376714	1.8772089202089075	26.615870248975927	0.0
GSM4138114_HNSCC_3_PBMC_AGCGTCGCAACTGCGC	826.089856452631	0.0	0.0	0.0	13.005179943969976
GSM4138114_HNSCC_3_PBMC_AGCTTGAAGGAGCGTT	607.8474273835099	91.2211255619344	0.0	13.486858053768978	0.0
GSM4138114_HNSCC_3_PBMC_AGGGATGCATCCGCGA	839.8670710990986	0.0	0.0	20.533861374466234	0.0
GSM4138114_HNSCC_3_PBMC_AGGTCATAGTTGCAGG	1070.6661753313233	33.179951545512736	3.2689140817276905	0.0	25.0542890044902
GSM4138114_HNSCC_3_PBMC_AGGTCCGTCAGCTGGC	547.4844766679105	0.0	0.0	14.435942323163285	0.0
GSM4138114_HNSCC_3_PBMC_AGTGGGATCGATAGAA	955.1725261376329	0.0	0.0	1.5875820290562428	22.10908967933276
GSM4138114_HNSCC_3_PBMC_AGTGTCAAGTGTACTC	856.4964095290187	0.0	0.0	0.0	0.0
GSM4138114_HNSCC_3_PBMC_ATAGACCAGTGACATA	1377.653746887052	0.0	0.0	0.0	0.0
GSM4138114_HNSCC_3_PBMC_ATCACGAGTAAGTTCC	591.4407445560854	75.52603107189093	6.1731170225353855	9.759530836861963	0.0
GSM4138114_HNSCC_3_PBMC_ATGGGAGTCACGCGGT	1217.0221797537502	43.08795145886312	0.0	0.0	0.0
GSM4138114_HNSCC_3_PBMC_ATTGGACTCTCTTATG	440.7854298046878	17.133101509006234	0.0	0.0	2.884487792571992
GSM4138114_HNSCC_3_PBMC_CAACCTCGTACATCCA	660.9954278434249	93.4725237302802	0.0	19.021325042940635	40.043639355579195
GSM4138114_HNSCC_3_PBMC_CAACTAGCACAACGCC	864.0112379620504	0.0	0.0	0.0	0.0
GSM4138114_HNSCC_3_PBMC_CAAGAAATCTATGTGG	760.6002888651731	36.64383697293939	0.0	0.0	0.0
GSM4138114_HNSCC_3_PBMC_CAAGATCCACCAGATT	685.9968048425299	24.083755152416966	0.0	3.650902783828198	27.815261064006865
GSM4138114_HNSCC_3_PBMC_CAGTAACAGCAACGGT	434.33578358048567	141.88234074450426	0.0	20.21769106627868	5.182861932635796
GSM4138114_HNSCC_3_PBMC_CATATGGCAAGTAGTA	1118.173750001335	37.19574452579309	0.0	0.0	0.0
GSM4138114_HNSCC_3_PBMC_CATATGGGTACGAAAT	418.0385763451612	183.78477699955405	34.74537945095912	0.0	26.560802890740852
GSM4138114_HNSCC_3_PBMC_CATCCACTCGCATGGC	1110.628437818543	0.0	10.225782053089771	0.0	0.0
GSM4138114_HNSCC_3_PBMC_CCAGCGATCACAATGC	911.2502218256193	29.281244996212507	4.548213886384707	0.0	2.4524647474843926
GSM4138114_HNSCC_3_PBMC_CCCATACGTTTGGGCC	1007.4478130251854	80.93214348627816	0.0	0.0	0.0
GSM4138114_HNSCC_3_PBMC_CCGGGATTCAGCTCGG	649.8900158322698	49.4119685403421	0.0	0.0	0.0
GSM4138114_HNSCC_3_PBMC_CCGGTAGAGGACAGAA	1873.6193931400717	0.0	0.0	0.0	2.2847357409655844
GSM4138114_HNSCC_3_PBMC_CCGGTAGCAGCATGAG	746.4416427424243	70.18911055659723	0.0	0.0	0.0
GSM4138114_HNSCC_3_PBMC_CCGTACTCATCGATGT	529.8761290303992	107.43408464156728	10.12709065218008	36.804633086203154	0.0
GSM4138114_HNSCC_3_PBMC_CCTATTAGTCCAAGTT	481.1892941130855	33.96141430452841	28.218546319943233	0.0	6.707888108658373
GSM4138114_HNSCC_3_PBMC_CCTTCGAGTGGCTCCA	861.3969478112843	1.4729433351019496	0.0	0.0	0.0
GSM4138114_HNSCC_3_PBMC_CCTTTCTCAAAGGCGT	805.0397317507404	151.02805982067298	0.0	1.2759854900293797	0.0
GSM4138114_HNSCC_3_PBMC_CGAGAAGAGTGCGTGA	691.9196570369785	0.0	0.0	0.0	0.7726282277619615
GSM4138114_HNSCC_3_PBMC_CGATGTAAGGACTGGT	874.3939663427992	0.0	0.0	0.0	22.245091336388086
GSM4138114_HNSCC_3_PBMC_CGGACACGTGACCAAG	956.009954803922	45.15689480609537	0.0	0.0	0.0
GSM4138114_HNSCC_3_PBMC_CGGACTGGTTCTGTTT	702.5830331432501	32.824271376972376	0.0	0.0	0.0
GSM4138114_HNSCC_3_PBMC_CGGGTCACATCTATGG	539.605421661939	34.48805994766219	0.0	0.0	8.679226839428821
GSM4138114_HNSCC_3_PBMC_CGTGTCTTCATGCTCC	1066.0755640131717	0.0	0.0	0.0	6.413334795974979
GSM4138114_HNSCC_3_PBMC_CTAACTTGTGGCAAAC	850.0212384481398	58.04599607571977	0.0	70.65803202420145	0.0
GSM4138114_HNSCC_3_PBMC_CTAACTTTCAGCTGGC	758.964769990364	93.53245135859571	35.15009255119328	0.0863094497319987	32.25675883093891
GSM4138114_HNSCC_3_PBMC_CTCGAAACAAGGACAC	1172.4117502795598	17.33762449785178	0.0	0.0	14.405520287149244
GSM4138114_HNSCC_3_PBMC_CTCTACGAGTGCGTGA	677.3809598065025	30.214637248580768	0.0	0.0	0.0
GSM4138114_HNSCC_3_PBMC_CTGAAGTAGAAACCGC	749.5037575795391	0.0	0.0	0.0	31.198956600494387
GSM4138114_HNSCC_3_PBMC_CTGAAGTCACTAAGTC	1020.9440951141685	0.0	0.0	0.0	0.0
GSM4138114_HNSCC_3_PBMC_CTGTTTACACAACGTT	540.9918147043375	100.16925734473621	2.7848335636670436	0.0	0.0
GSM4138114_HNSCC_3_PBMC_GAACGGATCAGGTTCA	709.7099842097003	0.0	15.241131442315329	30.670056954178936	0.0
GSM4138114_HNSCC_3_PBMC_GACCTGGCAAGACACG	854.2851861328073	74.26603798905242	0.0	69.54479885071818	0.0
GSM4138114_HNSCC_3_PBMC_GACGCGTAGTTAGGTA	875.8072897646585	0.0	0.0	30.141635732446534	0.0
GSM4138114_HNSCC_3_PBMC_GACTACAAGCGTTCCG	1422.6892791147636	0.0	0.0	0.0	27.32504450392137
GSM4138114_HNSCC_3_PBMC_GCACATAGTTGTCGCG	979.4596676375546	7.3711847936365675	0.0	4.968905541805979	0.7210389676573269
GSM4138114_HNSCC_3_PBMC_GCATACAGTCAGATAA	395.4815270195081	98.50575861165261	0.0	101.44226872327097	33.46044590516101
GSM4138114_HNSCC_3_PBMC_GCATGTAGTATGAAAC	471.9836194622355	34.43634386564888	0.0	26.393750993793606	12.620812414137507
GSM4138114_HNSCC_3_PBMC_GCCAAATGTCCTAGCG	659.5781598707248	8.300831624831115	15.30530137884136	0.0	33.13621753344308
GSM4138114_HNSCC_3_PBMC_GCGCAGTAGTTGTAGA	902.5544452969592	0.0	0.0	0.0	22.591682944305564
GSM4138114_HNSCC_3_PBMC_GGAAAGCCATGGTTGT	842.0746188912598	2.7566270404205317	0.0	0.0	0.0
GSM4138114_HNSCC_3_PBMC_GGAAAGCTCACAACGT	814.2606199560906	34.5024720015797	0.0	72.4830662279577	0.0
GSM4138114_HNSCC_3_PBMC_GGACAAGTCGCCGTGA	1427.4731456378715	34.77256826845495	0.0	24.612397397102008	0.0
GSM4138114_HNSCC_3_PBMC_GGACGTCTCGACGGAA	825.5805231205036	1.4167704127233363	0.0	0.0	0.0
GSM4138114_HNSCC_3_PBMC_GGATTACTCCACGCAG	941.0101288903992	61.050496052372054	0.0	0.0	12.860701670720482
GSM4138114_HNSCC_3_PBMC_GGGAATGGTCAAGCGA	641.5806804937617	0.0	0.0	0.0	40.95529560445487
GSM4138114_HNSCC_3_PBMC_GTACGTAGTAACGCGA	832.3658412255419	75.63245119638427	0.0	52.55197446477253	26.13131168779681
GSM4138114_HNSCC_3_PBMC_GTATTCTAGGCTAGGT	854.262105425472	0.0	0.0	82.60873557153172	0.0
GSM4138114_HNSCC_3_PBMC_GTATTCTGTGCTAGCC	766.7293948177472	0.0	0.0	0.0	36.75795492692267
GSM4138114_HNSCC_3_PBMC_GTGCAGCTCTAAGCCA	575.5480039205398	23.452718585179642	25.544379649618772	0.0	0.0
GSM4138114_HNSCC_3_PBMC_GTGCGGTGTGTGTGCC	835.8655735421071	25.48114851983587	0.0	0.0	0.0
GSM4138114_HNSCC_3_PBMC_GTGCTTCTCCTAGGGC	603.5114563772611	78.90101177396963	0.0	3.612435868465214	23.86700175229486
GSM4138114_HNSCC_3_PBMC_GTTAAGCGTCTCCATC	826.7804741241688	0.0	0.0	9.072095768641795	0.0
GSM4138114_HNSCC_3_PBMC_GTTAAGCTCTGCCCTA	958.6409251381208	0.0	0.0	10.846317874895622	0.0
GSM4138114_HNSCC_3_PBMC_GTTCGGGGTTAGTGGG	1098.858888328099	32.245630514971	0.0	0.0	0.0
GSM4138114_HNSCC_3_PBMC_GTTCTCGGTGGCGAAT	735.0625563465717	0.0	0.0	0.0	0.0
GSM4138114_HNSCC_3_PBMC_TACACGAAGTACCGGA	684.7614980591195	9.88086226214776	0.0	0.0	0.0
GSM4138114_HNSCC_3_PBMC_TATCTCAAGGCGTACA	633.4546158935386	37.35123039170753	0.0	102.78332145406237	2.615417894407996
GSM4138114_HNSCC_3_PBMC_TATCTCAGTACTCAAC	588.0356887903267	92.67140942759	0.0	0.0	30.436278487103518
GSM4138114_HNSCC_3_PBMC_TATGCCCCATGCCTTC	904.0684011713938	69.13811650040107	0.0	0.0	10.668409692359639
GSM4138114_HNSCC_3_PBMC_TCACAAGCAAGCGATG	661.0654732300167	9.4225742270916	4.185258187831904	0.0	0.0
GSM4138114_HNSCC_3_PBMC_TCAGCTCCACATTTCT	707.9598310753424	117.30310915156701	0.0	2.0665470760071787	2.3726200817870144
GSM4138114_HNSCC_3_PBMC_TCAGGATCACCGAAAG	703.2911617028767	10.910588921819048	0.0	1.082996840017471	0.0
GSM4138114_HNSCC_3_PBMC_TCATTTGGTTGGACCC	547.1959263329179	51.736526386054464	0.0	0.0	0.0
GSM4138114_HNSCC_3_PBMC_TCGCGTTCAGATCGGA	1088.530978381208	0.0	0.0	0.0	0.0
GSM4138114_HNSCC_3_PBMC_TCGTACCGTCCTAGCG	1024.026024913649	53.80656847279908	0.0	0.0	0.0
GSM4138114_HNSCC_3_PBMC_TCTCTAAGTGATGTCT	660.6921307719302	0.0	30.00688843596669	10.932850893607519	0.15670662473943375
GSM4138114_HNSCC_3_PBMC_TCTCTAATCCTGTACC	659.3057207994043	0.0	0.0	30.165877515806596	21.70013431345703
GSM4138114_HNSCC_3_PBMC_TCTGGAAAGAGTGACC	527.5544037825216	245.05861205951607	22.279726293629555	62.237393066622275	49.471814491342215
GSM4138114_HNSCC_3_PBMC_TCTTTCCGTCCGCTGA	432.1707094525474	133.66491347421928	0.0	48.25390256542115	0.2607208990171352
GSM4138114_HNSCC_3_PBMC_TGAAAGACAGACAAAT	879.7337082681765	14.464698866540608	0.0	0.0	0.0
GSM4138114_HNSCC_3_PBMC_TGACGGCGTAAGGGCT	683.5008485751664	0.0	0.0	56.10507535808336	12.199306942778904
GSM4138114_HNSCC_3_PBMC_TGCTGCTCAACGCACC	798.9041878094977	0.0	0.0	1.6714041434251323	0.0
GSM4138114_HNSCC_3_PBMC_TGTATTCTCCCTAACC	734.6854104557685	0.0	0.0	0.0	0.0
GSM4138114_HNSCC_3_PBMC_TTAACTCTCCTGCTTG	911.1194120998839	22.639619825070145	0.0	0.0	0.0
GSM4138114_HNSCC_3_PBMC_TTCTCCTTCTTGTATC	1200.3255748711147	0.0	7.708565739517992	48.65845826159985	0.0
GSM4138114_HNSCC_3_PBMC_TTGGCAACAGATCCAT	566.2285911223067	33.81258869927909	14.201002239033086	0.0	24.421193395264687
GSM4138114_HNSCC_3_PBMC_AAACCTGCACCAGCAC	44.15498167122223	1370.711338271229	0.0	0.0	0.0
GSM4138114_HNSCC_3_PBMC_AATCCAGCATAAGACA	0.0	1568.251491070223	32.44816799429995	62.12087903988279	0.0
GSM4138114_HNSCC_3_PBMC_ACCGTAAGTCTTCGTC	0.0	2612.030784590207	0.0	12.624499714405884	48.97278848348354
GSM4138114_HNSCC_3_PBMC_ACGGAGACATGGGACA	290.0235659438824	877.0785162425734	0.0	0.0	59.888148415650974
GSM4138114_HNSCC_3_PBMC_ACGGGCTTCTTGCAAG	307.12306920046285	1039.6209066989434	6.268653068242051	23.89335003110382	11.195434613410837
GSM4138114_HNSCC_3_PBMC_ACTTACTGTTGGTAAA	0.0	2367.824766089623	110.17873054415453	168.99120293877047	103.3372886455036
GSM4138114_HNSCC_3_PBMC_ACTTTCACATTCTTAC	110.29808822816543	1245.7797544183175	52.629467314229906	13.473965456904514	0.0
GSM4138114_HNSCC_3_PBMC_AGACGTTGTCGGCATC	226.63551439593522	922.9013717032487	0.0	25.611282431870286	0.0
GSM4138114_HNSCC_3_PBMC_AGAGTGGCACCTCGGA	228.04996354812874	1679.8728144153636	6.813604086277453	0.0	50.58123808494006
GSM4138114_HNSCC_3_PBMC_AGGGTGAGTGCACTTA	154.0974187930699	1119.676037725292	60.2286938965836	7.825546783847832	1.7649937049691944
GSM4138114_HNSCC_3_PBMC_AGTAGTCCATAGACTC	217.46396328653336	742.0521679657322	0.0	0.0	0.0
GSM4138114_HNSCC_3_PBMC_ATAAGAGGTATTCGTG	180.3032195441731	1496.3556315423093	0.0	0.0	0.0
GSM4138114_HNSCC_3_PBMC_ATGCGATTCGTGACAT	68.93666068325693	1539.7621293206769	224.09398587875378	94.45197031345519	127.91756641110746
GSM4138114_HNSCC_3_PBMC_ATTTCTGAGTAGATGT	0.0	1696.7621727272672	0.0	0.0	37.63104941405198
GSM4138114_HNSCC_3_PBMC_ATTTCTGTCGTAGGAG	0.0	656.8320061923736	43.10950091017669	0.0	0.0
GSM4138114_HNSCC_3_PBMC_CAAGAAACATGGAATA	0.0	1832.3801605307324	0.0	0.0	0.0
GSM4138114_HNSCC_3_PBMC_CACAGTAGTGATAAGT	249.0218782363786	1206.6722349786587	0.0	7.972996540819392	0.0
GSM4138114_HNSCC_3_PBMC_CAGTAACAGTACGCGA	0.0	1807.0273971840948	8.691663147388416	56.199948405850535	0.0
GSM4138114_HNSCC_3_PBMC_CATCGAAGTAGCGCTC	89.17521792585492	1333.5654543643366	59.69514661862973	0.0	0.0
GSM4138114_HNSCC_3_PBMC_CATGGCGCACTACAGT	0.0	1422.981579943538	0.0	97.6473328193291	0.0
GSM4138114_HNSCC_3_PBMC_CCTATTAGTAGCCTCG	126.52131112579545	1439.6961019467574	0.0	11.186965547870843	29.01169876089317
GSM4138114_HNSCC_3_PBMC_CCTTCCCTCAGCATGT	147.8854710860369	1469.0316064734018	0.0	0.0	0.0
GSM4138114_HNSCC_3_PBMC_CGGACGTCATCGGACC	249.274370991355	1130.9130234679133	17.19699343899732	0.0	35.24738117747536
GSM4138114_HNSCC_3_PBMC_CGGACTGTCACGACTA	24.86632033348095	1187.702082051898	13.270057570885148	26.69529606320356	6.695325177739114
GSM4138114_HNSCC_3_PBMC_CGTAGGCAGTAAGTAC	300.7841528519172	908.6046068885892	12.49733276750582	33.69545751010518	1.2866922472238798
GSM4138114_HNSCC_3_PBMC_CGTGAGCAGAAGGGTA	0.0	1495.753989532193	36.376567774325096	97.7910168482725	0.0
GSM4138114_HNSCC_3_PBMC_CGTTGGGGTGATAAGT	101.70050562558015	1157.2319739519855	0.0	0.0	1.2099220679152551
GSM4138114_HNSCC_3_PBMC_CTAACTTCATACAGCT	0.0	2348.6043330390603	123.60626922128317	356.9444293227656	45.92488540364703
GSM4138114_HNSCC_3_PBMC_CTACATTCAGTCAGCC	235.00420305811048	881.9781081235351	0.0	26.514028793829837	0.0
GSM4138114_HNSCC_3_PBMC_CTAGTGATCTTTCCTC	0.0	1585.3786469203833	0.0	0.0	27.889128556860367
GSM4138114_HNSCC_3_PBMC_CTCGGGAAGAAGCCCA	0.0	1471.6552066979452	22.341829910153773	0.0	76.87509180522899
GSM4138114_HNSCC_3_PBMC_CTCTACGAGTGAACGC	169.76733038660683	1177.2953094731	1.0090864545586264	0.0	25.460943413966547
GSM4138114_HNSCC_3_PBMC_CTGTGCTCATGCTAGT	152.69264141245154	784.2262981697918	0.0	47.92293514113677	0.0
GSM4138114_HNSCC_3_PBMC_CTGTTTAAGAAACGAG	264.0006770374403	561.2608157153506	0.0	0.0	4.568399356464087
GSM4138114_HNSCC_3_PBMC_GACCTGGAGGATGGAA	222.8965285364278	1156.104769469989	2.395867610280018	0.0	12.838720186532871
GSM4138114_HNSCC_3_PBMC_GATGAGGAGACGCACA	304.27513824502705	1107.9122023788946	35.11628965916814	38.62107070981667	0.0
GSM4138114_HNSCC_3_PBMC_GATGCTATCTATCCCG	243.98349154940018	1197.3592457461289	15.612100563610701	104.09720727432331	33.4547124788136
GSM4138114_HNSCC_3_PBMC_GATTCAGCATAACCTG	154.07489335154983	1057.8901763154436	0.0	22.008299796218648	0.0
GSM4138114_HNSCC_3_PBMC_GCCTCTATCTGACCTC	51.06294324911603	1130.7308762331857	5.273730839904966	21.919617200924122	2.2888770309502227
GSM4138114_HNSCC_3_PBMC_GCGCGATAGCGTAGTG	149.27132944353284	1366.4220677769895	0.0	43.53082282851402	22.706308547282163
GSM4138114_HNSCC_3_PBMC_GCTTCCATCAGAGACG	0.0	1435.3426907065539	0.0	0.0	23.883255362634465
GSM4138114_HNSCC_3_PBMC_GCTTGAAAGATCACGG	23.659123739055406	1164.3713417244933	3.466910296587251	56.32021493054935	0.0
GSM4138114_HNSCC_3_PBMC_GGAAAGCCACAGTCGC	0.0	1604.036054627485	0.0	0.0	3.712293705532339
GSM4138114_HNSCC_3_PBMC_GGTGTTAGTTATGTGC	284.8109568771282	780.5763335590444	0.0	4.174512561644207	9.060079752706855
GSM4138114_HNSCC_3_PBMC_GTATCTTCATTACCTT	57.471680421343564	1726.6213091818781	0.0	0.0	0.0
GSM4138114_HNSCC_3_PBMC_GTCACAAAGCTGCCCA	0.0	1351.8474410806691	44.104429305582556	68.52887476655519	5.08942990477562
GSM4138114_HNSCC_3_PBMC_GTCATTTTCCTCTAGC	112.39698247594765	1173.617293814961	0.0	57.006463867258695	7.8496853802535655
GSM4138114_HNSCC_3_PBMC_GTGTTAGGTGTATGGG	27.988760057684757	1068.7815613699065	39.568666240926206	0.0	21.314008567664917
GSM4138114_HNSCC_3_PBMC_GTTCATTCATCACGAT	9.603720443917377	1410.5012508820892	0.0	0.0	30.815458931884855
GSM4138114_HNSCC_3_PBMC_GTTTCTAGTGGTTTCA	492.08117210076705	986.0420922235973	0.0	0.0	0.0
GSM4138114_HNSCC_3_PBMC_TACTTACAGGGTCGAT	65.01156549158036	1182.617467344565	17.48086297732658	0.0	0.0
GSM4138114_HNSCC_3_PBMC_TCGAGGCGTACGCTGC	213.1467346691373	1408.0351608908852	66.46446689377464	48.70161970241202	18.926981665893848
GSM4138114_HNSCC_3_PBMC_TCGTAGAAGAAACCTA	0.0	1510.2939837214735	0.0	0.0	32.84787636288597
GSM4138114_HNSCC_3_PBMC_TGCCCTAAGTGTTAGA	0.0	1489.648718895438	15.536840051749154	0.0	0.0
GSM4138114_HNSCC_3_PBMC_TGGCTGGAGGGATGGG	0.0	1529.830956706346	0.38816067335873383	13.60456981521159	0.0
GSM4138114_HNSCC_3_PBMC_TTAGGACAGTCCTCCT	0.0	1817.9874169082527	0.0	0.0	0.0
GSM4138114_HNSCC_3_PBMC_TTATGCTCAGTATAAG	22.259845878109072	535.0237608303202	27.519259366748173	0.0	0.0
GSM4138114_HNSCC_3_PBMC_TTCCCAGGTCTCCCTA	97.9901992578429	1319.1389405181176	0.0	8.819040143877606	0.0
GSM4138114_HNSCC_3_PBMC_TTCCCAGTCACTCCTG	46.82681185121405	1417.6730478275783	13.78530423307187	56.92438916467783	0.0
GSM4138114_HNSCC_3_PBMC_TTCTACATCCGCATCT	41.52725170385601	1001.7623155797417	0.0	0.0	67.19364509949044
GSM4138114_HNSCC_3_PBMC_AAAGATGTCTCCCTGA	983.3474460785842	59.61415930351249	0.0	43.59456350039084	0.0
GSM4138114_HNSCC_3_PBMC_AACTCCCGTCTGATCA	672.6522005463846	61.90338481339778	0.0	25.33186802517604	0.0
GSM4138114_HNSCC_3_PBMC_ACGCAGCCATCCAACA	1065.1250631812472	0.0	25.258182598333896	0.0	0.0
GSM4138114_HNSCC_3_PBMC_ACTATCTAGCCTCGTG	886.7776667909257	0.0	0.0	0.0	0.0
GSM4138114_HNSCC_3_PBMC_ACTGAACTCAGCATGT	1119.6775606090916	76.52949118124495	0.0	0.0	37.7243410032055
GSM4138114_HNSCC_3_PBMC_ATCCGAACATAACCTG	1071.0896354444903	13.37918864204244	0.0	0.0	0.0
GSM4138114_HNSCC_3_PBMC_ATTTCTGTCCGTTGCT	1452.006499573385	0.0	0.0	0.0	0.0
GSM4138114_HNSCC_3_PBMC_CAAGATCGTTCACGGC	670.8833847940749	79.17875602095974	0.0	41.37956438548002	11.813150700222904
GSM4138114_HNSCC_3_PBMC_CGTGTCTGTTGGAGGT	884.7897276868267	81.70705095836537	44.726333151252234	0.0	29.503199312261753
GSM4138114_HNSCC_3_PBMC_CTACACCGTAAGTGTA	966.538481630541	78.97054509676848	0.0	3.7576367841858853	0.0
GSM4138114_HNSCC_3_PBMC_GACGTTAGTGGTCTCG	917.5805167423638	49.07262327425296	0.0	2.200470949465998	0.0
GSM4138114_HNSCC_3_PBMC_GCACTCTGTGGTGTAG	737.9098617960881	65.28870646486101	0.0	57.41805780069509	10.817717318493827
GSM4138114_HNSCC_3_PBMC_GGGCATCAGACTACAA	738.3626054508936	178.46358957016173	0.0	0.0	4.733084897175444
GSM4138114_HNSCC_3_PBMC_GTCAAGTTCTTTACAC	732.6950528871668	161.06160337099976	3.936558198636455	10.63354047025873	14.748972554807082
GSM4138114_HNSCC_3_PBMC_GTGCTTCCACTATCTT	1031.0460680641704	25.07053455872459	0.0	0.0	8.197555781866576
GSM4138114_HNSCC_3_PBMC_TTCTACACACACCGAC	710.5206264549264	199.95702295470278	3.707833802657809	33.987860378875766	0.0
GSM4138114_HNSCC_3_PBMC_TTGACTTTCGCGATCG	1072.0762574956466	0.0	0.0	0.0	0.0
GSM4138114_HNSCC_3_PBMC_ACTGTCCCACTAGTAC	681.8320535769452	91.08783566428038	17.429190717160182	25.63808790509924	10.197257212310431
GSM4138114_HNSCC_3_PBMC_CTCATTATCGAATCCA	744.79591450961	164.89152978008735	15.617810295235344	4.916131418542994	0.0
GSM4138114_HNSCC_3_PBMC_GAACCTATCGACAGCC	1423.1120332645598	0.0	0.0	0.0	0.0
GSM4138114_HNSCC_3_PBMC_GCGCCAACATTTGCCC	930.8895095259268	14.19459779500008	0.0	5.064693313462993	6.49622579575409
GSM4138114_HNSCC_3_PBMC_GGGAGATCAATTCCTT	749.874709191447	16.445682449619827	0.0	25.00815372508865	2.6424690576557057
GSM4138114_HNSCC_3_PBMC_GTGAAGGAGAAGGTGA	834.0238700430322	48.74893612629539	18.430821098147693	28.84333492047445	22.7060983756722
GSM4138114_HNSCC_3_PBMC_TACCTATTCGAGAGCA	666.5910494812374	7.204597778574722	0.0	0.0	37.94684509870937
GSM4138114_HNSCC_3_PBMC_TAGCCGGGTTGATTCG	749.83152131451	19.607274359879415	0.0	4.457786014813813	34.359758899554855
GSM4138114_HNSCC_3_PBMC_TCTTTCCTCGCCGTGA	796.1512743310568	141.40316816799353	15.039419018620945	32.35798585766229	0.0
GSM4138114_HNSCC_3_PBMC_TGTGGTAGTTGCCTCT	1034.3093022772528	118.65026687972471	0.0	5.703073569006905	2.0960711155396186
GSM4138114_HNSCC_3_PBMC_ATTATCCTCCTCCTAG	889.0019459552079	442.9227644586121	26.27191892065508	127.25351414538811	109.61211227825419
GSM4138114_HNSCC_3_PBMC_CGAGAAGAGCTACCTA	858.4726290946573	436.4063662988317	13.943904046679384	106.2472803626222	57.47382861008814
GSM4138114_HNSCC_3_PBMC_GACTACACACCGCTAG	553.6048159273149	529.6863445249505	25.181373023099844	0.0	19.74113819029026
GSM4138114_HNSCC_3_PBMC_GGCTCGAGTCTGATCA	589.0358664309452	371.3435329622107	0.0	46.05222514676186	20.5764672582146
GSM4138114_HNSCC_3_PBMC_TCAGATGTCAGTTTGG	662.373254128755	296.55037803327576	0.0	22.93800159386486	65.73978701141502
GSM4138114_HNSCC_3_PBMC_TCGAGGCAGAACAATC	940.3217720190166	1021.0277370053593	0.0	103.96418798286625	79.84244071433525
GSM4138114_HNSCC_3_PBMC_TGGGCGTGTCATTAGC	375.2480377561473	313.875118731788	0.0	26.86689313802456	27.991784136506098
GSM4138114_HNSCC_3_PBMC_TTCCCAGAGGACAGCT	519.435128676235	382.3561104245447	0.0	6.744512363159782	37.81763436594756
GSM4138114_HNSCC_3_PBMC_ACACCAACATGCATGT	667.4931397337579	392.2181224891676	19.69927547979752	0.0	16.180972348722765
GSM4138114_HNSCC_3_PBMC_ACGATACGTGTGGTTT	379.59319620017953	1359.8295879274087	0.0	63.64736309264435	99.32655445867367
GSM4138114_HNSCC_3_PBMC_AGAATAGTCACCATAG	426.4617259183127	770.2240477409953	26.268292327459815	0.0	0.0
GSM4138114_HNSCC_3_PBMC_AGCCTAATCCTGCCAT	329.45603644036066	212.58001118380884	0.0	0.0	17.829735618065264
GSM4138114_HNSCC_3_PBMC_CAACCAAGTTGAGGTG	243.26257980941077	411.88225807775297	0.5467544709920001	14.165246312743182	0.0
GSM4138114_HNSCC_3_PBMC_CACACAACATGCCTAA	516.9378938057405	743.3962935253887	0.0	18.381172359421836	13.27933934623732
GSM4138114_HNSCC_3_PBMC_CCACTACAGGTGCTAG	409.8860901342356	284.9947435365134	0.0	22.758317384914537	26.15955767154232
GSM4138114_HNSCC_3_PBMC_CGTCACTCAGATTGCT	341.5292193360056	1153.3428860400538	0.0	0.0	102.7647349325876
GSM4138114_HNSCC_3_PBMC_CTCGGGAGTCTAGCGC	552.595928251055	1401.6962130451875	3.162112789162017	0.0	25.645826488811885
GSM4138114_HNSCC_3_PBMC_GACCTGGCAGTCACTA	398.21096168030596	757.8470094964654	0.0	25.105578824192786	0.0
GSM4138114_HNSCC_3_PBMC_GCTCTGTAGTCAAGCG	387.11273916164754	765.534581592076	60.52918625230793	13.343075636259385	28.19242495739619
GSM4138114_HNSCC_3_PBMC_GGAACTTAGAGAGCTC	527.0297853584357	752.2586706760354	46.524545770976616	23.12743366330863	84.87787753365664
GSM4138114_HNSCC_3_PBMC_GGCGACTGTTCCACTC	494.64035397235295	604.2950004289262	0.0	29.62646029779219	0.0
GSM4138114_HNSCC_3_PBMC_GTTTCTACACACAGAG	345.11662965521117	1102.1290236706232	85.2642710482548	185.64971868426167	95.24539399026109
GSM4138114_HNSCC_3_PBMC_TGCGTGGCAGTCGATT	559.2726917510614	687.0917134841804	52.15345998409403	58.260150394842654	0.0
GSM4138114_HNSCC_3_PBMC_TTATGCTGTTACGACT	802.7321958491654	505.2396326519863	0.0	0.0	0.0
GSM4138114_HNSCC_3_PBMC_AAAGCAATCCCGACTT	1655.1067961316694	220.3307804567523	20.932885223095695	51.705499868900304	0.0
GSM4138114_HNSCC_3_PBMC_AAAGTAGGTTCAGACT	1511.8760312690183	56.20477763659177	58.51020078983476	95.78623760804328	63.24791140751257
GSM4138114_HNSCC_3_PBMC_ACGTCAAAGAGCTGGT	1420.415574837751	378.99947192045	139.44789407529575	62.88700937330027	42.14945266405165
GSM4138114_HNSCC_3_PBMC_ACTTGTTAGCAGATCG	1202.0258151830872	144.4782703447082	101.12441953547953	53.54668896219365	28.461127584935035
GSM4138114_HNSCC_3_PBMC_AGCTCCTGTCTGCAAT	1910.69591419926	0.0	0.0	64.42121873656922	36.89335931016177
GSM4138114_HNSCC_3_PBMC_ATCTGCCTCTCCGGTT	2030.3067886219824	106.78204472844843	38.2992108789681	105.47364193555133	136.05979886879794
GSM4138114_HNSCC_3_PBMC_CACAAACGTCTCTTAT	2073.241527018177	108.11955869807639	19.14076536552747	41.985121348329095	50.260063579520704
GSM4138114_HNSCC_3_PBMC_CATCAAGCACAGATTC	1198.0384171198584	343.27179711388965	75.2283910134548	178.14508337640737	34.92567258199931
GSM4138114_HNSCC_3_PBMC_CGTCCATGTAATCACC	1329.4670187356344	189.61919391924187	95.58908423732949	78.11341874339615	103.56281089169985
GSM4138114_HNSCC_3_PBMC_CGTTCTGGTCCGAGTC	1277.1558732318547	205.04327142196038	54.0663257770042	114.57866918346727	57.786994579300874
GSM4138114_HNSCC_3_PBMC_CTACGTCAGAGGACGG	1508.6604863265627	17.334591685210178	141.1347290059284	0.0	47.67273502935677
GSM4138114_HNSCC_3_PBMC_GACGCGTGTTCCGGCA	1321.7032864635778	150.15392353213042	43.565926886286256	103.89228550611145	10.322087845897112
GSM4138114_HNSCC_3_PBMC_GGCCGATCATGTAAGA	1339.3357307290714	222.3579999980047	41.33196933913115	49.873524584812095	78.12232352152944
GSM4138114_HNSCC_3_PBMC_GTATTCTTCTGTGCAA	1777.5368472051505	12.315353962665851	84.65484368799942	94.82220295570717	152.73632114309297
GSM4138114_HNSCC_3_PBMC_GTCAAGTAGTGCTGCC	1039.5756349438982	334.76389288010967	7.375888023504616	134.158475924863	162.87005497354988
GSM4138114_HNSCC_3_PBMC_GTCTCGTAGGCTAGAC	1341.8669590174302	173.96977087467917	96.8568439248571	28.423091897241186	113.10811360919817
GSM4138114_HNSCC_3_PBMC_TCTGGAAAGTGGTAAT	1280.381093274964	147.09559773813282	14.774347963355178	67.04972800873315	51.38278595671832
GSM4138114_HNSCC_3_PBMC_TGGCCAGGTCCAAGTT	1499.4621480266899	128.8424513240002	29.22807808265209	23.698368131500104	45.315130586873664
GSM4138114_HNSCC_3_PBMC_AACTGGTGTGTGGCTC	1922.9353964644586	167.86074562907865	431.00996090687624	152.92758537151963	219.64901694546637
GSM4138114_HNSCC_3_PBMC_AAGACCTAGTTTGCGT	598.8840979645599	611.039708576774	559.0167474105775	228.6517952825733	208.8787664920772
GSM4138114_HNSCC_3_PBMC_ACATCAGAGTGTCCAT	2088.8448967010772	155.21618405457818	497.09452147944455	276.7157664982376	143.76061933717025
GSM4138114_HNSCC_3_PBMC_ACGGCCACATGGTCTA	1402.0832575365505	210.2677959501826	79.50839894052447	130.34989429750945	257.222753292762
GSM4138114_HNSCC_3_PBMC_ACTTGTTGTTGTGGAG	703.1700787396134	172.58493343812694	179.32131330652624	304.72083873475606	297.20306448674523
GSM4138114_HNSCC_3_PBMC_AGCGTATCAGCTCGCA	0.0	0.0	0.0	4778.41566365974	0.0
GSM4138114_HNSCC_3_PBMC_CCATTCGAGACAGGCT	1644.5695470912353	98.07621307730228	160.05902579437011	276.24860607553796	281.78066802382585
GSM4138114_HNSCC_3_PBMC_CCTTCGATCTCGCTTG	1732.7756457050841	0.0	262.9384871569793	175.060311543593	197.41338463574309
GSM4138114_HNSCC_3_PBMC_CGCGTTTAGACTAGGC	1935.6071479133384	127.93455153414942	352.46075219893305	271.2812008173655	348.3280599433802
GSM4138114_HNSCC_3_PBMC_CTACATTTCTTTACGT	1246.5610352797862	67.12146052546593	522.3824569405006	300.2957657418184	303.17919793584485
GSM4138114_HNSCC_3_PBMC_CTAGCCTAGACCGGAT	1259.1739470541531	204.53381534413992	195.39364389885938	263.28777910987964	217.65033640162565
GSM4138114_HNSCC_3_PBMC_GACGTTAGTACCATCA	1120.521092221325	412.3941373041594	435.21694156463286	514.5337315901799	391.4412361603334
GSM4138114_HNSCC_3_PBMC_GCGCAGTCAACTGGCC	1719.465219301158	88.91738761363564	192.23369447376675	293.62278095481923	381.83039878629876
GSM4138114_HNSCC_3_PBMC_GCTCTGTCACACTGCG	890.2219458271211	658.9310521365578	489.7619863217951	128.90264596491775	469.76182008655496
GSM4138114_HNSCC_3_PBMC_GCTGCAGTCCGGCACA	1351.0582853669214	259.2907105515529	206.24676523808375	272.95116215413003	266.0289254264431
GSM4138114_HNSCC_3_PBMC_GTAGTCACACAAGCCC	1434.4639803063203	77.81819222845662	99.65710926155813	225.54790772551237	199.75370557188634
GSM4138114_HNSCC_3_PBMC_GTCAAGTAGGCGTACA	423.22029461683553	61.83439891462643	237.93861735135158	112.53210622871312	47.96373648231711
GSM4138114_HNSCC_3_PBMC_TACGGATAGATCGATA	1707.3867392547909	53.6956162940288	80.69940042957037	241.91926824651307	228.91988703925372
GSM4138114_HNSCC_3_PBMC_TCAACGATCTGGGCCA	1258.877540369494	441.00392431061545	408.0855172055372	273.0294139924581	431.52282366369366
GSM4138114_HNSCC_3_PBMC_TGGGCGTGTTAGTGGG	1087.898550637251	363.2551027162658	312.31993695511596	201.28106064596702	296.2125303264321
GSM4138114_HNSCC_3_PBMC_TTGGAACCAGTCACTA	1768.897921565591	2.2238761002130354	164.54230284084025	245.5418971093656	209.78051298030186
GSM4138114_HNSCC_3_PBMC_ACTGTCCCAGCGATCC	0.0	40.59022055063601	1702.582244290816	141.8753839552779	50.56418807116922
GSM4138114_HNSCC_3_PBMC_AGATTGCGTCATACTG	0.0	0.0	1531.373940531622	0.0	0.0
GSM4138114_HNSCC_3_PBMC_CACACAAGTGAACCTT	0.0	0.0	2227.8692550211463	0.0	0.0
GSM4138114_HNSCC_3_PBMC_GCGCAACCATCTGGTA	0.0	0.0	1700.6096993142733	0.0	0.0
GSM4138114_HNSCC_3_PBMC_TACGGATGTCTCATCC	0.0	0.0	1915.9271408871773	0.0	0.0
GSM4138114_HNSCC_3_PBMC_TAGAGCTTCGGAATCT	0.0	0.0	1946.1758968682843	0.0	0.0
GSM4138114_HNSCC_3_PBMC_TTGGAACGTACACCGC	0.0	0.0	2113.9858743722243	4.4632646156448255	0.0
GSM4138114_HNSCC_3_PBMC_GCAGCCACACCACGTG	1184.1056459132283	0.0	0.0	0.0	0.0
GSM4138114_HNSCC_3_PBMC_TAGTTGGTCGAGAGCA	1298.3869822871793	0.0	0.0	0.0	0.0
GSM4138114_HNSCC_3_PBMC_GGACAAGGTTACGACT	654.7161350283732	456.0599839933323	5.261151975340771	6.361873514568231	0.0
GSM4138114_HNSCC_3_PBMC_AGCTTGACATAACCTG	0.0	0.0	0.0	0.0	4767.073537966421
