	1	2	3	4	5	6	7	8	9	10	11	12	13	14	15	16	17	18	19	20	21	22	23	24	25
GSM4138114_HNSCC_3_PBMC_AAACGGGTCTAGAGTC	89.08679925334363	24.719315969472795	0.0	51.7925452486397	0.0	0.0	0.0	4.675633010052973	0.0	42.6745825146571	0.0	12.752203734889273	81.12647034661414	0.0	0.0	0.0	0.0	0.0	0.0	65.48697164126001	0.0	0.0	0.0	0.0	0.0
GSM4138114_HNSCC_3_PBMC_AAAGATGCACTACAGT	87.53064241775446	72.46414644976534	0.0	0.0	0.0	0.0	0.0	0.0	0.0	55.58081912494199	79.55517661946976	31.381932135888757	0.0	0.0	0.0	12.65675806904092	0.0	0.0	0.0	0.0	0.0	0.0	0.0	33.09876036266946	0.0
GSM4138114_HNSCC_3_PBMC_AAATGCCTCTCCAGGG	90.76101057104516	36.48252888905684	0.0	68.35810521440389	0.0	124.77517830767901	0.0	0.0	0.0	95.39843347105108	0.0	0.0	0.0	0.0	0.0	0.0	109.63275571591186	0.0	0.0	0.0	0.0	5.641979231461849	0.0	0.0	0.0
GSM4138114_HNSCC_3_PBMC_AACACGTAGAGTGAGA	112.98814426071519	76.1404312851403	0.0	29.353580156992344	96.79931594650945	103.6980254764844	0.0	0.0	0.0	0.0	0.0	0.0	0.0	0.0	0.0	0.0	45.536884126548635	0.0	34.65077973151925	0.0	0.0	0.0	0.0	0.0	0.0
GSM4138114_HNSCC_3_PBMC_AAGGCAGGTTTAAGCC	115.59187850409697	72.38607497773592	0.0	0.0	0.0	93.50997838919287	0.0	41.91172397335128	0.0	0.0	0.0	66.5354283391688	0.0	0.0	0.0	0.0	0.0	0.0	0.0	0.0	0.0	0.0	0.0	0.0	0.0
GSM4138114_HNSCC_3_PBMC_ACACCAAGTATAAACG	106.31537867955521	50.53391519573844	0.0	0.0	0.0	0.0	0.0	78.98355995746107	0.0	0.0	0.0	0.0	56.827275287907185	0.0	85.41776694896804	0.0	0.0	0.0	0.0	0.0	0.0	0.0	0.0	0.0	0.0
GSM4138114_HNSCC_3_PBMC_ACATACGTCCACTCCA	44.21369333793626	38.377977899218955	0.0	0.0	0.0	47.78246209201266	0.0	0.0	0.0	0.0	0.0	0.0	0.0	94.73269137110158	62.09556738976649	0.0	0.0	0.0	0.0	0.0	0.0	0.0	0.0	0.0	0.0
GSM4138114_HNSCC_3_PBMC_ACTATCTAGGAGTTTA	86.8877313357979	123.83588049918455	0.0	0.0	0.0	0.0	0.0	88.5209964211781	0.0	0.0	0.0	0.0	39.7169953911214	0.0	0.0	0.0	0.0	0.0	0.0	45.80919135428239	0.0	0.0	163.16738827536548	0.0	0.0
GSM4138114_HNSCC_3_PBMC_ACTGAACTCACCTTAT	137.82159089084354	0.0	112.22564996240104	0.0	52.646506762203266	0.0	98.76853478404259	0.0	63.39695090312177	0.0	0.0	0.0	0.0	0.0	0.0	0.0	0.0	0.0	0.0	0.0	0.0	0.0	0.0	0.0	0.0
GSM4138114_HNSCC_3_PBMC_ACTTTCACAGCTGTTA	58.99884346277507	79.82633128334815	109.05801326566372	0.0	0.0	0.0	0.0	71.00066932499747	43.741487217138136	0.0	0.0	0.0	0.0	0.0	0.0	0.0	0.0	0.0	0.0	0.0	0.0	0.0	0.0	0.0	0.0
GSM4138114_HNSCC_3_PBMC_AGCTCTCAGGTGATAT	77.37969351577065	78.36716272737492	131.13141851833865	0.0	0.0	0.0	0.0	0.0	0.0	54.4714208182366	0.0	0.0	0.0	0.0	86.33655769532915	0.0	0.0	0.0	0.0	0.0	0.0	0.0	0.0	0.0	0.0
GSM4138114_HNSCC_3_PBMC_AGCTCTCCAGCCTGTG	123.60107695729798	0.0	93.02105233907662	0.0	33.89181473146861	0.0	42.79761354434509	0.0	0.0	0.0	0.0	0.0	0.0	0.0	16.490186537958657	0.0	0.0	0.0	0.0	0.0	0.0	0.0	0.0	0.0	0.0
GSM4138114_HNSCC_3_PBMC_AGTCTTTCAAAGGTGC	65.69648300240674	23.01557869848602	0.0	64.60501971933938	74.33650447384096	0.0	23.84922144858702	0.0	0.0	0.0	127.3098865741976	0.0	0.0	0.0	26.45147822561922	0.0	0.0	0.0	0.0	0.0	0.0	0.0	0.0	0.0	0.0
GSM4138114_HNSCC_3_PBMC_AGTGAGGGTCAGCTAT	67.53845072912263	18.821664147797932	0.0	22.20935984418356	138.7541127137296	52.739351905744535	29.857463344020452	0.0	0.0	0.0	43.099774874945034	0.0	0.0	0.0	15.341241935931828	0.0	0.0	0.0	40.63063377674896	0.0	0.0	0.0	0.0	0.0	0.0
GSM4138114_HNSCC_3_PBMC_AGTGGGATCACCACCT	129.7327061043719	0.0	121.35309458752722	0.0	0.0	0.0	78.24568934090503	68.46330423549969	0.0	0.0	0.0	0.0	0.0	0.0	0.0	0.0	0.0	68.21605385596041	0.0	0.0	0.0	0.0	0.0	0.0	0.0
GSM4138114_HNSCC_3_PBMC_ATCCACCTCCCTCAGT	67.38284688703993	0.0	70.35380577559279	80.06129862861621	0.0	0.0	0.0	0.0	0.0	0.0	0.0	0.0	0.0	46.75781306825701	0.0	0.0	0.0	0.0	0.0	0.0	33.903052967835144	0.0	0.0	0.0	0.0
GSM4138114_HNSCC_3_PBMC_ATCGAGTGTCTAAACC	114.42455175462501	133.85203750200924	309.14523688804854	0.0	0.0	0.0	0.0	124.15799073768245	113.66283598887375	0.0	0.0	0.0	0.0	0.0	0.0	0.0	0.0	0.0	0.0	0.0	0.0	0.0	0.0	0.0	0.0
GSM4138114_HNSCC_3_PBMC_ATCTACTGTGACGCCT	75.90527558963359	79.3979767320002	0.0	0.0	0.0	64.56640969621502	0.0	6.676753321971908	0.0	48.85848159009585	22.71378479339203	0.0	0.0	0.0	0.0	0.0	0.0	0.0	0.0	0.0	0.0	48.71902357820761	0.0	59.06995053137299	0.0
GSM4138114_HNSCC_3_PBMC_CAAGAAAGTGCTTCTC	75.96798012601259	0.0	80.76234898627652	0.0	0.0	0.0	53.133826981632204	0.0	0.0	0.0	0.0	0.0	0.0	63.06296554602201	61.62445217615812	0.0	0.0	0.0	0.0	0.0	0.0	0.0	0.0	0.0	0.0
GSM4138114_HNSCC_3_PBMC_CAAGGCCGTTCCCGAG	100.26347692815642	122.52639636348087	0.0	0.0	0.0	0.0	6.711673603438768	34.29845337183769	0.0	21.725022483004647	0.0	0.0	0.0	0.0	0.0	87.86805986948256	50.23910577944917	0.0	0.0	0.0	0.0	0.0	0.0	0.0	0.0
GSM4138114_HNSCC_3_PBMC_CAAGTTGTCAAGAAGT	27.385890429720583	0.0	75.47011549057522	96.43447752298778	0.0	0.0	20.10439138156861	0.0	0.0	0.0	0.0	104.07600326745948	0.0	38.442471060137294	0.0	0.0	0.0	0.0	0.0	0.0	0.0	0.0	0.0	0.0	0.0
GSM4138114_HNSCC_3_PBMC_CACAAACCAGCTGGCT	57.68728013824867	0.0	102.55377832406732	0.0	0.0	6.149272786468563	129.05317321462633	0.0	0.0	0.0	0.0	0.0	0.0	8.291677834923682	0.0	0.0	0.0	0.0	0.0	59.74922105807269	0.0	0.0	0.0	0.0	0.0
GSM4138114_HNSCC_3_PBMC_CACACAAAGAACAACT	52.29165765241791	114.77744423240294	0.0	0.0	0.0	0.0	0.0	54.80419054351862	0.0	0.0	172.66623608295978	27.249932383677407	0.0	0.0	40.87826939732035	0.0	0.0	0.0	0.0	0.0	0.0	0.0	0.0	0.0	0.0
GSM4138114_HNSCC_3_PBMC_CACATAGTCCGCAAGC	71.05031392603075	75.69367009447298	106.82858836924136	0.0	9.664752938585211	0.0	0.0	0.0	0.0	0.0	0.0	71.51530615076771	0.0	60.64639207207328	0.0	0.0	0.0	0.0	0.0	0.0	49.3935471063638	0.0	0.0	0.0	0.0
GSM4138114_HNSCC_3_PBMC_CACCACTAGCAATATG	69.45672036395395	0.0	152.399432195783	0.0	30.190714304378393	0.0	34.687583143724915	0.0	37.77587947219744	0.0	0.0	0.0	0.0	0.0	0.0	0.0	0.0	0.0	0.0	0.0	0.0	0.0	0.0	0.0	0.0
GSM4138114_HNSCC_3_PBMC_CATATTCAGTCCCACG	67.32051232621822	0.0	0.0	63.500839820544854	67.11606454460438	109.56723493040573	0.0	0.0	0.0	0.0	0.0	0.0	0.0	0.0	0.0	0.0	0.0	9.793514144269126	0.0	21.424658035611937	0.0	0.0	0.0	0.0	0.0
GSM4138114_HNSCC_3_PBMC_CATCAAGGTCGTCTTC	38.2385698723379	84.85589691357322	0.0	0.0	52.793460428572274	0.0	0.0	0.0	0.0	0.0	152.97597900975575	0.0	0.0	0.0	0.0	0.0	0.0	0.0	0.0	0.0	0.0	0.0	0.0	39.923685114983535	0.0
GSM4138114_HNSCC_3_PBMC_CATCAGACATACTACG	221.568489680728	138.44541719231754	0.0	16.719225675245376	195.07516333054826	0.0	0.0	0.0	0.0	0.0	309.019915034658	0.0	0.0	0.0	0.0	0.0	0.0	173.2378275315571	0.0	0.0	0.0	0.0	0.0	0.0	0.0
GSM4138114_HNSCC_3_PBMC_CATCGGGTCTTCTGGC	45.90133838230437	0.0	0.0	122.24608033031066	88.04502016050456	0.0	0.0	0.0	0.0	0.0	0.0	0.0	90.1084517012643	0.0	0.0	0.0	0.0	0.0	53.44944401011596	0.0	0.0	0.0	0.0	0.0	0.0
GSM4138114_HNSCC_3_PBMC_CCACGGATCAGAGGTG	123.3449208499046	0.0	160.61745043898264	128.8623048001157	0.0	0.0	0.0	0.0	115.7518181297472	49.425855936045274	0.0	0.0	0.0	0.0	0.0	0.0	0.0	0.0	0.0	0.0	0.0	0.0	0.0	0.0	0.0
GSM4138114_HNSCC_3_PBMC_CCTACACTCGACAGCC	46.02506212788221	53.29495731624127	0.0	0.0	0.0	0.0	0.0	0.0	0.0	29.738847064273042	0.0	0.0	69.35693018914058	0.0	0.0	0.0	0.0	0.0	0.0	0.0	0.0	58.26075964641528	0.0	0.0	0.0
GSM4138114_HNSCC_3_PBMC_CCTTCCCGTAGCGTCC	54.34536604840666	31.843191473174983	77.52171856690451	0.0	0.0	0.0	16.987394254975605	0.0	49.480820027133	27.865434256473158	0.0	0.0	0.0	34.23386888570959	0.0	0.0	0.0	0.0	0.0	0.0	0.0	0.0	0.0	0.0	0.0
GSM4138114_HNSCC_3_PBMC_CCTTCCCTCACATACG	104.15563901953303	0.0	0.0	59.11730724788202	0.0	0.0	0.0	41.23414446363508	67.47745080928546	18.072070353683205	85.16943070636334	0.0	0.0	0.0	0.0	0.0	0.0	0.0	0.0	0.0	0.8166966375528822	0.0	0.0	0.0	0.0
GSM4138114_HNSCC_3_PBMC_CGAGCCAAGCGCTTAT	88.58973376136798	64.12222350960559	0.0	0.0	0.0	0.0	0.0	17.62837689704025	0.0	45.0970780232472	0.0	38.5350900470748	143.95069414162566	0.0	0.0	0.0	0.0	0.0	0.0	0.0	0.0	0.0	0.0	0.0	0.0
GSM4138114_HNSCC_3_PBMC_CGAGCCAGTCAAAGAT	117.45914438168184	136.2168022888747	0.0	0.0	0.0	0.0	0.0	0.0	0.0	217.0747004588016	195.46391045042978	0.0	21.25122492408092	0.0	0.0	0.0	0.0	0.0	0.0	0.0	125.79579600114072	0.0	78.09498824202738	0.0	0.0
GSM4138114_HNSCC_3_PBMC_CGCGGTATCATCACCC	130.62542407902325	113.0954237542851	121.35055474434333	0.0	0.0	0.0	0.0	83.22706522246608	0.0	0.0	0.0	0.0	5.775171357638806	0.0	0.0	0.0	103.74444718915962	0.0	0.0	0.0	0.0	0.0	0.0	0.0	0.0
GSM4138114_HNSCC_3_PBMC_CGCGTTTTCCCAAGTA	56.679613593045914	0.0	0.0	64.99205422877563	0.0	0.0	0.0	0.0	0.0	78.75212958900765	69.99995313206855	13.49645965954612	0.0	0.0	0.0	0.0	0.0	0.0	0.0	22.73601470931111	0.0	0.0	0.0	0.0	0.0
GSM4138114_HNSCC_3_PBMC_CGCTGGAGTAGCCTAT	55.13860878320335	181.22847683718837	76.34555251849235	0.0	0.0	0.0	0.0	73.0642462470498	101.82651916332942	0.0	0.0	0.0	60.63183711900276	0.0	0.0	0.0	0.0	0.0	0.0	0.0	0.0	0.0	0.0	0.0	0.0
GSM4138114_HNSCC_3_PBMC_CGGACGTGTAGATTAG	136.78249377009408	111.41249852884545	123.3247684088924	0.0	0.0	0.0	0.0	0.0	89.85182933935411	71.06499529579035	0.0	10.6313549406224	0.0	0.0	0.0	0.0	0.0	0.0	0.0	0.0	0.0	0.0	0.0	0.0	0.0
GSM4138114_HNSCC_3_PBMC_CGTCCATAGATGTGTA	37.88457202927198	1.5592056020374505	0.0	32.08434928711877	0.0	0.0	8.599301025785085	0.0	0.0	0.0	116.74574792992536	13.90859588982861	0.0	80.16704566673087	0.0	0.0	0.0	0.0	0.0	0.0	0.0	26.45668842684719	0.0	0.0	0.0
GSM4138114_HNSCC_3_PBMC_CGTCTACGTACCGAGA	200.01819543089644	45.447569757279894	0.0	0.0	0.0	77.094808424169	17.79853360872906	0.0	0.0	72.70841549169609	0.0	13.684194397668454	0.0	0.0	0.0	0.0	0.0	0.0	0.0	0.0	0.0	0.0	0.0	95.33326831340239	0.0
GSM4138114_HNSCC_3_PBMC_CGTTCTGCACGTCTCT	111.79353372426392	74.25646192224589	53.52669699389771	0.34962745343546886	0.0	0.0	1.2083771617976795	69.15721011125163	0.0	0.0	0.0	61.00376901084281	0.0	0.0	0.0	13.051344591726028	0.0	0.0	0.0	0.0	0.0	0.0	0.0	0.0	0.0
GSM4138114_HNSCC_3_PBMC_CTAGAGTCAAGCCATT	40.12428447779888	0.0	0.0	89.18989406558131	51.830090693329026	101.58204714085755	0.0	0.0	0.0	0.0	0.0	80.85553592764542	0.0	0.0	0.0	0.0	18.74509512862263	0.0	0.0	0.0	0.0	0.0	0.0	0.0	0.0
GSM4138114_HNSCC_3_PBMC_CTCAGAAGTCAGTGGA	60.11406232949026	0.0	90.46179886741153	0.0	57.76679680693782	0.0	40.07668886812457	0.0	0.0	0.0	0.0	0.0	0.0	7.099455348992414	0.0	0.0	0.0	81.76810174547046	0.0	0.0	0.0	0.0	0.0	0.0	0.0
GSM4138114_HNSCC_3_PBMC_CTCATTACATCGGTTA	48.39792139931351	63.86429772532138	73.21018391924945	0.0	0.0	0.0	31.531237193804554	0.0	0.0	43.95366522932557	0.0	64.36619215403424	0.0	16.86748937452728	0.0	15.087485094165263	0.0	0.0	0.0	0.0	0.0	0.0	0.0	0.0	0.0
GSM4138114_HNSCC_3_PBMC_CTCATTATCGGAGCAA	82.70460469682818	41.03924433509291	26.196615915158265	0.0	0.0	31.297589238707804	0.0	4.785218530364673	0.0	92.86877591393768	0.0	0.0	6.8687742239157	0.0	0.0	0.0	0.0	0.0	30.930282372160523	0.0	48.77613484657195	0.0	0.0	0.0	0.0
GSM4138114_HNSCC_3_PBMC_CTGCTGTAGGACGAAA	72.54756080342251	82.24367990984032	0.0	0.0	0.0	97.11230343144231	0.0	44.44699515954466	0.0	0.0	54.657268481947455	0.0	0.0	0.0	0.0	0.0	0.0	95.68838938639446	0.0	0.0	0.0	0.0	0.0	0.0	0.0
GSM4138114_HNSCC_3_PBMC_CTGTTTAGTAAGTGTA	127.14412969538506	0.0	20.838967061531672	70.96489668378769	0.0	0.0	0.0	0.0	0.0	0.0	0.0	34.198917980768584	61.058683163013576	54.10218708333276	23.081240032686296	0.0	0.0	0.0	0.0	0.0	0.0	0.0	0.0	0.0	0.0
GSM4138114_HNSCC_3_PBMC_GAAATGACAGCTTAAC	66.69714795673168	0.0	116.77293873334786	19.420565015643987	53.81894621104441	0.0	38.34158414644153	0.0	37.33986866756653	0.0	0.0	0.0	0.0	0.0	0.6178590121972178	0.0	0.0	0.0	0.0	0.0	0.0	0.0	0.0	0.0	0.0
GSM4138114_HNSCC_3_PBMC_GACCTGGGTTAAAGTG	81.97644598883736	53.28013264975755	70.6902135664676	0.0	0.0	0.0	0.0	0.0	0.0	0.0	0.0	0.0	0.0	18.54410731502151	0.0	0.0	74.42389419225121	0.0	0.0	0.0	0.0	0.0	0.0	0.0	0.0
GSM4138114_HNSCC_3_PBMC_GATCAGTTCATCTGCC	100.80034352698586	0.0	0.0	0.0	0.0	94.30368736325377	97.31680022320961	0.0	0.0	0.0	0.0	80.21504266011583	0.0	29.725213929102424	0.0	0.0	0.0	0.0	0.0	0.0	0.0	0.0	0.0	0.0	0.0
GSM4138114_HNSCC_3_PBMC_GATCGATTCGCCAAAT	97.78228510023504	0.0	0.0	70.9732395220485	99.3066354114793	48.502146285190875	0.0	0.0	0.0	0.0	29.581185625518827	0.0	0.0	0.0	75.26368435572819	1.2782257146003675	0.0	0.0	0.0	0.0	0.0	0.0	29.894633222459667	0.0	0.0
GSM4138114_HNSCC_3_PBMC_GATCGTACATGCCCGA	56.676361337846465	53.60322269095899	89.3532457935245	0.0	21.39793705926725	0.0	0.0	0.0	46.271551493842935	0.0	0.0	0.0	0.0	47.00932314500707	0.0	0.0	11.178153555416468	0.0	0.0	0.0	0.0	0.0	0.0	0.0	0.0
GSM4138114_HNSCC_3_PBMC_GATCTAGGTCTTGATG	105.93297292466828	79.01619868722386	79.50755115761851	0.0	0.0	0.0	0.0	0.0	82.10873785781578	46.07058664349178	0.0	0.0	0.0	0.0	0.0	0.0	0.0	0.0	0.0	0.0	0.0	0.0	0.0	0.0	0.0
GSM4138114_HNSCC_3_PBMC_GCAAACTCAAACAACA	73.37909941873615	73.26718999544079	0.0	0.0	91.20145771051205	68.79134828990395	0.0	0.0	0.0	0.0	0.0	83.79628872826619	0.0	2.120098718977975	0.0	22.87870778240802	0.0	0.0	0.0	0.0	0.0	0.0	0.0	0.0	0.0
GSM4138114_HNSCC_3_PBMC_GCAAACTGTTCTGTTT	75.98259612506911	0.0	0.0	58.066784555373495	0.0	108.58949716544073	0.0	50.798818446367704	0.0	1.9493934265935677	0.0	76.10435498332403	0.0	0.0	0.0	0.0	0.0	0.0	0.0	0.0	0.0	0.0	0.0	0.0	0.0
GSM4138114_HNSCC_3_PBMC_GCACATATCAGGCGAA	117.08960665610427	85.25452075976517	0.0	0.0	0.0	0.0	0.0	0.0	0.0	126.92784067136941	0.0	22.832674398369807	0.0	0.0	0.0	195.52646444583704	0.0	0.0	0.0	68.60276384625261	0.0	0.0	0.0	0.0	0.0
GSM4138114_HNSCC_3_PBMC_GCATGATCAGCTGTGC	50.095479340561766	74.60081044671767	0.0	0.0	0.0	0.0	0.0	0.0	0.0	32.20160681196568	0.0	103.94256883682272	0.0	0.0	0.0	19.72640027118266	0.0	0.0	0.0	0.0	0.0	0.0	0.0	0.0	0.0
GSM4138114_HNSCC_3_PBMC_GCGACCACAGGGTACA	90.06676550398123	64.75913702881311	0.0	0.0	0.0	74.15452462835438	0.0	31.66068860034005	0.0	0.0	33.04594905720316	0.0	0.0	0.0	57.22095785014345	0.0	0.0	12.987248434932393	0.0	0.0	0.0	0.0	0.0	0.0	0.0
GSM4138114_HNSCC_3_PBMC_GCGCAACTCGTTGCCT	59.74242606183592	15.230894565211951	31.725851095617088	0.0	26.795964210850183	0.0	37.71641969956451	0.0	0.0	0.0	0.0	0.0	22.313628472536166	0.0	0.0	0.0	80.5185937887952	0.0	0.0	0.0	0.0	0.0	0.0	0.0	0.0
GSM4138114_HNSCC_3_PBMC_GCGCCAACAAGGCTCC	79.55633939734638	41.29556673861871	17.33072895239378	28.57681078944248	0.0	0.0	0.0	81.91079677216247	73.12870908476707	0.0	0.0	0.0	72.65277499539097	0.0	0.0	22.45042015753156	0.0	0.0	0.0	0.0	0.0	0.0	0.0	0.0	0.0
GSM4138114_HNSCC_3_PBMC_GCTCTGTAGTGTCTCA	128.955204286614	0.0	40.63393440711434	92.63649492198128	0.0	0.0	0.0	0.0	21.29968683783699	0.0	55.01417723839132	0.0	0.0	98.69944875178014	0.0	0.005897691529982096	0.0	0.0	0.0	0.0	0.0	0.0	0.0	0.0	0.0
GSM4138114_HNSCC_3_PBMC_GCTGCTTAGATAGTCA	153.553358241683	0.0	128.67569135810405	0.0	38.402097665758426	0.0	88.31789388987193	0.0	64.43985135407061	0.0	0.0	0.0	0.0	0.0	0.0	0.0	0.0	0.0	0.0	0.0	0.0	0.0	0.0	0.0	0.0
GSM4138114_HNSCC_3_PBMC_GGATGTTAGCTACCTA	132.69347295373848	0.0	0.0	190.22702840920226	39.296941671307216	0.0	0.0	51.15623083153295	0.0	0.0	0.0	0.0	100.2091235394017	0.0	0.0	0.0	84.88536183000106	0.0	0.0	0.0	0.0	0.0	0.0	0.0	0.0
GSM4138114_HNSCC_3_PBMC_GGCCGATAGCACCGTC	134.72871730282182	76.3285724608866	0.0	0.2596322044883225	0.0	0.0	0.0	73.92306938502587	0.0	11.223354008866764	75.24840828706434	0.0	0.0	0.0	0.0	0.0	0.0	0.0	0.0	27.865043411591724	85.75389631300207	0.0	0.0	0.0	0.0
GSM4138114_HNSCC_3_PBMC_GGCGTGTGTCCCTTGT	96.71912515836527	0.0	6.03238501345469	90.33293363450491	0.0	0.0	0.0	64.85358382815592	0.0	0.0	103.93120777797152	28.43566513825375	0.0	0.0	21.963728742008094	0.0	0.0	0.0	0.0	0.0	0.0	0.0	0.0	0.0	0.0
GSM4138114_HNSCC_3_PBMC_GGGCACTTCAGCTCTC	102.30018369649054	4.182654742251489	24.16156799949242	0.0	99.11206150905826	38.48281444187055	56.354717753909604	0.0	0.0	0.0	37.90483279741315	0.0	0.0	0.0	0.0	0.0	52.11319905489388	0.0	0.0	0.0	0.0	0.0	0.0	0.0	0.0
GSM4138114_HNSCC_3_PBMC_GTAGGCCTCAAAGTAG	92.8226891340965	0.0	0.0	119.86307452423533	48.618425898704636	0.0	0.0	0.0	0.0	0.0	0.0	0.0	83.16040037551515	0.0	9.802319235209348	0.0	0.0	0.0	6.577840870660409	0.0	0.0	39.29876843914124	0.0	0.0	0.0
GSM4138114_HNSCC_3_PBMC_GTATCTTAGCTAAACA	50.076203524293646	0.0	91.15266842230804	57.29081988264313	0.0	0.0	0.0	0.0	90.7449178890718	0.0	0.0	0.0	0.0	54.68150520859032	0.0	0.0	0.0	0.0	0.0	0.0	0.0	0.0	0.0	0.0	0.0
GSM4138114_HNSCC_3_PBMC_GTCTCGTCATCTCCCA	83.52645604386689	0.0	103.22936351438514	88.29503925373555	0.0	0.0	0.0	0.0	0.0	35.61887919966305	0.0	0.0	0.0	0.0	0.0	0.0	0.0	29.756105237874202	0.0	0.0	2.6083090391901953	0.0	0.0	44.379074017811526	0.0
GSM4138114_HNSCC_3_PBMC_GTGTGCGGTTCGCTAA	57.22907656485526	0.0	0.0	0.0	42.90517952796451	0.0	99.01047911983223	0.0	0.0	11.069972675754302	37.01730701380768	87.24902012995473	0.0	0.0	0.0	54.90020943124069	0.0	0.0	0.0	0.0	0.0	0.0	0.0	0.0	0.0
GSM4138114_HNSCC_3_PBMC_GTTACAGAGAGCTGCA	106.32763321701422	56.57975008276944	0.0	0.0	36.478372889151686	0.0	0.0	0.0	0.0	0.0	87.86030437653135	0.0	0.0	5.7755311499214415	35.99744740513071	0.0	0.0	0.0	0.0	14.727981121780985	0.0	0.0	0.0	0.0	0.0
GSM4138114_HNSCC_3_PBMC_GTTCATTAGCTACCTA	60.39292540259925	58.986842724907554	0.0	0.0	0.0	0.0	0.0	103.66803253718325	0.0	0.0	0.0	85.41829115456237	3.3767067479047883	0.0	0.0	77.08248761167938	0.0	0.0	0.0	0.0	0.0	0.0	0.0	0.0	0.0
GSM4138114_HNSCC_3_PBMC_TAAGTGCAGTTCGCAT	93.25408712600961	68.27391171049258	0.0	0.0	0.0	0.0	0.0	0.0	0.0	85.24167301018427	0.0	0.0	30.0485790854947	0.0	0.0	0.0	75.80249793315788	0.0	0.0	0.0	0.0	0.0	0.0	0.0	0.0
GSM4138114_HNSCC_3_PBMC_TACTTGTCAAGCGAGT	118.41434014937757	0.0	0.26077742070110144	0.0	32.00573369679064	0.0	71.64843137661455	0.0	42.60249224922128	0.0	0.0	0.0	73.07606594904765	0.0	0.0	0.0	0.0	0.0	0.0	0.0	0.0	0.0	0.0	0.0	0.0
GSM4138114_HNSCC_3_PBMC_TAGACCATCCGGGTGT	58.36752679840323	0.0	0.0	88.71836112873008	18.146832717348854	0.0	0.0	0.0	0.0	0.0	110.27082849236704	0.0	0.0	0.0	0.0	0.0	0.0	0.0	0.0	0.0	0.0	78.51432751304263	0.0	0.0	0.0
GSM4138114_HNSCC_3_PBMC_TAGGCATAGCCACGCT	261.60583333130063	0.0	372.5169126578964	0.0	188.51118554642187	0.0	202.83839338625046	0.0	0.0	0.0	0.0	125.97953013725247	0.0	0.0	0.0	0.0	0.0	0.0	0.0	58.90814836140552	0.0	25.207658268731443	0.0	0.0	0.0
GSM4138114_HNSCC_3_PBMC_TATTACCAGTGACTCT	47.89477759094107	0.0	0.0	95.42266775563739	43.70421888089606	115.7816912829615	0.0	0.0	0.0	0.0	0.0	28.931905492585546	0.0	0.0	0.0	0.0	0.0	31.60111300374829	0.0	0.0	8.846029027540173	0.0	0.0	0.0	0.0
GSM4138114_HNSCC_3_PBMC_TCAACGACAGACACTT	61.63881559787793	44.114193687132854	0.0	1.4302792872437746	89.4664165031138	78.27409770630511	12.50235722220136	0.0	0.0	0.0	0.0	0.0	0.0	0.0	74.76414278340032	0.0	0.0	0.0	0.0	0.0	0.0	0.0	0.0	0.0	0.0
GSM4138114_HNSCC_3_PBMC_TCAGGATTCCGTTGTC	48.95894682927768	0.0	6.5818991486688905	71.50669080956773	30.793816410519366	8.78749246476555	0.0	4.2105029838539325	0.0	0.0	0.0	102.88237174089309	0.0	0.0	0.0	0.0	0.0	0.0	0.0	0.0	0.0	0.0	30.335258335003356	0.0	0.0
GSM4138114_HNSCC_3_PBMC_TCATTTGGTTCCCGAG	75.8930886308474	0.0	0.0	87.12685424471269	0.0	68.62058094092392	0.0	0.0	0.0	22.93714709426465	0.0	0.0	0.0	34.87474996292693	0.0	0.0	0.0	0.0	30.584424378867826	0.0	0.0	0.0	0.0	0.0	0.0
GSM4138114_HNSCC_3_PBMC_TCGAGGCGTACTCTCC	88.99321167002593	81.97422065505502	5.147156259425896	0.0	0.0	0.0	0.0	0.0	0.0	0.0	0.0	0.0	52.59687694156473	24.049862932246654	74.3894605249881	18.055561829918084	0.0	0.0	0.0	0.0	0.0	0.0	0.0	0.0	0.0
GSM4138114_HNSCC_3_PBMC_TCGCGAGTCTATCCTA	99.19163594082818	85.00775387446608	97.3198749700915	0.0	0.0	0.0	21.779391510826834	133.36939067171465	0.0	0.0	0.0	0.0	0.0	0.0	90.80232390011436	0.0	0.0	0.0	0.0	0.0	0.0	0.0	0.0	0.0	0.0
GSM4138114_HNSCC_3_PBMC_TCTGGAAGTGTAAGTA	77.61758205584664	0.0	0.0	0.0	0.0	0.0	59.995385790135764	0.0	0.0	0.0	0.0	0.0	49.66516367767964	56.58627522146653	0.0	30.302015874872396	0.0	0.0	70.29585055810983	0.0	0.0	0.0	0.0	0.0	0.0
GSM4138114_HNSCC_3_PBMC_TGACTAGTCTGAAAGA	84.0573649932081	0.0	0.0	0.0	0.0	93.01884891554492	56.48059516320962	0.0	55.26409557323219	0.0	0.0	0.0	0.0	29.660622146675966	0.0	0.0	0.0	0.0	0.0	0.0	0.0	0.0	0.0	0.0	0.0
GSM4138114_HNSCC_3_PBMC_TGACTTTCAATGGAAT	44.61679608315264	43.20281660342603	62.182344188246766	0.0	0.0	0.0	0.0	0.0	27.445886242333668	58.93936246064874	0.0	0.0	0.0	0.0	0.0	0.0	0.0	0.0	0.0	2.0347174942930555	0.0	0.0	0.0	0.0	0.0
GSM4138114_HNSCC_3_PBMC_TGAGAGGGTCCGAATT	85.55600993292342	53.851953622599254	0.0	0.0	38.65372587682499	0.0	21.874050174748763	0.0	0.0	56.29886718693205	18.830011146738947	0.0	93.68403165275137	0.0	0.0	0.0	87.23848502958695	0.0	0.0	0.0	0.0	0.0	11.363248172228834	0.0	0.0
GSM4138114_HNSCC_3_PBMC_TGAGCCGGTACAGCAG	89.33818896302479	0.0	0.0	133.6547629294912	55.194165513793536	51.78874968565171	0.0	0.0	0.0	0.0	114.53519611186869	0.0	0.0	0.0	0.0	0.0	0.0	0.0	0.0	20.491967607756173	20.02923565540096	0.0	0.0	0.0	0.0
GSM4138114_HNSCC_3_PBMC_TGAGGGAAGGGTGTGT	136.9179052843452	81.10412981389256	53.875705664084116	0.0	0.0	81.08652682083272	0.0	0.0	40.22984966259192	204.33974422787102	12.864195219075722	0.0	0.0	0.0	0.0	0.0	0.0	0.0	0.0	0.0	0.0	0.0	0.0	0.0	0.0
GSM4138114_HNSCC_3_PBMC_TGAGGGAGTAGCCTAT	128.59176997828664	0.0	0.0	61.45751260332615	49.4843916180991	0.0	0.0	0.0	6.917252748109097	0.0	0.0	0.0	83.51643117084514	0.0	0.0	1.402104232968949	0.0	0.0	20.92036839771301	0.0	0.0	0.0	0.0	0.0	0.0
GSM4138114_HNSCC_3_PBMC_TGCGCAGAGGTAGCTG	99.15324640838661	70.60553124308969	0.0	0.0	0.0	0.0	0.0	63.035986111783885	46.19513184886347	0.0	0.0	0.0	106.50632108934967	0.0	0.0	0.04944119563466369	11.950499449670748	0.0	0.0	0.0	0.0	0.0	0.0	0.0	0.0
GSM4138114_HNSCC_3_PBMC_TGGACGCGTTCCACAA	195.9821467380252	108.83519814345962	0.0	0.0	0.0	0.0	0.0	0.0	0.0	0.0	267.084209763674	174.8511207438434	0.0	239.79310344601902	0.0	0.0	0.0	0.0	0.0	19.234210260860443	0.0	0.0	43.80048457389293	0.0	0.0
GSM4138114_HNSCC_3_PBMC_TTCTACAGTCTAGTGT	138.55218056976094	0.0	0.0	0.0	0.0	61.495298990347585	61.43522406170511	15.198739616019003	0.0	41.03561288940978	0.0	23.03266064161739	0.0	0.0	0.0	0.0	7.730052900270505	0.0	0.0	0.0	0.0	0.0	0.0	0.0	0.0
GSM4138114_HNSCC_3_PBMC_TTCTACATCTGCGTAA	145.51281391646086	0.0	0.0	131.1268853746034	100.21345075572988	158.70726130230722	0.0	0.0	0.0	0.0	5.448568770646006	0.0	0.0	0.0	65.2957453616668	0.0	0.0	0.0	0.0	0.0	0.0	0.0	0.0	0.0	0.0
GSM4138114_HNSCC_3_PBMC_TTCTCAAGTCAAGCGA	79.42247407161219	0.0	0.0	99.29180637871775	26.56737381031946	107.37247631875768	0.0	0.0	0.0	0.0	0.0	0.0	0.0	0.0	0.0	0.0	0.0	0.0	0.0	0.0	15.244996225796957	0.0	0.0	0.0	0.0
GSM4138114_HNSCC_3_PBMC_TTCTCAAGTTATGTGC	149.098826584581	36.845628169700454	0.0	0.0	104.81442672866422	0.0	22.628547704244674	0.0	0.0	0.0	0.0	0.0	50.24443495002649	0.0	48.24349613307836	0.0	0.0	0.0	0.0	0.0	0.0	0.0	0.0	0.0	0.0
GSM4138114_HNSCC_3_PBMC_TTCTTAGAGGCTCTTA	67.04662706147813	0.0	0.0	76.70735065065121	31.865614363248206	0.0	0.0	0.0	0.0	0.0	0.0	43.41551454549919	0.0	0.0	0.0	58.81656001233385	0.0	0.0	0.0	12.50837537528207	18.808656551212295	0.0	0.0	0.0	0.0
GSM4138114_HNSCC_3_PBMC_TTTCCTCTCCTTTCTC	30.834639849294593	0.0	47.67829359122566	77.20289482014827	73.81836115984275	0.0	0.0	0.0	0.0355163875712205	0.0	0.0	0.0	0.0	0.0	0.0	0.0	0.0	0.0	0.0	44.23653460977526	0.0	0.0	0.0	0.0	0.0
GSM4138114_HNSCC_3_PBMC_TTTGTCACACGAAAGC	113.92995325523299	71.38526163494285	64.58948138727085	0.0	0.0	0.0	0.0	0.0	68.80253460658744	0.0	0.0	0.0	0.0	116.28453510044898	0.0	0.0	0.0	0.0	0.0	0.0	0.0	0.0	0.0	0.0	0.0
GSM4138114_HNSCC_3_PBMC_TGTGTTTTCCCATTAT	84.97028213018284	118.21079962017251	196.37988064151043	0.0	0.0	0.0	0.0	0.0	0.0	239.47813913629932	0.0	0.0	113.14254854334278	0.0	32.41514264941065	0.0	0.0	0.0	0.0	0.0	12.07783697220601	0.0	0.0	0.0	0.0
GSM4138114_HNSCC_3_PBMC_AACCATGAGCTAAACA	71.22633194053304	0.0	95.16061503915162	119.86273399940056	0.0	0.0	0.0	0.0	76.79345974689892	29.033596788162832	0.0	0.0	0.0	0.0	0.0	0.0	0.0	0.0	0.0	0.0	0.0	0.0	0.0	0.0	0.0
GSM4138114_HNSCC_3_PBMC_AACTTTCCAGCCTTTC	95.36744454981088	0.0	0.0	0.0	0.0	0.0	104.85383930651983	89.8985126419177	0.0	0.0	0.0	0.0	121.51400594084673	0.0	27.15590709317504	0.0	0.0	0.0	0.0	0.0	0.0	51.87636697514642	0.0	0.0	0.0
GSM4138114_HNSCC_3_PBMC_AAGGTTCGTAAATGAC	70.56491756606013	28.265684330175862	42.486529886227494	0.0	21.8052595768439	0.0	10.179505105552836	0.0	0.0	0.0	0.0	0.0	0.0	70.14796694338104	36.973847507829205	68.30288902238966	0.0	0.0	0.0	0.0	0.0	0.0	0.0	0.0	0.0
GSM4138114_HNSCC_3_PBMC_ACAGCCGCATCCCACT	100.09225516415427	53.228554902867174	0.0	46.47193074887104	0.0	0.0	0.0	0.0	0.0	92.12007360938712	0.0	0.0	155.0100321515483	0.0	47.50336195084349	0.0	0.0	0.0	31.916157820054934	0.0	11.79156380996668	0.0	0.0	0.0	0.0
GSM4138114_HNSCC_3_PBMC_ACATACGGTCACTGGC	184.6694253860237	131.51909213080276	2.839802525376303	0.0	0.0	0.0	0.0	0.0	0.0	0.0	13.037531355674341	107.70869514056473	0.0	82.32692188023888	0.0	79.04346128650023	0.0	0.0	0.0	0.0	0.0	0.0	0.0	0.0	0.0
GSM4138114_HNSCC_3_PBMC_ACCCACTCATGGTCAT	124.77061126323582	54.738750462432435	90.54326785654698	0.0	0.0	0.0	0.0	0.0	59.1019285177338	69.48392535798116	0.0	0.0	0.0	22.470921308195784	0.0	0.0	0.0	0.0	0.0	0.0	2.2748924747587735	0.0	0.0	0.0	0.0
GSM4138114_HNSCC_3_PBMC_ACGATGTGTACCATCA	120.04236407114865	104.95354295338298	141.35446123408147	0.0	0.0	0.0	0.0	0.0	117.95385508034776	80.40225955095696	0.0	0.0	0.0	0.0	0.0	0.0	0.0	0.0	0.0	0.0	0.0	0.0	0.0	0.0	0.0
GSM4138114_HNSCC_3_PBMC_ACGCCAGCACACTGCG	149.17699855932992	109.92603305599994	0.0	0.0	0.0	151.74426568878286	0.0	0.0	0.0	0.0	0.0	0.0	0.0	63.687953829689945	0.0	0.0	0.0	0.0	93.43476847011563	0.0	0.0	0.0	0.0	0.0	0.0
GSM4138114_HNSCC_3_PBMC_ACGGGTCGTTACGACT	87.58255941538694	0.0	70.04362713726171	118.82424857638699	0.0	0.0	0.0	0.0	0.0	0.0	0.0	0.0	0.0	31.999463840328776	0.0	0.0	32.3333084380879	0.0	0.0	0.0	0.0	0.0	0.0	0.0	0.0
GSM4138114_HNSCC_3_PBMC_ACGGGTCTCTGCCCTA	83.19328841027288	11.192063827608989	0.0	0.0	49.73185057026867	0.0	67.35901971361164	0.0	0.0	0.0	0.0	0.0	47.03998834976015	0.0	0.0	0.0	44.84304889636508	0.0	0.0	0.0	0.0	0.0	0.0	0.0	0.0
GSM4138114_HNSCC_3_PBMC_ACTTACTGTCATGCAT	35.141484469311635	14.346198247987244	0.0	0.0	5.364587587271426	0.0	33.74358334641495	0.0	0.0	0.0	0.0	0.0	4.805385745140268	41.14446538767741	51.15427024127087	107.50505050863514	0.0	0.0	0.0	0.0	0.0	24.76662065655373	0.0	0.0	0.0
GSM4138114_HNSCC_3_PBMC_ACTTGTTAGAGTAAGG	47.13293697972277	122.0350702649113	95.15439661637865	0.0	84.41903062148917	0.0	0.0	0.0	25.535430058375805	0.0	0.0	0.0	0.0	0.0	0.0	0.0	0.0	0.0	0.0	0.0	0.0	0.0	0.0	0.0	0.0
GSM4138114_HNSCC_3_PBMC_AGCGTCGCAACTGCGC	75.33413208503603	50.75552641550249	0.0	0.0	0.0	0.0	0.0	0.0	0.0	0.0	0.0	0.0	54.31386321885417	95.77943411955717	47.56051763686605	0.0	47.36955977664378	0.0	0.0	0.0	0.0	0.0	25.747838462207977	0.0	0.0
GSM4138114_HNSCC_3_PBMC_AGCTTGAAGGAGCGTT	55.22064045949091	75.36624057044469	0.0	0.0	0.0	109.45483836564303	0.0	27.44532386609182	0.0	42.87951155464973	0.0	0.0	0.0	0.0	0.0	0.0	0.0	0.0	0.0	32.89257890493534	0.00822425350952675	0.0	0.0	0.0	0.0
GSM4138114_HNSCC_3_PBMC_AGGGATGCATCCGCGA	73.07399535108941	76.60291776152883	0.0	0.0	0.0	0.0	0.0	67.09181335938703	0.0	0.0	0.0	0.0	137.0288189623125	0.0	61.09882544597143	0.0	0.0	0.0	0.0	0.0	0.0	0.0	0.0	0.0	0.0
GSM4138114_HNSCC_3_PBMC_AGGTCATAGTTGCAGG	121.70868150559319	0.0	94.38930408472405	9.30392878686812	0.0	0.0	134.5457312061194	9.576090002590092	0.0	41.35413654581516	0.0	0.0	0.0	0.0	132.30249493680057	0.0	0.0	0.0	0.0	0.0	0.0	0.0	0.0	0.0	0.0
GSM4138114_HNSCC_3_PBMC_AGGTCCGTCAGCTGGC	93.86378954638435	0.0	71.38778687147382	44.48059458857485	56.30310202679968	0.0	0.0	0.0	20.494813836911767	0.0	0.0	0.0	0.0	0.0	0.0	0.0	0.0	0.0	0.0	0.0	0.0	0.0	0.0	0.0	0.0
GSM4138114_HNSCC_3_PBMC_AGTGGGATCGATAGAA	149.37270123660372	76.01720871371224	112.29529975750071	0.0	0.0	0.0	10.047181673250156	48.66043137117374	0.0	0.0	9.044518266238933	0.0	0.0	0.0	96.80570081299629	0.0	0.0	4.386324132076943	0.0	0.0	0.0	0.0	0.0	0.0	0.0
GSM4138114_HNSCC_3_PBMC_AGTGTCAAGTGTACTC	79.99793703945957	73.11371615099739	32.21570683404472	0.0	0.0	0.0	0.0	0.0	0.0	45.36116411559069	31.212525265511793	0.0	0.0	0.0	0.0	23.763647887164705	0.0	0.0	0.0	66.20383508408413	0.0	0.0	20.390105479528295	0.0	0.0
GSM4138114_HNSCC_3_PBMC_ATAGACCAGTGACATA	166.816659205209	0.0	37.35911878628652	57.05855953000535	100.35502852223549	0.0	56.95318755210067	15.324946273660528	0.0	0.0	0.0	0.0	87.08433578560478	2.6439416987448685	0.0	0.0	0.0	0.0	55.57548970794457	0.0	0.0	0.0	0.0	0.0	0.0
GSM4138114_HNSCC_3_PBMC_ATCACGAGTAAGTTCC	96.256291308044	0.0	0.0	62.132239274952866	17.786237141477265	0.0	0.0	0.0	0.0	19.157404846732174	76.86624261973023	37.20883280230339	18.803970878010272	0.0	0.0	0.0	0.0	0.0	0.0	0.0	0.0	0.0	0.0	0.0	0.0
GSM4138114_HNSCC_3_PBMC_ATGGGAGTCACGCGGT	192.89682249531756	0.0	147.60683147668357	101.66801169108898	0.0	0.0	0.0	94.40172575492956	67.3576472353837	0.12439019191653686	0.0	0.0	0.0	0.0	0.0	0.0	0.0	0.0	0.0	0.0	0.0	0.0	0.0	0.0	0.0
GSM4138114_HNSCC_3_PBMC_ATTGGACTCTCTTATG	90.70030570382552	0.0	0.0	0.0	22.01386720001384	0.0	38.06865900205331	0.0	0.0	0.0	0.0	0.0	34.362770208469314	0.0	0.0	0.23196329305974564	0.0	0.0	0.0	38.90929604970779	0.0	0.0	0.0	0.0	0.0
GSM4138114_HNSCC_3_PBMC_CAACCTCGTACATCCA	66.98383325364182	0.0	0.0	76.6757500695981	50.662943264644284	0.0	0.0	0.0	0.0	0.0	0.0	0.0	110.24495660866006	4.537544494274676	0.0	0.0	0.0	0.0	0.0	91.92674614555183	14.066744446695003	0.0	0.0	0.0	0.0
GSM4138114_HNSCC_3_PBMC_CAACTAGCACAACGCC	100.8716030247103	0.0	0.0	0.0	81.07821377359389	0.0	79.1321147058881	0.0	0.0	0.0	87.1952496646667	0.0	0.0	0.0	0.0	0.0	0.0	0.0	0.0	0.0	27.01000336176343	0.0	0.0	0.0	0.0
GSM4138114_HNSCC_3_PBMC_CAAGAAATCTATGTGG	65.69987711222389	14.519500637536607	26.478000405027085	0.0	0.0	0.0	74.11269635610137	0.0	55.89276433447603	0.0	0.0	0.0	0.0	58.47296769009834	0.0	58.83375673490695	0.0	0.0	0.0	0.0	0.0	0.0	0.0	0.0	0.0
GSM4138114_HNSCC_3_PBMC_CAAGATCCACCAGATT	68.92327882310599	53.898452528483574	85.55276083611571	0.0	0.0	0.0	45.79363857386239	58.45135233786428	81.37394692869233	0.0	0.0	0.0	0.0	0.0	0.0	0.0	0.0	0.0	0.0	0.0	0.0	0.0	0.0	0.0	0.0
GSM4138114_HNSCC_3_PBMC_CAGTAACAGCAACGGT	84.50592002751574	59.912962301985836	0.0	0.0	0.0	0.0	0.0	71.6623552480038	0.0	0.0	71.3931203191001	0.0	0.0	0.0	0.0	0.0	0.0	0.0	0.0	0.0	45.068111856413175	0.0	0.0	0.0	0.0
GSM4138114_HNSCC_3_PBMC_CATATGGCAAGTAGTA	172.08377625498136	99.60216825617628	0.0	0.0	0.0	0.0	0.0	8.742958758312398	73.70720871135461	51.77212524915249	0.0	0.0	142.22212736077734	0.0	0.0	0.0	0.0	0.0	0.0	0.0	0.0	0.0	0.0	0.0	0.0
GSM4138114_HNSCC_3_PBMC_CATATGGGTACGAAAT	64.66486397765361	21.916952391378032	0.0	0.0	89.9496046197222	0.0	55.368205053259096	0.0	0.0	0.0	42.807283852517855	76.84580212945109	0.0	0.0	0.0	0.0	0.0	0.0	0.0	0.0	0.0	0.0	0.0	0.0	0.0
GSM4138114_HNSCC_3_PBMC_CATCCACTCGCATGGC	130.50264045122978	0.0	127.00638194957305	109.90552620198613	86.83442327610258	0.0	0.0	0.0	79.24856926213742	0.0	0.0	0.0	0.0	0.0	0.0	0.0	0.0	0.0	0.0	0.0	0.0	0.0	0.0	0.0	0.0
GSM4138114_HNSCC_3_PBMC_CCAGCGATCACAATGC	114.76167488597643	91.1907469095127	0.0	0.0	60.64865377023536	0.0	0.0	0.0	0.0	0.0	112.27191892413857	0.0	0.0	0.0	0.0	0.0	0.0	0.0	0.0	0.0	84.55045793918623	0.0	0.0	0.0	0.0
GSM4138114_HNSCC_3_PBMC_CCCATACGTTTGGGCC	156.47442556954437	19.138784836120404	7.246850472911224	0.0	0.0	0.0	63.024778964446156	0.0	15.794101254602118	0.0	49.91800440006187	34.70023432351695	31.224375700222424	130.67011151407203	0.0	0.0	18.175541702454993	0.0	0.0	0.0	0.0	0.0	34.101309168434696	0.0	0.0
GSM4138114_HNSCC_3_PBMC_CCGGGATTCAGCTCGG	89.35060020347792	0.0	26.576073599038963	0.0	0.0	0.0	108.75104997014387	0.0	16.16819457857417	62.37442807980236	4.739009580080901	0.0	0.0	0.0	35.656029327989074	21.302009141422083	0.0	0.0	0.0	0.0	0.0	0.0	0.0	0.0	0.0
GSM4138114_HNSCC_3_PBMC_CCGGTAGAGGACAGAA	286.3767517268172	0.0	208.4631313088198	0.0	105.70572525006412	0.0	183.66494107801483	0.0	143.3046330523243	0.0	0.0	0.0	0.0	0.0	0.0	0.0	0.0	0.0	0.0	0.0	0.0	0.0	0.0	0.0	0.0
GSM4138114_HNSCC_3_PBMC_CCGGTAGCAGCATGAG	120.63168310106802	0.0	51.80372751122298	99.28595094177567	0.0	0.0	0.0	0.0	61.61701829739682	1.2067910512610072	0.0	0.0	0.0	27.90816808553816	0.0	35.00117266795565	0.0	0.0	0.0	0.0	0.0	0.0	0.0	0.0	0.0
GSM4138114_HNSCC_3_PBMC_CCGTACTCATCGATGT	80.63334162479136	65.34669659350953	115.52160456486953	0.0	0.0	0.0	0.0	38.4662966299389	0.0	0.0	0.0	0.0	0.0	0.0	46.4883776438701	0.0	0.0	0.0	0.0	0.0	0.0	0.0	0.0	0.0	0.0
GSM4138114_HNSCC_3_PBMC_CCTATTAGTCCAAGTT	77.26499948205254	0.0	61.01975503352229	30.566058901270516	28.14382752754165	0.0	0.0	33.43417816390162	48.57408426169333	0.0	0.0	0.0	0.0	0.0	0.0	0.0	0.0	0.0	0.0	0.0	0.0	0.0	0.0	0.0	0.0
GSM4138114_HNSCC_3_PBMC_CCTTCGAGTGGCTCCA	135.62987540600523	0.0	18.249066823092793	139.16094940899686	0.0	0.0	0.0	50.524875867952154	0.0	0.0	0.0	26.368236974585006	0.0	0.0	0.0	26.663881552470077	0.0	0.0	0.0	0.0	20.522354307151947	0.0	0.0	0.0	0.0
GSM4138114_HNSCC_3_PBMC_CCTTTCTCAAAGGCGT	129.59026245802778	0.37602574490011875	0.0	92.17874538230375	112.30575552605687	0.0	0.0	0.0	0.0	0.0	71.22278591154189	0.0	0.0	0.0	0.0	0.0	0.0	0.0	0.19578126375761834	0.0	41.43896389485579	0.0	32.96885030617584	0.0	0.0
GSM4138114_HNSCC_3_PBMC_CGAGAAGAGTGCGTGA	51.98869655952926	75.74747509546097	78.84479663356625	0.0	22.37926998227788	0.0	0.0	11.505124399311843	7.670979541846107	5.268478122968637	0.0	0.0	0.0	0.014731109392916391	0.0	5.237108967247884	0.0	0.0	0.0	55.33324762239822	0.0	0.0	0.0	0.0	0.0
GSM4138114_HNSCC_3_PBMC_CGATGTAAGGACTGGT	86.31203653798553	71.4266625491129	0.0	0.0	0.0	0.0	92.16547744238713	31.07371810505804	0.0	24.137809789931516	0.0	0.0	67.93767764180151	0.0	95.16032376716211	0.0	0.0	0.0	0.0	0.0	0.0	0.0	0.0	0.0	0.0
GSM4138114_HNSCC_3_PBMC_CGGACACGTGACCAAG	170.11172358523723	87.95621245036448	107.572671435672	0.0	0.0	0.0	0.0	0.0	68.83667989184299	55.42744212983299	0.0	0.0	0.0	0.0	0.0	0.0	0.0	0.0	0.0	0.0	0.0	0.0	0.0	0.0	0.0
GSM4138114_HNSCC_3_PBMC_CGGACTGGTTCTGTTT	64.84031048002977	0.0	30.484842571523092	32.227935559645864	0.0	20.78518142902708	95.51264396559665	0.0	37.86364001988675	0.0	0.0	24.445257845696222	0.0	26.61534985728715	0.0	37.325632470520326	0.0	0.0	0.0	0.0	0.0	0.0	0.0	0.0	0.0
GSM4138114_HNSCC_3_PBMC_CGGGTCACATCTATGG	60.18215094206925	0.0	24.539958528962437	48.803810713280996	0.0	3.920590547652247	0.0	0.0	64.99328057222914	32.984414900462106	30.226883267135854	0.0	0.0	0.0	0.0	0.0	0.0	0.0	0.0	0.0	0.0	0.0	0.0	0.0	0.0
GSM4138114_HNSCC_3_PBMC_CGTGTCTTCATGCTCC	137.14330002627534	100.00499537522539	0.0	0.0	0.0	100.53058644856232	0.0	2.81172099270261	0.0	41.99581544573421	0.0	0.0	0.0	0.0	0.0	0.0	25.246242481103717	0.0	0.0	0.0	0.0	83.23684834758005	0.0	0.0	0.0
GSM4138114_HNSCC_3_PBMC_CTAACTTGTGGCAAAC	131.27973395847835	84.66067757444588	176.66673014107644	0.0	0.0	0.0	0.0	39.8981117742071	73.02129495837669	0.0	0.0	0.0	0.0	0.0	0.0	0.0	0.0	0.0	0.0	0.0	0.0	0.0	0.0	0.0	0.0
GSM4138114_HNSCC_3_PBMC_CTAACTTTCAGCTGGC	66.80785590257614	98.1545806212766	90.53868155416124	0.0	0.0	0.0	0.0	0.0	86.22862863268851	214.11404339288876	0.0	0.0	0.0	0.0	0.0	0.0	0.0	0.0	0.0	0.0	0.0	0.0	0.0	0.0	0.0
GSM4138114_HNSCC_3_PBMC_CTCGAAACAAGGACAC	157.72653575650293	55.68885230808227	0.0	0.0	0.0	86.08366267044265	53.2830107256437	76.11989122278993	0.0	0.0	44.782923636288615	0.0	0.0	0.0	0.0	0.0	53.96225689315627	0.0	58.31641468942352	0.0	0.0	0.0	0.0	0.0	0.0
GSM4138114_HNSCC_3_PBMC_CTCTACGAGTGCGTGA	86.8496793743625	64.05761162247438	0.0	0.0	0.0	50.912066549917064	0.0	48.24534802892926	52.51969549566696	0.0	0.0	0.0	0.0	0.0	0.0	0.0	0.0	0.0	0.0	0.0	0.0	0.0	0.0	0.0	0.0
GSM4138114_HNSCC_3_PBMC_CTGAAGTAGAAACCGC	112.0046999134947	50.85835504246885	0.0	0.0	0.0	0.0	0.0	48.97069969623537	0.0	0.0	0.0	0.0	0.0	0.0	0.0	0.0	40.804569708739386	0.0	58.373475969259395	0.0	0.0	0.0	68.57530328289951	0.0	0.0
GSM4138114_HNSCC_3_PBMC_CTGAAGTCACTAAGTC	90.07255301754162	30.46542982879255	112.70740187961924	79.57222655041365	0.0	0.0	0.0	0.0	54.010641281955834	0.0	0.0	0.0	0.0	39.065024698956144	0.0	0.0	0.0	0.0	0.0	0.0	0.0	0.0	0.0	0.0	0.0
GSM4138114_HNSCC_3_PBMC_CTGTTTACACAACGTT	76.47616304521519	0.0	14.424376429870103	94.38227541654837	1.7098561146334939	0.0	0.0	0.0	46.381617129017414	0.0	17.94217658128882	0.0	0.0	67.5547067147827	0.0	0.0	0.0	0.0	0.0	0.0	0.0	0.0	0.0	0.0	0.0
GSM4138114_HNSCC_3_PBMC_GAACGGATCAGGTTCA	108.48363906152359	0.0	0.0	0.0	27.298077599759356	76.59096376649701	54.56494785940458	0.0	0.0	0.0	0.0	0.0	2.440661405217407	9.813873352807617	31.036831955350046	40.32332156651808	0.0	0.0	0.0	0.0	0.0	20.951711206117345	0.0	0.0	0.0
GSM4138114_HNSCC_3_PBMC_GACCTGGCAAGACACG	122.16948819800322	0.0	0.0	0.0	37.74234435464996	169.89501507994646	101.92661672691234	0.0	68.76660779182345	30.283203687777295	0.0	0.0	0.0	17.584341863320176	0.0	0.0	0.0	0.0	0.0	0.0	0.0	0.0	0.0	0.0	0.0
GSM4138114_HNSCC_3_PBMC_GACGCGTAGTTAGGTA	104.99503670904814	68.74360085219726	0.0	0.0	26.552588035361158	153.5231690564248	17.880636388825973	0.0	0.0	0.0	0.0	66.87955748261761	0.0	0.0	0.0	0.0	0.0	0.0	0.0	0.0	0.0	0.0	0.0	0.0	0.0
GSM4138114_HNSCC_3_PBMC_GACTACAAGCGTTCCG	145.2760496364779	123.4892127135218	24.529471890494893	0.0	0.0	0.0	0.0	127.49175477449056	0.0	0.0	22.227179310160693	0.0	52.00211040238024	0.0	151.41597187278373	0.0	0.0	0.0	0.0	0.0	0.0	0.0	53.08974996596304	0.0	0.0
GSM4138114_HNSCC_3_PBMC_GCACATAGTTGTCGCG	107.68207645404476	0.0	0.0	0.0	0.0	132.61303436705865	120.55333900086876	55.99417825823585	0.0	0.0	0.0	74.41243991698968	0.0	0.0	0.0	0.0	0.0	0.0	0.0	16.36689339698225	0.0	0.0	0.0	0.0	0.0
GSM4138114_HNSCC_3_PBMC_GCATACAGTCAGATAA	27.51206588111334	46.660858817061964	0.0	0.0	30.725049057086053	47.716319337433255	0.0	0.0	0.0	0.0	114.00013993629742	0.0	0.0	5.893130282874101	0.0	0.0	0.0	54.40493916812372	30.560234031526694	0.0	0.0	0.0	0.0	0.0	0.0
GSM4138114_HNSCC_3_PBMC_GCATGTAGTATGAAAC	46.809649725874365	50.712986311445334	50.232229997231244	1.1552858600205314	63.27825601948878	0.0	0.0	0.0	0.0	0.0	0.0	0.0	7.6808066013843685	0.0	53.44898768897619	0.0	0.0	0.0	0.0	0.0	0.0	0.0	23.08465247510664	0.0	0.0
GSM4138114_HNSCC_3_PBMC_GCCAAATGTCCTAGCG	114.77397644209861	0.0	0.0	0.0	66.0254603822181	0.0	49.5571734770395	0.0	0.0	0.0	0.0	0.0	58.41651789550026	21.625072257618957	0.0	0.0	64.91234832563585	0.0	0.0	0.0	0.0	19.628602584865806	0.0	0.0	0.0
GSM4138114_HNSCC_3_PBMC_GCGCAGTAGTTGTAGA	141.64883535209864	0.0	63.05937868655014	73.99170370707513	16.316127795928555	0.0	0.0	0.0	0.0	0.0	0.0	102.2013384886076	0.0	41.60480591734927	0.0	0.0	0.0	0.0	0.0	0.0	0.0	0.0	0.0	0.0	0.0
GSM4138114_HNSCC_3_PBMC_GGAAAGCCATGGTTGT	106.31733353016186	0.0	66.13039659085968	0.0	9.906016919397166	0.0	109.98686957970364	0.0	61.75512542188384	0.0	0.0	0.0	15.660499300425037	27.76827659902977	0.0	0.0	0.0	0.0	0.0	0.0	0.0	0.0	0.0	0.0	0.0
GSM4138114_HNSCC_3_PBMC_GGAAAGCTCACAACGT	74.09913733998405	0.0	67.62774560065469	109.61645410421428	28.959587579597358	0.0	36.63997536935155	0.0	39.85208030101585	0.0	0.0	0.0	108.88466900635542	24.53773955276959	0.0	0.0	0.0	0.0	0.0	0.0	0.0	0.0	0.0	0.0	0.0
GSM4138114_HNSCC_3_PBMC_GGACAAGTCGCCGTGA	205.98846487188132	159.95225379267484	0.0	0.0	0.0	3.38282228396662	0.0	93.08728974722735	0.0	0.0	185.0679598349498	0.0	0.0	0.0	117.70591725622576	0.0	0.0	0.0	0.0	0.0	0.0	0.0	0.0	0.0	0.0
GSM4138114_HNSCC_3_PBMC_GGACGTCTCGACGGAA	104.01100918884975	0.0	100.1614345324427	59.201342454821706	0.0	0.0	0.0	70.68038334058663	38.77521973558339	0.01498237376605356	0.0	0.0	0.0	0.0	0.0	0.0	0.0	0.0	0.0	0.0	0.0	0.0	0.0	0.0	0.0
GSM4138114_HNSCC_3_PBMC_GGATTACTCCACGCAG	143.6171116892465	0.0	0.0	0.0	0.0	95.97256472921829	117.18297468825087	0.0	0.0	39.58900741658704	0.0	0.0	0.0	0.0	0.0	0.0	0.0	0.0	0.0	0.0	103.85464355647719	0.0	0.0	0.0	0.0
GSM4138114_HNSCC_3_PBMC_GGGAATGGTCAAGCGA	77.93078142773759	0.0	0.0	75.46404251388923	59.25562903089719	0.0	0.0	0.0	0.0	0.0	0.0	87.78968016824837	0.0	0.0	0.0	0.0	0.0	0.0	0.0	0.0	0.0	0.0	67.03199114498533	0.0	0.0
GSM4138114_HNSCC_3_PBMC_GTACGTAGTAACGCGA	116.58175109351863	80.04822439486841	0.0	0.0	43.30887406670776	150.05940074398396	0.0	0.0	45.12275737225023	38.910494401721415	0.0	0.0	0.0	0.0	4.0111998279191985	0.0	0.0	44.06747155865807	3.099288603857693	0.0	0.0	0.0	0.0	0.0	0.0
GSM4138114_HNSCC_3_PBMC_GTATTCTAGGCTAGGT	79.66918183946683	74.35944572604829	0.0	0.0	0.0	202.61362833209452	0.0	0.0	0.0	69.60764687335542	0.0	0.0	0.0	0.0	46.644404694416444	0.0	0.0	0.0	0.0	0.0	0.0	0.0	0.0	0.0	0.0
GSM4138114_HNSCC_3_PBMC_GTATTCTGTGCTAGCC	76.31148181175536	0.0	0.0	63.938123100827404	12.375772152162725	0.0	0.0	0.0	0.0	20.168608150904515	0.0	100.93175747126122	0.0	78.00154044080143	0.0	52.31318774452769	0.0	0.0	0.0	0.0	0.0	0.0	0.0	0.0	0.0
GSM4138114_HNSCC_3_PBMC_GTGCAGCTCTAAGCCA	106.41854130579729	0.0	66.9098937207134	0.5738197776117444	0.0	0.0	59.48429300783678	0.0	0.0	0.0	0.0	11.523662470243586	0.0	29.0214033554878	33.671117394094544	0.0	0.0	0.0	0.0	0.0	0.0	0.0	0.0	0.0	0.0
GSM4138114_HNSCC_3_PBMC_GTGCGGTGTGTGTGCC	88.3191007536613	0.0	95.36382134824157	66.19279809027884	0.0	0.0	0.0	0.0	0.0	0.0	0.0	54.16840992577879	0.0	102.22334001745703	0.0	0.0	0.0	0.0	0.0	0.0	0.0	0.0	0.0	0.0	0.0
GSM4138114_HNSCC_3_PBMC_GTGCTTCTCCTAGGGC	78.67943026855916	0.0	0.0	35.378829340094526	0.0	0.0	30.409869289267792	25.004639464303928	0.0	17.812016608413703	57.15486479455812	80.06644078990327	0.0	0.0	0.0	33.72608967427352	0.0	0.0	0.0	0.0	0.0	0.0	0.0	5.128581658080405	0.0
GSM4138114_HNSCC_3_PBMC_GTTAAGCGTCTCCATC	74.61600235161885	0.0	2.434506332487102	26.68413463320967	0.0	0.0	84.43227813505749	9.436104942873854	0.0	34.2167030567286	0.0	14.54892274222779	114.49427428755966	0.0	0.4055159342689525	0.0	11.807676060950175	0.0	0.0	0.0	0.0	27.39930821265045	0.0	0.0	0.0
GSM4138114_HNSCC_3_PBMC_GTTAAGCTCTGCCCTA	92.96647488492741	43.66945752992473	0.0	0.0	44.46207594444358	145.9431212922074	39.68668144143963	0.0	0.0	0.0	0.0	86.10782005953598	0.0	0.0	0.0	0.0	0.0	0.0	0.0	0.0	0.0	0.0	0.0	0.0	0.0
GSM4138114_HNSCC_3_PBMC_GTTCGGGGTTAGTGGG	160.8416955222518	140.7792256048428	51.03391410560147	0.0	0.0	43.946988354567225	0.0	51.572220952928646	74.22413770626851	36.68223420335519	0.0	0.0	0.0	0.0	0.0	0.0	0.0	0.0	0.0	0.0	0.0	0.0	0.0	0.0	0.0
GSM4138114_HNSCC_3_PBMC_GTTCTCGGTGGCGAAT	116.09735478538182	0.0	0.0	61.61996689595247	0.0	82.4589217304288	0.0	19.860762919288174	0.0	0.0	0.0	0.0	0.0	0.0	0.0	0.0	0.0	0.0	0.0	4.704736740323176	35.45011343911398	0.0	0.0	0.0	0.0
GSM4138114_HNSCC_3_PBMC_TACACGAAGTACCGGA	117.56056329990237	74.44025225053034	76.62892974844705	0.0	0.0	0.0	0.0	29.86156133898192	51.577584788409354	0.0	0.0	0.0	0.0	0.0	0.0	0.0	0.0	0.0	0.0	0.0	0.0	0.0	0.0	0.0	0.0
GSM4138114_HNSCC_3_PBMC_TATCTCAAGGCGTACA	65.18513140742614	0.0	182.13273450109995	72.67734110481575	0.0	0.0	0.0	0.0	0.0	70.60754583336845	0.0	59.92024681033448	0.0	0.0	0.0	0.0	0.0	0.0	0.0	0.0	0.0	0.0	0.0	0.0	0.0
GSM4138114_HNSCC_3_PBMC_TATCTCAGTACTCAAC	54.263591047998595	0.0	50.31974134167722	80.58875578411482	94.09927314230566	0.0	0.0	0.0	0.0	0.0	0.0	0.0	7.070516846203611	0.0	86.91788422676063	2.2721556389883055	0.0	0.0	0.0	0.0	0.0	0.0	0.0	0.0	0.0
GSM4138114_HNSCC_3_PBMC_TATGCCCCATGCCTTC	74.13522094584087	0.0	91.08546544169505	0.0	0.0	0.0	124.21967086973036	0.0	0.36218926895344644	79.44806401535264	24.991018401565313	94.76412840205766	0.0	0.0	0.0	0.0	0.0	0.0	0.0	0.0	0.0	0.0	0.0	0.0	0.0
GSM4138114_HNSCC_3_PBMC_TCACAAGCAAGCGATG	147.76171898866465	0.0	0.0	0.0	35.40819991563685	35.605613359340765	84.95182796196794	0.0	0.0	0.0	0.0	0.0	0.0	0.0	0.0	0.0	0.0	0.0	0.0	0.0	0.0	0.0	0.0	36.386335087059855	0.0
GSM4138114_HNSCC_3_PBMC_TCAGCTCCACATTTCT	98.6084504374964	0.0	8.353123453898958	78.55182648626713	83.47671061426082	0.0	0.0	0.0	0.0	0.0	71.76540046730607	0.0	20.071979153628707	0.0	0.0	0.0	0.0	25.759829239759046	47.33788866214951	0.0	0.0	0.0	0.0	0.0	0.0
GSM4138114_HNSCC_3_PBMC_TCAGGATCACCGAAAG	115.91176940676141	55.70946922263548	80.57952397593691	0.0	38.160009259732185	0.0	69.47638392798841	0.0	28.15249983494321	0.0	0.0	0.0	0.0	0.0	0.0	0.0	0.0	0.0	0.0	0.0	0.0	0.0	0.0	0.0	0.0
GSM4138114_HNSCC_3_PBMC_TCATTTGGTTGGACCC	65.84454277203604	60.22332002226005	0.0	0.0	0.0	0.0	0.0	67.44203471950817	20.981141846916774	0.0	0.0	0.0	27.621186614534633	0.0	0.0	36.49663104466732	0.0	0.0	0.0	0.0	0.0	0.0	0.0	0.0	0.0
GSM4138114_HNSCC_3_PBMC_TCGCGTTCAGATCGGA	135.86596584745462	97.10920193160528	116.5710993309399	0.0	0.0	0.0	0.0	0.0	56.61958315982187	0.0	22.088101621864894	0.0	0.0	59.404549672072626	0.0	0.0	0.0	0.0	0.0	0.0	0.0	0.0	0.0	0.0	0.0
GSM4138114_HNSCC_3_PBMC_TCGTACCGTCCTAGCG	121.87311202460302	0.0	0.0	0.0	120.1534814202861	126.89086221598343	122.25666356387639	0.0	0.0	0.0	0.0	0.0	0.0	0.0	0.0	0.0	0.0	0.0	0.0	0.0	0.0	33.37235370879312	0.0	18.477700987330756	0.0
GSM4138114_HNSCC_3_PBMC_TCTCTAAGTGATGTCT	59.58435998472618	4.6487784798778184	94.37245505039986	0.0	75.925569836569	0.0	30.335359698953848	0.0	0.0	0.0	0.0	65.2335778908587	0.0	0.0	0.0	6.099830779482486	0.0	0.0	0.0	0.0	0.0	0.0	0.0	0.0	0.0
GSM4138114_HNSCC_3_PBMC_TCTCTAATCCTGTACC	94.58011863726645	0.0	0.0	57.92409858765091	0.0	112.47133800828607	0.0	0.0	0.0	30.8179321802605	0.0	0.0	0.0	0.0	47.16609383565454	0.0	0.0	0.0	0.0	0.0	0.0	29.93220178302559	0.0	0.0	0.0
GSM4138114_HNSCC_3_PBMC_TCTGGAAAGAGTGACC	74.91289561303888	83.06525838878285	0.0	0.0	0.0	121.64738021482731	0.0	177.1243508946861	0.0	17.12631705675297	0.0	0.0	0.0	0.0	0.0	0.0	0.0	0.0	0.0	0.0	0.0	0.0	0.0	102.43547732670127	0.0
GSM4138114_HNSCC_3_PBMC_TCTTTCCGTCCGCTGA	59.16308548824686	44.27286689000942	0.0	0.0	0.0	66.58240777988851	0.0	55.189504675697684	0.0	0.0	47.61120713315151	0.0	0.0	0.0	0.0	0.0	55.87262818149326	0.0	0.0	0.0	0.0	0.0	0.0	0.0	0.0
GSM4138114_HNSCC_3_PBMC_TGAAAGACAGACAAAT	78.23662833641201	61.53231511539239	0.0	0.0	0.0	75.40918083254697	33.02981396181136	29.98243846208302	0.0	96.21298344489823	29.922318359260984	30.932924952528552	0.0	0.0	0.0	0.0	0.0	0.0	0.0	13.190248267291063	0.0	0.0	0.0	0.0	0.0
GSM4138114_HNSCC_3_PBMC_TGACGGCGTAAGGGCT	108.25881716703395	89.5931256476068	129.06419466402326	0.0	0.0	0.0	0.0	0.0	0.0	25.176230843305355	0.0	0.0	0.0	0.0	0.0	0.0	0.0	0.0	0.0	62.6871087357963	0.0	0.0	0.0	0.0	0.0
GSM4138114_HNSCC_3_PBMC_TGCTGCTCAACGCACC	92.01647604450528	33.32501221452629	93.79175788906593	23.06358881490317	0.0	0.0	0.0	0.0	0.0	0.0	0.0	0.0	0.0	77.6035505742372	0.0	0.0	65.32272569607142	0.0	0.0	0.0	0.0	0.0	0.0	0.0	0.0
GSM4138114_HNSCC_3_PBMC_TGTATTCTCCCTAACC	63.45543559346256	0.0	0.0	82.9660758959677	80.19098566885798	64.81821290499302	0.0	0.0	40.58636432632607	0.0	0.0	0.0	0.0	0.0	0.0	0.0	19.77173936174923	0.0	0.0	0.0	0.0	0.0	0.0	0.0	0.0
GSM4138114_HNSCC_3_PBMC_TTAACTCTCCTGCTTG	130.43527882581125	50.65238193236181	87.04491227433232	0.0	0.0	0.0	34.79301964822286	0.0	81.78560336295038	0.0	0.0	0.0	0.0	55.15281778846932	0.0	0.0	0.0	0.0	0.0	0.0	0.0	0.0	0.0	0.0	0.0
GSM4138114_HNSCC_3_PBMC_TTCTCCTTCTTGTATC	117.21917446767361	45.82705566134775	0.0	65.82546585973057	0.0	0.0	0.0	120.72748199676205	94.67217561782559	6.399386886675203	0.0	0.0	190.63399113124248	0.0	0.0	0.0	0.0	0.0	1.229341943877806	0.0	0.0	0.0	0.0	0.0	0.0
GSM4138114_HNSCC_3_PBMC_TTGGCAACAGATCCAT	60.3611862951279	45.45701956260513	0.0	0.0	0.0	0.0	90.73404360114395	0.0	0.0	0.0	0.0	0.0	30.967710528849576	70.7117415195999	0.0	0.0	0.0	0.0	0.0	0.0	0.0	0.0	0.0	0.0	62.79396359075233
GSM4138114_HNSCC_3_PBMC_AAACCTGCACCAGCAC	140.1654330510881	0.0	0.0	63.78352518995938	0.0	0.0	329.70151534724437	134.09381656937822	0.0	0.0	101.07983182310619	106.01169501126363	0.0	0.0	0.0	0.0	0.0	0.0	0.0	0.0	0.0	0.0	0.0	0.0	0.0
GSM4138114_HNSCC_3_PBMC_AATCCAGCATAAGACA	165.0676720139741	0.0	0.0	0.0	189.02603707988055	0.0	254.57141338063914	0.0	0.0	0.0	0.0	0.0	225.38753416629024	0.0	89.13394563771907	0.0	49.1617747128196	0.0	0.0	0.0	0.0	0.0	0.0	0.0	0.0
GSM4138114_HNSCC_3_PBMC_ACCGTAAGTCTTCGTC	0.0	2234.8423682857933	0.0	657.7180475518605	0.0	0.0	0.0	0.0	0.0	0.0	0.0	0.0	0.0	0.0	0.0	0.0	0.0	0.0	0.0	0.0	0.0	0.0	0.0	0.0	0.0
GSM4138114_HNSCC_3_PBMC_ACGGAGACATGGGACA	147.60471962094167	0.0	0.0	147.00504783364357	0.0	0.0	0.0	48.5042571943218	0.0	66.16120255883673	116.55598100337268	0.0	0.0	0.0	0.0	0.0	0.0	0.0	158.03975560605025	0.0	0.0	0.0	0.0	0.0	0.0
GSM4138114_HNSCC_3_PBMC_ACGGGCTTCTTGCAAG	125.06822497645985	0.0	154.91663808535694	249.83223096302478	0.0	0.0	0.0	0.0	0.0	185.83618887585135	0.0	108.71932281519267	0.0	0.0	0.0	0.0	0.0	0.0	0.0	0.0	0.0	0.0	0.0	0.0	0.0
GSM4138114_HNSCC_3_PBMC_ACTTACTGTTGGTAAA	0.0	0.0	0.0	0.0	2805.500354263094	0.0	0.0	0.0	0.0	176.7263184013706	0.0	0.0	0.0	45.64565924437798	0.0	0.0	0.0	0.0	0.0	0.0	0.0	0.0	0.0	0.0	0.0
GSM4138114_HNSCC_3_PBMC_ACTTTCACATTCTTAC	149.78178477234573	53.47545954495467	64.41721954534239	146.9669984457777	259.49899011585165	0.0	0.0	0.0	0.0	0.0	85.8215531614956	9.513797330156041	0.0	0.0	0.0	0.0	93.56249880928434	0.0	0.0	0.0	0.0	0.0	0.0	0.0	0.0
GSM4138114_HNSCC_3_PBMC_AGACGTTGTCGGCATC	143.66096380441195	189.56056173418222	0.0	0.0	0.0	100.50909263560884	16.650105653568513	128.89305118920495	76.20304723027598	0.0	0.0	0.0	0.0	0.0	0.0	36.13481913970188	0.0	0.0	0.0	0.0	0.0	0.0	0.0	0.0	0.0
GSM4138114_HNSCC_3_PBMC_AGAGTGGCACCTCGGA	286.2067714427076	0.0	181.9331879270623	307.26922429660937	217.39397813349314	0.0	0.0	0.0	54.05618816208659	0.0	0.0	0.0	0.0	0.0	131.50991451794832	0.0	0.0	0.0	0.0	0.0	0.0	0.0	0.0	0.0	0.0
GSM4138114_HNSCC_3_PBMC_AGGGTGAGTGCACTTA	184.96400351997812	0.0	55.9003309228981	230.09850669019937	0.0	0.0	0.0	126.02830320798417	0.0	0.0	26.916330675782145	0.0	0.0	0.0	0.0	56.14166844439491	35.05940959658732	0.0	73.17393832863903	0.0	0.8567597175731443	0.0	0.0	0.0	0.0
GSM4138114_HNSCC_3_PBMC_AGTAGTCCATAGACTC	76.33477668946763	61.5699544767101	94.63881046366089	0.0	37.68271498588696	0.0	80.88276640342961	0.0	0.0	6.377749790847864	0.0	0.0	0.0	44.42226566300511	0.0	0.0	82.29273856572098	0.0	0.0	0.0	0.0	0.0	0.0	0.0	0.0
GSM4138114_HNSCC_3_PBMC_ATAAGAGGTATTCGTG	209.8065384562737	245.1623064637411	0.0	0.0	84.01857062972869	139.44033737227096	0.0	138.3660925570983	0.0	0.0	2.689637020873051	0.0	0.0	0.0	138.10494717721397	0.0	0.0	0.0	0.0	0.0	0.0	0.0	0.0	0.0	0.0
GSM4138114_HNSCC_3_PBMC_ATGCGATTCGTGACAT	190.59372487972462	0.0	0.0	0.0	0.0	265.7533398923644	277.33286718372955	212.32342130935277	0.0	0.0	0.0	0.0	0.0	4.367289654291941	0.0	0.0	0.0	0.0	0.0	0.0	0.0	269.59369039618355	0.0	0.0	0.0
GSM4138114_HNSCC_3_PBMC_ATTTCTGAGTAGATGT	146.8120032762975	0.0	84.64630767390523	291.7253154431011	267.9184625711667	0.0	0.0	0.0	0.0	0.0	0.0	0.0	0.0	0.0	0.0	20.121570688002926	0.0	0.0	193.65132679187644	0.0	0.0	0.0	0.0	0.0	0.0
GSM4138114_HNSCC_3_PBMC_ATTTCTGTCGTAGGAG	72.7786340233455	0.0	20.637709801114294	0.0	0.0	0.0	71.01483321667311	0.0	0.0	0.0	0.0	0.0	15.599883638356436	96.92295349373879	0.0	40.11817750776461	0.0	0.0	0.0	0.0	0.0	54.902223653353175	0.0	0.0	0.0
GSM4138114_HNSCC_3_PBMC_CAAGAAACATGGAATA	188.85938449352048	190.01250204874816	115.33031696715891	142.84016353602618	0.0	0.0	0.0	53.1276289225224	164.04720363755231	141.92761873892852	47.388550790449735	0.0	0.0	0.0	0.0	0.0	0.0	0.0	0.0	0.0	0.0	0.0	0.0	0.0	0.0
GSM4138114_HNSCC_3_PBMC_CACAGTAGTGATAAGT	172.82476801577525	6.334944039471468	48.78013504356161	122.05631026844408	233.95887941806328	0.0	74.86072116641044	0.0	97.1557309697234	0.0	87.96210500386397	0.0	0.00104945611692406	0.0	0.0	0.0	0.0	0.0	0.0	0.0	0.0	0.0	12.950724651563638	0.0	0.0
GSM4138114_HNSCC_3_PBMC_CAGTAACAGTACGCGA	187.59505207747634	0.0	0.0	240.4802691382522	98.97502081815904	0.0	5.893578221589193	50.952274423065155	0.0	0.0	0.0	0.0	257.7195361228781	80.6818267849506	150.96080166175528	0.0	0.0	0.0	0.4696161497728351	0.0	0.0	0.0	0.0	0.0	0.0
GSM4138114_HNSCC_3_PBMC_CATCGAAGTAGCGCTC	170.00013155914937	218.74156053770295	0.0	0.0	0.0	0.0	0.7843803743666096	0.0	124.83015811810701	218.19623739923946	0.0	0.0	0.0	0.0	0.0	120.29793602651472	0.0	0.0	0.0	0.0	0.0	0.0	0.0	0.0	0.0
GSM4138114_HNSCC_3_PBMC_CATGGCGCACTACAGT	137.68944585006616	0.0	0.0	0.0	35.26199672338378	114.672759640394	211.40236835529845	0.0	0.0	0.0	0.0	0.0	0.0	107.24744725060829	97.77396269875017	0.0	0.0	0.0	9.595895061048925	0.0	0.0	0.0	142.75079356924113	0.0	0.0
GSM4138114_HNSCC_3_PBMC_CCTATTAGTAGCCTCG	158.51924501772595	167.73446771255294	182.06073097870433	0.0	176.27477656131032	0.0	39.96162985533204	0.0	50.737064561280434	0.0	0.0	0.0	0.0	0.0	0.0	0.0	0.0	0.0	121.45915553344902	0.0	0.0	0.0	0.0	0.0	0.0
GSM4138114_HNSCC_3_PBMC_CCTTCCCTCAGCATGT	227.04679063745965	252.28224910068982	0.0	0.0	0.0	135.8902166239921	0.0	147.56107422638496	121.24476979405672	0.0	15.704957070849721	0.0	0.0	0.0	0.0	0.0	0.0	0.0	0.0	0.0	0.0	0.0	0.0	0.0	0.0
GSM4138114_HNSCC_3_PBMC_CGGACGTCATCGGACC	155.20474423737426	0.0	129.97768642223474	229.16866568797928	0.0	0.0	0.0	0.0	150.29166127344837	152.4023915697252	0.0	0.0	0.0	0.0	0.0	0.0	0.0	0.0	0.0	0.0	0.0	0.0	0.0	0.0	0.0
GSM4138114_HNSCC_3_PBMC_CGGACTGTCACGACTA	143.8243581890206	186.70735443568987	138.72566185277063	0.0	0.0	0.0	0.0	0.0	0.0	193.58135861758117	0.0	99.80174218574969	0.0	0.0	0.0	0.0	0.0	0.0	0.0	0.0	0.0	0.0	0.0	0.0	0.0
GSM4138114_HNSCC_3_PBMC_CGTAGGCAGTAAGTAC	178.87410427295535	0.0	0.0	185.55029456625397	0.0	0.0	0.0	123.47890480441595	5.6701435301265235	0.0	154.49136947985662	92.43796809260944	0.0	0.0	0.0	0.0	0.0	0.0	0.0	0.0	0.0	0.0	0.0	0.0	0.0
GSM4138114_HNSCC_3_PBMC_CGTGAGCAGAAGGGTA	142.38502875990474	165.7189781340705	0.0	0.0	0.0	0.0	85.46375011990699	173.66433552998524	0.0	0.0	259.63047402554287	2.095895936896571	0.0	0.0	0.0	0.0	0.0	0.0	0.0	0.0	127.17843544337919	0.0	0.0	0.0	0.0
GSM4138114_HNSCC_3_PBMC_CGTTGGGGTGATAAGT	70.96741876716273	0.0	0.0	249.530075543919	0.0	0.0	0.0	0.0	0.0	167.18930389010083	0.0	0.0	26.383972594095603	0.0	0.0	73.17350507385275	119.97265162854326	0.0	0.0	0.0	0.0	0.0	0.0	0.0	0.0
GSM4138114_HNSCC_3_PBMC_CTAACTTCATACAGCT	278.51524161457866	0.0	243.25268495612195	323.4223341887676	446.06192281234524	0.0	0.0	0.0	0.0	0.0	143.58403828935243	0.0	45.23308303434853	0.0	0.0	0.0	0.0	0.0	274.52427092399347	0.0	0.0	0.0	0.0	0.0	0.0
GSM4138114_HNSCC_3_PBMC_CTACATTCAGTCAGCC	89.64567761236589	0.0	0.0	197.54980938511247	202.99921192067927	0.0	0.0	0.0	0.0	0.0	0.0	0.0	0.0	0.0	0.0	0.0	55.57191477694874	0.0	0.0	0.0	0.0	0.0	139.07569046304548	0.0	0.0
GSM4138114_HNSCC_3_PBMC_CTAGTGATCTTTCCTC	117.34191682042365	0.0	151.45334996262463	0.0	201.1418623792248	0.0	300.3176452037343	0.0	0.0	0.0	0.0	0.0	0.0	9.252167901790607	168.62425113522718	0.0	0.0	0.0	0.0	0.0	0.0	0.0	0.0	0.0	0.0
GSM4138114_HNSCC_3_PBMC_CTCGGGAAGAAGCCCA	206.007114844958	0.0	124.95707434903339	248.4790130937488	151.58352109937928	0.0	0.0	16.80200167706271	0.0	15.590050669151353	0.0	158.2878856826037	0.0	0.0	0.0	0.0	0.0	4.874316062120048	24.96125712202242	0.0	0.0	0.0	0.0	0.0	0.0
GSM4138114_HNSCC_3_PBMC_CTCTACGAGTGAACGC	144.03724201489015	154.05412588452725	0.0	0.0	0.0	0.0	54.48533171631788	0.0	143.96052366615916	129.93360027711327	0.0	0.0	46.34991800038964	0.0	0.0	103.7040685019973	0.0	0.0	0.0	0.0	0.0	0.0	0.0	0.0	0.0
GSM4138114_HNSCC_3_PBMC_CTGTGCTCATGCTAGT	110.08666321310214	126.89248252331814	146.14322548245795	0.0	0.0	0.0	0.0	95.59052605574237	79.40619593935112	0.0	0.0	0.0	0.0	0.0	0.0	0.0	0.0	0.0	0.0	0.0	0.0	0.0	0.0	0.0	0.0
GSM4138114_HNSCC_3_PBMC_CTGTTTAAGAAACGAG	86.48190218909328	102.73433297210522	82.74042759675028	0.0	70.36518128802071	0.0	0.0	0.0	0.0	0.0	0.0	0.0	0.0	10.381984578834677	0.0	0.0	79.02043579553933	0.0	0.0	0.0	0.0	0.0	0.0	0.0	0.0
GSM4138114_HNSCC_3_PBMC_GACCTGGAGGATGGAA	139.6072148067521	210.7100577849926	0.0	110.892507025615	0.0	121.58722196498756	0.0	96.19967959308806	59.091517715659286	0.0	0.0	60.30001584049629	0.0	0.0	0.0	0.0	0.0	0.0	0.0	0.0	0.0	0.0	0.0	0.0	0.0
GSM4138114_HNSCC_3_PBMC_GATGAGGAGACGCACA	146.32601358431032	177.78908952719019	0.0	0.0	191.08583870561895	0.0	0.0	0.0	0.0	0.0	0.0	117.40061378147988	0.0	0.0	0.0	193.0758949379484	0.0	0.0	0.0	0.0	0.0	0.0	0.0	0.0	0.0
GSM4138114_HNSCC_3_PBMC_GATGCTATCTATCCCG	184.59466199666375	0.0	198.7586206463047	257.806684799811	156.12311927037752	34.22456614413982	0.0	0.0	0.0	0.0	0.0	144.38671562966854	0.0	0.0	0.0	0.0	0.0	0.0	0.0	0.0	0.0	0.0	0.0	0.0	0.0
GSM4138114_HNSCC_3_PBMC_GATTCAGCATAACCTG	143.11826600602873	0.0	0.0	0.0	166.73445905400342	0.0	166.48555644159086	0.0	0.0	0.0	152.5058895279426	0.0	0.0	0.0	0.0	0.0	0.0	0.0	0.0	100.89961180476179	0.0	0.0	0.0	0.0	0.0
GSM4138114_HNSCC_3_PBMC_GCCTCTATCTGACCTC	67.460230344791	0.0	0.0	18.117037075524273	193.42149399649736	0.0	249.79281757847625	0.0	0.0	0.0	0.0	0.0	133.7002027806618	0.0	0.0	0.0	94.38716304543048	0.0	0.0	0.0	0.0	0.0	0.0	0.0	0.0
GSM4138114_HNSCC_3_PBMC_GCGCGATAGCGTAGTG	176.01432500391914	228.56735776305146	0.0	0.0	0.0	127.42290310456173	0.0	16.129807547786086	0.0	180.85949734552733	72.5011603898902	145.10024125285392	0.0	0.0	0.0	0.0	0.0	0.0	0.0	0.0	0.0	0.0	0.0	0.0	0.0
GSM4138114_HNSCC_3_PBMC_GCTTCCATCAGAGACG	135.31913282166445	0.0	135.9863694609189	270.35201675094174	137.83185745034567	0.0	0.0	0.0	0.0	0.0	0.0	58.572149814639815	0.0	22.06874311990132	0.0	0.0	94.02450207717266	0.0	0.0	0.0	0.0	0.0	0.0	0.0	0.0
GSM4138114_HNSCC_3_PBMC_GCTTGAAAGATCACGG	123.05549825598567	0.0	164.06439409100932	279.7689165256013	116.89652312670452	0.0	0.0	0.0	86.44988292456624	0.0	0.0	0.0	0.0	3.8263941859456496	0.0	0.0	0.0	0.0	0.0	0.0	0.0	0.0	0.0	0.0	0.0
GSM4138114_HNSCC_3_PBMC_GGAAAGCCACAGTCGC	119.38107850632086	0.0	0.0	327.9885659246684	0.0	0.0	0.0	76.62612494019143	0.0	116.24165035560567	39.525990278173126	84.74681256718893	0.0	0.0	0.0	91.32945830998356	67.83684541341971	0.0	0.0	0.0	0.0	0.0	0.0	0.0	0.0
GSM4138114_HNSCC_3_PBMC_GGTGTTAGTTATGTGC	113.33977967644041	0.0	0.0	195.01131758615597	18.054179878559854	0.0	0.0	43.94186171905937	0.0	45.69713599400308	47.74470454180234	0.0	69.52329668736486	5.787227047734262	0.0	0.0	91.47585227861705	0.0	0.0	0.0	0.0	0.0	0.0	0.0	0.0
GSM4138114_HNSCC_3_PBMC_GTATCTTCATTACCTT	199.65986929665956	129.92819946128898	123.29319340716097	117.66078569151965	183.39785704798996	36.737677114858464	53.43831833527198	0.0	0.0	0.0	0.0	121.16456045035332	0.0	0.0	0.0	0.0	0.0	0.0	0.0	0.0	0.0	0.0	0.0	0.0	0.0
GSM4138114_HNSCC_3_PBMC_GTCACAAAGCTGCCCA	144.8536869751207	0.0	0.0	252.2494732796344	189.20497320420543	199.51780399078726	0.0	0.0	0.0	0.0	0.0	119.27395379606953	0.0	0.0	0.0	0.0	0.0	0.0	0.0	0.0	0.0	0.0	0.0	0.0	0.0
GSM4138114_HNSCC_3_PBMC_GTCATTTTCCTCTAGC	94.9733448447205	259.5483489492511	179.75951999439474	0.0	0.0	0.0	0.0	0.0	119.72749206349565	154.73873089893848	0.0	0.0	0.0	0.0	0.0	0.0	0.0	0.0	0.0	0.0	0.0	0.0	0.0	0.0	0.0
GSM4138114_HNSCC_3_PBMC_GTGTTAGGTGTATGGG	70.13870654458195	184.3315336596814	87.47671227032146	0.0	0.0	0.0	0.0	174.86764404295684	109.47761089456168	22.953080697864138	0.0	0.0	0.0	0.0	0.0	0.0	11.237784884610091	0.0	0.0	0.0	0.0	0.0	0.0	0.0	0.0
GSM4138114_HNSCC_3_PBMC_GTTCATTCATCACGAT	125.35367466362753	111.90059206940883	149.21308934777448	0.0	0.0	0.0	116.31913411640816	0.0	14.460254299053776	0.0	0.0	147.1416616710635	0.0	168.96795074635145	0.0	0.0	0.0	0.0	0.0	0.0	0.0	0.0	0.0	0.0	0.0
GSM4138114_HNSCC_3_PBMC_GTTTCTAGTGGTTTCA	119.18294962726806	0.0	3.170888329137645	271.85843248454626	1.7213031600397446	0.0	0.0	130.01729131987585	0.0	0.0	26.94202105044877	0.0	0.0	0.0	0.0	118.87133513189501	0.0	0.0	0.0	0.0	88.67552120922063	0.0	0.0	0.0	0.0
GSM4138114_HNSCC_3_PBMC_TACTTACAGGGTCGAT	132.41730803072343	98.61406191186184	49.51973712033651	0.0	0.0	0.0	91.28265856124507	162.84381685870488	0.0	0.0	0.0	0.0	0.0	0.0	90.68945061372874	67.71746649206102	0.0	0.0	0.0	0.0	0.0	0.0	0.0	0.0	0.0
GSM4138114_HNSCC_3_PBMC_TCGAGGCGTACGCTGC	168.61498542716097	229.3526825616987	40.18645198485678	0.0	232.34683553329046	0.0	0.0	0.0	0.0	0.0	59.52794315484982	57.82991736465867	0.0	0.0	0.0	113.53713799120742	0.0	0.0	0.0	0.0	0.0	98.34729290274429	0.0	0.0	0.0
GSM4138114_HNSCC_3_PBMC_TCGTAGAAGAAACCTA	185.97871987727382	58.03035351514655	89.11942153225107	0.0	0.0	0.0	157.45201386309978	0.0	0.0	168.82793847045446	0.0	156.77596130200126	29.462173313938926	0.0	0.0	28.265585610602553	7.448497954211056	0.0	0.0	0.0	0.0	0.0	0.0	0.0	0.0
GSM4138114_HNSCC_3_PBMC_TGCCCTAAGTGTTAGA	176.43729938403115	0.0	50.216020710256835	271.54571223130887	36.23687225325772	0.0	0.0	0.0	0.0	0.0	0.0	0.0	0.0	134.8920756882338	0.0	96.60692109122047	0.0	0.0	89.73659211092895	0.0	0.0	0.0	0.0	0.0	0.0
GSM4138114_HNSCC_3_PBMC_TGGCTGGAGGGATGGG	153.2159962426262	0.0	171.46950110289245	0.0	83.64969962715108	0.0	316.2515156614415	0.0	0.0	0.0	0.0	0.0	0.0	59.11731543436988	118.1835398339505	0.0	0.0	0.0	0.0	0.0	0.0	0.0	0.0	0.0	0.0
GSM4138114_HNSCC_3_PBMC_TTAGGACAGTCCTCCT	182.7615407621965	273.49644878046183	177.39706844705515	26.78633542993916	26.908172630835175	0.0	0.0	163.2612849658756	0.0	0.0	0.0	0.0	0.0	0.0	0.0	0.0	138.91276583578303	0.0	0.0	0.0	0.0	0.0	0.0	0.0	0.0
GSM4138114_HNSCC_3_PBMC_TTATGCTCAGTATAAG	61.079044560124544	8.3790085503004	7.669939742663375	0.0	0.0	0.0	66.58243436920961	75.41408315464112	50.93472536340358	0.0	0.0	0.0	0.0	0.0	0.0	46.146014637853106	0.0	0.0	0.0	0.0	0.0	0.0	0.0	0.0	0.0
GSM4138114_HNSCC_3_PBMC_TTCCCAGGTCTCCCTA	143.4256164609782	231.1902089777744	0.0	30.220605010195232	0.0	144.8439628745345	0.0	220.99937598645747	0.0	0.0	0.0	97.86100937265887	0.0	0.0	0.0	0.0	0.0	0.0	0.0	0.0	0.0	0.0	0.0	0.0	0.0
GSM4138114_HNSCC_3_PBMC_TTCCCAGTCACTCCTG	144.7791389450605	0.0	0.0	273.5229984211473	0.0	0.0	0.0	0.0	0.0	213.63166361446747	0.0	0.0	182.377999353714	0.0	40.98683635867326	10.24384248617685	0.0	0.0	77.71787850362003	0.0	0.0	0.0	0.0	0.0	0.0
GSM4138114_HNSCC_3_PBMC_TTCTACATCCGCATCT	89.96902410461924	0.0	58.07477105179486	183.9279122683049	117.47499198481574	0.0	0.0	0.0	0.0	0.0	0.0	167.7620334372875	0.0	0.0	0.0	16.21228773584029	0.0	0.0	0.0	0.0	0.0	0.0	0.0	0.0	0.0
GSM4138114_HNSCC_3_PBMC_AAAGATGTCTCCCTGA	88.24361762787916	0.0	0.0	0.0	107.6886683805139	0.0	106.280276489243	0.0	66.02138444336352	0.0	0.0	0.0	99.44575156134587	1.621110638926789	8.56808706529993	77.47232214851809	0.0	2.429899947268215	0.0	0.0	0.0	0.0	0.0	0.0	0.0
GSM4138114_HNSCC_3_PBMC_AACTCCCGTCTGATCA	91.91898618877383	0.0	0.0	0.0	0.0	115.54237382239474	82.85850965152014	43.162780740100985	20.071565502303088	0.0	0.0	0.0	0.0	0.0	0.0	0.0	0.0	26.337199740373954	0.0	0.0	0.0	0.0	0.0	0.0	0.0
GSM4138114_HNSCC_3_PBMC_ACGCAGCCATCCAACA	120.50467985827089	0.0	137.28127379509482	0.0	0.0	0.0	146.57643729686004	0.0	42.84006143077875	0.0	0.0	0.0	0.0	87.65416856643411	0.0	0.0	0.0	0.0	0.0	0.0	0.0	0.0	0.0	0.0	0.0
GSM4138114_HNSCC_3_PBMC_ACTATCTAGCCTCGTG	80.37064662686636	52.03487428271313	0.0	0.0	71.89245870466814	84.92938981795723	36.84447574619482	0.8613283559019106	0.0	0.0	0.0	0.0	0.0	0.0	60.1410678922963	0.0	0.0	0.0	0.0	0.0	0.0	3.475187733973077	0.0	0.0	0.0
GSM4138114_HNSCC_3_PBMC_ACTGAACTCAGCATGT	206.88947643714684	0.0	0.0	121.48992304132209	95.16958319027827	13.80045157076979	0.0	0.0	0.0	0.0	87.65054249039838	131.27005311442258	0.0	21.471038245474652	0.0	8.40843832128371	0.0	0.0	0.0	0.0	0.0	0.0	0.0	0.0	0.0
GSM4138114_HNSCC_3_PBMC_ATCCGAACATAACCTG	158.16455406269498	104.75181633464	88.40363338817656	0.0	0.0	0.0	0.0	14.706854246325912	65.6114863226449	5.221977650625227	8.636608947099539	0.0	0.0	57.18065425221113	0.0	0.0	0.0	0.0	0.0	0.0	0.0	0.0	0.0	0.0	0.0
GSM4138114_HNSCC_3_PBMC_ATTTCTGTCCGTTGCT	212.78310710406666	136.24388932545543	0.0	0.0	0.0	164.12899800480255	0.0	0.0	0.0	98.19210883816743	0.0	0.0	0.0	0.0	0.0	0.0	89.49821364257804	0.0	0.0	0.0	0.0	17.81133182826965	0.0	0.0	0.0
GSM4138114_HNSCC_3_PBMC_CAAGATCGTTCACGGC	110.2110822697269	0.0	0.0	77.79571041575919	0.0	4.255398182203583	0.0	66.28323848030968	67.30769916603666	0.0	0.0	0.0	41.49646142179682	0.0	0.0	0.0	0.0	0.0	0.0	0.0	0.0	0.0	78.34966505208587	0.0	0.0
GSM4138114_HNSCC_3_PBMC_CGTGTCTGTTGGAGGT	125.9530500929991	0.0	0.0	101.8196344537605	0.0	103.0152772126184	0.0	96.91802883514684	0.0	0.0	0.0	74.48273535917886	0.0	0.0	0.0	0.0	22.543114487887575	10.416411793884107	0.0	0.0	0.0	0.0	0.0	0.0	0.0
GSM4138114_HNSCC_3_PBMC_CTACACCGTAAGTGTA	151.05306919805406	102.71618883689317	136.7388465871162	0.0	0.0	0.0	0.0	74.53145304864618	51.633005474567895	4.438399054545508	0.0	0.0	0.0	0.0	0.0	0.0	0.0	0.0	0.0	0.0	0.0	0.0	0.0	0.0	0.0
GSM4138114_HNSCC_3_PBMC_GACGTTAGTGGTCTCG	116.28525497926256	34.419419078963806	0.0	0.0	0.0	135.1463223197587	62.67766176190063	44.879068513716355	0.0	0.0	0.0	57.74118891389432	0.0	0.0	0.0	0.0	0.0	0.0	0.0	0.0	0.0	0.0	0.0	0.0	0.0
GSM4138114_HNSCC_3_PBMC_GCACTCTGTGGTGTAG	66.46266195102059	0.0	42.52702897910388	92.6601319687127	68.12246432443374	116.62893970214813	0.0	0.0	27.198649152097612	0.0	0.0	0.0	0.0	0.0	0.0	0.0	0.0	0.0	0.0	0.0	57.17649831419495	0.0	0.0	0.0	0.0
GSM4138114_HNSCC_3_PBMC_GGGCATCAGACTACAA	92.4334085115348	0.0	0.0	133.03348838760897	0.0	85.93382728856353	0.0	0.0	0.0	63.23397749390371	8.34391456266842	29.155918576085686	0.0	0.0	0.0	0.0	56.33762150245206	0.0	0.0	0.0	0.0	0.0	0.0	0.0	0.0
GSM4138114_HNSCC_3_PBMC_GTCAAGTTCTTTACAC	84.41862946411997	112.39293061760895	0.0	0.0	89.70759206207293	0.0	0.0	0.0	86.54509211665439	0.0	0.0	0.0	31.18004630313023	2.0331944814943532	0.0	82.88525933292888	0.0	0.0	0.0	0.0	0.0	0.0	0.0	0.0	0.0
GSM4138114_HNSCC_3_PBMC_GTGCTTCCACTATCTT	121.69353666981016	64.57716438476012	0.0	0.0	28.980068494200076	116.4075379454266	35.26450806999273	58.790164929194106	0.0	0.0	0.0	0.0	0.0	0.0	0.0	0.0	0.0	0.0	0.0	0.0	0.0	100.66674299765633	0.0	0.0	0.0
GSM4138114_HNSCC_3_PBMC_TTCTACACACACCGAC	112.75307862848217	117.11184896479556	0.0	0.0	0.0	128.76290159336924	18.07214471387579	0.0	0.0	51.24497130888947	0.0	0.0	0.0	39.3535470880598	2.089098862319985	0.0	0.0	0.0	0.0	55.17622950462224	0.0	0.0	0.0	0.0	0.0
GSM4138114_HNSCC_3_PBMC_TTGACTTTCGCGATCG	104.34559725857928	0.0	36.02638043197543	88.67182351388098	74.53102095708043	0.0	0.0	0.0	70.7418579695627	0.0	113.71279093253503	0.0	0.0	0.0	0.0	0.0	0.0	0.0	0.0	0.0	0.0	0.0	0.0	0.0	0.0
GSM4138114_HNSCC_3_PBMC_ACTGTCCCACTAGTAC	98.2745960054556	93.5888058091943	32.843686818485004	0.0	0.0	0.0	0.0	0.0	0.0	76.62019509238868	0.0	0.0	0.0	0.0	0.0	85.39239752578648	0.0	71.32619303761389	0.0	0.0	0.0	0.0	0.0	0.0	0.0
GSM4138114_HNSCC_3_PBMC_CTCATTATCGAATCCA	107.1045855012849	86.5869507501393	110.281587407501	0.0	0.0	0.0	0.0	13.10864250934661	0.0	124.32040716015574	0.0	0.0	0.0	0.0	66.11446840170774	0.0	0.0	0.0	0.0	0.0	0.0	0.0	0.0	0.0	0.0
GSM4138114_HNSCC_3_PBMC_GAACCTATCGACAGCC	209.58368498070618	1.1234533328460434	104.1572253753823	114.23555246048178	0.0	0.0	50.87198277656609	84.13554608051473	13.036187052619164	4.709674760251211	0.0	67.22631670921896	37.911411155691304	0.0	0.0	0.0	0.0	0.0	0.0	0.0	0.0	0.0	0.0	0.0	0.0
GSM4138114_HNSCC_3_PBMC_GCGCCAACATTTGCCC	119.1457080288406	107.85663004242268	0.0	0.0	0.0	0.0	3.5185936629307517	27.408975096869664	0.0	9.160808832646461	33.976688339832826	0.0	62.49558661325003	0.0	58.22529963088244	21.00770597666417	24.695356230682226	0.0	0.0	0.0	0.0	0.0	0.0	0.0	0.0
GSM4138114_HNSCC_3_PBMC_GGGAGATCAATTCCTT	99.54623707100605	49.524251345961474	21.233266650284182	0.0	46.56530427772513	0.0	20.602356141214404	0.0	0.0	0.0	14.099289311327707	0.0	66.09941653823891	0.0	68.1753196876263	13.804012470588132	0.0	0.0	0.0	0.0	0.0	0.0	0.0	0.0	0.0
GSM4138114_HNSCC_3_PBMC_GTGAAGGAGAAGGTGA	86.99247912462452	105.66207921405166	0.0	0.0	0.0	137.74683906866076	0.0	71.8543403471094	0.0	0.0	0.0	0.0	0.0	0.0	29.233943786086936	0.0	0.0	69.03934333104836	0.0	0.0	0.0	0.0	0.0	0.0	0.0
GSM4138114_HNSCC_3_PBMC_TACCTATTCGAGAGCA	72.22120826852829	72.82474440430056	32.688145202473024	0.0	0.0	20.337596845257856	0.0	0.0	0.0	53.90468912605306	0.0	0.0	0.0	0.0	95.15806834689432	0.0	0.0	0.0	0.0	2.8172421807011463	0.0	0.0	0.0	0.0	0.0
GSM4138114_HNSCC_3_PBMC_TAGCCGGGTTGATTCG	84.19242961292447	93.60800828462389	0.0	0.0	52.31021612363897	0.0	0.0	0.0	3.8409686223127677	0.0	94.46940495114535	0.0	0.0	19.934115972741633	90.59621713513614	0.0	0.0	0.0	0.0	0.0	0.0	0.0	0.0	0.0	0.0
GSM4138114_HNSCC_3_PBMC_TCTTTCCTCGCCGTGA	86.89209469095329	0.0	150.05576145129166	148.0905998927416	0.0	0.0	0.0	32.74532966636086	21.331989349328584	0.0	0.0	0.0	0.0	62.383973520543655	24.891569861188838	0.0	0.0	0.0	0.0	0.0	0.0	0.0	0.0	0.0	0.0
GSM4138114_HNSCC_3_PBMC_TGTGGTAGTTGCCTCT	172.90632991218243	25.4796731473587	69.81239013863173	0.0	94.30357941394202	0.0	107.85517094645458	0.0	66.9928982198486	0.0	58.835322022612864	0.0	0.0	0.0	17.60960787322934	0.0	0.0	0.0	0.0	0.0	0.0	0.0	0.0	0.0	0.0
GSM4138114_HNSCC_3_PBMC_ATTATCCTCCTCCTAG	192.410727151529	149.79625391965592	256.45703142720816	0.0	0.0	0.0	0.0	0.0	0.0	129.41077173858193	0.0	201.1479127220661	0.0	0.0	0.0	0.0	0.0	0.0	0.0	0.0	0.0	0.0	0.0	0.0	0.0
GSM4138114_HNSCC_3_PBMC_CGAGAAGAGCTACCTA	159.74285593163418	204.1858799434712	0.0	0.0	0.0	69.31666393928118	0.0	0.0	0.0	58.41870327660112	0.0	0.0	176.46552919811344	0.0	0.0	0.0	0.0	0.0	150.9869749634072	0.0	0.0	0.0	0.0	0.0	0.0
GSM4138114_HNSCC_3_PBMC_GACTACACACCGCTAG	113.14802681816629	183.61419823043184	0.0	0.0	0.0	73.16627534522887	0.0	131.7692522404927	0.0	0.0	21.254396714215527	0.0	0.0	0.0	0.04225219336410665	0.0	0.0	36.70126501100755	67.63790457476236	0.0	0.0	0.0	0.0	0.0	0.0
GSM4138114_HNSCC_3_PBMC_GGCTCGAGTCTGATCA	194.53523452866355	0.0	0.0	140.36058247795208	58.83240834153753	126.09135922503043	0.0	0.0	0.0	0.0	0.0	21.75486917962443	0.0	0.0	0.0	0.0	59.734157219348056	0.0	0.0	0.0	0.0	1.1750412237800318	0.0	0.0	0.0
GSM4138114_HNSCC_3_PBMC_TCAGATGTCAGTTTGG	100.078096235843	0.0	0.0	0.0	0.0	135.0302359067254	123.13608428767824	73.93768623045487	0.0	0.0	0.0	144.9193617837282	0.0	0.0	0.0	0.0	0.0	0.0	0.0	0.0	0.0	0.0	0.0	0.0	0.0
GSM4138114_HNSCC_3_PBMC_TCGAGGCAGAACAATC	249.15832563573488	0.0	83.53352288788481	266.04862775133387	0.0	0.0	0.0	0.0	0.0	167.68861828995966	48.295819635725834	108.33123400227723	71.05125204438588	0.0	0.0	96.53010570002223	113.5712216214564	0.0	0.0	0.0	0.0	0.0	0.0	0.0	0.0
GSM4138114_HNSCC_3_PBMC_TGGGCGTGTCATTAGC	42.984545115406796	0.0	0.0	91.47394878392974	96.6571654802558	105.85493675954044	0.0	0.0	0.0	0.0	0.0	80.00116127856431	0.0	0.0	0.0	0.0	0.0	0.0	0.0	0.0	0.0	0.0	0.0	0.0	0.0
GSM4138114_HNSCC_3_PBMC_TTCCCAGAGGACAGCT	127.20211652426856	131.34190509413196	106.66202987454923	0.0	0.0	0.0	0.0	59.43074609626845	74.20917001000636	0.0	0.0	0.0	0.0	0.0	0.0	0.0	0.0	38.9538421268138	0.0	0.0	0.0	0.0	0.0	0.0	0.0
GSM4138114_HNSCC_3_PBMC_ACACCAACATGCATGT	128.32622176511586	93.8586102852433	0.0	0.0	61.917638576123146	0.0	1.9486068965068133	5.696350090528815	0.0	19.239091150961478	129.4196579835193	0.0	0.0	0.17563209464791607	0.0	0.0	0.0	24.56071801310849	0.0	22.85855123100494	67.81812355529117	0.0	0.0	0.0	0.0
GSM4138114_HNSCC_3_PBMC_ACGATACGTGTGGTTT	131.50919891261623	600.868490096296	0.0	0.0	0.0	0.0	0.0	140.07750794742984	0.0	0.0	202.627411224106	0.0	0.0	0.0	0.0	0.0	0.0	202.41835910420974	0.0	0.0	0.0	0.0	0.0	0.0	0.0
GSM4138114_HNSCC_3_PBMC_AGAATAGTCACCATAG	56.16288324173881	167.61101627833932	0.0	41.157842659660105	184.30572009283853	125.37268707375381	0.0	0.0	0.0	0.0	0.0	0.0	0.0	0.0	94.69407337141308	0.0	0.0	0.0	0.0	0.0	0.0	0.0	0.0	0.0	0.0
GSM4138114_HNSCC_3_PBMC_AGCCTAATCCTGCCAT	47.669045387386426	0.0	0.0	78.57453312860767	0.0	0.0	0.0	0.0	61.96325154309292	48.26739578297549	0.0	0.0	53.13463955708351	3.523669327280162	0.0	1.6325864921619087	0.0	0.0	0.0	0.0	0.0	0.0	0.0	0.0	0.0
GSM4138114_HNSCC_3_PBMC_CAACCAAGTTGAGGTG	109.86775135284007	0.0	20.25779375660757	96.10927481465932	63.86157147987979	0.0	0.0	0.0	35.45599504300174	0.0	62.810706218350624	0.0	0.0	0.0	0.0	0.0	0.0	0.0	0.0	0.0	0.0	0.0	0.0	0.0	0.0
GSM4138114_HNSCC_3_PBMC_CACACAACATGCCTAA	201.83146799620943	176.4552678904786	142.3469991720918	0.0	39.74631279144637	0.0	0.0	0.0	111.88544074923291	0.0	0.0	0.0	0.0	63.6948272850939	0.0	0.0	0.0	0.0	0.0	0.0	0.0	0.0	0.0	0.0	0.0
GSM4138114_HNSCC_3_PBMC_CCACTACAGGTGCTAG	64.77640014521418	151.91288126211109	57.16799252489639	0.0	0.0	33.22045405451112	0.0	0.0	0.0	68.05210180358307	0.0	0.0	0.0	0.0	15.985706367626396	0.0	40.159639808400854	0.0	0.0	0.0	0.0	12.791497427842298	0.0	0.0	0.0
GSM4138114_HNSCC_3_PBMC_CGTCACTCAGATTGCT	174.57629969841804	0.0	53.45955653080733	234.74598578361758	0.0	36.08423979160296	0.0	0.0	0.0	194.69858893636382	61.05496743616916	0.0	0.0	0.0	0.0	0.0	0.0	219.53744225992318	0.0	0.0	0.0	0.0	0.0	0.0	0.0
GSM4138114_HNSCC_3_PBMC_CTCGGGAGTCTAGCGC	169.94038571356185	462.55106254827524	109.48927511446504	0.0	0.0	0.0	0.0	117.17596538014493	0.0	0.0	0.0	0.0	0.0	0.0	0.0	57.84664706071835	0.0	0.0	119.17992904756746	0.0	55.884829913949	0.0	0.0	0.0	0.0
GSM4138114_HNSCC_3_PBMC_GACCTGGCAGTCACTA	135.36760480330562	132.95221878253787	155.91112520513795	0.0	0.0	0.0	17.526530659224505	86.41602996018614	0.0	0.0	0.0	0.0	0.0	0.0	0.0	0.0	0.0	0.0	0.0	0.0	83.96262366601557	0.0	0.0	0.0	0.0
GSM4138114_HNSCC_3_PBMC_GCTCTGTAGTCAAGCG	199.4160587240506	199.12471753368092	14.374170091949598	0.0	113.17124273416847	0.0	0.0	0.0	0.0	0.0	111.57317860851093	0.0	0.0	0.0	38.17993341604675	0.0	0.0	0.0	0.0	0.0	0.0	69.14341649171283	0.0	0.0	0.0
GSM4138114_HNSCC_3_PBMC_GGAACTTAGAGAGCTC	160.98969730298674	197.70526717136266	109.35144913517118	0.0	29.68839389696529	0.0	30.035990348493186	78.81166646003628	0.0	0.0	0.0	81.99439182362075	39.6834901706159	0.0	0.0	12.021594358822663	0.0	0.0	0.0	97.16757223641734	0.0	0.0	0.0	0.0	0.0
GSM4138114_HNSCC_3_PBMC_GGCGACTGTTCCACTC	79.40387691420183	310.2485018050523	134.74338236357173	0.0	92.5605365961661	0.0	17.038331914664248	0.0	0.0	0.0	0.0	0.0	0.0	0.0	0.0	0.0	0.0	69.13788043880048	0.0	0.0	0.0	0.0	0.0	0.0	0.0
GSM4138114_HNSCC_3_PBMC_GTTTCTACACACAGAG	194.05146680154672	88.59198384664984	25.87958408220716	0.0	0.0	209.92218435745983	97.00846708193474	0.0	0.0	157.36084147206137	0.0	0.0	0.0	236.26427225582813	0.0	0.0	186.28858964577128	0.0	0.0	0.0	0.0	0.0	0.0	0.0	0.0
GSM4138114_HNSCC_3_PBMC_TGCGTGGCAGTCGATT	158.11627229353738	0.0	0.0	209.00889380639725	128.00667248210263	187.2645668337218	0.0	0.0	0.0	0.0	0.0	95.01557667629288	0.0	0.0	0.0	0.0	0.7482514972854407	0.0	0.0	0.0	0.0	0.0	0.0	0.0	0.0
GSM4138114_HNSCC_3_PBMC_TTATGCTGTTACGACT	114.33559438867478	0.0	0.0	200.27092112883997	0.0	119.15712744466686	0.0	35.47186430658057	0.0	117.96783054871084	0.0	0.0	0.0	0.0	0.0	0.0	0.0	0.0	0.0	0.0	85.69632153580375	0.0	0.0	0.0	0.0
GSM4138114_HNSCC_3_PBMC_AAAGCAATCCCGACTT	264.63636402293133	201.442365954654	68.02107604053421	0.0	0.0	188.30067033400772	0.0	57.990805357814295	142.5214927299861	23.96100965896948	0.0	0.0	0.0	19.455785251311514	0.0	0.0	0.0	0.0	0.0	0.0	0.0	0.0	0.0	0.0	0.0
GSM4138114_HNSCC_3_PBMC_AAAGTAGGTTCAGACT	215.528065967568	0.0	158.6795270705517	177.58072868663163	9.553971192102633	0.0	0.0	103.84777425420009	177.44612830389693	0.0	0.0	0.0	0.0	0.0	0.0	0.0	0.0	0.0	0.0	0.0	0.0	0.0	105.13783112370157	0.0	0.0
GSM4138114_HNSCC_3_PBMC_ACGTCAAAGAGCTGGT	331.569866987866	236.29959338103328	0.0	0.0	160.43698787427124	0.0	0.0	0.0	0.0	0.0	81.41071617562648	0.0	0.0	0.0	0.0	156.33160015691092	0.0	0.0	0.0	131.53226277784375	0.0	0.0	0.0	38.03805682218687	0.0
GSM4138114_HNSCC_3_PBMC_ACTTGTTAGCAGATCG	250.9812286514559	0.0	47.77602875236956	134.67366105830487	17.258531080488165	0.0	0.0	110.85391227818188	63.206246521358025	0.0	0.0	0.0	149.99399453614413	0.0	5.708620932268614	0.0	0.0	0.0	60.614650635545914	0.0	0.0	0.0	0.0	0.0	0.0
GSM4138114_HNSCC_3_PBMC_AGCTCCTGTCTGCAAT	395.3364436250297	0.0	65.34324948531962	191.11207354040405	163.1148053089445	175.5689105326321	0.0	0.0	149.49949477643818	0.0	0.0	0.0	0.0	0.0	0.0	0.0	0.0	0.0	0.0	0.0	0.0	0.0	0.0	0.0	0.0
GSM4138114_HNSCC_3_PBMC_ATCTGCCTCTCCGGTT	313.97981504539473	0.0	0.0	247.59070904444337	0.0	0.0	0.0	0.0	0.0	197.2938855764582	308.8325051871544	0.0	0.0	0.0	0.0	0.0	0.0	214.06373866270718	43.578787389790456	0.0	0.0	0.0	0.0	0.0	0.0
GSM4138114_HNSCC_3_PBMC_CACAAACGTCTCTTAT	320.1552460693108	63.754903078802315	39.77811642716133	123.11374600396239	0.0	233.1031394037882	0.0	212.32922510963508	46.76911629504759	0.0	0.0	29.369613304797117	0.0	0.0	0.0	0.0	110.02578251470108	0.0	0.0	0.0	0.0	0.0	0.0	0.0	0.0
GSM4138114_HNSCC_3_PBMC_CATCAAGCACAGATTC	291.5519372436432	167.56506303368693	0.0	0.0	0.0	0.0	0.0	0.0	0.0	189.93856617811855	255.28079226730748	0.0	0.0	0.0	0.0	43.28182650076319	0.0	133.6071853067037	0.0	0.0	0.0	0.0	0.0	0.0	0.0
GSM4138114_HNSCC_3_PBMC_CGTCCATGTAATCACC	245.33363650160666	138.0435571898302	229.95210777118558	0.0	184.06015568808215	0.0	0.0	0.0	190.35023088545557	0.0	0.0	0.0	0.0	0.0	0.0	0.0	0.0	0.0	0.0	0.0	0.0	0.0	0.0	0.0	0.0
GSM4138114_HNSCC_3_PBMC_CGTTCTGGTCCGAGTC	308.2123148154535	30.85453894279035	0.0	0.0	195.21722051297567	0.0	100.4914187040884	0.0	0.0	0.0	0.0	0.0	90.98779353723873	0.0	139.87308290702234	0.0	0.0	0.0	0.0	0.0	0.0	0.0	146.96540727219045	0.0	0.0
GSM4138114_HNSCC_3_PBMC_CTACGTCAGAGGACGG	332.9166016898704	113.20240867443331	45.33958000139521	0.0	0.0	0.7500841748678635	0.6274947526309083	96.89112375988059	0.0	0.0	7.730137702737568	0.0	0.0	0.0	0.0	0.0	0.0	0.0	38.305156495111895	99.60900877639034	19.325927624020387	0.0	122.23135111276122	0.0	0.0
GSM4138114_HNSCC_3_PBMC_GACGCGTGTTCCGGCA	179.77032740637523	105.47695405961316	0.0	0.0	157.05164412312556	257.7990582313881	28.512851227770188	0.0	127.49022452611962	0.0	0.0	0.0	0.0	0.0	0.0	0.0	0.0	0.0	0.0	0.0	0.0	0.0	0.0	0.0	0.0
GSM4138114_HNSCC_3_PBMC_GGCCGATCATGTAAGA	309.3306271706172	0.0	0.0	0.0	141.9599400804741	116.58878331627245	209.07571229055952	0.0	0.0	0.0	0.0	0.0	0.0	0.0	0.0	71.70973067256267	0.0	42.925031167828905	0.0	95.11225150746814	21.393774298920604	0.0	0.0	0.0	0.0
GSM4138114_HNSCC_3_PBMC_GTATTCTTCTGTGCAA	268.93684514687027	144.37952769122379	0.0	0.0	0.0	191.3771780932899	0.0	209.48877951195746	0.0	0.0	0.0	0.0	85.99245625664831	0.0	0.0	0.0	0.0	0.0	0.0	0.0	221.60802077407578	0.0	0.0	26.62103191968982	0.0
GSM4138114_HNSCC_3_PBMC_GTCAAGTAGTGCTGCC	152.61783998912972	220.75797775840232	0.0	0.0	0.0	0.0	0.0	107.04038707925562	0.0	0.0	0.0	0.0	263.23621099759106	0.0	232.05696876508205	0.0	0.0	0.0	0.0	0.0	0.0	0.0	0.0	0.0	0.0
GSM4138114_HNSCC_3_PBMC_GTCTCGTAGGCTAGAC	220.24606460073238	0.0	0.0	221.33197769315788	137.72148563816268	0.0	0.0	0.0	0.0	36.731659818589755	179.51898969187243	0.0	0.0	0.0	192.40874977865838	0.0	0.0	0.0	0.0	0.0	0.0	0.0	0.0	0.0	0.0
GSM4138114_HNSCC_3_PBMC_TCTGGAAAGTGGTAAT	206.36179566328437	141.36763724410326	0.0	0.0	0.0	0.0	0.0	0.0	0.0	130.87399922415943	0.0	0.0	203.40091072946873	0.0	33.24552099625857	0.0	0.0	0.0	111.4917674710828	0.0	0.0	0.0	0.0	0.0	0.0
GSM4138114_HNSCC_3_PBMC_TGGCCAGGTCCAAGTT	168.7280166939831	124.9197934047401	222.18278160701644	0.0	118.70083260693998	0.0	48.370240734385646	0.0	176.1537904169772	0.0	0.0	0.0	0.0	0.0	0.0	0.0	0.0	0.0	0.0	0.0	0.0	0.0	0.0	0.0	0.0
GSM4138114_HNSCC_3_PBMC_AACTGGTGTGTGGCTC	509.87082914091474	267.5085780748342	0.0	0.0	0.0	0.0	0.0	0.0	0.0	210.6689631077017	347.9920683180728	0.0	0.0	0.0	0.0	0.0	0.0	0.0	0.0	309.00399510788736	0.0	0.0	0.0	0.0	0.0
GSM4138114_HNSCC_3_PBMC_AAGACCTAGTTTGCGT	321.1946880972995	0.0	187.99235713181892	188.5416393691048	37.65443904084691	129.70947465991404	0.0	0.0	0.0	171.45822152140025	0.0	83.10981900790884	0.0	0.0	0.0	0.0	199.17512675759139	0.0	0.0	0.0	0.0	0.0	0.0	0.0	0.0
GSM4138114_HNSCC_3_PBMC_ACATCAGAGTGTCCAT	3140.405261503902	0.0	0.0	0.0	0.0	0.0	0.0	0.0	0.0	0.0	0.0	0.0	0.0	0.0	0.0	0.0	0.0	0.0	0.0	0.0	0.0	0.0	0.0	0.0	0.0
GSM4138114_HNSCC_3_PBMC_ACGGCCACATGGTCTA	323.62995257918055	235.49684721305394	5.591841054941049	0.0	0.0	0.0	0.0	0.0	0.0	135.46906263787145	247.64811762048768	0.0	0.0	0.0	0.0	0.0	0.0	310.1538491850591	0.0	0.0	0.0	0.0	0.0	0.0	0.0
GSM4138114_HNSCC_3_PBMC_ACTTGTTGTTGTGGAG	125.2323828259767	120.20398225653994	376.0061253771342	0.0	0.0	0.0	0.0	0.0	325.8554620189445	20.151243547035786	0.0	0.0	0.0	48.04546365942742	0.0	0.0	0.0	0.0	0.0	0.0	0.0	0.0	0.0	0.0	0.0
GSM4138114_HNSCC_3_PBMC_AGCGTATCAGCTCGCA	0.0	0.0	3867.3940510800717	0.0	0.0	279.4483593548346	0.0	0.0	0.0	0.0	311.47232744240017	0.0	0.0	0.0	0.0	0.0	0.0	0.0	0.0	0.0	0.0	0.0	0.0	0.0	0.0
GSM4138114_HNSCC_3_PBMC_CCATTCGAGACAGGCT	327.1814884934932	207.033438326303	0.0	0.0	0.0	0.0	0.0	155.6617183959588	0.0	0.0	0.0	158.7026532953672	0.0	0.0	0.0	391.01155338182457	167.64209768557296	0.0	0.0	0.0	0.0	0.0	0.0	0.0	0.0
GSM4138114_HNSCC_3_PBMC_CCTTCGATCTCGCTTG	368.24440813060295	163.59324801159062	0.0	0.0	0.0	18.491550914133626	0.0	118.10368021218993	0.0	0.0	121.20108368477386	181.03969153554223	204.9464790869585	0.0	0.0	5.639909026816379	53.784366835498524	49.86083990748604	0.0	0.0	0.0	0.0	0.0	0.0	0.0
GSM4138114_HNSCC_3_PBMC_CGCGTTTAGACTAGGC	497.5248717779147	118.20446332464596	0.0	11.125712645187125	0.0	0.0	110.47848981569364	132.64888425414173	88.61137227931621	71.3616282448991	0.0	0.0	175.54644892004086	0.0	286.1058476526968	0.0	0.0	0.0	0.0	0.0	0.0	0.0	240.48108309406823	0.0	0.0
GSM4138114_HNSCC_3_PBMC_CTACATTTCTTTACGT	409.00040739021864	0.0	391.44666178525733	123.31197279320338	0.0	0.0	0.0	7.785347461719976	346.27249593363365	142.06918183311546	0.0	0.0	0.0	0.0	0.0	0.0	0.0	0.0	0.0	0.0	0.0	0.0	0.0	0.0	0.0
GSM4138114_HNSCC_3_PBMC_CTAGCCTAGACCGGAT	308.9424027598008	172.71221906027932	0.0	0.0	136.9954175760645	0.0	0.0	0.0	0.0	0.0	0.0	0.0	209.48606174773337	0.0	0.0	139.6588429325686	0.0	0.0	77.81692986880124	0.0	193.16597403454708	0.0	0.0	0.0	0.0
GSM4138114_HNSCC_3_PBMC_GACGTTAGTACCATCA	425.8026541135381	85.01760957522536	292.10409015868447	158.94431624146506	0.0	0.0	0.0	0.0	222.34139711871737	0.0	0.0	0.0	176.5634789615363	204.82200407760217	97.14699414295218	16.816210599249736	0.0	75.03129674351655	0.0	0.0	0.0	0.0	0.0	0.0	0.0
GSM4138114_HNSCC_3_PBMC_GCGCAGTCAACTGGCC	371.6685256284124	0.0	0.0	220.07173232389923	0.0	0.0	0.0	0.0	0.0	140.74652756113585	0.0	0.0	410.80148422025223	0.0	0.0	0.0	69.76754056624759	0.0	0.0	0.0	0.0	324.6945516364479	0.0	0.0	0.0
GSM4138114_HNSCC_3_PBMC_GCTCTGTCACACTGCG	321.8523426428877	27.00086822205904	0.0	205.3496179229412	98.34867962305272	0.0	0.0	80.64811968045933	0.0	0.0	321.39861971801565	451.00422398321336	0.0	0.0	0.0	0.0	0.0	0.0	0.0	0.0	0.0	0.0	0.0	0.0	0.0
GSM4138114_HNSCC_3_PBMC_GCTGCAGTCCGGCACA	321.32260505415866	0.0	370.71308324652625	0.0	0.0	0.0	257.57039876691607	0.0	0.0	0.0	0.0	0.0	0.0	112.12662256888767	0.0	0.0	0.0	0.0	0.0	0.0	0.0	313.40133479513247	0.0	0.0	0.0
GSM4138114_HNSCC_3_PBMC_GTAGTCACACAAGCCC	220.74030535543872	0.0	0.0	153.99576689657513	185.83941792927374	333.1935057008975	0.0	0.0	0.0	0.0	0.0	273.2264882618117	0.0	0.0	0.0	0.0	0.0	0.0	0.0	0.0	0.0	0.0	0.0	0.0	0.0
GSM4138114_HNSCC_3_PBMC_GTCAAGTAGGCGTACA	164.5018384772347	63.10935051542833	0.0	0.0	0.0	134.77364715213747	0.0	0.0	19.896133621249064	0.0	0.0	0.0	0.0	72.99409033410987	60.906693186867386	0.0	0.0	0.0	0.0	0.0	0.0	0.0	0.0	0.0	0.0
GSM4138114_HNSCC_3_PBMC_TACGGATAGATCGATA	303.7998971511745	0.0	86.96359299153065	197.69304860077017	181.3894017075418	0.0	0.0	0.0	0.0	0.0	56.543230745117334	0.0	209.18681264517886	0.0	0.0	0.0	284.547464567907	0.0	0.0	0.0	0.0	0.0	0.0	0.0	0.0
GSM4138114_HNSCC_3_PBMC_TCAACGATCTGGGCCA	458.70143476605034	157.9887309086268	378.6122407019598	77.61769724048584	160.55429439330402	0.0	0.0	0.0	34.25099173053903	0.0	0.0	219.26834980064567	0.0	0.0	0.0	0.0	0.0	0.0	0.0	144.24674563310757	0.0	0.0	0.0	0.0	0.0
GSM4138114_HNSCC_3_PBMC_TGGGCGTGTTAGTGGG	361.2048921694206	126.28008189907789	322.1080915422728	84.32255044322305	0.0	0.0	0.0	0.0	331.9645681037962	0.0	0.0	0.0	0.0	129.4050283173738	0.0	0.0	0.0	0.0	0.0	0.0	0.0	0.0	0.0	0.0	0.0
GSM4138114_HNSCC_3_PBMC_TTGGAACCAGTCACTA	365.978493507568	116.93757046295524	337.8979388769893	58.30114526062855	29.33401636220506	0.0	0.0	144.3836001312672	0.0	0.0	0.0	180.4069106715405	0.0	0.0	0.0	12.9510274823159	86.96348107396294	0.0	0.0	0.0	0.0	0.0	0.0	0.0	0.0
GSM4138114_HNSCC_3_PBMC_ACTGTCCCAGCGATCC	185.33152375568062	112.70553710835517	0.0	0.0	0.0	0.0	0.0	0.0	0.0	0.0	0.0	0.0	3.222095679323096	139.66949610744865	0.0	375.3214964439942	0.0	0.0	0.0	0.0	249.48954857010904	0.0	0.0	0.0	0.0
GSM4138114_HNSCC_3_PBMC_AGATTGCGTCATACTG	127.47636401293731	0.0	0.0	97.45197759376182	0.0	245.16734337552612	23.2059634273562	54.50696097306733	0.0	0.0	0.0	168.3728237411915	0.0	0.0	0.0	0.0	0.0	0.0	0.0	0.0	0.0	0.0	0.0	0.0	0.0
GSM4138114_HNSCC_3_PBMC_CACACAAGTGAACCTT	271.3683000425494	0.0	0.0	0.0	0.0	0.0	116.22742487357536	140.26054403623476	60.11735763148042	0.0	194.51161350106585	0.0	0.0	0.0	31.30804812496938	0.0	0.0	0.0	0.0	65.19267650155453	0.0	0.0	4.4239480120140415	0.0	0.0
GSM4138114_HNSCC_3_PBMC_GCGCAACCATCTGGTA	171.25058419876433	95.04495194531167	0.0	0.0	0.0	0.0	0.0	0.0	0.0	0.0	0.0	0.0	137.24163357405143	155.28417159141955	0.0	98.51372243599725	0.0	0.0	0.0	0.0	0.0	0.0	0.0	158.07486531169644	0.0
GSM4138114_HNSCC_3_PBMC_TACGGATGTCTCATCC	260.7893501314908	31.817778741204137	62.16254527613364	0.0	0.0	0.0	94.12711889110547	110.9102124296221	0.0	0.0	0.0	0.0	63.62690048238753	0.0	0.0	33.778912059389135	0.0	0.0	0.0	0.0	0.0	0.0	0.0	217.67394737752736	0.0
GSM4138114_HNSCC_3_PBMC_TAGAGCTTCGGAATCT	194.34645272840083	0.0	0.0	114.5672996276509	0.0	0.0	0.0	118.6821756323053	38.98672985585485	0.0	0.0	171.18529748108597	0.0	0.0	0.0	148.31891138260457	0.0	0.0	0.0	0.0	0.0	0.0	0.0	0.0	0.0
GSM4138114_HNSCC_3_PBMC_TTGGAACGTACACCGC	223.69396600599228	61.68692802109959	0.0	0.0	0.0	0.0	49.701960115481285	0.0	226.76052058149162	0.0	0.0	0.0	151.1089072519403	173.39291125428448	0.0	156.25247982596	0.0	0.0	0.0	0.0	0.0	0.0	0.0	0.0	0.0
GSM4138114_HNSCC_3_PBMC_GCAGCCACACCACGTG	101.61492933828194	81.33925797697394	106.94053035995476	0.0	71.38179773141233	24.292715834975706	30.544563521496993	0.0	104.56158754459287	0.0	0.0	0.0	0.0	0.0	0.0	0.0	0.0	0.0	0.0	0.0	0.0	0.0	0.0	0.0	0.0
GSM4138114_HNSCC_3_PBMC_TAGTTGGTCGAGAGCA	130.71472768622283	0.0	132.0757195542927	0.0	0.0	0.0	144.86049218344394	0.0	0.0	0.0	0.0	0.0	0.0	80.43416010630767	0.0	0.0	32.61926186998385	0.0	39.39891638555809	0.0	0.0	0.0	0.0	0.0	0.0
GSM4138114_HNSCC_3_PBMC_GGACAAGGTTACGACT	96.030766943665	0.0	131.53510606789723	162.2471845547067	0.0	0.0	0.0	0.0	82.66514034039902	0.0	0.0	0.0	0.0	121.42626797766486	0.0	0.0	0.0	0.0	0.0	0.0	0.0	0.0	0.0	0.0	0.0
GSM4138114_HNSCC_3_PBMC_AGCTTGACATAACCTG	0.0	0.0	0.0	0.0	0.0	0.0	0.0	0.0	0.0	0.0	0.0	565.5281866357395	0.0	0.0	0.0	0.0	34.55664299574349	3811.6489444152317	0.0	0.0	0.0	0.0	0.0	0.0	0.0
