	1	2	3	4	5	6	7	8
GSM4138114_HNSCC_3_PBMC_AAACGGGTCTAGAGTC	318.5793364143705	182.31896657261854	12.430319865309418	53.58224722378553	17.00355356380017	0.0	0.0	25.51451358391066
GSM4138114_HNSCC_3_PBMC_AAAGATGCACTACAGT	216.24671344766546	197.7443125302773	53.10619534876618	13.860809004911093	42.36214217646348	0.0	0.7397691825400433	22.087487626177996
GSM4138114_HNSCC_3_PBMC_AAATGCCTCTCCAGGG	379.8860513006653	221.30871689804002	93.39723147640969	32.37213653873626	47.209220974061196	0.0	48.83210060080785	0.0
GSM4138114_HNSCC_3_PBMC_AACACGTAGAGTGAGA	274.07151038226834	283.9889274823239	98.70675043260326	0.0	38.493914216419455	0.0	25.763009728015852	0.0
GSM4138114_HNSCC_3_PBMC_AAGGCAGGTTTAAGCC	248.16737318958386	328.32321397543416	25.146537431284706	12.001302081201208	0.0	20.140006246402052	4.083172342315729	0.0
GSM4138114_HNSCC_3_PBMC_ACACCAAGTATAAACG	240.47849567376636	248.89384648925244	80.0905615909377	2.5946088892774326	0.0	0.0	6.693191747020406	24.6326966708062
GSM4138114_HNSCC_3_PBMC_ACATACGTCCACTCCA	124.23343139571998	159.16626995409402	94.92902463849289	13.403343241370134	7.0689876136854215	0.0	0.0	27.883804464503356
GSM4138114_HNSCC_3_PBMC_ACTATCTAGGAGTTTA	261.0211762281717	205.60212182950625	167.3906638160997	69.05970848062279	141.36119936061635	0.0	0.0	0.0
GSM4138114_HNSCC_3_PBMC_ACTGAACTCACCTTAT	275.3457671167569	307.399406171002	34.036546533966806	14.820005727146524	0.0	50.260826815621	7.435762319390256	0.0
GSM4138114_HNSCC_3_PBMC_ACTTTCACAGCTGTTA	220.45475193119123	192.29726831167721	48.700907086325955	35.3925780137132	12.15725806636266	45.77434492550217	0.0	0.0
GSM4138114_HNSCC_3_PBMC_AGCTCTCAGGTGATAT	338.43413991616177	174.36307344503373	9.820509820902881	15.02856948151677	22.96262768102462	50.721354278049986	36.4144994542317	0.0
GSM4138114_HNSCC_3_PBMC_AGCTCTCCAGCCTGTG	216.68272203354664	208.46915249094195	0.0	7.143163373481553	0.0	47.651541515950576	0.0	0.0
GSM4138114_HNSCC_3_PBMC_AGTCTTTCAAAGGTGC	99.80440492882329	272.2940438380427	136.28889677715057	42.512909408648	74.26615698960558	0.0	0.0	0.0
GSM4138114_HNSCC_3_PBMC_AGTGAGGGTCAGCTAT	231.07770644257482	192.61834922220945	155.56607168582187	82.70909749706291	0.0	25.312227309095682	0.0	0.0
GSM4138114_HNSCC_3_PBMC_AGTGGGATCACCACCT	350.23502462374154	271.1792655223281	29.566003290772638	19.60592784067914	19.08927243179078	32.228971568038055	5.322185128730444	0.0
GSM4138114_HNSCC_3_PBMC_ATCCACCTCCCTCAGT	226.86861918524065	71.62431795397656	39.21217373116191	28.855248307705494	9.704698637535545	33.24045302719277	8.874020434212627	0.0
GSM4138114_HNSCC_3_PBMC_ATCGAGTGTCTAAACC	339.1094110443594	327.15287297208397	215.19794053829588	104.83806612474832	240.47467969076936	0.0	9.070429166313316	0.0
GSM4138114_HNSCC_3_PBMC_ATCTACTGTGACGCCT	272.60708288237106	187.15383160719813	28.88968489139527	26.690401634458595	32.74223313760371	0.0	13.127399767750674	48.49467474093323
GSM4138114_HNSCC_3_PBMC_CAAGAAAGTGCTTCTC	191.5053392977791	180.66428861355135	36.23257676080398	31.047178048447325	0.0	36.561901630359095	0.0	23.25830534997503
GSM4138114_HNSCC_3_PBMC_CAAGGCCGTTCCCGAG	280.21964415526236	156.32637461729223	40.36110567227307	34.35394233992295	0.0	51.14245199310479	16.086383989418902	0.0
GSM4138114_HNSCC_3_PBMC_CAAGTTGTCAAGAAGT	289.41398380494917	138.0514093935673	10.876269995011386	28.488420027924796	23.865348399827937	0.0	54.16895246147506	8.734234646370727
GSM4138114_HNSCC_3_PBMC_CACAAACCAGCTGGCT	224.70430551488502	135.275806828353	0.0	20.01887451019336	51.707780741203266	25.17794558127127	32.75466668093911	0.0
GSM4138114_HNSCC_3_PBMC_CACACAAAGAACAACT	297.4647747682607	169.17075755435874	21.45043299850897	26.267097657412933	113.0916895311838	23.14929785002694	21.478283876811002	0.723503860450542
GSM4138114_HNSCC_3_PBMC_CACATAGTCCGCAAGC	267.56401948359473	135.5087829568792	86.81762058672291	25.52028280067364	0.0	57.1859356403817	39.909930134897856	38.23301646140213
GSM4138114_HNSCC_3_PBMC_CACCACTAGCAATATG	195.9700359142376	120.12936084873552	8.647351455067636	8.879175227940596	122.08567230674817	0.0	5.8392044853992005	0.0
GSM4138114_HNSCC_3_PBMC_CATATTCAGTCCCACG	222.03811601691262	116.96496391879116	56.151141341881264	0.0	76.54017797520714	0.0	0.0	1.4281437110499962
GSM4138114_HNSCC_3_PBMC_CATCAAGGTCGTCTTC	302.1893033052858	68.16497237830296	17.971311054482875	50.71304507273527	0.0	116.31713377499077	0.0	0.0
GSM4138114_HNSCC_3_PBMC_CATCAGACATACTACG	554.9181771248581	352.75681399467896	272.89493378946827	110.58508660838967	233.02532474918522	0.0	57.99595865272826	0.0
GSM4138114_HNSCC_3_PBMC_CATCGGGTCTTCTGGC	263.22131002163627	180.58040237520106	49.175366534830516	20.31268463496469	0.0	44.99557229082865	0.0	13.537646283838615
GSM4138114_HNSCC_3_PBMC_CCACGGATCAGAGGTG	411.2897755547356	258.88624425850566	0.0	45.090088121532936	89.42426845054985	0.0	51.79563263178329	0.0
GSM4138114_HNSCC_3_PBMC_CCTACACTCGACAGCC	222.2568776321196	104.904276375445	1.280948783229336	8.731338308036408	32.34423253250945	0.0	26.3485556836053	0.0
GSM4138114_HNSCC_3_PBMC_CCTTCCCGTAGCGTCC	196.58825080556164	126.31322201174181	43.735348623458464	24.42754744336327	0.0	37.0456281703887	11.211958940877363	3.481741472678599
GSM4138114_HNSCC_3_PBMC_CCTTCCCTCACATACG	246.76625897424512	270.17452876666766	24.22028936473334	16.3331474437513	21.77310721624736	0.0	13.705176548174043	0.0
GSM4138114_HNSCC_3_PBMC_CGAGCCAAGCGCTTAT	246.47138220320278	161.3586270722814	52.56603252100859	27.879741128585426	62.66918828644711	36.79927687702771	0.0	0.0
GSM4138114_HNSCC_3_PBMC_CGAGCCAGTCAAAGAT	310.89319880508344	362.69570164685376	543.4161983970491	31.82868167284687	188.3506330988673	0.0	0.0	0.0
GSM4138114_HNSCC_3_PBMC_CGCGGTATCATCACCC	364.19098854691055	293.8670989625621	60.956732135414896	40.66765721474404	51.205042683676325	0.0	35.26587815802864	0.0
GSM4138114_HNSCC_3_PBMC_CGCGTTTTCCCAAGTA	105.71644432023184	228.81300698731224	129.57480658611678	0.0	22.92984405748875	0.0	0.0	0.0
GSM4138114_HNSCC_3_PBMC_CGCTGGAGTAGCCTAT	368.59033815447583	118.98592919211902	42.009060480597505	48.59433391106017	66.21907773813318	24.881604790435183	63.51086109432829	0.0
GSM4138114_HNSCC_3_PBMC_CGGACGTGTAGATTAG	422.65824023952257	380.66040482725185	3.5000318529204355	27.25303468272652	28.006804307676337	0.0	18.796217237393076	0.0
GSM4138114_HNSCC_3_PBMC_CGTCCATAGATGTGTA	195.93016873506167	130.84344478042928	64.04234979309818	36.118610862009824	70.8125366105443	0.0	0.0	0.0
GSM4138114_HNSCC_3_PBMC_CGTCTACGTACCGAGA	226.8157375729281	279.7436335219904	64.1534818009243	16.25375530485621	0.0	32.31604737330596	68.9133172432524	0.0
GSM4138114_HNSCC_3_PBMC_CGTTCTGCACGTCTCT	318.642767544949	171.5999196362267	50.35310206229015	9.234306289300552	14.547941196959075	0.0	16.757571897062295	0.0
GSM4138114_HNSCC_3_PBMC_CTAGAGTCAAGCCATT	214.92747918038168	182.3206435308372	23.508614203069296	0.0	0.0	60.101081824987915	0.0	62.67678613103571
GSM4138114_HNSCC_3_PBMC_CTCAGAAGTCAGTGGA	239.09157575347052	90.23523982791258	35.39599520233719	29.691424377519983	0.0	52.820931826324774	47.019447877248766	0.0
GSM4138114_HNSCC_3_PBMC_CTCATTACATCGGTTA	319.6900633452792	153.4063073787494	9.556293021707704	23.49340556607934	21.048762739540397	13.3042331713291	0.0	19.08596829837517
GSM4138114_HNSCC_3_PBMC_CTCATTATCGGAGCAA	197.11222088856903	174.6639275003071	93.79427731668355	4.890721139859159	6.685276927047292	10.939880423760762	0.0	42.41143828628219
GSM4138114_HNSCC_3_PBMC_CTGCTGTAGGACGAAA	211.54084671615095	153.55438361041098	19.766319382191526	15.880441751710762	92.80960283873307	23.726122794474353	64.30089928309359	0.0
GSM4138114_HNSCC_3_PBMC_CTGTTTAGTAAGTGTA	241.91823230659122	272.6484521905187	29.33027083554616	0.0	21.066498554618764	6.118919051099913	8.955545201288938	0.0
GSM4138114_HNSCC_3_PBMC_GAAATGACAGCTTAAC	272.2865159739035	72.2232373313501	27.291376905510067	26.347343876466134	81.77754143693944	0.0	5.623427059032625	0.0
GSM4138114_HNSCC_3_PBMC_GACCTGGGTTAAAGTG	218.92261882613957	94.0398370969082	5.586989982437829	13.407409854214123	41.96482425618369	0.0	47.48229857688025	0.0
GSM4138114_HNSCC_3_PBMC_GATCAGTTCATCTGCC	289.5478463118234	185.04924025231372	5.824369772937405	69.61779518269158	34.72995649600162	6.003383639596813	30.38676577151257	0.0
GSM4138114_HNSCC_3_PBMC_GATCGATTCGCCAAAT	268.48115053901705	332.1522840303847	69.86960015460532	13.927906800604127	0.0	34.628708162035004	0.0	7.800164349377983
GSM4138114_HNSCC_3_PBMC_GATCGTACATGCCCGA	198.08091224967765	261.81826186222844	21.97255043151828	20.386513893573454	0.0	28.17372631136048	0.0	4.743445333520949
GSM4138114_HNSCC_3_PBMC_GATCTAGGTCTTGATG	302.83202505027714	219.86393622102605	12.749992252377444	11.674889445959566	4.333999771324216	18.26967468997044	32.42676126021887	0.0
GSM4138114_HNSCC_3_PBMC_GCAAACTCAAACAACA	274.2905167744517	243.2492471021189	65.1364346560829	27.759009684658473	0.0	21.929460825702566	0.0	27.601338820966497
GSM4138114_HNSCC_3_PBMC_GCAAACTGTTCTGTTT	211.03312365181432	215.46311820895176	46.676237484108235	0.0	0.0	58.34357387755957	30.74398665502576	0.3234077379606552
GSM4138114_HNSCC_3_PBMC_GCACATATCAGGCGAA	417.54773568611154	305.9484415748162	73.66759672144069	32.99190090791064	107.08657438620234	0.0	12.56757655361284	0.0
GSM4138114_HNSCC_3_PBMC_GCATGATCAGCTGTGC	274.5969790056696	80.63584183491577	10.493834434268193	11.662582424263524	0.0	0.0	69.67437813919332	0.0
GSM4138114_HNSCC_3_PBMC_GCGACCACAGGGTACA	238.14595684055175	143.6130157804707	17.55294361683184	0.0	73.78700701335553	0.0	36.28686344948758	1.4931394795200064
GSM4138114_HNSCC_3_PBMC_GCGCAACTCGTTGCCT	176.52295808025806	177.61357543798522	0.0	24.23369512825718	0.0	8.912347639118481	16.75489919083754	26.556650626023295
GSM4138114_HNSCC_3_PBMC_GCGCCAACAAGGCTCC	217.1670559557134	261.5617491887347	96.24690966279279	14.528155917138143	47.846618128020275	0.0	0.0	15.812548396308772
GSM4138114_HNSCC_3_PBMC_GCTCTGTAGTGTCTCA	218.50089172167728	254.73213211473526	109.79583539895707	26.0207346074181	0.0	39.878906511463235	0.0	0.0
GSM4138114_HNSCC_3_PBMC_GCTGCTTAGATAGTCA	313.8440517615329	257.984345824488	9.087389148651154	18.72885101306045	73.28706276444716	0.0	13.139768154251154	0.0
GSM4138114_HNSCC_3_PBMC_GGATGTTAGCTACCTA	379.5785606325613	343.20355160747914	64.70049555892707	42.57667270066506	12.693209158160066	11.100325178867644	0.0	19.262630775659314
GSM4138114_HNSCC_3_PBMC_GGCCGATAGCACCGTC	351.9982243464596	234.08039601842378	57.99067831212279	38.3509955348529	0.0	7.868664492657856	54.62438161130173	0.0
GSM4138114_HNSCC_3_PBMC_GGCGTGTGTCCCTTGT	343.9828170870193	213.88137042575622	8.050401737158566	37.46206337312982	0.0	45.60519692307891	0.0	0.0
GSM4138114_HNSCC_3_PBMC_GGGCACTTCAGCTCTC	247.18727433180237	207.0595931550646	84.5214056687857	2.1803818702799282	13.121495039648204	38.42607263508261	7.45110918963749	0.0
GSM4138114_HNSCC_3_PBMC_GTAGGCCTCAAAGTAG	219.31351567874853	164.52329275947713	63.200908480264026	8.48227965623812	0.0	50.822931518773146	11.359540754096011	14.944743844352248
GSM4138114_HNSCC_3_PBMC_GTATCTTAGCTAAACA	222.6648375941083	103.67712137611053	61.391607040039	9.92345584886292	53.049090004152625	0.0	55.24407071527217	0.0
GSM4138114_HNSCC_3_PBMC_GTCTCGTCATCTCCCA	305.10040824616294	169.18144330484614	0.0	31.91879825757443	52.05318995552155	0.0	29.987497679316533	0.0
GSM4138114_HNSCC_3_PBMC_GTGTGCGGTTCGCTAA	300.8612888694016	138.21733144744215	46.50769487904647	27.800403470228996	38.4470080503859	0.0	41.9735564564944	0.0
GSM4138114_HNSCC_3_PBMC_GTTACAGAGAGCTGCA	172.28716364686892	371.14101726052235	26.618543241008954	0.0	15.08919201685423	0.0	0.0	0.0
GSM4138114_HNSCC_3_PBMC_GTTCATTAGCTACCTA	236.90954847705714	118.42167143508792	95.65044756646748	31.894766942959922	31.27509190535794	6.444212373535525	45.90923502747903	0.0
GSM4138114_HNSCC_3_PBMC_TAAGTGCAGTTCGCAT	208.53769549338372	159.39502896367352	64.24441468112886	11.049342012074456	0.0	0.0	43.615740629292816	0.0
GSM4138114_HNSCC_3_PBMC_TACTTGTCAAGCGAGT	236.85340352585055	172.74703456808086	16.126552734457107	8.558368717256737	39.368564835206975	0.0	7.895140303622323	0.0
GSM4138114_HNSCC_3_PBMC_TAGACCATCCGGGTGT	276.44206096998886	172.4660282267837	0.0	6.441739549302403	0.0	57.847564329836146	33.461130749703706	0.0
GSM4138114_HNSCC_3_PBMC_TAGGCATAGCCACGCT	425.70993260575506	625.205632156385	317.81773939116874	102.22583860260791	293.25569708369	0.0	29.15553405371669	43.23131609017998
GSM4138114_HNSCC_3_PBMC_TATTACCAGTGACTCT	278.42039946666915	180.52255161943043	3.979770947351828	34.14012927958196	0.0	58.69147609063906	20.936377797841796	0.0
GSM4138114_HNSCC_3_PBMC_TCAACGACAGACACTT	233.68939648024244	169.58423589745917	77.66644830205965	11.228605816785969	26.95506709750795	0.0	10.917705850602317	20.019821142629745
GSM4138114_HNSCC_3_PBMC_TCAGGATTCCGTTGTC	193.75838937806492	162.50368058500044	29.01121426698414	18.819410128885746	0.0	0.0	21.895952955082354	43.09127750597691
GSM4138114_HNSCC_3_PBMC_TCATTTGGTTCCCGAG	234.74747440297637	164.2296254749433	36.47345605872496	0.0	0.0	30.719342003651356	0.0	0.0
GSM4138114_HNSCC_3_PBMC_TCGAGGCGTACTCTCC	206.35204999642042	214.9327346172818	2.408901352356269	14.020288314162324	33.65994790373179	0.0	34.23362227579302	0.0
GSM4138114_HNSCC_3_PBMC_TCGCGAGTCTATCCTA	408.3809580993026	297.0534336659652	98.0251477569567	0.0	0.0	10.713991645479739	0.0	19.158537590655566
GSM4138114_HNSCC_3_PBMC_TCTGGAAGTGTAAGTA	280.7317529531399	166.01904603384398	14.762413597311106	14.527592765357422	21.11563439047662	8.264008499559425	26.03250453282984	0.0
GSM4138114_HNSCC_3_PBMC_TGACTAGTCTGAAAGA	255.07926116077564	214.4353520397675	0.0	0.0	38.85057562879152	2.080200004130909	6.695985428070424	0.0
GSM4138114_HNSCC_3_PBMC_TGACTTTCAATGGAAT	124.2822470660769	179.60827398922228	59.940312136147774	8.895514927879194	0.3930269197661444	18.18401726935305	0.0	0.0
GSM4138114_HNSCC_3_PBMC_TGAGAGGGTCCGAATT	256.4548379596224	255.9833285039591	89.78906651502554	10.967502716776384	59.300109766989515	0.0	29.979696036500247	0.0
GSM4138114_HNSCC_3_PBMC_TGAGCCGGTACAGCAG	345.33064725634597	234.3459610652216	12.772096107310967	15.81563672680851	0.0	108.6659032874721	0.0	0.0
GSM4138114_HNSCC_3_PBMC_TGAGGGAAGGGTGTGT	185.0406689743996	326.96065349638167	268.29740314963584	45.12619626727379	76.4485039072228	0.0	0.0	0.0
GSM4138114_HNSCC_3_PBMC_TGAGGGAGTAGCCTAT	234.23088734260668	172.42821891936276	25.81973032950454	37.753760776951864	34.907336827621144	12.80938397399783	0.0	0.0
GSM4138114_HNSCC_3_PBMC_TGCGCAGAGGTAGCTG	216.7861788752835	260.0879440263816	38.23371490347995	5.720137991558452	48.93392091601175	6.504544256620001	5.006327856926148	5.32571468387905
GSM4138114_HNSCC_3_PBMC_TGGACGCGTTCCACAA	369.19657941113877	506.0432631955765	347.16678487793274	150.0323290270574	198.31741362138595	0.0	0.0	61.21049624434165
GSM4138114_HNSCC_3_PBMC_TTCTACAGTCTAGTGT	224.59680596209589	193.68099584578525	50.88334035417681	4.866117976288264	21.20369027572285	0.0	0.0	0.0
GSM4138114_HNSCC_3_PBMC_TTCTACATCTGCGTAA	269.74105352391496	239.41826098949744	128.86689748885138	110.77026089225524	111.97267384185645	0.0	4.275625220928988	0.7286014325016722
GSM4138114_HNSCC_3_PBMC_TTCTCAAGTCAAGCGA	240.40621319735627	150.11449333821977	0.0	33.535318083081755	3.7287294892391554	61.62994426237816	0.0	0.0
GSM4138114_HNSCC_3_PBMC_TTCTCAAGTTATGTGC	241.3963400751669	273.1722852191548	101.5048448320095	13.588809675744358	0.0	0.0	0.0	0.0
GSM4138114_HNSCC_3_PBMC_TTCTTAGAGGCTCTTA	222.47728441063006	180.72493146585003	6.643029550571587	38.16712512478484	9.685587863567868	0.0	0.0	33.53482282021621
GSM4138114_HNSCC_3_PBMC_TTTCCTCTCCTTTCTC	245.31170575536385	97.93595309166523	33.46112449784355	15.937367442794791	0.0	9.042989721597197	12.031728361194197	1.489111545093522
GSM4138114_HNSCC_3_PBMC_TTTGTCACACGAAAGC	211.79552000193513	187.11075779503685	101.5965834433179	56.193911757335904	20.138826617656285	0.0	29.82382358035475	0.0
GSM4138114_HNSCC_3_PBMC_TGTGTTTTCCCATTAT	155.23965018533764	154.32431909369456	502.78961276660635	96.94925493829089	0.0	253.00648046656445	0.0	0.0
GSM4138114_HNSCC_3_PBMC_AACCATGAGCTAAACA	284.46759920832733	173.76036371672183	0.9656872595539205	46.4067996148459	45.36427593071256	0.0	31.88060574007235	1.5791644274073304
GSM4138114_HNSCC_3_PBMC_AACTTTCCAGCCTTTC	380.8768568426911	154.57788773344106	46.07705398432052	8.06878424678922	0.0	69.27695768118815	5.446177044997068	29.718515787565632
GSM4138114_HNSCC_3_PBMC_AAGGTTCGTAAATGAC	268.8748454929684	134.4662450903051	54.8572528353923	24.13964856628571	35.1407526215092	25.565171617735796	0.0	0.0
GSM4138114_HNSCC_3_PBMC_ACAGCCGCATCCCACT	426.2091818780146	297.63546546399823	39.10452128185584	32.361854640496794	62.77978686534036	0.0	0.0	12.654696488301896
GSM4138114_HNSCC_3_PBMC_ACATACGGTCACTGGC	404.7236396679911	295.092957586247	34.21688950184618	13.651964620420673	0.7407635209775039	32.21959604715166	52.499497864130674	0.0
GSM4138114_HNSCC_3_PBMC_ACCCACTCATGGTCAT	222.93981485228605	248.2200454457912	50.09896738920449	19.484091691312315	0.0	40.8085180316801	17.37430246595895	0.0
GSM4138114_HNSCC_3_PBMC_ACGATGTGTACCATCA	367.27043177089365	291.7030643165776	38.02312126647643	57.12927972004407	61.76268179768505	0.0	7.85969697065587	39.660000425723936
GSM4138114_HNSCC_3_PBMC_ACGCCAGCACACTGCG	340.4484015221225	389.68079637294204	3.4714353336264363	16.98897861289617	29.212933529285362	42.10055233605785	23.088181271081513	0.0
GSM4138114_HNSCC_3_PBMC_ACGGGTCGTTACGACT	304.06835737987194	141.75784823163528	6.216061862185416	13.005144861191242	0.0	31.115414216891875	0.0	0.0
GSM4138114_HNSCC_3_PBMC_ACGGGTCTCTGCCCTA	216.95529980937295	244.0412061786498	10.746081543514155	15.168249334821454	0.0	0.0	0.0	0.0
GSM4138114_HNSCC_3_PBMC_ACTTACTGTCATGCAT	225.77916219736747	94.5855395398162	59.41955129839418	16.21918970487675	69.3578981497433	0.0	35.64021990993148	0.0
GSM4138114_HNSCC_3_PBMC_ACTTGTTAGAGTAAGG	268.6530187874978	90.70384762140394	66.95320568504553	33.36152473282742	60.71913180395231	0.0	0.0	0.0
GSM4138114_HNSCC_3_PBMC_AGCGTCGCAACTGCGC	211.0379825789853	191.23072938244007	77.57215760012637	21.204976593083344	0.0	27.39228279209155	50.36343911020774	0.0
GSM4138114_HNSCC_3_PBMC_AGCTTGAAGGAGCGTT	308.8830575823057	115.3570187125237	28.914614606612314	9.431627713409155	0.0	61.19709564458369	0.0	0.0
GSM4138114_HNSCC_3_PBMC_AGGGATGCATCCGCGA	280.75901544448715	166.3116630021076	35.23851584724541	30.114545662372	84.24441140242206	0.0	15.874857236918293	0.0
GSM4138114_HNSCC_3_PBMC_AGGTCATAGTTGCAGG	430.3932898685148	244.15724752121002	1.019144029096348	76.81962993508861	13.346998798440968	0.0	64.85583314161703	0.0
GSM4138114_HNSCC_3_PBMC_AGGTCCGTCAGCTGGC	145.7130754101171	178.44756505086724	57.04979328531568	0.0	36.558238246134394	0.0	0.0	0.0
GSM4138114_HNSCC_3_PBMC_AGTGGGATCGATAGAA	318.27121433188097	255.2102029704615	3.915511246049957	6.732913739175693	64.86091619415066	0.0	52.33906773605041	0.0
GSM4138114_HNSCC_3_PBMC_AGTGTCAAGTGTACTC	285.9525600415361	257.4219083455785	0.0	0.0	0.0	45.239332311983276	0.0	10.445713674987735
GSM4138114_HNSCC_3_PBMC_ATAGACCAGTGACATA	347.01826735755765	446.39808410714284	81.49635282245204	40.248897541956254	19.94143666420198	0.0	0.0	0.0
GSM4138114_HNSCC_3_PBMC_ATCACGAGTAAGTTCC	257.35853874621284	152.20624133523535	32.448388395149586	36.66769832081627	45.57874228179953	0.0	0.0	0.0
GSM4138114_HNSCC_3_PBMC_ATGGGAGTCACGCGGT	422.7818375880449	415.3779533286306	37.17497819444878	5.320259932623867	53.0773813525173	0.0	0.0	0.0
GSM4138114_HNSCC_3_PBMC_ATTGGACTCTCTTATG	151.52630028922377	162.90513826660973	5.4278935618867985	12.654351022758414	3.361551381049161	0.0	8.579553648909869	0.9813817798670309
GSM4138114_HNSCC_3_PBMC_CAACCTCGTACATCCA	289.9929728412347	157.18484420423223	57.26305497529965	0.0	58.70288481541013	0.0	7.646037775693236	53.48705373418858
GSM4138114_HNSCC_3_PBMC_CAACTAGCACAACGCC	254.821246563212	236.4642944958553	53.148952844501416	9.188750522788766	25.31910213939838	2.842980562064525	0.0	0.0
GSM4138114_HNSCC_3_PBMC_CAAGAAATCTATGTGG	354.05630487092026	97.5885385650529	21.572973491001814	14.272280331580019	0.0	39.1788832476046	1.8500576952428989	13.366934684110943
GSM4138114_HNSCC_3_PBMC_CAAGATCCACCAGATT	230.29307521719784	197.38613387269126	38.70944545322166	20.341634093050857	38.686496188941106	0.0	40.4319616061746	0.0
GSM4138114_HNSCC_3_PBMC_CAGTAACAGCAACGGT	187.3784244536023	241.06724963076584	70.42496274248336	0.0	19.302970274119087	0.0	0.0	0.0
GSM4138114_HNSCC_3_PBMC_CATATGGCAAGTAGTA	407.87565781563796	306.29544289421534	24.956955816798907	46.67561319556593	63.08677270385667	0.0	0.0	1.324421938827366
GSM4138114_HNSCC_3_PBMC_CATATGGGTACGAAAT	257.5550834835093	134.85062447179513	84.74165546812642	47.13400718341892	0.0	0.0	0.0	32.7489304142611
GSM4138114_HNSCC_3_PBMC_CATCCACTCGCATGGC	293.075618291439	372.9988086582362	54.02141439760812	58.08454846636503	40.92728864658429	0.0	5.796357770473536	0.0
GSM4138114_HNSCC_3_PBMC_CCAGCGATCACAATGC	314.0597349868379	268.7004894997956	19.382664382732756	47.76564698708584	19.2384087699173	23.117557958193128	24.952124202191527	0.0
GSM4138114_HNSCC_3_PBMC_CCCATACGTTTGGGCC	343.7957986321343	353.8440794876562	86.03065019168169	9.491301060303433	21.366604187538044	20.23454148981526	0.0	0.0
GSM4138114_HNSCC_3_PBMC_CCGGGATTCAGCTCGG	241.15544118529857	212.53906936172305	37.35913337609984	20.887789063451873	0.0	7.649918071245307	11.732263720884909	0.0
GSM4138114_HNSCC_3_PBMC_CCGGTAGAGGACAGAA	492.6159449960339	816.7869526616297	48.24868340814959	8.11033104516024	54.52446505322432	0.0	9.509664476215454	0.0
GSM4138114_HNSCC_3_PBMC_CCGGTAGCAGCATGAG	355.5579529770342	194.7348020518921	0.0	7.796481771968132	0.0	31.913514678926173	13.247734580622335	0.0
GSM4138114_HNSCC_3_PBMC_CCGTACTCATCGATGT	288.7753598125835	126.90818400450647	5.045867752656221	40.66364418851221	74.09672172472567	0.0	0.0	3.3886461906574463
GSM4138114_HNSCC_3_PBMC_CCTATTAGTCCAAGTT	148.99867582938282	170.750638081329	48.363569250859236	38.152811029957284	17.369257028553925	0.0	10.826701499728934	0.0
GSM4138114_HNSCC_3_PBMC_CCTTCGAGTGGCTCCA	309.1408423118148	244.45179965854683	20.560968537405746	38.1578621652441	0.0	0.0	0.0	0.0
GSM4138114_HNSCC_3_PBMC_CCTTTCTCAAAGGCGT	294.0930641215822	349.706603298005	105.4817105386565	5.095306563354301	0.0	19.479019354932145	0.0	0.0
GSM4138114_HNSCC_3_PBMC_CGAGAAGAGTGCGTGA	190.89848159421447	192.3544934019695	21.228844223348204	33.58839444630276	32.84297574155739	0.0	20.18205582436028	0.0
GSM4138114_HNSCC_3_PBMC_CGATGTAAGGACTGGT	282.2870877028615	197.21974405415364	32.212054871665146	49.33194476673768	0.0	19.104792089601684	56.42862132953579	0.0
GSM4138114_HNSCC_3_PBMC_CGGACACGTGACCAAG	376.26907079967845	291.50148209394627	4.347141782530723	13.428660455314123	0.0	37.51219906577271	9.075501553278526	0.0
GSM4138114_HNSCC_3_PBMC_CGGACTGGTTCTGTTT	297.6209599617281	138.68535892772806	5.310611732225487	19.07835606629198	45.08830092736637	0.0	25.514524246970268	0.0
GSM4138114_HNSCC_3_PBMC_CGGGTCACATCTATGG	241.04888546189179	122.37321199838904	0.0	17.634770037342548	0.0	15.566366390738379	14.944507951981869	13.345508034964993
GSM4138114_HNSCC_3_PBMC_CGTGTCTTCATGCTCC	273.97887566415943	314.6855749172712	22.763035110736737	0.0	39.21497965064654	0.0	53.65131421156676	0.0
GSM4138114_HNSCC_3_PBMC_CTAACTTGTGGCAAAC	350.7121625591315	239.5515944969196	10.932692585715662	0.0	39.22496147548664	81.17446050062655	7.623505482079954	11.148580925391732
GSM4138114_HNSCC_3_PBMC_CTAACTTTCAGCTGGC	259.3602952971896	188.92537736525574	146.13657577453935	70.37084016791451	0.0	35.87609863915736	45.19600806277766	0.0
GSM4138114_HNSCC_3_PBMC_CTCGAAACAAGGACAC	383.8971293614127	392.60859976648663	31.109477268031153	0.6446853835693348	44.772789068595884	0.0	36.637566488386234	0.0
GSM4138114_HNSCC_3_PBMC_CTCTACGAGTGCGTGA	276.4542646083993	186.25148616958273	21.047930063329826	19.946299686371834	0.0	0.0	3.5757049698836902	0.0
GSM4138114_HNSCC_3_PBMC_CTGAAGTAGAAACCGC	214.63686000327957	203.87770383744157	21.453342533339637	7.636535394459883	25.336566762495778	0.0	60.822954536200754	0.0
GSM4138114_HNSCC_3_PBMC_CTGAAGTCACTAAGTC	321.61132077401163	258.1214383553992	0.0	45.71781661501213	40.155581908259805	0.0	0.0	0.0
GSM4138114_HNSCC_3_PBMC_CTGTTTACACAACGTT	254.10124877422177	145.7920443959143	59.72180448897081	29.27666747271356	0.0	0.0	5.592069632796288	0.0
GSM4138114_HNSCC_3_PBMC_GAACGGATCAGGTTCA	200.82416218919712	229.47331271449661	7.9965991373330025	47.8657568517314	0.0	70.52671276195399	0.0	4.547848318104739
GSM4138114_HNSCC_3_PBMC_GACCTGGCAAGACACG	328.903235001253	196.92276379300472	67.90399709885381	42.1298380692418	42.86825991440451	73.82053424342809	18.236532885336338	0.0
GSM4138114_HNSCC_3_PBMC_GACGCGTAGTTAGGTA	289.3768872154623	179.3131118272024	0.0	12.702371205092371	105.42862647832794	0.0	25.568827510236336	0.0
GSM4138114_HNSCC_3_PBMC_GACTACAAGCGTTCCG	419.07366342311593	404.39925257606893	81.77007528582752	39.14186067475262	26.964907107842738	21.729206256158818	66.05072875406213	0.0
GSM4138114_HNSCC_3_PBMC_GCACATAGTTGTCGCG	371.5197045845478	151.10120362629672	23.28851457584314	27.321353296085352	81.04162940633967	0.0	47.55738183844615	0.0
GSM4138114_HNSCC_3_PBMC_GCATACAGTCAGATAA	225.70150250584848	67.64769099183015	37.63334652164704	0.0	125.48993648965084	0.0	51.7725281713041	0.0
GSM4138114_HNSCC_3_PBMC_GCATGTAGTATGAAAC	146.83195760937264	138.01856318145423	65.39707540826069	5.838705697889854	44.42151757664291	0.0	23.380043569017623	0.0
GSM4138114_HNSCC_3_PBMC_GCCAAATGTCCTAGCG	185.65601840085566	176.77806662161015	73.12024468653199	43.0405805626295	0.0	17.833840011031146	49.37677984790415	0.0
GSM4138114_HNSCC_3_PBMC_GCGCAGTAGTTGTAGA	279.451896982159	326.633447848897	24.66132100931117	5.340643612847793	0.0	0.0	41.162906710512274	0.0
GSM4138114_HNSCC_3_PBMC_GGAAAGCCATGGTTGT	308.0212314748501	273.8153020691537	0.0	0.0	5.298302467333798	13.0885625632533	8.18883685950233	0.0
GSM4138114_HNSCC_3_PBMC_GGAAAGCTCACAACGT	315.3159099568883	213.02890497009594	12.560137306854081	42.35602273030264	119.7946580576566	0.0	0.0	0.0
GSM4138114_HNSCC_3_PBMC_GGACAAGTCGCCGTGA	453.92369133692216	467.2140980050412	57.152321800361165	36.800989512628355	87.00989271225001	0.0	27.969981920919267	0.0
GSM4138114_HNSCC_3_PBMC_GGACGTCTCGACGGAA	252.85721824056478	238.367989701885	62.1339441304183	6.781357743619618	0.0	37.241406349286734	0.0	0.0
GSM4138114_HNSCC_3_PBMC_GGATTACTCCACGCAG	405.3641642777853	226.23132321833415	9.081330403163511	18.226335458406048	31.72717160262905	0.0	48.13831929384146	0.0
GSM4138114_HNSCC_3_PBMC_GGGAATGGTCAAGCGA	180.872087659241	173.69134445721804	56.12467792429101	28.45884809238714	24.234940447666435	0.0	31.90622662805707	21.5960007256421
GSM4138114_HNSCC_3_PBMC_GTACGTAGTAACGCGA	293.9000552274714	301.11991242076755	60.59141891881825	0.0	81.51495492362926	0.0	0.0	35.51464981509097
GSM4138114_HNSCC_3_PBMC_GTATTCTAGGCTAGGT	241.07789632223543	236.22300007519664	31.78092946981163	26.646662614004043	134.41464793835826	9.816765812166132	0.0	0.0
GSM4138114_HNSCC_3_PBMC_GTATTCTGTGCTAGCC	231.05878123625448	195.48892192652534	82.82116092331535	20.562937019671825	0.0	0.0	57.77379438771005	0.0
GSM4138114_HNSCC_3_PBMC_GTGCAGCTCTAAGCCA	220.0522235221514	175.2447610287331	0.0	46.50920028183191	22.700754333341006	0.0	5.859170234932993	0.0
GSM4138114_HNSCC_3_PBMC_GTGCGGTGTGTGTGCC	260.2698159236354	223.5209301897899	92.57747125354348	26.96705074039828	20.532487871969817	12.361715121318817	0.0	0.0
GSM4138114_HNSCC_3_PBMC_GTGCTTCTCCTAGGGC	302.17206373654244	104.79938806784136	15.914682028650834	0.0	4.201024490873744	47.6349107081817	49.982462400921136	0.0
GSM4138114_HNSCC_3_PBMC_GTTAAGCGTCTCCATC	300.0331992165735	204.72413918781933	10.765190420688565	0.0	0.0	65.64331527025116	7.131284980545284	1.6954990752171584
GSM4138114_HNSCC_3_PBMC_GTTAAGCTCTGCCCTA	333.67243801774504	216.63083538058967	0.0	20.4389532139011	0.0	83.23618524491947	31.495731736312738	0.0
GSM4138114_HNSCC_3_PBMC_GTTCGGGGTTAGTGGG	340.0546778721943	448.72719239288136	54.82301749330509	0.0	0.0	7.87787741849505	0.0	0.0
GSM4138114_HNSCC_3_PBMC_GTTCTCGGTGGCGAAT	238.67810132037832	203.1386300500282	0.0	33.84402864139983	30.127382512731867	0.0	0.0	0.0
GSM4138114_HNSCC_3_PBMC_TACACGAAGTACCGGA	257.2953990302668	178.98874239363792	0.0	11.623751584179729	0.0	39.28742388534756	15.712324573623672	0.0
GSM4138114_HNSCC_3_PBMC_TATCTCAAGGCGTACA	242.83941789959496	114.87430698862323	38.806490106443135	35.13516586957707	0.0	145.45800727028205	24.180136900757073	3.046388091451364
GSM4138114_HNSCC_3_PBMC_TATCTCAGTACTCAAC	243.59942906453654	127.62220204957531	95.8737982219083	21.607840668792736	0.0	14.414706622498962	49.14487513013004	0.0
GSM4138114_HNSCC_3_PBMC_TATGCCCCATGCCTTC	373.01479274684306	221.75196424380184	23.34500461535057	40.878679513559796	0.0	44.94491900693813	37.71780423281668	0.0
GSM4138114_HNSCC_3_PBMC_TCACAAGCAAGCGATG	202.1611538815872	285.36429830250717	7.671796015486281	12.586760230472814	0.0	0.0	0.0	0.0
GSM4138114_HNSCC_3_PBMC_TCAGCTCCACATTTCT	329.7572751990847	163.81402156562274	55.76838799335164	15.566361397262167	1.5161489905121481	46.35743740325552	26.605060871288323	0.0
GSM4138114_HNSCC_3_PBMC_TCAGGATCACCGAAAG	249.44171098872513	187.3587041531857	28.789638930515075	0.0	35.31012866021594	11.321194504372329	0.0	0.0
GSM4138114_HNSCC_3_PBMC_TCATTTGGTTGGACCC	199.423394141679	196.6433597038314	46.7313069838249	0.0	12.781135609965494	0.0	0.0	0.0
GSM4138114_HNSCC_3_PBMC_TCGCGTTCAGATCGGA	293.65489472185607	412.8163025502305	0.0	0.0	57.6083429096172	0.0	0.0	0.0
GSM4138114_HNSCC_3_PBMC_TCGTACCGTCCTAGCG	396.638290806384	239.216542956591	63.80889750003576	30.229063402437966	0.0	59.06339446633956	0.0	0.0
GSM4138114_HNSCC_3_PBMC_TCTCTAAGTGATGTCT	194.1202881020362	94.74807680682353	72.17217634900545	68.92647605107375	57.55343891667396	0.0	0.0	27.284213528901056
GSM4138114_HNSCC_3_PBMC_TCTCTAATCCTGTACC	173.52833762744064	211.8514179765492	7.367540517577897	18.58035735892245	0.0	70.71725982358011	39.674836686514205	0.0
GSM4138114_HNSCC_3_PBMC_TCTGGAAAGAGTGACC	221.7879168906926	127.38730682671736	283.69880411532534	35.595984102029696	0.0	68.36703944951628	57.24371378196197	0.0
GSM4138114_HNSCC_3_PBMC_TCTTTCCGTCCGCTGA	281.56889761328046	57.780376065789284	33.729750850646376	0.1992916079577036	0.0	83.5770465031931	24.226979219016737	0.0
GSM4138114_HNSCC_3_PBMC_TGAAAGACAGACAAAT	263.80852357955655	219.69744333709832	99.50879503115884	28.911167089081896	0.0	49.21099822130698	0.0	0.0
GSM4138114_HNSCC_3_PBMC_TGACGGCGTAAGGGCT	219.50150445985548	215.83084916798668	0.0	14.293733146943394	81.67728152397272	8.50902303979989	25.86757201916418	0.0
GSM4138114_HNSCC_3_PBMC_TGCTGCTCAACGCACC	175.11321426818043	277.66733562541793	62.73316190020381	25.33304374885693	0.0	33.54074585116753	13.42923983634931	0.0
GSM4138114_HNSCC_3_PBMC_TGTATTCTCCCTAACC	210.05458159137225	177.9960091582119	83.83495335561372	8.78742361082766	0.0	16.35671227262108	21.08716053762613	0.0
GSM4138114_HNSCC_3_PBMC_TTAACTCTCCTGCTTG	348.77348574110215	249.45729223219948	14.6287661908127	0.0	0.0	24.587807218440318	0.8188722387160327	27.503270587262385
GSM4138114_HNSCC_3_PBMC_TTCTCCTTCTTGTATC	272.62299789616145	339.86939382932496	119.65039099190845	66.30356083525184	5.704558218927031	103.02736044667854	0.0	26.079728720059094
GSM4138114_HNSCC_3_PBMC_TTGGCAACAGATCCAT	199.56028315921952	187.8405684101097	35.511896979502495	38.745506105434536	0.0	0.0	0.0	31.85333589464904
GSM4138114_HNSCC_3_PBMC_AAACCTGCACCAGCAC	1359.5218926707144	4.5321603854591945	0.0	6.629865781788577	0.0	0.0	0.0	9.74086722523912
GSM4138114_HNSCC_3_PBMC_AATCCAGCATAAGACA	1479.003835624917	37.93275596051912	34.110805809106864	34.29997136244623	69.8196700352997	0.0	0.0	1.4214378825827376
GSM4138114_HNSCC_3_PBMC_ACCGTAAGTCTTCGTC	2571.653572406081	0.0	0.0	0.0	0.0	32.760078517528264	58.21594112690915	0.0
GSM4138114_HNSCC_3_PBMC_ACGGAGACATGGGACA	899.8899258510975	184.7745386911521	19.83064691931464	0.0	0.0	0.0	54.987101266709686	0.0
GSM4138114_HNSCC_3_PBMC_ACGGGCTTCTTGCAAG	988.1390708631775	217.51224190414294	96.91454759434312	2.0303950363732914	27.001311206112163	0.0	0.0	0.41438740916185646
GSM4138114_HNSCC_3_PBMC_ACTTACTGTTGGTAAA	0.0	0.0	3465.874961884014	0.0	0.0	0.0	0.0	0.0
GSM4138114_HNSCC_3_PBMC_ACTTTCACATTCTTAC	1138.3000881982348	22.858630460785545	148.9252612996122	58.50168913485608	0.0	22.88248885958535	0.0	0.0
GSM4138114_HNSCC_3_PBMC_AGACGTTGTCGGCATC	922.116278263111	132.78246911304424	31.832990306536228	0.0	34.22511106369275	0.0	0.0	0.0
GSM4138114_HNSCC_3_PBMC_AGAGTGGCACCTCGGA	1557.450649337442	330.8822709026058	43.40358212890933	0.0	0.0	0.0	20.428150605958898	0.0
GSM4138114_HNSCC_3_PBMC_AGGGTGAGTGCACTTA	1070.1567059202125	178.27218151941202	16.700510781516506	49.43519064834945	5.808108224951138	0.0	0.0	0.0
GSM4138114_HNSCC_3_PBMC_AGTAGTCCATAGACTC	787.2923252410168	103.54383101647002	0.0	0.0	0.0	0.0	0.0	0.0
GSM4138114_HNSCC_3_PBMC_ATAAGAGGTATTCGTG	1513.9635620937845	24.3685828638029	46.54937591716137	0.0	0.0	0.0	11.108886640084927	0.0
GSM4138114_HNSCC_3_PBMC_ATGCGATTCGTGACAT	1338.5602401010492	290.4809351945533	92.81138097842359	167.5326227308257	72.18449590283943	0.0	0.0	95.22266079248918
GSM4138114_HNSCC_3_PBMC_ATTTCTGAGTAGATGT	1583.1955784572333	0.0	88.31016230643306	0.0	0.0	0.0	51.32176384206683	0.0
GSM4138114_HNSCC_3_PBMC_ATTTCTGTCGTAGGAG	624.8410691403702	0.0	25.57918907402802	38.755896677121676	0.0	0.0	0.0	0.0
GSM4138114_HNSCC_3_PBMC_CAAGAAACATGGAATA	1746.998902662133	0.0	37.36159285323956	16.259753969614543	0.0	0.0	12.879150578717246	0.0
GSM4138114_HNSCC_3_PBMC_CACAGTAGTGATAAGT	1130.808620847126	205.77181353582475	84.04204392002607	0.0	0.0	5.073991175341237	0.0	0.0
GSM4138114_HNSCC_3_PBMC_CAGTAACAGTACGCGA	1726.3668768178509	13.550607708252041	22.261461381575707	20.827418713214094	0.0	69.32558364592948	0.0	0.0
GSM4138114_HNSCC_3_PBMC_CATCGAAGTAGCGCTC	1254.5279520942447	35.40285184311969	92.33606553607737	68.40325152850602	0.0	0.0	3.1031246168962787	0.0
GSM4138114_HNSCC_3_PBMC_CATGGCGCACTACAGT	1390.2105336843806	1.3767226494292235	0.0	0.0	108.48036845519914	0.0	0.0	0.0
GSM4138114_HNSCC_3_PBMC_CCTATTAGTAGCCTCG	1398.923761583637	68.84675015320146	29.93036540528112	0.0	0.0	29.844462404311994	38.52045852732028	0.0
GSM4138114_HNSCC_3_PBMC_CCTTCCCTCAGCATGT	1414.7410440149793	184.26001748658652	0.0	0.0	0.0	0.0	0.0	0.0
GSM4138114_HNSCC_3_PBMC_CGGACGTCATCGGACC	1137.1325877286554	131.3849612937004	25.713573262203017	28.716712464372375	0.0	0.0	40.09131957697864	0.0
GSM4138114_HNSCC_3_PBMC_CGGACTGTCACGACTA	1056.057520263496	149.63344614864792	54.72411472741927	0.0	0.0	12.572950640562137	0.0	0.0
GSM4138114_HNSCC_3_PBMC_CGTAGGCAGTAAGTAC	932.8013570511393	175.91728692683787	19.23235196708433	13.9762769529936	44.15265239627134	0.0	3.821504372126651	0.0
GSM4138114_HNSCC_3_PBMC_CGTGAGCAGAAGGGTA	1403.8649721583415	117.71474117258144	0.0	19.093028204710173	92.78451047047585	0.0	0.0	0.0
GSM4138114_HNSCC_3_PBMC_CGTTGGGGTGATAAGT	1160.2528692062033	0.0	25.195449298043748	0.0	0.0	0.0	9.99144534453521	10.916460538142067
GSM4138114_HNSCC_3_PBMC_CTAACTTCATACAGCT	1061.173234233395	61.35904322464869	1651.4732966625413	42.05279730160834	156.975749505866	0.0	16.70647607018256	0.0
GSM4138114_HNSCC_3_PBMC_CTACATTCAGTCAGCC	862.757077908242	70.92789535419595	103.10458473448088	0.0	0.0	42.01423587535168	0.0	0.0
GSM4138114_HNSCC_3_PBMC_CTAGTGATCTTTCCTC	1538.7366344305722	0.0	12.400303569379693	0.7576141999257079	0.0	0.0	42.03981854954988	0.0
GSM4138114_HNSCC_3_PBMC_CTCGGGAAGAAGCCCA	1347.3244054788456	147.85376340142804	20.732318936841732	3.778485804187777	0.0	0.0	59.1249636679355	0.0
GSM4138114_HNSCC_3_PBMC_CTCTACGAGTGAACGC	1205.8672876789221	29.06891046283929	0.0	21.455592361160104	0.0	23.59674373717184	0.0	39.288466411758186
GSM4138114_HNSCC_3_PBMC_CTGTGCTCATGCTAGT	792.2763403227033	107.85523868808757	0.0	0.0	51.78008707940235	0.0	0.0	0.0
GSM4138114_HNSCC_3_PBMC_CTGTTTAAGAAACGAG	616.8659381880907	127.90332085982313	5.100073023542193	0.0	0.0	0.0	0.0	9.198090890050047
GSM4138114_HNSCC_3_PBMC_GACCTGGAGGATGGAA	1159.9472686079268	192.1521964425334	0.0	0.0	0.0	0.0	0.0	1.749365269545497
GSM4138114_HNSCC_3_PBMC_GATGAGGAGACGCACA	1075.713457818104	181.28597991868904	81.81869830422742	39.49787654899825	0.0	43.995937604795465	0.0	0.0
GSM4138114_HNSCC_3_PBMC_GATGCTATCTATCCCG	1152.3048922299713	211.78978884451286	46.3720521081925	7.263268385745218	99.13359021917387	0.0	0.0	25.476168745080816
GSM4138114_HNSCC_3_PBMC_GATTCAGCATAACCTG	1051.8909544471776	0.0	48.40131998497197	12.151727260446862	3.661127027814521	48.12517960618646	14.093184304889316	0.0
GSM4138114_HNSCC_3_PBMC_GCCTCTATCTGACCTC	1042.6398035631632	0.0	91.10733545801561	14.771409536554739	0.0	31.242241110181794	11.060637545266085	0.0
GSM4138114_HNSCC_3_PBMC_GCGCGATAGCGTAGTG	1312.6431518450777	89.43544753958749	56.76668645514273	0.0	55.423371458066335	0.0	26.164763611449068	0.0
GSM4138114_HNSCC_3_PBMC_GCTTCCATCAGAGACG	1399.8033244665933	0.0	0.0	6.778909599829703	0.0	0.0	36.62937827433727	0.0
GSM4138114_HNSCC_3_PBMC_GCTTGAAAGATCACGG	1126.6820182128502	14.889519392882645	8.224482500317297	14.337864401932752	0.0	68.02967399174575	0.0	0.0
GSM4138114_HNSCC_3_PBMC_GGAAAGCCACAGTCGC	1529.1316495319998	0.0	38.93580344689368	2.6295265450425185	0.0	0.0	19.763405297120123	0.0
GSM4138114_HNSCC_3_PBMC_GGTGTTAGTTATGTGC	830.1833712311462	127.16873016532905	7.344954182487222	0.0	0.0	24.23461466806363	14.10507541312161	0.0
GSM4138114_HNSCC_3_PBMC_GTATCTTCATTACCTT	1736.5102230586328	0.0	0.0	0.0	0.0	0.0	0.0	0.0
GSM4138114_HNSCC_3_PBMC_GTCACAAAGCTGCCCA	1241.5323100419419	28.384283363404705	77.95663357567298	38.09741813686053	70.32011045160647	0.0	0.0	9.719674843302954
GSM4138114_HNSCC_3_PBMC_GTCATTTTCCTCTAGC	1129.2533717870242	11.956720116720403	76.59658281186806	0.0	69.40930763960647	0.0	21.84787131223367	0.0
GSM4138114_HNSCC_3_PBMC_GTGTTAGGTGTATGGG	972.7608560429426	18.810337188344448	88.45239162764238	46.01665387334435	0.0	0.0	0.0	23.46808337003317
GSM4138114_HNSCC_3_PBMC_GTTCATTCATCACGAT	1350.9288618133987	0.0	25.872243592591158	0.0	7.538513999940099	0.0	45.293077460064076	0.0
GSM4138114_HNSCC_3_PBMC_GTTTCTAGTGGTTTCA	1158.4584159984759	122.77884872863174	7.494843826884117	3.2604537357461867	12.929970834947522	0.0	0.0	0.0
GSM4138114_HNSCC_3_PBMC_TACTTACAGGGTCGAT	1108.5210361370039	69.13503007588574	54.942741258848045	13.997298930619182	0.0	0.0	0.0	0.0
GSM4138114_HNSCC_3_PBMC_TCGAGGCGTACGCTGC	1308.7684414548944	302.9840407750581	50.47523679666001	36.79536582833502	0.0	32.9119429119243	0.0	0.0
GSM4138114_HNSCC_3_PBMC_TCGTAGAAGAAACCTA	1404.5786017767555	29.10043109114544	62.3794618054206	0.0	0.0	0.0	17.030447188198206	19.93686473249027
GSM4138114_HNSCC_3_PBMC_TGCCCTAAGTGTTAGA	1398.519373057105	99.26321923568379	2.815087617568804	2.760424529703672	0.0	0.0	0.0	0.0
GSM4138114_HNSCC_3_PBMC_TGGCTGGAGGGATGGG	1485.148663556539	0.0	0.0	11.728198373684549	31.396444223073924	0.0	0.0	0.0
GSM4138114_HNSCC_3_PBMC_TTAGGACAGTCCTCCT	1799.0076495346327	0.0	0.0	0.0	0.0	0.0	0.0	0.0
GSM4138114_HNSCC_3_PBMC_TTATGCTCAGTATAAG	525.008792231885	0.0	11.515207970227541	37.955944929395045	0.0	0.0	0.0	0.0
GSM4138114_HNSCC_3_PBMC_TTCCCAGGTCTCCCTA	1215.440690579414	59.26087334162411	111.20326385155398	0.0	6.54691726231484	9.451411764257909	0.0	0.0
GSM4138114_HNSCC_3_PBMC_TTCCCAGTCACTCCTG	1309.54818316273	53.95821337703246	83.00742856102822	16.5219342992053	30.67762692347766	26.21861535007749	0.0	2.5384291896700946
GSM4138114_HNSCC_3_PBMC_TTCTACATCCGCATCT	996.0955087575911	0.0	0.0	1.4186522739904812	0.0	0.0	79.18322813773155	0.0
GSM4138114_HNSCC_3_PBMC_AAAGATGTCTCCCTGA	360.51188861012827	225.16594384447157	99.1229659929165	2.360526748796303	30.377021929054987	76.14741594165696	17.95023112471696	0.0
GSM4138114_HNSCC_3_PBMC_AACTCCCGTCTGATCA	282.1716586616991	210.1004991941913	15.223607605043185	5.175677188822531	63.947991067105185	0.0	0.0	0.0
GSM4138114_HNSCC_3_PBMC_ACGCAGCCATCCAACA	325.03774355051297	312.75003116858727	34.559186601827726	80.01433637666682	15.58179417771595	42.93175597912005	0.0	0.0
GSM4138114_HNSCC_3_PBMC_ACTATCTAGCCTCGTG	251.60424721396075	308.2638746232671	57.120956293349295	0.0	14.488260401214873	0.0	0.0	2.663559288942446
GSM4138114_HNSCC_3_PBMC_ACTGAACTCAGCATGT	398.34330512623296	325.98104161578163	78.72487229678258	39.85348966421724	0.0	37.08732402194732	68.58668093954537	0.0
GSM4138114_HNSCC_3_PBMC_ATCCGAACATAACCTG	399.70503246709353	260.5921510638984	32.82527974490714	49.56080785791659	8.839102884707984	17.16686595421261	2.393342079912057	0.0
GSM4138114_HNSCC_3_PBMC_ATTTCTGTCCGTTGCT	399.8890056901401	410.8561725111321	60.57296933752184	56.63467243946695	0.0	78.29535273515418	29.034243912281994	0.0
GSM4138114_HNSCC_3_PBMC_CAAGATCGTTCACGGC	263.230813878517	234.07851353868554	45.0351827128935	0.0	71.4879200074649	0.0	20.93652378637048	0.0
GSM4138114_HNSCC_3_PBMC_CGTGTCTGTTGGAGGT	293.7655288921639	368.0308431612554	64.69612092553136	63.36439365475404	0.0	15.20069389797525	31.577042728397416	0.0
GSM4138114_HNSCC_3_PBMC_CTACACCGTAAGTGTA	399.73795336273946	272.69941422499187	15.196322916555689	36.54051408536053	0.0	65.34698914514907	0.0	0.0
GSM4138114_HNSCC_3_PBMC_GACGTTAGTGGTCTCG	397.1099340477338	210.16212265382822	4.723917567723973	0.0	0.0	74.75508750160398	0.0	3.3297735719384076
GSM4138114_HNSCC_3_PBMC_GCACTCTGTGGTGTAG	318.0982360428734	119.60390071373907	34.252389162508535	36.654529189107386	38.807953510653114	73.54229180435532	37.913228659500874	5.144570351452918
GSM4138114_HNSCC_3_PBMC_GGGCATCAGACTACAA	429.71584482768174	188.1682509172638	16.664223821386766	18.348634437288478	0.0	29.13238539284289	22.778484847830438	7.427463391154291
GSM4138114_HNSCC_3_PBMC_GTCAAGTTCTTTACAC	357.84460756227725	241.5454097873973	41.59244026088018	34.90241988738148	0.0	44.27696056542486	26.871748049405053	0.0
GSM4138114_HNSCC_3_PBMC_GTGCTTCCACTATCTT	339.510004928328	292.68814892753363	56.8865828380983	28.109836642952136	25.899133773630332	14.495536738238204	38.34026573383341	0.0
GSM4138114_HNSCC_3_PBMC_TTCTACACACACCGAC	372.46611242878146	153.75110476270467	107.67034028863146	46.70018190039239	74.63541227986929	0.0	4.968649362798981	0.0
GSM4138114_HNSCC_3_PBMC_TTGACTTTCGCGATCG	366.7216499518215	183.04519738767146	50.87311941340348	64.46787771688467	80.66788593541399	0.0	10.367173068413317	0.0
GSM4138114_HNSCC_3_PBMC_ACTGTCCCACTAGTAC	279.9257799397216	188.77664340612745	48.33332407038418	52.15557623215877	63.570825927212546	0.0	25.321421659342857	0.0
GSM4138114_HNSCC_3_PBMC_CTCATTATCGAATCCA	343.1725260822499	215.02947562243565	88.95597532276363	44.975718739926535	0.0	44.25036266532756	10.726454148255923	0.0
GSM4138114_HNSCC_3_PBMC_GAACCTATCGACAGCC	501.33870714418447	367.559030346057	43.358308294231996	40.568248067685914	19.797499879229036	35.612351449603985	2.477279822734605	0.0
GSM4138114_HNSCC_3_PBMC_GCGCCAACATTTGCCC	321.48483710702135	320.62337083362763	0.0	7.449049370807429	1.8637199743923312	44.5918556168333	0.0	21.11681781770994
GSM4138114_HNSCC_3_PBMC_GGGAGATCAATTCCTT	253.62151403762317	243.2721346227426	7.141458828220985	14.377199950923977	60.424176203215225	0.8189468446193826	0.0	19.570445912105356
GSM4138114_HNSCC_3_PBMC_GTGAAGGAGAAGGTGA	299.9429059978769	242.36545566420506	28.459998493340112	56.795477394061166	0.0	72.64660848453394	0.0	41.99111215199658
GSM4138114_HNSCC_3_PBMC_TACCTATTCGAGAGCA	219.57766821494616	168.75870140451417	49.011188604992405	19.31123622803286	6.461812829053798	0.0	58.1226480929344	0.0
GSM4138114_HNSCC_3_PBMC_TAGCCGGGTTGATTCG	251.265431267613	211.24455691350153	43.81511502961375	4.454866739859323	0.0	47.35298679641731	52.75058055422382	0.0
GSM4138114_HNSCC_3_PBMC_TCTTTCCTCGCCGTGA	383.12677301830377	201.52975372552064	50.098107694626734	55.17133440123311	35.35947310667736	47.47213909056736	0.0	0.0
GSM4138114_HNSCC_3_PBMC_TGTGGTAGTTGCCTCT	390.0197726548152	406.67657103828617	55.17782018380628	0.0	44.54800019477105	0.0	11.52786496257175	0.0
GSM4138114_HNSCC_3_PBMC_ATTATCCTCCTCCTAG	597.265963880998	557.7467109139166	36.42061301793571	19.021680798879704	122.92603537941123	0.0	84.2925253333463	0.0
GSM4138114_HNSCC_3_PBMC_CGAGAAGAGCTACCTA	614.3268412665714	548.0773434080768	0.0	9.154797239838915	0.0	104.59977128714034	0.0	31.412845635858044
GSM4138114_HNSCC_3_PBMC_GACTACACACCGCTAG	632.6355666788306	246.85696788399576	53.950614507550185	43.42535736274021	0.0	0.0	0.0	22.21895729122131
GSM4138114_HNSCC_3_PBMC_GGCTCGAGTCTGATCA	485.0833911330246	332.8104059314043	19.727249331924074	0.0	0.0	52.35370053847468	0.0	12.138953343752425
GSM4138114_HNSCC_3_PBMC_TCAGATGTCAGTTTGG	478.8383948144755	204.9373211555071	33.4567983953392	22.857169987079804	60.84750004828513	0.0	78.58374008052499	0.0
GSM4138114_HNSCC_3_PBMC_TCGAGGCAGAACAATC	1152.5664511138525	688.9065145064692	0.0	0.0	0.0	93.48580053845114	0.0	39.789516996620755
GSM4138114_HNSCC_3_PBMC_TGGGCGTGTCATTAGC	368.8817943406343	124.27574189083597	76.97141301574065	3.047739304827775	0.0	45.75074789116008	0.0	30.903847227044693
GSM4138114_HNSCC_3_PBMC_TTCCCAGAGGACAGCT	529.7237543164846	150.36684628426335	11.79920768021929	27.456557999870856	37.15582944516762	2.7367508709687405	54.67902055981375	0.0
GSM4138114_HNSCC_3_PBMC_ACACCAACATGCATGT	587.4587938030495	206.50702316856504	11.992830052558409	53.12372901402361	0.0	34.548088830178145	7.247718963092724	27.02798148274457
GSM4138114_HNSCC_3_PBMC_ACGATACGTGTGGTTT	1407.3871052655777	195.08154090944166	14.33850535681926	5.9596990759679676	0.0	87.0648485418147	59.10374377686958	42.16523731189474
GSM4138114_HNSCC_3_PBMC_AGAATAGTCACCATAG	810.5943575847956	120.12260845829495	111.22458803683196	52.899416802733896	0.0	11.741848500900474	0.0	2.3990037725786335
GSM4138114_HNSCC_3_PBMC_AGCCTAATCCTGCCAT	293.7211080618407	106.355547404011	36.405041006400545	0.0	9.413286080162756	0.0	0.0	23.73476812308468
GSM4138114_HNSCC_3_PBMC_CAACCAAGTTGAGGTG	471.0674569605455	81.85144593459074	7.251268029571192	14.958579185521362	0.0	31.73638197307787	0.0	0.0
GSM4138114_HNSCC_3_PBMC_CACACAACATGCCTAA	852.6628721085207	258.8910307021973	8.712193541608311	0.0	35.2539008840552	0.0	17.028465109931613	0.0
GSM4138114_HNSCC_3_PBMC_CCACTACAGGTGCTAG	370.00435605037455	206.2098888467751	13.821526245935196	0.0	0.0	38.14007139708449	0.0	23.120747923797154
GSM4138114_HNSCC_3_PBMC_CGTCACTCAGATTGCT	1160.2167148764868	137.62770932266	80.41387940934996	0.0	0.0	18.93405682416358	32.87706165032671	78.78959038052182
GSM4138114_HNSCC_3_PBMC_CTCGGGAGTCTAGCGC	1473.9813564658168	422.3089588483711	0.0	0.0	0.0	0.0	0.0	0.0
GSM4138114_HNSCC_3_PBMC_GACCTGGCAGTCACTA	825.1351439368822	232.19412166501175	0.0	0.0	15.953943752259498	17.987521312064818	0.0	0.0
GSM4138114_HNSCC_3_PBMC_GCTCTGTAGTCAAGCG	769.3649180181933	348.8071009104586	24.039358153146342	34.32408633353189	5.867489325477845	0.0	0.0	5.853828759642424
GSM4138114_HNSCC_3_PBMC_GGAACTTAGAGAGCTC	837.19813444085	319.40267004055084	13.627734304977139	40.91292575575231	0.0	36.05641787692694	0.19867536087799786	72.34388369719568
GSM4138114_HNSCC_3_PBMC_GGCGACTGTTCCACTC	730.2193023077119	162.1409035789209	29.081728631722417	3.779064083036179	0.0	61.23411731000565	7.549823381396547	0.0
GSM4138114_HNSCC_3_PBMC_GTTTCTACACACAGAG	325.42549104364053	174.51596723874516	1169.2004920983804	31.857525606975475	0.0	87.97636620271857	0.0	60.31729604369122
GSM4138114_HNSCC_3_PBMC_TGCGTGGCAGTCGATT	760.7090392900444	300.92013286271504	53.5477284829252	49.13981741774235	68.18743284336475	0.0	0.0	0.0
GSM4138114_HNSCC_3_PBMC_TTATGCTGTTACGACT	756.6399413305933	209.03492088965513	63.728199692402356	20.104066077156816	0.0	18.26322060171372	0.0	0.0
GSM4138114_HNSCC_3_PBMC_AAAGCAATCCCGACTT	622.7992453904502	887.3590936034857	0.0	25.90856079109329	69.56507895717405	0.0	0.0	0.0
GSM4138114_HNSCC_3_PBMC_AAAGTAGGTTCAGACT	409.6265264611556	806.578421326151	30.846879071890257	61.40369311445316	0.0	113.53789504970092	0.0	41.073273015070555
GSM4138114_HNSCC_3_PBMC_ACGTCAAAGAGCTGGT	594.7239931868176	1043.6035649044811	36.33563801516578	76.58565824089766	38.427309062787664	0.0	0.0	0.0
GSM4138114_HNSCC_3_PBMC_ACTTGTTAGCAGATCG	404.93481205291414	602.1057786642297	70.45894513783267	101.0377805323545	0.0	74.52496801458523	18.14939110634587	0.0
GSM4138114_HNSCC_3_PBMC_AGCTCCTGTCTGCAAT	424.69418657768773	924.8395214652046	96.16921026540777	31.389880571036784	97.03436087847894	0.0	23.106754807498405	0.0
GSM4138114_HNSCC_3_PBMC_ATCTGCCTCTCCGGTT	452.52681159095283	1268.5367330702682	134.20125647660763	20.823394201113956	85.34166306783106	0.0	0.0	69.30598729206727
GSM4138114_HNSCC_3_PBMC_CACAAACGTCTCTTAT	376.8335766167178	1488.2239330488765	96.51183445505144	0.0	0.0	4.419838911862459	0.0	0.0
GSM4138114_HNSCC_3_PBMC_CATCAAGCACAGATTC	474.572112782148	936.1544747274481	68.19810214315893	12.980161094410876	0.0	135.9526536452979	0.0	0.0
GSM4138114_HNSCC_3_PBMC_CGTCCATGTAATCACC	310.43872457118226	1063.5141425014513	112.89425686840168	23.210062118067075	36.18972243636953	0.0	0.0	28.99455485482801
GSM4138114_HNSCC_3_PBMC_CGTTCTGGTCCGAGTC	345.6446758145663	870.7340359648421	143.17722206706844	19.712945234152357	0.0	90.96663763527718	9.814994963090513	0.0
GSM4138114_HNSCC_3_PBMC_CTACGTCAGAGGACGG	322.39823798961055	1004.061267275409	0.0	98.40974619289905	1.149775186357441	0.0	3.420561892725614	0.0
GSM4138114_HNSCC_3_PBMC_GACGCGTGTTCCGGCA	410.6311322184808	668.8138209119614	110.32930951591032	52.41298863180609	115.05645323892547	0.0	0.0	0.0
GSM4138114_HNSCC_3_PBMC_GGCCGATCATGTAAGA	430.5648532482951	876.7168079965504	87.49586248050208	16.246277835437258	37.41587667781752	0.0	25.62292532769485	5.420794065629224
GSM4138114_HNSCC_3_PBMC_GTATTCTTCTGTGCAA	273.3428031952772	1266.778599731307	121.0572622513376	26.281072678612844	0.0	58.04003972019725	0.0	67.56049089524478
GSM4138114_HNSCC_3_PBMC_GTCAAGTAGTGCTGCC	501.8422381094869	782.8011349868978	0.0	0.0	108.98858477580299	0.0	0.0	99.97050469991412
GSM4138114_HNSCC_3_PBMC_GTCTCGTAGGCTAGAC	316.6308812179867	989.9800262116439	127.87134876846	40.33730719869429	5.023209649338399	0.0	42.21276224761578	0.0
GSM4138114_HNSCC_3_PBMC_TCTGGAAAGTGGTAAT	343.0174319103187	822.5049277974404	97.09409684993457	0.0	48.43197370907956	0.0	9.620511746126132	0.0
GSM4138114_HNSCC_3_PBMC_TGGCCAGGTCCAAGTT	550.6105566498248	575.1455840831935	36.2951391160744	74.78949771410002	0.0	80.29404575808334	0.0	54.57176067530989
GSM4138114_HNSCC_3_PBMC_AACTGGTGTGTGGCTC	33.04492022415056	2679.1426069195277	31.338337248713678	34.199243249793554	0.0	0.0	0.0	0.0
GSM4138114_HNSCC_3_PBMC_AAGACCTAGTTTGCGT	281.53640408457517	1348.456254396171	150.6673811752583	295.0852508444659	0.0	64.797670139099	56.34847804497879	0.0
GSM4138114_HNSCC_3_PBMC_ACATCAGAGTGTCCAT	0.0	3046.357916130492	44.76301778582753	0.0	0.0	0.0	0.0	0.0
GSM4138114_HNSCC_3_PBMC_ACGGCCACATGGTCTA	269.6515420613633	1313.4400969310866	123.32222591627523	0.0	48.55392106050427	0.0	0.0	128.22341733119552
GSM4138114_HNSCC_3_PBMC_ACTTGTTGTTGTGGAG	193.78013932753544	899.8556452144069	0.0	77.44650862732072	0.0	219.60863071413203	0.0	186.5674776088956
GSM4138114_HNSCC_3_PBMC_AGCGTATCAGCTCGCA	0.0	0.0	0.0	0.0	4305.744991261568	268.22203226722445	0.0	0.0
GSM4138114_HNSCC_3_PBMC_CCATTCGAGACAGGCT	145.58852086017134	1943.5201305459896	6.964991715821521	0.0	38.55949148836793	68.84422026977944	0.0	74.86446608555535
GSM4138114_HNSCC_3_PBMC_CCTTCGATCTCGCTTG	108.44742426304185	1843.541155710169	0.0	77.64109843686587	0.0	64.42438241100771	0.0	33.789594128916725
GSM4138114_HNSCC_3_PBMC_CGCGTTTAGACTAGGC	0.0	2978.8238503627863	20.12045677195232	0.0	0.0	0.0	0.0	0.0
GSM4138114_HNSCC_3_PBMC_CTACATTTCTTTACGT	0.0	1992.952354046109	0.0	200.64673771369317	92.59129442740058	0.0	77.86968857121083	0.0
GSM4138114_HNSCC_3_PBMC_CTAGCCTAGACCGGAT	191.11036517043772	1637.6299907335028	15.653669435501431	19.59349548734994	0.0	108.40359393376538	0.0	46.20286016494359
GSM4138114_HNSCC_3_PBMC_GACGTTAGTACCATCA	0.0	2553.3866653088808	80.93652579518115	28.411721746190523	0.0	134.23171368191677	0.0	67.88920327879147
GSM4138114_HNSCC_3_PBMC_GCGCAGTCAACTGGCC	5.506965405284168	2457.35458786113	0.0	0.0	0.0	37.95682894900695	0.0	72.25051634482354
GSM4138114_HNSCC_3_PBMC_GCTCTGTCACACTGCG	253.41476085744998	2128.989316765256	0.0	110.87484610868165	0.0	0.0	0.0	152.71495957707415
GSM4138114_HNSCC_3_PBMC_GCTGCAGTCCGGCACA	274.758517505811	1730.5271235006232	0.0	24.10844143499645	0.0	111.01380221372536	0.0	81.38457528130553
GSM4138114_HNSCC_3_PBMC_GTAGTCACACAAGCCC	240.22205376983985	933.9332536169276	212.1541770957935	66.63785142709155	183.5234006474757	0.0	0.0	141.13016413660083
GSM4138114_HNSCC_3_PBMC_GTCAAGTAGGCGTACA	0.0	724.819432353857	19.744977529086082	105.46098068023666	0.0	21.123606625690627	0.0	0.0
GSM4138114_HNSCC_3_PBMC_TACGGATAGATCGATA	168.82701897131076	1686.220521981785	76.65342698469713	0.0	0.0	105.37102192765963	0.0	62.73879789311349
GSM4138114_HNSCC_3_PBMC_TCAACGATCTGGGCCA	0.0	2854.290853604928	0.0	0.0	0.0	0.0	16.914308516274986	0.0
GSM4138114_HNSCC_3_PBMC_TGGGCGTGTTAGTGGG	270.7398719341472	1734.313068196054	0.0	63.19392011007346	36.757643087662714	2.5524472538955143	88.60337747568188	0.0
GSM4138114_HNSCC_3_PBMC_TTGGAACCAGTCACTA	8.368029856413512	2177.1468614526902	37.87488468470422	0.0	0.0	24.696669985751488	0.0	0.0
GSM4138114_HNSCC_3_PBMC_ACTGTCCCAGCGATCC	73.99345704672129	2.786133122326215	8.726542517345463	1553.034497786262	187.76081791450756	0.0	33.61140870258008	48.52257047840301
GSM4138114_HNSCC_3_PBMC_AGATTGCGTCATACTG	0.0	0.0	0.0	1421.412959341009	0.0	53.03922879640217	8.402157333861075	0.0
GSM4138114_HNSCC_3_PBMC_CACACAAGTGAACCTT	0.0	0.0	0.0	2085.875798705293	0.0	0.0	0.0	0.0
GSM4138114_HNSCC_3_PBMC_GCGCAACCATCTGGTA	15.052662421767268	36.62801930958081	29.735488519817192	1546.1513943939294	0.0	39.19201370246518	0.0	0.0
GSM4138114_HNSCC_3_PBMC_TACGGATGTCTCATCC	0.0	0.0	0.0	1807.7907875483088	0.0	0.0	17.605488707126238	0.0
GSM4138114_HNSCC_3_PBMC_TAGAGCTTCGGAATCT	0.0	0.0	0.0	1831.1273751076953	0.0	0.0	0.0	0.0
GSM4138114_HNSCC_3_PBMC_TTGGAACGTACACCGC	4.052585922728855	62.244939838306436	0.0	1926.2141776498313	15.564349019209123	48.869534791270276	8.66961201061354	0.0
GSM4138114_HNSCC_3_PBMC_GCAGCCACACCACGTG	370.3271691737865	335.2237557218624	21.572762222820216	63.04991394880144	38.885590163117804	0.0	0.0	24.59145198565421
GSM4138114_HNSCC_3_PBMC_TAGTTGGTCGAGAGCA	418.86293384685706	347.04755963613684	46.81597161173475	24.18452349948509	40.200973659729705	0.0	0.0	0.0
GSM4138114_HNSCC_3_PBMC_GGACAAGGTTACGACT	600.5253074830547	285.43514625238055	38.264618241005266	17.91407914433484	0.0	29.142260671196027	0.0	0.0
GSM4138114_HNSCC_3_PBMC_AGCTTGACATAACCTG	0.0	0.0	0.0	0.0	0.0	0.0	4464.7628556286045	0.0
