	1	2	3	4	5	6
GSM4138112_HNSCC_2_PBMC_AACCGCGAGGGCTCTC	334.6615976191029	197.57549184094717	42.9784411897738	25.358405087658912	35.730639625917384	0.0
GSM4138112_HNSCC_2_PBMC_AGCCTAAAGAGGGCTT	398.43700751505827	94.06860074021469	75.44476060910965	31.9303705435008	0.0	4.792593005724197
GSM4138112_HNSCC_2_PBMC_ATAGACCTCTACGAGT	167.2974366552586	156.00309356245376	113.47342671992787	5.944345004393679	33.62500734986196	153.66648395618802
GSM4138112_HNSCC_2_PBMC_CAGCGACCAGGGAGAG	314.4843056367328	188.96781455991012	28.598481640686973	0.0	14.906994806104331	11.564114517580098
GSM4138112_HNSCC_2_PBMC_CCTAGCTAGACACTAA	377.05819653712996	126.54501361615888	105.01887797253406	26.6061202479862	0.0	0.0
GSM4138112_HNSCC_2_PBMC_CGCGTTTCACGGACAA	289.9090787032412	142.05112412022632	73.56032008087679	15.913230302027483	24.66848089149368	0.0
GSM4138112_HNSCC_2_PBMC_CGTGTCTCATTCCTCG	450.2314283922107	92.72880091064329	48.48772736122442	20.746670619235545	0.0	35.491236565157365
GSM4138112_HNSCC_2_PBMC_CTAACTTCATAGACTC	612.0114432306569	120.16746921518434	4.5366675627888435	60.14482617693934	0.0	2.1108769629768416
GSM4138112_HNSCC_2_PBMC_CTAACTTGTAGCGCTC	177.2733598437899	217.1302174582334	77.93778806456304	0.14790014584235706	20.581509717658314	30.356550486917566
GSM4138112_HNSCC_2_PBMC_GAATGAATCTTACCTA	487.39860883160486	263.3917638515204	130.96007158487296	26.092918880957512	29.231512050490544	158.9424585180791
GSM4138112_HNSCC_2_PBMC_GATTCAGTCCATGCTC	863.5262416914117	213.08197794637007	76.54474227970543	40.049313507602015	44.13123564243222	190.45187131021018
GSM4138112_HNSCC_2_PBMC_GCTGCGACACGCCAGT	204.24207156020023	140.43559220325363	59.3979897293668	39.93867928228759	78.01928782769187	0.0
GSM4138112_HNSCC_2_PBMC_GGATTACGTCCGAACC	336.5767512567848	148.42342637431446	0.0	0.0	75.04634940240237	63.966182525065285
GSM4138112_HNSCC_2_PBMC_GGGAATGAGAAACGAG	568.9774322141634	189.85157307701292	349.3504731602831	42.87450817887853	0.0	366.2267431873224
GSM4138112_HNSCC_2_PBMC_GTCGGGTTCACCCTCA	393.7363815830881	98.2406139714354	21.792920310556273	0.0	0.2029428151995259	285.92070668834486
GSM4138112_HNSCC_2_PBMC_GTTCATTAGGGAACGG	440.2473361066678	104.41134804320995	5.019086687639817	29.27436147783909	26.598392273074413	22.648880183869473
GSM4138112_HNSCC_2_PBMC_GTTCTCGCATCCGCGA	424.50929428428356	62.756872594626024	17.63060264054683	68.84013093804008	42.88143811187406	11.84360810619658
GSM4138112_HNSCC_2_PBMC_GTTTCTACATACCATG	416.0125398759132	96.44288497727655	18.854022760959907	7.574170128704634	30.05473799913	23.0360747586053
GSM4138112_HNSCC_2_PBMC_TACCTTAAGACAGAGA	240.74511616278312	236.212730037653	78.8052544857312	31.266729414366306	13.925925678232394	18.337696164319564
GSM4138112_HNSCC_2_PBMC_TACGGGCCAGACAGGT	306.5442503366545	91.965267687983	149.50807382303046	0.0	0.0	118.83234385897255
GSM4138112_HNSCC_2_PBMC_TACTCATTCACAGGCC	351.07662320741593	209.97732520763407	25.870486771841488	11.542887460074882	0.0	2.705983285312815
GSM4138112_HNSCC_2_PBMC_TGAAAGAGTTCCACAA	825.4216099340795	279.1313066945251	0.0	0.0	54.09811084382159	531.7457517289685
GSM4138112_HNSCC_2_PBMC_TGCTACCTCAAGAAGT	458.3338430806207	101.34219913995001	76.19744246437266	0.0	22.547164097124096	0.0
GSM4138112_HNSCC_2_PBMC_TGTGTTTTCCCTTGTG	218.38917609347217	237.39047705402365	118.15284587193136	97.43325959707373	0.0	236.74744987853165
GSM4138112_HNSCC_2_PBMC_TTCTTAGAGTATCTCG	196.05426960935202	215.51172826413256	28.767783450530523	0.0	93.75257719414606	45.7829450725668
GSM4138112_HNSCC_2_PBMC_TTGAACGCAATCTGCA	314.44254413926086	158.68173939385917	19.475302284166684	23.960416742092335	53.46794471325272	2.5706697177694062
GSM4138112_HNSCC_2_PBMC_TTGACTTTCACAGGCC	309.7322619746486	222.25551315540065	0.0	16.81376921537135	43.81990791097716	0.0
GSM4138112_HNSCC_2_PBMC_TTGACTTTCCTTTACA	469.1528739576646	125.09493320409558	22.734871394970007	14.457557597298685	4.445697543664862	0.0
GSM4138112_HNSCC_2_PBMC_TTTCCTCTCGTAGATC	342.1366814201919	85.27456837777483	97.38052414246374	40.240764918120036	0.0	24.72815639372445
GSM4138112_HNSCC_2_PBMC_AAACCTGAGCGAGAAA	594.2851611448351	50.238058646419915	29.271222260940565	40.94835435901875	13.801596901724748	14.75644563457299
GSM4138112_HNSCC_2_PBMC_AAAGATGAGCAGACTG	1458.350071198044	0.0	137.2387536259224	15.35164982756345	21.706830330978995	0.0
GSM4138112_HNSCC_2_PBMC_AACTGGTAGTCGATAA	764.4216126307603	0.0	28.488075843196615	0.0	18.05994080265228	18.496464700168357
GSM4138112_HNSCC_2_PBMC_AACTTTCTCCCTTGCA	760.865232712342	48.98270995867367	0.0	10.990555101758613	0.0	0.0
GSM4138112_HNSCC_2_PBMC_AAGGTTCAGTGTCCAT	707.8700500235203	2.7447168620287186	0.0	0.0	16.139937882651203	0.0
GSM4138112_HNSCC_2_PBMC_AATCCAGTCAGAGGTG	550.3324115836205	181.874635245327	13.081791313946106	1.5720402271016003	29.964260169329087	0.0
GSM4138112_HNSCC_2_PBMC_AATCGGTGTCGACTAT	1093.5916527028808	34.35509757914477	350.0708356086323	22.404059746048343	14.679367464889975	18.908242290738166
GSM4138112_HNSCC_2_PBMC_ACACCAAAGTGGAGAA	764.6453494003367	67.46522010633282	0.0	0.0	27.295016397128286	0.0
GSM4138112_HNSCC_2_PBMC_ACAGCCGGTCTGGTCG	872.4493988620266	79.02055865339008	65.51120100178917	0.0	0.0	37.70170255557461
GSM4138112_HNSCC_2_PBMC_ACATGGTTCAACGGCC	512.3178707673104	36.390997580841315	0.0	30.054684474303404	69.7860909859893	0.0
GSM4138112_HNSCC_2_PBMC_ACGAGCCTCCAGTATG	579.3131402444948	84.49318943414636	0.0	2.254053816146949	77.65843970237053	10.93397328429508
GSM4138112_HNSCC_2_PBMC_ACGAGGACATGCCTTC	539.6356124066099	170.08114131797558	4.842072335046401	0.0	21.479008582992357	17.910153203470067
GSM4138112_HNSCC_2_PBMC_ACGCAGCAGCGTCTAT	1130.5899022212905	82.00490781151429	93.18710239967298	0.0	0.0	0.0
GSM4138112_HNSCC_2_PBMC_ACGGAGAGTCTACCTC	348.41706773840514	61.628127320887295	42.21159557218008	22.77060229666526	96.41847164845251	0.0
GSM4138112_HNSCC_2_PBMC_ACGGGTCCATGGAATA	1226.990495812357	0.0	0.0	0.0	27.12559552824601	46.954282670479614
GSM4138112_HNSCC_2_PBMC_ACTGAACAGTACGTAA	965.0678820687724	23.5045624256289	101.80640569571828	0.0	52.86870581544137	21.279454172699566
GSM4138112_HNSCC_2_PBMC_ACTGATGGTTACCAGT	339.36031382819357	143.725306873683	54.296302316052504	13.104576294419791	18.915976089906565	22.26566354181029
GSM4138112_HNSCC_2_PBMC_ACTGTCCCACATCTTT	1135.7452548596154	182.51684719902514	0.0	0.0	43.854886064592115	0.9853526496380358
GSM4138112_HNSCC_2_PBMC_ACTTACTCATGACATC	804.0393838793144	0.0	0.0	0.0	22.599087543761723	0.7726782306890666
GSM4138112_HNSCC_2_PBMC_AGCAGCCCAGTCGATT	1325.5374696196097	0.0	0.0	16.710749985634088	54.271791170291266	14.371527943727017
GSM4138112_HNSCC_2_PBMC_AGCGTATGTACGCTGC	544.4379650949143	77.90299687843714	0.0	9.853173981911388	12.48942374792482	38.926734426587686
GSM4138112_HNSCC_2_PBMC_AGCTCTCCACTGTGTA	1226.2421728131735	0.0	33.90873469067853	0.0	24.07551778871117	0.0
GSM4138112_HNSCC_2_PBMC_AGCTCTCGTCTAGTGT	1005.3374989112057	0.0	0.0	4.9191050672248195	103.02174674353515	0.0
GSM4138112_HNSCC_2_PBMC_AGGGTGAAGAGCTATA	458.63529201202283	114.58180147075174	28.863388254698474	0.0	17.357249637397018	0.0
GSM4138112_HNSCC_2_PBMC_AGGGTGACACATTTCT	548.8368172298799	77.54578114485574	0.0	39.15308212120777	18.62366285016651	49.8790113176731
GSM4138112_HNSCC_2_PBMC_AGTAGTCTCTTCAACT	459.9661475896032	46.97340951234319	57.578610830435025	23.32229693335574	7.639190049170117	0.0
GSM4138112_HNSCC_2_PBMC_AGTGTCAAGATGTCGG	419.3974653776353	43.65926278986899	114.12187453191058	24.359701747451727	0.0	0.0
GSM4138112_HNSCC_2_PBMC_ATAACGCGTGCCTGGT	1106.8119052647899	204.42010667344854	0.0	0.0	8.107776401652957	726.7627245925115
GSM4138112_HNSCC_2_PBMC_ATAACGCTCATTTGGG	808.9609660755639	167.10830456637876	71.96450109152053	0.0	3.9742816693323255	0.0
GSM4138112_HNSCC_2_PBMC_ATAAGAGCAGAGCCAA	1016.9232328470202	152.8161208943261	57.701142275411115	0.0	13.34710800079418	28.85133661247457
GSM4138112_HNSCC_2_PBMC_ATAGACCAGCAAATCA	912.9960667018248	0.0	12.50791577115148	0.0	0.0	0.0
GSM4138112_HNSCC_2_PBMC_ATCACGACAGTGGAGT	558.1046063212463	9.116674493935934	0.0	7.887836610985603	57.90756889375114	0.0
GSM4138112_HNSCC_2_PBMC_ATCCGAACAAGTAATG	502.1110605215061	11.445219358646817	96.75196534320915	0.9932463850781027	0.0	0.0
GSM4138112_HNSCC_2_PBMC_ATCGAGTAGAAACGAG	1083.3932221456485	0.0	0.0	29.67648137057048	49.71429858902226	0.0
GSM4138112_HNSCC_2_PBMC_ATCTGCCCACCACGTG	868.3686307194536	0.6761033942253529	52.79007558807769	2.325362556985916	0.0	0.0
GSM4138112_HNSCC_2_PBMC_ATGCGATGTTCCTCCA	612.0016759436029	159.90770072037498	26.550754302259552	0.0	13.080486302337993	12.03127022170123
GSM4138112_HNSCC_2_PBMC_ATTATCCAGACAATAC	566.2994397222562	109.2337277071891	0.0	0.0	95.28145961499534	33.91262477602242
GSM4138112_HNSCC_2_PBMC_ATTTCTGCAGGTTTCA	699.7760557547375	31.170354544420732	65.51551263715375	0.0	0.0	1.259732987763035
GSM4138112_HNSCC_2_PBMC_CAACCTCCAACAACCT	369.2738734045441	96.32152309079251	0.0	0.0	54.38704751656661	18.602024434864934
GSM4138112_HNSCC_2_PBMC_CAAGAAACAAGTCTAC	638.6248604315923	71.61950812844107	3.652014511255064	15.55602129169034	61.06029176462724	0.0
GSM4138112_HNSCC_2_PBMC_CAAGGCCGTAGCTCCG	799.0480902432986	0.0	0.0	4.204920290945376	43.19022487507537	20.228951936741105
GSM4138112_HNSCC_2_PBMC_CAAGTTGAGCAGCGTA	371.7591858832514	83.3503634177087	37.48767599861767	0.0	7.8568228977248715	8.086988328554318
GSM4138112_HNSCC_2_PBMC_CACCACTCACAGGTTT	788.3546662693992	89.37837186474934	71.95264819203257	0.0	29.00771431899638	22.16491320186445
GSM4138112_HNSCC_2_PBMC_CAGAGAGGTGGCCCTA	518.2798663026531	169.1124534174202	0.0	0.0	10.986173221470997	0.0
GSM4138112_HNSCC_2_PBMC_CAGCAGCCAATCACAC	939.6529569425409	18.110548378527334	7.734892692770184	0.0	0.0	36.366198525244755
GSM4138112_HNSCC_2_PBMC_CAGCATAAGAAGAAGC	479.39296677433157	11.084850261397957	36.62723625228665	0.0	0.0	47.62904122509702
GSM4138112_HNSCC_2_PBMC_CAGCTAAAGGACACCA	967.5642233919364	0.0	0.0	0.0	0.0	0.0
GSM4138112_HNSCC_2_PBMC_CAGCTGGGTCCAGTTA	1243.3054200450465	11.829764004568732	112.0355423601761	20.665893921790374	75.512922869819	19.892910383652374
GSM4138112_HNSCC_2_PBMC_CATCGAAAGAAGGGTA	692.7891669669223	4.18238742652259	6.521563807213989	0.0	0.0	18.35340948706803
GSM4138112_HNSCC_2_PBMC_CATGCCTTCTGGTGTA	1463.0190648572911	42.17810304430019	195.25890271996377	0.0	0.0	0.0
GSM4138112_HNSCC_2_PBMC_CATTATCAGCAGATCG	458.71488167993556	124.51686707213867	49.40873033472053	3.5514590217165116	26.191686518783694	0.0
GSM4138112_HNSCC_2_PBMC_CCATTCGAGCGATATA	960.1727305020623	42.043579199695834	124.56496531270359	0.0	36.727339570124606	65.72549050398798
GSM4138112_HNSCC_2_PBMC_CCATTCGGTGTGAATA	955.3387968840642	0.0	30.2588700138161	0.0	11.429961958571912	12.6340810205406
GSM4138112_HNSCC_2_PBMC_CCCAATCCACACATGT	1399.0349641356536	0.0	0.0	0.0	18.581217534857814	14.522326981267364
GSM4138112_HNSCC_2_PBMC_CCCAATCTCAACACCA	495.16242505015293	102.40767047089463	0.0	27.081071321499852	24.851920049002842	20.73209275138781
GSM4138112_HNSCC_2_PBMC_CCCTCCTAGACAAGCC	548.8714914309841	28.667421966699234	0.010308821774255949	7.53781573307683	0.0	27.278897625357455
GSM4138112_HNSCC_2_PBMC_CCTCAGTCACCAGATT	566.9629559868196	157.98182959897926	52.312911285577464	0.0	0.0	0.0
GSM4138112_HNSCC_2_PBMC_CCTCTGACACTCAGGC	646.1181468297882	81.99564199593965	43.55680720704158	13.09111191074495	6.791074984545705	0.0
GSM4138112_HNSCC_2_PBMC_CCTTACGGTGTGACCC	994.4799671741229	55.89776965972945	102.81586961893525	0.0	44.13639164301303	6.088635853339997
GSM4138112_HNSCC_2_PBMC_CCTTCCCTCCAATGGT	611.9625169534312	30.99074474899239	0.0	18.798778310020815	58.12675439662868	1.1706158347775246
GSM4138112_HNSCC_2_PBMC_CGAGAAGGTGCCTGTG	664.3644444369716	109.32206877624105	0.0	13.335634132702701	21.522580417599197	37.9278330843764
GSM4138112_HNSCC_2_PBMC_CGAGCCAAGGTCATCT	470.1691402539787	74.68717736973666	16.436314572103846	0.0	0.0	38.32546196640422
GSM4138112_HNSCC_2_PBMC_CGATCGGAGTACATGA	668.080956719215	63.06329711534412	46.817205516395546	13.292747548336052	0.0	9.685837756184815
GSM4138112_HNSCC_2_PBMC_CGCCAAGCAATGACCT	799.9770561282266	244.21057030422253	7.284840173006461	0.0	0.0	447.8624010922878
GSM4138112_HNSCC_2_PBMC_CGCCAAGGTCCGCTGA	1652.9281206388584	0.0	199.74209997194632	0.0	0.0	0.0
GSM4138112_HNSCC_2_PBMC_CGCTGGAAGTACCGGA	405.69034057893344	86.50961507068664	24.13430368007484	0.3330373355136943	32.427536830563426	61.82043113418102
GSM4138112_HNSCC_2_PBMC_CGCTTCATCCGCGGTA	1925.788318131392	0.0	0.0	0.0	0.0	0.0
GSM4138112_HNSCC_2_PBMC_CGGACACGTTCAGTAC	849.6442313418237	81.22687687388724	122.77239264788793	6.37748471111638	0.0	11.28257163968254
GSM4138112_HNSCC_2_PBMC_CGGACGTTCCAAGTAC	817.7361054683868	116.32392434740535	40.87028614301557	17.136016359128398	18.27911282754583	29.991810854276306
GSM4138112_HNSCC_2_PBMC_CGTAGGCGTGTCTGAT	310.52911840338356	107.48995195450883	10.016119989763238	0.0	35.81415350900864	8.250641748431304
GSM4138112_HNSCC_2_PBMC_CGTTGGGCAAAGAATC	469.5689999803408	30.879951358119815	67.80377456270503	0.0	0.0	65.74139260426315
GSM4138112_HNSCC_2_PBMC_CTAAGACAGATGAGAG	684.0115949995462	40.88345177952665	0.0	0.0	11.679711341148108	28.150848536192623
GSM4138112_HNSCC_2_PBMC_CTACACCAGTGGACGT	964.9465827156107	5.435226065503222	134.1470510180255	25.709027191279645	0.0	0.0
GSM4138112_HNSCC_2_PBMC_CTACGTCGTCTTGCGG	897.4732764698701	87.54236896456459	40.551926414154096	0.0	22.787765957969057	32.958440127812075
GSM4138112_HNSCC_2_PBMC_CTCATTATCATCGGAT	559.4693852820564	129.47898096558956	30.197635808660067	41.98861311047812	66.91408184528127	2.30614656011023
GSM4138112_HNSCC_2_PBMC_CTCGAGGAGAAGGTGA	844.1033823196775	0.0	1.9477131426411631	0.0	0.0	0.0
GSM4138112_HNSCC_2_PBMC_CTCGGGAGTACTCTCC	1301.1427220958963	82.91212443675373	0.0	0.0	3.581820681094627	0.0
GSM4138112_HNSCC_2_PBMC_CTGATAGGTTACGCGC	873.5395167680082	22.420576066628268	0.0	0.0	46.57288673477767	0.0
GSM4138112_HNSCC_2_PBMC_CTGCCTAAGCCTCGTG	840.6057492357331	72.18440917238063	0.0	0.0	32.20512217741354	6.0514943991112276
GSM4138112_HNSCC_2_PBMC_CTGCGGAGTCATTAGC	594.3618570216411	129.1270176074769	0.0	16.512764087021264	0.0	0.0
GSM4138112_HNSCC_2_PBMC_CTTAACTCACGGTTTA	1156.7066653800343	0.0	0.0	0.0	107.61772383162398	0.0
GSM4138112_HNSCC_2_PBMC_CTTCTCTTCGAGGTAG	939.4759553234834	43.34241784287332	27.451843072824225	4.981947591792586	14.882751434960248	33.24178989799789
GSM4138112_HNSCC_2_PBMC_CTTTGCGCACACTGCG	166.22191087560205	246.5598255921903	67.09886105636163	34.85304172490403	59.814529158059585	0.0
GSM4138112_HNSCC_2_PBMC_GAAACTCAGGAATGGA	858.533892404886	40.77643369613116	0.0	0.0	0.0	0.0
GSM4138112_HNSCC_2_PBMC_GAATAAGGTCTCGTTC	900.6941266701841	202.2955926657654	66.2416430153176	6.9234334480253965	0.0	78.68500696250862
GSM4138112_HNSCC_2_PBMC_GAATGAAGTGTCGCTG	1323.2291055098099	103.14739740132315	121.94864678676082	11.600592228714012	7.042292183410404	40.28052936242317
GSM4138112_HNSCC_2_PBMC_GACACGCGTGGTTTCA	696.9049874713891	72.54858030705942	0.0	41.4637194046082	19.899217132741057	0.0
GSM4138112_HNSCC_2_PBMC_GACAGAGTCTGTTTGT	450.34089428556604	133.7817621155286	62.5665882202075	50.924515084533176	0.0	0.0
GSM4138112_HNSCC_2_PBMC_GACCAATAGCCCAGCT	616.8974358417397	4.17997134175486	0.0	0.0	61.017375929963265	70.23147957023963
GSM4138112_HNSCC_2_PBMC_GACTACAGTGCAACGA	813.6653374908685	0.0	0.0	0.0	28.931384043108846	0.0
GSM4138112_HNSCC_2_PBMC_GACTGCGCATACTCTT	868.7506624370571	31.44893643265389	0.0	0.0	20.396457418845724	15.983290370580686
GSM4138112_HNSCC_2_PBMC_GATCGATCACGTGAGA	821.5626611852866	175.93495967683268	66.94235082460571	22.373961815606766	0.0	0.0
GSM4138112_HNSCC_2_PBMC_GATCGCGAGGTGGGTT	655.1133504840942	108.47246964375708	107.65185871678673	0.0	9.551577603592017	0.0
GSM4138112_HNSCC_2_PBMC_GATTCAGGTAGCGCAA	796.7461004693888	232.13468701957223	103.57373493782804	0.29032784871455863	8.444772035894406	11.424351631940873
GSM4138112_HNSCC_2_PBMC_GCACATAGTTCACCTC	543.784266218947	109.05776675408619	12.182744366874081	0.0	8.85492260893012	0.0
GSM4138112_HNSCC_2_PBMC_GCAGTTAAGGCTAGAC	1157.4167584693996	113.14425821994112	0.0	1.0169061025620123	23.82621932681828	0.0
GSM4138112_HNSCC_2_PBMC_GCATACACACGGCGTT	1305.3257132334365	0.0	110.63839084854203	1.8805634856448723	0.0	0.33729270053385557
GSM4138112_HNSCC_2_PBMC_GCATACACAGCAGTTT	579.2830902982167	50.10767219198902	29.663582017494512	12.312298564876798	0.0	0.0
GSM4138112_HNSCC_2_PBMC_GCATGATCACCGATAT	918.7931588109243	29.727060880394543	0.0	0.0	32.4657612471007	34.77565539647878
GSM4138112_HNSCC_2_PBMC_GCATGATCACTGTTAG	530.2724233498476	187.53993639354658	15.193047450688965	31.29185756371588	16.502875794156918	1.0914726033836113
GSM4138112_HNSCC_2_PBMC_GCATGATCATCACCCT	312.54625727612773	115.87892780062877	184.75930283101616	34.65367654924982	0.0	3.814004137950295
GSM4138112_HNSCC_2_PBMC_GCATGCGAGCTGATAA	1032.340958268774	76.80635809695238	0.0	14.247439051647435	42.57632097283967	0.0
GSM4138112_HNSCC_2_PBMC_GCATGCGCAATCGGTT	524.0165961343515	77.94547666207875	27.67534764659264	56.125332531137296	6.033867342434321	0.0
GSM4138112_HNSCC_2_PBMC_GCGACCAGTCATTAGC	1132.0890761680612	106.68585202165254	179.39469540613632	61.9455890755478	39.387855870777756	0.0
GSM4138112_HNSCC_2_PBMC_GCGAGAATCGCCTGAG	986.1784061282485	7.983215905135332	1.1216169204124122	0.0	47.69707356713803	15.611018776791745
GSM4138112_HNSCC_2_PBMC_GCTCTGTCACGGTAAG	462.02587524668587	132.861376523554	0.0	16.244733794030285	55.13179522099272	0.0
GSM4138112_HNSCC_2_PBMC_GCTGCAGAGTGCCATT	472.9839018430754	155.51648654228143	0.0	0.0	37.14179067613956	33.55021971506369
GSM4138112_HNSCC_2_PBMC_GGACAAGGTAGATTAG	1425.2268108249107	77.00825473976455	25.58041306936334	0.0	48.48916909765193	53.33434223342346
GSM4138112_HNSCC_2_PBMC_GGAGCAAAGATGGGTC	1221.202319478288	51.74622998704675	0.0	10.557357009827603	54.495669731739596	6.402204403899673
GSM4138112_HNSCC_2_PBMC_GGCAATTTCATCATTC	999.8151990603635	0.0	0.0	0.0	0.0	28.65992452621302
GSM4138112_HNSCC_2_PBMC_GGGCACTCAATGGACG	1095.9872925419602	35.58436620882886	51.73984366496718	25.190466927011705	52.629267495877784	26.713032361850285
GSM4138112_HNSCC_2_PBMC_GGGTTGCGTACATCCA	805.8564598259088	0.0	60.616803177632185	0.0	9.874150432665216	28.962058634509468
GSM4138112_HNSCC_2_PBMC_GTAACGTGTATAATGG	659.0949667426828	33.0424615466206	0.0	0.0	62.33628694030105	0.0
GSM4138112_HNSCC_2_PBMC_GTCCTCAAGCTCCCAG	405.5805021871649	105.566540525343	0.0	55.25711081830648	78.87592392212069	0.0
GSM4138112_HNSCC_2_PBMC_GTCCTCAGTAGCGTAG	519.5156363085167	86.60377240770761	0.0	7.630591361483389	0.0	15.991012715622714
GSM4138112_HNSCC_2_PBMC_GTCCTCAGTGCGGTAA	1024.8185101187953	19.508320806586717	0.0	0.0	5.4115379715507865	13.466878818836687
GSM4138112_HNSCC_2_PBMC_GTCGGGTGTAAGTGGC	1060.3576144044127	29.756616619307856	21.221162862398334	59.928744829016075	13.240985127736392	0.0
GSM4138112_HNSCC_2_PBMC_GTCGTAAAGTACACCT	846.4546949701416	128.04163691800937	0.0	0.0	11.968565946545038	0.0
GSM4138112_HNSCC_2_PBMC_GTGGGTCTCTTAACCT	1333.5688260317336	50.737611019800525	578.9262265740701	0.0	0.0	4.0641949699694155
GSM4138112_HNSCC_2_PBMC_GTGTGCGAGCCGCCTA	822.4234213867086	0.0	152.14725839000863	26.6416578883119	42.51955895859513	0.0
GSM4138112_HNSCC_2_PBMC_GTTCTCGAGTAACCCT	783.2866178365325	259.87421334984896	0.0	11.714107859892339	0.0	10.284653634736072
GSM4138112_HNSCC_2_PBMC_TAAGCGTCAGACGCCT	685.8205409849886	78.2626785389581	0.0	29.94107251598702	95.79038627473805	0.0
GSM4138112_HNSCC_2_PBMC_TACGGTATCAGCCTAA	1220.0263319557496	48.65121577661181	7.430118674687907	0.0	13.7221900404921	0.0
GSM4138112_HNSCC_2_PBMC_TAGCCGGGTTCATGGT	530.8731399124636	98.85518796968789	9.118971849228489	15.730541843739942	0.0	0.0
GSM4138112_HNSCC_2_PBMC_TAGTGGTAGGATGGAA	539.8537031441361	75.94334358863533	22.240996493625182	39.24708305698978	14.14689519745168	9.197720062455065
GSM4138112_HNSCC_2_PBMC_TAGTTGGGTCCATGAT	1280.0232602866115	28.017815573891596	0.0	77.6182099452811	71.73420702590629	96.62694365078195
GSM4138112_HNSCC_2_PBMC_TATTACCCAGCTGTAT	1826.6476541760046	0.0	253.4289509918134	4.078621150698617	0.0	0.0
GSM4138112_HNSCC_2_PBMC_TCATTTGGTGTGGTTT	915.0817373617716	150.42439901241806	27.482144558546597	55.785323433832076	35.92618592749799	12.109810279700005
GSM4138112_HNSCC_2_PBMC_TCATTTGGTTGGAGGT	622.2868321451513	59.745399168605836	1.033592032933468	13.670262074056737	19.039381295018195	23.38091793516706
GSM4138112_HNSCC_2_PBMC_TCTCATAGTCTGCGGT	1193.387398871501	0.0	0.0	23.73992557525255	0.0	0.0
GSM4138112_HNSCC_2_PBMC_TCTCATAGTTTGTGTG	425.39619872777945	154.00076341210865	4.539035535815858	0.0	50.3438341354035	68.35822669298243
GSM4138112_HNSCC_2_PBMC_TCTTTCCTCGAGAGCA	660.283378373184	109.38079481785745	0.0	26.377687042822124	4.300405778457799	0.013135571230294268
GSM4138112_HNSCC_2_PBMC_TGAAAGATCACGCGGT	588.9921823191102	16.831379428426505	1.7360619808198037	0.0	0.0	0.13300195750668814
GSM4138112_HNSCC_2_PBMC_TGACTAGAGAAACCTA	1613.4252276738248	0.0	158.95378359768037	2.3220011129795584	35.57358776323913	0.0
GSM4138112_HNSCC_2_PBMC_TGACTTTAGGATATAC	605.8405015535332	0.0	58.737083864911945	51.80918552048329	64.29713397751912	17.068334568162662
GSM4138112_HNSCC_2_PBMC_TGCACCTTCTAGCACA	581.8021411335334	0.0	0.0	6.554356087179094	22.554791059206774	21.912740116836872
GSM4138112_HNSCC_2_PBMC_TGCCCTACACTGAAGG	860.3611874249431	226.05544174407245	32.715402757271	19.4449589710428	25.524784636703952	0.0
GSM4138112_HNSCC_2_PBMC_TGCCCTAGTAGCCTCG	918.9087918499565	0.0	3.119232669548604	4.337926380127628	127.38075343812919	5.465510999251523
GSM4138112_HNSCC_2_PBMC_TGCCCTAGTTTCGCTC	848.4667631691909	0.0	0.0	59.42071330329009	0.0	0.0
GSM4138112_HNSCC_2_PBMC_TGCGGGTTCACATACG	826.7191921271016	184.0871195192681	90.85639654038506	0.0	41.88689755408469	0.0
GSM4138112_HNSCC_2_PBMC_TGGCGCATCTGCCCTA	418.23426520184114	86.76586139542498	41.09963137432287	32.10719098245214	0.0	14.725689592432168
GSM4138112_HNSCC_2_PBMC_TGGGAAGAGAAACGAG	803.5480159204923	91.38886631198015	46.70489003834798	0.0	0.0	0.0
GSM4138112_HNSCC_2_PBMC_TGGTTAGAGGCCGAAT	369.90672966040137	96.25681401669043	0.0	0.0	100.23274219392428	0.0
GSM4138112_HNSCC_2_PBMC_TGGTTAGCATTAACCG	569.4869139852899	128.98839452229686	39.26399412250396	0.0	0.0	23.970965912494904
GSM4138112_HNSCC_2_PBMC_TTAGGACTCTATCCTA	1433.5113207548138	70.04975089239284	0.0	0.0	29.39548059877566	0.0
GSM4138112_HNSCC_2_PBMC_TTCCCAGCAAGTCATC	868.254536733858	212.47776237685127	0.0	154.90160264231568	71.44044030715159	68.27065318506095
GSM4138112_HNSCC_2_PBMC_TTCGAAGAGGCTATCT	561.1508291719601	58.140995003707076	40.75326656175037	2.8732186839302174	13.749440438614618	2.3684790897057124
GSM4138112_HNSCC_2_PBMC_TTCTACATCCTCATTA	1378.2562493498103	11.17613886517524	0.0	31.848389649078214	7.697105403236079	0.0
GSM4138112_HNSCC_2_PBMC_TTCTCAAAGGCTCAGA	1140.0522723262704	138.90301122299397	0.0	0.0	5.522145604720269	0.0
GSM4138112_HNSCC_2_PBMC_TTGCCGTGTCAGATAA	547.8776679350841	30.832980860068197	11.6836778447742	0.0	46.45084990109888	0.0
GSM4138112_HNSCC_2_PBMC_TTGGAACCAGTCTTCC	267.82267729899723	140.06388976771785	77.32086263754343	6.139465163799291	51.17164597540591	1.2463391514097006
GSM4138112_HNSCC_2_PBMC_TTGGCAAAGATGTGGC	547.9587369603507	51.50165545400017	0.0	10.190935842288484	42.37193709024285	0.0
GSM4138112_HNSCC_2_PBMC_TTGGCAAGTTCCCTTG	859.5581382662851	42.55148076892635	0.0	0.0	36.09217872719463	0.0
GSM4138112_HNSCC_2_PBMC_TTTATGCGTACCTACA	332.0912081180074	41.46065735741582	30.090243182649065	40.408705981907175	16.9236407447683	42.14500611116091
GSM4138112_HNSCC_2_PBMC_TTTGTCATCCGTACAA	923.6814345232035	160.83241452896058	0.0	21.261524206130026	0.0	11.90026922524657
GSM4138112_HNSCC_2_PBMC_AAATGCCTCCGTTGTC	52.67397920593857	1574.4048164015912	0.0	32.5006448802897	58.08239455844285	63.112143269807945
GSM4138112_HNSCC_2_PBMC_AACACGTCACACGCTG	0.0	1812.6364554152422	42.51206824897799	8.852459213766862	82.19821731592526	1.0399680715728572
GSM4138112_HNSCC_2_PBMC_AACTCTTCATGAACCT	213.05300525793007	1176.3369223993739	0.0	50.17951443167769	0.0	18.90042225180635
GSM4138112_HNSCC_2_PBMC_AACTCTTTCGCATGGC	32.42714410447153	1767.172228988537	61.841092896365	28.570224380720557	52.59617772397915	49.66457890965899
GSM4138112_HNSCC_2_PBMC_AAGACCTCAACTGCGC	0.0	1962.684483244766	0.0	0.0	6.158381126343361	0.0
GSM4138112_HNSCC_2_PBMC_AAGCCGCCACGCCAGT	352.2026540324784	984.1248870526852	251.37860161354283	0.0	0.0	16.6533523677821
GSM4138112_HNSCC_2_PBMC_AAGCCGCGTGCGGTAA	414.31792021971097	950.3602719473228	124.1269632730068	0.0	0.7202275018107843	0.0
GSM4138112_HNSCC_2_PBMC_AAGGTTCGTGTAAGTA	106.32707887743696	874.9076994407164	0.0	0.0	0.0	0.0
GSM4138112_HNSCC_2_PBMC_ACGAGCCAGAGGTTGC	195.7739138170673	1318.2122587366932	0.0	0.0	24.585561133932465	75.61017834049284
GSM4138112_HNSCC_2_PBMC_ACTGCTCGTCTCCCTA	0.0	1520.6046996069372	148.6083742287721	49.333639488634496	0.0	0.0
GSM4138112_HNSCC_2_PBMC_ACTGCTCTCTGCCCTA	0.0	1585.901111993232	81.67283393498406	43.14022830137084	86.1109198445116	0.0
GSM4138112_HNSCC_2_PBMC_ACTTACTCAATTGCTG	168.2702352110959	1276.7346866056332	0.0	15.589808114910024	9.127240198192014	3.717627887265393
GSM4138112_HNSCC_2_PBMC_AGCAGCCCAAACTGCT	258.4564245622921	1146.5056305918054	69.72403203956277	44.16767690618573	2.783649737845788	0.0
GSM4138112_HNSCC_2_PBMC_AGCGTCGCAAATACAG	0.0	1690.9282922490056	0.0	0.0	11.134237918354048	0.0
GSM4138112_HNSCC_2_PBMC_AGTTGGTGTACTTGAC	138.2029057756542	1036.2510649922044	7.5653118991640405	0.0	0.0	19.339508579904926
GSM4138112_HNSCC_2_PBMC_ATCCGAATCTGCTTGC	0.0	1482.6933458961958	19.121972514714503	28.356992242047575	50.9755516090185	28.949182344522878
GSM4138112_HNSCC_2_PBMC_ATCGAGTTCTGGAGCC	292.74927289760825	1141.3722490068528	32.56242722732264	30.783084947617027	39.26960663486014	0.0
GSM4138112_HNSCC_2_PBMC_ATGAGGGCATCTATGG	216.2901761102135	1572.6088575554516	126.4825073132971	0.0	0.0	35.65773232942514
GSM4138112_HNSCC_2_PBMC_ATTACTCGTTGGTTTG	238.61070177833093	1028.7567240891442	0.0	57.08035804486561	41.86342859487969	14.390300583445313
GSM4138112_HNSCC_2_PBMC_ATTCTACCAGACTCGC	291.01817978987526	1215.3834703251077	115.83384402747511	0.0	47.82145376938424	23.87801724855248
GSM4138112_HNSCC_2_PBMC_ATTGGTGCAGTAAGCG	31.932703654380656	1575.2187309799283	0.0	0.0	0.0	0.0
GSM4138112_HNSCC_2_PBMC_CAACTAGTCTAGCACA	0.0	908.6693611004232	33.37323020426853	0.0	13.2432003892298	71.1139691738649
GSM4138112_HNSCC_2_PBMC_CACATAGAGTTCGCAT	89.85454809257443	1180.5857472667226	124.35146317788845	34.356811497473494	0.0	22.58594213989484
GSM4138112_HNSCC_2_PBMC_CAGCGACAGCCACGTC	110.32178266570293	1256.1291064467944	0.0	9.278410124216068	24.944223387415406	0.0
GSM4138112_HNSCC_2_PBMC_CAGCTAACAAGGCTCC	28.902814616539857	1954.0263598761849	0.0	0.0	3.5171163201754077	0.0
GSM4138112_HNSCC_2_PBMC_CATATTCTCATAACCG	0.0	1579.6803067522071	398.3821220500528	0.0	25.063944199580945	66.08608784838661
GSM4138112_HNSCC_2_PBMC_CATGGCGTCGCACTCT	110.37993974292482	1106.2059963804993	113.4274727410956	0.0	0.0	51.56419743647531
GSM4138112_HNSCC_2_PBMC_CATTATCCAGTCGATT	196.74176390864108	1284.1613037849982	0.0	30.36323562325284	0.0	44.492396287339716
GSM4138112_HNSCC_2_PBMC_CATTATCGTACGAAAT	0.0	1447.8912911317318	0.0	24.14466748505737	0.0	8.240132805780382
GSM4138112_HNSCC_2_PBMC_CATTATCTCGTTTGCC	0.0	430.4339140397712	0.0	8.36378175806126	29.152692042913554	12.415141381370558
GSM4138112_HNSCC_2_PBMC_CCCAATCAGGAGCGAG	0.0	713.8273455143102	4.288743308421769	14.699063424882963	0.0	4.771533888838904
GSM4138112_HNSCC_2_PBMC_CCGGGATTCTCGTTTA	121.8659396339287	373.5577128727047	91.76298768137335	0.750812699740815	8.911508027073358	9.805187920041087
GSM4138112_HNSCC_2_PBMC_CCTAGCTCACAGAGGT	0.0	1704.1243753470433	0.0	22.941612360038743	0.0	0.0
GSM4138112_HNSCC_2_PBMC_CCTATTATCTCAACTT	169.2262662216884	1281.1105456468827	11.292130652768302	26.48409644441286	0.0	44.830921458182004
GSM4138112_HNSCC_2_PBMC_CCTCAGTAGACTGTAA	151.8935453630833	1235.9803550385318	70.68855452911434	0.0	0.0	0.0
GSM4138112_HNSCC_2_PBMC_CCTTTCTGTCTAAACC	360.37205643191135	1138.372567431622	17.464082308732397	33.56224416862852	36.44395121264873	48.95197565057476
GSM4138112_HNSCC_2_PBMC_CGACCTTAGGTGCTTT	0.0	1617.937306677631	80.74208068702116	9.910217505732234	0.0	0.0
GSM4138112_HNSCC_2_PBMC_CGAGAAGTCGAGCCCA	0.0	1554.3774381676956	0.0	0.0	68.0013552314609	68.48313077047986
GSM4138112_HNSCC_2_PBMC_CGATGTACAACTGCTA	0.0	1555.0444456683977	0.0	0.0	0.0	102.30129354844046
GSM4138112_HNSCC_2_PBMC_CGGACACCAGAGTGTG	58.494817053493854	1429.2343486161656	169.6547032374034	52.52546425968815	0.0	6.67493158135338
GSM4138112_HNSCC_2_PBMC_CGTTAGAAGATATACG	0.0	1817.3735277257965	72.22217252295181	0.0	6.382505388174359	0.0
GSM4138112_HNSCC_2_PBMC_CGTTCTGCATCCTAGA	49.16129418630728	747.9457651473739	0.0	0.0	56.86953977431909	23.973123302568084
GSM4138112_HNSCC_2_PBMC_CTACACCTCCTGTACC	327.8826604248793	1396.017952580729	82.35761550680483	0.0	85.06906885309185	3.6420290684245282
GSM4138112_HNSCC_2_PBMC_CTACGTCCAAATCCGT	38.1678548806825	1099.1992957438538	31.672418831051157	0.0	11.325737066496105	24.243206310449228
GSM4138112_HNSCC_2_PBMC_CTCGAAAGTCCATCCT	0.0	879.3051318402072	0.0	0.0	24.625566866138005	31.728918534893264
GSM4138112_HNSCC_2_PBMC_CTCGGGATCTAACTGG	236.76000168537547	1084.2643665800142	43.226507722581836	0.0	0.0	100.19671157809569
GSM4138112_HNSCC_2_PBMC_CTCTGGTAGACAAGCC	0.0	1637.9198840889887	0.0	13.486781430890845	5.202442422378275	48.53824783249908
GSM4138112_HNSCC_2_PBMC_CTGCTGTAGTGCGTGA	0.0	1445.7920804382543	0.0	0.0	0.0	0.0
GSM4138112_HNSCC_2_PBMC_CTGGTCTGTTGGGACA	0.0	876.3560738309084	117.4347568639591	47.82039612369403	0.0	0.0
GSM4138112_HNSCC_2_PBMC_CTTAGGAGTTCGGGCT	60.97695640076148	809.8383130532465	27.787264079276433	20.386443156423994	21.734004113088037	0.0
GSM4138112_HNSCC_2_PBMC_CTTAGGATCACTATTC	98.36483942553888	710.4652319279111	86.97183163518899	0.0	0.0	1.840022048630042
GSM4138112_HNSCC_2_PBMC_CTTTGCGAGGTAGCCA	259.8738873222627	1018.6560901112438	33.38853493511211	25.917535809622162	9.694091473729962	19.40202025378636
GSM4138112_HNSCC_2_PBMC_GAAATGAGTTATGTGC	305.8927913435355	1378.201599480517	0.0	0.0	5.160917300226543	48.55967045136377
GSM4138112_HNSCC_2_PBMC_GAACATCTCACCGTAA	0.0	1463.2919046438642	36.9346665103407	21.49150600027238	46.17887042740599	0.0
GSM4138112_HNSCC_2_PBMC_GACCAATGTCTGGTCG	313.9204618775577	1310.908106820233	0.0	0.0	28.379093117233325	53.996323384495604
GSM4138112_HNSCC_2_PBMC_GACCTGGTCATCACCC	139.41447779355195	1363.634701799677	60.27012514907618	5.533310042801021	0.0	0.0
GSM4138112_HNSCC_2_PBMC_GACTACACAACTGGCC	0.0	1754.0350053251857	0.0	40.71903589668824	21.13263211563878	0.0
GSM4138112_HNSCC_2_PBMC_GATGCTACAACTGCGC	28.09231685906399	606.1696834175867	5.276763049831704	0.0	11.888520313550757	33.457545905364135
GSM4138112_HNSCC_2_PBMC_GCACTCTGTGCATCTA	0.0	2388.5162882669047	0.0	0.20066465504892833	5.5643980149667875	6.322367038225804
GSM4138112_HNSCC_2_PBMC_GCAGCCACATGTAGTC	221.9608119194421	953.0556261626648	0.0	64.29435639648553	0.0	0.0
GSM4138112_HNSCC_2_PBMC_GCAGCCAGTTGGACCC	0.0	1501.7125401719056	0.0	35.02016391288726	0.0	0.0
GSM4138112_HNSCC_2_PBMC_GCATGCGAGATGTCGG	0.0	1102.9207254977196	266.0554391936798	67.23275674473147	42.01303790000088	0.0
GSM4138112_HNSCC_2_PBMC_GCATGCGAGTTTGCGT	0.0	1477.089335476268	110.12834960165179	0.0	32.202964226874464	113.13674199145544
GSM4138112_HNSCC_2_PBMC_GCATGCGTCCTTGCCA	0.0	1050.3397743571809	0.0	0.0	73.80167419564553	58.08476126426949
GSM4138112_HNSCC_2_PBMC_GCGGGTTTCCAGGGCT	15.678008393615604	1354.8917888349358	340.4385275268617	0.0	12.474072756196191	12.459515618870574
GSM4138112_HNSCC_2_PBMC_GCTGCGATCAGCGATT	166.50405345558218	1523.8258347468536	0.0	0.0	0.0	29.193418441851275
GSM4138112_HNSCC_2_PBMC_GCTGCGATCTGCTGCT	0.0	1417.79068150189	389.1425855752029	0.0	26.80358778991787	24.51742217527362
GSM4138112_HNSCC_2_PBMC_GCTTCCATCTCGAGTA	0.0	1437.5765404380563	0.0	0.0	2.932852298759889	2.8256354577419067
GSM4138112_HNSCC_2_PBMC_GGACATTCAAGCTGTT	0.0	680.4810664900871	0.0	0.17795358391134236	48.09597195154755	5.617735275393362
GSM4138112_HNSCC_2_PBMC_GGAGCAAGTCTGCCAG	205.8771989554264	1129.3593973389895	78.79242497796406	0.0	0.0	0.0
GSM4138112_HNSCC_2_PBMC_GGATGTTGTGACGCCT	0.0	1325.1848742156649	59.128022606137996	0.0	0.0	37.44347121357118
GSM4138112_HNSCC_2_PBMC_GGATTACGTCGACTGC	0.0	910.0719403739539	0.0	6.437181140017294	37.39027425123956	0.0
GSM4138112_HNSCC_2_PBMC_GGCCGATAGACGACGT	72.19476783717049	1522.7411533525362	0.0	50.456637132866206	0.0	0.0
GSM4138112_HNSCC_2_PBMC_GTAACTGTCTACGAGT	315.2750215171531	814.3292671835981	74.32528230201598	39.41230591169409	0.0	0.0
GSM4138112_HNSCC_2_PBMC_GTACGTAGTTCCTCCA	116.82998019411507	1096.294116367242	158.5207832676656	18.956563023297964	65.67265269480622	0.0
GSM4138112_HNSCC_2_PBMC_GTCAAGTTCGGCGGTT	62.092391637674275	1093.10874693552	23.588428102901897	0.0	0.0	28.41018603204693
GSM4138112_HNSCC_2_PBMC_GTCACAATCGGTGTCG	0.0	1539.8329305289224	0.0	38.65776787569319	0.0	0.0
GSM4138112_HNSCC_2_PBMC_GTCACGGAGGCTAGCA	0.0	1240.1867902852039	214.14870610616737	0.0	39.0607255615821	27.54448688299085
GSM4138112_HNSCC_2_PBMC_GTGCATAAGTTAACGA	0.0	1538.534216734294	16.02235793827125	0.0	13.27438650376326	6.088109863023531
GSM4138112_HNSCC_2_PBMC_GTTTCTAAGGCATTGG	0.0	753.0359844525801	56.291293299049485	0.0	0.0	19.16924007235942
GSM4138112_HNSCC_2_PBMC_GTTTCTATCTCTAAGG	1244.4679240259309	1976.7696077407088	15.740784466441166	22.765931908214554	218.1535960810744	0.0
GSM4138112_HNSCC_2_PBMC_TAAGCGTTCGGCGCAT	83.77385331365943	633.3551294044192	0.0	0.0	20.716073339202648	44.964128076422
GSM4138112_HNSCC_2_PBMC_TAAGTGCCATCAGTCA	5.693040043965005	1650.7107986494043	0.0	0.0	0.0	0.0
GSM4138112_HNSCC_2_PBMC_TACACGAAGGAGTACC	150.24617684628743	1260.3935166977767	51.62137170384236	10.209236817683037	25.206849621881698	26.234212718939595
GSM4138112_HNSCC_2_PBMC_TACTTGTGTCGAAAGC	28.721211173641652	1310.5704709460474	81.96636984799487	0.0	17.80881887808467	25.11614539426566
GSM4138112_HNSCC_2_PBMC_TCACAAGAGTCCGGTC	168.4104854518197	1001.8780299437722	153.86460205468666	19.765447454271893	0.0	33.952621944171604
GSM4138112_HNSCC_2_PBMC_TCAGCTCGTGTATGGG	168.5218123560415	1109.1658531269784	61.81578343725399	0.0	33.38856968963748	6.294283922504465
GSM4138112_HNSCC_2_PBMC_TCGCGAGCACCGAAAG	26.721673797381996	1277.2844467306127	0.0	19.174114882339392	5.256120753089224	32.77868184517466
GSM4138112_HNSCC_2_PBMC_TCGCGTTCAAGTACCT	0.0	1566.6974168103764	42.51685871372433	0.0	8.183982613610883	28.3448021933591
GSM4138112_HNSCC_2_PBMC_TGGACGCTCTTTAGGG	16.968465595635706	1449.7780126546897	0.0	0.0	0.0	0.0
GSM4138112_HNSCC_2_PBMC_TGGGAAGTCACATGCA	0.0	1650.4775025600438	0.0	27.81602529493926	27.56025485357791	1.2728799001893476
GSM4138112_HNSCC_2_PBMC_TGGTTAGTCCAACCAA	176.27995502517194	1291.2181845559107	213.96921582770506	49.854414468530564	0.0	0.0
GSM4138112_HNSCC_2_PBMC_TTCTCAAAGTGAAGTT	172.93679959244258	707.3067085019419	11.188842124532343	0.0	30.596739391508102	0.0
GSM4138112_HNSCC_2_PBMC_TTCTCAACAATAGAGT	0.0	1516.1951955159398	20.92376972946408	72.11625170284029	53.29417585634617	82.77091637042241
GSM4138112_HNSCC_2_PBMC_TTTATGCCATTTGCTT	0.0	1036.8278682154598	48.28889931128188	0.0	34.36620869609586	83.11381430737417
GSM4138112_HNSCC_2_PBMC_GGACATTAGCAATATG	497.02901618754606	54.24846337114735	126.91553884558648	32.33097349993334	0.0	0.13206639930638345
GSM4138112_HNSCC_2_PBMC_CGTCAGGTCGCCTGTT	688.7089198368102	157.45193839379277	0.0	2.6312459489406477	68.93879928471073	35.022276606772024
GSM4138112_HNSCC_2_PBMC_GCTCCTAGTAAGCACG	745.1347501159793	52.62311328445393	83.6792793021243	31.728645103411658	0.0	26.15787133179604
GSM4138112_HNSCC_2_PBMC_TTAGGCATCATGCATG	657.6185151711933	0.0	0.0	0.0	30.06168785199151	43.70110423686846
GSM4138112_HNSCC_2_PBMC_AAACCTGTCTTTCCTC	321.6274568028139	369.3235023725233	118.68545588315953	2.718582989003659	0.0	0.0
GSM4138112_HNSCC_2_PBMC_AATCGGTTCTGCAGTA	210.18882942040983	334.91565039805755	211.24284333310362	0.0	11.884734969430605	0.0
GSM4138112_HNSCC_2_PBMC_ACACTGAAGCCGCCTA	618.5144948390237	664.1686447349915	0.0	36.11466114805292	0.0	0.0
GSM4138112_HNSCC_2_PBMC_ACTTTCACAGCCTTTC	633.174157463491	208.7703064944009	38.828864941451734	23.41492392169936	35.46348138336057	47.92036850136095
GSM4138112_HNSCC_2_PBMC_AGACGTTAGCCGTCGT	277.7864064007104	188.27747956738804	0.0	0.0	50.32891694068154	144.77778631571158
GSM4138112_HNSCC_2_PBMC_AGATCTGTCCCTCTTT	228.2553309149742	300.3161110600797	61.0067787039697	73.26311990696513	0.0	0.0
GSM4138112_HNSCC_2_PBMC_ATCGAGTAGGGATCTG	257.6358624003677	760.6328576455955	32.08830870552323	28.766773904553695	29.106087021326207	0.0
GSM4138112_HNSCC_2_PBMC_ATGCGATGTCAAAGCG	350.427712471639	291.5070604096414	40.39566637510247	0.7926031852353355	0.0	0.0
GSM4138112_HNSCC_2_PBMC_CAAGTTGCACCAGATT	324.8521711438736	714.6960851388839	228.80747151359455	0.0	19.73382619277116	0.0
GSM4138112_HNSCC_2_PBMC_CACATTTTCGCCCTTA	557.0496469046051	258.17457420076147	0.0	0.0	58.67568345159891	41.77014002140242
GSM4138112_HNSCC_2_PBMC_CAGCGACAGAATCTCC	888.7625355467275	688.7743058678931	80.08612069750644	0.0	43.24094990768972	74.74174581855198
GSM4138112_HNSCC_2_PBMC_CAGCTGGGTAAGTGGC	110.0142196309709	290.50755437119585	20.418410806706827	20.483837334527117	22.147280874669104	19.631645125408326
GSM4138112_HNSCC_2_PBMC_CCAATCCTCAGTTGAC	412.63667806564456	238.647844971189	1.3133489347792544	41.396547993821976	13.132232701851395	0.0
GSM4138112_HNSCC_2_PBMC_CCTCTGACACCTTGTC	757.5921510216396	761.7072170432599	135.67412205606004	64.25898184195219	40.5565424028638	49.92327802253688
GSM4138112_HNSCC_2_PBMC_CGATGTAAGTACGACG	484.035171025829	409.7654513385137	118.9213198721685	0.0	0.0	59.50780415987659
GSM4138112_HNSCC_2_PBMC_CGTGTAAAGACTCGGA	481.59885312729153	369.4314272903358	168.00690472298166	38.33092350346158	0.0	0.0
GSM4138112_HNSCC_2_PBMC_CGTGTCTCACTTAACG	267.8776329814103	277.1118418608755	149.58584037968717	50.69948341089911	19.200894592428913	0.0
GSM4138112_HNSCC_2_PBMC_CTCCTAGTCAAACAAG	354.89912033725585	422.83262088404155	72.1054064766807	38.01765256968347	4.155050848591342	0.0
GSM4138112_HNSCC_2_PBMC_GATGAGGAGGATGTAT	759.7510456886857	961.4442847928283	243.54915446369216	0.0	145.5495364101176	10.143456349974562
GSM4138112_HNSCC_2_PBMC_GTCGTAAAGAACTCGG	143.33234442190334	250.70908239369936	86.95488173365462	25.756644203304962	29.616525243309233	14.935404846197985
GSM4138112_HNSCC_2_PBMC_GTGAAGGGTACAGACG	285.9683299635847	697.4397633242068	25.840824052020125	0.0	6.230130106275553	0.0
GSM4138112_HNSCC_2_PBMC_TAAGTGCGTACCGCTG	276.93548314329166	436.7083417804352	171.639942905619	0.0	34.349335121345874	12.785527171912694
GSM4138112_HNSCC_2_PBMC_TACTCATCAAAGGTGC	541.63583105718	698.5671432487198	359.94142461388765	0.0	19.189618647744226	9.479522249828102
GSM4138112_HNSCC_2_PBMC_TATCTCACAATGGTCT	633.2443377580387	592.612345084262	176.83022092758623	17.422300111894714	19.660540070853134	0.0
GSM4138112_HNSCC_2_PBMC_TCAGGATAGTAAGTAC	309.42282597823834	317.9203845623061	70.58313447917091	0.0	0.0	0.0
GSM4138112_HNSCC_2_PBMC_TCATTTGGTGACGGTA	292.44146377169193	770.841355074098	0.0	30.299092041178337	40.2900387093726	0.0
GSM4138112_HNSCC_2_PBMC_TGATTTCAGCTAACAA	556.3059644768247	1085.832152902161	225.99491327493394	0.0	3.4385273317134524	50.30187312007021
GSM4138112_HNSCC_2_PBMC_TGCCCATCATCCAACA	641.3026762864947	494.11522242705297	34.867982540755705	36.45610193179665	60.90103833800846	5.010810193195714
GSM4138112_HNSCC_2_PBMC_TGGGCGTTCGCATGGC	628.664829203673	948.2184144990661	417.23572950539636	44.73186704870057	73.2940114905948	0.0
GSM4138112_HNSCC_2_PBMC_TTTGCGCGTTGGGACA	71.45479522317142	290.4118520020861	18.89678179474064	24.017001201010544	16.171141154849803	8.962285307490104
GSM4138112_HNSCC_2_PBMC_ACACCGGGTATGCTTG	288.34719551678444	585.7469841299798	2.691238895842253	13.179850694067927	0.0	0.0
GSM4138112_HNSCC_2_PBMC_AGCAGCCAGGATGGTC	114.97384313138475	753.953109474652	0.0	0.0	0.0	54.961435636808126
GSM4138112_HNSCC_2_PBMC_ATAGACCGTTACTGAC	150.8326489728956	292.2347715989965	24.66229198952781	3.288868466583823	4.130993195629657	2.1304925530963494
GSM4138112_HNSCC_2_PBMC_CAAGTTGTCCAAACAC	70.68636752570474	325.47781987222925	32.32508758245403	0.0	0.0	0.0
GSM4138112_HNSCC_2_PBMC_CATCCACAGTCGTACT	347.4676609507628	463.8126377722543	93.53237037337199	0.0	21.989166039170023	22.402277549086435
GSM4138112_HNSCC_2_PBMC_CCGTGGACATATACCG	466.12994964277146	783.1020410832353	67.00910925126605	0.0	0.0	0.4062708242219544
GSM4138112_HNSCC_2_PBMC_CCTCTGAGTTCGGGCT	124.67161730952492	681.371219900446	0.0	77.73258571966595	12.399044211917026	9.775566556792842
GSM4138112_HNSCC_2_PBMC_CCTTCGATCGGCTTGG	244.78009765410886	671.9284550771378	0.0	4.873866916261707	0.0	19.761318417063343
GSM4138112_HNSCC_2_PBMC_CTGATAGCAAGAAAGG	172.30028390394395	321.61513421656525	33.872995348739906	0.0	13.48359122431304	39.348867869977724
GSM4138112_HNSCC_2_PBMC_GCCTCTATCATGTGGT	519.0647266820088	1151.958064857018	217.79849481005505	5.326703560269729	37.46527362373422	0.0
GSM4138112_HNSCC_2_PBMC_GGGATGACAAGCGATG	414.284862977837	721.2618224250327	11.994825322961795	0.0	20.0052995851725	34.92706896493062
GSM4138112_HNSCC_2_PBMC_GGGTTGCGTTTGGCGC	238.22554708523413	659.3881825599424	0.0	0.0	14.192116804344876	15.770207115862585
GSM4138112_HNSCC_2_PBMC_GTCATTTTCACGCGGT	321.4602721060104	503.2018293427694	48.24329510280013	8.212103533664479	0.4410425449107168	25.984399261720636
GSM4138112_HNSCC_2_PBMC_TCCCGATGTGCGATAG	109.53957509430708	415.0467116790837	0.0	29.264315911278143	7.030448699257702	55.11081410561151
GSM4138112_HNSCC_2_PBMC_TCGTACCTCAGCTCGG	967.5901087008809	704.549129765701	0.0	7.762721180616258	0.0	32.924236835692334
GSM4138112_HNSCC_2_PBMC_TCTCATATCACAAACC	583.0543034613615	837.3076914110296	32.4092880965274	0.0	0.0	18.449187230347963
GSM4138112_HNSCC_2_PBMC_AACTGGTCATAACCTG	1057.8946737268698	140.22548046326943	963.8703049637559	0.0	0.0	55.398864163702825
GSM4138112_HNSCC_2_PBMC_ACTGAACGTCTTGTCC	1198.8712371835754	0.0	1205.22371934804	0.0	0.0	0.0
GSM4138112_HNSCC_2_PBMC_CGTCAGGCAGGAACGT	633.9112017764231	371.83679832836515	1094.1096548147418	32.372918199141054	78.00459176186338	51.14394737999238
GSM4138112_HNSCC_2_PBMC_GAGGTGACAGGATCGA	716.188940307602	418.759216993345	252.70899711285617	54.203452580738755	14.511491065263584	5.621180664215661
GSM4138112_HNSCC_2_PBMC_GATCAGTAGCGATTCT	1712.856082918534	52.25243755245826	632.166234999747	24.658960771066617	155.91980209109911	0.0
GSM4138112_HNSCC_2_PBMC_GCAAACTTCGTGGACC	1000.8779311184079	365.51696037192136	1456.405609980979	0.0	9.342044350502784	38.38274048672464
GSM4138112_HNSCC_2_PBMC_GCATACAAGGCTACGA	757.2850990922078	558.590932167301	1290.917421368521	74.93098588466852	0.0	0.0
GSM4138112_HNSCC_2_PBMC_GCTTGAAAGGAATGGA	1200.59204238273	0.0	441.63006083402263	58.86358838338007	60.9532250637484	0.0
GSM4138112_HNSCC_2_PBMC_GTCATTTCAGCTCGAC	1365.8918622064245	40.80692444085668	916.6789969659393	33.38966259439676	0.0	0.0
GSM4138112_HNSCC_2_PBMC_AATCGGTCAGGCAGTA	111.63829634419717	151.05176503215375	2074.147845439397	101.37330500346759	57.70141928253533	0.0
GSM4138112_HNSCC_2_PBMC_ACACCAAGTTCCCTTG	279.14915109817673	219.016452932563	924.0017008563095	180.2110203165744	94.91060895852154	51.52717425094076
GSM4138112_HNSCC_2_PBMC_ACGTCAACAATAGCAA	0.0	0.0	3178.422470697948	0.0	0.0	43.205770456476706
GSM4138112_HNSCC_2_PBMC_ACTGCTCCACATGGGA	0.0	0.0	2917.8716661368376	0.0	0.0	0.0
GSM4138112_HNSCC_2_PBMC_AGGGATGTCTCTTGAT	311.2932522033981	131.01712893830185	937.088545035826	94.0661616309616	35.59552817271994	183.10763644535322
GSM4138112_HNSCC_2_PBMC_ATCTGCCTCGTGGACC	648.4785711545186	73.92567721309085	1190.3469643560306	22.70345973147253	0.0	23.36226568528575
GSM4138112_HNSCC_2_PBMC_CCCAGTTTCACGCATA	0.0	0.0	2965.4422271109365	0.0	0.0	0.0
GSM4138112_HNSCC_2_PBMC_CTGAAGTCACGAGAGT	913.7533453141486	0.0	1707.1474843420262	0.0	0.0	5.650173818476412
GSM4138112_HNSCC_2_PBMC_CTGATAGCACCGCTAG	192.29944792034598	80.94093476566188	905.7922772945401	0.0	62.0011414688729	189.73900809760315
GSM4138112_HNSCC_2_PBMC_CTGCTGTGTCCGAACC	141.829596754604	131.54879356510173	614.7511017626193	95.11307438357652	92.79581773720675	18.998204601566062
GSM4138112_HNSCC_2_PBMC_GACGGCTAGCGTAATA	913.198129073102	0.0	1454.9097662291706	37.73613570660165	72.99264356671745	0.0
GSM4138112_HNSCC_2_PBMC_GATCGTACAAGACACG	613.8316116080282	0.0	1032.4959221437373	0.0	0.0	142.5921887048181
GSM4138112_HNSCC_2_PBMC_TAGACCAAGGCCGAAT	0.0	0.0	3103.193399486251	0.0	0.0	0.0
GSM4138112_HNSCC_2_PBMC_TGCGTGGTCACCTTAT	17.205155379768897	0.0	2722.7200751670907	0.0	0.0	0.0
GSM4138112_HNSCC_2_PBMC_AAACCTGCATTATCTC	32.51061804570363	0.0	71.62266816769998	1873.3025996709162	0.0	0.0
GSM4138112_HNSCC_2_PBMC_AACGTTGTCATGTCTT	18.23822057602545	29.5556754236919	0.0	2053.96026983237	47.608517259648536	1.373307619364161
GSM4138112_HNSCC_2_PBMC_AACTCTTGTATAGGTA	0.0	0.0	0.0	1730.7219539679518	36.73354300111107	70.3612954086239
GSM4138112_HNSCC_2_PBMC_ACGATGTTCTGGTATG	21.2017844806994	87.9818016935076	0.0	1672.922374890735	47.817673067671535	13.672437302562408
GSM4138112_HNSCC_2_PBMC_ACTGAGTAGGAGTACC	0.0	128.70717016567747	0.0	1864.7947149162524	0.0	0.0
GSM4138112_HNSCC_2_PBMC_AGCATACCAAAGGCGT	5.871847240181479	0.0	0.0	1664.9339229579587	88.53007893737556	0.0
GSM4138112_HNSCC_2_PBMC_ATCATGGGTCAAAGAT	0.0	0.0	27.11627628314898	1591.0099746118751	0.0	39.11573117463376
GSM4138112_HNSCC_2_PBMC_ATCCGAACATAACCTG	37.71728554265934	0.0	114.14668639850595	1362.4568097582032	37.04451980424395	0.0
GSM4138112_HNSCC_2_PBMC_ATGAGGGAGACTAGGC	0.0	0.0	145.36060252926333	1134.7125475512946	0.0	0.0
GSM4138112_HNSCC_2_PBMC_CAGCTGGGTACCATCA	0.0	45.87499958327276	0.0	909.1415257620358	64.36335772904957	51.14887113421037
GSM4138112_HNSCC_2_PBMC_CATCCACAGCGTCAAG	0.0	0.0	1101.6124294628141	1085.9350812006373	251.85681193265842	0.0
GSM4138112_HNSCC_2_PBMC_CCGTTCATCTGTGCAA	0.0	105.44223011498968	17.680980291968027	1904.8867559968003	22.93540311213626	0.0
GSM4138112_HNSCC_2_PBMC_CGGTTAAAGCAATCTC	19.878496184780673	0.0	0.0	1536.802915732883	0.0	17.27108841707781
GSM4138112_HNSCC_2_PBMC_CTTCTCTCAGAGCCAA	0.0	55.311469291728386	1844.0235699345396	563.9339346595484	55.55776855206832	88.36835146357498
GSM4138112_HNSCC_2_PBMC_GCACATACAATGAAAC	63.271118844112706	0.0	0.0	1894.6309318829212	108.83435500359283	136.8699559434592
GSM4138112_HNSCC_2_PBMC_GCTCCTAAGTGAAGTT	0.0	8.823530989292918	0.0	1971.233188044234	0.0	0.0
GSM4138112_HNSCC_2_PBMC_GCTGGGTGTTTCGCTC	0.0	0.0	0.0	2037.2842048045434	0.0	0.0
GSM4138112_HNSCC_2_PBMC_GGATGTTGTGTCGCTG	0.0	0.0	0.0	1709.3606041798575	26.86984240907067	0.0
GSM4138112_HNSCC_2_PBMC_GGCGACTTCTTGTTTG	0.0	0.0	154.37926561344906	1661.6649694877017	43.000667492917	0.0
GSM4138112_HNSCC_2_PBMC_GGCTCGATCATTGCGA	0.0	0.0	0.0	1079.5950785926	0.0	0.0
GSM4138112_HNSCC_2_PBMC_GTGTTAGGTCTCAACA	0.0	22.579263633920146	49.024240079154126	1623.9944708669157	28.668459147763404	0.0
GSM4138112_HNSCC_2_PBMC_TCAATCTCAGGTTTCA	0.0	110.48546399146623	10.369900107485504	1531.5084250754055	0.0	31.857581871507076
GSM4138112_HNSCC_2_PBMC_TCACGAAGTGACGCCT	0.0	22.076577742749937	185.63394138436445	2007.1953443120713	0.0	4.262460817991759
GSM4138112_HNSCC_2_PBMC_TGCGCAGTCCAAGTAC	0.0	0.0	0.0	2147.6454402656686	50.45183007500379	0.0
GSM4138112_HNSCC_2_PBMC_TTCTCCTAGTACGTTC	87.36878285064728	54.600395087611034	0.0	1761.9491536120174	0.0	81.55385118685325
GSM4138112_HNSCC_2_PBMC_TTTACTGAGACTGTAA	0.0	0.0	0.0	0.0	0.0	3814.4085323378604
GSM4138112_HNSCC_2_PBMC_AGCAGCCTCCGTAGGC	0.0	0.0	1120.4065099464904	0.0	2231.3024735994745	0.0
GSM4138112_HNSCC_2_PBMC_CAGCGACAGACACGAC	0.0	0.0	0.0	0.0	4749.315914799468	0.0
