	1	2	3	4	5	6	7	8	9	10	11	12	13	14	15	16	17	18	19	20	21	22	23	24	25	26	27	28	29
GSM4138112_HNSCC_2_PBMC_AACCGCGAGGGCTCTC	17.731901694453725	110.79194403655835	0.0	30.250828038740757	19.450016721143868	0.0	60.18597535516519	0.0	0.0	0.0	0.0	0.0	0.0	0.0	0.0	0.0	0.0	0.0	0.0	0.0	0.0	0.0	0.0	0.0	0.0	0.0	0.0	0.0	0.0
GSM4138112_HNSCC_2_PBMC_AGCCTAAAGAGGGCTT	0.0	0.0	0.0	17.079467010268818	7.06356874329761	0.0	0.0	10.816943023610843	0.0	0.0	24.176392301383025	8.296686153595425	32.75857509135588	10.884077364011587	0.0	0.0	0.0	0.0	0.0	0.0	0.0	25.81097222886089	0.0	0.0	31.25986993133157	0.0	0.0	0.0	0.0
GSM4138112_HNSCC_2_PBMC_ATAGACCTCTACGAGT	69.62714225360381	0.0	122.807040329907	28.569110652261276	17.102275550539815	0.0	0.0	0.0	0.0	0.0	0.0	0.0	0.0	0.0	0.0	0.0	0.0	0.0	0.0	0.0	0.0	0.0	0.0	0.0	0.0	0.0	0.0	0.0	0.0
GSM4138112_HNSCC_2_PBMC_CAGCGACCAGGGAGAG	50.625610245412226	0.0	0.0	28.941889192393088	11.151232642912056	73.74449115251628	0.0	0.0	0.0	0.0	24.22956749721588	0.0	0.0	0.0	0.0	0.0	0.0	0.0	0.0	0.0	0.0	0.0	0.0	0.0	0.0	0.0	0.0	0.0	0.0
GSM4138112_HNSCC_2_PBMC_CCTAGCTAGACACTAA	25.90057946816991	0.0	100.0210119014349	13.634836762951643	12.209940088486839	0.4447975813913353	41.08196943965879	0.0	0.0	0.0	0.0	0.0	0.0	0.0	0.0	0.0	0.0	0.0	0.0	0.0	0.0	0.0	0.0	0.0	0.0	0.0	0.0	0.0	0.0
GSM4138112_HNSCC_2_PBMC_CGCGTTTCACGGACAA	44.54883969283318	0.0	114.13442839804507	18.01741032102543	8.261763944231417	0.0	0.0	0.0	0.629751911802438	0.0	0.0	0.0	0.0	0.0	0.0	0.0	0.0	0.0	0.0	0.0	0.0	0.0	0.0	0.0	0.0	0.0	0.0	0.0	0.0
GSM4138112_HNSCC_2_PBMC_CGTGTCTCATTCCTCG	49.778384958859114	0.0	80.8804656863177	14.745396470562262	11.662407570163838	0.0	41.06806903608085	0.0	0.0	0.0	0.0	0.0	0.0	0.0	0.0	0.0	0.0	0.0	0.0	0.0	0.0	0.0	0.0	0.0	0.0	0.0	0.0	0.0	0.0
GSM4138112_HNSCC_2_PBMC_CTAACTTCATAGACTC	0.5237502659271259	0.0	113.74808321169994	71.21614162247278	35.785446829801145	0.0	0.8806451655127812	0.0	0.0	0.0	0.0	18.582018812620216	0.0	30.64246583428272	0.0	0.0	0.0	0.0	0.0	0.0	0.34409267206170663	0.28922451582434644	0.0	0.0	0.0	0.0	0.0	0.0	0.0
GSM4138112_HNSCC_2_PBMC_CTAACTTGTAGCGCTC	0.0	0.0	0.0	21.124105764239303	19.623258115809115	0.0	0.0	36.76303276382211	0.0	0.0	0.0	74.03164947643143	22.771301057032815	0.0	0.0	0.0	0.0	0.0	0.0	0.0	0.0	0.0	0.0	0.0	25.663415791296227	0.0	0.0	0.0	0.0
GSM4138112_HNSCC_2_PBMC_GAATGAATCTTACCTA	26.054366646241252	0.0	0.0	90.98115494828738	17.452239739584318	0.0	90.18652210860708	0.0	0.0	0.0	97.96008290398301	0.0	85.21536136157566	0.0	0.0	0.0	0.0	0.0	0.0	0.0	0.0	0.0	0.0	0.0	0.0	0.0	0.0	0.0	0.0
GSM4138112_HNSCC_2_PBMC_GATTCAGTCCATGCTC	0.0	0.0	260.6410760754321	99.3024306849361	34.131946230430444	0.0	115.82926538807314	0.0	0.0	0.0	0.0	0.0	0.0	0.0	0.0	0.0	0.0	0.0	0.0	0.0	0.0	0.0	0.0	0.0	0.0	0.0	0.0	0.0	0.0
GSM4138112_HNSCC_2_PBMC_GCTGCGACACGCCAGT	39.1688663683632	0.0	0.0	18.680662601083675	16.05441831482505	0.0	15.26964540353852	0.0	0.0	135.80137275553045	0.0	0.0	0.0	0.0	0.0	0.0	0.0	0.0	0.0	0.0	0.0	0.0	0.0	0.0	0.0	0.0	0.0	0.0	0.0
GSM4138112_HNSCC_2_PBMC_GGATTACGTCCGAACC	46.66516472222567	0.0	0.0	37.35716152368635	7.674603727067089	0.0	0.0	41.20346664928946	0.0	0.0	0.0	0.0	101.12774362964022	0.0	0.0	0.0	0.0	0.0	0.0	13.732137888709214	0.0	0.0	0.0	0.0	0.0	0.0	0.0	0.0	0.0
GSM4138112_HNSCC_2_PBMC_GGGAATGAGAAACGAG	80.115069984313	235.71174052458952	0.0	133.3564988737869	27.496296770748753	0.0	85.63397336693774	0.0	0.0	0.0	0.0	0.0	0.0	0.0	0.0	0.0	0.0	0.0	0.0	0.0	0.0	0.0	0.0	0.0	0.0	0.0	0.0	0.0	0.0
GSM4138112_HNSCC_2_PBMC_GTCGGGTTCACCCTCA	64.67910711569023	115.22371735341089	0.0	88.7151972406945	21.166361163948995	0.0	4.7661875036140895	0.0	0.0	0.0	0.0	0.0	0.0	0.0	0.0	0.0	0.0	0.0	0.0	0.0	0.0	0.0	0.0	0.0	0.0	0.0	0.0	0.0	0.0
GSM4138112_HNSCC_2_PBMC_GTTCATTAGGGAACGG	0.0	0.0	0.0	19.10555505647522	9.789993232865243	0.0	0.0	79.2130272803295	0.0	0.0	0.0	35.663799197361215	0.0	44.15240242542193	0.0	0.0	0.0	0.0	0.0	0.0	0.0	0.0	0.0	0.0	0.0	0.0	21.80678839365267	0.0	0.0
GSM4138112_HNSCC_2_PBMC_GTTCTCGCATCCGCGA	89.82709641548429	0.0	0.0	39.28108095774694	13.144076216876556	80.83756890336488	0.0	0.0	0.0	0.0	17.824687583784954	0.0	0.0	0.0	0.0	0.0	0.0	0.0	0.0	0.0	0.0	0.0	0.0	0.0	0.0	0.0	0.0	0.0	0.0
GSM4138112_HNSCC_2_PBMC_GTTTCTACATACCATG	68.11623183315372	30.018124709135677	71.61682778855571	18.324281425361733	4.709124306537759	0.0	0.0	0.0	0.0	0.0	0.0	0.0	0.0	0.0	0.0	0.0	0.0	0.0	0.0	0.0	0.0	0.0	0.0	0.0	0.0	0.0	0.0	0.0	0.0
GSM4138112_HNSCC_2_PBMC_TACCTTAAGACAGAGA	0.0	0.0	0.0	19.77035647649198	16.299540698986956	0.0	0.0	0.0	48.88210645913433	123.35630320276795	0.0	0.0	0.0	0.0	0.0	0.0	0.0	0.0	0.0	0.0	0.0	0.0	0.0	0.0	0.0	0.0	0.0	0.0	0.0
GSM4138112_HNSCC_2_PBMC_TACGGGCCAGACAGGT	0.0	0.0	0.0	16.583058668617962	16.91779108220828	0.0	0.0	0.0	0.0	0.0	15.185756221685905	0.0	71.40149146550606	0.0	0.0	0.0	58.986013706592026	0.0	0.0	0.0	0.0	0.0	0.0	5.23359670638634	22.123309449121535	0.0	0.0	0.0	0.0
GSM4138112_HNSCC_2_PBMC_TACTCATTCACAGGCC	47.52031417936203	0.0	96.79957397889369	42.24388894597097	8.819117279203764	0.0	0.0	0.0	0.0	0.0	0.0	0.0	0.0	0.0	0.0	0.0	0.0	0.0	0.0	0.0	0.0	0.0	0.0	0.0	0.0	0.0	0.0	0.0	0.0
GSM4138112_HNSCC_2_PBMC_TGAAAGAGTTCCACAA	173.01672579909288	0.0	63.39926189494975	79.02830641225762	31.88902473454039	210.54728104027632	0.0	0.0	0.0	0.0	0.0	0.0	0.0	0.0	0.0	0.0	0.0	0.0	0.0	0.0	0.0	0.0	0.0	0.0	0.0	0.0	0.0	0.0	0.0
GSM4138112_HNSCC_2_PBMC_TGCTACCTCAAGAAGT	0.0	80.18701718273525	0.0	21.909037009444287	6.515905638515551	0.0	0.0	0.0	0.0	0.0	0.0	0.0	0.0	122.8451506280699	0.0	0.0	0.0	0.0	0.0	0.0	0.0	0.0	0.0	0.0	0.0	0.0	0.0	0.0	0.0
GSM4138112_HNSCC_2_PBMC_TGTGTTTTCCCTTGTG	0.0	0.0	0.0	1493.5301751802717	0.0	0.0	0.0	0.0	0.0	0.0	0.0	0.0	0.0	0.0	0.0	0.0	0.0	0.0	0.0	0.0	0.0	0.0	0.0	0.0	0.0	0.0	0.0	0.0	0.0
GSM4138112_HNSCC_2_PBMC_TTCTTAGAGTATCTCG	49.81067886766326	0.0	0.0	32.9609082536507	13.994047321991875	0.0	0.0	0.0	0.0	0.0	0.0	0.0	162.20142830701673	0.0	0.0	0.0	0.0	0.0	0.0	0.0	0.0	0.0	0.0	0.0	0.0	0.0	0.0	0.0	0.0
GSM4138112_HNSCC_2_PBMC_TTGAACGCAATCTGCA	0.0	0.0	0.0	15.808398343815327	6.3589033813214115	0.0	17.989435651315432	0.0	0.0	0.0	99.34551984851223	0.0	34.96713955437935	12.072783368482053	0.0	0.0	0.0	0.0	0.0	0.0	0.0	16.249991992994683	0.0	0.0	0.0	0.0	0.0	0.0	0.0
GSM4138112_HNSCC_2_PBMC_TTGACTTTCACAGGCC	0.0	0.0	32.94616143682459	31.22205399812983	7.3047055428581045	98.46342487407023	41.52709316652567	0.0	0.0	0.0	0.0	0.0	0.0	0.0	0.0	0.0	0.0	0.0	0.0	0.0	0.0	0.0	0.0	0.0	0.0	0.0	0.0	0.0	0.0
GSM4138112_HNSCC_2_PBMC_TTGACTTTCCTTTACA	0.0	73.01573286297801	0.0	27.10993918729597	21.357724348081334	0.0	0.0	0.0	0.0	0.0	0.0	42.388312941828346	0.0	52.09836651580175	0.0	0.0	0.0	0.0	0.0	0.0	0.0	0.0	0.0	0.0	0.0	0.0	0.0	0.0	0.0
GSM4138112_HNSCC_2_PBMC_TTTCCTCTCGTAGATC	33.542771407608186	83.66839328918836	0.0	13.156454687990262	16.295615354624758	0.0	0.0	0.0	0.0	0.0	0.0	0.0	0.0	0.0	0.0	0.0	0.0	0.0	0.0	0.0	0.0	25.316988320188056	0.0	0.0	0.0	0.0	0.0	0.0	0.0
GSM4138112_HNSCC_2_PBMC_AAACCTGAGCGAGAAA	24.884873860299408	0.0	0.0	37.94839503991806	14.441291919465105	0.0	0.0	0.0	57.43514388246236	0.0	107.83207314573707	2.0620512340456596	0.0	0.0	0.0	0.0	0.0	0.0	0.0	0.0	0.0	0.0	0.0	0.0	0.0	0.0	0.0	0.0	0.0
GSM4138112_HNSCC_2_PBMC_AAAGATGAGCAGACTG	0.0	225.21025732030301	41.83965978611002	54.04182575806317	32.976933625537626	0.0	0.0	0.0	0.0	0.0	0.0	0.0	0.0	0.0	0.0	0.0	0.0	0.0	118.31214897339669	0.0	0.0	0.0	0.0	0.0	0.0	0.0	0.0	0.0	26.847033690284196
GSM4138112_HNSCC_2_PBMC_AACTGGTAGTCGATAA	58.01355115393395	0.0	143.85333887159535	34.628024825028625	11.032188635329009	0.0	8.058352503977574	0.0	0.0	0.0	0.0	0.0	0.0	0.0	0.0	0.0	0.0	0.0	0.0	0.0	0.0	0.0	0.0	0.0	0.0	0.0	0.0	0.0	0.0
GSM4138112_HNSCC_2_PBMC_AACTTTCTCCCTTGCA	0.0	0.0	111.67087383306482	38.566026642070625	9.657365732952787	0.0	72.13675857370431	0.0	0.0	0.0	0.0	0.0	0.0	0.0	0.0	0.0	0.0	0.0	0.0	0.0	0.0	0.0	0.0	0.0	0.0	0.0	0.0	0.0	0.0
GSM4138112_HNSCC_2_PBMC_AAGGTTCAGTGTCCAT	0.0	0.0	0.0	28.201542997722267	21.165815853162947	0.0	0.0	29.806426798329785	0.0	0.0	0.0	0.0	0.0	0.0	0.0	0.0	56.69403635219261	0.0	29.119744587932473	38.621775054778226	0.0	0.0	0.0	0.0	0.0	0.0	30.821333805393934	0.0	0.0
GSM4138112_HNSCC_2_PBMC_AATCCAGTCAGAGGTG	40.56925319852818	0.0	155.70857801296208	33.76455734672171	14.706125517846946	0.0	5.676558447584138	0.0	0.0	0.0	0.0	0.0	0.0	0.0	0.0	0.0	0.0	0.0	0.0	0.0	0.0	0.0	0.0	0.0	0.0	0.0	0.0	0.0	0.0
GSM4138112_HNSCC_2_PBMC_AATCGGTGTCGACTAT	139.57742765239982	0.0	87.26103354504494	56.386811889661274	86.99068705380492	174.11003200027938	0.0	0.0	0.0	0.0	0.0	0.0	0.0	0.0	0.0	0.0	0.0	0.0	0.0	0.0	0.0	0.0	0.0	0.0	0.0	0.0	0.0	0.0	0.0
GSM4138112_HNSCC_2_PBMC_ACACCAAAGTGGAGAA	101.99722859477947	0.0	125.7126355312941	40.20538046147727	22.737784381816894	0.0	0.0	0.0	0.0	0.0	0.0	0.0	0.0	0.0	0.0	0.0	0.0	0.0	0.0	0.0	0.0	0.0	0.0	0.0	0.0	0.0	0.0	0.0	0.0
GSM4138112_HNSCC_2_PBMC_ACAGCCGGTCTGGTCG	0.0	112.77533442254092	0.0	21.82763873042623	23.668535641333147	0.0	0.0	0.0	0.0	0.0	0.0	119.54513104856272	0.0	0.0	0.0	0.0	0.0	0.0	0.0	0.0	0.0	0.0	0.0	0.0	0.0	0.0	0.0	0.0	26.1877919989955
GSM4138112_HNSCC_2_PBMC_ACATGGTTCAACGGCC	33.11500303383341	0.0	52.008818911249186	20.792088317227403	12.253135835566042	85.85424375963115	0.0	0.0	0.0	0.0	21.224202606695265	0.0	0.0	0.0	0.0	0.0	0.0	0.0	0.0	0.0	0.0	0.0	0.0	0.0	5.752169570402165	0.0	0.0	0.0	0.0
GSM4138112_HNSCC_2_PBMC_ACGAGCCTCCAGTATG	0.0	0.0	0.0	21.11435932699801	34.216704226270906	0.0	0.0	0.0	103.58962324011053	139.18982138973828	0.0	0.0	0.0	0.0	0.0	0.0	0.0	0.0	0.0	0.0	0.0	0.0	0.0	0.0	0.0	0.0	0.0	0.0	0.0
GSM4138112_HNSCC_2_PBMC_ACGAGGACATGCCTTC	0.0	0.0	66.28987669625432	18.35802953134571	22.057288830021097	60.9060066381548	70.5163485860463	0.0	0.0	0.0	0.0	0.0	0.0	0.0	0.0	0.0	0.0	0.0	0.0	0.0	0.0	0.0	0.0	0.0	0.0	0.0	0.0	0.0	0.0
GSM4138112_HNSCC_2_PBMC_ACGCAGCAGCGTCTAT	160.6801858489825	0.0	162.51360573027404	37.487154417364046	27.131022918278518	0.0	0.0	0.0	0.0	0.0	0.0	0.0	0.0	0.0	0.0	0.0	0.0	0.0	0.0	0.0	0.0	0.0	0.0	0.0	0.0	0.0	0.0	0.0	0.0
GSM4138112_HNSCC_2_PBMC_ACGGAGAGTCTACCTC	75.37372881291708	0.0	16.560077960974734	19.448928656937014	6.906156451102144	0.0	0.0	112.31213599176957	0.0	0.0	0.0	0.0	0.0	0.0	0.0	0.0	0.0	0.0	0.0	0.0	0.0	0.0	0.0	0.0	0.0	0.0	15.692092319003548	0.0	0.0
GSM4138112_HNSCC_2_PBMC_ACGGGTCCATGGAATA	49.1987613857523	0.0	204.81700431874833	42.982020744105945	52.95571760896762	0.0	62.39345943356323	0.0	0.0	0.0	0.0	0.0	0.0	0.0	0.0	0.0	0.0	0.0	0.0	0.0	0.0	0.0	0.0	0.0	0.0	0.0	0.0	0.0	0.0
GSM4138112_HNSCC_2_PBMC_ACTGAACAGTACGTAA	120.2246065675895	202.37461793990744	0.0	43.97051643817376	23.068620812173624	0.0	0.0	0.0	0.0	0.0	0.0	0.0	0.0	0.0	0.0	0.0	0.0	0.0	0.0	0.0	0.0	0.0	0.0	0.0	0.0	0.0	0.0	0.0	0.0
GSM4138112_HNSCC_2_PBMC_ACTGATGGTTACCAGT	0.0	0.0	102.20780426511085	17.79427881639933	14.584727173662852	0.0	0.0	0.0	10.110718616576676	0.0	0.0	17.309094239671907	0.0	0.0	0.0	0.0	0.0	0.0	24.3079508010304	0.0	0.0	0.0	0.0	0.0	0.0	0.0	0.0	0.0	12.775980392021046
GSM4138112_HNSCC_2_PBMC_ACTGTCCCACATCTTT	101.69758196180372	0.0	0.0	41.53146492298492	30.126537780406377	0.0	0.0	0.0	0.0	0.0	0.0	0.0	0.0	0.0	0.0	0.0	0.0	0.0	0.0	249.35671510207493	0.0	0.0	0.0	0.0	0.0	0.0	0.0	0.0	0.0
GSM4138112_HNSCC_2_PBMC_ACTTACTCATGACATC	89.59530745744257	0.0	124.06267172010256	24.808589462723017	19.165679296009166	0.0	0.0	0.0	0.0	0.0	0.0	0.0	0.0	0.0	0.0	0.0	0.0	0.0	0.0	0.0	0.0	0.0	0.0	0.0	0.0	0.0	0.0	0.0	0.0
GSM4138112_HNSCC_2_PBMC_AGCAGCCCAGTCGATT	176.39082156223515	0.0	0.0	53.911165399095765	26.873466451288543	160.8403153490563	0.0	0.0	0.0	0.0	0.0	0.0	0.0	0.0	0.0	0.0	0.0	0.0	0.0	0.0	0.0	0.0	43.761248159753805	0.0	0.0	0.0	0.0	0.0	0.0
GSM4138112_HNSCC_2_PBMC_AGCGTATGTACGCTGC	0.0	0.0	78.82837921383273	24.00286170516204	8.566970073973792	0.0	0.0	0.0	0.0	0.0	0.0	0.0	0.0	0.0	0.0	0.0	108.88572817724133	0.0	0.0	0.0	0.0	0.0	0.0	0.0	0.0	0.0	0.0	0.0	0.0
GSM4138112_HNSCC_2_PBMC_AGCTCTCCACTGTGTA	37.73517028646546	0.0	16.9566745179815	42.04553211104483	16.791544011953658	195.91430919272264	70.82233531816435	0.0	0.0	0.0	0.0	0.0	0.0	0.0	0.0	0.0	0.0	0.0	0.0	0.0	0.0	0.0	0.0	0.0	0.0	0.0	0.0	0.0	0.0
GSM4138112_HNSCC_2_PBMC_AGCTCTCGTCTAGTGT	101.8749483749603	0.0	0.0	32.00376450070178	24.083513193888052	0.0	0.0	0.0	0.0	0.0	237.4774206509724	0.0	0.0	0.0	0.0	0.0	0.0	0.0	0.0	0.0	0.0	0.0	0.0	0.0	0.0	0.0	0.0	0.0	0.0
GSM4138112_HNSCC_2_PBMC_AGGGTGAAGAGCTATA	0.0	99.97705419730856	0.0	34.946411829843406	17.460617459929953	0.0	43.01269545298715	0.0	0.0	0.0	0.0	19.585519708990034	0.0	0.0	0.0	0.0	0.0	0.0	0.0	0.0	0.0	0.0	0.0	0.0	0.0	0.0	0.0	0.0	0.0
GSM4138112_HNSCC_2_PBMC_AGGGTGACACATTTCT	0.0	0.0	0.0	28.879181835720797	20.28984704966976	0.0	0.0	0.0	0.0	0.0	0.0	0.0	125.61065496100055	0.0	0.0	0.0	0.0	0.0	0.0	0.0	59.88344524004077	0.0	0.0	0.0	0.0	0.0	0.0	0.0	0.0
GSM4138112_HNSCC_2_PBMC_AGTAGTCTCTTCAACT	61.093063267294426	0.0	0.0	14.882051133048552	13.858290509547905	0.0	6.58023473761425	0.0	0.0	0.0	0.0	0.0	0.0	0.0	0.0	88.51982485769243	0.0	0.0	0.0	0.0	0.0	0.0	0.0	0.0	0.0	0.0	0.0	0.0	0.0
GSM4138112_HNSCC_2_PBMC_AGTGTCAAGATGTCGG	64.42555604487845	0.0	67.39376879178569	12.648050763773025	16.49835319598492	21.001558359726634	0.0	0.0	0.0	0.0	0.0	0.0	0.0	0.0	0.0	0.0	0.0	0.0	0.0	0.0	0.0	0.0	0.0	0.0	0.0	0.0	0.0	0.0	0.0
GSM4138112_HNSCC_2_PBMC_ATAACGCGTGCCTGGT	190.93041301041396	88.71295611420645	196.8217470666456	127.42392715360168	59.86448014558922	0.0	0.0	0.0	0.0	0.0	0.0	0.0	0.0	0.0	13.179909178482317	0.0	0.0	0.0	0.0	0.0	0.0	0.0	0.0	0.0	0.0	0.0	0.0	0.0	0.0
GSM4138112_HNSCC_2_PBMC_ATAACGCTCATTTGGG	29.500290283664004	165.75956004684997	0.0	31.291752269352223	17.50980882567369	0.0	15.246009629661577	0.0	16.976679639778848	0.0	0.0	0.0	0.0	0.0	0.0	0.0	0.0	0.0	35.488535992343344	0.0	2.7852436661746536	0.0	0.0	0.0	0.0	0.0	0.0	0.0	0.0
GSM4138112_HNSCC_2_PBMC_ATAAGAGCAGAGCCAA	176.88779285615092	157.39116506822472	0.0	24.401619040896758	28.891777002182952	0.0	0.0	0.0	0.0	0.0	0.0	7.512537950602879	0.0	0.0	0.0	0.0	0.0	0.0	0.0	0.0	0.0	0.0	0.0	0.0	0.0	0.0	0.0	0.0	0.0
GSM4138112_HNSCC_2_PBMC_ATAGACCAGCAAATCA	116.71366273541749	0.0	106.1197703718992	33.07355768366198	28.1816017260678	0.0	0.0	0.0	0.0	0.0	0.0	0.0	0.0	0.0	0.0	0.0	0.0	0.0	0.0	0.0	0.0	0.0	0.0	0.0	0.0	0.0	0.0	0.0	0.0
GSM4138112_HNSCC_2_PBMC_ATCACGACAGTGGAGT	0.0	0.0	0.0	10.19935841741324	6.151230884595723	0.0	0.0	0.0	0.0	0.0	0.0	6.300701920706649	0.0	0.0	0.0	0.0	0.0	0.0	0.0	109.92182419312789	0.0	82.99383160709444	0.0	0.0	0.0	0.0	0.0	0.0	0.0
GSM4138112_HNSCC_2_PBMC_ATCCGAACAAGTAATG	39.44903709288431	0.0	72.5404186092364	50.52578378978916	13.480247563433533	6.219721997137629	25.97322337051797	0.0	0.0	0.0	0.0	0.0	0.0	0.0	0.0	0.0	0.0	0.0	0.0	0.0	0.0	0.0	0.0	0.0	0.0	0.0	0.0	0.0	0.0
GSM4138112_HNSCC_2_PBMC_ATCGAGTAGAAACGAG	122.93094056353723	0.0	87.16160948657512	42.415839981645966	44.06642518919029	73.74395702743763	33.807518639684446	0.0	0.0	0.0	0.0	0.0	0.0	0.0	0.0	0.0	0.0	0.0	0.0	0.0	0.0	0.0	0.0	0.0	0.0	0.0	0.0	0.0	0.0
GSM4138112_HNSCC_2_PBMC_ATCTGCCCACCACGTG	119.77912976587521	102.61139911208467	0.0	27.436475009478265	28.92495079233538	0.0	0.0	0.0	0.0	0.0	0.0	0.0	0.0	0.0	0.0	0.0	0.0	0.0	0.0	0.0	0.0	0.0	0.0	0.0	0.0	0.0	0.0	0.0	0.0
GSM4138112_HNSCC_2_PBMC_ATGCGATGTTCCTCCA	81.18714221184464	0.0	130.32360017409943	23.747216147725204	17.46489302727208	0.0	0.0	0.0	0.0	0.0	0.0	0.0	0.0	0.0	0.0	0.0	0.0	0.0	0.0	0.0	0.0	0.0	0.0	0.0	0.0	0.0	0.0	0.0	0.0
GSM4138112_HNSCC_2_PBMC_ATTATCCAGACAATAC	44.93281684508383	0.0	198.24396070210415	18.312099428824087	15.691696562039377	0.0	16.9820464884026	0.0	0.0	0.0	0.0	0.0	0.0	0.0	0.0	0.0	0.0	0.0	0.0	0.0	0.0	0.0	0.0	0.0	0.0	0.0	0.0	0.0	0.0
GSM4138112_HNSCC_2_PBMC_ATTTCTGCAGGTTTCA	58.87544724834847	0.0	103.21732432594331	21.228007111538577	39.187802203633	0.0	0.0	0.0	0.0	0.0	0.0	0.0	0.0	0.0	0.0	0.0	0.0	0.0	0.0	0.0	0.0	0.0	0.0	0.0	0.0	0.0	0.0	0.0	0.0
GSM4138112_HNSCC_2_PBMC_CAACCTCCAACAACCT	28.323654506370215	104.79544403386035	0.0	19.99401412153298	6.061345490379848	0.0	42.42332520619661	0.0	0.0	0.0	0.0	0.0	0.0	0.0	0.0	0.0	0.0	0.0	0.0	0.0	0.0	0.0	0.0	0.0	0.0	0.0	0.0	0.0	0.0
GSM4138112_HNSCC_2_PBMC_CAAGAAACAAGTCTAC	125.71700574030447	0.0	111.52834677144068	33.105834035098155	24.665176488091372	0.0	5.4689773997921645	0.0	0.0	0.0	0.0	0.0	0.0	0.0	0.0	0.0	0.0	0.0	0.0	0.0	0.0	0.0	0.0	0.0	0.0	0.0	0.0	0.0	0.0
GSM4138112_HNSCC_2_PBMC_CAAGGCCGTAGCTCCG	0.0	0.0	0.0	20.48576861577337	17.755742843699444	0.0	0.0	154.0693789704045	0.0	0.0	0.0	15.689477140685794	0.0	0.0	0.0	0.0	0.0	0.0	0.0	0.0	66.33466630395284	0.0	0.0	0.0	0.0	0.0	0.0	0.0	0.0
GSM4138112_HNSCC_2_PBMC_CAAGTTGAGCAGCGTA	77.05485771214539	33.071247805849175	0.0	25.060694386443323	12.704533119386676	0.0	9.61875870599269	0.0	0.0	11.183764594906245	0.0	0.0	0.0	0.0	0.0	11.293865560872467	0.0	0.0	0.0	0.0	0.0	0.0	0.0	0.0	0.0	0.0	0.0	0.0	0.0
GSM4138112_HNSCC_2_PBMC_CACCACTCACAGGTTT	0.0	0.0	0.0	44.71924185519699	13.703615700770342	0.0	0.0	0.0	66.96038684485121	0.0	68.72324343407581	0.0	40.6339719541395	23.815420284992015	0.0	0.0	0.0	0.0	0.0	0.0	0.0	40.037888944389756	0.0	0.0	37.046993257139555	0.0	0.0	0.0	0.0
GSM4138112_HNSCC_2_PBMC_CAGAGAGGTGGCCCTA	0.0	105.23075108316954	0.0	12.187911115540777	19.457885877426616	0.0	0.0	0.0	21.38378846122054	0.0	0.0	0.0	0.0	0.0	0.0	0.0	0.0	0.0	0.0	0.0	0.0	56.15299988328038	0.0	0.0	0.0	0.0	0.0	0.0	0.0
GSM4138112_HNSCC_2_PBMC_CAGCAGCCAATCACAC	59.66608899128588	0.0	126.63357554046574	21.750384866766137	22.960586002060978	0.0	0.0	0.0	0.0	0.0	0.0	0.0	0.0	8.435207371793155	0.0	0.0	0.0	0.0	0.0	0.0	0.0	23.428755164096263	0.0	0.0	0.0	12.886067207525178	0.0	0.0	0.0
GSM4138112_HNSCC_2_PBMC_CAGCATAAGAAGAAGC	42.873378527037744	0.0	0.0	21.85755286453688	7.741793895557278	0.0	0.0	0.0	0.0	0.0	0.0	0.0	0.0	0.0	0.0	87.42691166536086	0.0	0.0	0.0	0.0	0.0	0.0	0.0	0.0	0.0	0.0	0.0	0.0	0.0
GSM4138112_HNSCC_2_PBMC_CAGCTAAAGGACACCA	107.87092913754282	0.0	117.92919692867305	33.396272400759905	22.838000314397938	0.0	0.0	0.0	0.0	0.0	0.0	0.0	0.0	0.0	0.0	0.0	0.0	0.0	0.0	0.0	0.0	0.0	0.0	0.0	0.0	0.0	0.0	0.0	0.0
GSM4138112_HNSCC_2_PBMC_CAGCTGGGTCCAGTTA	98.61127988444736	0.0	267.3084894015076	37.91090692832254	30.275559816366762	0.0	58.12173217304561	0.0	0.0	0.0	0.0	0.0	0.0	0.0	0.0	0.0	0.0	0.0	0.0	0.0	0.0	0.0	0.0	0.0	0.0	0.0	0.0	0.0	0.0
GSM4138112_HNSCC_2_PBMC_CATCGAAAGAAGGGTA	24.400997522348025	0.0	91.06508067703115	24.19749402549852	24.877766722300073	0.0	29.391523116195106	0.0	0.0	0.0	0.0	0.0	0.0	0.0	0.0	0.0	0.0	0.0	0.0	0.0	0.0	0.0	0.0	0.0	0.0	0.0	0.0	0.0	0.0
GSM4138112_HNSCC_2_PBMC_CATGCCTTCTGGTGTA	130.43890737504475	0.0	232.934997857844	59.765037314460194	40.42770106590817	0.0	0.0	0.0	0.0	0.0	0.0	0.0	0.0	0.0	0.0	0.0	0.0	0.0	43.83174964752472	0.0	2.0840504189114624	0.0	0.0	0.0	0.0	0.0	0.0	0.0	0.0
GSM4138112_HNSCC_2_PBMC_CATTATCAGCAGATCG	75.01855562287862	0.0	98.08395606079708	35.23671283544112	11.87924713832417	0.0	0.0	10.389696301025046	0.0	0.0	0.0	0.0	0.0	0.0	0.0	0.0	0.0	0.0	0.0	0.0	0.0	0.0	0.0	0.0	0.0	0.0	0.0	0.0	0.0
GSM4138112_HNSCC_2_PBMC_CCATTCGAGCGATATA	178.99276265636053	0.0	172.55893921940827	37.95902760564896	22.259943754900693	0.0	0.0	0.0	0.0	0.0	0.0	0.0	0.0	0.0	0.0	0.0	0.0	0.0	0.0	0.0	0.0	0.0	0.0	0.0	0.0	0.0	0.0	0.0	0.0
GSM4138112_HNSCC_2_PBMC_CCATTCGGTGTGAATA	79.79747212308912	0.0	157.2075572297458	29.325965148938007	28.13758451574843	0.0	11.437474141341683	0.0	0.0	0.0	0.0	0.0	0.0	0.0	0.0	0.0	0.0	0.0	0.0	0.0	0.0	0.0	0.0	0.0	0.0	0.0	0.0	0.0	0.0
GSM4138112_HNSCC_2_PBMC_CCCAATCCACACATGT	111.24063876811705	0.0	0.0	54.04547261387357	43.423579814961734	0.0	0.0	0.0	0.0	0.0	198.7267670009292	0.0	0.0	0.0	0.0	0.0	0.0	0.0	42.95370215756488	0.0	0.40927024738736323	0.0	0.0	0.0	0.0	0.0	0.0	0.0	0.0
GSM4138112_HNSCC_2_PBMC_CCCAATCTCAACACCA	61.58335378093974	0.0	0.0	23.8985305185396	22.060145411063075	26.04780105796207	5.283890732573098	0.0	0.0	0.0	28.392505734846456	0.0	19.542752444724737	0.0	36.75201111528768	0.0	0.0	0.0	0.0	0.0	0.0	0.0	0.0	0.0	0.0	0.0	0.0	0.0	0.0
GSM4138112_HNSCC_2_PBMC_CCCTCCTAGACAAGCC	58.83323086592358	0.0	11.708229786321024	19.374793197224033	14.576258666228835	68.4524570750964	0.6693116833184942	0.0	0.0	0.0	0.0	0.0	0.0	0.0	0.0	0.0	0.0	0.0	0.0	0.0	0.0	0.0	0.0	0.0	0.0	0.0	0.0	0.0	0.0
GSM4138112_HNSCC_2_PBMC_CCTCAGTCACCAGATT	56.021199690524995	88.97626266746721	0.0	23.0965149041406	28.37777302487111	0.0	0.0	0.0	0.0	0.0	0.0	0.0	0.0	0.0	0.0	0.0	0.0	0.0	19.81033219011416	0.0	0.0	0.0	0.0	0.0	0.0	0.0	0.0	0.0	0.0
GSM4138112_HNSCC_2_PBMC_CCTCTGACACTCAGGC	0.0	0.0	112.85107872393537	20.600729124495558	17.881338109882673	0.0	91.76185058888578	0.0	0.0	0.0	0.0	0.0	0.0	0.0	0.0	0.0	0.0	0.0	0.0	0.0	0.0	0.0	0.0	0.0	0.0	0.0	0.0	0.0	0.0
GSM4138112_HNSCC_2_PBMC_CCTTACGGTGTGACCC	149.2678097280531	188.06870254767085	0.0	32.392155138978694	28.10524539159818	0.0	0.0	0.0	0.0	0.0	0.0	2.258289893025411	0.0	0.0	0.0	0.0	0.0	0.0	0.0	0.0	0.0	0.0	0.0	0.0	0.0	0.0	0.0	0.0	0.0
GSM4138112_HNSCC_2_PBMC_CCTTCCCTCCAATGGT	0.0	0.0	0.0	24.859032735913704	18.73508193693149	0.0	0.0	0.0	0.0	0.0	0.0	0.0	0.0	57.29839442575135	0.0	138.52099289256356	0.0	0.0	0.0	0.0	0.0	0.0	0.0	0.0	0.0	0.0	0.0	0.0	16.922671877858942
GSM4138112_HNSCC_2_PBMC_CGAGAAGGTGCCTGTG	63.21113668906567	0.0	114.50785877146946	20.82494423006992	20.177509388756533	0.0	18.122630704858825	0.0	0.0	0.0	0.0	0.0	21.857604742560483	0.0	0.0	0.0	0.0	0.0	0.0	0.0	0.0	0.0	0.0	0.0	0.0	0.0	0.0	0.0	0.0
GSM4138112_HNSCC_2_PBMC_CGAGCCAAGGTCATCT	63.837067366583774	0.0	51.240457723054675	36.42820021913187	10.29349413514246	8.402088258518114	13.015841521563615	0.0	0.0	0.0	0.0	0.0	0.0	0.0	0.0	0.0	0.0	0.0	0.0	0.0	0.0	0.0	0.0	0.0	0.0	0.0	0.0	0.0	0.0
GSM4138112_HNSCC_2_PBMC_CGATCGGAGTACATGA	77.01216441434809	0.0	35.044613378480236	29.270494338413215	22.900657580850474	53.38552517573829	0.0	0.0	0.0	0.0	28.838511550285382	0.0	0.0	0.0	0.0	0.0	0.0	0.0	0.0	0.0	0.0	0.0	0.0	0.0	0.0	0.0	0.0	0.0	0.0
GSM4138112_HNSCC_2_PBMC_CGCCAAGCAATGACCT	56.72220609669567	212.06941543376826	0.0	145.05127027546013	31.491509559249756	0.0	66.76589692157583	0.0	0.0	0.0	0.0	0.0	0.0	0.0	0.0	0.0	0.0	0.0	0.0	0.0	0.0	0.0	0.0	0.0	0.0	0.0	0.0	0.0	0.0
GSM4138112_HNSCC_2_PBMC_CGCCAAGGTCCGCTGA	165.38861136260135	0.0	25.475785324779405	61.89555591731518	37.40161302040962	247.27916404454967	9.876410988824944	0.0	0.0	0.0	0.0	0.0	0.0	0.0	0.0	0.0	0.0	0.0	0.0	0.0	0.0	0.0	0.0	0.0	0.0	0.0	0.0	0.0	0.0
GSM4138112_HNSCC_2_PBMC_CGCTGGAAGTACCGGA	58.17643965248858	106.05056305734698	0.0	61.935312347537	14.51616653878752	0.0	0.0	0.0	0.0	0.0	0.0	0.0	0.0	0.0	0.0	0.0	0.0	0.0	0.0	0.0	0.0	0.0	0.0	0.0	0.0	0.0	0.0	0.0	0.0
GSM4138112_HNSCC_2_PBMC_CGCTTCATCCGCGGTA	0.0	262.1200147744798	0.0	52.78552243458705	32.51675522527525	0.0	0.0	0.0	0.0	0.0	0.0	104.68693346000383	0.0	0.0	25.246431647788047	0.0	0.0	0.0	0.0	0.0	52.64910553083455	0.0	0.0	0.0	0.0	0.0	0.0	0.0	0.0
GSM4138112_HNSCC_2_PBMC_CGGACACGTTCAGTAC	72.05035383521731	0.0	0.0	34.317137305926316	34.048857008217325	129.84017192221648	38.95457341024378	0.0	0.0	0.0	0.0	0.0	0.0	0.0	0.0	0.0	0.0	0.0	0.0	0.0	0.0	0.0	0.0	0.0	0.0	0.0	0.0	0.0	0.0
GSM4138112_HNSCC_2_PBMC_CGGACGTTCCAAGTAC	100.3412492927278	0.0	160.64388408487173	31.967018454717415	27.26828042554376	0.0	8.433546905357868	0.0	0.0	0.0	0.0	0.0	0.0	0.0	0.0	0.0	0.0	0.0	0.0	0.0	0.0	0.0	0.0	0.0	0.0	0.0	0.0	0.0	0.0
GSM4138112_HNSCC_2_PBMC_CGTAGGCGTGTCTGAT	51.48945295732692	86.35897646802248	0.0	14.186812689268107	4.011305955530917	0.0	8.348484647384264	0.0	0.0	0.0	0.0	0.0	0.0	0.0	0.0	0.0	0.0	0.0	0.0	0.0	0.0	0.0	0.0	0.0	0.0	0.0	0.0	0.0	0.0
GSM4138112_HNSCC_2_PBMC_CGTTGGGCAAAGAATC	7.566185969394889	76.75783941832529	0.0	8.649063348775904	18.53714878462149	0.0	41.4227442526695	0.0	0.0	0.0	0.0	0.0	0.0	0.0	0.0	0.0	0.0	0.0	0.0	0.0	0.0	0.0	0.0	0.0	0.0	0.0	0.0	0.0	0.0
GSM4138112_HNSCC_2_PBMC_CTAAGACAGATGAGAG	32.006943594724795	121.61788489842316	0.0	18.055091325962735	10.301033712172028	0.0	37.83596957422501	0.0	0.0	0.0	0.0	0.0	0.0	0.0	0.0	0.0	0.0	0.0	0.0	0.0	0.0	0.0	0.0	0.0	0.0	0.0	0.0	0.0	0.0
GSM4138112_HNSCC_2_PBMC_CTACACCAGTGGACGT	0.0	0.0	130.53941762312212	33.87062596306581	19.822245965022784	5.464084983741226	158.1440192632576	0.0	0.0	0.0	0.0	0.0	0.0	0.0	0.0	0.0	0.0	0.0	0.0	0.0	0.0	0.0	0.0	0.0	0.0	0.0	0.0	0.0	0.0
GSM4138112_HNSCC_2_PBMC_CTACGTCGTCTTGCGG	3.8055144633096525	170.84533541636182	0.0	44.50400405259568	31.190544185971188	0.0	53.10911479287538	0.0	0.0	0.0	0.0	28.390865027099274	0.0	17.777117997270935	0.0	0.0	0.0	0.0	0.0	0.0	0.0	0.0	0.0	0.0	0.0	0.0	0.0	0.0	0.0
GSM4138112_HNSCC_2_PBMC_CTCATTATCATCGGAT	0.0	0.0	0.0	34.31534593702109	19.80569551124401	0.0	68.90359530286268	0.0	0.0	181.45277010998447	0.0	0.0	0.0	0.0	0.0	0.0	0.0	0.0	0.0	0.0	0.0	0.0	0.0	0.0	0.0	0.0	0.0	0.0	0.0
GSM4138112_HNSCC_2_PBMC_CTCGAGGAGAAGGTGA	0.0	0.0	120.18322329564415	26.572815723914598	16.663392063933898	0.0	48.77377254048006	0.0	0.0	0.0	0.0	0.0	0.0	18.831439491899676	0.0	0.0	0.0	0.0	0.0	0.0	0.0	0.0	0.0	0.0	0.0	0.0	0.0	0.0	0.0
GSM4138112_HNSCC_2_PBMC_CTCGGGAGTACTCTCC	156.5114782326372	0.0	128.86639713744654	100.50902721160479	24.23307857176925	27.410994923174155	0.0	15.617381956038487	0.0	0.0	0.0	0.0	0.0	0.0	0.0	0.0	0.0	0.0	0.0	0.0	0.0	0.0	0.0	0.0	0.0	0.0	0.0	0.0	0.0
GSM4138112_HNSCC_2_PBMC_CTGATAGGTTACGCGC	99.68894393265997	130.23073406469845	0.0	25.16948267402253	22.01854037513961	0.0	0.0	0.0	0.0	0.0	0.0	0.0	0.0	0.0	29.773050959307806	0.0	0.0	0.0	0.0	0.0	0.0	0.0	0.0	0.0	0.0	0.0	0.0	0.0	0.0
GSM4138112_HNSCC_2_PBMC_CTGCCTAAGCCTCGTG	15.52637279086685	0.0	0.0	25.482939127563515	22.49337904275069	0.0	33.470077572795276	0.0	0.0	0.0	0.0	0.0	0.0	0.0	0.0	0.0	0.0	170.52259270480414	28.059524758343592	0.0	0.0	0.0	0.0	0.0	0.0	0.0	0.0	0.0	0.0
GSM4138112_HNSCC_2_PBMC_CTGCGGAGTCATTAGC	0.0	86.94994705109865	0.0	11.313678174663773	21.213038922589572	0.0	0.0	0.0	82.9556884258778	0.0	0.0	0.0	0.0	0.0	0.0	0.0	0.0	0.0	0.0	0.0	0.0	0.0	0.0	0.0	0.0	0.0	0.0	0.0	0.0
GSM4138112_HNSCC_2_PBMC_CTTAACTCACGGTTTA	128.76913381562028	0.0	0.0	29.812882296561234	29.579164431273153	0.0	18.271719670625863	164.87547899524114	0.0	0.0	0.0	0.0	0.0	0.0	2.775883406708976	0.0	0.0	0.0	0.0	0.0	0.0	0.0	72.17633167748512	0.0	0.0	0.0	0.0	0.0	0.0
GSM4138112_HNSCC_2_PBMC_CTTCTCTTCGAGGTAG	106.15344695330751	0.0	48.03440595554252	41.41027433150116	18.631809264606627	114.47441252269385	0.0	0.0	0.0	0.0	0.0	0.0	0.0	0.0	0.0	0.0	0.0	0.0	0.0	0.0	0.0	0.0	0.0	0.0	0.0	0.0	0.0	0.0	0.0
GSM4138112_HNSCC_2_PBMC_CTTTGCGCACACTGCG	0.0	0.0	0.0	19.504615571125385	9.574752362757112	0.0	0.0	131.7681704200735	40.18450495107156	0.0	0.0	0.0	0.0	26.0022499274482	0.0	0.0	0.0	0.0	0.0	0.0	0.0	0.0	0.0	0.0	0.0	0.0	0.0	0.0	0.0
GSM4138112_HNSCC_2_PBMC_GAAACTCAGGAATGGA	116.09022202414887	0.0	83.55946567787548	28.580222568316923	17.271244563666432	17.510876289407065	0.0	0.0	0.0	0.0	0.0	0.0	0.0	0.0	0.0	0.0	0.0	0.0	0.0	0.0	0.0	0.0	0.0	0.0	0.0	0.0	0.0	0.0	0.0
GSM4138112_HNSCC_2_PBMC_GAATAAGGTCTCGTTC	147.41451749518058	0.0	170.2461128818111	36.10302715658837	44.81497701768925	0.0	0.0	0.0	0.0	0.0	0.0	0.0	0.0	0.0	0.0	0.0	0.0	0.0	0.0	0.0	0.0	0.0	0.0	0.0	0.0	0.0	0.0	0.0	0.0
GSM4138112_HNSCC_2_PBMC_GAATGAAGTGTCGCTG	54.479461307523074	146.70120471537246	74.7852546558638	72.45674929287169	35.45325182425947	0.0	129.51966832457202	0.0	0.0	0.0	0.0	0.0	0.0	0.0	0.0	0.0	0.0	0.0	0.0	0.0	0.0	0.0	0.0	0.0	0.0	0.0	0.0	0.0	0.0
GSM4138112_HNSCC_2_PBMC_GACACGCGTGGTTTCA	70.7654362931069	0.0	0.0	22.39882039361917	14.1390939308791	0.0	13.061649650230878	0.0	0.0	0.0	0.0	0.0	130.28192229475712	0.0	0.0	0.0	0.0	0.0	0.0	0.0	0.0	0.0	0.0	0.0	0.0	0.0	0.0	0.0	0.0
GSM4138112_HNSCC_2_PBMC_GACAGAGTCTGTTTGT	0.0	0.0	0.0	22.77659995017377	15.754011548035516	0.0	0.0	0.0	0.0	0.0	84.76771035901866	16.153450019247366	0.14403631989463905	0.0	0.0	0.0	0.0	0.0	0.0	0.0	7.396583732071525	5.147806915569258	0.0	0.0	0.0	62.962594510496174	0.0	0.0	0.0
GSM4138112_HNSCC_2_PBMC_GACCAATAGCCCAGCT	0.0	0.0	119.78164268048575	15.74793426726669	10.278098109345965	0.0	0.0	0.0	0.0	0.0	0.0	0.0	0.0	0.0	0.0	0.0	106.50597346892636	3.340227790949229	0.0	0.0	0.0	0.0	0.0	0.0	0.0	0.0	0.0	0.0	0.0
GSM4138112_HNSCC_2_PBMC_GACTACAGTGCAACGA	0.0	0.0	114.31075831303357	19.5397432050117	11.467560468025617	0.0	0.0	0.0	0.0	0.0	0.0	0.0	0.0	0.0	0.0	0.0	115.43160167253617	0.0	0.0	0.0	0.0	0.0	0.0	0.0	0.0	0.0	0.0	0.0	0.0
GSM4138112_HNSCC_2_PBMC_GACTGCGCATACTCTT	74.52250255480519	0.0	0.0	76.41727767219223	7.081072107698013	0.0	12.945352025845999	0.0	0.0	0.0	0.0	0.0	0.0	0.0	0.0	0.0	0.0	0.0	0.0	143.54703794056869	0.0	0.0	0.0	0.0	0.0	0.0	0.0	0.0	0.0
GSM4138112_HNSCC_2_PBMC_GATCGATCACGTGAGA	60.47219751364362	0.0	67.76456217586275	25.726723782747346	42.06757257701946	86.13576698605205	51.75823463114064	0.0	0.0	0.0	0.0	0.0	0.0	0.0	0.0	0.0	0.0	0.0	0.0	0.0	0.0	0.0	0.0	0.0	0.0	0.0	0.0	0.0	0.0
GSM4138112_HNSCC_2_PBMC_GATCGCGAGGTGGGTT	0.0	99.83978364556549	26.581190296549668	20.106506274075024	14.367569139552986	0.0	0.0	0.0	97.34151038040163	1.2653458327616243	0.0	0.0	0.0	16.490178282899485	0.0	0.0	0.0	0.0	0.0	0.0	0.0	0.0	0.0	0.0	0.0	0.0	0.0	0.0	0.0
GSM4138112_HNSCC_2_PBMC_GATTCAGGTAGCGCAA	124.71495150401783	0.0	3.9481765751856592	33.491933437765134	27.043797872454324	0.0	0.0	92.5151887194204	0.0	0.0	20.81682725175031	0.0	38.08004475912693	0.0	7.512025591040548	0.0	0.0	0.0	0.0	0.0	0.0	0.0	0.0	0.0	14.214768675863889	0.0	0.0	0.0	0.0
GSM4138112_HNSCC_2_PBMC_GCACATAGTTCACCTC	0.0	0.0	100.86439747968134	19.906587540662755	10.943930273388071	0.0	0.0	0.0	0.0	0.0	0.0	0.0	0.0	14.236924406102613	0.0	0.0	0.0	0.0	0.0	0.0	0.0	0.2026301565114872	0.0	58.25684902018425	0.0	0.0	0.0	0.0	0.0
GSM4138112_HNSCC_2_PBMC_GCAGTTAAGGCTAGAC	8.390817265170176	0.0	0.0	37.90608451639774	29.306182176968182	0.0	109.03320412496895	0.0	0.0	0.0	184.63046630939306	0.0	23.99317893375779	0.0	0.0	0.0	0.0	0.0	0.0	0.0	0.0	0.0	0.0	0.0	0.0	0.0	0.0	0.0	0.0
GSM4138112_HNSCC_2_PBMC_GCATACACACGGCGTT	42.52950498789943	194.63179429617213	0.0	70.47786907978632	28.45508614039022	0.0	101.34654564999045	0.0	0.0	0.0	0.0	0.0	0.0	0.0	0.0	0.0	0.0	0.0	0.0	0.0	0.0	0.0	0.0	0.0	0.0	0.0	0.0	0.0	0.0
GSM4138112_HNSCC_2_PBMC_GCATACACAGCAGTTT	45.18222193581687	0.0	40.137402612781706	30.291184891558014	15.683608509505948	55.05268084396971	3.941895524959874	0.0	0.0	0.0	0.0	0.0	0.0	0.0	0.0	0.0	0.0	0.0	0.0	0.0	0.0	0.0	0.0	0.0	0.0	0.0	0.0	0.0	0.0
GSM4138112_HNSCC_2_PBMC_GCATGATCACCGATAT	0.0	0.0	48.24189278461718	42.427791395607066	30.925431364773733	104.30555568043052	0.0	0.0	0.0	0.0	0.0	0.0	0.0	106.56181463601534	0.0	0.0	0.0	0.0	0.0	0.0	0.0	0.0	0.0	0.0	0.0	0.0	0.0	0.0	0.0
GSM4138112_HNSCC_2_PBMC_GCATGATCACTGTTAG	66.24360184009305	0.0	0.0	48.87492345088273	9.74723461639065	0.0	0.0	49.1626929577037	0.0	0.0	0.0	0.0	59.65105181055963	0.0	0.0	0.0	0.0	0.0	0.0	24.86452333949856	0.0	0.0	0.0	0.0	0.0	0.0	0.0	0.0	0.0
GSM4138112_HNSCC_2_PBMC_GCATGATCATCACCCT	78.43723185767682	0.0	82.7786875196141	16.403261385559247	19.804282486310086	9.905207924768215	11.812586836732285	0.0	0.0	0.0	0.0	0.0	0.0	0.0	0.0	0.0	0.0	0.0	0.0	0.0	0.0	0.0	0.0	0.0	0.0	0.0	0.0	0.0	0.0
GSM4138112_HNSCC_2_PBMC_GCATGCGAGCTGATAA	0.0	193.9979930948668	0.0	32.355082917602665	19.091310255013298	0.0	0.0	0.0	102.42502528773736	0.0	0.0	0.0	0.0	3.7334982484199224	0.0	0.0	0.0	0.0	0.0	0.0	0.0	0.0	0.0	8.884812261007303	0.0	0.0	0.0	0.0	0.0
GSM4138112_HNSCC_2_PBMC_GCATGCGCAATCGGTT	0.0	60.41315154652985	0.0	28.060409197257343	16.76076872899241	0.0	0.0	0.0	0.0	0.0	0.0	50.2643071502443	0.0	0.0	0.0	0.0	0.0	0.0	0.0	0.0	8.148838726844213	78.67615434523252	0.0	0.0	0.0	0.0	0.0	0.0	0.0
GSM4138112_HNSCC_2_PBMC_GCGACCAGTCATTAGC	30.288948385702565	243.41356367865802	0.0	58.8682159853002	34.50023515630363	0.0	145.78953877825657	0.0	0.0	0.0	0.0	0.0	0.0	0.0	0.0	0.0	0.0	0.0	0.0	0.0	0.0	0.0	0.0	0.0	0.0	0.0	0.0	0.0	0.0
GSM4138112_HNSCC_2_PBMC_GCGAGAATCGCCTGAG	102.037624392229	0.0	0.0	39.60157542223428	20.336792357514966	0.0	9.55580823109037	0.0	0.0	0.0	0.0	0.0	0.0	0.0	172.20999645553155	0.0	0.0	0.0	0.0	0.0	0.0	0.0	0.0	0.0	0.0	0.0	0.0	0.0	0.0
GSM4138112_HNSCC_2_PBMC_GCTCTGTCACGGTAAG	0.0	91.5517157803327	0.0	36.66859001216386	11.952583064993838	0.0	0.0	0.0	118.67728265609678	0.0	0.0	0.0	0.0	0.0	0.0	0.0	0.0	0.0	0.0	0.0	0.0	0.0	0.0	0.0	0.0	0.0	0.0	0.0	0.0
GSM4138112_HNSCC_2_PBMC_GCTGCAGAGTGCCATT	97.27589939186178	0.0	44.214460275435236	26.403774050138093	10.022263694887364	56.11229653686095	0.0	0.0	0.0	7.59180136802747	0.0	0.0	0.0	0.0	0.0	0.0	0.0	0.0	0.0	0.0	0.0	0.0	0.0	0.0	0.0	0.0	0.0	0.0	0.0
GSM4138112_HNSCC_2_PBMC_GGACAAGGTAGATTAG	125.9191162210651	0.0	279.4717543177783	48.80323847991571	32.53757088095153	0.0	14.179560776815391	0.0	0.0	0.0	0.0	0.0	0.0	0.0	0.0	0.0	0.0	0.0	0.0	0.0	0.0	0.0	0.0	0.0	0.0	0.0	0.0	0.0	0.0
GSM4138112_HNSCC_2_PBMC_GGAGCAAAGATGGGTC	0.0	0.0	214.07546097030584	49.946012759329435	30.747261798485194	0.0	144.28826118979194	0.0	0.0	0.0	0.0	0.0	0.0	0.0	0.0	0.0	0.0	0.0	0.0	0.0	0.0	0.0	0.0	0.0	0.0	0.0	0.0	0.0	0.0
GSM4138112_HNSCC_2_PBMC_GGCAATTTCATCATTC	0.0	119.31504682633711	0.0	22.54972340846099	14.307743273468114	0.0	0.0	0.0	0.0	0.0	0.0	0.0	0.0	0.0	0.0	0.0	0.0	0.0	109.65937146751823	0.0	0.0	0.0	0.0	0.0	0.0	0.0	0.0	0.0	0.0
GSM4138112_HNSCC_2_PBMC_GGGCACTCAATGGACG	101.5332384540737	241.42296405853094	0.0	44.78276579738097	31.50936037288711	0.0	0.0	0.0	0.0	0.0	0.0	0.0	0.0	0.0	0.0	0.0	0.0	0.0	0.0	0.0	0.0	0.0	0.0	0.0	0.0	0.0	0.0	0.0	0.0
GSM4138112_HNSCC_2_PBMC_GGGTTGCGTACATCCA	52.44180060508654	144.39290809983322	0.0	24.456697614243183	15.113116507560939	0.0	31.964104485374442	0.0	0.0	0.0	0.0	0.0	0.0	0.0	0.0	0.0	0.0	0.0	0.0	0.0	0.0	0.0	0.0	0.0	0.0	0.0	0.0	0.0	0.0
GSM4138112_HNSCC_2_PBMC_GTAACGTGTATAATGG	0.0	0.0	0.0	21.427193081551472	13.456055095992452	0.0	0.0	146.304947729881	0.0	0.0	0.0	0.0	0.0	53.217793544800486	0.0	0.0	0.0	0.0	1.8483550481470346	0.0	0.0	0.0	0.0	23.42367772158456	0.0	0.0	0.0	0.0	0.0
GSM4138112_HNSCC_2_PBMC_GTCCTCAAGCTCCCAG	0.0	0.0	6.978609804972421	26.56801816267287	5.702046318947915	78.21627716261754	0.0	0.0	0.0	0.0	0.0	0.0	0.0	155.55166164483919	0.0	0.0	0.0	0.0	0.0	0.0	0.0	0.0	0.0	0.0	0.0	0.0	0.0	0.0	0.0
GSM4138112_HNSCC_2_PBMC_GTCCTCAGTAGCGTAG	39.192877655712124	0.0	69.7884753507719	27.766776373311078	12.460256127072613	0.0	0.0	0.0	0.0	0.0	0.0	0.0	0.0	37.361745679079995	0.0	0.0	0.0	0.0	0.0	0.0	0.0	0.0	0.0	0.12200244417248965	0.0	0.0	0.0	0.0	0.0
GSM4138112_HNSCC_2_PBMC_GTCCTCAGTGCGGTAA	75.1390776074016	0.0	55.551367049135784	31.834097527340923	20.720208698890712	0.0	35.7623552634845	0.0	0.0	0.0	5.246687958986317	0.0	83.17698092083984	0.0	0.0	0.0	0.0	0.0	0.0	0.0	0.0	0.0	0.0	0.0	0.0	0.0	0.0	0.0	0.0
GSM4138112_HNSCC_2_PBMC_GTCGGGTGTAAGTGGC	5.2719232996526095	0.0	55.028016970732985	22.693175871830395	30.731586511245027	114.73833053461172	125.01189152396591	0.0	0.0	0.0	0.0	0.0	0.0	0.0	0.0	0.0	0.0	0.0	0.0	0.0	0.0	0.0	0.0	0.0	0.0	0.0	0.0	0.0	0.0
GSM4138112_HNSCC_2_PBMC_GTCGTAAAGTACACCT	87.9457007158096	0.0	153.51006271099487	25.33506612602101	39.54772807736268	0.0	0.0	0.0	0.0	0.0	0.0	0.0	0.0	0.0	0.0	0.0	0.0	0.0	0.0	0.0	0.0	0.0	0.0	0.0	0.0	0.0	0.0	0.0	0.0
GSM4138112_HNSCC_2_PBMC_GTGGGTCTCTTAACCT	182.80217982698468	0.0	276.7100253662896	52.23511438029672	52.810636397193235	7.183144962861557	63.51268648599805	0.0	0.0	0.0	0.0	0.0	0.0	0.0	0.0	0.0	0.0	0.0	0.0	0.0	0.0	0.0	0.0	0.0	0.0	0.0	0.0	0.0	0.0
GSM4138112_HNSCC_2_PBMC_GTGTGCGAGCCGCCTA	59.73353219155945	0.0	123.7554766839023	13.490480934773482	29.119928227611183	64.50038219149337	53.56941281053417	0.0	0.0	0.0	0.0	0.0	0.0	0.0	0.0	0.0	0.0	0.0	0.0	0.0	0.0	0.0	0.0	0.0	0.0	0.0	0.0	0.0	0.0
GSM4138112_HNSCC_2_PBMC_GTTCTCGAGTAACCCT	114.82399276767477	0.0	89.21166110683457	47.36575409638831	13.516522427028955	55.49714474049479	0.0	0.0	0.0	0.0	0.0	0.0	0.0	0.0	0.0	0.0	0.0	0.0	0.0	0.0	0.0	0.0	0.0	0.0	0.0	0.0	0.0	0.0	0.0
GSM4138112_HNSCC_2_PBMC_TAAGCGTCAGACGCCT	62.11591569433932	0.0	0.0	64.12364530691481	16.37350741843141	0.0	0.0	0.0	0.0	0.0	208.3471679780941	0.0	0.0	0.0	0.0	0.0	0.0	0.0	0.0	0.0	0.0	0.0	0.0	0.0	0.0	0.0	0.0	0.0	0.0
GSM4138112_HNSCC_2_PBMC_TACGGTATCAGCCTAA	146.97775725873117	0.0	155.5819102923133	42.33194480528617	22.806459587523673	19.767178393525395	0.0	0.0	0.0	0.0	0.0	0.0	0.0	0.0	0.0	0.0	0.0	0.0	0.0	0.0	0.0	0.0	0.0	0.0	0.0	0.0	0.0	0.0	0.0
GSM4138112_HNSCC_2_PBMC_TAGCCGGGTTCATGGT	23.36536976738605	70.38436961515454	18.840739489837127	19.002141676990288	15.367297421675252	0.0	31.348703675308727	0.0	0.0	0.0	0.0	0.0	0.0	0.0	0.0	0.0	0.0	0.0	0.0	0.0	0.0	0.0	0.0	0.0	0.0	0.0	0.0	0.0	0.0
GSM4138112_HNSCC_2_PBMC_TAGTGGTAGGATGGAA	0.0	123.0442000738544	0.0	22.463151139995887	26.332252772195528	0.0	0.0	0.0	51.01971965817482	0.0	0.0	0.0	0.0	0.0	0.0	0.0	0.0	0.0	0.0	0.0	0.0	0.0	0.0	0.0	0.0	0.0	0.0	0.0	0.0
GSM4138112_HNSCC_2_PBMC_TAGTTGGGTCCATGAT	0.0	0.0	0.0	79.02519173204504	44.37542641696214	0.0	96.13643632088738	6.848832967321312	0.0	0.0	0.0	0.0	0.0	0.0	0.0	0.0	33.040238857767804	0.0	0.0	277.31319927997714	0.0	0.0	0.0	0.0	0.0	0.0	0.0	0.0	0.0
GSM4138112_HNSCC_2_PBMC_TATTACCCAGCTGTAT	164.33272605463523	0.0	121.32225123504598	69.63220856457794	62.03364143302332	191.53938441084472	35.347883479640075	0.0	0.0	0.0	0.0	0.0	0.0	0.0	0.0	0.0	0.0	0.0	0.0	0.0	0.0	0.0	0.0	0.0	0.0	0.0	0.0	0.0	0.0
GSM4138112_HNSCC_2_PBMC_TCATTTGGTGTGGTTT	0.0	165.33519476582063	0.0	40.709276055897114	39.5408769832206	0.0	0.0	0.0	0.0	0.0	0.0	0.0	0.0	104.78972939559074	0.0	0.0	0.0	0.0	0.0	0.0	0.0	56.7336833431012	0.0	0.0	0.0	0.0	0.0	0.0	0.0
GSM4138112_HNSCC_2_PBMC_TCATTTGGTTGGAGGT	0.0	5.544070495926504	104.16235039394589	31.181646230271067	35.19588236022279	0.0384564211281282	0.0	0.0	0.0	0.0	0.0	0.0	0.0	0.0	8.517825905391062	0.0	68.33933836328814	0.0	0.0	0.0	0.0	0.0	0.0	0.0	0.0	0.0	0.0	0.0	0.0
GSM4138112_HNSCC_2_PBMC_TCTCATAGTCTGCGGT	129.51874981513808	0.0	123.68832577343682	36.75851022166367	29.57696499238478	27.278983045926815	0.0	0.0	0.0	0.0	0.0	0.0	0.0	0.0	0.0	0.0	0.0	0.0	0.0	0.0	0.0	0.0	0.0	0.0	0.0	0.0	0.0	0.0	0.0
GSM4138112_HNSCC_2_PBMC_TCTCATAGTTTGTGTG	60.131036681515035	115.71331740557066	0.0	13.518088006314054	24.236648692869785	0.0	0.0	0.0	0.0	0.0	0.0	0.0	0.0	0.0	0.0	0.0	0.0	0.0	40.9223861325123	0.0	0.0	0.0	0.0	0.0	0.0	0.0	0.0	0.0	0.0
GSM4138112_HNSCC_2_PBMC_TCTTTCCTCGAGAGCA	0.0	0.0	0.0	26.348284933268474	18.219161143113467	0.0	0.0	101.86524888243457	0.0	0.0	0.0	99.26657592434692	0.0	0.0	0.0	0.0	0.0	0.0	0.0	0.0	0.0	0.0	0.0	0.0	0.0	0.0	0.0	0.0	0.0
GSM4138112_HNSCC_2_PBMC_TGAAAGATCACGCGGT	0.0	0.0	0.0	16.336457758214628	8.991920612388814	51.97974653026471	0.0	0.0	51.04383396351571	0.0	0.0	0.0	0.0	0.0	0.0	0.0	0.0	0.0	32.226437729228486	0.0	0.0	0.0	0.0	0.0	0.0	0.0	0.0	0.0	0.0
GSM4138112_HNSCC_2_PBMC_TGACTAGAGAAACCTA	0.0	112.0923275230432	111.25743914099246	67.97822833773762	38.545259359931485	20.70389301343842	247.30221039114923	0.0	0.0	0.0	0.0	0.0	0.0	0.0	0.0	0.0	0.0	0.0	0.0	0.0	0.0	0.0	0.0	0.0	0.0	0.0	0.0	0.0	0.0
GSM4138112_HNSCC_2_PBMC_TGACTTTAGGATATAC	0.0	137.16166709712462	0.0	25.342532999908713	9.279090200461775	0.0	0.0	0.0	0.0	0.0	0.0	115.51079088934745	0.0	0.0	0.0	0.0	0.0	0.0	0.0	0.0	0.0	0.0	0.0	0.0	0.0	0.0	0.0	0.0	0.0
GSM4138112_HNSCC_2_PBMC_TGCACCTTCTAGCACA	79.97683772114317	89.94759653435484	0.0	18.669726415545338	14.080605994435743	0.0	0.0	0.0	0.0	0.0	1.2772329568334404	0.0	0.0	0.0	0.0	0.0	0.0	0.0	0.0	0.0	0.0	0.0	0.0	0.0	0.0	0.0	0.0	0.0	0.0
GSM4138112_HNSCC_2_PBMC_TGCCCTACACTGAAGG	93.81131154480462	0.0	0.0	49.27663624436645	31.08707754722489	202.04893363300158	2.7649620303321845	0.0	0.0	0.0	0.0	0.0	0.0	0.0	0.0	0.0	0.0	0.0	0.0	0.0	0.0	0.0	0.0	0.0	0.0	0.0	0.0	0.0	0.0
GSM4138112_HNSCC_2_PBMC_TGCCCTAGTAGCCTCG	0.0	0.0	0.0	62.58757584794894	16.341362906223694	0.0	0.0	181.88211904734058	0.0	0.0	0.0	0.0	0.0	0.0	0.0	0.0	122.11996564490309	0.0	0.0	0.0	0.0	0.0	0.0	0.0	0.0	0.0	28.301848551905955	0.0	0.0
GSM4138112_HNSCC_2_PBMC_TGCCCTAGTTTCGCTC	0.0	90.07629503084678	19.069876580626136	29.342835190735798	11.096734589039677	0.0	108.53350934447286	0.0	0.0	0.0	0.0	0.0	0.0	0.0	0.0	0.0	0.0	0.0	0.0	0.0	0.0	0.0	0.0	0.0	0.0	0.0	0.0	0.0	0.0
GSM4138112_HNSCC_2_PBMC_TGCGGGTTCACATACG	127.0728885784603	0.0	176.66040953161044	26.879040716621372	20.738476034463915	0.0	30.299048974757913	0.0	0.0	0.0	0.0	0.0	0.0	0.0	0.0	0.0	0.0	0.0	0.0	0.0	0.0	0.0	0.0	0.0	0.0	0.0	0.0	0.0	0.0
GSM4138112_HNSCC_2_PBMC_TGGCGCATCTGCCCTA	0.0	79.43380710730497	0.0	40.062684195172125	11.026840179354307	0.0	0.0	0.0	68.3724978753502	0.0	0.0	0.0	0.0	0.0	0.0	0.0	0.0	0.0	0.0	0.0	0.0	0.0	0.0	0.0	0.0	0.0	0.0	0.0	0.0
GSM4138112_HNSCC_2_PBMC_TGGGAAGAGAAACGAG	43.16113632284724	36.14139075636749	0.05791664008264083	29.400317918738285	25.930479432682812	81.20070119964275	59.87049353470566	0.0	0.0	0.0	0.0	17.28553637013919	0.0	0.1244672423445848	0.0	0.0	0.0	0.0	0.0	0.0	0.0	0.0	0.0	0.0	0.0	0.0	0.0	0.0	0.0
GSM4138112_HNSCC_2_PBMC_TGGTTAGAGGCCGAAT	0.0	109.71858227630355	0.0	26.895409340968232	6.8501985130904135	0.0	0.0	0.0	0.0	0.0	0.0	76.32465318128702	0.0	5.25150293701119	0.0	0.0	0.0	0.0	0.0	0.0	1.5474413291083837	28.827914248786936	0.0	0.0	0.0	0.0	0.0	0.0	0.0
GSM4138112_HNSCC_2_PBMC_TGGTTAGCATTAACCG	52.84526650772309	0.0	105.7975673512213	23.933196388102772	14.162513672482566	0.0	24.429994358571626	0.0	0.0	0.0	0.0	0.0	0.0	0.0	0.0	0.0	0.0	0.0	0.0	0.0	0.0	0.0	0.0	0.0	0.0	0.0	0.0	0.0	0.0
GSM4138112_HNSCC_2_PBMC_TTAGGACTCTATCCTA	0.0	0.0	0.0	42.64114530635983	32.31115864565166	0.0	144.57711262847988	0.0	0.0	241.3274447630514	0.0	0.0	0.0	0.0	0.0	0.0	0.0	0.0	0.0	0.0	0.0	0.0	0.0	0.0	0.0	0.0	0.0	0.0	0.0
GSM4138112_HNSCC_2_PBMC_TTCCCAGCAAGTCATC	0.0	0.0	0.0	52.56061736910192	54.154012337446424	0.0	26.50530912822366	0.0	0.0	0.0	238.3266318455329	114.92569598665521	0.0	0.0	0.0	0.0	0.0	0.0	0.0	0.0	0.0	0.0	0.0	0.0	0.0	0.0	0.0	0.0	0.0
GSM4138112_HNSCC_2_PBMC_TTCGAAGAGGCTATCT	42.75644629663368	125.10744621380994	0.0	25.641067862068528	12.992770564577352	0.0	0.0	0.0	0.0	0.0	0.0	0.0	0.0	0.0	0.0	0.0	0.0	0.0	0.0	0.0	0.0	0.0	0.0	0.0	0.0	0.0	0.0	0.0	0.0
GSM4138112_HNSCC_2_PBMC_TTCTACATCCTCATTA	112.99310977385502	0.0	56.36393716717234	52.460055735085035	24.748279830175868	0.0	38.66811601367196	102.00276025991322	0.6931963412259347	0.0	0.0	0.0	0.0	0.0	0.0	0.0	0.0	0.0	0.0	0.0	0.0	0.0	36.15666112630951	0.0	0.0	0.0	0.0	0.0	0.0
GSM4138112_HNSCC_2_PBMC_TTCTCAAAGGCTCAGA	23.98462795093358	204.6118185049147	0.0	28.200540271796076	38.426729638788835	0.0	0.0	0.0	20.510107589183892	0.0	0.0	0.0	0.0	0.0	0.0	0.0	0.0	0.0	27.748149819713817	0.0	11.134680957993337	0.0	0.0	0.0	0.0	0.0	0.0	0.0	17.30225001348066
GSM4138112_HNSCC_2_PBMC_TTGCCGTGTCAGATAA	88.4995790206986	0.0	30.225552645620535	14.49009238367873	7.22764374635596	77.29134326393999	0.0	0.0	0.0	0.0	0.0	0.0	0.0	0.0	0.0	0.0	0.0	0.0	0.0	0.0	0.0	0.0	0.0	0.0	0.0	0.0	0.0	0.0	0.0
GSM4138112_HNSCC_2_PBMC_TTGGAACCAGTCTTCC	0.0	130.7322086649597	0.0	18.893573310341345	13.403970191902317	0.0	0.0	0.0	0.0	0.0	0.0	0.0	0.0	0.0	0.0	0.0	0.0	0.0	0.0	0.0	47.24598840459561	0.0	0.0	0.0	0.0	0.0	0.0	0.0	0.0
GSM4138112_HNSCC_2_PBMC_TTGGCAAAGATGTGGC	87.70278753295429	103.68272478868116	0.0	27.253802282019453	15.907647141148438	0.0	0.0	0.0	0.0	0.0	0.0	0.0	0.0	0.0	0.0	0.0	0.0	0.0	0.0	0.0	0.0	0.0	0.0	0.0	0.0	0.0	0.0	0.0	0.0
GSM4138112_HNSCC_2_PBMC_TTGGCAAGTTCCCTTG	91.22466394660847	0.0	0.0	42.85040434218582	22.105636226738405	152.7272788327489	0.0	0.0	0.0	0.0	0.0	0.0	0.0	0.0	0.0	0.0	0.0	0.0	0.0	0.0	0.0	0.0	0.0	0.0	0.0	0.0	0.0	0.0	0.0
GSM4138112_HNSCC_2_PBMC_TTTATGCGTACCTACA	59.217668433078686	82.82002035284023	0.0	9.940972485110033	7.421310853567273	0.0	0.0	0.0	0.0	0.0	0.0	0.0	0.0	0.0	0.0	0.0	0.0	0.0	0.0	0.0	0.0	0.0	0.0	0.0	0.0	0.0	0.0	0.0	0.0
GSM4138112_HNSCC_2_PBMC_TTTGTCATCCGTACAA	86.26124408077494	16.21686973927391	0.0	34.36094283786764	40.04171382482981	128.15151082883384	23.85650371858445	0.0	0.0	0.0	0.0	0.0	0.0	0.0	0.0	0.0	0.0	0.0	0.0	0.0	0.0	0.0	0.0	0.0	0.0	0.0	0.0	0.0	0.0
GSM4138112_HNSCC_2_PBMC_AAATGCCTCCGTTGTC	185.8353577103968	0.0	0.0	76.49389494645474	46.02475351951326	0.0	17.68063364104263	0.0	0.0	0.0	0.0	0.0	0.0	0.0	0.0	0.0	0.0	0.0	0.0	317.7337524892849	0.0	0.0	0.0	0.0	0.0	0.0	0.0	0.0	0.0
GSM4138112_HNSCC_2_PBMC_AACACGTCACACGCTG	0.0	0.0	0.0	59.53788872522974	58.19545731620023	0.0	0.0	0.0	222.4875247238384	0.0	0.0	0.0	0.0	0.0	0.0	0.0	0.0	161.00123996034418	0.0	0.0	0.0	0.0	213.71020251823515	0.0	0.0	0.0	0.0	0.0	0.0
GSM4138112_HNSCC_2_PBMC_AACTCTTCATGAACCT	0.0	232.2975266704539	0.0	46.35112793953101	58.56139520672068	0.0	0.0	0.0	0.0	0.0	0.0	153.235437635679	0.0	0.0	0.0	0.0	0.0	0.0	0.0	0.0	0.0	0.0	0.0	0.0	0.0	0.0	0.0	0.0	0.0
GSM4138112_HNSCC_2_PBMC_AACTCTTTCGCATGGC	194.86899422662879	0.0	0.0	84.39226224662352	44.6979299006612	385.40466028757015	0.0	0.0	0.0	0.0	0.0	0.0	0.0	0.0	0.0	0.0	0.0	0.0	0.0	0.0	0.0	0.0	0.0	0.0	0.0	0.0	0.0	0.0	0.0
GSM4138112_HNSCC_2_PBMC_AAGACCTCAACTGCGC	258.48258320003777	0.0	0.0	70.2326235640246	44.23283001295068	0.0	0.0	298.06336024327857	0.0	0.0	0.0	0.0	0.0	0.0	0.0	0.0	0.0	0.0	0.0	0.0	0.0	0.0	0.0	0.0	0.0	0.0	0.0	0.0	0.0
GSM4138112_HNSCC_2_PBMC_AAGCCGCCACGCCAGT	182.87576886219506	0.0	218.7987191409182	42.337384272796214	39.322939151298996	0.0	46.66686349587267	0.0	0.0	0.0	0.0	0.0	0.0	0.0	0.0	0.0	0.0	0.0	0.0	0.0	0.0	0.0	0.0	0.0	0.0	0.0	0.0	0.0	0.0
GSM4138112_HNSCC_2_PBMC_AAGCCGCGTGCGGTAA	132.96749595715195	158.34046759983215	45.613808680169605	56.4543925304788	35.98755773966419	0.0	0.0	58.191004935799306	0.0	0.0	0.0	0.0	0.0	0.0	0.0	0.0	0.0	0.0	0.0	0.0	0.0	0.0	0.0	0.0	0.0	0.0	0.0	0.0	0.0
GSM4138112_HNSCC_2_PBMC_AAGGTTCGTGTAAGTA	0.0	136.98714868286328	0.0	40.61479695125906	36.78587635266465	0.0	0.0	0.0	23.275622291469258	0.0	0.0	0.0	0.0	84.26445706364663	0.0	0.0	0.0	0.0	0.0	0.0	0.0	0.0	0.0	0.0	0.0	0.0	0.0	0.0	0.0
GSM4138112_HNSCC_2_PBMC_ACGAGCCAGAGGTTGC	0.0	268.6407126102675	0.0	47.15438788819058	37.49537305297511	0.0	0.0	0.0	184.31376292745335	0.0	0.0	0.0	0.0	0.0	0.0	0.0	0.0	0.0	0.0	0.0	0.0	0.0	0.0	0.0	0.0	0.0	0.0	0.0	0.0
GSM4138112_HNSCC_2_PBMC_ACTGCTCGTCTCCCTA	222.3260795797721	0.0	0.0	57.05406081540858	41.75001354317259	242.25386714199544	0.0	0.0	0.0	0.0	0.0	0.0	0.0	0.0	0.0	0.0	0.0	0.0	0.0	0.0	0.0	0.0	0.0	0.0	0.0	0.0	0.0	0.0	0.0
GSM4138112_HNSCC_2_PBMC_ACTGCTCTCTGCCCTA	153.03962228246786	0.0	0.0	43.59335188978392	60.454100519310686	0.0	48.13240739773184	0.0	0.0	277.6938145193298	0.0	0.0	0.0	0.0	0.0	0.0	0.0	0.0	0.0	0.0	0.0	0.0	0.0	0.0	0.0	0.0	81.7157939463853	0.0	0.0
GSM4138112_HNSCC_2_PBMC_ACTTACTCAATTGCTG	167.62132836543367	129.0508060111152	66.6458670802637	47.9746930247928	34.722647196147676	32.43328582785924	0.0	7.996483164221229	0.0	0.0	0.0	0.0	0.0	0.0	0.0	0.0	0.0	0.0	0.0	0.0	0.0	0.0	0.0	0.0	0.0	0.0	0.0	0.0	0.0
GSM4138112_HNSCC_2_PBMC_AGCAGCCCAAACTGCT	125.60363375116455	0.0	0.0	45.02857343439444	29.40437437562713	0.0	0.0	0.0	0.0	0.0	0.0	0.0	0.0	0.0	0.0	0.0	0.0	282.2214701661614	0.0	0.0	0.0	0.0	0.0	0.0	0.0	0.0	0.0	0.0	0.0
GSM4138112_HNSCC_2_PBMC_AGCGTCGCAAATACAG	140.06812269762068	125.26464351749506	0.0	57.89207063604128	41.73412034445871	0.0	0.0	0.0	0.0	0.0	0.0	0.0	0.0	0.0	205.27821934175614	0.0	0.0	0.0	0.0	0.0	0.0	0.0	0.0	0.0	0.0	0.0	0.0	0.0	0.0
GSM4138112_HNSCC_2_PBMC_AGTTGGTGTACTTGAC	66.94552879279141	151.0978578297238	0.0	53.82985720846471	48.559782004177094	0.0	62.6968118655024	0.0	0.0	0.0	0.0	0.0	0.0	0.0	0.0	0.0	0.0	0.0	0.0	0.0	0.0	0.0	0.0	0.0	0.0	0.0	0.0	0.0	0.0
GSM4138112_HNSCC_2_PBMC_ATCCGAATCTGCTTGC	49.683900245801944	318.00442205324146	0.0	54.40749954498291	33.01167864126566	0.0	0.0	0.0	35.309013402254074	0.0	0.0	0.0	0.0	0.0	0.0	0.0	0.0	0.0	0.0	0.0	0.0	77.85993512671615	0.0	0.0	0.0	0.0	0.0	0.0	0.0
GSM4138112_HNSCC_2_PBMC_ATCGAGTTCTGGAGCC	91.60257383701345	256.83303673296695	0.0	51.98376562197034	53.12406678752705	0.0	84.0495574486253	0.0	0.0	0.0	0.0	0.0	0.0	0.0	0.0	0.0	0.0	0.0	0.0	0.0	11.923848909368049	0.0	0.0	0.0	0.0	0.0	0.0	0.0	0.0
GSM4138112_HNSCC_2_PBMC_ATGAGGGCATCTATGG	0.0	280.938128973639	0.0	73.27769438032104	54.9540155895951	0.0	0.0	0.0	269.0975683500642	0.0	0.0	0.0	0.0	0.0	0.0	0.0	0.0	0.0	0.0	0.0	0.0	0.0	0.0	0.0	0.0	0.0	0.0	0.0	0.0
GSM4138112_HNSCC_2_PBMC_ATTACTCGTTGGTTTG	0.0	0.0	208.7483742264557	43.94628144944825	43.78328052087192	0.0	178.252217475665	0.0	0.0	0.0	0.0	26.729311348124472	0.0	0.0	0.0	0.0	0.0	0.0	0.0	0.0	0.0	0.0	0.0	0.0	0.0	0.0	0.0	0.0	0.0
GSM4138112_HNSCC_2_PBMC_ATTCTACCAGACTCGC	182.07581585023948	217.51692346021605	0.0	51.393150475953284	35.44264344512151	0.0	0.0	8.853774507359462	0.0	0.0	0.0	0.0	0.0	0.0	32.064097985705395	0.0	0.0	53.10882087553068	0.0	0.0	0.0	0.0	0.0	0.0	0.0	0.0	0.0	0.0	0.0
GSM4138112_HNSCC_2_PBMC_ATTGGTGCAGTAAGCG	189.1426609544072	0.0	0.0	59.79359404463929	30.551017580810765	0.0	0.0	254.20354361221632	0.0	0.0	0.0	0.0	0.0	0.0	0.0	0.0	0.0	0.0	0.0	0.0	0.0	0.0	0.0	0.0	0.0	0.0	0.0	0.0	0.0
GSM4138112_HNSCC_2_PBMC_CAACTAGTCTAGCACA	103.1491868263116	189.22961676419592	0.0	28.591641827258275	21.922464165773174	0.0	0.0	0.0	0.0	0.0	0.0	0.0	0.0	0.0	0.0	0.0	0.0	0.0	0.0	0.0	0.0	0.0	0.0	0.0	0.0	0.0	0.0	0.0	0.0
GSM4138112_HNSCC_2_PBMC_CACATAGAGTTCGCAT	130.93303518945706	0.0	117.89667091002707	67.9067204182106	30.154766614260467	125.37284046819418	0.0	0.0	0.0	0.0	0.0	0.0	0.0	0.0	0.0	0.0	0.0	0.0	0.0	0.0	0.0	0.0	0.0	0.0	0.0	0.0	0.0	0.0	0.0
GSM4138112_HNSCC_2_PBMC_CAGCGACAGCCACGTC	0.0	0.0	0.0	50.84318080361411	56.138680641488044	0.0	0.0	0.0	0.0	0.0	29.965771194182956	0.0	0.0	54.34640568928375	121.00004599084718	0.0	63.94947576897284	0.0	0.0	0.0	9.334746038681207	0.0	101.46622332565192	0.0	0.0	0.0	6.384406096612356	0.0	0.0
GSM4138112_HNSCC_2_PBMC_CAGCTAACAAGGCTCC	0.0	0.0	0.0	91.2829532128315	49.65180331870769	0.0	60.67117843512939	0.0	0.0	0.0	0.0	125.7742322479832	349.4327671010295	0.0	0.0	0.0	0.0	0.0	0.0	0.0	0.0	0.0	0.0	0.0	0.0	0.0	0.0	0.0	0.0
GSM4138112_HNSCC_2_PBMC_CATATTCTCATAACCG	235.03047711323975	0.0	387.51475774184826	68.9281841069124	36.87940213234532	0.0	0.0	0.0	0.0	0.0	0.0	0.0	0.0	0.0	0.0	0.0	0.0	0.0	0.0	0.0	0.0	0.0	0.0	0.0	0.0	0.0	0.0	0.0	0.0
GSM4138112_HNSCC_2_PBMC_CATGGCGTCGCACTCT	151.2122364179812	0.0	0.0	48.02844957446229	27.615636705581224	22.79702184587826	0.0	161.9433913778111	0.0	8.877547249648698	0.0	0.0	0.0	0.0	0.0	0.0	0.0	0.0	0.0	0.0	0.0	0.0	0.0	0.0	0.0	0.0	0.0	0.0	0.0
GSM4138112_HNSCC_2_PBMC_CATTATCCAGTCGATT	159.08267114363534	0.0	252.48324128517734	54.81676181181357	39.87087967709237	0.0	0.0	0.0	0.0	0.0	0.0	0.0	0.0	0.0	0.0	0.0	0.0	0.0	0.0	0.0	0.0	0.0	0.0	0.0	0.0	0.0	0.0	0.0	0.0
GSM4138112_HNSCC_2_PBMC_CATTATCGTACGAAAT	59.42059833682043	0.0	2.226598375237261	78.25487481918866	44.605719940354334	5.763302627068359	0.0	0.0	33.94033248778646	0.0	0.0	0.0	0.0	0.0	119.23077631411705	0.0	0.0	0.0	11.675651746816113	0.0	4.5685048991774115	13.766993545545107	111.52474995584303	0.0	0.0	0.0	14.667991407794704	0.0	0.0
GSM4138112_HNSCC_2_PBMC_CATTATCTCGTTTGCC	0.0	0.0	0.0	22.05588252491887	8.587648031473295	0.0	0.0	0.0	13.736407565184786	0.0	0.0	4.510224605958351	124.36986487358064	0.0	0.0	0.0	0.0	0.0	0.0	0.0	0.0	0.0	0.0	0.0	0.0	0.0	0.0	0.0	0.0
GSM4138112_HNSCC_2_PBMC_CCCAATCAGGAGCGAG	61.631658456757336	0.0	115.56213369285734	26.684108539870266	14.427433904857562	13.640416652453574	0.0	0.0	0.0	0.0	0.0	0.0	0.0	0.0	0.0	0.0	0.0	0.0	0.0	0.0	0.0	0.0	0.0	0.0	0.0	0.0	0.0	0.0	0.0
GSM4138112_HNSCC_2_PBMC_CCGGGATTCTCGTTTA	71.32293641191448	0.0	65.08641235958262	25.643318237364745	15.569570067162715	39.288245402011135	0.0	0.0	0.0	0.0	0.0	0.0	0.0	0.0	0.0	0.0	0.0	0.0	0.0	0.0	0.0	0.0	0.0	0.0	0.0	0.0	0.0	0.0	0.0
GSM4138112_HNSCC_2_PBMC_CCTAGCTCACAGAGGT	199.2084252320303	0.0	72.6203363181871	57.52899455195788	45.17196682185228	182.20879237390733	0.0	0.0	0.0	0.0	0.0	0.0	0.0	0.0	0.0	0.0	0.0	0.0	0.0	0.0	0.0	0.0	18.565523753928783	0.0	0.0	0.0	0.0	0.0	0.0
GSM4138112_HNSCC_2_PBMC_CCTATTATCTCAACTT	0.0	227.5309542544304	0.0	59.5782424069523	42.098282775839934	0.0	0.0	0.0	0.0	0.0	0.0	57.472120711871305	0.0	0.0	0.0	0.0	0.0	0.0	0.0	0.0	82.46995947173039	0.0	0.0	0.0	0.0	0.0	0.0	0.0	50.107944441301626
GSM4138112_HNSCC_2_PBMC_CCTCAGTAGACTGTAA	163.47967055070353	0.0	0.0	44.24686076973365	32.50696811112015	222.69537396095828	0.0	0.0	0.0	0.0	0.0	0.0	0.0	0.0	0.0	0.0	0.0	0.0	0.0	0.0	0.0	0.0	0.0	0.0	0.0	0.0	0.0	0.0	0.0
GSM4138112_HNSCC_2_PBMC_CCTTTCTGTCTAAACC	118.107763937011	0.0	0.0	63.3216840130003	39.41571866262687	131.93147425220516	20.818254765601942	0.0	0.0	0.0	0.0	0.0	0.0	0.0	0.0	181.71499145101578	0.0	0.0	0.0	0.0	0.0	0.0	0.0	0.0	0.0	0.0	0.0	0.0	0.0
GSM4138112_HNSCC_2_PBMC_CGACCTTAGGTGCTTT	95.61442679859543	0.0	184.90116591010707	50.76237795370761	31.480917660434162	105.5770383124074	69.11323323860996	0.0	0.0	0.0	0.0	0.0	0.0	0.0	0.0	0.0	0.0	0.0	0.0	0.0	0.0	0.0	0.0	0.0	0.0	0.0	0.0	0.0	0.0
GSM4138112_HNSCC_2_PBMC_CGAGAAGTCGAGCCCA	71.15752944972499	0.0	344.54000849212105	72.82837585953513	45.61169381121488	0.0	83.4685949683077	0.0	0.0	0.0	0.0	0.0	0.0	0.0	0.0	0.0	0.0	0.0	0.0	0.0	0.0	0.0	0.0	0.0	0.0	0.0	0.0	0.0	0.0
GSM4138112_HNSCC_2_PBMC_CGATGTACAACTGCTA	37.970172679844964	250.93609215035835	0.0	50.60922353132877	31.27533162193292	0.0	69.81230889812628	0.0	0.0	0.0	0.0	69.50283618115803	0.0	0.0	0.0	0.0	0.0	0.0	0.0	0.0	0.0	0.0	0.0	0.0	0.0	0.0	0.0	0.0	0.0
GSM4138112_HNSCC_2_PBMC_CGGACACCAGAGTGTG	179.5093666320186	0.0	191.50358878966642	87.89476221147638	41.75956393748442	92.10557763653537	0.0	0.0	0.0	0.0	0.0	0.0	0.0	0.0	0.0	0.0	0.0	0.0	0.0	0.0	0.0	0.0	0.0	0.0	0.0	0.0	0.0	0.0	0.0
GSM4138112_HNSCC_2_PBMC_CGTTAGAAGATATACG	213.70890812710132	0.0	254.43900720052656	48.551484568806885	41.558352539817946	0.0	0.0	0.0	0.0	0.0	0.0	0.0	0.0	0.0	0.0	0.0	0.0	0.0	0.0	0.0	0.0	0.0	0.0	0.0	0.0	0.0	68.25567945239199	0.0	0.0
GSM4138112_HNSCC_2_PBMC_CGTTCTGCATCCTAGA	0.0	0.0	0.0	35.096473067785574	22.863117396668056	0.0	62.16255234179863	0.0	0.0	0.0	0.0	0.0	96.17692123009523	0.0	0.0	0.0	0.0	0.0	0.0	0.0	0.0	0.0	57.059193242590965	0.0	0.0	0.0	53.15147178389221	0.0	0.0
GSM4138112_HNSCC_2_PBMC_CTACACCTCCTGTACC	58.15045382018277	188.75210619490383	0.0	46.76524016078451	41.26307440942568	141.8795001204928	200.07275051333932	0.0	0.0	0.0	0.0	0.0	0.0	0.0	0.0	0.0	0.0	0.0	0.0	0.0	0.0	0.0	0.0	0.0	0.0	0.0	0.0	0.0	0.0
GSM4138112_HNSCC_2_PBMC_CTACGTCCAAATCCGT	0.0	0.0	192.28328927068668	49.62240262874408	33.864506797357	0.0	0.0	0.0	0.0	0.0	0.0	122.97921506874852	0.0	0.0	0.0	0.0	0.0	0.0	0.0	0.0	26.24547733460581	0.0	0.0	0.0	0.0	0.0	0.0	0.0	0.0
GSM4138112_HNSCC_2_PBMC_CTCGAAAGTCCATCCT	156.942717449746	132.7298598271362	0.0	27.58538979324996	21.574153100271534	0.0	0.0	0.0	0.0	0.0	0.0	0.0	0.0	0.0	0.0	0.0	0.0	0.0	0.0	0.0	0.0	0.0	0.0	0.0	0.0	0.0	0.0	0.0	0.0
GSM4138112_HNSCC_2_PBMC_CTCGGGATCTAACTGG	162.3745428955836	33.962495231705134	164.6378377557827	53.42600224478361	37.377836859294185	31.92970568975628	0.0	0.0	0.0	0.0	0.0	0.0	0.0	0.0	0.0	0.0	0.0	0.0	0.0	0.0	0.0	0.0	0.0	0.0	0.0	0.0	0.0	0.0	0.0
GSM4138112_HNSCC_2_PBMC_CTCTGGTAGACAAGCC	152.658540646399	92.65042257021328	0.0	155.52867194053124	40.91589090513533	51.62601958710769	0.0	0.0	0.0	0.0	144.18868478167843	0.0	0.0	0.0	0.0	0.0	0.0	0.0	0.0	0.0	0.0	0.0	0.0	0.0	0.0	0.0	0.0	0.0	0.0
GSM4138112_HNSCC_2_PBMC_CTGCTGTAGTGCGTGA	88.13876294004874	221.37660193925572	0.0	53.31311950855361	33.46508293241933	0.0	79.03961883668256	0.0	0.0	0.0	0.0	0.0	0.0	0.0	0.0	0.0	0.0	0.0	0.0	0.0	0.0	0.0	0.0	0.0	0.0	0.0	0.0	0.0	0.0
GSM4138112_HNSCC_2_PBMC_CTGGTCTGTTGGGACA	0.0	144.88983561181644	0.0	69.31899376528987	24.562854263855176	0.0	0.0	0.0	0.0	0.0	0.0	0.0	0.0	0.0	0.0	0.0	135.45940090819997	0.0	0.0	0.0	0.0	0.0	0.0	0.0	0.0	0.0	0.0	0.0	0.0
GSM4138112_HNSCC_2_PBMC_CTTAGGAGTTCGGGCT	0.0	0.0	40.76253112703927	30.53807158398347	37.157966845923966	122.53227858201342	110.13563899380293	0.0	0.0	0.0	0.0	0.0	0.0	0.0	0.0	0.0	0.0	0.0	0.0	0.0	0.0	0.0	0.0	0.0	0.0	0.0	0.0	0.0	0.0
GSM4138112_HNSCC_2_PBMC_CTTAGGATCACTATTC	51.74520357261938	145.7064699870885	0.0	45.821700232098195	18.460613491251316	0.0	48.52413060393685	0.0	0.0	0.0	0.0	0.0	0.0	0.0	0.0	0.0	0.0	0.0	0.0	0.0	0.0	0.0	0.0	0.0	0.0	0.0	0.0	0.0	0.0
GSM4138112_HNSCC_2_PBMC_CTTTGCGAGGTAGCCA	144.42570532887754	0.0	231.7527898041436	40.443922647234665	38.62796648794819	0.0	0.0	0.0	0.0	0.0	0.0	0.0	0.0	0.0	0.0	0.0	0.0	0.0	0.0	0.0	0.0	0.0	0.0	0.0	0.0	0.0	0.0	0.0	0.0
GSM4138112_HNSCC_2_PBMC_GAAATGAGTTATGTGC	132.05203938151172	0.0	0.0	65.08317436764061	62.75945655506419	0.0	0.0	271.4854382237457	0.0	0.0	0.0	0.0	0.0	0.0	0.0	0.0	0.0	0.0	0.0	0.0	61.450317334438196	0.0	0.0	0.0	0.0	0.0	0.0	0.0	0.0
GSM4138112_HNSCC_2_PBMC_GAACATCTCACCGTAA	0.0	276.8629024723382	0.0	52.393192245209555	58.12560074081519	0.0	0.0	0.0	0.0	0.0	0.0	0.0	0.0	0.0	0.0	0.0	0.0	0.0	0.0	0.0	194.68893750197574	0.0	0.0	0.0	0.0	0.0	0.0	0.0	0.0
GSM4138112_HNSCC_2_PBMC_GACCAATGTCTGGTCG	13.46917380041552	0.0	0.0	53.2859553106322	56.99946851269315	0.0	153.68177458214979	0.0	0.0	303.417275833697	0.0	0.0	0.0	0.0	0.0	0.0	0.0	0.0	0.0	0.0	0.0	0.0	0.0	0.0	0.0	0.0	0.0	0.0	0.0
GSM4138112_HNSCC_2_PBMC_GACCTGGTCATCACCC	211.37880841746386	0.0	88.26720798848925	58.83436166777312	23.724697766137133	129.60977711747955	0.0	0.0	0.0	0.0	0.0	0.0	0.0	0.0	0.0	0.0	0.0	0.0	0.0	0.0	0.0	0.0	0.0	0.0	0.0	0.0	0.0	0.0	0.0
GSM4138112_HNSCC_2_PBMC_GACTACACAACTGGCC	0.0	257.08531349475703	0.0	60.164983279780586	60.54191948524578	4.585542687722978	0.0	0.0	0.0	0.0	0.0	0.0	0.0	0.0	0.0	0.007375542798565417	0.0	0.0	70.43632940959534	0.0	206.05021699022132	0.0	0.0	0.0	0.0	0.0	0.0	0.0	0.0
GSM4138112_HNSCC_2_PBMC_GATGCTACAACTGCGC	22.355415312864196	0.0	0.0	30.77179743732113	18.02243724063334	0.0	0.0	0.0	45.74485391972233	0.0	0.0	0.0	0.0	0.0	64.355946640089	0.0	0.0	0.0	0.0	0.0	0.0	0.0	59.347169068755846	0.0	0.0	0.0	0.0	0.0	0.0
GSM4138112_HNSCC_2_PBMC_GCACTCTGTGCATCTA	265.82400888414264	0.0	397.760224699499	97.03144992361837	51.12860835110218	0.0	0.0	0.0	0.0	0.0	0.0	0.0	0.0	0.0	0.0	0.0	0.0	0.0	0.0	0.0	0.0	0.0	0.0	0.0	0.0	0.0	0.0	0.0	0.0
GSM4138112_HNSCC_2_PBMC_GCAGCCACATGTAGTC	128.2358231928242	196.28586979470504	0.0	37.308373470778534	39.72938600476899	0.0	0.0	0.0	0.0	0.0	0.0	0.0	0.0	0.0	0.0	0.0	0.0	0.0	0.0	0.0	0.0	0.0	0.0	0.0	0.0	0.0	0.0	0.0	0.0
GSM4138112_HNSCC_2_PBMC_GCAGCCAGTTGGACCC	0.0	0.0	181.2434171935319	45.373785434132934	33.463148880484795	62.13962387227151	0.0	0.0	0.0	0.0	0.0	0.0	0.0	0.0	0.0	0.0	0.0	0.0	0.0	0.0	0.0	0.0	0.0	181.7877530142078	0.0	0.0	0.0	0.0	0.0
GSM4138112_HNSCC_2_PBMC_GCATGCGAGATGTCGG	175.1860361964742	0.0	45.84544297483774	49.76556235573984	33.438794073144685	76.91437138610766	25.17335695502723	0.0	0.0	0.0	0.0	0.0	0.0	0.0	0.0	148.3896445026157	0.0	0.0	0.0	0.0	0.0	0.0	0.0	0.0	0.0	0.0	0.0	0.0	0.0
GSM4138112_HNSCC_2_PBMC_GCATGCGAGTTTGCGT	0.0	26.62550994915182	0.0	55.199558610273705	30.60947253251477	0.0	0.0	259.087372698373	235.77928719468457	0.0	0.0	0.0	0.0	0.0	0.0	0.0	0.0	0.0	0.0	0.0	0.0	0.0	0.0	0.0	0.0	0.0	0.0	0.0	0.0
GSM4138112_HNSCC_2_PBMC_GCATGCGTCCTTGCCA	131.73790386576655	243.3297302703722	0.0	46.974703975693714	21.07601776510074	0.0	0.0	0.0	0.0	0.0	0.0	0.0	0.0	0.0	0.0	0.0	0.0	0.0	0.0	0.0	0.0	0.0	0.0	0.0	0.0	0.0	0.0	0.0	0.0
GSM4138112_HNSCC_2_PBMC_GCGGGTTTCCAGGGCT	188.57789991988972	0.0	0.0	50.83428374213001	26.461676731557027	0.0	0.0	0.0	0.0	0.0	0.0	0.0	0.0	0.0	0.0	79.3948369613882	0.0	250.8830535682182	0.0	0.0	0.0	0.0	0.0	0.0	0.0	0.0	0.0	0.0	0.0
GSM4138112_HNSCC_2_PBMC_GCTGCGATCAGCGATT	152.86067324560284	0.0	0.0	62.706289210337324	24.724874855126135	0.0	0.0	287.9270118505054	0.0	0.0	0.0	0.0	0.0	0.0	0.0	0.0	0.0	0.0	0.0	0.0	0.0	0.0	0.0	0.0	0.0	0.0	0.0	0.0	0.0
GSM4138112_HNSCC_2_PBMC_GCTGCGATCTGCTGCT	283.29468071076457	296.9267566872715	0.0	76.52372828709356	65.63481320260567	0.0	0.0	0.0	0.0	0.0	0.0	0.0	0.0	0.0	0.0	0.0	0.0	0.0	0.0	0.0	0.0	0.0	0.0	0.0	0.0	0.0	0.0	0.0	0.0
GSM4138112_HNSCC_2_PBMC_GCTTCCATCTCGAGTA	155.76636362657663	47.10929695564584	161.44718814130178	73.75005685934454	47.09631076298681	26.429040945699317	0.0	0.0	0.0	0.0	0.0	0.0	0.0	0.0	0.0	0.0	0.0	0.0	0.0	0.0	0.0	0.0	0.0	0.0	0.0	0.0	0.0	0.0	0.0
GSM4138112_HNSCC_2_PBMC_GGACATTCAAGCTGTT	0.0	0.0	94.26191197606919	32.398452778612835	18.479637555889283	57.445519800438106	0.0	0.0	0.0	0.0	0.0	0.0	0.0	0.0	0.0	0.0	0.0	0.0	0.0	0.0	0.0	0.0	0.0	80.52060888229936	0.0	0.0	0.0	0.0	0.0
GSM4138112_HNSCC_2_PBMC_GGAGCAAGTCTGCCAG	166.38846053467574	0.0	69.37259264370022	58.65813582634255	62.40444946258141	108.67200095147348	0.0	0.0	0.0	0.0	0.0	0.0	0.0	0.0	8.575849533086986	0.0	0.0	0.0	0.0	0.0	0.0	0.0	27.735313205830607	0.0	0.0	0.0	0.0	0.0	0.0
GSM4138112_HNSCC_2_PBMC_GGATGTTGTGACGCCT	157.5659688170369	0.0	0.0	56.48408154693338	32.78801007842668	27.099152509935877	0.0	0.0	0.0	188.9857665896535	0.0	0.0	0.0	0.0	0.0	0.0	0.0	0.0	0.0	0.0	0.0	0.0	0.0	0.0	0.0	0.0	0.0	0.0	0.0
GSM4138112_HNSCC_2_PBMC_GGATTACGTCGACTGC	31.076110386229004	0.0	0.0	28.071375318155628	24.317591684700226	0.0	72.34133109122868	0.0	0.0	0.0	0.0	0.0	38.95631613753456	0.0	0.0	129.56853304176937	0.0	0.0	0.0	0.0	0.0	0.0	0.0	0.0	11.370724720678748	0.0	0.0	0.0	0.0
GSM4138112_HNSCC_2_PBMC_GGCCGATAGACGACGT	133.08469864239117	246.62192273461108	4.730089217039966	45.276715042722756	42.1626825069814	37.84669365806613	13.757190007716446	0.0	0.0	0.0	0.0	0.0	0.0	0.0	0.0	0.0	0.0	0.0	0.0	0.0	0.0	0.0	0.0	0.0	0.0	0.0	0.0	0.0	0.0
GSM4138112_HNSCC_2_PBMC_GTAACTGTCTACGAGT	135.8969512832301	74.60550017114781	0.0	34.81418803423154	43.35317795397925	0.0	0.0	121.31070422155811	0.0	0.0	0.0	0.0	0.0	0.0	0.0	0.0	0.0	0.0	0.0	0.0	0.0	0.0	0.0	0.0	0.0	0.0	0.0	0.0	0.0
GSM4138112_HNSCC_2_PBMC_GTACGTAGTTCCTCCA	148.23862922776416	0.0	308.42555768605223	42.10064492518489	36.465957834501225	0.0	0.0	0.0	0.0	0.0	0.0	0.0	0.0	0.0	0.0	0.0	0.0	0.0	0.0	0.0	0.0	0.0	0.0	0.0	0.0	0.0	0.0	0.0	0.0
GSM4138112_HNSCC_2_PBMC_GTCAAGTTCGGCGGTT	114.53758240971742	0.0	90.96431444792536	45.36056250648331	26.195398180248805	107.02299875448182	0.0	0.0	0.0	0.0	0.0	0.0	0.0	0.0	0.0	0.0	0.0	0.0	0.0	0.0	0.0	0.0	0.0	0.0	0.0	0.0	0.0	0.0	0.0
GSM4138112_HNSCC_2_PBMC_GTCACAATCGGTGTCG	150.7260117171573	232.86132894466795	0.0	49.412230181098124	34.397812134061546	0.0	12.941549911600443	0.0	0.0	0.0	1.8815030758105278	0.0	0.0	0.0	0.0	0.0	0.0	0.0	0.0	0.0	0.0	0.0	0.0	0.0	0.0	0.0	0.0	0.0	0.0
GSM4138112_HNSCC_2_PBMC_GTCACGGAGGCTAGCA	0.0	248.70819849594199	0.0	53.37388235411493	31.625448729923402	0.0	0.0	0.0	0.0	0.0	0.0	0.0	0.0	0.0	0.0	0.0	0.0	0.0	231.43128783463433	0.0	0.0	0.0	0.0	0.0	0.0	0.0	0.0	0.0	0.0
GSM4138112_HNSCC_2_PBMC_GTGCATAAGTTAACGA	0.0	223.53143659604106	0.0	57.52474228495572	36.49026346449705	0.0	0.0	0.0	182.56000927865423	0.0	0.0	0.0	0.0	0.0	36.183037032080954	0.0	0.0	0.0	0.0	0.0	0.0	0.0	0.0	0.0	0.0	0.0	0.0	0.0	0.0
GSM4138112_HNSCC_2_PBMC_GTTTCTAAGGCATTGG	42.36413951154711	0.0	124.95720432904677	30.75585483500526	25.704570133229232	0.0	0.0	0.0	0.0	0.0	0.0	0.0	0.0	0.0	0.0	0.0	0.0	0.0	44.394172855881806	0.0	0.0	0.0	0.0	0.0	0.0	0.0	0.0	0.0	0.0
GSM4138112_HNSCC_2_PBMC_GTTTCTATCTCTAAGG	347.01599932490643	0.0	434.17862726488875	100.60943455039289	95.42973000361413	228.92532930032283	0.0	0.0	0.0	0.0	0.0	0.0	0.0	0.0	0.0	0.0	0.0	0.0	0.0	0.0	0.0	0.0	0.0	0.0	0.0	0.0	0.0	0.0	0.0
GSM4138112_HNSCC_2_PBMC_TAAGCGTTCGGCGCAT	0.0	0.0	91.60465749014121	29.81012727584007	8.193802853585748	0.0	0.0	0.0	0.0	23.003527734168973	0.0	0.0	0.0	0.0	0.0	0.0	0.0	0.0	0.0	0.0	0.0	122.466164259381	0.0	0.0	0.0	0.0	0.0	0.0	0.0
GSM4138112_HNSCC_2_PBMC_TAAGTGCCATCAGTCA	143.21207286922956	261.0007030547911	0.0	60.46530072246632	47.204905245079665	0.0	19.372154188870297	0.0	0.0	0.0	0.0	6.636698288486426	0.0	0.0	0.0	0.0	0.0	0.0	0.0	0.0	0.0	0.0	0.0	0.0	0.0	0.0	0.0	0.0	0.0
GSM4138112_HNSCC_2_PBMC_TACACGAAGGAGTACC	152.98249692658067	0.0	0.0	45.682013846896155	38.625201639618595	0.0	0.0	0.0	0.0	0.0	7.699413855029702	0.0	0.0	0.0	36.72383270824056	0.0	0.0	0.0	0.0	0.0	0.0	0.0	235.11692041712635	0.0	0.0	0.0	0.0	0.0	0.0
GSM4138112_HNSCC_2_PBMC_TACTTGTGTCGAAAGC	168.41083129362477	0.0	80.85470658504644	63.407643184385826	32.51885522949865	149.17150588148237	31.38314856897818	0.0	0.0	0.0	0.0	0.0	0.0	0.0	0.0	0.0	0.0	0.0	0.0	0.0	0.0	0.0	0.0	0.0	0.0	0.0	0.0	0.0	0.0
GSM4138112_HNSCC_2_PBMC_TCACAAGAGTCCGGTC	158.4415066697732	31.00946417315339	0.0	36.62450928626696	59.85085746911826	0.0	0.0	188.36303050329212	0.0	0.0	0.0	0.0	0.0	0.0	0.0	0.0	0.0	0.0	0.0	0.0	0.0	0.0	0.0	0.0	0.0	0.0	0.0	0.0	0.0
GSM4138112_HNSCC_2_PBMC_TCAGCTCGTGTATGGG	130.99701846850974	172.5282145762275	0.0	45.18493233605127	44.817638230633634	0.0	0.0	0.0	0.0	0.0	0.0	0.0	0.0	0.0	90.88802496154224	0.0	0.0	0.0	0.0	0.0	0.0	0.0	0.0	0.0	0.0	0.0	0.0	0.0	0.0
GSM4138112_HNSCC_2_PBMC_TCGCGAGCACCGAAAG	181.38139692011293	0.0	137.20128730652908	90.78070485666362	39.69209424763242	58.56334437187302	0.0	0.0	0.0	0.0	0.0	0.0	0.0	0.0	0.0	0.0	0.0	0.0	0.0	0.0	0.0	0.0	0.0	0.0	0.0	0.0	0.0	0.0	0.0
GSM4138112_HNSCC_2_PBMC_TCGCGTTCAAGTACCT	167.31900593816567	238.1441606202241	0.0	87.87594992177434	33.0100031403233	49.20358715662808	0.0	0.0	0.0	0.0	0.0	0.0	0.0	0.0	0.0	0.0	0.0	0.0	0.0	0.0	0.0	0.0	0.0	0.0	0.0	0.0	0.0	0.0	0.0
GSM4138112_HNSCC_2_PBMC_TGGACGCTCTTTAGGG	182.8108741125029	212.45897318747325	0.0	53.50747042981929	57.44550346989422	0.0	0.0	0.0	0.0	0.0	0.0	0.0	0.0	0.0	0.0	0.0	0.0	0.0	0.0	0.0	0.0	0.0	0.0	0.0	0.0	0.0	0.0	0.0	0.0
GSM4138112_HNSCC_2_PBMC_TGGGAAGTCACATGCA	122.6055430609254	0.0	0.0	59.28541021082793	53.12622381632044	0.0	13.026813804416886	0.0	0.0	0.0	337.6610859047979	0.0	0.0	0.0	0.0	0.0	0.0	0.0	0.0	0.0	0.0	0.0	0.0	0.0	0.0	0.0	0.0	0.0	0.0
GSM4138112_HNSCC_2_PBMC_TGGTTAGTCCAACCAA	96.32058323911735	0.0	205.20757279016132	82.46737298750116	50.110056812581156	52.96923368861944	132.0102653488892	0.0	0.0	0.0	0.0	0.0	0.0	0.0	0.0	0.0	0.0	0.0	0.0	0.0	0.0	0.0	0.0	0.0	0.0	0.0	0.0	0.0	0.0
GSM4138112_HNSCC_2_PBMC_TTCTCAAAGTGAAGTT	29.54129779582704	165.5612830920515	0.0	38.24313114101218	20.316232175731912	0.0	0.0	0.0	72.44341786707824	0.0	0.0	0.0	0.0	0.0	0.0	0.0	0.0	0.0	0.0	0.0	0.0	0.0	0.0	0.0	0.0	0.0	0.0	0.0	0.0
GSM4138112_HNSCC_2_PBMC_TTCTCAACAATAGAGT	259.9939235298025	277.36573381574823	0.0	49.97543139431338	38.33426796483772	0.0	0.0	0.0	0.0	0.0	0.0	0.0	0.0	0.0	0.0	0.0	0.0	0.0	0.0	0.0	0.0	0.0	0.0	0.0	0.0	0.0	0.0	0.0	0.0
GSM4138112_HNSCC_2_PBMC_TTTATGCCATTTGCTT	116.5234811779037	230.5997017798541	0.0	64.19448753269278	26.1478594632194	0.0	0.0	0.0	0.0	0.0	0.0	0.0	0.0	0.0	0.0	0.0	0.0	0.0	0.0	0.0	0.0	0.0	0.0	0.0	0.0	0.0	0.0	0.0	0.0
GSM4138112_HNSCC_2_PBMC_GGACATTAGCAATATG	95.07909935562768	0.0	77.8081752914605	30.044459092015956	20.705716240284413	4.631086884741305	0.0	0.0	0.0	0.0	0.0	0.0	0.0	0.0	0.0	0.0	0.0	0.0	0.0	0.0	0.0	0.0	0.0	0.0	0.0	0.0	0.0	0.0	0.0
GSM4138112_HNSCC_2_PBMC_CGTCAGGTCGCCTGTT	0.0	0.0	155.8427427860981	32.09676643897921	18.439240835051244	0.0	135.65356033686172	0.0	0.0	0.0	0.0	0.0	0.0	0.0	0.0	0.0	0.0	0.0	0.0	0.0	0.0	0.0	0.0	0.0	0.0	0.0	0.0	0.0	0.0
GSM4138112_HNSCC_2_PBMC_GCTCCTAGTAAGCACG	97.03154722526644	118.4909802089865	0.0	33.38481846259848	27.599245533535697	0.0	0.0	0.0	0.0	0.0	0.0	0.0	0.0	0.0	0.0	0.0	0.0	0.0	0.0	0.0	0.0	0.0	0.0	0.0	0.0	0.0	0.0	0.0	0.0
GSM4138112_HNSCC_2_PBMC_TTAGGCATCATGCATG	61.828553315666106	0.0	24.27813315340057	26.066116985423566	8.187907390596013	88.63302100277687	24.26316195101273	0.0	0.0	0.0	0.0	0.0	0.0	0.0	0.0	0.0	0.0	0.0	0.0	0.0	0.0	0.0	0.0	0.0	0.0	0.0	0.0	0.0	0.0
GSM4138112_HNSCC_2_PBMC_AAACCTGTCTTTCCTC	92.47450305870967	0.0	0.0	29.178048567713443	35.837286163702984	0.0	1.7183076437428562	0.0	0.0	0.0	0.0	0.0	0.0	0.0	0.0	68.44970872359481	0.0	0.0	0.0	0.0	0.0	0.0	0.0	0.0	54.900118155735456	0.0	0.0	0.0	0.0
GSM4138112_HNSCC_2_PBMC_AATCGGTTCTGCAGTA	118.1877476880877	0.0	117.77793697165122	28.327207471646187	36.001598188477736	0.0	0.0	0.0	0.0	0.0	0.0	0.0	0.0	0.0	0.0	0.0	0.0	0.0	0.0	0.0	0.0	0.0	0.0	0.0	0.0	0.0	0.0	0.0	0.0
GSM4138112_HNSCC_2_PBMC_ACACTGAAGCCGCCTA	126.6808328408023	0.0	0.0	59.56827028746295	67.99425987198481	0.0	10.129975638133425	92.75891958625006	0.0	0.0	0.0	0.0	0.0	0.0	0.0	0.0	0.0	86.08350572733897	0.0	0.0	0.0	0.0	0.0	0.0	0.0	0.0	0.0	0.0	0.0
GSM4138112_HNSCC_2_PBMC_ACTTTCACAGCCTTTC	0.0	0.0	0.0	30.674172497855256	23.919566339862822	0.0	25.378973853827734	0.0	0.0	0.0	0.0	0.0	0.0	0.0	177.0024267697363	0.0	0.0	0.0	0.0	0.0	66.34905542069444	0.0	0.0	0.0	0.0	0.0	0.0	0.0	0.0
GSM4138112_HNSCC_2_PBMC_AGACGTTAGCCGTCGT	67.06088098831206	0.0	0.0	20.42670595675935	11.748757840025144	0.0	0.0	0.0	0.0	0.0	0.0	0.0	134.42498831326887	0.0	0.0	0.0	0.0	0.0	0.0	0.0	0.0	0.0	0.0	0.0	0.0	0.0	0.0	0.0	0.0
GSM4138112_HNSCC_2_PBMC_AGATCTGTCCCTCTTT	0.0	0.0	0.0	29.720631573512	20.22679974980034	0.0	86.05969203815309	0.0	0.0	0.0	0.0	0.0	0.0	0.0	0.0	0.0	0.0	0.0	0.0	0.0	0.0	0.0	0.0	0.0	86.57922396132949	0.0	0.0	0.0	0.0
GSM4138112_HNSCC_2_PBMC_ATCGAGTAGGGATCTG	0.0	88.01388662022208	0.0	31.978962365015516	34.00814908448296	0.0	0.0	0.0	0.0	105.06262599691169	0.0	0.0	0.0	115.17171014611172	0.0	0.0	0.0	0.0	0.0	0.0	0.0	2.887289345560366	2.8982324948041986	0.0	0.0	0.0	0.0	0.0	0.0
GSM4138112_HNSCC_2_PBMC_ATGCGATGTCAAAGCG	0.0	45.6531774823159	0.0	15.075705458932655	15.773218636089371	0.0	0.0	0.0	0.0	0.0	0.0	81.82122640606623	0.0	0.0	0.0	0.0	0.0	0.0	0.0	0.0	0.0	0.0	0.0	0.0	0.0	66.64418695193518	0.0	0.0	0.0
GSM4138112_HNSCC_2_PBMC_CAAGTTGCACCAGATT	152.1847312608525	0.0	225.85757808251714	34.89965408090925	39.33404701988165	0.0	0.0	0.0	0.0	0.0	0.0	0.0	0.0	0.0	0.0	0.0	0.0	0.0	0.0	0.0	0.0	0.0	0.0	0.0	0.0	0.0	0.0	0.0	0.0
GSM4138112_HNSCC_2_PBMC_CACATTTTCGCCCTTA	100.18180746847132	150.64137695372898	0.0	25.20816500252444	10.15836055480669	0.0	0.0	0.0	0.0	0.0	0.0	0.0	0.0	0.0	0.0	0.0	0.0	0.0	2.583356791400107	0.0	0.0	27.654713635891277	0.0	0.0	0.0	0.0	0.0	0.0	0.0
GSM4138112_HNSCC_2_PBMC_CAGCGACAGAATCTCC	152.58747920987696	0.0	0.0	45.17298674504083	49.440913869802614	301.80529834162303	35.14310469376303	0.0	0.0	0.0	0.0	0.0	0.0	0.0	0.0	0.0	0.0	0.0	0.0	0.0	0.0	0.0	0.0	0.0	0.0	0.0	0.0	0.0	0.0
GSM4138112_HNSCC_2_PBMC_CAGCTGGGTAAGTGGC	51.14495954327451	0.0	0.0	17.870929224621804	5.874914396604166	92.82743298129596	0.0	0.0	0.0	0.0	0.0	0.0	0.0	0.0	0.0	0.0	0.0	0.0	0.0	0.0	0.0	0.0	0.0	0.0	0.0	0.0	0.0	0.0	0.0
GSM4138112_HNSCC_2_PBMC_CCAATCCTCAGTTGAC	95.28409536910114	16.717088021040947	7.8307731153086735	30.3376346784285	13.796948114933375	72.59835097111889	0.0	0.0	0.0	0.0	0.0	0.0	0.0	0.0	0.0	0.0	0.0	0.0	0.0	0.0	0.0	0.0	0.0	0.0	0.0	0.0	0.0	0.0	0.0
GSM4138112_HNSCC_2_PBMC_CCTCTGACACCTTGTC	226.78494604214242	0.0	0.0	50.08349505599236	49.083568413676694	81.30668197625329	0.0	0.0	0.0	0.0	127.16628526781211	0.0	0.0	0.0	78.73568820932988	0.0	0.0	0.0	0.0	0.0	0.0	0.0	3.143619577026742	0.0	0.0	0.0	0.0	0.0	0.0
GSM4138112_HNSCC_2_PBMC_CGATGTAAGTACGACG	40.82933306138944	180.80607820170906	0.0	38.07597552779141	22.88047453855009	0.0	61.431920659405755	0.0	0.0	0.0	0.0	0.0	0.0	0.0	0.0	0.0	0.0	0.0	0.0	0.0	0.0	0.0	0.0	0.0	0.0	0.0	0.0	0.0	0.0
GSM4138112_HNSCC_2_PBMC_CGTGTAAAGACTCGGA	97.39333815107824	0.0	122.26587798434403	47.213367170394186	32.50872716639634	0.0	14.366809527905756	0.0	0.0	0.0	0.0	0.0	0.0	0.0	0.0	0.0	0.0	41.41669179155882	0.0	0.0	0.0	0.0	0.0	0.0	0.0	0.0	0.0	0.0	0.0
GSM4138112_HNSCC_2_PBMC_CGTGTCTCACTTAACG	116.18077085655734	115.2494918784784	0.0	15.595004297923367	11.879646604472029	0.0	0.0	0.0	0.0	0.0	0.0	0.0	0.0	0.0	0.0	0.0	0.0	6.347127680677255	0.0	0.0	0.0	0.0	0.0	0.0	0.0	0.0	0.0	0.0	0.0
GSM4138112_HNSCC_2_PBMC_CTCCTAGTCAAACAAG	0.0	40.541444397059706	0.0	40.17477548247983	31.142808258123754	0.0	0.0	0.0	101.54312717353301	0.0	0.0	0.0	0.0	0.0	0.0	0.0	0.0	95.845954367743	0.0	0.0	0.0	0.0	0.0	0.0	0.0	0.0	0.0	0.0	0.0
GSM4138112_HNSCC_2_PBMC_GATGAGGAGGATGTAT	0.0	0.0	119.27031718518607	70.77934276463533	55.210373800732704	0.0	0.0	0.0	238.39533474466933	288.12041990613073	5.233594839404771	0.0	0.0	0.0	0.0	0.0	0.0	0.0	0.0	0.0	0.0	0.0	0.0	0.0	0.0	0.0	0.0	0.0	0.0
GSM4138112_HNSCC_2_PBMC_GTCGTAAAGAACTCGG	58.80000097744949	0.0	13.045987170768182	32.467963882718145	12.056467458364756	87.00741090414787	15.015431290919256	0.0	0.0	0.0	0.0	0.0	0.0	0.0	0.0	0.0	0.0	0.0	0.0	0.0	0.0	0.0	0.0	0.0	0.0	0.0	0.0	0.0	0.0
GSM4138112_HNSCC_2_PBMC_GTGAAGGGTACAGACG	77.54607608611698	0.0	0.0	46.33942384800361	23.496198667905574	0.0	20.548274758739804	171.16832008698242	0.0	0.0	0.0	0.0	0.0	0.0	0.0	0.0	0.0	0.0	0.0	0.0	0.0	0.0	0.0	0.0	0.0	0.0	0.0	0.0	0.0
GSM4138112_HNSCC_2_PBMC_TAAGTGCGTACCGCTG	87.57808965258737	0.0	164.37316616251266	30.70023805671077	17.108586261055294	0.0	35.38822232783839	0.0	0.0	0.0	0.0	0.0	0.0	0.0	0.0	0.0	0.0	0.0	0.0	0.0	0.0	0.0	0.0	0.0	0.0	0.0	0.0	0.0	0.0
GSM4138112_HNSCC_2_PBMC_TACTCATCAAAGGTGC	219.91372076014483	268.4248237268105	0.0	48.78546368660402	21.04242236125966	0.0	0.0	0.0	0.0	0.0	0.0	0.0	0.0	0.0	0.0	0.0	0.0	0.0	0.0	0.0	0.0	0.0	0.0	0.0	0.0	0.0	0.0	0.0	0.0
GSM4138112_HNSCC_2_PBMC_TATCTCACAATGGTCT	0.0	217.04500679659407	0.0	38.69400803571403	42.66804881869998	0.0	0.0	0.0	195.08557434064326	0.0	0.0	0.0	0.0	0.0	0.0	0.0	0.0	0.0	0.0	0.0	0.0	0.0	0.0	0.0	0.0	0.0	0.0	0.0	0.0
GSM4138112_HNSCC_2_PBMC_TCAGGATAGTAAGTAC	72.3625414484074	61.817278997391	0.0	17.58526706195321	25.22032354703457	0.0	0.0	0.0	0.0	35.62497776185309	0.0	0.0	0.0	0.0	0.0	0.0	0.0	0.0	0.0	0.0	0.0	0.0	0.0	0.0	0.0	0.0	0.0	0.0	0.0
GSM4138112_HNSCC_2_PBMC_TCATTTGGTGACGGTA	52.85474372053038	220.91752667325156	0.0	31.621456230791114	22.047524542811193	0.0	51.64056656176102	0.0	0.0	0.0	0.0	0.0	0.0	0.0	0.0	0.0	0.0	0.0	0.0	0.0	0.0	0.0	0.0	0.0	0.0	0.0	0.0	0.0	0.0
GSM4138112_HNSCC_2_PBMC_TGATTTCAGCTAACAA	221.25900134567084	0.0	155.51682232312407	65.48356276408626	37.49204756675853	96.37075390666806	0.0	59.32751025425891	0.0	0.0	0.0	0.0	0.0	0.0	0.0	0.0	0.0	0.0	0.0	0.0	0.0	0.0	0.0	0.0	0.0	0.0	0.0	0.0	0.0
GSM4138112_HNSCC_2_PBMC_TGCCCATCATCCAACA	33.71755595553641	0.0	0.0	40.963671110919854	26.082836660220774	0.0	96.3953264558296	0.0	0.0	0.0	101.35742596418268	0.0	18.520178008262498	0.0	0.0	118.2958265112325	0.0	0.0	0.0	0.0	0.0	0.0	0.0	0.0	0.0	0.0	0.0	0.0	0.0
GSM4138112_HNSCC_2_PBMC_TGGGCGTTCGCATGGC	226.2663312638593	402.9140862976547	0.0	64.46100530855122	62.2481139259938	0.0	0.0	0.0	0.0	0.0	0.0	0.0	0.0	0.0	0.0	0.0	0.0	0.0	0.0	0.0	0.0	0.0	0.0	0.0	0.0	0.0	0.0	0.0	0.0
GSM4138112_HNSCC_2_PBMC_TTTGCGCGTTGGGACA	23.147866683666155	0.0	85.57527140771347	4.850451969334883	15.262954291346471	0.0	16.314717068077965	0.0	0.0	0.0	0.0	0.0	0.0	0.0	0.0	0.0	0.0	0.0	0.0	0.0	0.0	0.0	0.0	0.0	0.0	0.0	0.0	0.0	0.0
GSM4138112_HNSCC_2_PBMC_ACACCGGGTATGCTTG	0.0	101.17683393021159	0.0	34.81276249806554	25.390753781832284	0.0	0.0	0.0	0.0	0.0	0.0	89.8400203570867	0.0	0.0	0.0	0.0	0.0	0.0	0.0	0.0	36.59784749880587	0.0	0.0	0.0	0.0	0.0	0.0	0.0	0.0
GSM4138112_HNSCC_2_PBMC_AGCAGCCAGGATGGTC	23.761539365087327	50.73118348433434	0.0	37.566702543641235	15.669124989873673	0.0	68.72610416927992	0.0	0.0	83.1407664588096	0.0	0.0	0.0	0.0	0.0	0.0	0.0	0.0	0.0	0.0	0.0	0.0	0.0	0.0	0.0	0.0	0.0	0.0	0.0
GSM4138112_HNSCC_2_PBMC_ATAGACCGTTACTGAC	94.3059741336544	47.88664903814536	0.0	19.06907112751356	10.940336356716086	0.0	0.0	0.0	0.0	0.0	0.0	0.0	0.0	0.0	0.0	0.0	0.0	0.0	0.0	0.0	0.0	0.0	0.0	0.0	0.0	0.0	0.0	0.0	0.0
GSM4138112_HNSCC_2_PBMC_CAAGTTGTCCAAACAC	50.60589919492884	67.37254776390763	0.0	11.233148242509039	6.067310726871883	0.0	1.8501669748019733	0.0	0.0	0.0	0.0	0.0	0.0	0.0	0.0	0.0	0.0	0.0	0.0	0.0	0.0	0.0	0.0	0.0	0.0	0.0	0.0	0.0	0.0
GSM4138112_HNSCC_2_PBMC_CATCCACAGTCGTACT	29.402223315691295	0.0	55.1297752286458	26.129094833950276	10.170371772978333	0.0	0.4374397675027536	0.0	0.0	0.0	44.286980216501036	0.0	0.0	0.0	0.0	0.0	0.0	46.56423548431838	0.0	0.0	105.69521274955456	0.0	0.0	0.0	0.0	0.0	0.0	0.0	0.0
GSM4138112_HNSCC_2_PBMC_CCGTGGACATATACCG	149.92558990907466	0.0	183.92206669864376	38.34807467945317	29.422902734349176	0.0	0.0	0.0	0.0	0.0	0.0	0.0	0.0	0.0	0.0	0.0	0.0	0.0	0.0	0.0	0.0	0.0	0.0	0.0	0.0	0.0	0.0	0.0	0.0
GSM4138112_HNSCC_2_PBMC_CCTCTGAGTTCGGGCT	0.0	0.0	0.0	47.77111812299535	29.952840292511443	0.0	0.0	0.0	0.0	5.912492964797035	8.08690618436561	0.0	0.0	0.0	0.0	65.4186392351956	49.947700638944944	49.417427946467654	0.0	0.0	27.557401198459132	0.0	0.0	0.0	35.671810474641354	0.0	0.0	0.0	0.0
GSM4138112_HNSCC_2_PBMC_CCTTCGATCGGCTTGG	103.09555610930487	0.0	0.0	52.063025856668624	42.92644461547306	0.0	0.0	48.6999862319442	0.0	88.51215092514944	0.0	0.0	0.0	0.0	0.0	0.0	0.0	0.0	0.0	0.0	0.0	0.0	0.0	0.0	0.0	0.0	0.0	0.0	0.0
GSM4138112_HNSCC_2_PBMC_CTGATAGCAAGAAAGG	70.09485858770222	0.0	0.0	16.31735653491716	15.205208617375979	0.0	0.0	93.42999252507731	0.0	0.0	0.0	0.0	0.0	0.0	0.0	0.0	0.0	0.0	0.0	0.0	4.433081463830517	0.0	0.0	0.0	0.0	0.0	0.0	0.0	0.0
GSM4138112_HNSCC_2_PBMC_GCCTCTATCATGTGGT	233.16208454935872	320.6800008658775	0.0	52.51428860153529	52.668414012983234	0.0	15.25995028336636	0.0	0.0	0.0	0.0	0.0	0.0	0.0	0.0	0.0	0.0	0.0	0.0	0.0	0.0	0.0	0.0	0.0	0.0	0.0	0.0	0.0	0.0
GSM4138112_HNSCC_2_PBMC_GGGATGACAAGCGATG	86.37968331830766	209.15058371586417	0.0	45.49721407241717	30.72650661953162	0.0	0.0	0.0	0.0	0.0	0.0	0.0	0.0	0.0	0.0	0.0	0.0	0.0	7.667751803523576	0.0	18.801190744680305	0.0	0.0	0.0	0.0	0.0	0.0	0.0	0.0
GSM4138112_HNSCC_2_PBMC_GGGTTGCGTTTGGCGC	99.59520363332452	0.0	0.0	42.65522304060221	32.758001097126254	0.0	0.0	0.0	0.0	0.0	0.0	0.0	0.0	0.0	151.90659792923296	0.0	0.0	0.0	0.0	0.0	0.0	0.0	0.0	0.0	0.0	0.0	0.0	0.0	0.0
GSM4138112_HNSCC_2_PBMC_GTCATTTTCACGCGGT	69.31676388108689	0.0	49.71395068592769	27.77815133087814	27.874168585024176	10.703361367075264	6.088100285472688	0.0	0.0	0.0	0.0	0.0	0.0	0.0	0.0	96.67529235816538	0.0	0.0	0.0	0.0	0.0	0.0	0.0	0.0	0.0	0.0	0.0	0.0	0.0
GSM4138112_HNSCC_2_PBMC_TCCCGATGTGCGATAG	50.74575622845306	76.67232410656833	32.02079730492797	32.75681998083104	10.504451996894668	0.0	0.0	0.0	0.0	0.0	0.0	0.0	0.0	0.0	0.0	0.0	0.0	0.0	0.0	0.0	0.0	0.0	0.0	0.0	0.0	0.0	0.0	0.0	0.0
GSM4138112_HNSCC_2_PBMC_TCGTACCTCAGCTCGG	11.087807158009044	225.10712704391443	0.0	167.60228020563233	47.72861359488229	0.0	0.0	0.0	0.0	0.0	0.0	0.0	0.0	0.0	0.0	0.0	0.0	0.0	172.43387347951597	0.0	0.0	0.0	0.0	0.0	0.0	0.0	0.0	0.0	0.0
GSM4138112_HNSCC_2_PBMC_TCTCATATCACAAACC	4.788236834217126	0.0	0.0	101.1846026503888	50.321857437460196	0.0	0.0	98.16949822849304	121.54599564665135	8.7967143375695	0.0	0.0	0.0	0.0	14.302214303020616	0.0	0.0	0.0	0.0	0.0	0.0	0.0	113.88822636402753	0.0	0.0	0.0	0.0	0.0	0.0
GSM4138112_HNSCC_2_PBMC_AACTGGTCATAACCTG	225.67498299652033	379.1452914774568	0.0	70.51082992669122	82.3341945511159	0.0	15.370836135091894	0.0	0.0	0.0	0.0	0.0	0.0	0.0	0.0	0.0	0.0	0.0	0.0	0.0	0.0	0.0	0.0	0.0	0.0	0.0	0.0	0.0	0.0
GSM4138112_HNSCC_2_PBMC_ACTGAACGTCTTGTCC	0.0	331.41823709241	85.25548991162304	62.11950108061578	83.02453170618614	0.0	0.0	0.0	309.7487362853297	0.0	0.0	0.0	0.0	0.0	0.0	0.0	0.0	0.0	0.0	0.0	0.0	0.0	0.0	0.0	0.0	0.0	0.0	0.0	0.0
GSM4138112_HNSCC_2_PBMC_CGTCAGGCAGGAACGT	0.0	523.7352360615853	0.0	80.50580591802299	40.9276010061999	0.0	0.0	0.0	0.0	0.0	0.0	0.0	0.0	0.0	0.0	0.0	0.0	0.0	45.22647599039572	0.0	0.0	179.25346433150528	0.0	0.0	0.0	0.0	0.0	0.0	0.0
GSM4138112_HNSCC_2_PBMC_GAGGTGACAGGATCGA	160.18042443317677	0.0	8.808835484778054	39.24924278778535	42.86423900591534	176.49122231214102	0.0	0.0	0.0	0.0	55.3116147029277	0.0	0.0	0.0	0.0	0.0	0.0	0.0	8.389661493540656	0.0	0.0	0.0	0.0	0.0	0.0	0.0	0.0	0.0	0.0
GSM4138112_HNSCC_2_PBMC_GATCAGTAGCGATTCT	330.371465466612	0.0	244.6554413019773	89.25227379777539	46.708413138666714	218.21642619559677	0.0	0.0	0.0	0.0	0.0	0.0	0.0	0.0	0.0	0.0	0.0	0.0	0.0	0.0	0.0	0.0	0.0	0.0	0.0	0.0	0.0	0.0	0.0
GSM4138112_HNSCC_2_PBMC_GCAAACTTCGTGGACC	0.0	0.0	0.0	104.2371407745676	89.92387082237487	0.0	0.0	200.29069967116408	0.0	98.23419064658214	0.0	0.0	0.0	350.0152726019	45.89490855168691	188.45210078652883	0.0	0.0	0.0	0.0	0.0	0.0	0.0	0.0	0.0	0.0	0.0	0.0	0.0
GSM4138112_HNSCC_2_PBMC_GCATACAAGGCTACGA	333.0117836067371	260.12568186579716	0.0	96.8066888238048	62.51807094970065	0.0	58.24186180521066	0.0	0.0	0.0	0.0	0.0	0.0	0.0	0.0	188.27236580766086	0.0	0.0	0.0	0.0	0.0	0.0	0.0	0.0	0.0	0.0	0.0	0.0	0.0
GSM4138112_HNSCC_2_PBMC_GCTTGAAAGGAATGGA	0.0	217.71985896910368	29.104750562463	56.255199953242865	27.828559102606125	9.895874862471148	0.0	0.0	300.60283068237317	0.0	0.0	0.0	0.0	0.0	0.0	0.0	0.0	0.0	0.0	0.0	0.0	0.0	0.0	0.0	0.0	0.0	0.0	0.0	0.0
GSM4138112_HNSCC_2_PBMC_GTCATTTCAGCTCGAC	294.3497503276914	348.5376212740959	0.0	69.18298919670282	51.915944933333165	0.0	0.0	0.0	0.0	0.0	0.0	0.0	0.0	0.0	0.0	0.0	0.0	0.0	0.0	0.0	0.0	0.0	0.0	0.0	0.0	0.0	0.0	0.0	0.0
GSM4138112_HNSCC_2_PBMC_AATCGGTCAGGCAGTA	356.42963930698716	0.0	54.43850458025591	81.20583838285977	72.27242570972525	519.5785206193804	0.0	0.0	0.0	0.0	0.0	0.0	0.0	0.0	0.0	0.0	0.0	0.0	0.0	0.0	0.0	0.0	0.0	0.0	0.0	0.0	0.0	0.0	0.0
GSM4138112_HNSCC_2_PBMC_ACACCAAGTTCCCTTG	0.0	19.88192022194836	0.0	63.92871718154429	64.5764643343661	0.0	0.0	337.48238899465247	0.0	0.0	0.0	202.98154926750175	0.0	0.0	0.0	0.0	0.0	0.0	0.0	0.0	71.6242519434924	0.0	0.0	0.0	0.0	0.0	0.0	0.0	0.0
GSM4138112_HNSCC_2_PBMC_ACGTCAACAATAGCAA	423.6216216192209	148.62924026428038	422.97403532623747	86.01886979156755	109.60783662884482	0.0	0.0	56.74675306366574	0.0	0.0	0.0	0.0	0.0	0.0	87.36824696751778	0.0	0.0	0.0	0.0	0.0	0.0	0.0	0.0	0.0	0.0	0.0	0.0	0.0	0.0
GSM4138112_HNSCC_2_PBMC_ACTGCTCCACATGGGA	0.0	0.0	0.0	101.53130146326824	58.567094414614246	0.0	0.0	0.0	416.5808530862222	0.0	228.30283100252873	0.0	0.0	0.0	395.79114090959064	0.0	0.0	0.0	0.0	0.0	0.0	0.0	0.0	0.0	0.0	0.0	0.0	0.0	0.0
GSM4138112_HNSCC_2_PBMC_AGGGATGTCTCTTGAT	199.85239661964323	0.0	0.0	69.72212886014037	55.71168866726932	0.0	0.0	338.7351559244327	0.0	0.0	0.0	0.0	0.0	0.0	0.0	0.0	0.0	0.0	0.0	0.0	0.0	0.0	0.0	0.0	0.0	0.0	0.0	0.0	0.0
GSM4138112_HNSCC_2_PBMC_ATCTGCCTCGTGGACC	133.69884071214057	0.0	324.7497199595764	60.9222066249574	36.864876328859225	25.836963153626083	134.22361790026875	0.0	0.0	0.0	0.0	0.0	0.0	0.0	0.0	0.0	0.0	0.0	0.0	0.0	0.0	0.0	0.0	0.0	0.0	0.0	0.0	0.0	0.0
GSM4138112_HNSCC_2_PBMC_CCCAGTTTCACGCATA	0.0	0.0	0.0	98.92414550629528	77.85774358379548	0.0	0.0	0.0	416.01589518738524	656.9104332517472	0.0	0.0	0.0	0.0	0.0	0.0	0.0	0.0	0.0	0.0	0.0	0.0	0.0	0.0	0.0	0.0	0.0	0.0	0.0
GSM4138112_HNSCC_2_PBMC_CTGAAGTCACGAGAGT	302.1628114830859	265.34958618790995	0.0	78.28810218476927	48.18131675114165	0.0	8.96129034247411	0.0	0.0	0.0	0.0	0.0	0.0	0.0	235.5362967691179	0.0	0.0	0.0	0.0	0.0	0.0	0.0	0.0	0.0	0.0	0.0	0.0	0.0	0.0
GSM4138112_HNSCC_2_PBMC_CTGATAGCACCGCTAG	0.0	0.0	291.43181888554204	70.14322281313568	44.7719474262053	0.0	0.0	0.0	148.83094103618748	0.0	0.0	0.0	0.0	0.0	0.0	0.0	0.0	0.0	69.31529939992255	0.0	0.0	0.0	0.0	0.0	0.0	0.0	0.0	0.0	0.0
GSM4138112_HNSCC_2_PBMC_CTGCTGTGTCCGAACC	77.40003932675006	0.0	119.79905214463805	26.60974229403972	31.719355066296735	0.0	0.0	0.0	0.0	115.76149102638699	0.0	0.0	0.0	0.0	0.0	0.0	119.0993223788449	0.0	0.0	0.0	0.0	0.0	0.0	0.0	0.0	0.0	0.0	0.0	0.0
GSM4138112_HNSCC_2_PBMC_GACGGCTAGCGTAATA	276.47361327769227	0.0	483.40007185373895	101.50569993065125	73.91100677623338	0.0	84.76624786124391	0.0	0.0	0.0	0.0	0.0	0.0	0.0	0.0	0.0	0.0	0.0	0.0	0.0	0.0	0.0	0.0	0.0	0.0	0.0	0.0	0.0	0.0
GSM4138112_HNSCC_2_PBMC_GATCGTACAAGACACG	316.72782566003593	0.0	0.0	48.245677615796	53.25729457861782	0.0	0.0	0.0	0.0	0.0	14.2690385196986	0.0	225.92961216322826	0.0	0.0	0.0	0.0	0.0	0.0	0.0	0.0	0.0	0.0	0.0	0.0	0.0	0.0	0.0	0.0
GSM4138112_HNSCC_2_PBMC_TAGACCAAGGCCGAAT	415.1007021364222	643.8420302713569	0.0	98.37971002208417	90.73199174508089	0.0	0.0	0.0	0.0	0.0	0.0	0.0	0.0	0.0	0.0	0.0	0.0	0.0	0.0	0.0	0.0	0.0	0.0	0.0	0.0	0.0	0.0	0.0	0.0
GSM4138112_HNSCC_2_PBMC_TGCGTGGTCACCTTAT	240.5861773019741	153.5110504132148	0.0	66.21750886252538	86.3002745970676	0.0	26.0254306670416	0.0	0.0	152.78720852392573	0.0	0.0	0.0	44.41375188332616	267.0584234752438	0.0	0.0	0.0	0.0	0.0	0.0	0.0	0.0	0.0	0.0	76.7901762629988	0.0	0.0	0.0
GSM4138112_HNSCC_2_PBMC_AAACCTGCATTATCTC	205.03871969360384	0.0	278.4605669264886	51.13400325227392	149.88176671362086	0.0	0.0	0.0	0.0	0.0	0.0	0.0	0.0	0.0	0.0	0.0	0.0	0.0	0.0	0.0	0.0	0.0	0.0	0.0	0.0	0.0	0.0	0.0	0.0
GSM4138112_HNSCC_2_PBMC_AACGTTGTCATGTCTT	57.885225187685165	0.0	0.0	91.22246001717578	146.84572615004495	0.0	152.13901801448205	0.0	0.0	0.0	372.63153051051336	0.0	0.0	0.0	0.0	0.0	0.0	0.0	0.0	0.0	0.0	0.0	0.0	0.0	0.0	0.0	0.0	0.0	0.0
GSM4138112_HNSCC_2_PBMC_AACTCTTGTATAGGTA	0.0	259.6073295885379	28.45179774896762	67.28574549446412	133.87480233430546	0.0	0.0	0.0	0.0	0.0	0.0	0.0	0.0	0.0	0.0	0.0	224.3896031674505	0.0	0.0	0.0	0.0	0.0	0.0	0.0	0.0	0.0	0.0	0.0	0.0
GSM4138112_HNSCC_2_PBMC_ACGATGTTCTGGTATG	68.31365370322698	0.0	324.75472917368836	43.6534817193996	139.86803147693777	0.0	117.54605605364314	0.0	0.0	0.0	0.0	0.0	0.0	0.0	0.0	0.0	0.0	0.0	0.0	0.0	0.0	0.0	0.0	0.0	0.0	0.0	0.0	0.0	0.0
GSM4138112_HNSCC_2_PBMC_ACTGAGTAGGAGTACC	0.0	337.7111367044233	0.0	93.33968696610464	149.96645545014275	0.0	164.9800985387426	0.0	0.0	0.0	0.0	0.0	0.0	0.0	0.0	0.0	0.0	0.0	0.0	0.0	0.0	0.0	0.0	0.0	0.0	0.0	0.0	0.0	0.0
GSM4138112_HNSCC_2_PBMC_AGCATACCAAAGGCGT	179.2366349520975	0.0	0.0	44.298966619126944	116.99591897558466	0.0	0.0	0.0	0.0	340.77307346693493	0.0	0.0	0.0	0.0	0.0	0.0	0.0	0.0	0.0	0.0	0.0	0.0	0.0	0.0	0.0	0.0	0.0	0.0	0.0
GSM4138112_HNSCC_2_PBMC_ATCATGGGTCAAAGAT	71.90023890865005	119.47414341087348	137.82707951910336	62.970305564921055	132.5938274459879	0.0	83.37728192280362	0.0	0.0	0.0	0.0	0.0	0.0	0.0	0.0	0.0	0.0	0.0	0.0	0.0	0.0	0.0	0.0	0.0	0.0	0.0	0.0	0.0	0.0
GSM4138112_HNSCC_2_PBMC_ATCCGAACATAACCTG	0.0	78.71039004953762	0.0	35.56952205755391	105.83490471727981	143.99717302661918	1.4513233411468336	0.0	0.0	0.0	0.0	0.0	0.0	201.23249317083616	2.4848818102571024	3.114607458000263	0.0	0.0	0.0	0.0	0.0	0.0	22.594782423734927	0.0	0.0	0.0	0.0	0.0	0.0
GSM4138112_HNSCC_2_PBMC_ATGAGGGAGACTAGGC	0.0	208.04492455152294	0.0	47.27773447717049	77.27115925106392	0.0	32.69447352874052	0.0	0.0	0.0	0.0	102.69842413314939	0.0	0.0	0.0	0.0	0.0	0.0	0.0	0.0	0.0	0.0	0.0	0.0	0.0	0.0	0.0	0.0	0.0
GSM4138112_HNSCC_2_PBMC_CAGCTGGGTACCATCA	0.0	170.39747342813533	0.0	39.787224164979	65.74449047213173	0.0	63.98681387681545	0.0	0.0	0.0	0.0	10.678522684491833	0.0	67.92537549647186	0.0	0.0	0.0	0.0	0.0	0.0	0.0	0.0	0.0	0.0	0.0	0.0	0.0	0.0	0.0
GSM4138112_HNSCC_2_PBMC_CATCCACAGCGTCAAG	373.33772140741246	194.59728244645967	0.0	73.75511351200483	134.64156202264374	0.0	0.0	0.0	0.0	312.893714300572	0.0	0.0	0.0	0.0	0.0	0.0	0.0	0.0	0.0	0.0	0.0	0.0	0.0	0.0	0.0	0.0	0.0	0.0	0.0
GSM4138112_HNSCC_2_PBMC_CCGTTCATCTGTGCAA	0.0	0.0	319.5999287991509	78.03191333583207	177.133762275824	0.0	229.74711523399165	0.0	0.0	0.0	0.0	0.0	0.0	0.0	0.0	0.0	0.0	0.0	0.0	0.0	0.0	0.0	0.0	0.0	0.0	0.0	0.0	0.0	0.0
GSM4138112_HNSCC_2_PBMC_CGGTTAAAGCAATCTC	0.0	0.0	181.50263145392833	33.29297875835281	177.72955238565473	0.0	0.0	0.0	0.0	0.0	0.0	0.0	0.0	0.0	0.0	0.0	0.0	0.0	0.0	0.0	0.0	0.0	0.0	201.99059505930407	0.0	0.0	0.0	0.0	0.0
GSM4138112_HNSCC_2_PBMC_CTTCTCTCAGAGCCAA	342.61531015589327	156.43095558412878	343.6758020880486	85.28006609183768	100.80352081403002	53.03706976681751	0.0	0.0	0.0	0.0	0.0	0.0	0.0	0.0	0.8304368019451978	0.0	0.0	0.0	0.0	0.0	0.0	0.0	0.0	0.0	0.0	0.0	0.0	0.0	0.0
GSM4138112_HNSCC_2_PBMC_GCACATACAATGAAAC	0.0	0.0	0.0	68.80650775413041	120.51716028950831	0.0	209.57416361393854	0.0	7.523185523496782	0.0	0.0	0.0	0.0	0.0	0.0	0.0	0.0	432.1275281842184	0.0	0.0	0.0	0.0	0.0	0.0	0.0	0.0	0.0	0.0	0.0
GSM4138112_HNSCC_2_PBMC_GCTCCTAAGTGAAGTT	0.0	0.0	0.0	91.27375926258505	170.08265936255108	0.0	0.0	0.0	0.0	200.55604449942103	0.0	0.0	0.0	0.0	0.0	66.89469288913547	15.563707545024208	0.0	0.0	0.0	0.0	0.0	0.0	0.0	0.0	0.0	0.0	204.05225359097096	0.0
GSM4138112_HNSCC_2_PBMC_GCTGGGTGTTTCGCTC	10.672980962594186	286.59429451645354	0.0	164.25900294130307	111.89708995958908	0.0	0.0	0.0	0.0	0.0	0.0	0.0	0.0	0.0	0.0	0.0	153.5217880238705	0.0	0.0	0.0	0.0	0.0	0.0	0.0	0.0	0.0	0.0	0.0	0.0
GSM4138112_HNSCC_2_PBMC_GGATGTTGTGTCGCTG	0.0	333.97416104431403	0.0	49.25829727581418	140.99325593652458	0.0	0.0	0.0	0.0	0.0	0.0	0.0	0.0	0.0	0.0	0.0	0.0	0.0	0.0	0.0	0.0	44.641164441182944	0.0	79.18039872642206	0.0	0.0	0.0	0.0	0.0
GSM4138112_HNSCC_2_PBMC_GGCGACTTCTTGTTTG	0.0	39.49697460475384	218.84504044044928	51.713586786580294	147.32079586914347	0.0	201.37243731420187	0.0	0.0	63.465647225580334	0.0	0.0	0.0	0.0	0.0	0.0	0.0	0.0	0.0	0.0	0.0	0.0	0.0	0.0	0.0	0.0	0.0	0.0	0.0
GSM4138112_HNSCC_2_PBMC_GGCTCGATCATTGCGA	0.0	0.0	0.0	0.0	1458.0056304376758	0.0	0.0	0.0	0.0	0.0	0.0	0.0	0.0	0.0	0.0	0.0	0.0	0.0	0.0	0.0	0.0	0.0	0.0	0.0	0.0	0.0	0.0	0.0	0.0
GSM4138112_HNSCC_2_PBMC_GTGTTAGGTCTCAACA	176.0958000695191	293.07848300710054	0.0	64.28230632417389	132.15811558046428	0.0	0.0	0.0	0.0	0.0	0.0	0.0	0.0	0.0	0.0	0.0	0.0	0.0	0.0	0.0	0.0	0.0	0.0	0.0	0.0	0.0	0.0	0.0	0.0
GSM4138112_HNSCC_2_PBMC_TCAATCTCAGGTTTCA	92.41231010405092	70.86289662477316	176.87110912352372	56.56588651060615	271.28698316256737	0.0	0.45327814930493193	0.0	0.0	0.0	0.0	0.0	0.0	0.0	27.885951354795043	0.0	0.0	0.0	0.0	0.0	0.0	0.0	0.0	0.0	0.0	0.0	0.0	0.0	0.0
GSM4138112_HNSCC_2_PBMC_TCACGAAGTGACGCCT	218.08083828867154	0.0	349.0926603611734	75.40196768328741	142.55791229675398	0.0	0.0	0.0	0.0	0.0	0.0	0.0	0.0	0.0	0.0	0.0	0.0	0.0	0.0	0.0	0.0	0.0	0.0	0.0	0.0	0.0	0.0	0.0	0.0
GSM4138112_HNSCC_2_PBMC_TGCGCAGTCCAAGTAC	0.0	0.0	0.0	58.08782592963264	160.92199149163278	0.0	0.0	0.0	0.0	355.18046013174774	0.0	0.0	0.0	0.0	0.0	0.0	0.0	0.0	0.0	0.0	0.0	0.0	0.0	0.0	0.0	0.0	0.0	257.778494938322	0.0
GSM4138112_HNSCC_2_PBMC_TTCTCCTAGTACGTTC	0.0	0.0	286.2229355887935	62.64606779799198	130.3279743858788	0.0	0.0	0.0	0.0	0.0	0.0	0.0	0.0	0.0	0.0	0.0	0.0	0.0	0.0	0.0	0.0	0.0	0.0	0.0	0.0	236.7108257564867	0.0	0.0	0.0
GSM4138112_HNSCC_2_PBMC_TTTACTGAGACTGTAA	119.29608315335874	537.7318057354577	0.0	145.08778576840763	182.2088677529215	0.0	190.31287674355994	0.0	0.0	0.0	0.0	0.0	0.0	0.0	0.0	0.0	0.0	0.0	0.0	0.0	0.0	0.0	0.0	0.0	0.0	0.0	0.0	0.0	0.0
GSM4138112_HNSCC_2_PBMC_AGCAGCCTCCGTAGGC	124.87152038079878	0.0	0.0	0.0	0.0	0.0	0.0	0.0	0.0	0.0	0.0	3159.0427920218917	0.0	0.27705284280359904	0.0	0.0	79.74669332284644	0.0	0.0	0.0	0.0	0.0	0.0	89.58946673443562	0.0	0.0	0.0	0.0	0.0
GSM4138112_HNSCC_2_PBMC_CAGCGACAGACACGAC	0.0	23.91264039374039	0.0	0.0	0.0	0.0	0.0	4388.598005291692	0.0	0.0	0.0	0.0	0.0	0.0	29.689313634288652	0.0	0.0	42.09356824407009	0.0	0.0	0.0	0.0	0.0	0.0	0.0	0.0	0.0	0.0	0.0
