	1	2	3	4	5	6	7	8	9	10	11	12	13	14	15	16	17	18	19	20	21	22	23	24
GSM4138112_HNSCC_2_PBMC_AACCGCGAGGGCTCTC	59.110634124154636	0.0	106.10197677048399	0.0	75.0909477454905	16.82700233830344	0.0	0.0	0.0	0.0	0.0	0.0	0.0	0.0	0.0	0.0	0.0	0.0	0.0	0.0	0.0	0.0	0.0	0.0
GSM4138112_HNSCC_2_PBMC_AGCCTAAAGAGGGCTT	67.1189549072669	0.0	0.0	0.0	0.0	3.798435716491431	0.0	0.0	0.0	40.2513586461777	0.0	0.0	0.0	90.18401287305012	0.0	0.0	0.0	0.0	0.0	0.0	0.0	0.0	0.0	0.0
GSM4138112_HNSCC_2_PBMC_ATAGACCTCTACGAGT	132.32544330300252	0.0	0.0	0.0	14.786702366030157	10.687411892389855	0.0	45.060600561757205	104.97490811430146	0.0	0.0	0.0	0.0	0.0	0.0	0.0	0.0	0.0	0.0	0.0	0.0	0.0	0.0	0.0
GSM4138112_HNSCC_2_PBMC_CAGCGACCAGGGAGAG	59.20171898743787	0.0	71.06033742737304	0.0	0.0	8.545097463050425	0.0	0.0	0.0	0.0	0.0	21.076368148222485	29.06296423700857	0.0	0.0	18.646922641007105	0.0	0.0	0.0	0.0	0.0	0.0	0.0	0.0
GSM4138112_HNSCC_2_PBMC_CCTAGCTAGACACTAA	62.053876329492034	77.09732688482981	0.0	38.812027790959306	23.551866581217666	9.290528982258488	0.0	0.0	0.0	0.0	0.0	0.0	0.0	0.0	0.0	0.0	0.0	0.0	15.334177105363734	0.0	0.0	0.0	0.0	0.0
GSM4138112_HNSCC_2_PBMC_CGCGTTTCACGGACAA	46.780339149823604	26.568801462259508	0.0	42.54486209517278	0.0	6.163919465516196	10.432998030312408	0.0	25.441778509693567	0.0	0.0	46.45284696017829	0.0	0.0	0.0	0.0	0.0	0.0	0.0	0.0	0.0	0.0	0.0	0.0
GSM4138112_HNSCC_2_PBMC_CGTGTCTCATTCCTCG	88.28945837747261	41.01059806408185	0.0	0.0	0.0	7.336798535407915	0.0	84.36789647281331	0.0	0.0	0.0	0.0	0.0	0.0	0.0	0.0	0.0	0.0	27.283481372316327	0.0	0.0	0.0	0.0	0.0
GSM4138112_HNSCC_2_PBMC_CTAACTTCATAGACTC	76.72095110053091	33.538656897679665	0.0	0.0	0.0	33.11644004329951	73.30044277385785	0.0	0.0	0.0	0.0	0.0	0.0	0.0	50.70998578317757	0.0	2.5995844721156627	0.0	0.0	0.0	0.0	0.0	0.0	0.0
GSM4138112_HNSCC_2_PBMC_CTAACTTGTAGCGCTC	59.35774229042084	0.0	0.0	0.0	0.0	17.431016263052815	0.0	0.0	0.0	0.0	15.110753513621152	39.578497758469126	0.0	23.204093864754913	56.75946520308196	0.0	0.0	13.87515010489962	0.0	0.0	0.0	0.0	0.0	0.0
GSM4138112_HNSCC_2_PBMC_GAATGAATCTTACCTA	190.8980515575323	0.0	163.40238308010564	0.0	49.696867593074764	8.917674194739652	0.0	0.0	0.0	0.0	0.0	0.0	0.0	0.0	0.0	0.0	0.0	0.0	0.0	56.85583814366172	0.0	0.0	0.0	0.0
GSM4138112_HNSCC_2_PBMC_GATTCAGTCCATGCTC	245.7888467501545	40.64619079415048	0.0	0.0	101.51461110048996	22.90572569602511	0.0	0.0	192.9664008645932	0.0	0.0	0.0	0.0	0.0	0.0	0.0	0.0	0.0	0.0	0.0	0.0	0.0	0.0	0.0
GSM4138112_HNSCC_2_PBMC_GCTGCGACACGCCAGT	43.02461116726484	21.678080890350092	0.0	0.0	35.24126460103608	14.329394364365688	73.01827467806586	0.0	0.0	0.0	36.108086141222635	0.0	0.0	0.0	0.0	0.0	0.0	0.0	0.0	17.046179846500902	0.0	0.0	0.0	0.0
GSM4138112_HNSCC_2_PBMC_GGATTACGTCCGAACC	103.06162557836498	0.0	144.5462578149328	28.329572301122763	0.0	2.8756715001426976	0.0	0.0	0.0	0.0	0.0	0.0	1.4430890012747848	0.0	0.0	0.0	0.0	0.0	0.0	0.0	0.0	10.333981626895124	0.0	0.0
GSM4138112_HNSCC_2_PBMC_GGGAATGAGAAACGAG	278.6184667416999	55.722181975055406	151.22400107939825	0.0	151.786657293203	14.854985507003573	0.0	0.0	0.0	0.0	0.0	0.0	0.0	0.0	0.0	0.0	0.0	0.0	0.0	0.0	0.0	0.0	0.0	0.0
GSM4138112_HNSCC_2_PBMC_GTCGGGTTCACCCTCA	296.69167179581626	14.725041211156238	0.0	0.0	14.756081226143436	6.939893280426157	0.0	0.0	0.0	0.0	14.596412031700202	0.0	0.0	46.956423175981	0.0	34.781869242776445	0.0	0.0	0.0	0.0	0.0	0.0	0.0	0.0
GSM4138112_HNSCC_2_PBMC_GTTCATTAGGGAACGG	76.5301499771951	0.0	0.0	0.0	0.0	6.136952411806769	0.0	0.0	0.0	74.53338655872612	73.14691349101781	17.63285583539647	0.0	0.0	0.0	0.0	0.0	0.0	0.0	0.0	0.0	0.0	0.0	0.0
GSM4138112_HNSCC_2_PBMC_GTTCTCGCATCCGCGA	68.80704972975288	0.0	0.0	22.567627654327055	0.0	10.239057176580713	0.0	0.0	0.0	0.0	0.0	0.0	64.44941643346652	0.0	0.0	0.0	0.0	0.0	0.0	0.0	92.40015916538441	0.0	0.0	0.0
GSM4138112_HNSCC_2_PBMC_GTTTCTACATACCATG	81.67225086982509	0.0	0.0	0.0	0.0	0.7202332538920552	91.6033001899048	62.07898158251885	0.0	0.0	0.0	0.0	0.0	0.0	0.0	0.0	0.0	0.0	0.0	0.0	0.0	0.0	0.0	0.0
GSM4138112_HNSCC_2_PBMC_TACCTTAAGACAGAGA	73.1432978495132	114.90922028130538	0.0	0.0	0.0	12.935799558850603	0.0	0.0	0.0	0.0	0.0	0.0	0.0	0.0	0.0	43.800353952669866	0.0	0.0	0.0	0.0	0.0	0.0	0.0	0.0
GSM4138112_HNSCC_2_PBMC_TACGGGCCAGACAGGT	162.85036047198065	0.0	0.0	0.0	0.0	8.65271388329029	0.0	50.590953343021745	0.0	0.0	0.0	0.0	0.0	84.11031977252262	0.0	0.0	0.0	0.0	0.0	0.0	0.0	0.0	0.0	0.0
GSM4138112_HNSCC_2_PBMC_TACTCATTCACAGGCC	53.90319645462065	72.13310802815458	21.17633174047821	17.92427485580565	28.4355564710808	6.749530465516772	0.0	0.0	0.0	0.0	0.0	0.0	0.0	0.0	0.0	0.0	0.0	0.0	0.0	0.0	0.0	0.0	0.0	0.0
GSM4138112_HNSCC_2_PBMC_TGAAAGAGTTCCACAA	333.41696888371075	98.41718933979003	81.02125441457508	149.1307408742814	0.0	15.376198336825315	0.0	0.0	0.0	0.0	0.0	49.86679552061726	0.0	0.0	0.0	0.0	0.0	0.0	0.0	0.0	0.0	0.0	0.0	0.0
GSM4138112_HNSCC_2_PBMC_TGCTACCTCAAGAAGT	48.8537235987896	75.13624110479518	0.0	0.0	0.0	4.337621500155755	0.0	0.0	0.0	44.52918209201094	0.0	0.0	0.0	0.0	76.12524496956367	0.0	0.0	0.0	0.0	0.0	0.0	0.0	0.0	0.0
GSM4138112_HNSCC_2_PBMC_TGTGTTTTCCCTTGTG	160.28715468711056	103.56988612402034	0.0	0.0	0.0	12.184491921847407	0.0	104.94476129404958	0.0	0.0	0.0	0.0	0.0	0.0	0.0	0.0	0.0	0.0	0.0	0.0	0.0	0.0	0.0	0.0
GSM4138112_HNSCC_2_PBMC_TTCTTAGAGTATCTCG	77.1317521814513	0.0	154.71437764788672	4.7495369712974735	28.083983196366933	10.515586491710751	0.0	0.0	0.0	0.0	0.0	0.0	0.0	0.0	0.0	12.313850521930796	0.0	0.0	0.0	0.0	0.0	0.0	0.0	0.0
GSM4138112_HNSCC_2_PBMC_TTGAACGCAATCTGCA	53.71526581764167	0.0	70.52447993458291	42.74186067461941	0.0	3.853555027157316	0.0	0.0	0.0	0.0	0.0	0.0	0.0	57.50306948631659	0.0	0.0	0.0	0.0	0.0	0.0	0.0	0.0	0.0	0.0
GSM4138112_HNSCC_2_PBMC_TTGACTTTCACAGGCC	42.6982071072361	129.0463533202463	0.0	4.501724633342673	35.724077311004514	5.670121999047325	0.0	0.0	0.0	0.0	0.0	0.0	0.0	0.0	0.0	0.0	0.0	0.0	0.0	0.0	0.0	0.0	0.0	0.0
GSM4138112_HNSCC_2_PBMC_TTGACTTTCCTTTACA	54.02288556549037	67.98757405191851	0.0	49.0253666341001	0.0	19.028748639532964	0.0	0.0	0.0	0.0	0.0	0.0	38.57087270845496	0.0	0.0	0.0	0.0	0.0	0.0	0.0	0.0	4.5414283668729905	0.0	0.0
GSM4138112_HNSCC_2_PBMC_TTTCCTCTCGTAGATC	86.22661713316813	0.0	72.01988578998015	51.93383581773909	0.0	11.987785542979266	0.0	0.0	0.0	0.0	0.0	0.0	0.0	0.0	0.0	0.0	0.0	0.0	0.0	0.0	0.0	0.0	0.0	0.0
GSM4138112_HNSCC_2_PBMC_AAACCTGAGCGAGAAA	85.51698257859243	0.0	13.233555092332947	0.0	0.0	10.604230689738424	0.0	80.09800332543583	0.0	0.0	0.0	0.0	0.0	85.25842019176629	0.0	0.0	0.0	0.0	0.0	0.0	0.0	0.0	0.0	0.0
GSM4138112_HNSCC_2_PBMC_AAAGATGAGCAGACTG	148.51208016207914	0.0	252.4305305507909	0.0	0.0	26.157653678624733	0.0	0.0	0.0	0.0	0.0	0.0	0.0	0.0	112.91024184946275	0.0	0.0	22.375055698250588	0.0	0.0	0.0	0.0	0.0	0.0
GSM4138112_HNSCC_2_PBMC_AACTGGTAGTCGATAA	89.25354050253952	130.0733372249613	0.0	60.4268978395383	0.0	6.9339010879324565	5.48050629920767	0.0	0.0	0.0	0.0	0.0	0.0	0.0	0.0	0.0	0.0	0.0	0.0	0.0	0.0	0.0	0.0	0.0
GSM4138112_HNSCC_2_PBMC_AACTTTCTCCCTTGCA	60.77946855279824	0.0	0.0	0.0	70.08188191413373	7.126865540578819	0.0	0.0	106.03478549175578	0.0	0.0	0.0	0.0	0.0	0.0	0.0	0.0	0.0	0.0	0.0	0.0	0.0	0.0	0.0
GSM4138112_HNSCC_2_PBMC_AAGGTTCAGTGTCCAT	48.510612635690165	0.0	0.0	0.0	0.0	19.166136252108995	0.0	0.0	0.0	84.04554428044096	94.59967719657264	0.0	0.0	0.0	0.0	0.0	0.0	0.0	0.0	0.0	0.0	0.0	0.0	0.0
GSM4138112_HNSCC_2_PBMC_AATCCAGTCAGAGGTG	54.55179368087104	0.0	152.10913084668255	0.0	44.05777904613042	12.508759794361264	0.0	0.0	0.0	0.0	0.0	0.0	0.0	0.0	0.0	0.0	0.0	0.0	0.0	0.0	0.0	0.0	0.0	0.0
GSM4138112_HNSCC_2_PBMC_AATCGGTGTCGACTAT	160.13453789831112	0.0	0.0	17.748173438948825	58.978744621258606	79.98056810680836	0.0	52.85675877019124	79.53055302916935	0.0	0.0	149.5498624682404	0.0	0.0	0.0	0.0	13.139026650287674	0.0	0.0	0.0	0.0	0.0	0.0	0.0
GSM4138112_HNSCC_2_PBMC_ACACCAAAGTGGAGAA	71.09875118117014	0.0	0.0	0.0	0.0	19.983549805518447	0.0	99.35279997430587	118.75937378785487	0.0	0.0	0.0	0.0	0.0	0.0	0.0	0.0	0.0	0.0	0.0	0.0	0.0	0.0	0.0
GSM4138112_HNSCC_2_PBMC_ACAGCCGGTCTGGTCG	134.7723292245397	93.67052138271282	0.0	0.0	0.0	16.923751511670893	0.0	0.0	0.0	132.98696767481803	0.0	0.0	0.0	0.0	0.0	0.0	0.0	2.273730865497001	0.0	0.0	0.0	0.0	0.0	0.0
GSM4138112_HNSCC_2_PBMC_ACATGGTTCAACGGCC	29.809195451993855	0.0	164.47695133213077	12.83875595946796	0.0	11.156836738316704	0.0	19.110199091603942	0.0	0.0	0.0	0.0	0.0	0.0	0.0	0.0	0.0	0.0	0.0	0.0	0.0	0.0	0.0	0.0
GSM4138112_HNSCC_2_PBMC_ACGAGCCTCCAGTATG	67.13113277912046	0.0	0.0	0.0	0.0	31.57835222056972	0.0	0.0	85.80244488953967	0.0	44.22585129738436	0.0	0.0	0.0	0.0	100.11878310691468	0.0	0.0	0.0	0.0	0.0	0.0	0.0	0.0
GSM4138112_HNSCC_2_PBMC_ACGAGGACATGCCTTC	79.69942558243201	117.01250732104828	0.0	0.0	0.0	18.269862554040227	0.0	64.67979159576606	0.0	0.0	0.0	0.0	0.0	0.0	0.0	0.0	0.0	0.0	0.0	0.0	0.0	0.0	0.0	0.0
GSM4138112_HNSCC_2_PBMC_ACGCAGCAGCGTCTAT	113.67233378419654	143.71760604381407	0.0	46.24437456601395	106.95945978886695	21.884484350808247	4.881053194585853	0.5299807511905378	0.0	0.0	0.0	0.0	0.0	0.0	0.0	0.0	0.0	0.0	0.0	0.0	0.0	0.0	0.0	0.0
GSM4138112_HNSCC_2_PBMC_ACGGAGAGTCTACCTC	47.96849288413263	0.0	0.0	17.857379725616585	55.01564106411187	4.71740826137282	0.0	0.0	0.0	0.0	139.13993167928263	0.0	0.0	0.0	0.0	0.0	0.0	0.0	0.0	0.0	0.0	0.0	0.0	0.0
GSM4138112_HNSCC_2_PBMC_ACGGGTCCATGGAATA	144.98705512143982	103.22268510606328	0.0	93.03940464360316	8.827699063398356	46.3304807157072	0.0	0.0	0.0	0.0	0.0	82.96805043111723	0.0	0.0	0.0	0.0	0.0	0.0	0.0	0.0	0.0	0.0	0.0	0.0
GSM4138112_HNSCC_2_PBMC_ACTGAACAGTACGTAA	117.52590266706214	0.0	190.54234158069377	29.798542550045514	62.61922138159414	17.631502296186067	0.0	20.29288526775175	0.0	0.0	0.0	0.0	0.0	0.0	0.0	0.0	0.0	0.0	0.0	0.0	0.0	0.0	0.0	0.0
GSM4138112_HNSCC_2_PBMC_ACTGATGGTTACCAGT	72.42835737076095	0.0	0.0	0.0	0.0	11.109146539392666	0.0	0.0	49.75548822658928	0.0	42.57070479598529	0.0	0.0	0.0	59.50390477506981	0.0	0.0	0.0	0.0	0.0	0.0	0.0	0.0	0.0
GSM4138112_HNSCC_2_PBMC_ACTGTCCCACATCTTT	136.54828806432312	141.17014245942516	0.0	83.7490999661385	8.820895280146162	23.775680641526147	0.0	0.0	0.0	0.0	60.156869539934924	0.0	0.0	0.0	0.0	0.0	0.0	0.0	0.0	0.0	31.203844358868867	0.0	0.0	0.0
GSM4138112_HNSCC_2_PBMC_ACTTACTCATGACATC	79.07014048082951	0.0	0.0	80.87720876528249	0.0	15.507650067453328	114.84161110460066	3.5731261547707556	0.0	0.0	0.0	0.0	0.0	0.0	0.0	0.0	0.0	0.0	0.0	0.0	0.0	0.0	0.0	0.0
GSM4138112_HNSCC_2_PBMC_AGCAGCCCAGTCGATT	147.50382978961645	0.0	0.0	168.17998289514676	0.0	20.289464184702364	0.0	0.0	78.75043917156663	0.0	108.0166455935302	0.0	0.0	0.0	0.0	0.0	0.0	0.0	0.0	0.0	0.0	0.0	0.0	0.0
GSM4138112_HNSCC_2_PBMC_AGCGTATGTACGCTGC	82.25445149805434	0.0	0.0	8.704748116027526	1.0275616138284718	4.589653122296976	68.4632275448281	0.0	0.0	0.0	0.0	0.0	27.430657454566227	0.0	0.0	0.0	0.0	0.0	0.0	0.0	0.0	66.57322892285282	0.0	0.0
GSM4138112_HNSCC_2_PBMC_AGCTCTCCACTGTGTA	121.73284713202592	0.0	0.0	0.0	101.00685996169476	11.247423858944206	0.0	0.0	0.0	0.0	0.0	197.88129948407754	0.0	0.0	0.0	0.0	0.0	0.0	0.0	0.0	0.0	0.0	0.0	0.0
GSM4138112_HNSCC_2_PBMC_AGCTCTCGTCTAGTGT	94.84364645770721	0.0	0.0	80.0129334971577	0.0	19.830940680333804	0.0	15.872936846850305	0.0	0.0	0.0	0.0	0.0	226.3982678614178	0.0	0.0	0.0	0.0	0.0	0.0	0.0	0.0	0.0	0.0
GSM4138112_HNSCC_2_PBMC_AGGGTGAAGAGCTATA	45.614381804887415	0.0	0.0	0.0	61.4808938040207	15.784051844707848	0.0	0.0	0.0	0.0	0.0	0.0	0.0	0.0	0.0	0.0	0.0	0.0	97.15484943194639	0.0	0.0	0.0	0.0	0.0
GSM4138112_HNSCC_2_PBMC_AGGGTGACACATTTCT	117.0228696533455	0.0	0.0	25.80658109640211	0.0	14.582477208995968	0.0	0.0	0.0	11.407383981795052	0.0	0.0	0.0	86.55105546823143	4.155388895050202	0.0	23.491051891168592	10.171999852695086	0.0	0.0	0.0	0.0	0.0	0.0
GSM4138112_HNSCC_2_PBMC_AGTAGTCTCTTCAACT	61.058004656595024	0.0	81.29322965275274	63.24581095268485	0.0	10.953327207563976	0.0	0.0	0.0	0.0	0.0	0.0	0.0	0.0	0.0	0.0	0.0	0.0	0.0	0.0	0.0	0.0	0.0	0.0
GSM4138112_HNSCC_2_PBMC_AGTGTCAAGATGTCGG	53.97692763912398	0.0	82.29301269123646	35.05570513339478	0.0	13.937472428090826	0.0	25.242926275818853	0.0	0.0	0.0	0.0	0.0	0.0	0.0	0.0	0.0	0.0	0.0	0.0	0.0	0.0	0.0	0.0
GSM4138112_HNSCC_2_PBMC_ATAACGCGTGCCTGGT	450.08130079069576	219.66279434750237	8.975963697368067	0.0	160.33198002557046	40.125416437022025	0.0	0.0	0.0	0.0	0.0	0.0	0.0	0.0	0.0	0.0	11.462316542483261	0.0	0.0	0.0	0.0	0.0	0.0	0.0
GSM4138112_HNSCC_2_PBMC_ATAACGCTCATTTGGG	88.81119927052194	148.58243225027664	7.158163925828471	22.909683368366718	20.77746958806449	13.464702458299247	0.0	0.0	0.0	50.825930138348326	0.0	0.0	0.0	0.0	0.0	0.0	0.0	0.0	0.0	0.0	0.0	0.0	0.0	0.0
GSM4138112_HNSCC_2_PBMC_ATAAGAGCAGAGCCAA	144.2522714834943	0.0	137.65386492685198	0.0	57.26077496366473	21.71443057780719	0.0	0.0	0.0	0.0	0.0	0.0	80.95630402583946	0.0	0.0	0.0	0.0	0.0	0.0	35.14084024450908	0.0	0.0	0.0	0.0
GSM4138112_HNSCC_2_PBMC_ATAGACCAGCAAATCA	69.30765709670855	91.02530153056624	0.0	30.320744435643874	0.0	25.308364331046835	0.0	83.15796509454317	0.0	0.0	0.0	0.0	0.0	0.0	0.0	0.0	0.0	0.0	7.829954707037648	0.0	0.0	0.0	0.0	0.0
GSM4138112_HNSCC_2_PBMC_ATCACGACAGTGGAGT	53.7647224333218	0.0	103.05226382869147	0.0	0.0	3.5093769298355912	0.0	0.0	0.0	85.74298720582088	0.0	0.0	0.0	0.0	0.0	0.0	0.0	0.0	0.0	0.0	0.0	0.0	0.0	0.0
GSM4138112_HNSCC_2_PBMC_ATCCGAACAAGTAATG	42.68398773929954	39.83763538763778	0.470012325187935	66.21110458888586	0.0	12.217462370222238	0.0	0.0	0.0	0.0	0.0	37.13894152245303	0.0	0.0	0.0	0.0	0.0	0.0	0.0	0.0	0.0	0.0	0.0	0.0
GSM4138112_HNSCC_2_PBMC_ATCGAGTAGAAACGAG	101.2845078750347	0.0	150.2875692907633	151.19653589043307	0.0	39.67199226929976	0.0	0.0	0.0	0.0	0.0	0.0	0.0	0.0	0.0	0.0	0.0	0.0	0.0	0.0	0.0	0.0	0.0	0.0
GSM4138112_HNSCC_2_PBMC_ATCTGCCCACCACGTG	85.1168816478086	27.421352042817226	0.0	41.53901749023108	18.738647441166012	25.145749715530926	53.18150612060679	0.0	0.0	0.0	0.0	0.0	0.0	0.0	53.999259173914204	0.0	0.0	0.0	11.7291046639667	0.0	0.0	0.0	0.0	0.0
GSM4138112_HNSCC_2_PBMC_ATGCGATGTTCCTCCA	81.5452743806729	18.825212270946302	0.0	74.18289988759157	0.0	13.721248114611276	0.0	1.6799060195136775	0.0	0.0	0.0	75.92883945222344	0.0	0.0	0.0	0.0	25.12372431108137	0.0	0.0	0.0	0.0	0.0	0.0	0.0
GSM4138112_HNSCC_2_PBMC_ATTATCCAGACAATAC	103.70508079724006	0.0	0.0	53.88911625241629	0.0	10.617619752358877	0.0	0.0	183.70317614832362	0.0	0.0	0.0	0.0	0.0	0.0	0.0	0.0	0.0	0.0	0.0	0.0	0.0	0.0	0.0
GSM4138112_HNSCC_2_PBMC_ATTTCTGCAGGTTTCA	76.4872703777139	0.0	93.78539525575472	17.60361125418967	35.907909175574574	35.89196770901349	0.0	0.0	0.0	0.0	0.0	0.0	0.0	0.0	0.0	0.0	0.0	0.0	0.0	0.0	0.0	0.0	0.0	0.0
GSM4138112_HNSCC_2_PBMC_CAACCTCCAACAACCT	51.11106193693976	0.0	99.90709560977689	26.77098040771573	0.0	3.7219582680616625	0.0	0.0	0.0	0.0	0.0	0.0	40.78323707030717	0.0	0.0	0.0	0.0	0.0	0.0	0.0	0.0	0.0	0.0	0.0
GSM4138112_HNSCC_2_PBMC_CAAGAAACAAGTCTAC	42.25490095905215	30.029297892858704	79.33126464706476	0.0	56.79540170218814	22.992543896018997	0.0	0.0	0.0	0.0	0.0	0.0	73.83255798690067	0.0	0.0	0.0	0.0	0.0	0.0	0.0	0.0	0.0	0.0	0.0
GSM4138112_HNSCC_2_PBMC_CAAGGCCGTAGCTCCG	99.53229289662241	0.0	0.0	0.0	0.0	12.816455034274844	0.0	0.0	0.0	0.0	140.6618530513531	0.0	0.0	0.0	38.06409649830882	7.837324197506454	0.0	28.6448441476321	0.0	0.0	0.0	0.0	0.0	0.0
GSM4138112_HNSCC_2_PBMC_CAAGTTGAGCAGCGTA	53.1841499339885	0.0	50.44542441763433	84.07357501586249	0.0	10.376807355916371	0.0	0.0	0.0	0.0	0.0	0.0	0.0	0.0	0.0	0.0	0.0	0.0	0.0	0.0	0.0	0.0	0.0	0.0
GSM4138112_HNSCC_2_PBMC_CACCACTCACAGGTTT	109.82175051364574	0.0	134.47867068209254	0.0	0.0	8.736565306260397	0.0	0.0	0.0	124.81823069866405	0.0	0.0	0.0	0.0	0.0	0.0	0.0	0.0	0.0	0.0	0.0	0.0	0.0	0.0
GSM4138112_HNSCC_2_PBMC_CAGAGAGGTGGCCCTA	32.41652101300599	0.0	0.0	73.57811467375772	0.0	18.143923933296247	101.55783216932146	0.0	0.0	2.3113457871472414	0.0	0.0	0.0	0.0	0.0	0.0	0.0	0.0	0.0	0.0	0.0	0.0	0.0	0.0
GSM4138112_HNSCC_2_PBMC_CAGCAGCCAATCACAC	134.408402865771	85.37942447430345	0.0	12.418628957666904	0.0	16.28915686726121	0.0	0.0	0.0	81.3019712011641	0.0	0.0	0.0	0.0	0.0	0.0	0.0	0.0	22.261197916405212	0.0	0.0	0.0	0.0	0.0
GSM4138112_HNSCC_2_PBMC_CAGCATAAGAAGAAGC	94.15905917897291	0.0	75.07286440760211	0.0	35.93959324543104	3.137843923261646	0.0	0.0	0.0	0.0	0.0	0.0	0.0	0.0	0.0	0.0	0.0	0.0	0.0	0.0	0.0	0.0	0.0	0.0
GSM4138112_HNSCC_2_PBMC_CAGCTAAAGGACACCA	81.07380940972956	0.0	0.0	103.36912133502013	0.0	19.262585534521182	0.0	0.0	0.0	0.0	0.0	108.49700473868809	0.0	0.0	0.0	0.0	0.0	0.0	0.0	0.0	0.0	0.0	0.0	0.0
GSM4138112_HNSCC_2_PBMC_CAGCTGGGTCCAGTTA	160.94057837831258	0.0	0.0	99.6247446782336	35.73979408609425	22.59997449766123	0.0	10.19657163216084	78.7504316858415	0.0	0.0	166.7968465174305	0.0	0.0	0.0	0.0	0.0	0.0	0.0	0.0	0.0	0.0	0.0	0.0
GSM4138112_HNSCC_2_PBMC_CATCGAAAGAAGGGTA	91.56989977994844	0.0	0.0	0.0	47.422479959886566	20.76233131175056	0.0	0.0	0.0	0.0	0.0	78.82881450245198	0.0	0.0	0.0	0.0	0.0	0.0	0.0	0.0	0.0	0.0	0.0	0.0
GSM4138112_HNSCC_2_PBMC_CATGCCTTCTGGTGTA	165.01369070998226	211.43132732490403	0.0	95.93354690217693	70.55897422959954	33.01503755756911	0.0	0.0	1.7523749494674343	0.0	0.0	0.0	0.0	0.0	0.0	0.0	0.0	0.0	0.0	0.0	0.0	0.0	0.0	0.0
GSM4138112_HNSCC_2_PBMC_CATTATCAGCAGATCG	58.59018744754459	15.370657922394594	0.0	73.04948261882583	0.0	9.530603914876698	0.0	0.0	87.65460551950663	0.0	0.0	0.0	0.0	0.0	0.0	0.0	0.0	0.0	0.0	0.0	0.0	0.0	0.0	0.0
GSM4138112_HNSCC_2_PBMC_CCATTCGAGCGATATA	163.43035545229162	10.438229701104511	140.8464094036626	142.785230071804	0.0	14.391685996873822	0.0	0.0	0.0	0.0	0.0	0.0	24.471104620755618	0.0	0.0	0.0	0.0	0.0	0.0	0.0	0.0	0.0	0.0	0.0
GSM4138112_HNSCC_2_PBMC_CCATTCGGTGTGAATA	104.48438770741944	30.358006244946704	0.0	0.0	84.1272026274794	23.3935927007064	113.78496004770011	0.0	0.0	0.0	0.0	0.0	0.0	0.0	0.0	0.0	0.0	0.0	0.0	0.0	0.0	0.0	0.0	0.0
GSM4138112_HNSCC_2_PBMC_CCCAATCCACACATGT	140.10793616504085	0.0	0.0	1.2854147344411606	0.0	37.595504055318415	0.0	0.0	0.0	0.0	0.0	0.0	0.0	182.58471555918732	0.0	0.0	0.0	145.0863790707205	0.0	0.0	0.0	0.0	0.0	0.0
GSM4138112_HNSCC_2_PBMC_CCCAATCTCAACACCA	81.63051987528564	0.0	42.255289492356155	8.997736181198663	41.64318066295617	18.37031034065516	0.0	10.538249321108095	0.0	0.0	0.0	58.55221306045912	0.0	0.0	0.0	0.0	0.0	0.0	0.0	0.0	0.0	0.0	0.0	0.0
GSM4138112_HNSCC_2_PBMC_CCCTCCTAGACAAGCC	72.11040540677479	0.0	70.48314422417938	0.0	54.52237734081343	11.231177523742389	0.0	0.0	0.0	0.0	0.0	0.0	0.0	0.0	0.0	0.0	0.4154283471059266	0.0	0.0	0.0	0.0	0.0	0.0	0.0
GSM4138112_HNSCC_2_PBMC_CCTCAGTCACCAGATT	69.71168153120036	0.0	80.85384712310687	0.0	0.0	25.119083552805584	0.0	47.41739397795503	0.0	18.8090800315711	0.0	0.0	0.0	0.0	0.0	0.0	0.0	5.082618435713063	0.0	0.0	0.0	0.0	0.0	0.0
GSM4138112_HNSCC_2_PBMC_CCTCTGACACTCAGGC	61.93762309206327	0.0	72.44989600957292	67.73338452632545	0.0	15.07090511264584	12.435958842233518	20.314622989363244	20.438271383670582	0.0	0.0	0.0	0.0	0.0	0.0	0.0	0.0	0.0	0.0	0.0	0.0	0.0	0.0	0.0
GSM4138112_HNSCC_2_PBMC_CCTTACGGTGTGACCC	121.92028223250264	0.0	173.6573605047458	0.0	35.171292184857094	22.443890377647396	0.0	107.83329841296927	0.0	0.0	0.0	0.0	0.0	0.0	0.0	0.0	0.0	0.0	0.0	0.0	0.0	0.0	0.0	0.0
GSM4138112_HNSCC_2_PBMC_CCTTCCCTCCAATGGT	59.377860815981606	0.0	133.22053694471649	0.0	0.0	16.173912815669834	0.0	0.0	0.0	71.12536032208705	0.0	0.0	0.0	0.0	0.0	0.0	0.0	0.0	0.0	0.0	0.0	0.0	0.0	0.0
GSM4138112_HNSCC_2_PBMC_CGAGAAGGTGCCTGTG	104.099617608695	0.0	123.1606022646983	48.77005636489032	24.409026063879633	15.06103338527511	0.0	0.0	0.0	0.0	0.0	0.0	0.0	0.0	0.0	0.0	0.0	0.0	0.0	0.0	0.0	0.0	0.0	0.0
GSM4138112_HNSCC_2_PBMC_CGAGCCAAGGTCATCT	90.44339531360772	28.130724735915685	0.0	0.0	29.20936296462334	6.0764612375792275	17.88953717899823	42.54927093335919	2.993889798819431	0.0	0.0	0.0	0.0	0.0	0.0	0.0	0.0	0.0	0.0	0.0	0.0	0.0	0.0	0.0
GSM4138112_HNSCC_2_PBMC_CGATCGGAGTACATGA	86.27567172062942	0.0	0.0	61.08724466265965	0.0	18.9955652614006	0.0	10.624774198741315	100.04065867827713	0.0	6.499815728933756	0.0	0.0	0.0	0.0	0.0	0.0	0.0	0.0	0.0	0.0	0.0	0.0	0.0
GSM4138112_HNSCC_2_PBMC_CGCCAAGCAATGACCT	350.41640729319994	66.68366706180832	105.17114297549617	0.0	103.65928071220704	15.270395529482297	0.0	0.0	0.0	0.0	0.0	0.0	0.0	0.0	0.0	0.0	0.0	0.0	0.0	0.0	0.0	0.0	0.0	0.0
GSM4138112_HNSCC_2_PBMC_CGCCAAGGTCCGCTGA	171.03209855235437	129.22743070286197	0.20211143585447938	49.30942978341606	92.00378572196627	29.597573763578335	0.0	23.675429923536726	0.0	0.0	0.0	0.0	0.0	0.0	0.0	0.0	75.79790422938896	0.0	47.254590008136155	0.0	0.0	0.0	0.0	0.0
GSM4138112_HNSCC_2_PBMC_CGCTGGAAGTACCGGA	96.4326673884893	0.0	26.643102971470366	0.0	0.0	10.558895336393451	71.53878448634411	54.538348370196886	0.0	0.0	0.0	0.0	0.0	0.0	0.0	0.0	0.0	0.0	0.0	0.0	0.0	0.0	0.0	0.0
GSM4138112_HNSCC_2_PBMC_CGCTTCATCCGCGGTA	156.402699936561	6.376342576555052	263.0106411016488	0.0	0.0	25.287942584369084	0.0	0.0	0.0	23.162955925980075	0.0	0.0	0.0	0.0	0.0	0.0	0.0	124.00489709765378	0.0	0.0	0.0	0.0	0.0	0.0
GSM4138112_HNSCC_2_PBMC_CGGACACGTTCAGTAC	118.09075898052959	0.0	115.53041156496346	0.0	102.93885743467581	28.446762830857185	0.0	0.0	0.0	0.0	0.0	0.0	0.0	0.0	0.0	0.0	0.0	0.0	0.0	0.0	0.0	0.0	0.0	0.0
GSM4138112_HNSCC_2_PBMC_CGGACGTTCCAAGTAC	124.77846302740855	145.97274916132002	0.0	81.81114282421466	17.775606576538365	21.225571106915503	0.0	0.0	0.0	0.0	0.0	0.0	0.0	0.0	0.0	0.0	0.0	0.0	0.0	0.0	0.0	0.0	0.0	0.0
GSM4138112_HNSCC_2_PBMC_CGTAGGCGTGTCTGAT	53.73056343153306	65.80706976946496	0.0	40.32419769332179	0.0	1.456563220229782	0.0	0.0	0.0	0.0	0.0	0.0	15.890809753868924	0.0	0.0	0.0	0.0	0.0	13.67432933603463	0.0	0.0	0.0	0.0	0.0
GSM4138112_HNSCC_2_PBMC_CGTTGGGCAAAGAATC	125.0165484632992	0.0	57.845973126352554	0.0	37.87096117013916	12.133472202094586	0.0	0.0	0.0	0.0	0.0	0.0	0.0	0.0	0.0	0.0	0.0	0.0	0.0	0.0	0.0	0.0	0.0	0.0
GSM4138112_HNSCC_2_PBMC_CTAAGACAGATGAGAG	101.4204622056515	0.0	108.30612104265204	0.0	48.88963411256416	5.313331833887293	0.0	12.903322933187304	0.0	0.0	0.0	0.0	0.0	0.0	0.0	0.0	0.0	0.0	0.0	0.0	0.0	0.0	0.0	0.0
GSM4138112_HNSCC_2_PBMC_CTACACCAGTGGACGT	93.84327082828614	124.95928714783427	0.0	0.0	144.8129503892061	15.534183095549052	0.0	0.0	0.0	0.0	0.0	0.0	8.010274686241809	0.0	0.0	0.0	0.0	0.0	0.0	0.0	0.0	0.0	0.0	0.0
GSM4138112_HNSCC_2_PBMC_CTACGTCGTCTTGCGG	118.42124284199564	0.0	157.83325745732395	88.34965919795751	7.545515258713803	25.840599953970347	0.0	0.0	0.0	0.0	0.0	0.0	0.0	0.0	0.0	0.0	0.0	0.0	0.0	0.0	0.0	0.0	0.0	0.0
GSM4138112_HNSCC_2_PBMC_CTCATTATCATCGGAT	74.22312034143937	130.64669794903438	44.27225575224772	0.0	0.0	16.486333347722876	0.0	64.9476485468852	0.0	0.0	0.0	0.0	0.0	0.0	0.0	0.0	0.0	0.0	0.0	0.0	0.0	0.0	0.0	0.0
GSM4138112_HNSCC_2_PBMC_CTCGAGGAGAAGGTGA	68.59604697344652	0.0	112.93223083960537	63.55952998717928	0.0	13.62640535417926	0.0	0.0	0.0	0.0	0.0	0.0	0.0	0.0	0.0	0.0	0.0	0.0	0.0	0.0	0.0	0.0	0.0	0.0
GSM4138112_HNSCC_2_PBMC_CTCGGGAGTACTCTCC	119.06414912040175	142.03118067470822	22.42289598544638	0.0	0.0	19.77429319175568	0.0	0.0	0.0	0.0	0.0	0.0	0.0	0.0	154.46824874215375	0.0	0.0	0.0	0.0	0.0	0.0	0.0	0.0	0.0
GSM4138112_HNSCC_2_PBMC_CTGATAGGTTACGCGC	72.81244517556209	61.90228594349875	25.078911609285228	95.20951093622115	0.0	18.690003596388518	41.9074232011958	0.0	0.0	0.0	0.0	0.0	0.0	0.0	0.0	0.0	0.0	0.0	0.0	0.0	0.0	0.0	23.12574475908806	0.0
GSM4138112_HNSCC_2_PBMC_CTGCCTAAGCCTCGTG	89.0970306873159	0.0	160.67961599574883	36.0644447455594	34.634108494899095	18.244202542521347	0.0	0.0	0.0	0.0	0.0	0.0	0.0	0.0	0.0	0.0	0.0	0.0	0.0	0.0	0.0	0.0	0.0	0.0
GSM4138112_HNSCC_2_PBMC_CTGCGGAGTCATTAGC	71.99056761788486	22.983686571054257	54.0571646960816	0.0	0.0	17.728474004519718	0.0	0.0	0.0	77.04763174600014	0.0	0.0	0.0	0.0	0.0	0.0	0.0	0.0	0.0	0.0	0.0	0.0	0.0	0.0
GSM4138112_HNSCC_2_PBMC_CTTAACTCACGGTTTA	114.2882410180609	0.0	0.0	139.02486722446397	0.0	24.501442243550354	0.0	0.0	0.0	0.0	32.5975030887312	192.8718100670792	0.0	0.0	0.0	0.0	0.0	0.0	0.0	0.0	0.0	0.0	0.0	0.0
GSM4138112_HNSCC_2_PBMC_CTTCTCTTCGAGGTAG	123.81490856710245	0.0	149.19715849034927	97.82587114092743	0.0	12.9709892894215	0.0	0.0	0.0	0.0	0.0	0.0	0.0	0.0	0.0	0.0	0.0	0.0	0.0	0.0	0.0	0.0	0.0	0.0
GSM4138112_HNSCC_2_PBMC_CTTTGCGCACACTGCG	56.304013338585925	0.0	0.0	0.0	0.0	6.935103033795552	0.0	0.0	0.0	0.0	125.15458423011134	0.0	0.0	0.0	62.969903878528285	0.0	0.0	0.0	0.0	0.0	0.0	0.0	0.0	0.0
GSM4138112_HNSCC_2_PBMC_GAAACTCAGGAATGGA	91.82403589039029	89.51612080299915	0.0	57.47433482231619	52.810735904910395	12.947130784392412	0.0	0.0	0.0	0.0	0.0	0.0	0.0	0.0	0.0	0.0	0.0	0.0	0.0	0.0	0.0	0.0	0.0	0.0
GSM4138112_HNSCC_2_PBMC_GAATAAGGTCTCGTTC	182.7336672879693	46.82862990225254	98.34510797523231	0.0	0.0	35.930014331479505	0.0	0.0	0.0	0.0	0.0	0.0	0.0	0.0	0.0	134.11875033208997	0.0	0.0	0.0	0.0	0.0	0.0	0.0	0.0
GSM4138112_HNSCC_2_PBMC_GAATGAAGTGTCGCTG	185.02327438757345	71.05718909172464	18.496716793858244	64.04697085827738	85.80036912664823	27.050803816167807	68.09461965097198	0.0	0.0	0.0	0.0	0.0	23.34534934987519	0.0	0.0	0.0	43.36567665322037	0.0	0.0	0.0	0.0	0.0	0.0	0.0
GSM4138112_HNSCC_2_PBMC_GACACGCGTGGTTTCA	65.60687332994827	0.0	123.33330309476179	66.99840156509832	0.0	11.066211389994168	0.0	12.590089873568346	0.0	0.0	0.0	0.0	0.0	0.0	0.0	0.0	0.0	0.0	0.0	0.0	0.0	0.0	0.0	0.0
GSM4138112_HNSCC_2_PBMC_GACAGAGTCTGTTTGT	48.60886350789588	0.0	0.0	0.0	0.0	13.727498562278065	0.0	0.0	0.0	85.07740637229477	0.0	0.0	0.0	79.89670218637745	0.0	0.0	0.0	4.231271200265323	0.0	0.0	0.0	0.0	0.0	0.0
GSM4138112_HNSCC_2_PBMC_GACCAATAGCCCAGCT	121.58592183347595	106.20741298122476	0.0	0.0	0.0	4.06042284924343	0.0	0.0	0.0	0.0	0.0	0.0	0.0	0.0	0.0	96.76211765751167	0.0	0.0	0.0	0.0	0.0	0.0	0.0	0.0
GSM4138112_HNSCC_2_PBMC_GACTACAGTGCAACGA	63.53736730529585	0.0	0.0	0.0	0.0	8.471152105452877	0.0	112.0090703447847	32.38751050013778	0.0	73.45451096962077	0.0	0.0	0.0	0.0	0.0	0.0	0.0	0.0	0.0	0.0	0.0	0.0	0.0
GSM4138112_HNSCC_2_PBMC_GACTGCGCATACTCTT	99.91288257812468	0.0	0.0	0.0	85.11927223412381	3.0633888389305617	0.0	0.0	68.84013547949998	0.0	67.26215107404842	0.0	0.0	0.0	0.0	0.0	0.0	0.0	0.0	0.0	0.0	0.0	0.0	0.0
GSM4138112_HNSCC_2_PBMC_GATCGATCACGTGAGA	104.00496123967002	0.0	141.32837442986613	104.61922014109133	0.0	37.44190487756123	0.0	0.0	0.0	0.0	0.0	0.0	0.0	0.0	0.0	0.0	0.0	0.0	0.0	0.0	0.0	0.0	0.0	0.0
GSM4138112_HNSCC_2_PBMC_GATCGCGAGGTGGGTT	72.18601991098873	90.32993506823216	28.324783136749293	0.0	0.0	10.961822424230842	0.0	0.0	0.0	0.0	0.0	0.0	0.0	0.0	109.13847934257414	0.0	0.0	0.0	0.0	0.0	0.0	0.0	0.0	0.0
GSM4138112_HNSCC_2_PBMC_GATTCAGGTAGCGCAA	122.41862323224416	62.79196577783403	0.0	0.0	57.515699616837246	21.27690485694386	0.0	58.86125996394142	0.0	0.0	87.72906629798108	0.0	0.0	10.738326533723093	0.0	0.0	0.0	0.0	0.0	0.0	0.0	0.0	0.0	0.0
GSM4138112_HNSCC_2_PBMC_GCACATAGTTCACCTC	51.275397749256136	10.280133641526332	0.0	0.0	0.0	8.615861957356097	0.0	0.0	84.74371938408818	69.90202658135475	0.0	0.0	0.0	0.0	0.0	0.0	0.0	0.0	0.0	0.0	0.0	0.0	0.0	0.0
GSM4138112_HNSCC_2_PBMC_GCAGTTAAGGCTAGAC	112.47741411754832	0.0	196.3937537060866	0.0	110.0316310107674	24.011766817962773	0.0	0.0	0.0	0.0	0.0	0.0	0.0	0.0	0.0	0.0	0.0	0.0	0.0	0.0	0.0	0.0	0.0	0.0
GSM4138112_HNSCC_2_PBMC_GCATACACACGGCGTT	147.76583958426033	179.44013136368062	0.0	0.0	136.21399745658456	21.792614910493725	0.0	0.0	0.0	0.0	0.0	0.0	0.0	0.0	0.0	0.0	0.0	0.0	0.0	0.0	0.0	0.0	0.0	0.0
GSM4138112_HNSCC_2_PBMC_GCATACACAGCAGTTT	58.171651803637175	0.0	65.03924601430576	0.0	46.41696987148484	13.222394944179893	0.0	0.0	0.0	0.0	0.0	0.0	0.0	0.0	0.0	0.0	24.693420136184436	0.0	0.0	0.0	0.0	0.0	0.0	0.0
GSM4138112_HNSCC_2_PBMC_GCATGATCACCGATAT	119.39666922253271	138.30656809594316	0.0	0.0	0.0	25.609564747540045	0.0	0.0	0.0	99.29384558792952	0.0	0.0	0.0	0.0	0.0	0.0	0.0	0.0	0.0	0.0	0.0	0.0	0.0	0.0
GSM4138112_HNSCC_2_PBMC_GCATGATCACTGTTAG	74.02047253102546	0.0	0.0	0.0	63.80287646638214	6.7566915706664314	0.0	0.0	0.0	0.0	100.59305100270808	0.0	0.0	26.792535183918805	0.0	0.0	0.0	0.0	0.0	0.0	0.0	0.0	0.0	0.0
GSM4138112_HNSCC_2_PBMC_GCATGATCATCACCCT	71.29502244085708	76.5809080877803	0.0	0.0	85.46504823537927	16.396129201854595	0.0	0.0	0.0	0.0	0.0	6.476653400271687	0.0	0.0	0.0	0.0	0.0	0.0	0.0	0.0	0.0	0.0	0.0	0.0
GSM4138112_HNSCC_2_PBMC_GCATGCGAGCTGATAA	90.82812626125441	0.0	185.31391834874967	0.0	0.0	14.872988491989634	0.0	0.0	0.0	108.87307587642435	0.0	0.0	0.0	0.0	0.0	0.0	0.0	0.0	0.0	0.0	0.0	0.0	0.0	0.0
GSM4138112_HNSCC_2_PBMC_GCATGCGCAATCGGTT	43.96156282690506	0.0	56.34899916073759	0.0	0.0	14.976857453381024	0.0	0.0	0.0	0.0	0.0	0.0	0.0	0.0	0.0	0.0	0.0	0.0	0.0	136.20668743234927	0.0	0.0	0.0	0.0
GSM4138112_HNSCC_2_PBMC_GCGACCAGTCATTAGC	138.62550212086407	0.0	51.67282937975273	168.0607744636041	0.0	28.08950649122187	0.0	0.0	0.0	0.0	0.0	0.0	0.0	0.0	0.0	0.0	178.7908333271508	0.0	0.0	0.0	0.0	0.0	0.0	0.0
GSM4138112_HNSCC_2_PBMC_GCGAGAATCGCCTGAG	112.0001988458919	159.79237085852736	0.0	40.37997216838871	6.644595618423578	15.209785511198309	0.0	0.0	0.0	0.0	0.0	0.0	57.45436772869849	0.0	0.0	0.0	0.0	0.0	0.0	0.0	0.0	0.0	0.0	0.0
GSM4138112_HNSCC_2_PBMC_GCTCTGTCACGGTAAG	48.901971219720544	0.0	88.53170047366577	0.0	0.0	10.110567495409798	0.0	0.0	0.0	0.0	0.0	0.0	0.0	0.0	0.0	74.39875186637282	0.0	0.0	0.0	0.0	0.0	0.0	0.0	43.26396653808236
GSM4138112_HNSCC_2_PBMC_GCTGCAGAGTGCCATT	82.18632829814929	98.49225623851811	0.0	92.12489213126513	0.0	6.118599946552993	0.0	0.0	0.0	0.0	0.0	0.0	0.0	0.0	0.0	0.0	0.0	0.0	0.0	0.0	0.0	0.0	0.0	0.0
GSM4138112_HNSCC_2_PBMC_GGACAAGGTAGATTAG	204.33382887848555	0.0	0.0	0.0	125.05587482264357	22.62603541533643	253.7229223585278	0.0	0.0	0.0	0.0	0.0	0.0	0.0	0.0	0.0	0.0	0.0	0.0	0.0	0.0	0.0	0.0	0.0
GSM4138112_HNSCC_2_PBMC_GGAGCAAAGATGGGTC	119.72920584358619	0.0	202.42282124441303	99.80346267302771	37.52581782746185	25.452700559523176	0.0	0.0	0.0	0.0	0.0	0.0	0.0	0.0	0.0	0.0	0.0	0.0	0.0	0.0	0.0	0.0	0.0	0.0
GSM4138112_HNSCC_2_PBMC_GGCAATTTCATCATTC	128.04524861895172	101.71391248162992	0.0	0.0	0.0	7.839317581278286	0.0	99.8132857492999	0.0	0.0	0.0	0.0	0.0	0.0	0.0	0.0	0.0	0.0	0.0	0.0	0.0	0.0	0.0	0.0
GSM4138112_HNSCC_2_PBMC_GGGCACTCAATGGACG	145.706837880647	1.4220373997128286	0.0	0.0	0.0	24.844134047218855	25.600508573206188	91.53160932945221	0.0	0.0	0.0	0.0	0.0	0.0	0.0	0.0	0.0	0.0	176.7808034455218	0.0	0.0	0.0	20.53153407495695	0.0
GSM4138112_HNSCC_2_PBMC_GGGTTGCGTACATCCA	106.37881699137078	0.0	0.0	48.82004818374298	0.0	9.934199154634783	0.0	0.0	0.0	2.0434681799197887	0.0	0.0	0.0	0.0	0.0	0.0	0.0	0.0	0.0	25.552214453051523	130.35170428939514	0.0	0.0	0.0
GSM4138112_HNSCC_2_PBMC_GTAACGTGTATAATGG	63.804552184051985	0.0	0.0	0.0	0.0	10.448745407745069	0.0	0.0	0.0	74.61199557813364	67.16585782540953	71.6510372606139	0.0	0.0	0.0	0.0	0.0	0.0	0.0	0.0	0.0	0.0	0.0	0.0
GSM4138112_HNSCC_2_PBMC_GTCCTCAAGCTCCCAG	48.011021553698825	0.0	0.0	154.12688543958964	0.0	3.6057981139857636	0.0	0.0	0.0	0.0	0.0	80.31330842109865	0.0	0.0	0.0	0.0	0.0	0.0	0.0	0.0	0.0	0.0	0.0	0.0
GSM4138112_HNSCC_2_PBMC_GTCCTCAGTAGCGTAG	71.86169387593338	0.0	0.0	69.25150407341464	0.0	9.24634793148583	0.0	3.500089067306757	61.21094773110292	0.0	0.0	0.0	0.0	0.0	0.0	0.0	0.0	0.0	0.0	0.0	0.0	0.0	0.0	0.0
GSM4138112_HNSCC_2_PBMC_GTCCTCAGTGCGGTAA	112.67213095958405	0.0	64.11083853701325	0.0	79.0994441741069	15.355977726409106	0.0	0.0	0.0	0.0	0.0	0.0	0.0	0.0	0.0	0.0	65.72133130999869	0.0	0.0	24.372911976128897	0.0	0.0	0.0	0.0
GSM4138112_HNSCC_2_PBMC_GTCGGGTGTAAGTGGC	112.33923777059601	154.90109567996785	0.0	10.302008109132613	111.65010712087401	25.347850718923752	0.0	0.0	0.0	0.0	0.0	0.0	0.0	0.0	0.0	0.0	0.0	0.0	0.0	0.0	0.0	0.0	0.0	0.0
GSM4138112_HNSCC_2_PBMC_GTCGTAAAGTACACCT	82.56682851027888	0.0	12.086990411042422	0.0	82.39937772449008	35.91388243390046	131.86054139259844	0.0	0.0	0.0	0.0	0.0	0.0	0.0	0.0	0.0	0.0	0.0	0.0	0.0	0.0	0.0	0.0	0.0
GSM4138112_HNSCC_2_PBMC_GTGGGTCTCTTAACCT	206.54676928642783	103.7305109091747	0.0	54.98596021919889	177.21253437756485	43.441133585146616	0.0	0.0	0.0	0.0	0.0	123.9640231539362	0.0	0.0	0.0	0.0	28.558851318356513	0.0	0.0	0.0	0.0	0.0	0.0	0.0
GSM4138112_HNSCC_2_PBMC_GTGTGCGAGCCGCCTA	79.1388401867145	0.0	178.7500983283307	81.1635241384181	25.842666446534544	25.207960476424038	0.0	0.0	0.0	0.0	0.0	0.0	0.0	0.0	0.0	0.0	0.0	0.0	0.0	0.0	0.0	0.0	0.0	0.0
GSM4138112_HNSCC_2_PBMC_GTTCTCGAGTAACCCT	108.69082324332582	132.92353011906764	0.0	8.95931862254977	0.0	8.739682367615803	0.0	0.0	0.0	99.91670781432187	0.0	0.0	0.0	0.0	0.0	0.0	0.0	0.0	0.0	0.0	0.0	0.0	0.0	0.0
GSM4138112_HNSCC_2_PBMC_TAAGCGTCAGACGCCT	71.24175443385948	0.0	0.0	13.510450881142749	47.52035236327161	13.884987297021892	0.0	0.0	0.0	0.0	0.0	205.07820717001857	0.0	0.0	0.0	0.0	0.0	0.0	0.0	0.0	0.0	0.0	0.0	0.0
GSM4138112_HNSCC_2_PBMC_TACGGTATCAGCCTAA	99.27854271474145	4.194337304779222	161.11927461489842	141.69299285275062	0.0	18.369110461954502	0.0	0.0	0.0	0.0	0.0	0.0	0.0	0.0	0.0	0.0	0.0	0.0	0.0	0.0	0.0	0.0	0.0	0.0
GSM4138112_HNSCC_2_PBMC_TAGCCGGGTTCATGGT	63.41976669293334	0.0	0.0	29.41018447225013	0.0	12.399978482650702	60.93363081457505	0.0	0.0	0.0	0.0	0.0	0.0	0.0	0.0	0.0	20.72526001296253	0.0	0.0	21.00983040186079	0.0	0.0	0.0	0.0
GSM4138112_HNSCC_2_PBMC_TAGTGGTAGGATGGAA	61.49023234050095	28.383230405816224	88.08102107934813	0.0	0.0	23.579096194020142	0.0	0.0	0.0	47.12617285795628	0.0	0.0	0.0	0.0	0.0	0.0	0.0	0.0	0.0	0.0	0.0	0.0	0.0	0.0
GSM4138112_HNSCC_2_PBMC_TAGTTGGGTCCATGAT	184.90210892076948	0.0	0.0	0.0	0.0	35.918738593261196	265.0572156253196	0.0	0.0	19.056817283316043	0.0	0.0	0.0	0.0	15.514670295961022	0.0	0.0	83.81117594882265	0.0	0.0	0.0	0.0	0.0	0.0
GSM4138112_HNSCC_2_PBMC_TATTACCCAGCTGTAT	191.2458042813265	0.0	202.96590410571037	0.0	156.29336652206928	53.47178495482869	0.0	31.66761163320908	0.0	0.0	0.0	0.0	0.0	0.0	0.0	0.0	87.93856568023196	0.0	0.0	0.0	0.0	0.0	0.0	0.0
GSM4138112_HNSCC_2_PBMC_TCATTTGGTGTGGTTT	127.8401340594936	134.4330310728547	0.0	0.0	0.0	33.76430606177081	0.0	0.0	0.0	153.80289861637024	0.0	0.0	0.0	0.0	0.0	0.0	14.734673194612608	0.0	0.0	0.0	0.0	0.0	0.0	0.0
GSM4138112_HNSCC_2_PBMC_TCATTTGGTTGGAGGT	85.7756099813513	0.0	0.0	0.0	0.0	31.274887836738543	108.5315566575714	0.0	0.0	53.47623809873903	0.0	0.0	0.0	0.0	0.0	0.0	0.0	0.0	0.0	0.0	0.0	0.0	0.0	9.53462003181597
GSM4138112_HNSCC_2_PBMC_TCTCATAGTCTGCGGT	111.14092369326147	138.1799671143592	0.0	53.82225050734491	68.44305578150727	24.38011717330715	0.0	0.0	0.0	0.0	0.0	0.0	0.0	0.0	0.0	0.0	0.0	0.0	0.0	0.0	0.0	0.0	0.0	0.0
GSM4138112_HNSCC_2_PBMC_TCTCATAGTTTGTGTG	108.0743110117441	0.0	0.0	92.31270581502898	0.0	18.92027775243181	93.90258236867984	0.0	6.256916806913153	0.0	0.0	0.0	0.0	0.0	0.0	0.0	0.0	0.0	0.0	0.0	0.0	0.0	0.0	0.0
GSM4138112_HNSCC_2_PBMC_TCTTTCCTCGAGAGCA	81.81636005331414	25.37761467790622	24.969288814987642	0.0	0.0	14.323165444290215	0.0	0.0	0.0	84.24028010949495	0.0	0.0	9.763988912088804	41.5062199875872	0.0	0.0	0.0	0.0	0.0	0.0	0.0	0.0	0.0	0.0
GSM4138112_HNSCC_2_PBMC_TGAAAGATCACGCGGT	62.399290492374675	0.0	0.0	0.0	0.0	5.904219481091324	0.0	0.0	0.0	0.0	0.0	0.0	0.0	0.0	0.0	79.45031913949107	0.0	0.0	43.84357359484036	0.0	0.0	0.0	0.0	0.0
GSM4138112_HNSCC_2_PBMC_TGACTAGAGAAACCTA	157.94651115785578	159.29903838646095	0.0	0.0	239.25370303156615	31.39104103412534	40.598411009166824	0.0	0.0	0.0	0.0	0.0	0.0	0.0	0.0	0.0	0.0	0.0	27.21941940473904	0.0	0.0	0.0	0.0	0.0
GSM4138112_HNSCC_2_PBMC_TGACTTTAGGATATAC	84.27518071628249	0.0	0.0	0.0	0.0	5.218733863294098	70.7827129987972	0.0	0.0	0.0	17.743628686211583	0.0	0.0	0.0	110.46015708618637	0.0	9.769244574214207	0.0	0.0	0.0	17.18595620074808	0.0	11.299238511206479	0.0
GSM4138112_HNSCC_2_PBMC_TGCACCTTCTAGCACA	67.1727901642835	0.0	83.08817182381063	0.0	0.0	10.887164442595367	0.0	75.5674392388435	0.0	0.0	0.0	0.0	0.0	0.0	0.0	0.0	0.0	0.0	0.0	0.0	0.0	0.0	0.0	0.0
GSM4138112_HNSCC_2_PBMC_TGCCCTACACTGAAGG	104.07527003690417	0.0	0.0	0.0	80.47864075834023	26.702111558880414	0.0	10.6887646247603	0.0	0.0	0.0	17.06519971176404	0.0	0.0	0.0	0.0	174.72596769169957	0.0	0.0	0.0	0.0	0.0	0.0	0.0
GSM4138112_HNSCC_2_PBMC_TGCCCTAGTAGCCTCG	94.32415751531586	0.0	0.0	0.0	0.0	12.499560690864008	0.0	72.58059808118904	203.49785662044192	0.0	0.0	0.0	0.0	0.0	0.0	0.0	0.0	0.0	0.0	46.43526816470229	0.0	0.0	0.0	0.0
GSM4138112_HNSCC_2_PBMC_TGCCCTAGTTTCGCTC	90.64073280586388	0.0	72.1677584167832	0.0	77.4186997430958	6.915145062916154	26.222272634643545	0.0	0.0	0.0	0.0	0.0	0.0	0.0	0.0	0.0	0.0	0.0	0.0	25.291074839325997	0.0	0.0	0.0	0.0
GSM4138112_HNSCC_2_PBMC_TGCGGGTTCACATACG	83.73606997763903	38.84136843463321	0.0	0.0	0.0	16.865737599028932	128.6956095357674	0.0	0.0	0.0	0.0	0.0	12.77974198729234	0.0	0.0	139.45448307578593	0.0	0.0	0.0	0.0	0.0	0.0	0.0	0.0
GSM4138112_HNSCC_2_PBMC_TGGCGCATCTGCCCTA	73.25072233917714	0.0	0.0	0.0	0.0	7.940315752543053	72.16140503083193	0.0	0.0	0.0	0.0	0.0	0.0	0.0	0.0	65.39873177348196	0.0	0.0	0.0	0.0	0.0	0.0	0.0	0.0
GSM4138112_HNSCC_2_PBMC_TGGGAAGAGAAACGAG	68.10251540294037	0.0	110.15645053117714	55.799361721640075	60.18808117642443	23.097588402594784	0.0	0.0	0.0	0.0	0.0	0.0	0.9552025430796502	0.0	0.0	0.0	0.0	0.0	0.0	0.0	0.0	0.0	0.0	0.0
GSM4138112_HNSCC_2_PBMC_TGGTTAGAGGCCGAAT	44.21595038247949	0.0	0.0	0.0	0.0	4.967588307539343	105.96694653838485	0.0	0.0	110.4742811737252	0.0	0.0	0.0	0.0	0.0	0.0	0.0	0.0	0.0	0.0	0.0	0.0	0.0	0.0
GSM4138112_HNSCC_2_PBMC_TGGTTAGCATTAACCG	93.6846700257919	17.98438839130591	0.0	29.6538422972735	41.19048035853868	9.72812451024092	0.0	0.0	75.37052194796874	0.0	0.0	0.0	0.0	0.0	0.0	0.0	0.0	0.0	0.0	0.0	0.0	0.0	0.0	0.0
GSM4138112_HNSCC_2_PBMC_TTAGGACTCTATCCTA	108.07797073501581	191.19079794327945	0.0	138.20468241011062	0.0	27.509502585224357	38.35447266294729	0.0	0.0	0.0	0.0	0.0	0.0	0.0	0.0	0.0	0.0	0.0	0.0	0.0	0.0	0.0	0.0	0.0
GSM4138112_HNSCC_2_PBMC_TTCCCAGCAAGTCATC	188.5972192950165	0.0	0.0	0.0	110.27914964247316	45.5495979827055	0.0	0.0	0.0	0.0	0.0	214.36864426450487	18.523399597232366	0.0	0.0	0.0	0.0	0.0	0.0	0.0	0.0	0.0	0.0	0.0
GSM4138112_HNSCC_2_PBMC_TTCGAAGAGGCTATCT	63.857395759175894	0.0	118.96725342074096	0.0	38.80779678669536	10.180621378131688	0.0	0.0	0.0	0.0	0.0	0.0	0.0	0.0	0.0	0.0	0.0	0.0	0.0	0.0	0.0	0.0	0.0	0.0
GSM4138112_HNSCC_2_PBMC_TTCTACATCCTCATTA	131.32815796857184	0.0	0.0	80.39204525226104	36.51872959635091	18.871295232000225	0.0	28.083216977761424	95.79279287431112	0.0	83.19209532015152	0.0	0.0	0.0	0.0	0.0	0.0	0.0	0.0	0.0	0.0	0.0	0.0	0.0
GSM4138112_HNSCC_2_PBMC_TTCTCAAAGGCTCAGA	119.96021326705123	0.0	0.0	0.0	0.0	32.74387927347686	113.4902169709713	0.0	0.0	0.0	0.0	0.0	0.0	0.0	0.0	0.0	0.0	0.0	43.149262245239576	0.0	0.0	91.95488436615447	32.021857296676465	0.0
GSM4138112_HNSCC_2_PBMC_TTGCCGTGTCAGATAA	53.1548867612422	92.01754102481421	9.253059848737168	84.97706460612359	0.0	4.734510592192109	0.0	0.0	0.0	0.0	0.0	0.0	0.0	0.0	0.0	0.0	0.0	0.0	0.0	0.0	0.0	0.0	0.0	0.0
GSM4138112_HNSCC_2_PBMC_TTGGAACCAGTCTTCC	47.76039771524441	0.0	30.24805621943386	0.0	0.0	11.273003900275585	23.16497090324604	0.0	0.0	0.0	0.0	0.0	0.0	0.0	0.0	0.0	0.0	44.534774259108254	0.0	0.0	46.60669353836425	0.0	25.322879132964367	0.0
GSM4138112_HNSCC_2_PBMC_TTGGCAAAGATGTGGC	47.86754479719549	0.0	100.39196565603082	0.0	85.64276135951343	13.790662457359472	0.0	0.0	0.0	0.0	0.0	0.0	0.0	0.0	0.0	0.0	0.0	0.0	0.0	0.0	0.0	0.0	0.0	0.0
GSM4138112_HNSCC_2_PBMC_TTGGCAAGTTCCCTTG	73.62977538860895	0.0	0.0	0.0	88.41329369271945	19.012181451382492	0.0	0.0	145.70881470482132	0.0	0.0	0.0	0.0	0.0	0.0	0.0	0.0	0.0	0.0	0.0	0.0	0.0	0.0	0.0
GSM4138112_HNSCC_2_PBMC_TTTATGCGTACCTACA	74.38306529288816	72.59268142922332	0.0	0.0	53.230109684794456	3.6632045674822953	0.0	0.0	0.0	0.0	0.0	0.0	0.0	0.0	0.0	0.0	0.0	0.0	0.0	0.0	0.0	0.0	0.0	0.0
GSM4138112_HNSCC_2_PBMC_TTTGTCATCCGTACAA	111.2136690220215	131.2496465085819	0.0	0.0	102.73774617000093	35.02654603819168	0.0	0.0	0.0	0.0	0.0	0.0	0.0	0.0	0.0	0.0	0.0	0.0	0.0	0.0	0.0	0.0	0.0	0.0
GSM4138112_HNSCC_2_PBMC_AAATGCCTCCGTTGTC	206.64435446282093	0.0	0.0	191.64030966646112	0.0	36.66646202512089	295.1664708443613	0.0	0.0	0.0	0.0	0.0	0.0	0.0	0.0	0.0	0.0	0.0	0.0	0.0	0.0	0.0	0.0	0.0
GSM4138112_HNSCC_2_PBMC_AACACGTCACACGCTG	179.5498112798198	354.2120327673162	0.0	90.63636238319317	120.98355226531633	50.27395567597492	0.0	0.0	0.0	0.0	0.0	0.0	0.0	0.0	0.0	0.0	0.0	0.0	0.0	0.0	0.0	0.0	0.0	0.0
GSM4138112_HNSCC_2_PBMC_AACTCTTCATGAACCT	161.19095100333712	0.0	192.46801773292395	0.0	0.0	50.994648052015364	13.155992110209167	0.0	7.3167951808198985	0.0	0.0	0.0	0.0	0.0	0.0	8.827835013490505	0.0	95.56304783602252	0.0	37.653716006715314	0.0	0.0	0.0	0.0
GSM4138112_HNSCC_2_PBMC_AACTCTTTCGCATGGC	231.42484377753524	0.0	0.0	26.909065079185183	138.90749005609723	34.16463584152292	0.0	15.092538467952913	0.0	0.0	0.0	358.0294462962187	0.0	0.0	0.0	0.0	0.0	0.0	0.0	0.0	0.0	0.0	0.0	0.0
GSM4138112_HNSCC_2_PBMC_AAGACCTCAACTGCGC	185.79484987523466	276.81776671644735	0.0	248.66486434492992	0.0	35.91926442705713	0.0	0.0	0.0	0.0	0.0	0.0	0.0	0.0	0.0	0.0	0.0	0.0	0.0	0.0	0.0	0.0	0.0	0.0
GSM4138112_HNSCC_2_PBMC_AAGCCGCCACGCCAGT	165.8736449198741	0.0	197.7608606834459	0.0	0.0	31.45841987869785	0.0	0.0	0.0	0.0	0.0	0.0	91.19222919741865	0.0	84.94325010384387	0.0	0.0	0.0	0.0	42.0732222958435	0.0	0.0	0.0	0.0
GSM4138112_HNSCC_2_PBMC_AAGCCGCGTGCGGTAA	125.86619863501627	171.80175747231195	0.0	0.0	0.0	30.539679032596993	77.5731902342828	126.09886864687157	0.0	0.0	0.0	0.0	0.0	0.0	0.0	0.0	0.0	0.0	0.0	0.0	0.0	0.0	0.0	0.0
GSM4138112_HNSCC_2_PBMC_AAGGTTCGTGTAAGTA	96.57549772165656	0.0	0.0	0.0	0.0	32.51517433813839	126.5826093127182	0.0	0.0	102.04605786212238	0.0	0.0	0.0	0.0	0.0	0.0	0.0	0.0	0.0	0.0	0.0	0.0	0.0	0.0
GSM4138112_HNSCC_2_PBMC_ACGAGCCAGAGGTTGC	214.2581952669862	119.15869395698468	121.69065543524853	0.0	0.0	27.081395376327638	0.0	0.0	0.0	0.0	0.0	0.0	0.0	0.0	0.0	168.52460477180784	0.0	0.0	0.0	0.0	0.0	0.0	0.0	0.0
GSM4138112_HNSCC_2_PBMC_ACTGCTCGTCTCCCTA	132.36895693417895	0.0	0.0	0.0	196.99550974008983	36.13839860459754	193.29052046209983	18.732157166196572	0.0	0.0	0.0	0.0	0.0	0.0	0.0	0.0	35.09495964428988	0.0	0.0	0.0	0.0	0.0	0.0	0.0
GSM4138112_HNSCC_2_PBMC_ACTGCTCTCTGCCCTA	158.41239303175857	0.0	0.0	12.731888686611665	0.0	53.31860564732632	0.0	178.51017054143193	0.0	0.0	338.83546598000595	0.0	0.0	0.0	0.0	0.0	0.0	0.0	0.0	0.0	0.0	0.0	0.0	0.0
GSM4138112_HNSCC_2_PBMC_ACTTACTCAATTGCTG	146.14411457019872	219.31128067293545	0.0	153.2939290091829	4.889641688868004	27.986114722724498	0.0	0.0	0.0	0.0	0.0	0.0	0.0	0.0	0.0	0.0	0.0	0.0	0.0	0.0	0.0	0.0	0.0	0.0
GSM4138112_HNSCC_2_PBMC_AGCAGCCCAAACTGCT	132.06784409656112	0.0	269.28790687718504	116.84803122323069	0.0	23.20383455689925	0.0	0.0	0.0	0.0	0.0	0.0	0.0	0.0	0.0	0.0	0.0	0.0	0.0	0.0	0.0	0.0	0.0	0.0
GSM4138112_HNSCC_2_PBMC_AGCGTCGCAAATACAG	112.70296141241295	242.43616347082417	0.0	0.0	134.58616816057508	37.03139148435961	78.01646308303627	0.0	0.0	0.0	0.0	0.0	0.0	0.0	0.0	0.0	0.0	0.0	0.0	0.0	0.0	0.0	0.0	0.0
GSM4138112_HNSCC_2_PBMC_AGTTGGTGTACTTGAC	129.46490958619611	23.610242014413757	46.66954116623481	0.0	122.55702642565595	42.70006223211477	66.36458090038133	0.0	0.0	0.0	0.0	0.0	0.0	0.0	0.0	0.0	0.0	0.0	0.0	0.0	0.0	0.0	0.0	0.0
GSM4138112_HNSCC_2_PBMC_ATCCGAATCTGCTTGC	170.89990148568293	91.35252997753362	0.0	152.02845806379312	0.0	24.93079936274576	129.3070387380663	0.0	76.6095490783748	0.0	0.0	0.0	0.0	0.0	0.0	0.0	0.0	0.0	0.0	0.0	0.0	0.0	0.0	0.0
GSM4138112_HNSCC_2_PBMC_ATCGAGTTCTGGAGCC	130.10322324857518	0.0	0.0	61.98749979819747	118.76850065295667	47.70245986812133	189.61524833204086	0.0	52.47558533980746	0.0	0.0	0.0	0.0	0.0	0.0	0.0	0.0	0.0	0.0	0.0	0.0	0.0	0.0	0.0
GSM4138112_HNSCC_2_PBMC_ATGAGGGCATCTATGG	208.47398688333587	257.43187663695494	0.0	0.0	0.0	45.10826037067208	0.0	0.0	0.0	0.0	0.0	0.0	0.0	0.0	0.0	256.4067330265221	0.0	0.0	0.0	0.0	0.0	0.0	0.0	0.0
GSM4138112_HNSCC_2_PBMC_ATTACTCGTTGGTTTG	141.08500554117273	191.7461221564665	0.0	0.0	18.846333580582712	37.22206923431746	0.0	0.0	0.0	0.0	0.0	0.0	176.77025465042573	0.0	0.0	0.0	0.0	0.0	0.0	0.0	0.0	0.0	0.0	0.0
GSM4138112_HNSCC_2_PBMC_ATTCTACCAGACTCGC	172.96663681523805	0.0	291.76621993693914	0.0	164.79427645334536	27.390762303259077	0.0	5.453115907763095	0.0	0.0	0.0	0.0	0.0	0.0	0.0	0.0	0.0	0.0	0.0	0.0	0.0	0.0	0.0	0.0
GSM4138112_HNSCC_2_PBMC_ATTGGTGCAGTAAGCG	117.83606152804965	242.9637379126932	0.0	21.365947920673396	162.52170992251453	25.490468187199216	0.0	0.0	0.0	0.0	0.0	0.0	0.0	0.0	0.0	0.0	0.0	0.0	0.0	0.0	0.0	0.0	0.0	0.0
GSM4138112_HNSCC_2_PBMC_CAACTAGTCTAGCACA	155.725895294276	55.11501185678206	0.0	22.243027007886273	0.0	14.192002475986792	113.02363339800014	68.7798477074163	0.0	0.0	0.0	0.0	0.0	0.0	0.0	0.0	0.0	0.0	0.0	0.0	0.0	0.0	0.0	0.0
GSM4138112_HNSCC_2_PBMC_CACATAGAGTTCGCAT	159.9745101608734	0.0	70.1935077377352	0.0	108.74017976525133	22.991820326017	0.0	13.61637744499705	6.312265566930807	0.0	0.0	26.094455594717378	0.0	0.0	0.0	0.0	123.107723608217	0.0	0.0	0.0	0.0	0.0	0.0	0.0
GSM4138112_HNSCC_2_PBMC_CAGCGACAGCCACGTC	129.25172246571685	0.0	0.0	0.0	0.0	50.52984587325089	0.0	0.0	0.0	120.24419895788553	243.9897416086865	0.0	0.0	0.0	0.0	0.0	0.0	0.0	0.0	0.0	0.0	0.0	0.0	0.0
GSM4138112_HNSCC_2_PBMC_CAGCTAACAAGGCTCC	173.08278837494044	0.0	337.20917293784345	0.0	64.8482215221594	42.17267254466762	0.0	0.0	0.0	0.0	0.0	0.0	0.0	0.0	0.0	111.55373045543847	0.0	0.0	0.0	0.0	0.0	0.0	0.0	0.0
GSM4138112_HNSCC_2_PBMC_CATATTCTCATAACCG	258.1701203498803	0.0	0.0	184.19691492519243	0.0	24.321858802740827	354.3506269936016	33.67225533609329	0.0	0.0	0.0	0.0	0.0	0.0	0.0	0.0	0.0	0.0	0.0	0.0	0.0	0.0	0.0	0.0
GSM4138112_HNSCC_2_PBMC_CATGGCGTCGCACTCT	184.87018624137457	169.77467277094732	0.0	0.0	0.0	18.74103781176387	0.0	138.3396202238042	0.0	0.0	0.0	0.0	0.0	0.0	0.0	0.0	0.0	0.0	0.0	0.0	0.0	0.0	0.0	0.0
GSM4138112_HNSCC_2_PBMC_CATTATCCAGTCGATT	183.55531526348685	0.0	195.9777010193775	146.7791200868017	0.0	31.34519924116975	21.985401221299103	0.0	0.0	0.0	0.0	0.0	0.0	0.0	0.0	0.0	12.62018854885104	0.0	0.0	0.0	0.0	0.0	0.0	0.0
GSM4138112_HNSCC_2_PBMC_CATTATCGTACGAAAT	149.02564774923025	0.0	0.0	29.746079783548474	0.0	38.442061881844104	7.965576064145517	0.0	0.0	58.31036025275307	230.64718997811485	0.0	0.0	0.0	0.0	0.0	0.0	0.0	0.0	28.305338978895907	0.0	0.0	0.0	0.0
GSM4138112_HNSCC_2_PBMC_CATTATCTCGTTTGCC	49.49037389593549	0.0	0.0	0.0	0.0	6.4193124485556625	0.0	0.0	0.0	0.0	0.0	0.0	0.0	119.38070333376773	0.0	15.450975003072958	0.0	0.0	0.0	0.0	0.0	0.0	0.0	0.0
GSM4138112_HNSCC_2_PBMC_CCCAATCAGGAGCGAG	77.61897680275034	0.0	120.60620869969947	0.0	43.186725821947775	10.852916672864485	0.0	13.548488724809252	0.0	0.0	0.0	0.0	0.0	0.0	0.0	0.0	0.0	0.0	0.0	0.0	0.0	0.0	0.0	0.0
GSM4138112_HNSCC_2_PBMC_CCGGGATTCTCGTTTA	70.00237165136483	96.64348637910462	0.0	19.811002080981908	47.35818239995615	12.372860671653356	0.0	0.0	0.0	0.0	0.0	0.0	0.0	0.0	0.0	0.0	0.0	0.0	0.0	0.0	0.0	0.0	0.0	0.0
GSM4138112_HNSCC_2_PBMC_CCTAGCTCACAGAGGT	144.7369408018421	0.0	0.0	191.5612886149435	0.0	38.66041992445654	0.0	0.0	105.83347909332873	0.0	70.2553828530219	80.26863590933901	0.0	0.0	0.0	0.0	0.0	0.0	0.0	0.0	0.0	0.0	0.0	0.0
GSM4138112_HNSCC_2_PBMC_CCTATTATCTCAACTT	184.78742497915863	164.94925537086698	0.0	0.0	0.0	33.51339738913001	39.415416557249834	0.0	0.0	0.0	0.0	0.0	0.0	0.0	0.0	0.0	0.0	178.4471285381581	0.0	0.0	0.0	0.0	0.0	0.0
GSM4138112_HNSCC_2_PBMC_CCTCAGTAGACTGTAA	113.29330137183756	0.0	97.16913429436526	101.3228282602621	55.77804222616962	27.475882418022657	71.60786806246763	0.0	0.0	0.0	0.0	0.0	0.0	0.0	0.0	0.0	41.34769463893909	0.0	0.0	0.0	0.0	0.0	0.0	0.0
GSM4138112_HNSCC_2_PBMC_CCTTTCTGTCTAAACC	205.64351391296063	290.36490402477233	0.0	125.0080634693344	0.0	29.807598582952515	0.0	0.0	0.0	0.0	0.0	0.0	0.0	0.0	0.0	0.0	0.0	0.0	0.0	0.0	0.0	0.0	0.0	0.0
GSM4138112_HNSCC_2_PBMC_CGACCTTAGGTGCTTT	147.23014308038017	177.16709007337536	0.0	0.0	141.97366324467174	24.706823156481782	76.2249203291581	13.778452907063834	0.0	0.0	0.0	0.0	0.0	0.0	0.0	0.0	0.0	0.0	19.934418088352494	0.0	0.0	0.0	0.0	0.0
GSM4138112_HNSCC_2_PBMC_CGAGAAGTCGAGCCCA	207.9056938328568	0.0	0.0	0.0	141.55625024971698	35.95866709898953	311.26522053137785	0.0	0.0	0.0	0.0	0.0	0.0	0.0	0.0	0.0	9.91098108108117	0.0	0.0	0.0	0.0	0.0	0.0	0.0
GSM4138112_HNSCC_2_PBMC_CGATGTACAACTGCTA	246.65234040402427	0.0	0.0	73.74441602370693	85.15006829090558	19.15238846603908	200.07059024847453	0.0	0.0	0.0	0.0	0.0	0.0	0.0	0.0	0.0	0.0	0.0	16.971709493215673	0.0	0.0	0.0	0.0	0.0
GSM4138112_HNSCC_2_PBMC_CGGACACCAGAGTGTG	182.51785346593456	265.71867791865117	0.0	12.631573453067501	65.01330812219203	33.710130233557166	0.0	92.68722957744377	0.0	0.0	0.0	0.0	0.0	0.0	0.0	0.0	0.0	0.0	0.0	0.0	0.0	0.0	0.0	0.0
GSM4138112_HNSCC_2_PBMC_CGTTAGAAGATATACG	168.76151200429965	0.0	0.0	0.0	161.46689489626604	33.40141624365034	302.36215439582077	41.25196279129292	0.0	0.0	0.0	0.0	0.0	0.0	0.0	0.0	0.0	0.0	0.0	0.0	0.0	0.0	0.0	0.0
GSM4138112_HNSCC_2_PBMC_CGTTCTGCATCCTAGA	97.6070845250171	0.0	0.0	0.0	56.03164035487831	18.3958642559279	0.0	0.0	0.0	0.0	0.0	195.29085929635687	0.0	0.0	0.0	0.0	0.0	0.0	0.0	0.0	0.0	0.0	0.0	0.0
GSM4138112_HNSCC_2_PBMC_CTACACCTCCTGTACC	178.13828476459955	0.0	309.800025955922	246.4439573484749	0.0	32.63381125381811	0.0	0.0	0.0	0.0	0.0	0.0	0.0	0.0	0.0	0.0	0.0	0.0	0.0	0.0	0.0	0.0	0.0	0.0
GSM4138112_HNSCC_2_PBMC_CTACGTCCAAATCCGT	128.04579280424252	106.8291348181514	0.0	0.0	0.0	28.082386126108908	60.568596402617324	0.0	0.0	14.463566016337788	0.0	0.0	0.0	0.0	0.0	0.0	10.113430882657628	127.46385321692838	0.0	0.0	0.0	0.0	0.0	0.0
GSM4138112_HNSCC_2_PBMC_CTCGAAAGTCCATCCT	100.97292774336564	0.0	0.0	150.38213188244572	0.0	16.772489575201213	87.06705455407847	0.0	0.0	0.0	0.0	0.0	0.0	0.0	0.0	0.0	32.756218110844365	0.0	0.0	0.0	0.0	0.0	0.0	0.0
GSM4138112_HNSCC_2_PBMC_CTCGGGATCTAACTGG	203.20960661487763	0.0	205.49761930970695	57.205166695341276	0.0	27.61384508650864	0.0	90.79950937949934	0.0	0.0	0.0	0.0	0.0	0.0	0.0	0.0	0.0	0.0	0.0	0.0	0.0	0.0	0.0	0.0
GSM4138112_HNSCC_2_PBMC_CTCTGGTAGACAAGCC	194.20161064679527	0.0	179.78615514274327	43.46670967368272	104.94910005736247	33.32194009978395	94.85851143323498	0.0	0.0	0.0	0.0	0.0	0.0	0.0	0.0	0.0	1.2044722755069286	0.0	0.0	0.0	0.0	0.0	0.0	0.0
GSM4138112_HNSCC_2_PBMC_CTGCTGTAGTGCGTGA	130.7756635219381	0.0	0.0	0.0	0.0	27.638686497091186	206.76044154753723	0.0	0.0	159.97736242345144	0.0	0.0	0.0	0.0	0.0	0.0	0.0	0.0	0.0	0.0	0.0	0.0	0.0	0.0
GSM4138112_HNSCC_2_PBMC_CTGGTCTGTTGGGACA	104.42958686100405	71.7419202452442	54.41821686672998	0.0	0.0	20.138949367127058	0.0	132.79513582833857	0.0	0.0	0.0	0.0	0.0	0.0	0.0	0.0	10.45317612767744	0.0	0.0	0.0	0.0	0.0	0.0	0.0
GSM4138112_HNSCC_2_PBMC_CTTAGGAGTTCGGGCT	88.48657253438763	0.0	0.0	0.0	0.0	33.482834400450876	0.0	105.00226478915843	0.0	0.0	0.0	148.098781477408	0.0	0.0	0.0	0.0	0.0	0.0	4.521689864726324	0.0	0.0	0.0	0.0	0.0
GSM4138112_HNSCC_2_PBMC_CTTAGGATCACTATTC	86.18142548113349	137.54726373921596	0.0	96.29510379074898	0.0	14.715446926545846	0.0	0.0	0.0	0.0	0.0	0.0	0.0	0.0	0.0	0.0	0.0	0.0	0.0	0.0	0.0	0.0	0.0	0.0
GSM4138112_HNSCC_2_PBMC_CTTTGCGAGGTAGCCA	134.3291507554193	0.0	0.0	6.161186354259158	26.653002354654124	32.70000633732561	36.40379092918673	102.89569682125992	178.84255568151383	0.0	0.0	0.0	0.0	0.0	0.0	0.0	0.0	0.0	0.0	0.0	0.0	0.0	0.0	0.0
GSM4138112_HNSCC_2_PBMC_GAAATGAGTTATGTGC	199.60672494037559	248.02014729958285	0.0	0.0	0.0	53.949508362643	0.0	0.0	0.0	0.0	0.0	0.0	0.0	0.0	180.98825580305464	0.0	0.0	0.0	0.0	0.0	0.0	0.0	0.0	0.0
GSM4138112_HNSCC_2_PBMC_GAACATCTCACCGTAA	140.54591768966995	0.0	0.0	13.96572637897066	0.0	51.684364057756284	176.5550471584373	0.0	84.25543597384272	172.53544706166036	0.0	0.0	0.0	0.0	0.0	0.0	0.0	0.0	0.0	0.0	0.0	0.0	0.0	0.0
GSM4138112_HNSCC_2_PBMC_GACCAATGTCTGGTCG	201.6633346435258	0.0	0.0	0.0	153.08601558672189	47.48111527453833	277.8830495671942	0.0	0.0	0.0	0.0	0.0	0.0	0.0	0.0	0.0	0.0	0.0	0.0	0.0	0.0	0.0	0.0	0.0
GSM4138112_HNSCC_2_PBMC_GACCTGGTCATCACCC	133.10224824641077	142.81050677275937	19.119471467149566	129.08014318076468	75.91884216409926	17.78210925385994	0.0	0.0	0.0	0.0	0.0	0.0	0.0	0.0	0.0	0.0	34.43353765068635	0.0	7.051670743356217	0.0	0.0	0.0	0.0	0.0
GSM4138112_HNSCC_2_PBMC_GACTACACAACTGGCC	167.0105474681893	0.0	0.0	0.0	0.0	52.98584372588716	101.18736889460244	0.0	0.0	167.89909008017142	0.0	0.0	0.0	0.0	0.0	0.0	141.39027956599733	0.0	0.0	0.0	0.0	98.54595848799158	0.0	0.0
GSM4138112_HNSCC_2_PBMC_GATGCTACAACTGCGC	91.89357437417101	0.0	0.0	62.438222445167135	0.0	13.7639580304644	0.0	0.0	16.942357325202558	0.0	9.415706864775126	86.14297419095247	0.0	0.0	0.0	0.0	0.0	0.0	0.0	0.0	0.0	0.0	0.0	0.0
GSM4138112_HNSCC_2_PBMC_GCACTCTGTGCATCTA	246.59422833010026	0.0	234.23462490201243	0.0	0.0	39.137723700636386	0.0	0.0	0.0	0.0	0.0	0.0	0.0	0.0	0.0	252.056700562263	0.0	0.0	135.2587766409739	0.0	0.0	0.0	0.0	0.0
GSM4138112_HNSCC_2_PBMC_GCAGCCACATGTAGTC	119.56736329466456	46.2491803579134	82.55974787662447	0.0	85.17562289557056	34.492436082354615	53.39638643264522	0.0	0.0	0.0	0.0	0.0	35.175513865711935	0.0	0.0	0.0	0.0	0.0	0.0	0.0	0.0	0.0	0.0	0.0
GSM4138112_HNSCC_2_PBMC_GCAGCCAGTTGGACCC	122.18162530265519	55.40571172312449	0.0	156.2586312663537	0.0	27.938665903510163	174.29454651966924	0.0	0.0	18.912450599197822	0.0	0.0	0.0	0.0	0.0	0.0	0.0	0.0	0.0	0.0	0.0	0.0	0.0	0.0
GSM4138112_HNSCC_2_PBMC_GCATGCGAGATGTCGG	144.61071010335365	0.0	0.0	0.0	0.0	26.724535281895925	0.0	192.26810979996182	253.6520298722374	0.0	0.0	0.0	0.0	0.0	0.0	0.0	0.0	0.0	0.0	0.0	0.0	0.0	0.0	0.0
GSM4138112_HNSCC_2_PBMC_GCATGCGAGTTTGCGT	252.26769787668457	252.8287088516402	0.0	0.0	0.0	18.23111016498245	0.0	0.0	0.0	103.58331903357258	0.0	0.0	0.0	0.0	113.1819870509937	0.0	0.0	0.0	0.0	0.0	0.0	0.0	0.0	0.0
GSM4138112_HNSCC_2_PBMC_GCATGCGTCCTTGCCA	165.98668772403022	0.0	223.26100971105737	120.31577845575542	0.0	13.044524022931412	0.0	0.0	0.0	0.0	0.0	0.0	0.0	0.0	0.0	0.0	0.0	0.0	0.0	0.0	0.0	0.0	0.0	0.0
GSM4138112_HNSCC_2_PBMC_GCGGGTTTCCAGGGCT	182.40583896268936	0.0	95.30255076345026	0.0	0.0	17.78524248427021	0.0	176.02768060911902	0.0	0.0	0.0	0.0	0.0	0.0	0.0	0.0	213.855000471689	0.0	0.0	0.0	0.0	0.0	0.0	0.0
GSM4138112_HNSCC_2_PBMC_GCTGCGATCAGCGATT	194.53347714931292	265.22313824898555	0.0	0.0	0.0	15.6803229996156	0.0	140.60853440543812	0.0	0.0	0.0	0.0	0.0	0.0	0.0	0.0	0.0	0.0	0.0	0.0	0.0	0.0	0.0	0.0
GSM4138112_HNSCC_2_PBMC_GCTGCGATCTGCTGCT	180.54405006103505	0.0	278.20854571550393	0.0	0.0	57.71146080481701	0.0	273.9171784895836	0.0	0.0	0.0	0.0	0.0	0.0	0.0	0.0	0.0	0.0	0.0	0.0	0.0	0.0	0.0	0.0
GSM4138112_HNSCC_2_PBMC_GCTTCCATCTCGAGTA	131.33655638856266	223.28775619118449	0.0	138.08246428644722	0.0	41.685600325694324	0.046802399124748914	0.0	0.0	0.0	0.0	0.0	12.016139568946649	0.0	0.0	0.0	0.0	0.0	0.0	0.0	0.0	0.0	0.0	0.0
GSM4138112_HNSCC_2_PBMC_GGACATTCAAGCTGTT	65.47721953472256	0.0	0.0	0.0	0.0	15.634609745798487	0.0	77.69523159628783	144.95024402401114	0.0	0.0	0.0	0.0	0.0	0.0	0.0	0.0	0.0	0.0	0.0	0.0	0.0	0.0	0.0
GSM4138112_HNSCC_2_PBMC_GGAGCAAGTCTGCCAG	119.29371587659361	0.0	0.0	161.07813483570854	0.0	57.71766668390801	0.0	0.0	201.5045297565693	0.0	0.0	0.0	0.0	0.0	0.0	0.0	0.0	0.0	0.0	0.0	0.0	0.0	0.0	0.0
GSM4138112_HNSCC_2_PBMC_GGATGTTGTGACGCCT	169.30361585066032	195.98223915203897	0.0	122.60170643719427	0.0	25.01324632863132	0.0	23.987791969184922	0.0	0.0	0.0	0.0	0.0	0.0	0.0	0.0	0.0	0.0	0.0	0.0	0.0	0.0	0.0	0.0
GSM4138112_HNSCC_2_PBMC_GGATTACGTCGACTGC	71.36633343975345	0.0	173.1288305483165	99.19928088831335	0.0	21.11241250567893	0.0	0.0	0.0	0.0	0.0	0.0	0.0	0.0	0.0	0.0	0.0	0.0	0.0	0.0	0.0	0.0	0.0	0.0
GSM4138112_HNSCC_2_PBMC_GGCCGATAGACGACGT	134.8076892794661	0.0	275.3641612441056	80.40609213505923	57.53545348441056	36.15446070983205	0.0	0.0	0.0	0.0	0.0	0.0	0.0	0.0	0.0	0.0	0.0	0.0	0.0	0.0	0.0	0.0	0.0	0.0
GSM4138112_HNSCC_2_PBMC_GTAACTGTCTACGAGT	112.10172211575315	182.8098945311177	0.0	0.0	61.12180686829969	38.10664646613609	0.0	8.662120364091365	0.0	0.0	0.0	0.0	58.5700101208957	0.0	0.0	0.0	0.0	0.0	0.0	0.0	0.0	0.0	0.0	0.0
GSM4138112_HNSCC_2_PBMC_GTACGTAGTTCCTCCA	132.6773662798874	240.51352371325277	0.0	0.0	0.0	30.144132488429012	53.64066242880806	139.82470768754231	0.0	0.0	0.0	0.0	0.0	0.0	0.0	0.0	0.0	0.0	0.0	0.0	0.0	0.0	0.0	0.0
GSM4138112_HNSCC_2_PBMC_GTCAAGTTCGGCGGTT	136.19792577491603	34.13708159709113	22.157872148031977	0.0	100.99764702299838	19.7783933837823	0.0	5.036109227946514	0.0	0.0	0.0	0.0	0.0	0.0	0.0	0.0	125.6982891748709	0.0	0.0	0.0	0.0	0.0	0.0	0.0
GSM4138112_HNSCC_2_PBMC_GTCACAATCGGTGTCG	136.62867472101433	0.0	65.52045488182381	45.15390937775695	110.39015777591464	28.027231184675617	0.0	0.0	0.0	0.0	0.0	0.0	0.0	0.0	0.0	0.0	154.00649675819744	0.0	0.0	0.0	0.0	0.0	0.0	0.0
GSM4138112_HNSCC_2_PBMC_GTCACGGAGGCTAGCA	169.02742871201445	0.0	0.0	0.0	0.0	23.574247920003174	228.2213128803942	0.0	0.0	0.0	0.0	0.0	102.17156980943452	0.0	0.0	0.0	0.0	93.28616580395082	0.0	25.24229570475854	0.0	0.0	0.0	0.0
GSM4138112_HNSCC_2_PBMC_GTGCATAAGTTAACGA	153.34383798062373	242.68300524358304	0.0	0.0	0.0	29.476517242339053	0.0	0.0	0.0	172.89555590989622	0.0	0.0	0.0	0.0	0.0	0.0	0.0	0.0	0.0	0.0	0.0	0.0	0.0	0.0
GSM4138112_HNSCC_2_PBMC_GTTTCTAAGGCATTGG	94.98775730453073	0.0	0.0	0.0	0.0	21.364649651501363	0.0	27.166995237249566	113.05082295847558	0.0	0.0	0.0	0.0	0.0	0.0	53.68190155540046	0.0	0.0	0.0	0.0	0.0	0.0	0.0	0.0
GSM4138112_HNSCC_2_PBMC_GTTTCTATCTCTAAGG	322.04095762723057	615.3790739926844	9.879678409774	154.2340003108174	171.75409961197747	80.69029298120176	0.0	0.0	0.0	0.0	0.0	0.0	0.0	0.0	0.0	0.0	0.0	0.0	0.0	0.0	0.0	0.0	0.0	0.0
GSM4138112_HNSCC_2_PBMC_TAAGCGTTCGGCGCAT	112.155340529703	100.55314193408492	0.0	0.0	0.0	2.720446911138619	0.0	0.0	0.0	114.8720020958301	0.0	0.0	0.0	0.0	0.0	0.0	0.0	0.0	0.0	0.0	0.0	0.0	0.0	0.0
GSM4138112_HNSCC_2_PBMC_TAAGTGCCATCAGTCA	149.07073399694065	0.0	0.0	0.0	92.48210479096673	40.7077998024192	237.80998261247407	0.0	0.0	0.0	0.0	0.0	0.0	0.0	0.0	0.0	6.704609932632318	0.0	0.0	68.41654700980287	0.0	0.0	0.0	0.0
GSM4138112_HNSCC_2_PBMC_TACACGAAGGAGTACC	164.72414642881617	0.0	0.0	0.0	109.80760746113538	30.883353128408682	0.0	31.825097436276657	0.0	0.0	0.0	259.19197157106066	0.0	0.0	0.0	0.0	0.0	0.0	0.0	0.0	0.0	0.0	0.0	0.0
GSM4138112_HNSCC_2_PBMC_TACTTGTGTCGAAAGC	150.97755930605712	46.20420800971411	61.80618151278097	0.0	0.0	25.79305493004833	22.356118288913994	192.6779952664358	0.0	0.0	0.0	75.3552433730821	0.0	0.0	0.0	0.0	0.0	0.0	7.001474173716539	0.0	0.0	0.0	0.0	0.0
GSM4138112_HNSCC_2_PBMC_TCACAAGAGTCCGGTC	163.7621775500321	198.30257538704572	0.0	146.4568220687081	0.0	51.97683546333641	0.0	0.0	0.0	0.0	0.0	0.0	0.0	0.0	0.0	0.0	0.0	0.0	0.0	0.0	0.0	0.0	0.0	0.0
GSM4138112_HNSCC_2_PBMC_TCAGCTCGTGTATGGG	130.4877830945148	0.0	0.0	70.93875390608545	51.73284239871512	39.3309086342158	0.0	0.0	248.40507783317506	0.0	0.0	0.0	0.0	0.0	0.0	0.0	0.0	0.0	0.0	0.0	0.0	0.0	0.0	0.0
GSM4138112_HNSCC_2_PBMC_TCGCGAGCACCGAAAG	148.72356696265302	0.0	0.0	0.0	0.0	33.60520675988844	0.0	176.4019060761263	181.60641977317707	0.0	0.0	0.0	0.0	0.0	0.0	0.0	0.0	0.0	0.0	0.0	0.0	0.0	0.0	0.0
GSM4138112_HNSCC_2_PBMC_TCGCGTTCAAGTACCT	178.41626725579542	0.0	0.0	9.449111024056347	122.86250203763512	25.174163702085245	129.08728554329554	26.370031524951287	139.98441723121965	0.0	0.0	0.0	0.0	0.0	0.0	0.0	0.0	0.0	0.0	0.0	0.0	0.0	0.0	0.0
GSM4138112_HNSCC_2_PBMC_TGGACGCTCTTTAGGG	139.52896204569996	76.43212915080889	0.0	143.30291630141053	31.440407600652637	51.45286061829333	120.1334701029199	0.0	0.0	0.0	0.0	0.0	0.0	0.0	0.0	0.0	0.0	0.0	0.0	0.0	0.0	0.0	0.0	0.0
GSM4138112_HNSCC_2_PBMC_TGGGAAGTCACATGCA	165.34233300641785	0.0	0.0	0.0	43.74264828020302	45.640476116455424	0.0	2.1039724297529894	0.0	0.0	101.9967191242656	135.14267566861488	0.0	80.93044263878721	0.0	79.82344950420094	0.0	0.0	0.0	0.0	0.0	0.0	0.0	0.0
GSM4138112_HNSCC_2_PBMC_TGGTTAGTCCAACCAA	158.6624095936683	0.0	0.0	0.0	221.7755652792881	43.722122104182255	232.4179775606203	0.0	0.0	0.0	0.0	9.650295497813453	0.0	0.0	0.0	0.0	0.0	0.0	0.0	0.0	0.0	0.0	0.0	0.0
GSM4138112_HNSCC_2_PBMC_TTCTCAAAGTGAAGTT	76.34910551366475	119.26280551382929	0.0	98.62005049442259	0.0	17.06762452525588	38.533186593816254	0.0	0.0	0.0	0.0	0.0	0.0	0.0	0.0	0.0	0.0	0.0	0.0	0.0	0.0	0.0	0.0	0.0
GSM4138112_HNSCC_2_PBMC_TTCTCAACAATAGAGT	220.02278419534318	0.0	219.601845244662	0.0	0.0	27.475541469573322	25.097879844565885	245.44087399964982	0.0	0.0	0.0	0.0	0.0	0.0	0.0	0.0	3.602049306934972	0.0	0.0	0.0	0.0	0.0	0.0	0.0
GSM4138112_HNSCC_2_PBMC_TTTATGCCATTTGCTT	177.8156774524996	0.0	0.0	105.69454669984111	0.0	17.871452626272742	126.77750057707846	0.0	82.63178982366992	0.0	0.0	0.0	0.0	0.0	0.0	0.0	0.0	0.0	0.0	0.0	0.0	0.0	0.0	0.0
GSM4138112_HNSCC_2_PBMC_GGACATTAGCAATATG	73.92277661909806	22.383729438024602	52.056154797622334	55.37185246443974	0.0	17.41284615878747	0.0	0.0	0.0	0.0	0.0	0.0	35.573650618789394	0.0	0.0	0.0	0.0	0.0	0.0	0.0	0.0	0.0	0.0	0.0
GSM4138112_HNSCC_2_PBMC_CGTCAGGTCGCCTGTT	104.48240998855461	0.0	0.0	117.05434726736097	0.0	13.636036435674947	0.0	0.0	142.86233859605292	0.0	0.0	0.0	12.142552601032493	0.0	0.0	0.0	0.0	0.0	0.0	0.0	0.0	0.0	0.0	0.0
GSM4138112_HNSCC_2_PBMC_GCTCCTAGTAAGCACG	118.08167311915372	0.33925577951864716	99.55700224133207	88.86948372368802	0.0	21.99725244484925	3.8944967238507533	0.0	0.0	0.0	0.0	0.0	0.0	0.0	0.0	0.0	0.0	0.0	0.0	0.0	0.0	0.0	0.0	0.0
GSM4138112_HNSCC_2_PBMC_TTAGGCATCATGCATG	95.28172189350842	0.0	99.43992186181846	0.0	0.0	3.6534061335913464	1.2594742008229027	79.66964332113922	0.0	0.0	0.0	0.0	0.0	0.0	0.0	0.0	0.0	0.0	0.48749233058214286	0.0	0.0	0.0	0.0	0.0
GSM4138112_HNSCC_2_PBMC_AAACCTGTCTTTCCTC	67.41424157836855	0.0	116.4975103453925	0.0	0.0	32.96714803068193	0.0	0.0	0.0	0.0	0.0	0.0	0.0	0.0	90.54898553616484	0.0	0.0	0.0	0.0	0.0	0.0	0.0	0.0	0.0
GSM4138112_HNSCC_2_PBMC_AATCGGTTCTGCAGTA	63.433464128276505	0.0	91.41558134202312	18.573239749633366	96.57924928052769	33.528299478714295	19.86000745766492	0.0	0.0	0.0	0.0	0.0	0.0	0.0	0.0	0.0	0.0	0.0	0.0	0.0	0.0	0.0	0.0	0.0
GSM4138112_HNSCC_2_PBMC_ACACTGAAGCCGCCTA	116.4782948544193	167.2633852836164	0.0	0.0	131.4889979997692	62.79518180629937	0.0	0.0	0.0	0.0	0.0	0.0	0.0	0.0	0.0	0.0	0.0	0.0	0.0	0.0	0.0	0.0	0.0	0.0
GSM4138112_HNSCC_2_PBMC_ACTTTCACAGCCTTTC	135.14560915970537	0.0	0.0	0.0	0.0	17.35710793439446	0.0	0.0	0.0	0.0	0.0	0.0	0.0	0.0	0.0	81.2957395063543	161.50445505940795	0.0	0.0	0.0	0.0	0.0	0.0	0.0
GSM4138112_HNSCC_2_PBMC_AGACGTTAGCCGTCGT	167.23289580106302	0.0	0.0	22.601000031167366	0.0	3.256459787755021	0.0	12.775139325748738	0.0	0.0	0.0	0.0	17.42935113217918	110.70736956696885	0.0	0.0	0.0	0.0	0.0	0.0	0.0	0.0	0.0	0.0
GSM4138112_HNSCC_2_PBMC_AGATCTGTCCCTCTTT	64.35260934202613	0.0	79.90182454500683	0.0	82.88298835280791	17.371694216765608	0.0	0.0	0.0	0.0	0.0	0.0	0.0	0.0	0.0	0.0	0.0	0.0	0.0	0.0	0.0	0.0	0.0	0.0
GSM4138112_HNSCC_2_PBMC_ATCGAGTAGGGATCTG	88.0269468993327	131.53862295750122	54.95762879421757	0.0	0.0	30.126300587177614	0.0	0.0	0.0	112.6378006773889	0.0	0.0	0.0	0.0	0.0	0.0	0.0	0.0	0.0	0.0	0.0	0.0	0.0	0.0
GSM4138112_HNSCC_2_PBMC_ATGCGATGTCAAAGCG	48.88471821017773	9.947735544048928	29.897060991142943	0.0	0.0	13.494891810233963	0.0	0.0	0.0	0.0	0.0	0.0	145.59790955399384	0.0	0.0	0.0	0.0	0.0	0.0	0.0	0.0	0.0	0.0	0.0
GSM4138112_HNSCC_2_PBMC_CAAGTTGCACCAGATT	110.01685195411983	52.78609629520557	161.29337350298678	109.20234744325619	35.89089680305107	34.488853348453084	0.0	0.0	0.0	0.0	0.0	0.0	0.0	0.0	0.0	0.0	0.0	0.0	0.0	0.0	0.0	0.0	0.0	0.0
GSM4138112_HNSCC_2_PBMC_CACATTTTCGCCCTTA	113.82301057491051	25.09148528859307	0.0	61.83729097679289	0.0	4.564642411142406	39.609662373984456	0.0	0.0	60.31374323968447	0.0	0.0	0.0	0.0	0.0	0.0	71.14258229516744	0.0	0.0	0.0	0.0	0.0	0.0	0.0
GSM4138112_HNSCC_2_PBMC_CAGCGACAGAATCTCC	223.43387920752374	0.0	273.01156718631916	108.32974558844047	62.203948665584534	39.02298420410886	0.0	0.0	0.0	0.0	0.0	0.0	0.0	0.0	0.0	0.0	0.0	0.0	0.0	0.0	0.0	0.0	0.0	0.0
GSM4138112_HNSCC_2_PBMC_CAGCTGGGTAAGTGGC	62.11999019960972	85.41777241763772	0.0	0.0	14.600347258720285	2.8392983421976474	0.0	32.35852313821728	0.0	0.0	0.0	0.0	0.0	0.0	0.0	0.0	0.0	0.0	0.0	0.0	0.0	0.0	0.0	0.0
GSM4138112_HNSCC_2_PBMC_CCAATCCTCAGTTGAC	61.427301272442115	91.28525460461248	0.0	92.10833253339565	0.28324628183863204	11.119944580000904	0.0	0.0	0.0	0.0	0.0	0.0	0.0	0.0	0.0	0.0	0.0	0.0	0.0	0.0	0.0	0.0	0.0	0.0
GSM4138112_HNSCC_2_PBMC_CCTCTGACACCTTGTC	213.94943502409143	0.0	0.0	0.0	211.38653329460564	38.92005965876139	0.0	0.0	0.0	0.0	0.0	262.1206816608362	0.0	0.0	0.0	0.0	0.0	0.0	0.0	0.0	0.0	0.0	0.0	0.0
GSM4138112_HNSCC_2_PBMC_CGATGTAAGTACGACG	147.45227147441653	116.01343291078985	0.0	0.0	30.025974427404183	15.676613236732695	46.12576579195106	61.745462045547136	0.0	0.0	0.0	0.0	0.0	0.0	0.0	0.0	0.0	0.0	0.0	0.0	0.0	0.0	0.0	0.0
GSM4138112_HNSCC_2_PBMC_CGTGTAAAGACTCGGA	102.93584948067233	16.801845058044826	137.63126281914916	105.99031753856345	0.0	28.27262684911492	0.0	0.0	0.0	0.0	0.0	0.0	0.0	0.0	0.0	0.0	0.0	0.0	0.0	0.0	0.0	0.0	0.0	0.0
GSM4138112_HNSCC_2_PBMC_CGTGTCTCACTTAACG	57.88952199254258	0.0	114.66504453941765	112.5428314178853	0.0	9.255330649892155	0.0	0.0	0.0	0.0	0.0	0.0	0.0	0.0	0.0	0.0	0.0	0.0	0.0	0.0	0.0	0.0	0.0	0.0
GSM4138112_HNSCC_2_PBMC_CTCCTAGTCAAACAAG	75.46784727469588	129.66132078080693	0.0	0.0	0.0	28.165443566353694	0.0	0.0	0.0	0.0	0.0	0.0	84.75802922077499	0.0	0.3009544202011843	0.0	0.0	12.97190415593792	0.0	0.0	0.0	0.0	0.0	0.0
GSM4138112_HNSCC_2_PBMC_GATGAGGAGGATGTAT	204.45828027681935	0.0	389.88312426275456	0.0	0.0	45.78961352845364	0.0	0.0	0.0	0.0	0.0	0.0	0.0	0.0	0.0	0.0	0.0	0.0	0.0	225.49697462420477	0.0	0.0	0.0	0.0
GSM4138112_HNSCC_2_PBMC_GTCGTAAAGAACTCGG	63.26793546944781	0.0	0.0	21.3958312138143	0.0	9.287704344916522	0.0	0.0	93.72291288049766	0.0	0.0	0.0	43.32701471201788	0.0	0.0	0.0	0.0	0.0	0.0	0.0	0.0	6.087441523395425	0.0	0.0
GSM4138112_HNSCC_2_PBMC_GTGAAGGGTACAGACG	84.41266354659862	163.48333084768555	0.0	49.46463638858092	45.01902855233875	19.89382184730233	0.0	0.0	0.0	0.0	0.0	0.0	0.0	0.0	0.0	0.0	0.0	0.0	0.0	0.0	0.0	0.0	0.0	0.0
GSM4138112_HNSCC_2_PBMC_TAAGTGCGTACCGCTG	101.34687077941237	0.0	152.3186344682033	80.94833481285598	35.46279020833557	12.30634211293953	0.0	0.0	0.0	0.0	0.0	0.0	0.0	0.0	0.0	0.0	0.0	0.0	0.0	0.0	0.0	0.0	0.0	0.0
GSM4138112_HNSCC_2_PBMC_TACTCATCAAAGGTGC	167.25367905941528	248.80191403180314	0.0	0.0	208.8125229590697	13.076898641715154	0.0	0.0	0.0	0.0	0.0	0.0	0.0	0.0	0.0	0.0	0.0	0.0	0.0	0.0	0.0	0.0	0.0	0.0
GSM4138112_HNSCC_2_PBMC_TATCTCACAATGGTCT	137.24009965718872	200.19071122874178	0.0	11.284120836651473	0.0	36.33758374822124	0.0	0.0	0.0	174.38994536312435	0.0	0.0	0.0	0.0	0.0	0.0	0.0	0.0	0.0	0.0	0.0	0.0	0.0	0.0
GSM4138112_HNSCC_2_PBMC_TCAGGATAGTAAGTAC	48.89826601772105	56.24408383655022	0.0	69.69434083690695	0.0	23.176491999632397	17.557067980922167	0.0	0.0	0.0	0.0	0.0	0.0	0.0	0.0	0.0	0.0	0.0	17.701718398789062	0.0	0.0	0.0	0.0	0.0
GSM4138112_HNSCC_2_PBMC_TCATTTGGTGACGGTA	104.38465273333176	109.28209018344464	95.99075025166196	8.607912945722411	88.88114479845427	17.152588816286467	3.593630730628615	0.0	0.0	0.0	0.0	0.0	0.0	0.0	0.0	0.0	0.0	0.0	0.0	0.0	0.0	0.0	0.0	0.0
GSM4138112_HNSCC_2_PBMC_TGATTTCAGCTAACAA	232.34254238549747	282.8873477362137	0.0	0.0	205.5228208744553	26.413929897329545	0.0	0.0	0.0	0.0	0.0	0.0	0.0	0.0	0.0	0.0	0.0	0.0	0.0	0.0	0.0	0.0	0.0	0.0
GSM4138112_HNSCC_2_PBMC_TGCCCATCATCCAACA	129.1059495383258	0.0	0.0	0.0	121.69790214067622	20.080848300862687	0.0	0.0	0.0	0.0	0.0	0.0	0.0	222.6926225775101	0.0	0.0	0.0	0.0	0.0	0.0	0.0	0.0	0.0	0.0
GSM4138112_HNSCC_2_PBMC_TGGGCGTTCGCATGGC	205.42398879059726	0.0	383.4329640521891	211.35932938060083	0.0	52.83289971332026	0.0	0.0	0.0	0.0	0.0	0.0	0.0	0.0	0.0	0.0	0.0	0.0	0.0	0.0	0.0	0.0	0.0	0.0
GSM4138112_HNSCC_2_PBMC_TTTGCGCGTTGGGACA	50.74154018835651	74.05826016829992	4.3169543749032755	35.195581684271744	0.0	12.718018650911876	0.0	0.0	0.0	0.0	0.0	0.0	0.0	0.0	0.0	0.0	0.0	0.0	0.0	0.0	0.0	0.0	0.0	0.0
GSM4138112_HNSCC_2_PBMC_ACACCGGGTATGCTTG	93.03515703770255	22.791991628170333	0.0	0.0	0.0	21.140073257550274	0.0	0.0	0.0	0.0	0.0	0.0	0.0	0.0	121.21588054219585	0.0	0.0	0.0	67.3034934466897	0.0	0.0	0.0	0.0	0.0
GSM4138112_HNSCC_2_PBMC_AGCAGCCAGGATGGTC	135.1410553800476	116.87711222885	0.0	55.92165814914932	27.18864189948075	9.138875735032782	0.0	0.0	0.0	0.0	0.0	0.0	0.0	0.0	0.0	0.0	0.0	0.0	0.0	0.0	0.0	0.0	0.0	0.0
GSM4138112_HNSCC_2_PBMC_ATAGACCGTTACTGAC	42.42065445504142	43.27912652592009	0.0	37.21335292627372	0.0	9.057349340842134	0.0	0.0	0.0	0.0	0.0	0.0	54.9288918706165	0.0	0.0	0.0	0.0	0.0	0.0	0.0	0.0	0.0	0.0	0.0
GSM4138112_HNSCC_2_PBMC_CAAGTTGTCCAAACAC	30.314581776778578	51.28450732016377	13.58415865180218	18.85192991969626	31.566505038669337	4.677627445457731	0.0	0.0	0.0	0.0	0.0	0.0	0.0	0.0	0.0	0.0	0.0	0.0	0.0	0.0	0.0	0.0	0.0	0.0
GSM4138112_HNSCC_2_PBMC_CATCCACAGTCGTACT	113.25922927966394	0.0	0.0	0.0	0.0	4.695034060171903	0.0	0.0	130.58248995895306	0.0	0.0	0.0	0.0	0.0	127.64588530730683	0.0	0.0	0.0	0.0	0.0	0.0	0.0	0.0	0.0
GSM4138112_HNSCC_2_PBMC_CCGTGGACATATACCG	132.6884051178109	121.18601362173743	44.49907415824803	0.0	0.0	23.20519027410268	0.0	141.04886723138	0.0	0.0	0.0	0.0	0.0	0.0	0.0	0.0	2.113018897993989	0.0	0.0	0.0	0.0	0.0	0.0	0.0
GSM4138112_HNSCC_2_PBMC_CCTCTGAGTTCGGGCT	94.36975819275222	0.0	155.69695451750513	0.0	25.001898755749945	26.025591059549175	0.0	48.03954720146662	0.0	0.0	0.0	0.0	0.0	0.0	0.0	0.0	0.0	0.0	0.0	0.0	0.0	0.0	0.0	0.0
GSM4138112_HNSCC_2_PBMC_CCTTCGATCGGCTTGG	97.44383523061366	127.59396232100133	0.0	0.0	98.8701664770653	38.87421475725465	0.0	0.0	0.0	0.0	0.0	0.0	0.0	0.0	0.0	0.0	0.0	0.0	0.0	0.0	0.0	0.0	0.0	0.0
GSM4138112_HNSCC_2_PBMC_CTGATAGCAAGAAAGG	85.02483055992269	0.0	0.0	0.0	0.0	11.044725171323735	0.0	0.0	0.0	27.89467369509921	81.47941472762116	0.0	40.22493010652416	0.0	0.0	0.0	0.0	0.0	0.0	0.0	0.0	0.0	0.0	0.0
GSM4138112_HNSCC_2_PBMC_GCCTCTATCATGTGGT	173.1715717474881	41.172062024818075	259.7583828802658	237.27473295601433	0.0	44.29030221082824	0.0	0.0	0.0	0.0	0.0	0.0	0.0	0.0	0.0	0.0	0.0	0.0	0.0	0.0	0.0	0.0	0.0	0.0
GSM4138112_HNSCC_2_PBMC_GGGATGACAAGCGATG	135.7972109669715	0.0	0.0	0.0	26.858457100916304	24.40069416413751	193.28898197614203	0.0	0.0	0.0	0.0	0.0	0.0	0.0	0.0	0.0	0.0	26.481932917933005	0.0	50.777323704094	0.0	0.0	0.0	0.0
GSM4138112_HNSCC_2_PBMC_GGGTTGCGTTTGGCGC	97.35261155940692	0.0	0.0	87.44722786923046	6.920519718639833	28.60306573848908	0.0	0.0	27.68997386579099	0.0	109.86887724174159	0.0	0.0	0.0	0.0	0.0	0.0	0.0	3.6093728414385358	0.0	0.0	0.0	0.0	0.0
GSM4138112_HNSCC_2_PBMC_GTCATTTTCACGCGGT	108.97798002700523	43.91428892695527	52.79802147952946	0.0	43.66486227653691	22.783522594748394	0.0	24.111094524529797	0.0	0.0	0.0	46.15656994767628	0.0	0.0	0.0	0.0	0.0	0.0	0.0	0.0	0.0	0.0	0.0	0.0
GSM4138112_HNSCC_2_PBMC_TCCCGATGTGCGATAG	107.79035883541043	0.0	95.74687747361375	43.44921518556312	0.0	5.445768723595004	0.0	0.0	0.0	0.0	0.0	0.0	0.0	0.0	0.0	0.0	0.0	0.0	0.0	0.0	0.0	0.0	0.0	0.0
GSM4138112_HNSCC_2_PBMC_TCGTACCTCAGCTCGG	177.63021093900514	32.21289149475842	0.0	0.0	0.0	41.42364222243055	45.66003420855245	0.0	0.0	0.0	0.0	0.0	183.43325230781844	0.0	0.0	0.0	83.53821099838746	0.0	53.54654869588343	0.0	0.0	0.0	0.0	0.0
GSM4138112_HNSCC_2_PBMC_TCTCATATCACAAACC	151.49520824125239	0.0	0.0	121.62983018168859	0.0	44.36456149529851	0.0	0.0	0.0	0.0	221.90053788702116	0.0	0.0	0.0	0.0	0.0	0.0	0.0	0.0	0.0	0.0	0.0	0.0	0.0
GSM4138112_HNSCC_2_PBMC_AACTGGTCATAACCTG	280.1327908249773	342.53991488820986	0.0	86.11963386729562	134.9182238095034	69.75151063086233	0.0	0.0	0.0	0.0	0.0	0.0	0.0	0.0	0.0	0.0	0.0	0.0	0.0	0.0	0.0	0.0	0.0	0.0
GSM4138112_HNSCC_2_PBMC_ACTGAACGTCTTGTCC	228.88343549065198	387.77205283548545	0.0	295.6476455113105	0.0	72.66051246392402	0.0	0.0	0.0	0.0	0.0	0.0	0.0	0.0	0.0	0.0	0.0	0.0	0.0	0.0	0.0	0.0	0.0	0.0
GSM4138112_HNSCC_2_PBMC_CGTCAGGCAGGAACGT	276.6699886987347	495.39976878135786	0.0	45.977155509594176	159.6034642058605	27.022419457398964	0.0	0.0	0.0	0.0	0.0	0.0	0.0	0.0	0.0	0.0	0.0	0.0	0.0	0.0	0.0	0.0	0.0	0.0
GSM4138112_HNSCC_2_PBMC_GAGGTGACAGGATCGA	146.69254871015175	0.0	222.9461163019646	0.0	158.61119419226472	36.1044012846039	0.0	0.0	0.0	0.0	0.0	0.0	0.0	0.0	0.0	0.0	0.0	0.0	0.0	0.0	0.0	0.0	0.0	0.0
GSM4138112_HNSCC_2_PBMC_GATCAGTAGCGATTCT	245.45350115928778	435.3241654444925	0.0	0.0	55.83170179744699	35.55338915620806	0.0	0.0	0.0	0.0	0.0	0.0	259.26913407724595	0.0	0.0	0.0	0.0	0.0	0.0	0.0	0.0	0.0	0.0	0.0
GSM4138112_HNSCC_2_PBMC_GCAAACTTCGTGGACC	319.1884763034026	0.0	0.0	0.0	0.0	75.19443803936929	0.0	0.0	0.0	0.0	442.24479067423624	0.0	0.0	50.3570326915744	0.0	0.0	0.0	0.0	0.0	330.5576161410867	0.0	0.0	0.0	0.0
GSM4138112_HNSCC_2_PBMC_GCATACAAGGCTACGA	236.22180271083428	0.0	18.88898508085655	293.2136744211544	47.76441741893528	52.21060942891917	0.0	0.0	0.0	0.0	0.0	0.0	37.11080657172126	0.0	0.0	0.0	402.7251750767264	0.0	0.0	0.0	0.0	0.0	1.1845588289081355	0.0
GSM4138112_HNSCC_2_PBMC_GCTTGAAAGGAATGGA	177.74701726502033	0.0	105.34900299956674	0.0	0.0	19.496222988284618	130.13591733717868	0.0	0.0	288.5663349084441	0.0	0.0	0.0	0.0	0.0	0.0	0.0	0.0	0.0	0.0	0.0	0.0	0.0	0.0
GSM4138112_HNSCC_2_PBMC_GTCATTTCAGCTCGAC	216.02643647182742	157.08783315871366	154.72479364199017	0.0	0.0	41.989866800087015	0.0	0.0	0.0	0.0	0.0	0.0	0.0	0.0	0.0	280.83506365410005	9.56484725768402	0.0	0.0	0.0	0.0	0.0	0.0	0.0
GSM4138112_HNSCC_2_PBMC_AATCGGTCAGGCAGTA	197.1833650751261	557.5308152196916	0.0	344.3178518196753	0.0	63.45462217782853	0.0	0.0	0.0	0.0	0.0	0.0	0.0	0.0	0.0	0.0	0.0	0.0	0.0	0.0	0.0	0.0	0.0	0.0
GSM4138112_HNSCC_2_PBMC_ACACCAAGTTCCCTTG	211.21805095740928	273.05880658135334	0.0	0.0	0.0	53.93800328224652	60.133919572300606	79.03934065473626	0.0	59.172053493947054	0.0	0.0	0.0	0.0	0.0	0.0	0.0	122.80801057389237	0.0	0.0	0.0	0.0	0.0	0.0
GSM4138112_HNSCC_2_PBMC_ACGTCAACAATAGCAA	368.4039980562574	0.0	100.41957646683701	117.44882867764224	127.29795344846383	92.17709432244284	0.0	0.0	236.45937836894373	0.0	0.0	0.0	152.03816556180186	0.0	0.0	0.0	0.0	0.0	0.0	0.0	0.0	0.0	330.62267200001145	0.0
GSM4138112_HNSCC_2_PBMC_ACTGCTCCACATGGGA	306.24177860471775	0.0	0.0	0.0	0.0	43.98615237809172	0.0	0.0	0.0	0.0	584.9808405178386	0.0	0.0	0.0	402.99724375999466	0.0	0.0	0.0	0.0	0.0	0.0	0.0	0.0	0.0
GSM4138112_HNSCC_2_PBMC_AGGGATGTCTCTTGAT	277.6674445153984	304.8175060389257	0.0	0.0	0.0	44.656658420160504	0.0	179.62860233343966	0.0	0.0	0.0	0.0	0.0	0.0	0.0	0.0	0.0	0.0	0.0	0.0	0.0	0.0	0.0	0.0
GSM4138112_HNSCC_2_PBMC_ATCTGCCTCGTGGACC	216.37653377933174	324.1802078512869	0.0	0.0	252.75895777902508	26.785583196819875	0.0	0.0	0.0	0.0	0.0	0.0	0.0	0.0	0.0	0.0	0.0	0.0	0.0	0.0	0.0	0.0	0.0	0.0
GSM4138112_HNSCC_2_PBMC_CCCAGTTTCACGCATA	271.8601922928058	624.2139048378442	0.0	0.0	0.0	65.58872070202726	0.0	0.0	0.0	0.0	0.0	0.0	0.0	0.0	0.0	400.55634863498386	0.0	0.0	0.0	0.0	0.0	0.0	0.0	0.0
GSM4138112_HNSCC_2_PBMC_CTGAAGTCACGAGAGT	288.291160253084	0.45074555466639965	0.0	146.0815395479289	145.1144534014821	34.606720954313595	0.0	0.0	0.0	0.0	0.0	209.52544134386204	0.0	0.0	0.0	0.0	0.0	0.0	254.96898787930195	0.0	0.0	0.0	0.0	0.0
GSM4138112_HNSCC_2_PBMC_CTGATAGCACCGCTAG	298.27259511350303	0.0	51.727467531437796	0.0	0.0	30.603449534153015	0.0	0.0	81.79307042931204	0.0	0.0	117.9451488087747	0.0	0.0	197.05665443882657	0.0	0.0	0.0	0.0	0.0	0.0	0.0	0.0	0.0
GSM4138112_HNSCC_2_PBMC_CTGCTGTGTCCGAACC	125.55399903337356	0.0	220.2528985186476	0.0	9.540904316093544	25.492957608619186	0.0	177.86917765049247	0.0	0.0	0.0	0.0	0.0	0.0	0.0	0.0	0.0	0.0	0.0	0.0	0.0	0.0	0.0	0.0
GSM4138112_HNSCC_2_PBMC_GACGGCTAGCGTAATA	249.08796168468007	458.5520850258995	0.0	0.0	0.0	64.56620433273962	0.0	346.49936231071166	0.0	0.0	0.0	0.0	0.0	0.0	0.0	0.0	0.0	0.0	0.0	0.0	0.0	0.0	0.0	0.0
GSM4138112_HNSCC_2_PBMC_GATCGTACAAGACACG	284.42722932636985	0.0	200.4649127869129	0.0	0.0	39.85175855779772	0.0	295.47619752663076	0.0	0.0	0.0	0.0	0.0	0.0	0.0	0.0	0.0	0.0	0.0	0.0	0.0	0.0	0.0	0.0
GSM4138112_HNSCC_2_PBMC_TAGACCAAGGCCGAAT	355.7738714905267	502.52094650304343	0.0	193.70150797832295	112.99821475562777	74.18722695684936	0.0	0.0	0.0	0.0	0.0	0.0	84.02018956865265	0.0	0.0	0.0	96.62094115478745	0.0	0.0	0.0	0.0	0.0	0.0	0.0
GSM4138112_HNSCC_2_PBMC_TGCGTGGTCACCTTAT	292.7031979880508	0.0	0.0	0.0	0.0	72.31654090366334	0.0	0.0	0.0	0.0	71.08942281748695	0.0	367.1206288863517	0.0	0.0	0.0	0.0	0.0	0.0	0.0	0.0	0.0	462.8434588164445	0.0
GSM4138112_HNSCC_2_PBMC_AAACCTGCATTATCTC	389.73653619582353	212.1779244620852	0.0	173.0195437488132	0.0	130.4680797058455	9.726385632946945	0.0	0.0	0.0	0.0	0.0	0.0	0.0	0.0	0.0	0.0	0.0	0.0	0.0	0.0	0.0	0.0	0.0
GSM4138112_HNSCC_2_PBMC_AACGTTGTCATGTCTT	424.8777944810447	0.0	0.0	176.97821049699982	0.0	126.37328669896918	0.0	0.0	0.0	0.0	0.0	0.0	0.0	0.0	0.0	0.0	0.0	0.0	0.0	0.0	318.12662478216737	0.0	0.0	0.0
GSM4138112_HNSCC_2_PBMC_AACTCTTGTATAGGTA	407.6920630819439	0.0	0.0	0.0	0.0	113.7926720080373	0.0	0.0	0.0	0.0	0.0	0.0	0.0	230.17291574590053	0.0	0.0	0.0	192.38578722778456	0.0	0.0	0.0	0.0	0.0	0.0
GSM4138112_HNSCC_2_PBMC_ACGATGTTCTGGTATG	358.5965772468847	272.7783546978339	0.0	156.20772481033973	0.0	122.37230014609858	0.0	0.0	0.0	0.0	0.0	0.0	0.0	0.0	0.0	0.0	0.0	0.0	0.0	0.0	0.0	0.0	0.0	0.0
GSM4138112_HNSCC_2_PBMC_ACTGAGTAGGAGTACC	385.55459487629093	286.8439146672032	0.0	0.0	129.56877284819083	131.3398411713366	0.0	0.0	0.0	0.0	0.0	0.0	0.0	0.0	0.0	7.316365712101843	0.0	0.0	0.0	0.0	0.0	0.0	0.0	0.0
GSM4138112_HNSCC_2_PBMC_AGCATACCAAAGGCGT	337.8778833878843	0.0	0.0	151.96939294348564	0.0	100.29802372107488	0.0	0.0	0.0	0.0	288.98045270882983	0.0	0.0	0.0	0.0	0.0	0.0	0.0	0.0	0.0	0.0	0.0	0.0	0.0
GSM4138112_HNSCC_2_PBMC_ATCATGGGTCAAAGAT	360.233082583406	206.84560562794206	0.0	0.0	40.24532081473861	114.82594868136185	0.0	86.51676154655146	0.0	0.0	0.0	0.0	0.0	0.0	0.0	0.0	0.0	0.0	0.0	0.0	0.0	0.0	0.0	0.0
GSM4138112_HNSCC_2_PBMC_ATCCGAACATAACCTG	284.7139187795306	168.23447960552627	0.0	0.0	0.0	91.78420522551697	0.0	0.0	40.48956159153998	0.0	0.0	0.0	0.0	0.0	0.0	0.0	0.0	0.0	0.0	0.0	0.0	179.88061812272326	0.0	0.0
GSM4138112_HNSCC_2_PBMC_ATGAGGGAGACTAGGC	242.95064657204696	174.74697669432055	0.0	0.0	51.96422439943628	65.44964174991487	0.0	0.0	0.0	0.0	0.0	0.0	0.0	0.0	0.0	0.0	0.0	64.72437617390443	0.0	0.0	0.0	0.0	0.0	0.0
GSM4138112_HNSCC_2_PBMC_CAGCTGGGTACCATCA	206.64432545671016	141.84064631878192	0.0	36.55279941083322	19.016151115464933	55.8385322717221	0.0	26.625716929813063	0.0	4.314650148213489	0.0	0.0	0.0	0.0	0.0	0.0	0.0	40.216720870147284	0.0	0.0	0.0	0.0	0.0	0.0
GSM4138112_HNSCC_2_PBMC_CATCCACAGCGTCAAG	336.9934847530276	205.8598696869387	0.0	252.02314591784022	0.0	118.64818052963071	68.47955666713405	0.0	0.0	0.0	0.0	0.0	96.4960950324242	0.0	0.0	0.0	67.16538568958484	0.0	121.70482356126242	0.0	0.0	0.0	0.0	0.0
GSM4138112_HNSCC_2_PBMC_CCGTTCATCTGTGCAA	390.4941289283527	265.35931655382467	0.0	200.25232410229958	0.0	158.51335785353314	0.0	0.0	0.0	0.0	0.0	0.0	0.0	0.0	0.0	0.0	0.0	0.0	0.0	0.0	0.0	0.0	0.0	0.0
GSM4138112_HNSCC_2_PBMC_CGGTTAAAGCAATCTC	327.0996718879291	0.0	0.0	0.0	0.0	162.15431495340346	0.0	0.0	131.7987335250517	0.0	0.0	0.0	0.0	0.0	0.0	0.0	0.0	174.82356543917055	0.0	0.0	0.0	0.0	0.0	0.0
GSM4138112_HNSCC_2_PBMC_CTTCTCTCAGAGCCAA	370.87138693618846	332.044835406074	0.0	315.9040621591067	0.0	82.81063408925787	42.2443321954978	0.0	0.0	0.0	0.0	0.0	0.0	0.0	0.0	0.0	0.0	0.0	131.25557888018602	0.0	0.0	0.0	0.0	0.0
GSM4138112_HNSCC_2_PBMC_GCACATACAATGAAAC	483.74035395019945	0.0	366.65074545936466	176.4894581934321	0.0	96.1243933108795	0.0	0.0	0.0	0.0	0.0	0.0	0.0	0.0	0.0	0.0	0.0	0.0	0.0	0.0	0.0	0.0	0.0	0.0
GSM4138112_HNSCC_2_PBMC_GCTCCTAAGTGAAGTT	369.7410078357142	218.4936441352196	0.0	0.0	0.0	152.6247128340086	0.0	0.0	0.0	0.0	0.0	0.0	0.0	0.0	0.0	0.0	0.0	193.58517139261522	0.0	0.0	0.0	0.0	0.0	0.0
GSM4138112_HNSCC_2_PBMC_GCTGGGTGTTTCGCTC	382.8234935467078	243.01794920024687	0.0	0.0	0.0	94.68402577917004	0.0	143.34397579990573	0.0	0.0	0.0	0.0	0.0	0.0	0.0	0.0	0.0	0.0	0.0	0.0	0.0	0.0	0.0	0.0
GSM4138112_HNSCC_2_PBMC_GGATGTTGTGTCGCTG	336.6716356966402	0.0	0.0	0.0	0.0	124.21467655319309	0.0	0.0	0.0	96.35288672107409	0.0	285.77822089231336	0.0	0.0	0.0	0.0	0.0	0.0	0.0	0.0	0.0	0.0	0.0	0.0
GSM4138112_HNSCC_2_PBMC_GGCGACTTCTTGTTTG	326.91151547164264	277.31364854516056	0.0	0.0	175.24537077082917	131.35330779311042	0.0	0.0	0.0	0.0	0.0	0.0	0.0	0.0	0.0	0.0	0.0	0.0	0.0	0.0	0.0	0.0	0.0	0.0
GSM4138112_HNSCC_2_PBMC_GGCTCGATCATTGCGA	0.0	0.0	0.0	0.0	0.0	1463.8749592956688	0.0	0.0	0.0	0.0	0.0	0.0	0.0	0.0	0.0	0.0	0.0	0.0	0.0	0.0	0.0	0.0	0.0	0.0
GSM4138112_HNSCC_2_PBMC_GTGTTAGGTCTCAACA	311.1373543645462	105.35171269398707	43.46069077387586	152.3211849880739	0.0	117.32610682718166	0.0	0.0	101.87109760493475	0.0	0.0	0.0	0.0	0.0	0.0	0.0	0.0	0.0	0.0	0.0	0.0	0.0	0.0	0.0
GSM4138112_HNSCC_2_PBMC_TCAATCTCAGGTTTCA	343.76816207303403	0.0	226.8549622618628	0.0	0.0	256.99001930187956	0.0	65.45549055579411	0.0	0.0	0.0	0.0	0.0	0.0	0.0	0.0	0.0	0.0	0.0	0.0	0.0	0.0	0.0	0.0
GSM4138112_HNSCC_2_PBMC_TCACGAAGTGACGCCT	436.8029472595342	0.0	0.0	0.0	184.2291172987047	121.20705631897629	0.0	0.0	286.607297109612	0.0	0.0	0.0	0.0	0.0	0.0	0.0	0.0	0.0	0.0	0.0	0.0	0.0	0.0	0.0
GSM4138112_HNSCC_2_PBMC_TGCGCAGTCCAAGTAC	425.3638593075942	284.3186863109385	0.0	0.0	0.0	140.0025324273111	0.0	0.0	8.432439304028192	222.70133611787332	0.0	0.0	0.0	0.0	0.0	0.0	0.0	0.0	0.0	0.0	0.0	0.0	0.0	0.0
GSM4138112_HNSCC_2_PBMC_TTCTCCTAGTACGTTC	444.49497000239353	220.90333594446446	0.0	202.3345164983772	0.0	108.13611805385374	0.0	0.0	0.0	0.0	0.0	0.0	0.0	0.0	0.0	0.0	0.0	0.0	0.0	0.0	0.0	0.0	0.0	0.0
GSM4138112_HNSCC_2_PBMC_TTTACTGAGACTGTAA	3508.3442288470474	0.0	0.0	0.0	0.0	0.0	0.0	0.0	0.0	0.0	0.0	0.0	0.0	0.0	0.0	0.0	0.0	0.0	0.0	0.0	0.0	0.0	0.0	0.0
GSM4138112_HNSCC_2_PBMC_AGCAGCCTCCGTAGGC	0.0	0.0	0.0	0.0	0.0	0.0	0.0	0.0	0.0	272.8633165840195	0.0	0.0	3178.718337590478	0.0	9.843031660058754	0.0	0.0	0.0	0.0	0.0	0.0	0.0	0.0	0.0
GSM4138112_HNSCC_2_PBMC_CAGCGACAGACACGAC	0.0	25.053404916618135	0.0	0.0	0.0	0.0	0.0	0.0	8.666333471548386	0.0	4443.1544459035695	10.586076969186825	0.0	0.0	0.0	0.0	0.0	0.0	7.966924600900966	0.0	0.0	0.0	0.0	0.0
