	1	2	3	4	5	6	7	8	9	10	11	12
GSM4138112_HNSCC_2_PBMC_AACCGCGAGGGCTCTC	0.0	177.94999774175312	58.703072005755416	38.22745550845749	0.0	0.0	50.92300434287352	0.0	28.577171454339293	63.16577814936082	0.0	0.0
GSM4138112_HNSCC_2_PBMC_AGCCTAAAGAGGGCTT	0.0	130.68162450034345	0.0	114.9417620766302	0.0	17.421561415782598	0.0	0.0	38.97277611284072	52.03659609788024	0.0	0.0
GSM4138112_HNSCC_2_PBMC_ATAGACCTCTACGAGT	0.0	59.81716023242775	74.07119728474916	0.0	77.6687928269609	0.0	42.960380367343994	0.0	174.57728022209963	0.0	0.0	0.0
GSM4138112_HNSCC_2_PBMC_CAGCGACCAGGGAGAG	124.28039971021157	0.0	54.939421940645445	20.10350135130611	22.05622286711907	29.10252197621278	0.0	0.0	41.716655257085	0.0	39.251182303611266	0.0
GSM4138112_HNSCC_2_PBMC_CCTAGCTAGACACTAA	111.4229204325548	0.0	0.0	121.02608848488104	56.638172499716305	41.25577120400012	0.0	29.68853853142975	7.276148050650121	0.0	0.0	0.0
GSM4138112_HNSCC_2_PBMC_CGCGTTTCACGGACAA	0.0	89.69061988597429	7.292493678976661	90.70380284845731	80.23543121247616	0.0	25.572588906417412	25.36782785772133	0.0	0.0	0.0	0.0
GSM4138112_HNSCC_2_PBMC_CGTGTCTCATTCCTCG	123.83337485688001	0.0	32.120218186921456	72.37023841482146	0.0	0.0	63.79403480427306	68.8019771810228	0.0	31.412536355880373	0.0	0.0
GSM4138112_HNSCC_2_PBMC_CTAACTTCATAGACTC	76.53475835764061	52.961279194399715	169.48106401019155	0.0	22.71238406231939	0.0	25.06268769607851	48.54742560211265	0.0	43.09670020021765	0.0	0.0
GSM4138112_HNSCC_2_PBMC_CTAACTTGTAGCGCTC	85.47665010343776	0.0	0.0	72.63393132202167	52.447303055172945	58.24858188767658	0.0	56.67203695686643	0.0	0.0	0.0	0.0
GSM4138112_HNSCC_2_PBMC_GAATGAATCTTACCTA	180.3583145069977	0.0	0.0	155.8670891609046	0.0	71.72563054374831	0.0	208.8781555361819	0.0	0.0	103.04804576284263	0.0
GSM4138112_HNSCC_2_PBMC_GATTCAGTCCATGCTC	251.67720816901846	0.0	0.0	208.1901265660944	157.10232561039325	52.727572506832395	1.4222748538197658	250.94769063058234	0.0	0.0	0.0	0.0
GSM4138112_HNSCC_2_PBMC_GCTGCGACACGCCAGT	121.31358889436451	0.0	91.5951478373449	0.0	47.971781422111256	34.22780763682526	0.0	21.63145770189532	0.0	0.0	52.439677187295395	0.0
GSM4138112_HNSCC_2_PBMC_GGATTACGTCCGAACC	81.27957189580435	4.634385913623103	55.10503949691796	0.0	123.9026899686948	0.0	25.931533582645425	0.0	95.39276785402707	0.0	0.0	0.0
GSM4138112_HNSCC_2_PBMC_GGGAATGAGAAACGAG	0.0	223.916230730152	0.0	207.47797782052797	0.0	0.0	94.46749643088044	185.87403772496685	236.68547414544707	0.0	109.65698586745515	0.0
GSM4138112_HNSCC_2_PBMC_GTCGGGTTCACCCTCA	0.0	146.06527353466967	15.867975362694878	0.0	0.14140890882503088	31.61647039802823	0.0	0.0	323.9465359443136	0.0	43.913939036608845	0.0
GSM4138112_HNSCC_2_PBMC_GTTCATTAGGGAACGG	92.86237209897877	0.0	110.86349598684474	0.0	59.50746930357523	0.0	56.515767653545566	54.65969394164126	0.0	0.0	0.0	0.0
GSM4138112_HNSCC_2_PBMC_GTTCTCGCATCCGCGA	67.88564917425636	54.24173069598327	75.87099993400341	55.97982923832959	53.43159579127408	0.0	64.98070416072683	41.26248999496952	0.0	0.0	0.0	0.0
GSM4138112_HNSCC_2_PBMC_GTTTCTACATACCATG	139.50862464684838	0.0	0.0	75.96339577581976	0.0	0.0	42.23862969609537	0.0	0.0	58.75006111296887	0.0	53.41708320576865
GSM4138112_HNSCC_2_PBMC_TACCTTAAGACAGAGA	69.25880821229391	58.433202605825585	116.62388781678006	0.0	3.0303915888723085	0.0	21.280151745777633	0.0	48.83240669490588	74.75731496156693	0.0	0.0
GSM4138112_HNSCC_2_PBMC_TACGGGCCAGACAGGT	18.098702816678358	87.15794053667558	0.0	65.80854185557912	0.0	34.69771173516547	0.0	0.0	77.70641257755639	0.0	56.91764991607063	73.76843539765899
GSM4138112_HNSCC_2_PBMC_TACTCATTCACAGGCC	0.0	169.5299440828938	91.71877362604091	0.0	0.0	0.0	21.255696110573574	33.09671017599746	0.0	50.345634723880316	0.0	0.0
GSM4138112_HNSCC_2_PBMC_TGAAAGAGTTCCACAA	176.93124217159954	0.0	42.97064890688819	0.0	0.0	0.0	100.10617936380012	0.0	615.215825138838	152.2539789854683	0.0	0.0
GSM4138112_HNSCC_2_PBMC_TGCTACCTCAAGAAGT	0.0	122.58194935946617	59.83498082342639	33.163793521245466	5.409840418999003	0.0	102.3737240342572	22.983329647378188	0.0	35.24845159184792	0.0	0.0
GSM4138112_HNSCC_2_PBMC_TGTGTTTTCCCTTGTG	0.0	93.53298139285262	184.5107757800743	0.0	0.0	0.0	72.00539767451492	267.1171947600642	0.0	0.0	37.63202161238779	0.0
GSM4138112_HNSCC_2_PBMC_TTCTTAGAGTATCTCG	0.0	105.07299121371959	3.5850173092281703	48.7845450898345	0.0	29.763331946032565	0.0	71.60183820166526	0.0	130.526128690399	0.0	0.0
GSM4138112_HNSCC_2_PBMC_TTGAACGCAATCTGCA	76.98326609785116	65.9692704151519	85.97982496367949	0.0	0.0	21.175671389357547	0.0	0.0	28.635664294145798	92.41148019082205	0.0	0.0
GSM4138112_HNSCC_2_PBMC_TTGACTTTCACAGGCC	113.70729204970615	0.0	98.41873281052644	4.498586083405408	96.7610307668399	20.099356281524052	0.0	18.236609326672134	0.0	0.0	0.0	0.0
GSM4138112_HNSCC_2_PBMC_TTGACTTTCCTTTACA	108.99086557165973	0.0	99.88265011254204	0.0	5.49475517181947	0.0	74.87544449885584	36.076963586406414	0.0	0.0	30.285160069457085	0.0
GSM4138112_HNSCC_2_PBMC_TTTCCTCTCGTAGATC	0.0	97.94297792562378	0.0	120.30097594545778	0.0	32.57326919000544	0.0	0.0	31.22976476792964	0.0	40.2562899215025	25.61655420394839
GSM4138112_HNSCC_2_PBMC_AAACCTGAGCGAGAAA	153.94640367436213	0.0	131.24780062470447	0.0	0.0	0.0	54.33472803745508	53.267456176126366	0.0	0.0	55.167839568460195	0.0
GSM4138112_HNSCC_2_PBMC_AAAGATGAGCAGACTG	345.96606611714805	0.0	0.0	254.1310730720573	160.76064954449885	80.72993773790907	0.0	18.940167928984508	58.33537992899999	0.0	0.0	0.0
GSM4138112_HNSCC_2_PBMC_AACTGGTAGTCGATAA	0.0	143.47642860971584	0.0	103.88398173997975	95.90927322670781	0.0	36.873792561626	69.069518822382	0.0	0.0	0.0	0.0
GSM4138112_HNSCC_2_PBMC_AACTTTCTCCCTTGCA	0.0	137.28001064970564	0.0	151.5892365251239	62.90465497249156	0.0	44.30746264968414	15.744195648095566	0.029319853216749726	0.0	0.0	1.518828129135134
GSM4138112_HNSCC_2_PBMC_AAGGTTCAGTGTCCAT	128.58530719814175	0.0	0.0	101.75097819814064	59.68234828524822	67.33373293440225	0.0	19.04376374362671	0.0	0.0	0.0	0.0
GSM4138112_HNSCC_2_PBMC_AATCCAGTCAGAGGTG	176.89323156154185	0.0	0.0	113.50820316479275	0.0	17.516354683712077	0.0	19.646067846698404	0.0	0.0	110.2262515547014	0.0
GSM4138112_HNSCC_2_PBMC_AATCGGTGTCGACTAT	256.7025023820595	0.0	243.16051848286824	0.0	81.67651623335944	0.0	88.43961652717707	0.0	112.5945921241712	39.22344922839891	51.281293279154525	0.0
GSM4138112_HNSCC_2_PBMC_ACACCAAAGTGGAGAA	142.17515765920197	0.8160080376559431	120.32071234147344	0.0	79.30515428702246	0.0	76.7724188364606	44.11626108340743	0.0	0.0	0.0	0.0
GSM4138112_HNSCC_2_PBMC_ACAGCCGGTCTGGTCG	0.0	168.45257283433358	0.0	121.05617547159953	47.22151902741857	0.0	110.90053374374583	14.04202269917508	94.6971886081993	0.0	0.0	0.0
GSM4138112_HNSCC_2_PBMC_ACATGGTTCAACGGCC	0.0	104.47189484619763	0.0	127.71271315410812	0.0	11.61581061817496	0.0	0.0	0.0	0.0	130.94359570650417	0.0
GSM4138112_HNSCC_2_PBMC_ACGAGCCTCCAGTATG	105.3346878274611	0.0	0.0	101.62023800341515	101.47324451520838	0.0	84.19121170214018	14.281835646675267	35.90578294796142	0.0	0.0	0.0
GSM4138112_HNSCC_2_PBMC_ACGAGGACATGCCTTC	127.28902570656635	97.37044591662404	0.0	71.5534847041295	68.96337697987565	37.40555106176246	0.0	0.0	58.52054899171321	0.0	0.0	0.0
GSM4138112_HNSCC_2_PBMC_ACGCAGCAGCGTCTAT	0.0	313.40461210262913	0.0	173.40655775795054	71.38543451704714	0.0	109.95542665418579	58.631126463778365	0.0	0.0	0.0	0.0
GSM4138112_HNSCC_2_PBMC_ACGGAGAGTCTACCTC	0.0	69.91598225785089	0.0	97.5917190730258	115.46462856393063	58.04751552701525	0.0	0.0	25.46221344224413	0.0	0.0	0.0
GSM4138112_HNSCC_2_PBMC_ACGGGTCCATGGAATA	268.15478745260253	0.0	0.0	115.14104265327704	127.21532298131973	0.0	66.73085346244252	28.897251501569887	101.05088209303067	0.0	0.0	0.0
GSM4138112_HNSCC_2_PBMC_ACTGAACAGTACGTAA	286.13144286756	0.0	0.0	142.6342270196921	0.0	73.37902783799625	0.0	82.17143489245494	0.0	0.0	122.5591713035141	0.0
GSM4138112_HNSCC_2_PBMC_ACTGATGGTTACCAGT	0.0	114.468736083642	0.0	98.763868261556	59.25384663001059	40.68605680811442	0.0	27.562780353785584	24.18052103734866	0.0	0.0	0.0
GSM4138112_HNSCC_2_PBMC_ACTGTCCCACATCTTT	106.92722936305486	146.3119419135775	0.0	179.93465878479515	170.36643859632963	0.0	53.672976147786265	0.0	30.307743258835877	0.0	0.0	49.86566748295506
GSM4138112_HNSCC_2_PBMC_ACTTACTCATGACATC	0.0	136.6479115460242	0.0	109.01792474780045	78.01180979996496	0.0	62.959353127984485	9.065263134719128	42.8329821192286	0.0	0.0	0.0
GSM4138112_HNSCC_2_PBMC_AGCAGCCCAGTCGATT	0.0	243.7200993583935	193.57089229832775	6.8928167935707165	119.25365230663054	0.0	130.53738006175382	0.0	94.95642706315805	0.0	0.0	0.0
GSM4138112_HNSCC_2_PBMC_AGCGTATGTACGCTGC	135.27988343076137	0.0	0.0	93.3883299562349	28.362360543472967	84.85698876233617	0.0	71.87404612857766	0.0	0.0	0.0	0.0
GSM4138112_HNSCC_2_PBMC_AGCTCTCCACTGTGTA	262.5172094949468	35.21950778816308	0.0	151.4207926293876	128.12679520599065	59.13242246851331	0.0	72.06373894592925	0.0	0.0	0.0	0.0
GSM4138112_HNSCC_2_PBMC_AGCTCTCGTCTAGTGT	119.5984025336884	26.42635813438949	0.0	158.46875964182962	0.0	0.0	69.20744548986343	61.12948014444787	0.0	181.610074515436	0.0	0.0
GSM4138112_HNSCC_2_PBMC_AGGGTGAAGAGCTATA	0.0	179.43119954137612	71.42204254174453	0.0	0.0	0.0	39.03781069697764	20.008456727160855	0.0	57.78109033741096	0.0	0.0
GSM4138112_HNSCC_2_PBMC_AGGGTGACACATTTCT	194.64465440577328	1.3220604772635502	0.0	107.28282728152247	0.0	24.91821318922811	0.0	0.0	0.0	0.0	63.543453954122825	78.18643387563496
GSM4138112_HNSCC_2_PBMC_AGTAGTCTCTTCAACT	0.0	121.37460829787662	25.14727366209297	79.05347913373093	0.0	0.0	43.90582407412272	0.0	0.5942098495840085	46.66359780791018	0.0	29.75986324984961
GSM4138112_HNSCC_2_PBMC_AGTGTCAAGATGTCGG	0.0	94.98019505326273	35.61525699660515	84.62201307472421	0.0	41.339077090187914	0.0	28.467234685028473	0.0	50.49192268962789	0.0	0.0
GSM4138112_HNSCC_2_PBMC_ATAACGCGTGCCTGGT	48.883968871351804	230.19000002509225	31.00585749128119	0.0	0.0	96.66537422520979	0.0	828.8771757810728	0.0	0.0	127.63768668091693	0.0
GSM4138112_HNSCC_2_PBMC_ATAACGCTCATTTGGG	0.0	242.4792245815385	0.0	144.59061805508958	2.573850328813031	0.0	58.08050596978357	55.10415155269712	0.0	0.0	91.71502420140422	0.0
GSM4138112_HNSCC_2_PBMC_ATAAGAGCAGAGCCAA	0.0	266.65850888008015	0.0	122.93906138504046	0.0	140.19779543702666	0.0	70.39062625857636	40.23933657300218	0.0	74.29244440968365	0.0
GSM4138112_HNSCC_2_PBMC_ATAGACCAGCAAATCA	266.5859371683635	0.0	0.0	96.00139369559054	41.39029845879492	0.0	82.08262619636216	20.51308153459508	0.0	0.0	0.0	7.835059487605542
GSM4138112_HNSCC_2_PBMC_ATCACGACAGTGGAGT	96.71763258441513	0.0	0.0	89.21872398578077	0.0	0.0	70.33136473512396	0.0	29.658007760979093	74.11000589276503	0.0	0.0
GSM4138112_HNSCC_2_PBMC_ATCCGAACAAGTAATG	0.0	114.85206837368851	99.0961096353609	0.0	0.0	0.0	46.63478663880855	22.10842101731389	0.0	0.0	44.369791576866646	0.0
GSM4138112_HNSCC_2_PBMC_ATCGAGTAGAAACGAG	0.0	202.48247738358236	0.0	180.69286187392805	0.0	120.16891971869546	0.0	0.0	60.64028018928982	0.0	93.16543483133898	0.0
GSM4138112_HNSCC_2_PBMC_ATCTGCCCACCACGTG	169.45077212939873	0.0	0.0	135.4091495086157	45.40034662103629	88.47767045001294	0.0	54.85411964470889	0.0	0.0	0.0	0.0
GSM4138112_HNSCC_2_PBMC_ATGCGATGTTCCTCCA	0.0	160.2396537611197	0.0	111.80232464311243	43.58428462846224	51.17433238085801	0.0	58.59373728949229	0.0	0.0	32.89536040653155	0.0
GSM4138112_HNSCC_2_PBMC_ATTATCCAGACAATAC	170.8723832591951	0.0	0.0	63.128691687840636	128.54293485368416	32.98065012074016	0.0	0.0	0.0	19.60554616344617	0.0	75.12271045769647
GSM4138112_HNSCC_2_PBMC_ATTTCTGCAGGTTTCA	0.0	158.15104199544197	118.14602588334132	0.0	0.0	0.0	29.708222318825356	54.69341625875534	0.0	52.039983319481635	0.0	0.0
GSM4138112_HNSCC_2_PBMC_CAACCTCCAACAACCT	87.50329137071995	0.0	32.12980173694592	32.36000803302648	0.0	0.0	52.710986802784966	46.38877130103486	0.0	74.06715690109847	0.0	0.0
GSM4138112_HNSCC_2_PBMC_CAAGAAACAAGTCTAC	281.85321887438545	0.0	100.04945211333812	0.0	0.0	0.0	97.90326117141068	4.136460111724122	0.0	32.174700708512255	15.02254257433694	0.0
GSM4138112_HNSCC_2_PBMC_CAAGGCCGTAGCTCCG	173.9812185928107	0.0	0.0	113.89635768490436	96.46738370380984	0.0	48.38161408394845	27.413342478112376	0.0	1.603616976493759	0.0	36.475058294972484
GSM4138112_HNSCC_2_PBMC_CAAGTTGAGCAGCGTA	40.3728539561972	41.97479270682827	0.0	65.90207250753785	0.0	0.0	71.6073260907928	22.859663948550793	15.88231376804981	27.705033933156404	0.0	0.0
GSM4138112_HNSCC_2_PBMC_CACCACTCACAGGTTT	180.32871408574937	0.0	0.0	123.12800279623839	0.0	97.80517718307459	0.0	67.0808979441654	13.818147157172747	0.0	86.48363739224853	0.0
GSM4138112_HNSCC_2_PBMC_CAGAGAGGTGGCCCTA	147.07816783648704	23.636836054019927	0.0	72.53268891105718	63.16021269816876	55.19998151297989	0.0	0.0	9.953458756351537	0.0	0.0	0.0
GSM4138112_HNSCC_2_PBMC_CAGCAGCCAATCACAC	155.21491829936127	0.0	0.0	146.5335269740643	63.117325029036415	67.64547608184442	0.0	0.0	0.0	0.0	0.0	90.96071564924407
GSM4138112_HNSCC_2_PBMC_CAGCATAAGAAGAAGC	0.0	105.37993847947418	0.0	60.56342675803136	0.0	19.817483867624432	0.0	0.0	84.43440427169236	47.31362012277856	0.0	0.0
GSM4138112_HNSCC_2_PBMC_CAGCTAAAGGACACCA	0.0	164.8941713295533	0.0	152.70693938443162	60.663675440943564	0.0	75.36516554331443	0.0	44.467670326106415	0.0	0.0	0.0
GSM4138112_HNSCC_2_PBMC_CAGCTGGGTCCAGTTA	68.51003773253954	239.4858916796324	0.0	203.03088817322865	76.21596174377625	0.0	101.40314475909982	19.81063152859498	0.0	0.0	90.20774886312905	75.05318194093817
GSM4138112_HNSCC_2_PBMC_CATCGAAAGAAGGGTA	15.519490862644341	103.43280109439266	84.30097901178692	0.0	0.0	0.0	30.416192145451948	0.0	0.0	47.69683676129381	0.0	67.75971730415294
GSM4138112_HNSCC_2_PBMC_CATGCCTTCTGGTGTA	277.42500026698457	0.0	63.51504563931043	181.88053256283098	132.80315850093174	31.63785241138297	88.94682854383389	0.0	107.01541103648756	0.0	0.0	0.0
GSM4138112_HNSCC_2_PBMC_CATTATCAGCAGATCG	162.42249118431928	17.877986062708253	84.77580989310243	0.0	60.49214210240455	0.0	48.94005602726335	33.58312006060581	0.0	0.0	0.0	0.0
GSM4138112_HNSCC_2_PBMC_CCATTCGAGCGATATA	0.0	232.18790864740262	12.556579984594107	94.634667424368	95.02046120154186	0.0	135.8000123760712	0.0	143.55563395275806	0.0	0.0	0.0
GSM4138112_HNSCC_2_PBMC_CCATTCGGTGTGAATA	159.20663859631074	0.0	0.0	136.52122615276141	99.48768973677883	0.0	57.64764799102232	76.30062252251886	0.0	0.0	0.0	0.0
GSM4138112_HNSCC_2_PBMC_CCCAATCCACACATGT	222.99103163279293	0.0	177.01881717595367	22.03729428843554	0.0	0.0	109.96023154425954	101.62677013252717	0.0	117.56855320250112	0.0	0.0
GSM4138112_HNSCC_2_PBMC_CCCAATCTCAACACCA	80.33750228727396	62.24391962472387	109.4748430474951	0.0	0.0	0.0	38.687043508469095	0.0	53.16202887259449	64.10379147454525	0.0	0.6076648212108032
GSM4138112_HNSCC_2_PBMC_CCCTCCTAGACAAGCC	0.0	111.51544820383018	0.0	93.66463381823736	0.0	35.07284957226028	0.0	0.0	61.50272303105971	0.0	37.764619571267474	0.0
GSM4138112_HNSCC_2_PBMC_CCTCAGTCACCAGATT	163.52012181920404	0.0	0.0	117.25653681845081	0.0	47.65579774748663	0.0	0.0	39.65015792013042	38.737187496446694	0.0	0.0
GSM4138112_HNSCC_2_PBMC_CCTCTGACACTCAGGC	163.4382092365519	0.0	0.0	130.58185418148446	59.953623731169706	62.600601183429816	0.0	27.31120217581811	0.0	0.0	0.0	0.0
GSM4138112_HNSCC_2_PBMC_CCTTACGGTGTGACCC	0.0	260.7534584215428	0.0	135.9113379111939	0.0	109.35737148042438	0.0	9.916801338293844	0.0	0.0	113.40257727138	63.951013775798465
GSM4138112_HNSCC_2_PBMC_CCTTCCCTCCAATGGT	0.0	127.79623087831833	116.20479659685515	0.0	0.0	0.0	49.736357862834765	37.29848966413231	0.0	95.75691755132522	0.0	0.0
GSM4138112_HNSCC_2_PBMC_CGAGAAGGTGCCTGTG	159.00537323857944	0.0	0.0	126.57990260584256	0.0	46.91232811465582	0.0	81.71119639670569	0.0	0.0	79.65036639500788	0.0
GSM4138112_HNSCC_2_PBMC_CGAGCCAAGGTCATCT	0.0	103.51213099080154	0.0	74.38639183229444	20.440366672506578	0.0	55.41983054217249	0.0	75.29520236844427	0.0	0.0	0.0
GSM4138112_HNSCC_2_PBMC_CGATCGGAGTACATGA	0.0	123.74932885805957	0.0	129.6781719063308	68.70165423338851	0.0	49.6018907036675	58.53898665631888	0.0	0.0	0.0	0.0
GSM4138112_HNSCC_2_PBMC_CGCCAAGCAATGACCT	195.71057437370598	4.063172741438529	0.0	148.3991029852738	0.0	54.05401678444326	0.0	506.6667764053026	0.0	0.0	86.71952512768787	0.0
GSM4138112_HNSCC_2_PBMC_CGCCAAGGTCCGCTGA	0.0	421.04964012488335	158.41003979617815	75.1800390245264	0.0	0.0	105.1403172280016	102.42628915230384	0.0	147.71839129477928	0.0	0.0
GSM4138112_HNSCC_2_PBMC_CGCTGGAAGTACCGGA	108.20591905998012	0.0	0.0	74.46504223588852	69.70510553908518	37.26351130142447	0.0	12.51202670684075	78.47836197780751	0.0	0.0	0.0
GSM4138112_HNSCC_2_PBMC_CGCTTCATCCGCGGTA	298.80264605403727	0.0	0.0	246.78793974520005	184.29154416781324	0.0	98.35573835065999	95.07119220732899	0.0	0.0	0.0	0.0
GSM4138112_HNSCC_2_PBMC_CGGACACGTTCAGTAC	181.7147911598703	0.0	0.0	171.06177235596638	17.079783231253135	0.0	72.10389435534924	0.0	81.14996854724345	0.0	45.118983805157924	0.0
GSM4138112_HNSCC_2_PBMC_CGGACGTTCCAAGTAC	108.89929024023691	74.28517777027996	7.747692459462406	146.76132064841988	94.26897067109506	70.51542904540426	0.0	88.69144607279632	0.0	0.0	0.021086186213999384	0.0
GSM4138112_HNSCC_2_PBMC_CGTAGGCGTGTCTGAT	104.52148825299926	0.9974692956576086	5.054042158515148	44.0625674452908	55.1401758969472	42.89632804773103	0.0	0.0	0.0	0.0	0.0	32.970705800255494
GSM4138112_HNSCC_2_PBMC_CGTTGGGCAAAGAATC	84.50533453499716	22.86891851757395	0.0	86.05284303639566	0.0	21.111896967220975	0.0	0.0	0.0	0.0	28.76501173831019	99.7312229058366
GSM4138112_HNSCC_2_PBMC_CTAAGACAGATGAGAG	0.0	121.17872046476552	0.0	103.01035900112217	0.0	0.0	41.648065162756545	4.622385946143331	0.0	74.81704981770382	0.0	64.75088228638629
GSM4138112_HNSCC_2_PBMC_CTACACCAGTGGACGT	252.89468856580416	0.0	0.0	184.6472091882772	56.5138451138902	115.10127956891199	0.0	40.109217242699884	0.0	0.0	0.0	0.0
GSM4138112_HNSCC_2_PBMC_CTACGTCGTCTTGCGG	0.0	202.94209800113256	15.637918819314459	118.29114723205353	0.0	0.0	64.88793993528547	87.83924387214367	9.206727838499166	104.84924396431883	0.0	0.0
GSM4138112_HNSCC_2_PBMC_CTCATTATCATCGGAT	171.11729005509306	0.0	146.42118524382474	0.0	0.0	0.0	35.30274550076449	41.30242729948638	0.0	128.1115425230909	0.0	0.0
GSM4138112_HNSCC_2_PBMC_CTCGAGGAGAAGGTGA	152.88906155334502	0.0	0.0	107.40163397084136	0.0	0.0	39.871513955140756	0.0	42.15194597148824	72.67838542388363	0.0	0.0
GSM4138112_HNSCC_2_PBMC_CTCGGGAGTACTCTCC	349.04551664046	0.0	0.0	159.04485663569497	52.33287280410515	110.47790263172176	0.0	67.1214473524811	0.0	0.0	29.516430037822964	0.0
GSM4138112_HNSCC_2_PBMC_CTGATAGGTTACGCGC	135.56352565619162	28.299705826987026	0.0	117.66429580960816	109.95208945591884	0.0	70.40203700293051	0.0	43.758222742718125	0.0	0.0	0.0
GSM4138112_HNSCC_2_PBMC_CTGCCTAAGCCTCGTG	0.0	230.20975256417316	0.0	119.91054313419589	0.0	0.0	38.424234965645596	0.0	56.99086490764692	104.9474162194942	0.0	0.0
GSM4138112_HNSCC_2_PBMC_CTGCGGAGTCATTAGC	58.58322059363445	115.15372038600533	0.0	121.194666593629	0.0	50.0830364099732	0.9374195276165911	5.156322751105955	34.829992397263055	0.0	31.55580025310191	0.0
GSM4138112_HNSCC_2_PBMC_CTTAACTCACGGTTTA	191.82876472174888	0.0	0.0	155.7865331976152	173.19917569665347	110.30419635605784	0.0	54.535012379001316	0.0	0.0	0.0	17.112165197282277
GSM4138112_HNSCC_2_PBMC_CTTCTCTTCGAGGTAG	163.4896136196875	71.7154906143987	0.0	149.39855309858848	0.0	0.0	61.52646635645802	60.899685208719184	27.091796189262315	0.0	87.88890426841802	0.0
GSM4138112_HNSCC_2_PBMC_CTTTGCGCACACTGCG	134.66047225951846	0.0	0.0	99.2381522946293	90.63059505054268	42.722165779125575	0.0	11.803981671294636	0.0	0.0	0.0	11.949137686344956
GSM4138112_HNSCC_2_PBMC_GAAACTCAGGAATGGA	0.0	166.61255729536626	0.0	126.30674881368341	44.875375433793586	0.0	84.99564535638537	0.0	0.0	0.0	0.0	51.62351925440883
GSM4138112_HNSCC_2_PBMC_GAATAAGGTCTCGTTC	0.0	278.9109341415965	86.12889286078612	81.31650155651491	74.96684926090158	2.180156027535885	93.22559672588335	144.06398157549478	0.0	0.0	0.0	0.0
GSM4138112_HNSCC_2_PBMC_GAATGAAGTGTCGCTG	0.0	335.8439097791049	0.0	225.3055181554138	0.0	125.54200058904694	0.0	0.0	130.5600437906596	0.0	111.2057174230879	0.0
GSM4138112_HNSCC_2_PBMC_GACACGCGTGGTTTCA	210.0556289697747	0.0	131.02075050421078	15.996929996394192	0.0	0.0	47.44672367538599	0.0	17.34721546360285	69.29252474776591	0.0	0.0
GSM4138112_HNSCC_2_PBMC_GACAGAGTCTGTTTGT	0.0	106.0564472230786	0.0	162.48532017670044	0.0	67.12767099764794	0.0	15.3523461900532	0.0	0.0	40.15597266644192	0.0
GSM4138112_HNSCC_2_PBMC_GACCAATAGCCCAGCT	161.92391673877418	0.0	0.0	60.2998970031114	0.0	78.1653589195764	0.0	7.4886221448849	99.90412914221615	0.0	69.23592904875676	0.0
GSM4138112_HNSCC_2_PBMC_GACTACAGTGCAACGA	52.609280347811	66.23147582807243	0.0	93.81296894316337	73.48165578314098	0.0	93.35788093812022	0.0	37.59972131460042	0.0	0.0	0.0
GSM4138112_HNSCC_2_PBMC_GACTGCGCATACTCTT	0.0	176.93550433958484	0.0	81.99859531314739	93.59371342510512	47.165412165950364	13.18651512778991	22.835326668555116	57.506925423797625	0.0	0.0	0.0
GSM4138112_HNSCC_2_PBMC_GATCGATCACGTGAGA	236.7695713078361	11.648948383955794	0.0	170.01439137023428	0.0	0.0	67.85671335557402	59.367313857775656	0.0	2.5427544582687744	76.36747377934043	0.0
GSM4138112_HNSCC_2_PBMC_GATCGCGAGGTGGGTT	176.27635303806588	0.0	0.0	126.14069733447953	72.87848926087162	0.0	82.85407633060296	0.0	0.0	0.0	0.0	29.597474674809018
GSM4138112_HNSCC_2_PBMC_GATTCAGGTAGCGCAA	276.6637333598529	0.0	0.0	157.39372331071718	0.0	78.63021639247461	0.0	0.0	74.888811078774	0.0	93.59498698754179	0.0
GSM4138112_HNSCC_2_PBMC_GCACATAGTTCACCTC	133.76661419381227	0.0	0.0	89.07790467822934	59.830810729391004	49.37045880310953	0.0	32.56993890420682	0.0	0.0	0.0	0.0
GSM4138112_HNSCC_2_PBMC_GCAGTTAAGGCTAGAC	0.0	196.7890154119387	0.0	201.31132628636232	0.0	0.0	73.96257750335403	52.42574889341537	13.951769717803757	137.69660164705044	0.0	0.0
GSM4138112_HNSCC_2_PBMC_GCATACACACGGCGTT	0.0	276.4156032204999	33.18733733906029	182.49182158358312	103.687809564216	0.0	92.78007061138229	0.0	31.966878848948777	0.0	0.0	50.59965684164085
GSM4138112_HNSCC_2_PBMC_GCATACACAGCAGTTT	143.17567941421447	0.0	113.8128959695887	0.0	48.617130386433125	0.0	22.816127596556964	0.0	33.73330263038077	0.0	0.27580447110554746	0.0
GSM4138112_HNSCC_2_PBMC_GCATGATCACCGATAT	0.0	284.94184140975864	0.0	108.03808528121007	74.86087820090576	65.50126328120595	0.0	0.0	86.64110283992699	0.0	0.0	0.0
GSM4138112_HNSCC_2_PBMC_GCATGATCACTGTTAG	149.80137736247744	0.0	0.0	131.79505623873104	43.332901977263575	37.72494796140121	0.0	44.79430513033154	0.0	0.0	41.112009884256835	0.0
GSM4138112_HNSCC_2_PBMC_GCATGATCATCACCCT	0.0	98.6431338156225	124.79225544283346	0.0	49.93127128247558	66.59804487855017	0.0	0.0	44.89062635296835	0.0	0.0	0.0
GSM4138112_HNSCC_2_PBMC_GCATGCGAGCTGATAA	207.77092123284214	0.0	185.34945399143749	0.0	126.84993885457976	0.0	73.55370196866463	0.0	40.38202637560489	0.0	0.0	0.0
GSM4138112_HNSCC_2_PBMC_GCATGCGCAATCGGTT	0.0	125.46406506154038	0.0	153.40997012442585	13.66357358036293	113.1989552356527	0.0	9.802298709073098	0.0	0.0	0.0	0.0
GSM4138112_HNSCC_2_PBMC_GCGACCAGTCATTAGC	0.0	304.7257111879383	0.0	263.37856908812034	0.0	0.0	117.79288134758374	73.43263384297622	0.0	0.0	143.16885152119877	0.0
GSM4138112_HNSCC_2_PBMC_GCGAGAATCGCCTGAG	188.95498412477022	0.0	132.05460669498578	0.0	110.46783686917216	76.84282515723649	0.0	0.0	76.6877791383925	0.0	0.0	0.0
GSM4138112_HNSCC_2_PBMC_GCTCTGTCACGGTAAG	110.02684845611883	0.0	0.0	103.79086679417892	0.0	0.0	100.29686342040134	23.004832727581935	0.0	23.30238237369341	34.298913953136186	0.0
GSM4138112_HNSCC_2_PBMC_GCTGCAGAGTGCCATT	0.0	124.57537070323183	74.19461366245982	0.0	66.14979815392189	0.0	73.19363368449109	6.932497387823497	66.01562803328824	0.0	0.0	0.0
GSM4138112_HNSCC_2_PBMC_GGACAAGGTAGATTAG	0.0	370.6631645544016	11.720428618219488	178.45014484614794	167.52307755857794	0.0	74.44240099002026	0.0	3.2733124072006494	0.0	0.0	129.07066702775484
GSM4138112_HNSCC_2_PBMC_GGAGCAAAGATGGGTC	276.1996923786064	0.0	188.19868582638622	0.0	0.0	0.0	95.12383924743375	79.26497452471821	0.0	130.07804547461043	0.0	0.0
GSM4138112_HNSCC_2_PBMC_GGCAATTTCATCATTC	0.0	198.0354492063716	0.0	145.15563332253956	47.3592140469563	0.0	67.84008132191943	30.861891900387832	59.40557618014332	0.0	0.0	0.0
GSM4138112_HNSCC_2_PBMC_GGGCACTCAATGGACG	102.33530331691615	102.57647212701129	152.8846283154794	42.62679754248166	165.34354673076115	0.0	55.75012248578848	100.03493859417694	0.0	0.0	0.0	0.0
GSM4138112_HNSCC_2_PBMC_GGGTTGCGTACATCCA	10.131600901742111	131.83171699124117	77.24154093162122	52.87287844651781	0.0	0.0	50.75795729429478	80.1030123302444	0.0	89.96795668094217	0.0	0.0
GSM4138112_HNSCC_2_PBMC_GTAACGTGTATAATGG	141.10174254325136	0.0	78.9319115984448	12.536730037097575	70.67277561104285	0.0	53.80445295785243	39.860558159766555	0.0	32.92322092228946	0.0	0.0
GSM4138112_HNSCC_2_PBMC_GTCCTCAAGCTCCCAG	0.0	105.91396210169351	55.3049202706661	67.61214088053674	44.8005159450549	134.57976145657662	0.0	0.0	18.657021875124457	0.0	0.0	0.0
GSM4138112_HNSCC_2_PBMC_GTCCTCAGTAGCGTAG	114.44345507624914	0.0	0.0	98.56189094813647	27.489839876870438	0.0	53.652295107870366	12.231935870713064	39.5485126142913	0.0	0.0	0.0
GSM4138112_HNSCC_2_PBMC_GTCCTCAGTGCGGTAA	220.55323589507722	0.0	0.0	141.24641544620098	21.699428079350216	71.82622468084514	0.0	0.0	75.97423026854408	50.07681738100967	0.0	0.0
GSM4138112_HNSCC_2_PBMC_GTCGGGTGTAAGTGGC	0.0	223.8723866246656	0.0	216.04495450222532	0.0	0.0	83.61302925734626	57.79958844586973	0.0	88.35890646201236	0.0	0.0
GSM4138112_HNSCC_2_PBMC_GTCGTAAAGTACACCT	208.5725934397506	0.0	0.0	109.54368610459142	95.80744527282643	0.0	55.197178687480786	0.0	52.98041858552497	0.0	0.0	0.0
GSM4138112_HNSCC_2_PBMC_GTGGGTCTCTTAACCT	0.20897662596343441	338.4054909643547	314.6928866206623	0.0	105.87514192910197	0.0	174.3529547207194	93.18237458529131	35.884899941	52.152523646720375	0.0	0.0
GSM4138112_HNSCC_2_PBMC_GTGTGCGAGCCGCCTA	0.0	190.7170038379746	0.0	180.44689677943526	102.51476830902782	55.01309709847108	20.433098104472943	0.0	30.650348722735803	20.833164546557335	0.0	0.0
GSM4138112_HNSCC_2_PBMC_GTTCTCGAGTAACCCT	0.0	262.4260920169407	0.0	148.88717711497512	65.50622161017769	71.86988282464833	0.0	68.55724624220585	0.0	0.0	0.0	0.0
GSM4138112_HNSCC_2_PBMC_TAAGCGTCAGACGCCT	0.0	159.17680400082853	139.23757807912477	0.0	0.0	8.520123979775661	25.07499976892802	42.56787249344143	0.0	159.24804488106759	0.0	0.0
GSM4138112_HNSCC_2_PBMC_TACGGTATCAGCCTAA	0.0	282.0678319495104	0.0	183.65503392994032	0.0	102.18913819553435	0.0	42.727557748337375	0.0	0.0	91.00631043117227	0.0
GSM4138112_HNSCC_2_PBMC_TAGCCGGGTTCATGGT	186.7413560745364	0.0	100.09225372850416	0.0	0.0	0.0	24.426589041831004	0.0	34.25167380667105	35.204091319627935	0.0	0.0
GSM4138112_HNSCC_2_PBMC_TAGTGGTAGGATGGAA	244.00631841510372	0.0	105.66481852003648	0.0	0.0	0.0	14.60293011678968	38.93254213717948	0.0	59.116887839220446	0.0	0.0
GSM4138112_HNSCC_2_PBMC_TAGTTGGGTCCATGAT	166.9714479564037	38.26834240820713	0.0	267.55163936384025	0.0	0.0	72.98560183780963	173.85547656139798	0.0	189.02969832163168	0.0	0.0
GSM4138112_HNSCC_2_PBMC_TATTACCCAGCTGTAT	0.0	346.7810706840176	45.97802227980392	281.55523200453564	0.0	0.0	128.7011459761938	0.0	115.24295843594886	188.6892696080868	0.0	0.0
GSM4138112_HNSCC_2_PBMC_TCATTTGGTGTGGTTT	264.6735722371895	0.0	0.0	188.95881787049734	37.328966548645326	117.22255446857444	0.0	0.0	75.3011212838268	0.0	42.11291385716069	0.0
GSM4138112_HNSCC_2_PBMC_TCATTTGGTTGGAGGT	154.96306984094454	0.0	110.71497931901933	0.0	69.135622232439	0.0	40.48586980934567	0.0	60.19915968228744	0.0	0.0	0.0
GSM4138112_HNSCC_2_PBMC_TCTCATAGTCTGCGGT	244.4967273739253	0.0	0.0	198.2800317064027	0.0	83.85198719743362	0.0	0.0	58.40724093183848	0.0	69.55891422945032	0.0
GSM4138112_HNSCC_2_PBMC_TCTCATAGTTTGTGTG	143.72921588260962	0.0	0.0	73.81971286658941	64.58331025358243	73.06168856786404	0.0	100.17474637117581	0.0	0.0	0.0	0.0
GSM4138112_HNSCC_2_PBMC_TCTTTCCTCGAGAGCA	129.53003170961972	0.0	0.0	142.089446694745	7.749757799783612	0.0	71.81130962624738	46.41868870891766	0.0	0.0	43.30868532406199	0.0
GSM4138112_HNSCC_2_PBMC_TGAAAGATCACGCGGT	113.07502580963728	0.0	0.0	80.64114959802204	12.869736712830633	62.686902072786864	0.0	40.94749470268475	0.0	0.0	0.0	0.0
GSM4138112_HNSCC_2_PBMC_TGACTAGAGAAACCTA	298.53893505311254	26.43823623263433	0.0	266.63839591751906	135.5039136341586	190.59559036547162	0.0	0.0	85.81826204109548	0.0	0.0	0.0
GSM4138112_HNSCC_2_PBMC_TGACTTTAGGATATAC	114.42709739687832	0.0	0.0	145.46115755058227	37.026237714021654	0.0	86.82282304959327	14.505863955627474	42.88315588309582	51.49539620969442	0.0	0.0
GSM4138112_HNSCC_2_PBMC_TGCACCTTCTAGCACA	38.189939460578856	30.66913495469631	0.0	92.49297709968376	0.0	0.0	60.90109573073176	28.044612837737347	30.543212148181727	57.3169612515778	0.0	0.0
GSM4138112_HNSCC_2_PBMC_TGCCCTACACTGAAGG	265.6137549676886	0.0	0.0	178.69530905810814	0.0	0.0	51.21488418584999	52.359075168253	0.0	59.30448935863957	65.28987832555966	0.0
GSM4138112_HNSCC_2_PBMC_TGCCCTAGTAGCCTCG	251.2115032877493	0.0	0.0	122.88260778768712	147.32071482090532	87.7706108102679	0.0	6.575423231777429	48.63250786751499	0.0	0.0	0.0
GSM4138112_HNSCC_2_PBMC_TGCCCTAGTTTCGCTC	77.11764591776151	62.02056381492098	0.0	188.57796151335015	49.63971947733829	0.0	73.70212413163605	0.0	44.56748294303995	0.0	0.0	0.0
GSM4138112_HNSCC_2_PBMC_TGCGGGTTCACATACG	200.26937038762267	0.0	0.0	156.4644170289129	112.49733292372191	121.9410232324104	0.0	0.0	41.80927404270883	0.0	0.0	0.0
GSM4138112_HNSCC_2_PBMC_TGGCGCATCTGCCCTA	0.0	159.40578369182833	68.8975261688701	34.785401161356724	31.03719429191363	0.0	42.33887748076207	0.0	42.9426079438889	0.0	0.0	0.0
GSM4138112_HNSCC_2_PBMC_TGGGAAGAGAAACGAG	179.76969396697484	0.0	36.16203549013979	109.33418237111934	59.82294364288453	0.0	88.80832583882713	9.482937574190107	23.874792240818238	0.0	0.0	0.0
GSM4138112_HNSCC_2_PBMC_TGGTTAGAGGCCGAAT	0.0	151.9438348156939	0.0	37.28390484533989	74.84608867990654	93.79169498622512	0.0	0.0	24.532776606665013	0.0	0.0	0.0
GSM4138112_HNSCC_2_PBMC_TGGTTAGCATTAACCG	0.0	188.04059605963312	0.0	88.03178361214333	48.55765543916569	45.64657955038314	0.0	0.0	68.9287679125095	0.0	0.0	0.0
GSM4138112_HNSCC_2_PBMC_TTAGGACTCTATCCTA	157.21579137761552	149.09239145177156	196.21593530899025	0.0	110.38117241975306	0.0	93.35243981897938	0.0	49.781534602072206	43.063551851937824	0.0	0.0
GSM4138112_HNSCC_2_PBMC_TTCCCAGCAAGTCATC	283.99629478700547	0.0	277.79653516203314	7.678119972714087	11.091743439434135	0.0	79.2698977859515	0.0	127.82641560024791	120.93907785525158	0.0	0.0
GSM4138112_HNSCC_2_PBMC_TTCGAAGAGGCTATCT	13.950905227697813	114.92152629959968	0.0	95.39469104834767	84.84946248910995	18.091306646198486	0.0	43.27323964823422	0.0	0.0	0.0	0.0
GSM4138112_HNSCC_2_PBMC_TTCTACATCCTCATTA	298.4664744415666	0.0	0.0	226.5142478539362	97.1353602697022	0.0	99.5889418962588	66.07528817351609	0.0	0.0	0.0	0.0
GSM4138112_HNSCC_2_PBMC_TTCTCAAAGGCTCAGA	0.0	300.9712077582418	0.0	173.4677979084838	116.06466216851858	49.60586762383576	0.0	72.32624176388768	0.0	0.0	0.0	0.0
GSM4138112_HNSCC_2_PBMC_TTGCCGTGTCAGATAA	20.51793736758863	104.68168921035881	24.797688068494733	45.09627093512188	8.838262575778979	0.0	67.28473390278833	32.955707997097655	0.0	61.39678097045521	0.0	0.0
GSM4138112_HNSCC_2_PBMC_TTGGAACCAGTCTTCC	0.0	85.27059554853324	82.47239675040825	0.0	101.05459831507915	29.59171901777593	0.0	0.0	30.774102787048196	0.0	0.0	0.0
GSM4138112_HNSCC_2_PBMC_TTGGCAAAGATGTGGC	35.52758745231125	54.28832212221674	25.543109602987563	76.05216203865649	0.0	0.0	69.0794054036724	30.314545328818937	0.0	71.20011360947292	0.0	0.0
GSM4138112_HNSCC_2_PBMC_TTGGCAAGTTCCCTTG	0.0	249.55437961278201	0.0	102.6628902465411	89.72509710800335	0.0	56.700814022678756	39.6842806021664	0.0	0.0	0.0	0.0
GSM4138112_HNSCC_2_PBMC_TTTATGCGTACCTACA	0.0	84.50383152348554	30.363864785386077	63.38154291272731	0.0	0.0	35.97318789577531	64.98810438503199	0.0	43.948049196975425	0.0	0.0
GSM4138112_HNSCC_2_PBMC_TTTGTCATCCGTACAA	28.548090712692108	254.80973672042234	0.0	168.22032874136136	0.0	62.56998620057744	0.0	72.81766388624507	0.0	0.0	59.90409624322382	0.0
GSM4138112_HNSCC_2_PBMC_AAATGCCTCCGTTGTC	0.0	382.5373013365352	281.3365709357989	0.0	190.38025423808665	133.4941589629516	0.0	0.0	148.86397239070138	0.0	0.0	0.0
GSM4138112_HNSCC_2_PBMC_AACACGTCACACGCTG	0.0	387.4533839469776	22.831220338791592	274.01415968014277	251.69083086798537	153.39350053858396	0.0	0.0	104.56259505284471	0.0	0.0	0.0
GSM4138112_HNSCC_2_PBMC_AACTCTTCATGAACCT	72.84783575193683	273.476826359679	129.36421495422314	124.53488483256906	0.0	91.42275724364873	0.0	0.0	92.73032357354211	0.0	121.96949368211415	0.0
GSM4138112_HNSCC_2_PBMC_AACTCTTTCGCATGGC	397.7535981013945	0.0	313.64396695199065	0.0	250.84377420550337	116.67428719415955	0.0	95.0794416505128	58.135676808198355	0.0	0.0	0.0
GSM4138112_HNSCC_2_PBMC_AAGACCTCAACTGCGC	17.406622073609558	446.5647678393077	247.13782045976433	21.6814671925752	32.69103228061235	185.32179482667257	0.0	0.0	110.05470190142536	0.0	126.72212851925805	0.0
GSM4138112_HNSCC_2_PBMC_AAGCCGCCACGCCAGT	0.0	341.3895217046245	0.0	214.6949755379821	107.57999985306837	172.054895060351	0.0	0.0	115.40243919432358	0.0	0.0	0.0
GSM4138112_HNSCC_2_PBMC_AAGCCGCGTGCGGTAA	296.2055792206373	0.0	173.68016754464068	0.0	178.89448348644498	57.029476856174426	26.264112955655296	80.59979088404225	0.0	0.0	0.0	0.0
GSM4138112_HNSCC_2_PBMC_AAGGTTCGTGTAAGTA	0.0	224.56501926299796	148.67419786181503	0.0	68.92715299080656	0.0	70.21899914312546	0.0	56.41314204181499	0.0	0.0	0.0
GSM4138112_HNSCC_2_PBMC_ACGAGCCAGAGGTTGC	334.8842610343926	45.101230390960644	0.0	164.32865697410446	0.0	119.66710713505468	0.0	169.9340402079448	0.0	0.0	154.43342548717953	0.0
GSM4138112_HNSCC_2_PBMC_ACTGCTCGTCTCCCTA	409.0995109166875	0.0	333.16818607827935	0.0	111.67905019326419	150.83719766022816	0.0	46.41956090457121	0.0	0.0	0.0	0.0
GSM4138112_HNSCC_2_PBMC_ACTGCTCTCTGCCCTA	348.9693942872963	0.0	0.0	306.5835676545709	243.04903544824217	136.19930668914316	0.0	82.54162962499815	0.0	0.0	0.0	0.0
GSM4138112_HNSCC_2_PBMC_ACTTACTCAATTGCTG	70.08991821063495	301.39712125135947	219.68915867156556	0.0	124.47490140489649	105.64847488951126	0.0	81.52443385722785	0.0	0.0	2.8626695309263206	0.0
GSM4138112_HNSCC_2_PBMC_AGCAGCCCAAACTGCT	0.0	323.6475899908645	0.0	286.3754399455366	0.0	62.175246779155366	0.0	0.0	48.80288480797681	0.0	179.44355339746576	0.0
GSM4138112_HNSCC_2_PBMC_AGCGTCGCAAATACAG	83.89956926578398	289.53552141096594	240.79326302331978	0.0	208.64008031209065	0.0	80.42633340473265	0.0	41.255762456206185	15.460917555356776	0.0	0.0
GSM4138112_HNSCC_2_PBMC_AGTTGGTGTACTTGAC	0.0	237.72043065091785	176.78491783504637	0.0	0.0	0.0	86.17245130118494	85.22424774574525	9.789388512125758	72.58111850582674	0.0	0.0
GSM4138112_HNSCC_2_PBMC_ATCCGAATCTGCTTGC	0.0	272.95653450199615	209.76872381354238	63.29132511196145	212.12747895287904	103.18373470295518	0.0	107.33607604704835	6.4916100693831496	0.0	0.0	0.0
GSM4138112_HNSCC_2_PBMC_ATCGAGTTCTGGAGCC	276.5731674090518	7.900096406517631	0.0	262.19127912507804	158.41535626555955	134.72990605328647	0.0	75.02868423430215	0.0	0.0	0.0	0.0
GSM4138112_HNSCC_2_PBMC_ATGAGGGCATCTATGG	398.35631643561146	0.0	286.593296519247	0.0	127.28784149544462	0.0	196.9396560063574	143.8834762174506	0.0	0.0	21.514817327036912	0.0
GSM4138112_HNSCC_2_PBMC_ATTACTCGTTGGTTTG	286.3705707765314	0.0	0.0	241.6669589577515	110.68117772915203	150.97399185477715	0.0	68.78539733613984	14.326026273235014	0.0	0.0	0.0
GSM4138112_HNSCC_2_PBMC_ATTCTACCAGACTCGC	0.0	467.27827459927676	0.0	216.35749506685548	185.11359918777742	106.39349105728272	0.0	110.83911835070752	0.0	0.0	0.0	0.0
GSM4138112_HNSCC_2_PBMC_ATTGGTGCAGTAAGCG	314.67400926176975	0.0	0.0	226.9427865440044	157.7997772148854	138.39213973738512	0.0	57.4263007604596	0.0	0.0	0.0	0.0
GSM4138112_HNSCC_2_PBMC_CAACTAGTCTAGCACA	0.0	214.5281868086788	89.05027257139336	0.0	118.75155812009812	62.78989571981309	0.0	19.653889679490142	115.22673805572671	0.0	0.0	0.0
GSM4138112_HNSCC_2_PBMC_CACATAGAGTTCGCAT	0.0	341.48746514964716	255.69379138468992	0.0	0.0	66.99298999411424	0.0	66.48579530655849	34.93540830116294	0.0	130.88322797729433	0.0
GSM4138112_HNSCC_2_PBMC_CAGCGACAGCCACGTC	31.848847401427	319.3220727470315	24.772511272608607	191.01053390068316	160.122135177082	71.20687699098917	0.0	66.8160454396742	0.0	0.0	0.0	0.0
GSM4138112_HNSCC_2_PBMC_CAGCTAACAAGGCTCC	0.0	467.3858152885065	305.5941982155014	0.0	0.0	0.0	106.42984560365733	90.22887053592564	0.0	216.52302188701975	0.0	0.0
GSM4138112_HNSCC_2_PBMC_CATATTCTCATAACCG	0.0	381.091608641585	306.80657890439437	0.0	245.74106849876804	16.21085232387214	139.99989920159643	0.0	184.41926494027817	0.0	0.0	0.0
GSM4138112_HNSCC_2_PBMC_CATGGCGTCGCACTCT	0.0	284.28023488869326	156.2481580373169	32.99570045058416	94.60988486196578	95.18540194987776	0.0	67.33054507056565	71.26203859689838	0.0	0.0	0.0
GSM4138112_HNSCC_2_PBMC_CATTATCCAGTCGATT	102.77307679841564	188.7708402573999	258.97404628104624	0.0	0.0	0.0	96.6172204555582	129.0811925376826	0.0	146.38540068837364	0.0	0.0
GSM4138112_HNSCC_2_PBMC_CATTATCGTACGAAAT	0.0	310.85869541974716	256.44991664205475	0.0	36.4608632863035	29.22072267663612	36.73420902799628	89.81233658517016	0.0	84.0386414414331	32.66224895554215	0.0
GSM4138112_HNSCC_2_PBMC_CATTATCTCGTTTGCC	93.14257233918326	0.0	0.0	82.4457709229851	65.56768663111606	0.0	0.0	30.403394621400935	4.14660124681275	0.0	26.309529333492414	0.0
GSM4138112_HNSCC_2_PBMC_CCCAATCAGGAGCGAG	175.3854841361286	0.0	119.05672075889575	0.0	0.0	30.100166159564168	0.0	45.37167653695915	0.0	0.0	74.88311810898406	0.0
GSM4138112_HNSCC_2_PBMC_CCGGGATTCTCGTTTA	119.49540050610756	0.0	69.26023361733009	20.426914096335683	62.07797659984391	49.51708290309791	0.0	0.0	0.0	0.0	2.853215594871624	42.478080434831114
GSM4138112_HNSCC_2_PBMC_CCTAGCTCACAGAGGT	337.6066061537952	0.0	293.9327163619973	0.0	160.26174212695315	34.68311744974387	102.16827482967152	0.0	72.91739525549589	0.0	0.0	0.0
GSM4138112_HNSCC_2_PBMC_CCTATTATCTCAACTT	350.86838667919193	0.0	243.00172903312438	0.0	110.25780966523766	0.0	127.67423714916772	0.0	121.92168173743231	0.0	0.0	0.0
GSM4138112_HNSCC_2_PBMC_CCTCAGTAGACTGTAA	307.043494485183	0.0	131.6749879865851	83.21281903665684	0.0	110.34727305365885	0.0	59.81786615015228	0.0	0.0	127.99618067523501	0.0
GSM4138112_HNSCC_2_PBMC_CCTTTCTGTCTAAACC	0.0	324.48952041519607	268.21311605741926	0.0	0.0	74.03514924645093	0.0	0.0	0.0	201.70675036018764	0.0	122.65231863009228
GSM4138112_HNSCC_2_PBMC_CGACCTTAGGTGCTTT	91.1697997007485	268.6400908697355	21.010403129830813	270.1543012581991	171.51370172815095	96.50744382274354	0.0	76.75734836465081	0.0	0.0	0.0	0.0
GSM4138112_HNSCC_2_PBMC_CGAGAAGTCGAGCCCA	0.0	442.36189436262976	210.11021480071992	0.0	216.8441852495979	83.279031576427	0.0	0.0	148.05602115363686	0.0	0.0	0.0
GSM4138112_HNSCC_2_PBMC_CGATGTACAACTGCTA	353.8191593880092	0.0	197.80690020738305	0.0	128.36776227369427	107.96484146864404	0.0	198.29230255491362	1.9661470717300722	0.0	0.0	0.0
GSM4138112_HNSCC_2_PBMC_CGGACACCAGAGTGTG	245.33251929649174	137.77641092795446	0.0	308.0394416232068	158.30679518934045	109.31944349917694	0.0	100.70642761410359	0.0	0.0	0.0	0.0
GSM4138112_HNSCC_2_PBMC_CGTTAGAAGATATACG	401.41865607628915	0.0	283.81637724463354	0.0	197.67770538355725	142.34084279525229	0.0	0.0	85.53161809755312	0.0	0.0	0.0
GSM4138112_HNSCC_2_PBMC_CGTTCTGCATCCTAGA	166.33356377659015	0.0	0.0	111.47255403969665	61.26376152920101	31.034736719289327	0.0	71.31382792304159	0.0	0.0	93.10655844817305	0.0
GSM4138112_HNSCC_2_PBMC_CTACACCTCCTGTACC	0.0	403.14841487998103	59.85710730035949	175.3338395751869	188.63873279807402	189.8224552262336	0.0	0.0	112.66494233635109	0.0	22.826012522767538	0.0
GSM4138112_HNSCC_2_PBMC_CTACGTCCAAATCCGT	0.0	282.7586200302531	0.0	145.71734874340044	105.7832124655797	104.6799537787796	0.0	93.29473119552894	0.0	0.0	2.7986915878273866	0.0
GSM4138112_HNSCC_2_PBMC_CTCGAAAGTCCATCCT	0.0	213.30637009730177	75.36190830326586	49.37228030909593	64.53631499001813	120.58021302579307	0.0	0.0	77.28900042834078	0.0	0.0	0.0
GSM4138112_HNSCC_2_PBMC_CTCGGGATCTAACTGG	0.0	318.5984131155004	100.36372424105188	72.84299006357168	0.0	102.31432588241636	0.0	181.08933313314301	0.0	96.54357627569729	27.32071459481651	0.0
GSM4138112_HNSCC_2_PBMC_CTCTGGTAGACAAGCC	0.0	450.23212803450554	0.0	248.26980207192454	0.0	84.7772729678024	0.0	0.0	132.6511324073755	0.0	165.31325532358838	0.0
GSM4138112_HNSCC_2_PBMC_CTGCTGTAGTGCGTGA	194.69490773733335	136.19384803123648	228.96755368248182	0.0	117.41496156446038	0.0	112.80590542126869	66.76338677173796	0.0	0.0	0.0	0.0
GSM4138112_HNSCC_2_PBMC_CTGGTCTGTTGGGACA	180.24570652389863	97.78833689146171	186.75566199433433	0.0	0.0	0.0	91.1765718564649	51.82062675251741	0.0	63.55945150920863	0.0	0.0
GSM4138112_HNSCC_2_PBMC_CTTAGGAGTTCGGGCT	228.59870661392588	0.0	150.14318153089894	0.0	95.05310144047841	0.0	72.32963605440906	46.68439757034514	0.0	0.0	0.0	0.0
GSM4138112_HNSCC_2_PBMC_CTTAGGATCACTATTC	128.10784616071305	89.03694648593297	123.40631026296437	0.0	83.08475756998932	0.0	65.21225494656376	0.0	53.59794094568732	0.0	0.0	0.0
GSM4138112_HNSCC_2_PBMC_CTTTGCGAGGTAGCCA	41.007781667920234	210.26388174382896	226.03515691895242	0.0	141.47420978162663	81.19285791980695	10.513686354743246	95.21066443490973	0.0	0.0	0.0	0.0
GSM4138112_HNSCC_2_PBMC_GAAATGAGTTATGTGC	172.0199987888551	167.93795641200617	229.07853373381982	0.0	100.0991559983127	0.0	132.77515759568396	105.40865246414094	42.7750340571873	0.0	60.37732289811001	0.0
GSM4138112_HNSCC_2_PBMC_GAACATCTCACCGTAA	0.0	332.4387145794116	183.56090163819738	73.09498171788249	170.83403459285262	0.0	137.6482247546931	61.90006973591173	12.276842951227135	0.0	0.0	0.0
GSM4138112_HNSCC_2_PBMC_GACCAATGTCTGGTCG	0.0	315.05583680336997	188.58059136675882	0.0	202.22880436483737	0.0	107.8390171694922	0.0	161.88449233385555	0.0	0.0	0.0
GSM4138112_HNSCC_2_PBMC_GACCTGGTCATCACCC	0.0	368.13042804335265	244.37477704575596	0.0	27.922065411843395	150.50748437619816	0.0	23.879018577074334	50.62248002130781	0.0	75.38722096564734	0.0
GSM4138112_HNSCC_2_PBMC_GACTACACAACTGGCC	282.23008365704806	140.1344171509902	284.0982611205037	9.9370111493132	108.61434660759268	0.0	205.07110682398036	6.746822583147222	84.7427274760236	22.295637192076963	0.0	0.0
GSM4138112_HNSCC_2_PBMC_GATGCTACAACTGCGC	160.49019916024344	0.0	0.0	77.08476588592485	74.64174054304893	41.41651634117761	0.0	0.0	71.69643773376224	0.0	0.0	0.0
GSM4138112_HNSCC_2_PBMC_GCACTCTGTGCATCTA	67.55310979151395	462.48680945888646	364.52467145058165	0.0	230.585431299645	0.0	172.2003398178219	0.0	138.01306445091967	0.0	0.0	0.0
GSM4138112_HNSCC_2_PBMC_GCAGCCACATGTAGTC	427.6362395325454	0.0	205.4482340991396	0.0	26.28147552659205	0.0	63.00597003408315	54.76101704788303	0.0	55.420775468851566	0.0	0.0
GSM4138112_HNSCC_2_PBMC_GCAGCCAGTTGGACCC	0.0	305.49927730132845	0.0	283.20221476077126	137.0512590638013	124.7202908729398	0.0	57.32172281647408	0.0	0.0	0.0	0.0
GSM4138112_HNSCC_2_PBMC_GCATGCGAGATGTCGG	222.03647090590476	31.305637628853308	287.36795891818207	0.0	173.35863033489042	0.0	146.0095936944007	27.410492160128477	13.997136661286119	0.0	0.0	25.363199418201408
GSM4138112_HNSCC_2_PBMC_GCATGCGAGTTTGCGT	393.5218633220109	0.0	201.57359707274068	0.0	154.0316578720309	164.59085084836315	0.0	0.0	204.08780030442006	0.0	0.0	0.0
GSM4138112_HNSCC_2_PBMC_GCATGCGTCCTTGCCA	199.84722875663368	36.172702791269295	134.80965764278545	0.0	112.8267484267712	87.6944552432441	0.0	0.0	0.0	0.0	53.80282570112349	117.08772996950168
GSM4138112_HNSCC_2_PBMC_GCGGGTTTCCAGGGCT	0.0	401.23061156782654	256.4461319511415	0.0	0.0	114.81611369080736	0.0	0.0	109.5170270003255	206.68574020778343	0.0	0.0
GSM4138112_HNSCC_2_PBMC_GCTGCGATCAGCGATT	191.3700879495526	189.83849026128843	212.3318973363835	0.0	168.29587285893965	0.0	85.32959025766971	133.30313282469484	4.194471473077179	0.0	0.0	0.0
GSM4138112_HNSCC_2_PBMC_GCTGCGATCTGCTGCT	350.2578888986084	0.0	277.3826246724855	0.0	0.0	44.712018628084316	172.2594078391708	131.60978359721713	0.0	33.565456207137935	148.12049338154057	0.0
GSM4138112_HNSCC_2_PBMC_GCTTCCATCTCGAGTA	93.07496533447838	273.00048059966565	168.380557387741	0.0	137.14107039302235	0.0	102.96724694321864	31.34943519912692	57.626573014418014	0.0	0.0	0.0
GSM4138112_HNSCC_2_PBMC_GGACATTCAAGCTGTT	208.59768558454442	0.0	92.26160757397159	0.0	96.01097761915034	50.34250653841507	0.0	0.0	39.6370847079916	0.0	0.0	0.0
GSM4138112_HNSCC_2_PBMC_GGAGCAAGTCTGCCAG	335.7433588577105	0.0	186.04777877050083	0.0	121.04149305945955	0.0	117.24266078098313	0.0	72.18943424745808	0.0	0.0	0.0
GSM4138112_HNSCC_2_PBMC_GGATGTTGTGACGCCT	20.906533864488285	297.5804769444305	175.26927495908163	0.0	116.71004712103	101.82652318789187	0.0	0.0	125.56919671469618	0.0	0.0	0.0
GSM4138112_HNSCC_2_PBMC_GGATTACGTCGACTGC	289.5808557349863	0.0	134.24635447407726	0.0	0.0	0.0	61.178953278516744	0.0	22.639687668071534	106.81691017821345	0.0	0.0
GSM4138112_HNSCC_2_PBMC_GGCCGATAGACGACGT	396.07926569913104	0.0	298.5258437834983	0.0	0.0	74.89304855044385	0.0	61.1133080556913	0.0	0.0	168.2529681807171	0.0
GSM4138112_HNSCC_2_PBMC_GTAACTGTCTACGAGT	225.10457904012196	24.88750449308557	0.0	227.915101477965	44.2560376856124	87.61025794796426	0.0	58.04870722736905	0.0	0.0	66.66792690908846	0.0
GSM4138112_HNSCC_2_PBMC_GTACGTAGTTCCTCCA	85.06853694281098	189.64361187179605	0.0	244.02804613214383	217.0332481639434	65.83511319909924	28.3810724899218	43.54762875037111	23.459961579507542	0.0	0.0	0.0
GSM4138112_HNSCC_2_PBMC_GTCAAGTTCGGCGGTT	0.0	221.58454789203594	177.8382439772183	0.0	57.42985853140814	69.56775144788077	0.0	0.0	101.03922989235014	0.0	61.188866200973116	0.0
GSM4138112_HNSCC_2_PBMC_GTCACAATCGGTGTCG	83.79640073400714	220.02806536308145	0.0	308.72466606341084	0.0	102.69305132789528	0.0	0.0	54.549322467999616	0.0	126.69417590888114	0.0
GSM4138112_HNSCC_2_PBMC_GTCACGGAGGCTAGCA	0.0	370.78611938720707	191.26674709737418	0.0	137.85012697600473	0.0	171.61810503469525	0.0	109.32320417534723	0.0	0.0	0.0
GSM4138112_HNSCC_2_PBMC_GTGCATAAGTTAACGA	383.64469924019875	0.0	208.2440382777818	0.0	148.9153852323659	120.00532706079285	0.0	94.31748859612495	0.0	0.0	0.0	0.0
GSM4138112_HNSCC_2_PBMC_GTTTCTAAGGCATTGG	0.0	214.90986337684183	120.18351589643294	0.0	59.63934117240054	0.0	50.9464319368824	0.0	63.61346394370237	0.0	0.0	0.0
GSM4138112_HNSCC_2_PBMC_GTTTCTATCTCTAAGG	3435.417664762891	272.3681637281855	0.0	0.0	0.0	0.0	0.0	0.0	0.0	0.0	0.0	0.0
GSM4138112_HNSCC_2_PBMC_TAAGCGTTCGGCGCAT	0.0	183.7402609739156	66.2917816169572	0.0	59.755092953300995	0.0	91.59436964863424	0.0	56.214381722468	0.0	0.0	31.566902990885836
GSM4138112_HNSCC_2_PBMC_TAAGTGCCATCAGTCA	0.0	406.3133310238204	248.74532241410625	0.0	141.2840717925073	102.11470373156386	0.0	85.99188475245862	0.0	0.0	0.0	0.0
GSM4138112_HNSCC_2_PBMC_TACACGAAGGAGTACC	321.43425073706595	0.0	229.12729173218608	0.0	147.58960511369668	92.54343765498542	0.0	107.15978796569108	0.0	0.0	26.719351380049392	0.0
GSM4138112_HNSCC_2_PBMC_TACTTGTGTCGAAAGC	0.0	303.55769855602546	206.32992251987724	0.0	132.2718024299075	147.9193605590804	0.0	104.90526090499122	0.0	0.0	0.0	0.0
GSM4138112_HNSCC_2_PBMC_TCACAAGAGTCCGGTC	0.0	332.40690015424786	212.68216513813172	0.0	115.36193925220805	0.0	99.99068471620792	107.58305551542301	0.0	0.0	0.0	0.0
GSM4138112_HNSCC_2_PBMC_TCAGCTCGTGTATGGG	298.9811827240634	0.0	29.172084563283132	152.3270564590019	175.52504151969032	80.67787547951497	0.0	85.41708554615198	0.0	0.0	0.0	0.0
GSM4138112_HNSCC_2_PBMC_TCGCGAGCACCGAAAG	0.0	289.38645892038295	211.80701266332824	0.0	102.74154508884654	132.95143365511836	0.0	102.79965770719562	0.0	0.0	0.0	0.0
GSM4138112_HNSCC_2_PBMC_TCGCGTTCAAGTACCT	0.0	355.50242707968357	245.62679237818725	0.0	174.5008951560307	104.70753980075062	0.0	0.0	117.37710029222261	0.0	0.0	0.0
GSM4138112_HNSCC_2_PBMC_TGGACGCTCTTTAGGG	0.0	370.38430801912	174.51280931779846	7.071894542227819	110.37297369823847	124.53835362409109	2.8252199414423957	86.39320792827904	0.0	0.0	0.0	0.0
GSM4138112_HNSCC_2_PBMC_TGGGAAGTCACATGCA	463.5276601149455	0.0	252.1714587085932	9.310441267619595	0.0	61.61555434687399	0.0	80.07929568481761	7.085650826238967	78.05050613047325	128.84910113927745	0.0
GSM4138112_HNSCC_2_PBMC_TGGTTAGTCCAACCAA	280.1316548403845	85.01941111610337	0.0	293.0352894106206	140.40657623273526	166.3864908048377	0.0	87.91345157372915	0.0	0.0	0.0	0.0
GSM4138112_HNSCC_2_PBMC_TTCTCAAAGTGAAGTT	234.70672546167	0.0	121.65181553798257	0.0	101.9956033596793	0.0	65.8930887225778	0.0	39.80067434814339	0.0	0.0	0.0
GSM4138112_HNSCC_2_PBMC_TTCTCAACAATAGAGT	260.8100264602207	157.63370355553164	284.64824179770426	0.0	58.039432139006124	0.0	182.20976445164695	0.0	158.47741122124802	75.96709990416858	0.0	0.0
GSM4138112_HNSCC_2_PBMC_TTTATGCCATTTGCTT	99.48085826367456	125.4752136469955	0.0	141.95418551547334	151.6483801605695	72.61686619366291	0.0	149.37373375227287	0.0	0.0	0.0	0.0
GSM4138112_HNSCC_2_PBMC_GGACATTAGCAATATG	187.5707941256005	0.0	0.0	127.8173398124045	0.0	0.0	64.20034749570142	0.0	37.90658919797272	0.0	24.590271857911027	0.0
GSM4138112_HNSCC_2_PBMC_CGTCAGGTCGCCTGTT	148.8893635323031	7.954852547617493	122.31510915984194	0.0	0.0	0.0	104.10038436600325	21.547263922675032	63.19279958874328	98.75515576740911	0.0	0.0
GSM4138112_HNSCC_2_PBMC_GCTCCTAGTAAGCACG	146.22467634476865	0.0	38.458355775893324	118.57241926575608	0.0	0.0	62.276306978661275	0.0	84.18867896893737	58.43609184042977	0.0	0.0
GSM4138112_HNSCC_2_PBMC_TTAGGCATCATGCATG	0.0	97.73303385777143	0.0	77.03139714972819	72.1268882308697	63.25960778935061	0.0	0.0	87.15901069291368	0.0	0.0	0.0
GSM4138112_HNSCC_2_PBMC_AAACCTGTCTTTCCTC	141.5153767856844	0.0	129.73102484363136	0.0	0.0	0.0	68.01209038461205	0.0	42.65591757398858	76.13299650769297	0.0	0.0
GSM4138112_HNSCC_2_PBMC_AATCGGTTCTGCAGTA	0.0	158.1774641217054	115.08227681561344	0.0	70.03085788495908	92.5448390585901	0.0	38.59530268525593	0.0	0.0	0.0	0.0
GSM4138112_HNSCC_2_PBMC_ACACTGAAGCCGCCTA	0.0	288.2135172132633	226.22496607375246	0.0	0.0	88.47920247278765	0.0	0.0	66.38322931998474	90.20131309918314	0.0	0.0
GSM4138112_HNSCC_2_PBMC_ACTTTCACAGCCTTTC	0.0	168.99277508604388	0.0	145.84912382866756	0.0	4.128600009421922	48.368752404528394	0.0	0.0	0.0	117.08378137357887	95.96437755089225
GSM4138112_HNSCC_2_PBMC_AGACGTTAGCCGTCGT	90.98797453579719	0.0	22.865382733476984	7.413956583440909	0.0	0.0	39.413697711382795	179.5334385074306	0.0	89.60393435706375	0.0	0.0
GSM4138112_HNSCC_2_PBMC_AGATCTGTCCCTCTTT	154.4683230867029	31.322467122436812	145.0219404351777	0.0	0.0	0.0	54.22065944279265	0.0	26.533907702046342	13.252626462362176	15.24166832256171	0.0
GSM4138112_HNSCC_2_PBMC_ATCGAGTAGGGATCTG	0.0	246.32014804724875	0.0	188.05177910369997	53.26225917995741	74.70268882054323	0.0	0.0	41.23798750035435	0.0	68.45198181885799	0.0
GSM4138112_HNSCC_2_PBMC_ATGCGATGTCAAAGCG	194.9113040463549	0.0	0.0	86.47170482121999	0.0	0.0	118.86356049493105	24.0838998335256	0.0	0.0	0.0	0.0
GSM4138112_HNSCC_2_PBMC_CAAGTTGCACCAGATT	173.06985821825643	128.38750063669136	0.0	164.55644728378587	0.0	104.87856201946828	0.0	0.0	59.81386255072567	0.0	143.18280704025722	0.0
GSM4138112_HNSCC_2_PBMC_CACATTTTCGCCCTTA	173.13042772328353	0.0	110.64392716869999	0.0	0.0	0.0	95.9616074859038	0.0	87.86986969485986	90.18206104786205	0.0	0.0
GSM4138112_HNSCC_2_PBMC_CAGCGACAGAATCTCC	392.51115727335355	0.0	32.65267463038335	196.25886771820834	109.18227697561413	114.38851046805739	0.0	0.0	168.54751929772308	0.0	67.45399474720627	0.0
GSM4138112_HNSCC_2_PBMC_CAGCTGGGTAAGTGGC	0.0	131.53732120214195	76.98565211640042	0.0	0.0	0.0	27.095053536261315	0.0	40.798319042512524	52.06966292422062	0.0	0.0
GSM4138112_HNSCC_2_PBMC_CCAATCCTCAGTTGAC	148.40168093476692	0.0	133.47485202822244	0.0	43.792404578144435	68.07332803343449	0.0	27.73325220887367	0.0	0.0	3.2844665853158035	0.0
GSM4138112_HNSCC_2_PBMC_CCTCTGACACCTTGTC	0.0	299.2768690186503	0.0	311.2679744194159	170.6349928593564	159.1828507729088	0.0	148.00089305757825	0.0	0.0	0.0	0.0
GSM4138112_HNSCC_2_PBMC_CGATGTAAGTACGACG	176.33535611228658	20.29467220084239	0.0	124.56464293490086	110.40230940784988	61.92091002128206	0.0	0.0	125.46219608530545	0.0	0.0	0.0
GSM4138112_HNSCC_2_PBMC_CGTGTAAAGACTCGGA	249.48569434686135	0.0	41.89586078586104	144.66646796370983	0.0	65.29377206081	1.493994286839576	55.87164843981948	0.0	87.40744882784695	0.0	0.0
GSM4138112_HNSCC_2_PBMC_CGTGTCTCACTTAACG	169.43953400682096	0.0	133.8489657287892	21.043127734534725	0.0	0.0	84.1566435818539	15.32950311020519	0.0	64.8559336452849	0.0	0.0
GSM4138112_HNSCC_2_PBMC_CTCCTAGTCAAACAAG	143.2558682637042	11.549219259214073	0.0	176.32246312825757	41.902893148518665	71.222209198746	0.0	31.544887165150847	0.0	22.978753538205602	17.116635467783684	0.0
GSM4138112_HNSCC_2_PBMC_GATGAGGAGGATGTAT	513.3221906610613	0.0	258.54411671136626	0.0	0.0	0.0	150.81172957797816	120.98214417950176	0.0	301.9963365809965	0.0	0.0
GSM4138112_HNSCC_2_PBMC_GTCGTAAAGAACTCGG	0.0	190.9077397358833	0.0	82.1347366684318	49.375093480944976	47.123888996813676	0.0	0.0	35.4841159379375	0.0	0.0	0.0
GSM4138112_HNSCC_2_PBMC_GTGAAGGGTACAGACG	246.1281492221964	0.0	0.0	118.87884491263311	106.50349889113585	60.853572555554386	0.0	54.77397567491462	0.0	0.0	0.0	0.0
GSM4138112_HNSCC_2_PBMC_TAAGTGCGTACCGCTG	0.0	273.69116813322546	0.0	108.02936513746319	92.44710479055722	81.14398748961042	0.0	0.0	61.41259413994322	0.0	0.0	0.0
GSM4138112_HNSCC_2_PBMC_TACTCATCAAAGGTGC	0.0	258.47745259601345	221.5354467503725	0.0	174.79225830704402	0.0	165.37208118672677	0.0	114.27659793171964	0.0	0.0	0.0
GSM4138112_HNSCC_2_PBMC_TATCTCACAATGGTCT	0.0	271.6565906000402	228.6254985794792	0.0	0.0	0.0	143.26120362269424	81.19002682208522	0.0	124.27679864885452	0.0	0.0
GSM4138112_HNSCC_2_PBMC_TCAGGATAGTAAGTAC	164.7421575162767	0.0	60.88574705255171	42.66292366461411	50.52677837039958	45.9697894064861	1.2264929199950012	0.0	16.943416582051636	0.0	0.0	0.0
GSM4138112_HNSCC_2_PBMC_TCATTTGGTGACGGTA	0.0	274.2913028209549	143.35470081193813	35.690545332510744	6.857406992008602	56.557900385929415	0.0	50.498644461423986	0.0	133.1467792285243	0.0	0.0
GSM4138112_HNSCC_2_PBMC_TGATTTCAGCTAACAA	0.0	393.6469032160665	262.4809582243982	0.0	180.1090063238715	0.0	145.5696008288641	163.20746288537745	0.0	0.0	0.0	0.0
GSM4138112_HNSCC_2_PBMC_TGCCCATCATCCAACA	0.0	216.11197124302163	0.0	213.37688239108144	0.0	83.33497782606419	0.0	0.0	64.54676968125887	16.232000363487	145.80561502396824	9.123925747524762
GSM4138112_HNSCC_2_PBMC_TGGGCGTTCGCATGGC	0.0	408.9417805044338	0.0	345.2235342760154	210.25859607558164	73.07783494710364	65.66959716431421	116.85961624092221	0.0	0.0	79.9904756224333	0.0
GSM4138112_HNSCC_2_PBMC_TTTGCGCGTTGGGACA	55.20569884657233	0.0	0.0	86.4150368109763	60.45348238828185	23.22210908194197	0.0	0.0	32.164201543442964	0.0	0.0	0.0
GSM4138112_HNSCC_2_PBMC_ACACCGGGTATGCTTG	153.559705475743	36.99047225831561	142.86097869676462	0.0	39.412417245120636	0.0	93.55813236075099	0.0	9.687375143711408	0.0	0.0	38.3022231249231
GSM4138112_HNSCC_2_PBMC_AGCAGCCAGGATGGTC	245.50658117384035	0.0	0.0	121.05517007276853	56.95790893452944	48.886877515061485	0.0	0.0	103.34661042992711	0.0	0.0	0.0
GSM4138112_HNSCC_2_PBMC_ATAGACCGTTACTGAC	0.0	84.471509103619	28.186275262597167	38.45581232129233	19.604722058358593	78.97494238708019	0.0	29.66567971403388	0.0	0.0	0.0	0.0
GSM4138112_HNSCC_2_PBMC_CAAGTTGTCCAAACAC	0.0	143.06311012626588	60.76338055144731	0.0	0.0	3.2177729514900757	28.781087839058465	0.0	0.0	32.28769395331858	0.0	4.193722842632259
GSM4138112_HNSCC_2_PBMC_CATCCACAGTCGTACT	193.24558433417513	0.0	58.51338289236579	71.19381238530117	0.0	0.0	98.96627900170033	0.0	45.067668501706606	80.33322004343792	0.0	27.89742470026228
GSM4138112_HNSCC_2_PBMC_CCGTGGACATATACCG	0.0	352.30657983646614	0.0	176.45946302158907	0.0	67.66355061396553	25.659932116051124	75.47439280901665	0.0	84.20187589859675	0.0	0.0
GSM4138112_HNSCC_2_PBMC_CCTCTGAGTTCGGGCT	199.0092744474291	0.0	198.0223780209686	0.0	0.0	37.30673322914199	0.0	17.44907031683261	35.13874495693983	13.738289106351026	81.80324049175573	0.0
GSM4138112_HNSCC_2_PBMC_CCTTCGATCGGCTTGG	214.9550027549247	0.0	140.36362145256538	0.0	72.31865404459319	68.76594764420635	0.0	70.37566219121616	0.0	0.0	0.0	0.0
GSM4138112_HNSCC_2_PBMC_CTGATAGCAAGAAAGG	9.235310972127522	106.11079071949376	0.0	71.37603280699733	52.2109060488783	51.79924704751356	0.0	0.0	69.81527932845401	0.0	0.0	0.0
GSM4138112_HNSCC_2_PBMC_GCCTCTATCATGTGGT	0.0	377.8672662613445	57.14060774862343	231.35949718672327	0.0	0.0	177.2336512997896	103.55343875001186	0.0	139.56623981779265	60.41987758383891	0.0
GSM4138112_HNSCC_2_PBMC_GGGATGACAAGCGATG	0.0	247.34241313238326	142.6845359807356	0.0	132.00284375928894	3.5926254463844685	64.7447955564144	58.35939941089213	47.641815356165345	0.0	0.0	0.0
GSM4138112_HNSCC_2_PBMC_GGGTTGCGTTTGGCGC	193.02371388692117	0.0	131.4280981320859	0.0	91.77269652649947	0.0	66.14202583918394	0.0	66.06301942802695	0.0	0.0	0.0
GSM4138112_HNSCC_2_PBMC_GTCATTTTCACGCGGT	225.03911480687543	0.0	0.0	129.0020364858216	88.10084418529173	36.33658511016736	0.0	73.91755212303887	0.0	0.0	0.0	0.0
GSM4138112_HNSCC_2_PBMC_TCCCGATGTGCGATAG	0.0	184.20690082778435	40.678522124021256	54.209695009274434	0.0	17.394010635747406	0.0	68.23818196739495	0.0	0.0	51.698497860899984	10.83590326005378
GSM4138112_HNSCC_2_PBMC_TCGTACCTCAGCTCGG	272.9961267328018	35.56145094158332	262.6641134805746	0.0	124.3597390090469	135.81976553578085	0.0	0.0	128.64809841364746	0.0	0.0	0.0
GSM4138112_HNSCC_2_PBMC_TCTCATATCACAAACC	0.0	334.17338665721866	0.0	206.62344931241418	139.7915515322918	73.77983671597976	0.0	101.70830417701798	0.0	0.0	0.0	0.0
GSM4138112_HNSCC_2_PBMC_AACTGGTCATAACCTG	612.5905360066205	0.0	0.0	299.22369729971365	0.0	141.32118171201202	0.0	0.0	0.0	199.51009319675757	0.0	178.23295916271147
GSM4138112_HNSCC_2_PBMC_ACTGAACGTCTTGTCC	0.0	545.2059362964575	0.0	280.05514505425407	0.0	224.66774015183998	0.0	78.97962875091946	75.87910830790793	258.0503733299758	0.0	0.0
GSM4138112_HNSCC_2_PBMC_CGTCAGGCAGGAACGT	0.0	357.5915970967555	375.7908550919333	0.0	0.0	0.0	140.38207350274396	0.0	0.0	280.1592090756143	103.06080432532305	174.20320255864138
GSM4138112_HNSCC_2_PBMC_GAGGTGACAGGATCGA	0.0	224.68897881640865	0.0	259.3650111955997	0.0	116.71440564863676	0.0	94.27711940314428	0.0	151.04438807090392	0.0	0.0
GSM4138112_HNSCC_2_PBMC_GATCAGTAGCGATTCT	522.0070002695242	0.0	0.0	360.1413060150099	0.0	267.2262160442316	0.0	0.0	142.80458937581386	0.0	305.3943265513248	0.0
GSM4138112_HNSCC_2_PBMC_GCAAACTTCGTGGACC	0.0	625.87967930857	0.0	422.3725122637625	0.0	237.87308965143185	0.0	0.0	29.412883737878186	0.0	339.09460110548696	168.59050869499802
GSM4138112_HNSCC_2_PBMC_GCATACAAGGCTACGA	0.0	465.90423818631746	480.229987306344	0.0	0.0	297.0421714159286	0.0	0.0	120.60042295346673	274.24837906899216	4.18493311317077	0.0
GSM4138112_HNSCC_2_PBMC_GCTTGAAAGGAATGGA	291.2842884835723	0.0	0.0	304.73365816472756	88.89188511014288	238.30020106012452	0.0	0.0	97.7932437968271	56.23260886129699	0.0	0.0
GSM4138112_HNSCC_2_PBMC_GTCATTTCAGCTCGAC	0.0	456.8034702182285	0.0	415.70659559055383	0.0	205.61895342463484	0.0	0.0	106.49433465951154	49.916633300396505	136.40139758743163	0.0
GSM4138112_HNSCC_2_PBMC_AATCGGTCAGGCAGTA	0.0	413.1168610864739	542.0145847263633	0.0	0.0	0.0	255.36199863569388	0.0	78.17597946234542	407.87004665539354	0.0	0.0
GSM4138112_HNSCC_2_PBMC_ACACCAAGTTCCCTTG	0.0	336.3409793343219	266.2149238984857	125.50208502745484	222.67290652307878	0.0	195.9904463969646	5.362252396337593	128.69904564798648	0.0	0.0	0.0
GSM4138112_HNSCC_2_PBMC_ACGTCAACAATAGCAA	408.60282441141976	0.0	517.8101471439385	0.0	535.1540662230569	316.8668344887978	0.0	0.0	280.94423426880047	0.0	0.0	0.0
GSM4138112_HNSCC_2_PBMC_ACTGCTCCACATGGGA	367.21770939283164	0.0	384.0251792410294	55.60145654564629	468.10959824580476	0.0	325.5870600914119	0.0	218.4363651522831	0.0	0.0	0.0
GSM4138112_HNSCC_2_PBMC_AGGGATGTCTCTTGAT	395.8900936375767	0.0	165.46231969493346	97.91676013209718	0.0	116.60175537538933	0.0	257.2050608145555	0.0	0.0	199.30432882114238	0.0
GSM4138112_HNSCC_2_PBMC_ATCTGCCTCGTGGACC	307.156567227467	0.0	0.0	342.72729019856394	0.0	190.78584165921845	0.0	150.53472499717176	0.0	224.25538495581702	0.0	0.0
GSM4138112_HNSCC_2_PBMC_CCCAGTTTCACGCATA	409.0358838407074	0.0	550.4920215091373	0.0	487.4830843421693	312.4740268064027	0.0	0.0	149.92858084300246	0.0	0.0	0.0
GSM4138112_HNSCC_2_PBMC_CTGAAGTCACGAGAGT	0.0	440.6179167241639	135.8526281989997	231.1143620000037	0.0	0.0	218.1759221975596	202.20960620057613	0.0	251.10463332035005	89.10139396288007	0.0
GSM4138112_HNSCC_2_PBMC_CTGATAGCACCGCTAG	199.07985324817218	0.0	186.67813076874063	0.0	0.0	0.0	162.62754653661167	111.97184968858325	0.0	42.136497450462684	155.09140086297927	144.86289428734838
GSM4138112_HNSCC_2_PBMC_CTGCTGTGTCCGAACC	123.97056130247088	0.0	93.64437554600144	145.2954230361751	170.61748276636723	155.00579066851526	0.0	0.0	78.07950384517204	0.0	0.0	0.0
GSM4138112_HNSCC_2_PBMC_GACGGCTAGCGTAATA	0.0	371.41974264736587	0.0	424.9293465014746	0.0	276.2606722026105	0.0	0.0	153.2537130727622	0.0	339.3734255885663	0.0
GSM4138112_HNSCC_2_PBMC_GATCGTACAAGACACG	0.0	324.1332307775135	0.0	243.95823579807833	0.0	243.70108745804995	0.0	253.3299481892424	0.0	109.45589557311118	0.0	0.0
GSM4138112_HNSCC_2_PBMC_TAGACCAAGGCCGAAT	0.0	506.53725288920106	547.1374910148103	0.0	4.996648282840781	0.0	299.1183457896252	0.0	230.39900917057267	438.1700699057264	0.0	0.0
GSM4138112_HNSCC_2_PBMC_TGCGTGGTCACCTTAT	343.7635298265241	0.0	536.5220114769033	0.0	408.6973746157822	293.6276771717941	0.0	0.0	186.840099174073	0.0	0.0	0.0
GSM4138112_HNSCC_2_PBMC_AAACCTGCATTATCTC	0.0	0.0	1185.6843390282602	650.8523028278838	0.0	21.145308352460816	0.0	0.0	0.0	0.0	0.0	10.216647143848322
GSM4138112_HNSCC_2_PBMC_AACGTTGTCATGTCTT	0.0	0.0	1995.2259391197624	0.0	70.51053876231963	12.901348398004867	0.0	0.0	0.0	0.0	0.0	11.760776955057276
GSM4138112_HNSCC_2_PBMC_AACTCTTGTATAGGTA	0.0	0.0	863.8246103199216	824.0021091211156	0.0	54.28993647612552	0.0	68.93298077755607	0.0	0.0	16.9770550803098	0.0
GSM4138112_HNSCC_2_PBMC_ACGATGTTCTGGTATG	0.0	95.23399477674374	1431.86682557748	190.3556544198408	55.80216105262349	14.758625507268233	0.0	0.0	18.28828630766453	0.0	0.0	0.0
GSM4138112_HNSCC_2_PBMC_ACTGAGTAGGAGTACC	153.04113166926408	0.0	1636.8803244294438	165.98038021918782	26.657274670919062	0.0	0.0	0.0	0.0	0.0	0.0	0.0
GSM4138112_HNSCC_2_PBMC_AGCATACCAAAGGCGT	0.0	0.0	1187.710507147692	401.03593327107245	94.6027524032483	21.126309841129267	0.0	0.0	0.0	0.0	0.0	7.556241381332955
GSM4138112_HNSCC_2_PBMC_ATCATGGGTCAAAGAT	0.0	0.0	1544.0987143184364	11.316711037510268	11.57089678575872	0.0	0.0	0.0	0.0	0.0	0.0	43.092812646463685
GSM4138112_HNSCC_2_PBMC_ATCCGAACATAACCTG	0.0	0.0	937.1663285167915	402.7628182317129	41.629657399366295	0.0	71.7926986259775	11.501177822675839	0.0	0.0	0.0	0.0
GSM4138112_HNSCC_2_PBMC_ATGAGGGAGACTAGGC	16.457701739795155	0.0	1121.5332088340492	0.0	29.969185874858887	0.0	22.51350463689014	0.0	11.397260124143049	0.0	0.0	0.0
GSM4138112_HNSCC_2_PBMC_CAGCTGGGTACCATCA	2.940600901189582	0.0	779.36067277117	0.0	41.68130919442672	62.671065556345674	0.0	68.57106073030074	0.0	0.0	0.0	0.0
GSM4138112_HNSCC_2_PBMC_CATCCACAGCGTCAAG	223.86257310476404	0.0	876.426415051553	0.0	319.6764972771418	260.6429617318601	0.0	0.0	165.74073038460753	0.0	0.0	0.0
GSM4138112_HNSCC_2_PBMC_CCGTTCATCTGTGCAA	0.0	42.516011545077966	17.86035726242569	1849.8489864606527	25.183783722464458	49.849776419463616	0.0	0.0	0.0	0.0	0.0	6.909975025011496
GSM4138112_HNSCC_2_PBMC_CGGTTAAAGCAATCTC	0.0	0.0	1020.3843892920407	469.3867241627066	0.0	46.12309140647857	0.0	0.0	0.0	0.0	0.0	22.286015169877675
GSM4138112_HNSCC_2_PBMC_CTTCTCTCAGAGCCAA	0.0	302.2274403469396	696.8571238075539	0.0	366.6334851185784	232.41838831264477	0.0	0.0	239.00884128754717	0.0	0.0	0.0
GSM4138112_HNSCC_2_PBMC_GCACATACAATGAAAC	0.0	46.501744075362794	1746.9255339678575	113.07126345053355	0.0	0.0	12.38639180338983	12.806333473035966	0.0	122.2332361773155	0.0	111.8644128848043
GSM4138112_HNSCC_2_PBMC_GCTCCTAAGTGAAGTT	53.498717621939946	0.0	1905.4498765836363	0.0	0.0	0.0	26.855330997856328	0.0	0.0	0.0	0.0	0.0
GSM4138112_HNSCC_2_PBMC_GCTGGGTGTTTCGCTC	0.0	2.995177503628766	1995.0150832895497	0.0	0.0	0.0	0.0	0.0	0.0	0.0	0.0	0.0
GSM4138112_HNSCC_2_PBMC_GGATGTTGTGTCGCTG	13.092570272745263	0.0	912.5348189456726	744.9946539900343	0.0	0.0	0.0	0.0	0.0	8.349615373510034	56.3377707779485	0.0
GSM4138112_HNSCC_2_PBMC_GGCGACTTCTTGTTTG	0.0	22.605265940382253	95.29068185157143	1545.0851872949854	0.0	42.00636649453243	0.0	0.0	0.513458744365721	0.0	71.01472188453401	0.0
GSM4138112_HNSCC_2_PBMC_GGCTCGATCATTGCGA	0.0	20.819348924244554	1038.426816181564	0.0	0.0	0.0	0.0	0.0	0.0	0.0	0.0	0.0
GSM4138112_HNSCC_2_PBMC_GTGTTAGGTCTCAACA	0.0	44.84456505639122	1584.6218265466678	0.0	42.77306247567634	0.0	17.132659290982666	0.0	0.0	0.0	0.0	0.0
GSM4138112_HNSCC_2_PBMC_TCAATCTCAGGTTTCA	17.43968377714822	0.0	1489.6851695719147	0.0	34.46366242703243	0.0	0.0	0.0	0.0	0.0	0.0	56.47895517366764
GSM4138112_HNSCC_2_PBMC_TCACGAAGTGACGCCT	0.0	38.68508836951563	1960.6908935104539	28.92696036858207	29.09378275234692	15.206504670813267	0.0	23.81525999537979	0.0	0.0	0.0	2.4352197860751823
GSM4138112_HNSCC_2_PBMC_TGCGCAGTCCAAGTAC	0.0	2.6226439823597376	1953.851389563243	97.05276586750573	34.31201271919024	0.0	59.248652309278576	0.0	2.0962105033980674	0.0	0.0	0.0
GSM4138112_HNSCC_2_PBMC_TTCTCCTAGTACGTTC	94.03614067012103	0.0	1309.1327368007478	393.9555742563124	0.0	0.0	52.956846938084674	0.0	0.0	0.0	0.0	81.66761228257022
GSM4138112_HNSCC_2_PBMC_TTTACTGAGACTGTAA	0.0	0.0	0.0	0.0	0.0	0.0	0.0	0.0	0.0	0.0	0.0	3536.036963080057
GSM4138112_HNSCC_2_PBMC_AGCAGCCTCCGTAGGC	0.0	0.0	0.0	0.0	0.0	2836.187419042819	652.2851182261453	0.0	0.0	0.0	0.0	0.0
GSM4138112_HNSCC_2_PBMC_CAGCGACAGACACGAC	0.0	0.0	0.0	0.0	4470.308347865571	0.0	0.0	0.0	0.0	69.4415106142938	0.0	0.0
