	1	2	3	4	5	6	7	8	9	10	11	12	13	14	15	16	17	18	19	20	21	22	23
GSM4138112_HNSCC_2_PBMC_AACCGCGAGGGCTCTC	62.2077288487555	106.80240948029264	31.46534729768991	0.0	45.16128202054604	0.0	0.0	0.0	0.0	0.0	0.0	0.0	0.0	0.0	0.0	0.0	0.0	0.0	0.0	0.0	0.0	0.0	0.0
GSM4138112_HNSCC_2_PBMC_AGCCTAAAGAGGGCTT	66.51194975498241	0.0	0.0	1.3391465150568092	0.0	0.0	0.0	0.0	0.0	0.0	6.306954267555173	0.0	90.55932308015115	34.155849885703205	0.0	0.0	0.0	0.0	0.0	0.0	0.0	0.0	0.0
GSM4138112_HNSCC_2_PBMC_ATAGACCTCTACGAGT	135.1552760880345	0.0	60.668112484280286	0.0	0.0	85.26348715977352	0.0	0.0	0.0	0.0	0.0	0.0	0.0	0.0	0.0	0.0	20.36630935111913	0.0	0.0	0.0	0.0	0.0	0.0
GSM4138112_HNSCC_2_PBMC_CAGCGACCAGGGAGAG	60.77037949940663	0.0	0.0	0.0	3.137865351884314	92.7224626083986	0.0	0.0	0.0	0.0	0.0	0.0	0.0	0.0	0.0	0.0	0.0	0.0	0.0	0.0	45.24454097191652	0.0	0.0
GSM4138112_HNSCC_2_PBMC_CCTAGCTAGACACTAA	63.87506617210165	4.201294008746073	62.018317333452906	0.0	0.0	0.0	0.0	0.0	0.0	0.0	0.0	88.84103377664357	0.0	0.0	1.1241487928328886	0.0	0.0	0.0	0.0	0.0	0.0	0.0	0.0
GSM4138112_HNSCC_2_PBMC_CGCGTTTCACGGACAA	47.92235501239635	0.0	0.0	0.0	43.02320519849936	0.0	8.808259383644778	0.0	15.399050446470937	85.33106391458885	0.0	0.0	0.0	0.0	0.0	0.0	0.0	0.0	0.0	0.0	0.0	0.0	0.0
GSM4138112_HNSCC_2_PBMC_CGTGTCTCATTCCTCG	89.89831652766411	0.0	85.04373464306394	0.0	0.0	0.0	0.0	0.0	43.86358837829189	0.0	0.0	24.89370842494412	0.0	0.0	0.0	0.0	0.0	0.0	0.0	0.0	0.0	0.0	0.0
GSM4138112_HNSCC_2_PBMC_CTAACTTCATAGACTC	0.0	100.77322367157598	3.1743138225983536	82.55012468526351	0.0	0.0	11.51472458895951	0.0	0.0	0.0	0.0	0.0	0.0	0.0	0.0	50.09069395961321	0.0	0.0	0.0	0.0	0.0	0.0	0.0
GSM4138112_HNSCC_2_PBMC_CTAACTTGTAGCGCTC	62.57201048158638	0.0	0.0	0.0	0.0	0.0	0.0	0.0	0.0	0.0	0.0	0.0	79.35052936772827	0.0	0.0	7.42559142644753	0.0	0.0	0.0	64.53579413703721	0.0	0.0	0.0
GSM4138112_HNSCC_2_PBMC_GAATGAATCTTACCTA	0.0	115.84401949027169	0.0	192.71035623562435	0.0	0.0	0.0	0.0	0.0	0.0	107.27200668176458	0.0	28.320596779933332	0.0	0.0	0.0	19.486163589777416	0.0	0.0	0.0	0.0	0.0	0.0
GSM4138112_HNSCC_2_PBMC_GATTCAGTCCATGCTC	0.0	0.0	82.89319696083724	249.7804378381381	20.37895605895838	0.0	236.02949595246093	0.0	0.0	0.0	0.0	0.0	0.0	0.0	0.0	0.0	0.0	0.0	0.0	0.0	0.0	0.0	0.0
GSM4138112_HNSCC_2_PBMC_GCTGCGACACGCCAGT	45.734107353694114	0.0	0.0	0.0	0.0	0.0	0.0	0.0	0.0	132.71835709556913	53.05974697779285	0.0	0.0	0.0	0.0	0.0	0.0	0.0	0.0	0.0	0.0	0.0	0.0
GSM4138112_HNSCC_2_PBMC_GGATTACGTCCGAACC	0.0	0.0	0.0	103.6372984263669	0.0	57.183331835743665	0.0	0.0	56.78464755451728	0.0	0.0	0.0	30.38476016705412	0.0	14.36947025617025	0.0	0.0	26.013759152274734	0.0	0.0	0.0	0.0	0.0
GSM4138112_HNSCC_2_PBMC_GGGAATGAGAAACGAG	0.0	207.892222839437	121.27237153538208	281.50938853022535	31.749883755007236	0.0	0.0	0.0	0.0	0.0	0.0	0.0	0.0	0.0	0.0	0.0	0.0	0.0	0.0	0.0	0.0	0.0	0.0
GSM4138112_HNSCC_2_PBMC_GTCGGGTTCACCCTCA	0.0	24.714954785240877	0.0	298.12923670733755	50.217356554340725	0.0	0.7564562696635324	0.0	0.0	0.0	0.0	0.0	51.373223711493836	0.0	0.0	0.0	0.0	0.0	0.0	0.0	0.0	0.0	0.0
GSM4138112_HNSCC_2_PBMC_GTTCATTAGGGAACGG	33.10241667567961	0.0	0.0	44.80966962751937	0.0	0.0	0.0	0.0	0.0	0.0	0.0	0.0	0.0	75.06929336940101	0.0	0.0	0.0	0.0	91.17880402789038	0.0	0.0	0.0	0.0
GSM4138112_HNSCC_2_PBMC_GTTCTCGCATCCGCGA	51.65489372882327	0.0	88.09460429646728	18.921723308547758	0.0	93.38243423737049	0.0	0.0	0.0	0.0	0.0	0.0	0.0	0.0	0.0	0.0	0.0	0.0	0.0	0.0	0.0	0.0	0.0
GSM4138112_HNSCC_2_PBMC_GTTTCTACATACCATG	0.0	91.75958568712268	0.0	81.83272920415577	62.237807275825176	0.0	0.0	0.0	0.0	0.0	0.0	0.0	0.0	0.0	0.0	0.0	0.0	0.0	0.0	0.0	0.0	0.0	0.0
GSM4138112_HNSCC_2_PBMC_TACCTTAAGACAGAGA	75.53433126227847	0.0	0.0	0.0	45.0457345771199	0.0	115.81570996176744	0.0	0.0	0.0	0.0	0.0	0.0	0.0	0.0	0.0	0.0	0.0	0.0	0.0	0.0	0.0	0.0
GSM4138112_HNSCC_2_PBMC_TACGGGCCAGACAGGT	165.22858079321477	0.0	0.0	0.0	0.0	0.0	0.0	0.0	0.0	0.0	23.730473605397357	0.0	84.81793994461229	1.3860235818496978	0.0	0.0	0.0	0.0	0.0	25.799152542106032	0.0	0.0	0.0
GSM4138112_HNSCC_2_PBMC_TACTCATTCACAGGCC	0.0	93.79411543110405	46.946575361661814	55.20440578138701	0.0	0.0	0.0	0.0	0.0	0.0	0.0	0.0	0.0	0.0	0.0	0.0	0.0	0.0	0.0	0.0	0.0	0.0	0.0
GSM4138112_HNSCC_2_PBMC_TGAAAGAGTTCCACAA	0.0	0.0	0.0	336.3221396320236	102.1602885266509	230.4790885876249	0.0	0.0	0.0	0.0	0.0	0.0	0.0	0.0	48.23522466340932	0.0	0.0	0.0	0.0	0.0	0.0	0.0	0.0
GSM4138112_HNSCC_2_PBMC_TGCTACCTCAAGAAGT	49.768137576733174	35.070414494851185	0.0	0.0	0.0	0.0	40.34566633838765	0.0	0.0	0.0	0.0	0.0	0.0	121.04616664143433	0.0	0.0	0.0	0.0	0.0	0.0	0.0	0.0	0.0
GSM4138112_HNSCC_2_PBMC_TGTGTTTTCCCTTGTG	0.0	101.45440100417761	0.0	162.64749579448835	106.18639271872118	2.937764521073114	0.0	0.0	0.0	0.0	0.0	0.0	0.0	0.0	0.0	0.0	0.0	0.0	0.0	0.0	0.0	0.0	0.0
GSM4138112_HNSCC_2_PBMC_TTCTTAGAGTATCTCG	12.538519557987808	0.0	0.0	66.54116745772247	46.21062115333232	0.0	0.0	10.080355401275401	0.0	0.0	0.0	0.0	82.78892193144267	0.0	0.0	0.0	61.86536701510507	0.0	0.0	0.0	0.0	0.0	0.0
GSM4138112_HNSCC_2_PBMC_TTGAACGCAATCTGCA	54.58260560903397	0.0	12.20603918865654	0.0	0.0	0.0	0.0	0.0	0.0	0.0	0.0	0.0	118.95944673827869	0.0	13.266888456829236	17.5541188141736	9.170568727488712	0.0	0.0	0.0	0.0	0.0	0.0
GSM4138112_HNSCC_2_PBMC_TTGACTTTCACAGGCC	43.75136212738748	129.54179626569518	12.251081269999604	0.0	28.48134030300533	0.0	0.0	0.0	0.0	0.0	0.0	0.0	0.0	0.0	0.0	0.0	0.0	0.0	0.0	0.0	0.0	0.0	0.0
GSM4138112_HNSCC_2_PBMC_TTGACTTTCCTTTACA	0.0	69.27158203088196	85.16163183068961	57.40968016895915	0.0	0.0	0.0	0.0	0.0	0.0	0.0	0.0	0.0	0.0	8.70663797757019	0.0	0.0	0.0	0.0	0.0	0.0	0.0	0.0
GSM4138112_HNSCC_2_PBMC_TTTCCTCTCGTAGATC	0.0	72.78919452885009	0.0	88.47969693600248	0.0	0.0	0.0	0.0	0.0	0.0	0.0	0.0	0.0	0.0	52.87209995560302	0.0	0.0	0.0	0.0	0.0	0.0	0.0	0.0
GSM4138112_HNSCC_2_PBMC_AAACCTGAGCGAGAAA	0.0	0.0	0.0	87.42905664141608	81.04308763884472	0.0	0.0	0.0	0.0	0.0	0.0	0.0	99.27619352376972	0.0	0.0	0.0	0.0	0.0	0.0	0.0	0.0	0.0	0.0
GSM4138112_HNSCC_2_PBMC_AAAGATGAGCAGACTG	153.5005236340902	165.690105914147	8.488452000640045	0.0	0.0	0.0	44.84481790821706	42.26706557306358	0.0	0.0	129.1717439125767	0.0	0.0	0.0	0.0	0.0	0.0	0.0	0.0	0.0	0.0	0.0	0.0
GSM4138112_HNSCC_2_PBMC_AACTGGTAGTCGATAA	13.469997815736185	0.0	42.01821273974064	77.01145835037242	0.0	0.0	0.0	0.0	0.0	0.0	0.0	136.6496382040981	0.0	0.0	18.84649067543711	0.0	0.0	0.0	0.0	0.0	0.0	0.0	0.0
GSM4138112_HNSCC_2_PBMC_AACTTTCTCCCTTGCA	62.19293228801263	0.0	51.080108420701094	0.0	19.578304944072595	3.3507872720978593	0.0	0.0	103.3797866933839	0.0	0.0	0.0	0.0	0.0	0.0	0.0	0.0	0.0	0.0	0.0	0.0	0.0	0.0
GSM4138112_HNSCC_2_PBMC_AAGGTTCAGTGTCCAT	30.211866099888983	0.0	0.0	21.70752468446326	0.0	0.0	0.0	0.0	0.0	0.0	66.8141872157338	0.0	67.36358296468799	18.64210419657755	0.0	0.0	0.0	0.0	28.886159556850515	0.0	0.0	0.0	0.0
GSM4138112_HNSCC_2_PBMC_AATCCAGTCAGAGGTG	56.7781376215014	152.90980299081326	0.0	0.0	45.123659967518385	0.0	0.0	0.0	0.0	0.0	0.0	0.0	0.0	0.0	0.0	0.0	0.0	0.0	0.0	0.0	0.0	0.0	0.0
GSM4138112_HNSCC_2_PBMC_AATCGGTGTCGACTAT	174.36196685002716	0.0	135.6130616282319	0.0	0.0	249.5341449788225	0.0	0.0	0.0	0.0	0.0	0.0	0.0	0.0	0.0	0.0	0.0	0.0	0.0	0.0	0.0	0.0	0.0
GSM4138112_HNSCC_2_PBMC_ACACCAAAGTGGAGAA	64.50556564941026	0.0	0.0	10.073372979862983	61.63517366480164	0.0	0.0	0.0	0.0	120.60402386089127	0.0	0.0	0.0	0.0	39.33110702383768	0.0	0.0	0.0	0.0	0.0	0.0	0.0	0.0
GSM4138112_HNSCC_2_PBMC_ACAGCCGGTCTGGTCG	137.93602392438834	35.962596795268226	0.0	0.0	0.0	0.0	19.09930192749629	0.0	0.0	0.0	129.3229760919588	39.80379408100919	0.0	0.0	0.0	0.0	0.0	0.0	0.0	7.387263612954592	0.0	0.0	0.0
GSM4138112_HNSCC_2_PBMC_ACATGGTTCAACGGCC	31.876122696628933	0.0	0.0	0.0	33.084754862892034	164.3778938650139	0.0	0.0	0.0	0.0	0.0	0.0	0.0	0.0	0.0	0.0	0.0	0.0	0.0	0.0	0.0	0.0	0.0
GSM4138112_HNSCC_2_PBMC_ACGAGCCTCCAGTATG	72.5997079231256	0.0	0.0	0.0	102.14320569015564	0.0	0.0	0.0	0.0	133.57594426173006	0.0	0.0	0.0	0.0	0.0	0.0	0.0	0.0	0.0	0.0	0.0	0.0	0.0
GSM4138112_HNSCC_2_PBMC_ACGAGGACATGCCTTC	83.06367508554617	0.0	66.027093465711	0.0	0.0	0.0	118.67431144999847	0.0	0.0	0.0	0.0	0.0	0.0	0.0	0.0	0.0	0.0	0.0	0.0	0.0	0.0	0.0	0.0
GSM4138112_HNSCC_2_PBMC_ACGCAGCAGCGTCTAT	0.0	0.0	94.06168285947673	117.72616489061504	61.59513886388276	0.0	0.0	0.0	119.68387578075355	30.336788036439795	0.0	0.0	0.0	0.0	0.0	0.0	0.0	0.0	0.0	0.0	0.0	0.0	0.0
GSM4138112_HNSCC_2_PBMC_ACGGAGAGTCTACCTC	9.660810544681372	0.0	56.243603310357706	39.21355709501371	0.0	0.0	0.0	0.0	3.61322492362357	0.0	0.0	0.0	0.0	0.0	2.149111665966162	14.824113067072366	0.0	0.0	136.04336257882642	0.0	0.0	0.0	0.0
GSM4138112_HNSCC_2_PBMC_ACGGGTCCATGGAATA	18.32006945085476	0.0	105.45237192335108	135.04757406590454	0.0	0.0	0.0	0.0	190.2726381596259	0.0	0.0	0.0	0.0	0.0	0.0	0.0	0.0	0.0	0.0	0.0	0.0	0.0	0.0
GSM4138112_HNSCC_2_PBMC_ACTGAACAGTACGTAA	0.0	191.28753311979054	0.0	120.84438688689642	114.3270741715876	0.0	0.0	0.0	0.0	0.0	0.0	0.0	0.0	0.0	0.0	0.0	0.0	0.0	0.0	0.0	0.0	0.0	0.0
GSM4138112_HNSCC_2_PBMC_ACTGATGGTTACCAGT	74.40272230447263	0.0	0.0	0.0	18.856480458682885	9.141756707250359	0.0	0.0	38.151199922214985	46.171818812410145	0.0	0.0	0.0	0.0	0.0	12.610095138891326	0.0	0.0	0.0	28.924041766193096	0.0	0.0	0.0
GSM4138112_HNSCC_2_PBMC_ACTGTCCCACATCTTT	52.68210681390574	0.0	36.62546701951857	87.97095186104363	0.0	0.0	171.63937054586546	63.175827455181505	0.0	0.0	0.0	0.0	0.0	0.0	39.715465459655576	18.10880278213872	0.0	0.0	0.0	0.0	0.0	0.0	0.0
GSM4138112_HNSCC_2_PBMC_ACTTACTCATGACATC	53.98299555053907	0.0	0.0	27.876529131980504	69.8359238163685	0.0	116.26963831965497	0.0	0.0	0.0	0.0	0.0	0.0	0.0	15.822250404440009	0.0	0.0	0.0	0.0	0.0	0.0	0.0	0.0
GSM4138112_HNSCC_2_PBMC_AGCAGCCCAGTCGATT	147.2972618538682	0.0	87.85889278448312	3.924086326588678	0.0	20.99795971926472	0.0	47.804913724522585	6.933444826483139e-05	0.0	0.0	0.0	0.0	0.0	0.0	82.11843350692659	0.0	0.0	119.63907311785114	0.0	0.0	0.0	0.0
GSM4138112_HNSCC_2_PBMC_AGCGTATGTACGCTGC	0.0	37.050303354523756	0.0	83.105083321568	0.0	0.0	7.093687589397261	0.0	0.0	0.0	0.0	24.445319259722776	0.0	104.56620725191412	0.0	0.0	0.0	0.0	0.0	0.0	0.0	0.0	0.0
GSM4138112_HNSCC_2_PBMC_AGCTCTCCACTGTGTA	123.61637646469522	0.0	101.89161555651629	0.0	0.0	0.0	0.0	0.0	0.0	199.19663313027462	0.0	0.0	0.0	0.0	0.0	0.0	0.0	0.0	0.0	0.0	0.0	0.0	0.0
GSM4138112_HNSCC_2_PBMC_AGCTCTCGTCTAGTGT	98.54899162788851	0.0	97.55026728461243	0.0	0.0	0.0	0.0	0.0	0.0	0.0	0.0	0.0	227.81843939358936	0.0	0.0	0.0	0.0	0.0	0.0	0.0	0.0	0.0	0.0
GSM4138112_HNSCC_2_PBMC_AGGGTGAAGAGCTATA	48.39940152847539	0.0	40.71886958088103	0.0	22.02857930952285	0.0	0.0	0.0	0.0	0.0	0.0	98.42470763924449	0.0	0.0	0.0	0.0	0.0	0.0	0.0	0.0	0.0	0.0	0.0
GSM4138112_HNSCC_2_PBMC_AGGGTGACACATTTCT	119.72009087367043	7.631840486215779	0.0	0.0	0.0	0.0	0.0	0.0	0.0	0.0	52.62201887632252	0.0	103.58019803784673	0.0	0.0	0.0	0.0	0.0	0.0	0.0	0.0	0.0	0.0
GSM4138112_HNSCC_2_PBMC_AGTAGTCTCTTCAACT	2.2586296775854167	82.02533005628496	0.0	60.79289180749501	50.20542967394006	0.0	0.0	0.0	0.0	0.0	0.0	0.0	0.0	0.0	13.992653916980801	0.0	0.0	0.0	0.0	0.0	0.0	0.0	0.0
GSM4138112_HNSCC_2_PBMC_AGTGTCAAGATGTCGG	56.541339718122195	82.94015820883361	0.0	0.0	61.65404442243206	0.0	0.0	0.0	0.0	0.0	0.0	0.0	0.0	0.0	0.0	0.0	0.0	0.0	0.0	0.0	0.0	0.0	0.0
GSM4138112_HNSCC_2_PBMC_ATAACGCGTGCCTGGT	464.49336124882535	0.0	142.23550191605375	0.0	20.581352235343655	100.00854681817451	24.4279873303071	117.49679596544675	0.0	0.0	0.0	0.0	0.0	0.0	0.0	0.0	0.0	0.0	0.0	0.0	0.0	0.0	0.0
GSM4138112_HNSCC_2_PBMC_ATAACGCTCATTTGGG	60.85144987148502	155.21129651126793	0.0	30.29503351242621	32.7054703349001	0.0	1.5484882093690193	0.0	0.0	0.0	63.02706023590914	0.0	0.0	0.0	0.0	0.0	0.0	0.0	0.0	0.0	0.0	0.0	0.0
GSM4138112_HNSCC_2_PBMC_ATAAGAGCAGAGCCAA	148.4980263523826	139.01310583752337	175.59421290321288	0.0	0.0	0.0	0.0	0.0	0.0	0.0	0.0	0.0	0.0	0.0	0.0	0.0	0.0	0.0	0.0	0.0	0.0	0.0	0.0
GSM4138112_HNSCC_2_PBMC_ATAGACCAGCAAATCA	73.70272133032987	0.0	0.0	0.0	63.718442684104446	0.0	0.0	0.0	31.682899359862567	0.0	0.0	69.11809310215729	0.0	0.0	51.83886041294097	0.0	0.0	0.0	0.0	0.0	0.0	0.0	0.0
GSM4138112_HNSCC_2_PBMC_ATCACGACAGTGGAGT	47.955604761183835	87.36824145968454	0.0	6.402422993408738	0.0	0.0	0.0	0.0	0.0	0.0	27.843242674503003	0.0	15.837869345732491	0.0	56.73741339165171	1.5919121004305705	0.0	0.0	0.0	0.0	0.0	0.0	0.0
GSM4138112_HNSCC_2_PBMC_ATCCGAACAAGTAATG	0.0	0.0	0.0	44.87685876059567	6.290771270825911	62.694330633736115	0.0	0.0	4.742838546589275	11.107928245610411	0.0	0.0	0.0	0.0	60.837365999121054	0.0	0.0	0.0	0.0	0.0	0.0	0.0	0.0
GSM4138112_HNSCC_2_PBMC_ATCGAGTAGAAACGAG	20.91239402492869	0.0	152.18107017961952	87.35451073386469	2.145426967379086	153.637590170267	0.0	0.0	0.0	0.0	0.0	0.0	0.0	0.0	0.0	0.0	0.0	0.0	0.0	0.0	0.0	0.0	0.0
GSM4138112_HNSCC_2_PBMC_ATCTGCCCACCACGTG	66.78962413620634	0.0	116.43999559559806	22.68072586183044	0.0	0.0	94.48220163062281	0.0	0.0	0.0	0.0	0.0	0.0	0.0	0.0	0.0	0.0	0.0	0.0	0.0	0.0	0.0	0.0
GSM4138112_HNSCC_2_PBMC_ATGCGATGTTCCTCCA	84.098137905814	0.0	0.0	0.0	77.03257271241172	120.08989344583149	0.0	0.0	0.9575068469011291	0.0	0.0	0.0	0.0	0.0	0.0	0.0	0.0	0.0	0.0	0.0	0.0	0.0	0.0
GSM4138112_HNSCC_2_PBMC_ATTATCCAGACAATAC	64.56700166105468	0.0	12.500082854571026	40.924047838477726	42.2358038065508	120.3056333372673	0.0	0.0	56.2517037216707	8.285740650585828	0.0	0.0	0.0	0.0	0.0	0.0	0.0	0.0	0.0	0.0	0.0	0.0	0.0
GSM4138112_HNSCC_2_PBMC_ATTTCTGCAGGTTTCA	82.94038491378728	93.7202593410602	29.873656300577263	0.0	26.457524658227836	2.8282367987304826	0.0	0.0	0.0	0.0	0.0	0.0	0.0	0.0	0.0	0.0	0.0	0.0	0.0	0.0	0.0	0.0	0.0
GSM4138112_HNSCC_2_PBMC_CAACCTCCAACAACCT	0.0	44.3543572661139	34.500572420109144	51.74548029655432	0.0	0.0	0.0	0.0	0.0	0.0	0.0	0.0	0.0	0.0	0.0	33.52170097816627	55.49476550441217	0.0	0.0	0.0	0.0	0.0	0.0
GSM4138112_HNSCC_2_PBMC_CAAGAAACAAGTCTAC	24.393435961371775	111.076331504445	48.85310732247638	21.899659777558306	81.32474974558474	0.0	0.0	0.0	0.0	0.0	0.0	0.0	0.0	0.0	0.0	2.530548564358023	0.0	0.0	0.0	0.0	0.0	0.0	0.0
GSM4138112_HNSCC_2_PBMC_CAAGGCCGTAGCTCCG	101.78101752165118	0.0	0.0	0.0	0.0	0.0	0.0	0.0	0.0	0.0	75.51990424614725	0.0	13.569949409594056	0.0	0.0	0.0	0.0	0.0	128.32007211821414	0.0	0.0	0.0	0.0
GSM4138112_HNSCC_2_PBMC_CAAGTTGAGCAGCGTA	55.065674313409026	51.146725842793195	0.0	0.0	47.025091960262536	0.0	0.0	0.0	0.0	0.0	0.0	0.0	0.0	0.0	38.06304068882903	0.0	0.0	0.0	0.0	0.0	0.0	0.0	0.0
GSM4138112_HNSCC_2_PBMC_CACCACTCACAGGTTT	111.65844121301775	0.0	0.0	0.0	0.0	0.0	0.0	0.0	0.0	0.0	27.677705339621923	0.0	134.46527119167663	97.91867118699795	0.0	0.0	0.0	0.0	0.0	0.0	0.0	0.0	0.0
GSM4138112_HNSCC_2_PBMC_CAGAGAGGTGGCCCTA	35.7151384515543	0.0	0.0	0.0	0.0	0.0	1.9858433144741794	97.54397427185005	0.0	0.0	0.0	3.3547015455955194	0.0	0.0	67.43583149584877	9.934638754774813	0.0	0.0	0.0	0.0	0.0	0.0	0.0
GSM4138112_HNSCC_2_PBMC_CAGCAGCCAATCACAC	0.0	0.0	0.0	137.71992710925448	0.0	0.41779118139055615	51.791055235585645	0.0	29.887404559963464	26.62337968381387	55.00902255870664	0.0	0.0	39.98971531648509	0.0	0.0	0.0	0.0	0.0	0.0	0.0	0.0	0.0
GSM4138112_HNSCC_2_PBMC_CAGCATAAGAAGAAGC	94.94269656283033	0.0	36.23293156826844	0.0	0.0	75.07766204316361	0.0	0.0	0.0	0.0	0.0	0.0	0.0	0.0	0.0	0.0	0.0	0.0	0.0	0.0	0.0	0.0	0.0
GSM4138112_HNSCC_2_PBMC_CAGCTAAAGGACACCA	84.54662214130036	0.0	90.98540364280137	0.0	0.0	2.154253658065215	0.0	0.0	30.789229090132594	77.28616042545887	0.0	0.0	0.0	0.0	13.941636754733526	0.0	0.0	0.0	0.0	0.0	0.0	0.0	0.0
GSM4138112_HNSCC_2_PBMC_CAGCTGGGTCCAGTTA	165.0142228774552	0.0	147.40266341079987	0.0	0.0	190.5781608730464	0.0	0.0	57.31863409052092	0.0	0.0	0.0	0.0	0.0	0.0	0.0	0.0	0.0	0.0	0.0	0.0	0.0	0.0
GSM4138112_HNSCC_2_PBMC_CATCGAAAGAAGGGTA	0.0	0.0	17.494308515501167	95.24295230665773	31.577509890988775	33.9046880399232	0.0	0.0	46.78925595137644	0.0	0.0	0.0	0.0	0.0	0.0	0.0	0.0	0.0	0.0	0.0	0.0	0.0	0.0
GSM4138112_HNSCC_2_PBMC_CATGCCTTCTGGTGTA	171.02949679532125	60.53566209767787	126.21755840473067	0.0	0.0	155.21545079659802	0.0	0.0	0.0	0.0	42.84163287165246	0.0	0.0	0.0	0.0	0.0	0.0	0.0	0.0	0.0	0.0	0.0	0.0
GSM4138112_HNSCC_2_PBMC_CATTATCAGCAGATCG	60.31801691881998	0.0	12.591871010574566	0.0	51.7636293081358	0.0	0.0	79.01404365405523	24.810454095672746	0.0	0.0	0.0	0.0	0.0	9.540734224142561	0.0	0.0	0.0	0.0	0.0	0.0	0.0	0.0
GSM4138112_HNSCC_2_PBMC_CCATTCGAGCGATATA	166.0966839229516	152.0708781948063	0.0	0.0	0.0	0.0	0.0	0.0	0.0	0.0	0.0	0.0	0.0	0.0	50.42533907005894	0.0	0.0	118.04783917265362	0.0	0.0	0.0	0.0	0.0
GSM4138112_HNSCC_2_PBMC_CCATTCGGTGTGAATA	108.9227214825857	44.86605389125924	85.87558701120214	0.0	0.0	0.0	101.38035957734317	0.0	0.0	0.0	0.0	0.0	0.0	0.0	0.0	0.0	0.0	0.0	0.0	0.0	0.0	0.0	0.0
GSM4138112_HNSCC_2_PBMC_CCCAATCCACACATGT	146.927372807576	0.0	149.6778390922568	0.0	0.0	165.13305198408898	0.0	0.0	0.0	0.0	0.0	0.0	20.614466318140245	0.0	0.0	0.0	0.0	0.0	0.0	0.0	0.0	0.0	0.0
GSM4138112_HNSCC_2_PBMC_CCCAATCTCAACACCA	84.93126156200117	0.0	18.640588322806536	0.0	43.96192045136753	102.41350245276531	0.0	0.0	0.0	0.0	0.0	0.0	0.0	0.0	0.0	0.0	0.0	0.0	0.0	0.0	0.0	0.0	0.0
GSM4138112_HNSCC_2_PBMC_CCCTCCTAGACAAGCC	74.40717399101953	6.620720043608521	55.370472455551244	0.0	0.0	65.05461759266088	0.0	0.0	0.0	0.0	0.0	0.0	0.0	0.0	0.0	0.0	0.0	0.0	0.0	0.0	0.0	0.0	0.0
GSM4138112_HNSCC_2_PBMC_CCTCAGTCACCAGATT	74.3122753104266	0.0	14.166227378113396	0.0	25.461440773941618	0.0	0.0	0.0	0.0	0.0	33.71366165043252	0.0	0.0	0.0	0.0	0.0	82.63804584457269	0.0	0.0	0.0	0.0	0.0	0.0
GSM4138112_HNSCC_2_PBMC_CCTCTGACACTCAGGC	64.67335719055956	83.71115040486589	52.754657309934075	0.0	0.0	0.0	0.0	0.0	22.731736056200127	0.0	0.0	0.0	0.0	0.0	36.549551600073215	0.0	0.0	0.0	0.0	0.0	0.0	0.0	0.0
GSM4138112_HNSCC_2_PBMC_CCTTACGGTGTGACCC	126.1625173030257	174.49851956027527	0.0	0.0	0.0	0.0	0.0	0.0	0.0	0.0	0.0	0.0	0.0	0.0	0.0	145.09196047005835	0.0	0.0	0.0	0.0	0.0	0.0	0.0
GSM4138112_HNSCC_2_PBMC_CCTTCCCTCCAATGGT	0.0	0.0	0.0	62.49027925670216	0.0	134.0379205122356	0.0	0.0	0.0	0.0	0.0	0.0	0.0	72.29253516832338	0.0	0.0	0.0	0.0	0.0	0.0	0.0	0.0	0.0
GSM4138112_HNSCC_2_PBMC_CGAGAAGGTGCCTGTG	107.1416226658592	0.0	73.79258884552515	0.0	0.0	123.93974253950587	0.0	0.0	0.0	0.0	0.0	0.0	0.0	0.0	0.0	0.5920392740030986	0.0	0.0	0.0	0.0	0.0	0.0	0.0
GSM4138112_HNSCC_2_PBMC_CGAGCCAAGGTCATCT	0.0	49.50727604663725	30.92347864010464	91.83528974090133	0.0	0.0	0.0	0.0	0.0	0.0	0.0	0.0	0.0	0.0	0.0	41.258258955131865	0.0	0.0	0.0	0.0	0.0	0.0	0.0
GSM4138112_HNSCC_2_PBMC_CGATCGGAGTACATGA	89.71640224906638	3.1799574893773617	73.15296742451198	0.0	0.0	97.98937241101754	0.0	7.143438054778843	0.0	0.0	0.0	0.0	0.0	0.0	0.0	0.0	0.0	0.0	0.0	0.0	0.0	0.0	0.0
GSM4138112_HNSCC_2_PBMC_CGCCAAGCAATGACCT	0.0	160.90341186958287	104.98314979288085	353.3936170708822	0.0	0.0	0.0	0.0	0.0	0.0	0.0	0.0	0.0	0.0	0.0	0.0	11.940788214102273	0.0	0.0	0.0	0.0	0.0	0.0
GSM4138112_HNSCC_2_PBMC_CGCCAAGGTCCGCTGA	176.4314805468862	234.41971503231687	167.4481125962415	0.0	0.0	20.452101703901025	0.0	0.0	0.0	0.0	0.0	0.0	0.0	0.0	0.0	0.0	0.0	0.0	0.0	0.0	0.0	0.0	0.0
GSM4138112_HNSCC_2_PBMC_CGCTGGAAGTACCGGA	0.0	0.0	0.0	98.30721666034478	55.51484648962859	0.0	41.66685532746403	57.27203995657408	0.0	0.0	0.0	0.0	0.0	0.0	0.0	0.0	0.0	0.0	0.0	0.0	0.0	0.0	0.0
GSM4138112_HNSCC_2_PBMC_CGCTTCATCCGCGGTA	160.97178392966575	0.0	0.0	0.0	0.0	0.0	0.0	93.97421470156887	0.0	0.0	141.60156804059721	0.0	176.62274470975328	0.0	0.0	0.0	0.0	0.0	0.0	7.545819410255656	0.0	0.0	0.0
GSM4138112_HNSCC_2_PBMC_CGGACACGTTCAGTAC	123.39944393022833	117.6987514921448	105.2039463281953	0.0	0.0	0.0	0.0	0.0	0.0	0.0	0.0	0.0	0.0	0.0	0.0	0.0	0.0	0.0	0.0	0.0	0.0	0.0	0.0
GSM4138112_HNSCC_2_PBMC_CGGACGTTCCAAGTAC	128.7747849694681	0.0	3.1392801201757905	0.0	98.27122758673312	0.0	147.62252039760764	0.0	0.0	0.0	0.0	0.0	0.0	0.0	0.0	0.0	0.0	0.0	0.0	0.0	0.0	0.0	0.0
GSM4138112_HNSCC_2_PBMC_CGTAGGCGTGTCTGAT	54.03999630845676	0.0	0.0	0.0	14.233375501403989	0.0	79.61915533333264	0.0	0.0	0.0	0.0	0.0	0.0	0.0	0.0	42.18880057072476	0.0	0.0	0.0	0.0	0.0	0.0	0.0
GSM4138112_HNSCC_2_PBMC_CGTTGGGCAAAGAATC	96.4443779837505	58.80707848667088	7.910424917148329	30.637412815036576	30.958498741415756	0.0	0.0	0.0	0.0	0.0	0.0	0.0	0.0	0.0	0.0	0.0	0.0	0.0	0.0	0.0	0.0	0.0	0.0
GSM4138112_HNSCC_2_PBMC_CTAAGACAGATGAGAG	68.12907374743219	108.44701364057053	0.0	34.32181234514428	62.37005964538239	0.0	0.0	0.0	0.0	0.0	0.0	0.0	0.0	0.0	0.0	0.0	0.0	0.0	0.0	0.0	0.0	0.0	0.0
GSM4138112_HNSCC_2_PBMC_CTACACCAGTGGACGT	96.8110438837036	0.0	154.3096175419789	0.0	0.0	0.0	0.0	0.0	10.873171355566454	0.0	0.0	115.07040501192333	0.0	0.0	0.0	0.0	0.0	0.0	0.0	0.0	0.0	0.0	0.0
GSM4138112_HNSCC_2_PBMC_CTACGTCGTCTTGCGG	123.30863082585357	77.75204296824974	48.425780283252	0.0	0.0	0.0	0.0	0.0	0.0	0.0	49.453403251749094	81.8787511898379	0.0	0.0	0.0	0.0	0.0	0.0	0.0	0.0	0.0	0.0	0.0
GSM4138112_HNSCC_2_PBMC_CTCATTATCATCGGAT	77.43756641255898	0.0	0.0	0.0	66.16568744790236	0.0	0.0	0.0	0.0	175.94794036926234	0.0	0.0	0.0	0.0	0.0	0.0	0.0	0.0	0.0	0.0	0.0	0.0	0.0
GSM4138112_HNSCC_2_PBMC_CTCGAGGAGAAGGTGA	36.624899413343265	0.0	52.95115064646844	34.5223740218431	11.777491810200596	113.63164266390177	0.0	0.0	0.0	0.0	0.0	0.0	0.0	0.0	0.0	0.0	0.0	0.0	0.0	0.0	0.0	0.0	0.0
GSM4138112_HNSCC_2_PBMC_CTCGGGAGTACTCTCC	122.5635989532784	37.54297840336406	45.18476204126865	0.0	35.900897906338535	23.236126119026537	89.14745005673578	0.0	16.019461243521175	0.0	46.086905822597906	0.0	0.0	0.0	0.0	29.09074152934685	0.0	0.0	0.0	0.0	0.0	0.0	0.0
GSM4138112_HNSCC_2_PBMC_CTGATAGGTTACGCGC	76.03606130319564	0.0	23.034957037848223	0.0	73.83515378114957	0.0	0.0	153.54450963128033	0.0	0.0	0.0	0.0	0.0	0.0	0.0	0.0	0.0	0.0	0.0	0.0	0.0	0.0	0.0
GSM4138112_HNSCC_2_PBMC_CTGCCTAAGCCTCGTG	90.66164300136533	58.74475743790616	0.0	1.754407874974468	72.51513515321638	0.0	0.0	0.0	0.0	0.0	0.0	0.0	0.0	0.0	0.0	0.0	102.31959576080368	0.0	0.0	0.0	0.0	0.0	0.0
GSM4138112_HNSCC_2_PBMC_CTGCGGAGTCATTAGC	75.30831157249237	38.60478524691658	0.0	0.0	0.0	0.0	0.0	39.729374153863105	0.0	0.0	41.6393776967679	0.0	0.0	36.7563466030487	0.0	0.0	0.0	0.0	0.0	0.0	0.0	0.0	0.0
GSM4138112_HNSCC_2_PBMC_CTTAACTCACGGTTTA	118.28022864038671	0.0	80.81716465781999	0.0	60.11417701705236	0.0	0.0	0.0	228.16435952717143	0.0	0.0	0.0	0.0	0.0	0.0	0.0	0.0	0.0	0.0	0.0	0.0	0.0	0.0
GSM4138112_HNSCC_2_PBMC_CTTCTCTTCGAGGTAG	126.34268417620017	149.67782788433044	99.06641673552986	0.0	0.0	0.0	0.0	0.0	0.0	0.0	0.0	0.0	0.0	0.0	0.0	0.0	0.0	0.0	0.0	0.0	0.0	0.0	0.0
GSM4138112_HNSCC_2_PBMC_CTTTGCGCACACTGCG	19.74160613220553	0.0	0.0	37.78948613215657	0.0	0.0	0.0	0.0	0.0	52.878919277380724	0.0	0.0	66.98774761104171	63.48957326460842	0.0	0.0	0.0	0.0	6.035269465708509	0.0	0.0	0.0	0.0
GSM4138112_HNSCC_2_PBMC_GAAACTCAGGAATGGA	94.41790339513543	0.0	111.44098256307323	0.0	0.0	0.0	0.0	0.0	0.0	90.3945370214078	0.0	0.0	0.0	0.0	0.0	0.0	0.0	0.0	0.0	0.0	0.0	0.0	0.0
GSM4138112_HNSCC_2_PBMC_GAATAAGGTCTCGTTC	189.969200628298	147.73964957127612	0.0	0.0	137.2854071267887	0.0	0.0	0.0	0.0	0.0	0.0	0.0	0.0	0.0	0.0	0.0	0.0	0.0	0.0	0.0	0.0	0.0	0.0
GSM4138112_HNSCC_2_PBMC_GAATGAAGTGTCGCTG	120.61946602990888	203.31973290876402	49.25953059161525	69.29171758064803	126.27311120341275	0.0	0.0	0.0	0.0	0.0	0.0	0.0	0.0	0.0	0.0	0.0	0.0	0.0	0.0	0.0	0.0	0.0	0.0
GSM4138112_HNSCC_2_PBMC_GACACGCGTGGTTTCA	47.127402679446156	0.0	15.093787825632841	20.505782212763073	65.52533192981727	0.0	0.0	0.0	0.0	0.0	0.0	0.0	123.81903870176635	0.0	0.0	0.0	0.0	0.0	0.0	0.0	0.0	0.0	0.0
GSM4138112_HNSCC_2_PBMC_GACAGAGTCTGTTTGT	41.60638691462414	0.0	0.0	9.46163427559853	0.0	0.0	0.0	0.0	0.0	0.0	0.0	0.0	81.04152295154681	66.4833100528826	0.0	0.0	0.0	0.0	0.0	23.885994485830526	0.0	0.0	0.0
GSM4138112_HNSCC_2_PBMC_GACCAATAGCCCAGCT	122.52079737677703	0.0	0.0	0.0	27.110080293153246	0.0	0.8310487934329661	0.0	0.0	105.61364660047103	0.0	0.0	0.0	0.0	0.0	70.11310309274519	0.0	0.0	0.0	0.0	0.0	0.0	0.0
GSM4138112_HNSCC_2_PBMC_GACTACAGTGCAACGA	65.1893189566161	0.0	0.0	0.0	0.0	0.0	0.0	0.0	23.78550070734127	0.0	67.21363827344685	0.0	26.14498306913636	0.0	22.819160475527585	0.0	0.0	22.39785399472823	56.71422960220225	0.0	0.0	0.0	0.0
GSM4138112_HNSCC_2_PBMC_GACTGCGCATACTCTT	0.0	0.0	85.32116040205204	100.62707274416782	0.0	0.0	0.0	0.0	0.0	136.62992809005618	0.0	0.0	0.0	0.0	0.0	0.0	0.0	0.0	0.0	0.0	0.0	0.0	0.0
GSM4138112_HNSCC_2_PBMC_GATCGATCACGTGAGA	110.85593044591296	144.1814175939749	21.148039587854413	0.0	86.45190948253274	0.0	0.0	0.0	0.0	0.0	0.0	0.0	0.0	0.0	0.0	0.0	0.0	0.0	0.0	0.0	0.0	0.0	0.0
GSM4138112_HNSCC_2_PBMC_GATCGCGAGGTGGGTT	74.24694961356353	0.0	3.765492219368094	0.0	36.53737803421099	0.0	0.0	80.5457963662376	0.0	0.0	18.519561783195684	38.81798757589583	0.0	51.18804345268494	0.0	0.0	0.0	0.0	0.0	0.0	0.0	0.0	0.0
GSM4138112_HNSCC_2_PBMC_GATTCAGGTAGCGCAA	15.217864705131461	0.0	0.0	111.05097586304561	118.26357168852549	36.67494179850352	0.0	0.0	0.0	78.8121831677277	0.0	0.0	47.627966867174955	0.0	0.0	0.0	0.0	0.0	0.0	0.0	0.0	0.0	0.0
GSM4138112_HNSCC_2_PBMC_GCACATAGTTCACCTC	43.795490433077646	0.0	0.0	8.997947405384467	0.0	0.0	0.0	63.71274252904785	32.11030896178003	0.0	0.0	0.0	0.0	70.54648906532755	0.0	0.0	0.0	0.0	0.0	0.0	0.0	0.0	0.0
GSM4138112_HNSCC_2_PBMC_GCAGTTAAGGCTAGAC	87.50265443356297	0.0	111.57959096432837	29.24097804809623	0.3991113960340989	0.0	0.0	0.0	0.0	0.0	0.0	0.0	0.0	0.0	0.0	0.0	198.0506889487781	0.0	0.0	0.0	0.0	0.0	0.0
GSM4138112_HNSCC_2_PBMC_GCATACACACGGCGTT	151.88083713983838	55.51977969820149	108.3635598083843	0.0	29.628896453893624	0.0	0.0	0.0	0.0	0.0	0.0	125.31826878829736	0.0	0.0	0.0	0.0	0.0	0.0	0.0	0.0	0.0	0.0	0.0
GSM4138112_HNSCC_2_PBMC_GCATACACAGCAGTTT	60.60594278466164	88.4332348095929	34.20817675612921	0.0	13.261222816986828	0.0	2.282841402873701	0.0	0.0	0.0	0.0	0.0	0.0	0.0	0.0	0.0	0.0	0.0	0.0	0.0	0.0	0.0	0.0
GSM4138112_HNSCC_2_PBMC_GCATGATCACCGATAT	123.96550498148113	0.0	0.0	0.0	0.0	0.0	0.0	0.0	0.0	140.20673111467772	0.0	0.0	0.0	101.3142808563212	0.0	0.0	0.0	0.0	0.0	0.0	0.0	0.0	0.0
GSM4138112_HNSCC_2_PBMC_GCATGATCACTGTTAG	0.0	0.0	64.303681424101	75.32291122417944	0.0	41.1592494749401	0.0	0.0	43.90916419392233	0.0	0.0	0.0	43.16761055062136	0.0	0.0	0.0	0.0	0.0	0.0	0.0	0.0	0.0	0.0
GSM4138112_HNSCC_2_PBMC_GCATGATCATCACCCT	53.42746497539311	0.0	86.85668758387833	20.823402786550965	0.0	0.0	0.0	0.0	84.42782275951106	0.0	0.0	0.0	0.0	0.0	0.0	0.0	0.0	0.0	0.0	0.0	0.0	0.0	0.0
GSM4138112_HNSCC_2_PBMC_GCATGCGAGCTGATAA	46.27120736402228	23.842537551382225	0.0	47.34430664080528	0.0	0.0	161.79669174617473	0.0	0.0	0.0	90.9153291320507	0.0	0.0	19.3605610080478	0.0	0.0	0.0	0.0	0.0	0.0	0.0	0.0	0.0
GSM4138112_HNSCC_2_PBMC_GCATGCGCAATCGGTT	41.7690679579906	57.54579724901227	0.0	4.786915756573777	0.0	0.0	0.0	0.0	0.0	0.0	137.46481995524462	0.0	0.0	0.0	0.0	0.0	0.0	0.0	0.0	0.0	0.0	0.0	0.0
GSM4138112_HNSCC_2_PBMC_GCGACCAGTCATTAGC	99.14434418224262	232.71227138997017	170.45554989621183	44.525407889884924	0.0	0.0	0.0	0.0	0.0	0.0	0.0	0.0	0.0	0.0	0.0	0.0	0.0	0.0	0.0	0.0	0.0	0.0	0.0
GSM4138112_HNSCC_2_PBMC_GCGAGAATCGCCTGAG	0.0	0.0	50.326618439823115	114.75436149736791	0.0	0.0	161.7354027162509	0.0	0.0	0.0	0.0	0.0	0.0	8.374135376653882	44.86577811487637	0.0	0.0	2.072025616220338	0.0	0.0	0.0	0.0	0.0
GSM4138112_HNSCC_2_PBMC_GCTCTGTCACGGTAAG	0.0	25.466739688637098	0.0	50.80021295381216	0.0	0.0	0.0	13.86064010835567	0.0	0.0	0.0	0.0	0.0	23.347950054238527	0.0	0.0	49.37619870463408	95.59637810734249	0.0	0.0	0.0	0.0	0.0
GSM4138112_HNSCC_2_PBMC_GCTGCAGAGTGCCATT	80.57386013934419	0.0	92.78171544210372	2.751183661360888	0.0	0.0	0.0	0.0	0.0	0.0	0.0	98.91808145167597	0.0	0.0	0.0	0.0	0.0	0.0	0.0	0.0	0.0	0.0	0.0
GSM4138112_HNSCC_2_PBMC_GGACAAGGTAGATTAG	12.516895036143051	0.0	126.83732938352601	196.02650387690989	0.0	0.0	255.87249618842534	0.0	0.0	0.0	0.0	0.0	0.0	0.0	0.0	0.0	0.0	0.0	0.0	0.0	0.0	0.0	0.0
GSM4138112_HNSCC_2_PBMC_GGAGCAAAGATGGGTC	124.41289443695574	204.25364075355478	9.601096970133947	0.0	129.94046408731984	0.0	0.0	0.0	0.0	0.0	0.0	0.0	0.0	0.0	0.0	0.0	0.0	0.0	0.0	0.0	0.0	0.0	0.0
GSM4138112_HNSCC_2_PBMC_GGCAATTTCATCATTC	129.45104795881633	75.8385966282997	0.0	0.0	71.21289503774894	0.0	26.42216495957453	0.0	0.0	0.0	0.0	0.0	0.0	0.0	0.0	0.0	0.0	0.0	0.0	29.206570935203807	0.0	0.0	0.0
GSM4138112_HNSCC_2_PBMC_GGGCACTCAATGGACG	150.158514123906	0.0	0.0	0.0	93.55141304964789	0.0	82.07207638956126	144.24259884586004	0.0	0.0	0.0	0.0	0.0	0.0	0.0	0.0	0.0	0.0	0.0	0.0	0.0	0.0	0.0
GSM4138112_HNSCC_2_PBMC_GGGTTGCGTACATCCA	108.10811014415708	8.502104606173347	0.0	0.0	14.661219059213195	0.0	0.0	0.0	8.056992453158314	0.0	6.390660483588085	114.91730376764339	0.0	14.261816970084412	0.0	41.81896562223671	0.0	0.0	0.0	0.0	0.0	0.0	0.0
GSM4138112_HNSCC_2_PBMC_GTAACGTGTATAATGG	65.55616101839209	0.0	0.0	0.0	0.0	0.0	0.0	0.0	140.04513528349835	0.0	41.79638932219796	0.0	0.0	0.0	0.0	0.0	0.0	0.0	0.0	10.29947944383516	0.0	23.337178850651902	0.0
GSM4138112_HNSCC_2_PBMC_GTCCTCAAGCTCCCAG	0.0	0.0	0.0	48.73202423807343	0.0	0.0	0.0	0.0	0.0	80.87056596498833	0.0	0.0	0.0	154.09588309595622	0.0	0.0	0.0	0.0	0.0	0.0	0.0	0.0	0.0
GSM4138112_HNSCC_2_PBMC_GTCCTCAGTAGCGTAG	0.0	0.0	33.56407069359287	73.47687973533166	25.462662407380147	0.0	0.0	0.0	62.09344191895727	0.0	0.0	0.0	0.0	0.8887110063093776	4.498739375257237	0.0	0.0	9.11588170581759	0.0	0.0	0.0	0.0	0.0
GSM4138112_HNSCC_2_PBMC_GTCCTCAGTGCGGTAA	115.73382552882937	0.0	65.5877039308797	0.0	0.0	130.80503320438135	0.0	0.0	0.0	0.0	39.122946687655855	0.0	0.0	0.0	0.0	0.0	0.0	0.0	0.0	0.0	0.0	0.0	0.0
GSM4138112_HNSCC_2_PBMC_GTCGGGTGTAAGTGGC	116.89635431428204	128.75806305368712	124.20062917463102	0.0	0.0	0.0	28.090092709113254	0.0	0.0	0.0	0.0	0.0	0.0	0.0	0.0	0.0	0.0	0.0	0.0	0.0	0.0	0.0	0.0
GSM4138112_HNSCC_2_PBMC_GTCGTAAAGTACACCT	85.24518581936691	108.16843136282426	85.24307118662568	3.5881367754249913	0.0	0.0	38.77793066827508	0.0	0.0	0.0	0.0	0.0	0.0	0.0	0.0	0.0	0.0	0.0	0.0	0.0	0.0	0.0	0.0
GSM4138112_HNSCC_2_PBMC_GTGGGTCTCTTAACCT	214.31817552173194	0.0	235.70286599834208	0.0	0.0	6.266688151135793	0.0	0.0	253.6872449955825	0.0	0.0	0.0	0.0	0.0	0.0	0.0	0.0	0.0	0.0	0.0	0.0	0.0	0.0
GSM4138112_HNSCC_2_PBMC_GTGTGCGAGCCGCCTA	40.01278069524907	174.35200502758647	75.83043653046334	43.60953048739031	33.388857234654765	0.0	0.0	0.0	0.0	0.0	0.0	5.976308303557944	0.0	0.0	0.0	0.0	0.0	0.0	0.0	0.0	0.0	0.0	0.0
GSM4138112_HNSCC_2_PBMC_GTTCTCGAGTAACCCT	27.227037282710786	0.0	0.0	83.10762592467319	0.33212771700136157	0.0	56.396056195220474	0.0	77.10910359785913	0.0	25.667142992453417	0.0	0.0	36.75189226811686	46.920166390153774	0.0	0.0	0.0	0.0	0.0	0.0	0.0	0.0
GSM4138112_HNSCC_2_PBMC_TAAGCGTCAGACGCCT	73.96444483893472	0.0	0.0	0.0	62.329130131785945	206.11494887867136	0.0	0.0	0.0	0.0	0.0	0.0	0.0	0.0	0.0	0.0	0.0	0.0	0.0	0.0	0.0	0.0	0.0
GSM4138112_HNSCC_2_PBMC_TACGGTATCAGCCTAA	102.73680007133088	166.49712085123903	143.21396672234056	0.0	0.0	0.0	0.0	0.0	0.0	0.0	0.0	0.0	0.0	0.0	0.0	0.0	0.0	0.0	0.0	0.0	0.0	0.0	0.0
GSM4138112_HNSCC_2_PBMC_TAGCCGGGTTCATGGT	0.0	82.70198298396788	7.607754823376545	65.74344316751525	0.0	0.0	0.0	0.0	0.0	0.0	42.87349010397591	0.0	0.0	0.0	0.8573521571955801	0.0	0.0	0.0	0.0	0.0	0.0	0.0	0.0
GSM4138112_HNSCC_2_PBMC_TAGTGGTAGGATGGAA	65.82418813250766	118.32998612659658	0.0	0.0	0.0	0.0	0.0	0.0	0.0	0.0	16.690243515698622	0.0	0.0	22.094776462820942	0.0	0.0	0.0	10.096909854626713	0.0	0.0	0.0	0.0	0.0
GSM4138112_HNSCC_2_PBMC_TAGTTGGGTCCATGAT	0.0	107.12708412235493	0.0	191.37260129055954	38.218638850715394	0.0	57.555003987548815	0.0	103.29438818090667	0.0	80.20593601379446	0.0	0.0	0.0	0.0	0.0	0.0	0.0	0.0	2.8752309746310662	0.0	0.0	0.0
GSM4138112_HNSCC_2_PBMC_TATTACCCAGCTGTAT	137.7831067899826	295.14284572623654	192.17721179356465	62.9835707815353	0.0	0.0	0.0	0.0	0.0	0.0	0.0	0.0	0.0	0.0	0.0	0.0	0.0	0.0	0.0	0.0	0.0	0.0	0.0
GSM4138112_HNSCC_2_PBMC_TCATTTGGTGTGGTTT	133.8470562425818	79.70388778636561	0.0	0.0	0.0	0.0	63.543866704517605	0.0	0.0	0.0	0.0	0.0	8.748604278826933	156.56072189209297	0.0	0.0	0.0	0.0	0.0	0.0	0.0	0.0	0.0
GSM4138112_HNSCC_2_PBMC_TCATTTGGTTGGAGGT	91.34023433920618	56.346731016661884	0.0	0.0	0.0	0.0	0.0	0.0	0.0	0.0	0.0	54.81846214465872	0.0	40.85231215892905	0.0	0.0	0.0	0.0	0.0	0.0	0.0	24.552823977304733	0.0
GSM4138112_HNSCC_2_PBMC_TCTCATAGTCTGCGGT	115.51617870282743	117.14016651839502	124.32666642273195	0.0	0.0	0.0	0.0	0.0	0.0	0.0	0.0	22.86869263735161	0.0	0.0	0.0	0.0	0.0	0.0	0.0	0.0	0.0	0.0	0.0
GSM4138112_HNSCC_2_PBMC_TCTCATAGTTTGTGTG	111.49374440401044	4.1387130776539625	0.0	0.0	0.0	0.0	77.73618496466736	0.0	19.92627028100751	0.0	0.0	0.0	0.0	20.764484994685144	58.09760692106266	9.393157242895539	0.0	0.0	0.0	5.446543928859587	0.0	0.0	0.0
GSM4138112_HNSCC_2_PBMC_TCTTTCCTCGAGAGCA	20.186574266078043	0.0	0.0	64.1705524743298	0.0	0.0	0.0	3.1304644073948698	0.0	0.0	75.88397321958763	0.0	42.95787682851137	2.4454501021194197	5.620868979121579	11.228798290364828	46.880520053967004	0.0	0.0	0.0	0.0	0.0	0.0
GSM4138112_HNSCC_2_PBMC_TGAAAGATCACGCGGT	63.42866720874059	0.0	0.0	0.0	79.91919454084041	0.0	44.37779778488864	0.0	0.0	0.0	0.0	0.0	0.0	0.0	0.0	0.0	0.0	0.0	0.0	0.0	0.0	0.0	0.0
GSM4138112_HNSCC_2_PBMC_TGACTAGAGAAACCTA	20.639836797011796	92.4652578648373	242.0930814420939	142.97899373658106	0.0	0.0	31.931484521629883	0.0	0.0	0.0	0.0	105.01383720749438	0.0	0.0	0.0	0.0	0.0	0.0	0.0	0.0	0.0	0.0	0.0
GSM4138112_HNSCC_2_PBMC_TGACTTTAGGATATAC	43.14619340124408	127.78106961509638	83.95077068863799	42.000755397463564	0.0	0.0	0.0	0.0	0.0	0.0	0.0	0.0	0.0	0.0	0.0	0.0	0.0	0.0	0.0	26.705632072506738	0.0	0.0	0.0
GSM4138112_HNSCC_2_PBMC_TGCACCTTCTAGCACA	69.38856884840615	0.0	54.848013075849536	0.0	21.609112582726063	0.0	28.68573843532204	0.0	0.0	0.0	0.0	34.56966248299964	20.459648009105823	0.0	0.0	0.0	0.0	0.0	0.0	0.0	0.0	0.0	0.0
GSM4138112_HNSCC_2_PBMC_TGCCCTACACTGAAGG	108.85435720995115	0.0	20.571415197311623	0.0	72.65128449022839	194.1449859224629	0.0	0.0	0.0	0.0	0.0	0.0	0.0	0.0	0.0	0.0	0.0	0.0	0.0	0.0	0.0	0.0	0.0
GSM4138112_HNSCC_2_PBMC_TGCCCTAGTAGCCTCG	72.78520348695054	0.0	0.0	23.802311011988053	0.0	0.0	0.0	0.0	204.62254394380355	0.0	0.0	0.0	0.0	0.0	0.0	0.0	0.0	120.10776425338297	0.0	0.0	0.0	0.0	0.0
GSM4138112_HNSCC_2_PBMC_TGCCCTAGTTTCGCTC	92.03487020033481	98.86321358475999	21.767810306993837	0.0	0.0	0.0	0.0	0.0	0.0	0.0	25.7134331889208	0.0	0.0	0.0	0.0	55.73571418630218	0.0	0.0	0.0	0.0	0.0	0.0	0.0
GSM4138112_HNSCC_2_PBMC_TGCGGGTTCACATACG	53.79347195816621	101.30838731765556	0.0	32.94934091725853	53.46260345537716	0.0	67.6323619481654	0.0	0.0	0.0	0.0	0.0	0.0	0.0	0.0	53.80198157020601	0.0	0.0	0.0	0.0	46.383524989487405	0.0	0.0
GSM4138112_HNSCC_2_PBMC_TGGCGCATCTGCCCTA	0.0	55.61223571687418	0.0	74.76586343953664	66.39226567899898	0.0	16.870317902740013	0.0	0.0	0.0	0.0	0.0	0.0	0.0	0.0	0.0	0.0	0.0	0.24302634379733917	0.0	0.0	0.0	0.0
GSM4138112_HNSCC_2_PBMC_TGGGAAGAGAAACGAG	72.25998944446441	0.0	118.97535076588456	0.0	0.0	0.0	0.0	111.68514461061375	0.0	0.0	0.0	0.0	0.0	0.0	0.0	0.0	0.0	0.0	0.0	0.0	0.0	0.0	0.0
GSM4138112_HNSCC_2_PBMC_TGGTTAGAGGCCGAAT	0.0	1.9610892699580271	0.0	45.224236628508244	0.0	0.0	104.41117940635165	0.0	0.0	0.0	0.0	0.0	0.0	110.69537684381689	0.0	0.0	0.0	0.0	0.0	0.045822311144968896	0.0	0.0	0.0
GSM4138112_HNSCC_2_PBMC_TGGTTAGCATTAACCG	95.77354092531839	0.0	71.62781506170363	0.0	0.0	0.0	0.0	0.0	0.0	94.10016793613686	0.0	0.0	0.0	0.0	0.0	0.0	0.0	0.0	0.0	0.0	0.0	0.0	0.0
GSM4138112_HNSCC_2_PBMC_TTAGGACTCTATCCTA	112.73888577214424	0.0	0.0	0.0	140.45542476762344	0.0	204.05019855655212	0.0	0.0	28.183547247010925	0.0	0.0	0.0	0.0	0.0	0.0	0.0	0.0	0.0	0.0	0.0	0.0	0.0
GSM4138112_HNSCC_2_PBMC_TTCCCAGCAAGTCATC	196.78639983454198	0.0	132.33053124956427	0.0	0.0	218.86294656361991	0.0	0.0	0.0	0.0	0.0	0.0	0.0	0.0	0.0	0.0	0.0	0.0	0.0	0.0	0.0	0.0	0.0
GSM4138112_HNSCC_2_PBMC_TTCGAAGAGGCTATCT	65.74939505904696	0.0	39.67830210196198	0.0	0.0	0.0	0.0	119.41167269896296	0.0	0.0	0.0	0.0	0.0	0.0	0.0	0.0	0.0	0.0	0.0	0.0	0.0	0.0	0.0
GSM4138112_HNSCC_2_PBMC_TTCTACATCCTCATTA	0.0	0.0	0.0	134.73144346850424	147.35836784473483	0.0	0.0	0.0	0.0	98.9553664024457	0.0	0.0	0.0	0.0	0.0	0.0	0.0	0.0	81.27661681547605	0.0	0.0	0.0	0.0
GSM4138112_HNSCC_2_PBMC_TTCTCAAAGGCTCAGA	126.39152807284948	0.0	0.0	0.0	0.0	0.0	0.0	185.37977259035074	0.0	0.0	0.0	5.6546138196482625	0.0	0.0	0.0	0.0	0.0	94.54793891443347	0.0	0.0	0.0	0.0	0.0
GSM4138112_HNSCC_2_PBMC_TTGCCGTGTCAGATAA	54.09177572008007	67.79226513739765	64.18214472014948	0.0	0.0	33.60397228402808	0.0	0.0	0.0	0.0	0.0	0.0	0.0	0.0	21.279123739648806	0.0	0.0	0.0	0.0	0.0	0.0	0.0	0.0
GSM4138112_HNSCC_2_PBMC_TTGGAACCAGTCTTCC	0.0	0.0	0.0	49.898727864076626	0.0	0.0	0.0	116.23413071346421	0.0	0.0	0.0	0.0	0.0	0.0	0.0	0.0	0.0	0.0	0.0	23.052742717785637	0.0	22.375204677514738	10.018939071817519
GSM4138112_HNSCC_2_PBMC_TTGGCAAAGATGTGGC	15.601230937211236	101.27386279921691	0.0	34.75857526468555	86.91175583808935	0.0	0.0	0.0	0.0	0.0	0.0	0.0	0.0	0.0	0.0	0.0	0.0	0.0	0.0	0.0	0.0	0.0	0.0
GSM4138112_HNSCC_2_PBMC_TTGGCAAGTTCCCTTG	77.09863836752415	0.0	32.97002162009244	0.0	56.948746894554226	0.0	0.0	0.0	0.0	147.35532030260643	0.0	0.0	0.0	0.0	0.0	0.0	0.0	0.0	0.0	0.0	0.0	0.0	0.0
GSM4138112_HNSCC_2_PBMC_TTTATGCGTACCTACA	75.38925855727416	0.0	41.652711008549005	0.0	11.895629290700091	0.0	72.91122975188254	0.0	0.0	0.0	0.0	0.0	0.0	0.0	0.0	0.0	0.0	0.0	0.0	0.0	0.0	0.0	0.0
GSM4138112_HNSCC_2_PBMC_TTTGTCATCCGTACAA	117.48115118760364	133.97436383663248	0.0	0.0	105.63608236255476	0.0	0.0	0.0	0.0	0.0	0.0	0.0	0.0	0.0	0.0	0.0	0.0	0.0	0.0	0.0	0.0	0.0	0.0
GSM4138112_HNSCC_2_PBMC_AAATGCCTCCGTTGTC	213.3250434051505	0.0	0.0	0.0	0.0	0.0	298.03099425649873	0.0	0.0	0.0	0.0	0.0	0.0	0.0	142.80220226033447	52.120816802854286	0.0	0.0	0.0	0.0	0.0	0.0	0.0
GSM4138112_HNSCC_2_PBMC_AACACGTCACACGCTG	0.0	0.0	0.0	188.57690375845354	216.5076557917181	0.0	358.2344796746464	0.0	0.0	0.0	0.0	0.0	0.0	0.0	0.0	0.0	0.0	0.0	0.0	0.0	0.0	0.0	0.0
GSM4138112_HNSCC_2_PBMC_AACTCTTCATGAACCT	143.46279933966852	0.0	24.838157099719677	27.152052237100264	0.0	0.0	0.0	216.47847975717968	0.0	0.0	57.33858026523218	0.0	0.0	0.0	0.0	0.0	0.0	0.0	0.0	63.89953812887063	0.0	0.0	0.0
GSM4138112_HNSCC_2_PBMC_AACTCTTTCGCATGGC	0.0	0.0	0.0	238.09040300863813	183.6491968930959	88.68812116147393	0.0	0.0	272.7802442109594	0.0	0.0	0.0	0.0	0.0	0.0	0.0	0.0	0.0	0.0	0.0	0.0	0.0	0.0
GSM4138112_HNSCC_2_PBMC_AAGACCTCAACTGCGC	176.3048176561095	0.0	252.30435322352278	16.16247481144887	0.0	134.6212652132501	0.0	0.0	0.0	143.51102525286336	0.0	0.0	0.0	0.0	0.0	0.0	0.0	0.0	0.0	0.0	0.0	0.0	0.0
GSM4138112_HNSCC_2_PBMC_AAGCCGCCACGCCAGT	171.76821071831145	79.14290647391442	0.0	0.0	0.0	12.356623554622303	16.48687690849621	91.56983478709442	0.0	0.0	0.0	0.0	0.0	0.0	0.0	221.27648211349157	0.0	0.0	0.0	0.0	0.0	0.0	0.0
GSM4138112_HNSCC_2_PBMC_AAGCCGCGTGCGGTAA	0.0	0.0	96.08917308250219	131.41815675929607	32.50613689393675	0.0	0.0	129.83939361384284	0.0	0.0	0.0	121.73144507477718	0.0	0.0	0.0	0.0	0.0	0.0	0.0	0.0	0.0	0.0	0.0
GSM4138112_HNSCC_2_PBMC_AAGGTTCGTGTAAGTA	102.4657596440287	57.36697206388419	0.0	0.0	0.0	0.0	71.87062389285984	0.0	0.0	0.0	0.0	0.0	0.0	104.49865867131098	0.0	0.0	0.0	0.0	0.0	0.0	0.0	0.0	0.0
GSM4138112_HNSCC_2_PBMC_ACGAGCCAGAGGTTGC	219.0512874620034	17.383426251417767	0.0	0.0	171.1133679286449	0.0	225.52435231881196	0.0	0.0	0.0	0.0	0.0	0.0	0.0	0.0	0.0	0.0	0.0	0.0	0.0	0.0	0.0	0.0
GSM4138112_HNSCC_2_PBMC_ACTGCTCGTCTCCCTA	0.0	231.48141436791516	218.72633934126722	139.06727560467198	0.0	0.0	0.0	0.0	0.0	0.0	0.0	0.0	0.0	0.0	0.0	0.0	0.0	0.0	0.0	0.0	0.0	0.0	0.0
GSM4138112_HNSCC_2_PBMC_ACTGCTCTCTGCCCTA	125.5757218193181	0.0	190.00216183454847	42.44991781222037	0.0	0.0	0.0	0.0	0.0	344.1816914286277	0.0	0.0	0.0	0.0	0.04656123630902955	5.150760185312981	0.0	0.0	0.0	0.0	0.0	0.0	0.0
GSM4138112_HNSCC_2_PBMC_ACTTACTCAATTGCTG	151.24719390194628	221.37262412726284	160.7461741118638	0.0	0.0	0.0	0.0	0.0	0.0	0.0	0.0	0.0	0.0	0.0	0.0	0.0	0.0	0.0	0.0	0.0	0.0	0.0	0.0
GSM4138112_HNSCC_2_PBMC_AGCAGCCCAAACTGCT	136.63428067987172	270.30475481892546	37.091487079903736	0.0	49.209637930431676	0.0	0.0	0.0	0.0	0.0	0.0	0.0	0.0	0.0	32.56811957523117	0.0	0.0	0.0	0.0	0.0	0.0	0.0	0.0
GSM4138112_HNSCC_2_PBMC_AGCGTCGCAAATACAG	119.46130839334894	0.0	137.3189746952999	0.0	0.0	0.0	150.4151542565105	173.55827288582103	0.0	0.0	0.0	0.0	0.0	0.0	0.0	0.0	0.0	0.0	0.0	0.0	0.0	0.0	0.0
GSM4138112_HNSCC_2_PBMC_AGTTGGTGTACTTGAC	0.0	46.946427684415575	125.96345998212695	137.48257913662886	0.0	0.0	0.0	92.82632924800932	0.0	0.0	0.0	0.0	0.0	0.0	0.0	0.0	0.0	0.0	0.0	0.0	0.0	0.0	0.0
GSM4138112_HNSCC_2_PBMC_ATCCGAATCTGCTTGC	0.0	0.0	0.0	175.84003067016988	154.1341039962159	0.0	22.137222136207228	277.0310913626897	0.0	0.0	0.0	0.0	0.0	0.0	0.0	0.0	0.0	0.0	0.0	0.0	0.0	0.0	0.0
GSM4138112_HNSCC_2_PBMC_ATCGAGTTCTGGAGCC	138.58061770595742	246.41701803798838	184.65730746541018	0.0	0.0	0.0	0.0	0.0	0.0	0.0	0.0	0.0	0.0	0.0	0.0	0.0	0.0	0.0	0.0	0.0	0.0	0.0	0.0
GSM4138112_HNSCC_2_PBMC_ATGAGGGCATCTATGG	217.31134368532042	20.15322374697714	0.0	0.0	260.8538183410367	0.0	0.0	0.0	0.0	0.0	0.0	239.62157369737224	0.0	0.0	0.0	0.0	0.0	0.0	0.0	0.0	0.0	0.0	0.0
GSM4138112_HNSCC_2_PBMC_ATTACTCGTTGGTTTG	148.17835985429042	28.299901587510817	19.00652281805542	0.0	0.0	25.2238004170163	0.0	50.57273274426198	90.09490830903523	0.0	5.746420955016304	0.0	0.0	0.0	0.0	100.3583106955876	0.0	0.0	0.0	0.0	25.134177029162597	48.55454623496232	0.0
GSM4138112_HNSCC_2_PBMC_ATTCTACCAGACTCGC	58.04921328586337	0.0	0.0	120.27925065406981	172.89912818485757	0.0	231.24900290191988	55.87583255624503	0.0	0.0	0.0	5.541859483743447	0.0	0.0	0.0	0.0	0.0	0.0	0.0	0.0	0.0	0.0	0.0
GSM4138112_HNSCC_2_PBMC_ATTGGTGCAGTAAGCG	106.73901815934893	0.0	186.15101166535922	15.940102411329622	0.0	112.37279360450943	0.0	0.0	131.9561510758736	0.0	0.0	0.0	0.0	0.0	0.0	0.0	0.0	0.0	0.0	0.0	0.0	0.0	0.0
GSM4138112_HNSCC_2_PBMC_CAACTAGTCTAGCACA	124.50712563165506	0.0	0.0	33.99491628047489	92.36569174195114	0.0	169.20976110387147	0.0	0.0	0.0	0.0	0.0	0.0	0.0	0.0	0.0	0.0	0.0	0.0	0.0	0.0	0.0	0.0
GSM4138112_HNSCC_2_PBMC_CACATAGAGTTCGCAT	13.33564767467771	0.0	124.16481160871659	151.05283573084253	0.0	154.59647870873454	0.0	0.0	72.6745637354176	0.0	0.0	0.0	0.0	0.0	0.0	0.0	0.0	0.0	0.0	0.0	0.0	0.0	0.0
GSM4138112_HNSCC_2_PBMC_CAGCGACAGCCACGTC	63.90493704015244	0.0	0.0	74.31241411711528	0.0	0.0	0.0	127.76488643705407	0.0	0.0	39.76467559276815	0.0	21.798035218671757	84.29739768465542	0.0	0.0	0.0	0.0	98.95314294696281	0.0	0.0	0.0	0.0
GSM4138112_HNSCC_2_PBMC_CAGCTAACAAGGCTCC	166.9891663725231	0.0	0.0	13.63733825352749	180.1434528485179	339.0372805960497	0.0	0.0	0.0	0.0	0.0	0.0	0.0	0.0	0.0	0.0	0.0	0.0	0.0	0.0	0.0	0.0	0.0
GSM4138112_HNSCC_2_PBMC_CATATTCTCATAACCG	0.0	57.36379197961676	0.0	263.17792624617834	91.96334314576548	0.0	299.2398862415127	0.0	0.0	0.0	0.0	0.0	0.0	0.0	127.79378279461329	0.0	0.0	0.0	0.0	0.0	0.0	0.0	0.0
GSM4138112_HNSCC_2_PBMC_CATGGCGTCGCACTCT	0.0	0.0	0.0	188.57311966860948	139.9633200516669	4.001008639774046	0.0	0.0	0.0	166.80275005314732	0.0	0.0	0.0	0.0	0.0	0.0	0.0	0.0	0.0	0.0	0.0	0.0	0.0
GSM4138112_HNSCC_2_PBMC_CATTATCCAGTCGATT	143.72429070550342	233.25539293644243	0.0	45.464536710081575	103.89924116904852	0.0	0.0	0.0	0.0	0.0	0.0	0.0	0.0	0.0	45.36805764558978	0.0	0.0	0.0	0.0	0.0	0.0	0.0	0.0
GSM4138112_HNSCC_2_PBMC_CATTATCGTACGAAAT	155.9276848634287	0.0	0.0	0.0	0.0	0.0	0.0	0.0	0.0	242.83127911623615	119.02826085655691	0.0	0.0	0.0	0.0	0.0	0.0	0.0	0.0	0.0	0.0	0.0	0.0
GSM4138112_HNSCC_2_PBMC_CATTATCTCGTTTGCC	0.0	0.0	0.0	50.78735098769846	0.0	0.0	0.0	0.0	0.0	0.0	0.0	0.0	119.88871444325463	0.0	0.0	0.0	0.0	0.0	0.0	15.905774577006904	0.0	0.0	0.0
GSM4138112_HNSCC_2_PBMC_CCCAATCAGGAGCGAG	62.90569611991342	63.689059342589715	57.667990153237604	16.811863405487532	0.0	57.59634385294131	0.0	0.0	0.0	0.0	0.0	0.0	0.0	0.0	0.0	0.0	0.0	0.0	0.0	0.0	0.0	0.0	0.0
GSM4138112_HNSCC_2_PBMC_CCGGGATTCTCGTTTA	48.7311383127868	0.0	68.25569965955194	23.494822024611558	0.0	0.0	97.74233132334489	0.0	0.0	0.0	0.0	0.0	0.0	0.0	0.0	0.0	0.0	0.0	0.0	0.0	0.0	0.0	0.0
GSM4138112_HNSCC_2_PBMC_CCTAGCTCACAGAGGT	51.927129753035956	26.79268344476432	0.0	99.83127383975362	0.0	0.0	0.0	48.40062090662763	184.7481174868543	0.0	0.0	0.0	0.0	0.0	194.8073942524022	0.0	0.0	0.0	0.0	0.0	0.0	0.0	0.0
GSM4138112_HNSCC_2_PBMC_CCTATTATCTCAACTT	191.13038817840163	53.65057988799778	0.0	0.0	0.0	0.0	56.61195116227463	96.69306906185747	0.0	0.0	0.0	0.0	0.0	0.0	0.0	0.0	0.0	0.0	0.0	132.54372019308965	0.0	48.6070542601695	0.0
GSM4138112_HNSCC_2_PBMC_CCTCAGTAGACTGTAA	0.0	133.4656110152697	159.4290449851781	118.35121895542355	0.0	78.68354091462092	0.0	0.0	0.0	0.0	0.0	0.0	0.0	0.0	0.0	0.0	0.0	0.0	0.0	0.0	0.0	0.0	0.0
GSM4138112_HNSCC_2_PBMC_CCTTTCTGTCTAAACC	0.0	0.0	0.0	211.23397624647146	127.63490666157911	0.0	293.40556526629985	0.0	0.0	0.0	0.0	0.0	0.0	0.0	0.0	0.0	0.0	0.0	0.0	0.0	0.0	0.0	0.0
GSM4138112_HNSCC_2_PBMC_CGACCTTAGGTGCTTT	151.98079269196828	120.2406600872997	47.22639640397668	0.0	110.58698165024714	0.0	119.33158608810533	9.761262038613667	25.94218469514861	0.0	0.0	0.0	0.0	0.0	0.0	0.0	0.0	0.0	0.0	0.0	0.0	0.0	0.0
GSM4138112_HNSCC_2_PBMC_CGAGAAGTCGAGCCCA	0.0	75.22644330292344	144.37271036701415	214.61549080795064	0.0	0.0	249.20942486122635	0.0	0.0	0.0	0.0	0.0	0.0	0.0	0.0	0.0	0.0	0.0	0.0	0.0	0.0	0.0	0.0
GSM4138112_HNSCC_2_PBMC_CGATGTACAACTGCTA	251.01115252664817	0.0	0.0	0.0	160.63099521987465	0.0	53.892004635243495	158.9834082192767	5.359821222538694	0.0	0.0	0.0	0.0	0.0	0.0	0.0	0.0	0.0	0.0	0.0	0.0	0.0	0.0
GSM4138112_HNSCC_2_PBMC_CGGACACCAGAGTGTG	127.36348490992947	231.837596333667	122.39773694172369	61.32277108092547	50.79611113524645	0.0	36.52297996821084	0.0	0.0	0.0	0.0	0.0	0.0	0.0	0.0	0.0	0.0	0.0	0.0	0.0	0.0	0.0	0.0
GSM4138112_HNSCC_2_PBMC_CGTTAGAAGATATACG	118.9045550051071	178.26178209288125	205.42502091529263	55.942655781063124	0.0	0.0	0.0	126.8764898297385	0.0	0.0	0.0	0.0	0.0	0.0	0.0	0.0	0.0	0.0	0.0	0.0	0.0	0.0	0.0
GSM4138112_HNSCC_2_PBMC_CGTTCTGCATCCTAGA	0.0	0.0	0.0	100.96292086608982	57.57133813053712	99.03732643425776	0.0	0.0	98.0317119020946	0.0	0.0	0.0	0.0	0.0	0.0	0.0	0.0	0.0	0.0	0.0	0.0	0.0	0.0
GSM4138112_HNSCC_2_PBMC_CTACACCTCCTGTACC	0.0	0.0	249.77255317539283	184.44049220761678	0.0	0.0	0.0	0.0	0.0	0.0	0.0	310.4736965956647	0.0	0.0	0.0	0.0	0.0	0.0	0.0	0.0	0.0	0.0	0.0
GSM4138112_HNSCC_2_PBMC_CTACGTCCAAATCCGT	0.0	155.55877398253696	144.60123859867684	133.12110149171264	0.0	0.0	0.0	0.0	24.09878889462585	0.0	0.0	0.0	0.0	0.0	0.0	0.0	0.0	0.0	0.0	0.0	0.0	0.0	0.0
GSM4138112_HNSCC_2_PBMC_CTCGAAAGTCCATCCT	104.27563283530012	42.69441097830591	0.0	0.0	0.0	0.0	9.772203557070124	68.56830635793547	0.0	0.0	0.0	0.0	0.0	0.0	151.84392289436562	0.0	0.0	0.0	0.0	0.0	0.0	0.0	0.0
GSM4138112_HNSCC_2_PBMC_CTCGGGATCTAACTGG	208.68581098449428	136.933784917422	0.0	0.0	59.497969888885585	0.0	0.0	70.12579170900598	0.0	0.0	0.0	0.0	0.0	0.0	90.73559619980769	0.0	0.0	0.0	0.0	0.0	0.0	0.0	0.0
GSM4138112_HNSCC_2_PBMC_CTCTGGTAGACAAGCC	0.0	263.0877648241632	12.928567718436053	200.08505107578944	138.2978184923009	15.45221505436523	0.0	0.0	0.0	0.0	0.0	0.0	0.0	0.0	0.0	0.0	0.0	0.0	0.0	0.0	0.0	0.0	0.0
GSM4138112_HNSCC_2_PBMC_CTGCTGTAGTGCGTGA	10.605601137116428	0.0	0.0	125.16912454881569	163.27829737471362	0.0	0.0	208.424718069299	0.0	0.0	0.0	0.0	0.0	0.0	0.0	0.0	0.0	0.0	0.0	0.0	0.0	0.0	0.0
GSM4138112_HNSCC_2_PBMC_CTGGTCTGTTGGGACA	1.6652832496101966	138.3319260765652	127.37449877650123	106.6216693037809	5.674179669454321	0.0	0.0	0.0	0.0	0.0	1.2562325447421332	0.0	0.0	0.0	0.0	0.0	0.0	0.0	0.0	0.0	0.0	0.0	0.0
GSM4138112_HNSCC_2_PBMC_CTTAGGAGTTCGGGCT	0.0	0.0	107.37722860078792	94.36168925239252	0.0	0.0	0.0	0.0	156.03001838509022	0.0	0.0	0.0	0.0	0.0	0.0	0.0	0.0	0.0	0.0	0.0	0.0	0.0	0.0
GSM4138112_HNSCC_2_PBMC_CTTAGGATCACTATTC	0.0	30.10894442665834	97.61857558989733	88.79002461392662	0.0	0.0	0.0	0.0	0.0	0.0	0.0	108.50092856898935	0.0	0.0	0.0	0.0	0.0	0.0	0.0	0.0	0.0	0.0	0.0
GSM4138112_HNSCC_2_PBMC_CTTTGCGAGGTAGCCA	107.58723054027196	98.35458488245851	138.29790912692425	32.66507489090668	0.0	52.57824329628163	0.0	0.0	67.19925145314106	0.0	0.0	0.0	0.0	0.0	0.0	0.0	0.0	0.0	0.0	0.0	0.0	0.0	0.0
GSM4138112_HNSCC_2_PBMC_GAAATGAGTTATGTGC	207.04731312673323	77.41530603701949	81.12391461752932	2.4695141746161284	0.0	0.0	108.71395584043336	0.0	0.0	0.0	0.0	65.024854896512	0.0	0.0	0.0	104.53042753753638	0.0	0.0	0.0	0.0	0.0	0.0	0.0
GSM4138112_HNSCC_2_PBMC_GAACATCTCACCGTAA	0.0	44.27271218278864	22.912789575359493	149.89521227268003	0.0	0.0	0.0	220.53765925685667	0.0	0.0	0.0	0.0	0.0	68.17599137089911	0.0	0.0	0.0	99.76292047083227	0.0	0.0	0.0	0.0	0.0
GSM4138112_HNSCC_2_PBMC_GACCAATGTCTGGTCG	211.181620058819	0.0	7.292292324767444	0.0	149.56945241231438	0.0	74.57216337261832	206.94927967154015	0.0	0.0	0.0	0.0	0.0	0.0	0.0	0.0	0.0	0.0	0.0	0.0	0.0	0.0	0.0
GSM4138112_HNSCC_2_PBMC_GACCTGGTCATCACCC	7.40041278980488	181.45286716244848	206.64274721726534	129.07900824149615	0.0	23.429095548218598	0.0	0.0	0.0	0.0	0.0	0.0	0.0	0.0	0.0	0.0	0.0	0.0	0.0	0.0	0.0	0.0	0.0
GSM4138112_HNSCC_2_PBMC_GACTACACAACTGGCC	117.58454902715108	247.07128971045472	0.0	58.93148492347278	0.0	0.0	0.0	0.0	0.0	0.0	0.0	0.0	0.0	35.399023459773424	0.0	0.0	0.0	130.02359427134155	0.0	0.0	105.56441746141182	0.0	0.0
GSM4138112_HNSCC_2_PBMC_GATGCTACAACTGCGC	0.0	0.0	0.0	94.41628384188874	63.60515966511107	0.0	0.0	0.0	0.0	113.75462668335811	0.0	0.0	0.0	0.0	0.0	0.0	0.0	0.0	0.0	0.0	0.0	0.0	0.0
GSM4138112_HNSCC_2_PBMC_GCACTCTGTGCATCTA	252.97199577210418	0.0	0.0	0.0	0.0	0.0	0.0	0.0	0.0	0.0	0.0	372.8884785566491	0.0	0.0	254.77716092550352	0.0	0.0	0.0	0.0	0.0	0.0	0.0	0.0
GSM4138112_HNSCC_2_PBMC_GCAGCCACATGTAGTC	120.63335092607947	185.0881660651392	37.885637418327576	5.113609652146687	85.25981601308628	0.0	0.0	0.0	0.0	0.0	0.0	0.0	0.0	0.0	0.0	0.0	0.0	0.0	0.0	0.0	0.0	0.0	0.0
GSM4138112_HNSCC_2_PBMC_GCAGCCAGTTGGACCC	25.99254384175709	232.29919412453629	0.0	101.31201154022628	0.0	0.0	0.0	0.0	0.0	0.0	0.0	0.0	0.0	137.56043113449238	39.5698644098239	0.0	0.0	0.0	0.0	0.0	0.0	0.0	0.0
GSM4138112_HNSCC_2_PBMC_GCATGCGAGATGTCGG	0.0	0.0	153.64176170401902	149.63220288263332	40.493654528488115	245.10417441103297	0.0	0.0	11.220224502336812	0.0	0.0	0.0	0.0	0.0	0.0	0.0	0.0	0.0	0.0	0.0	0.0	0.0	0.0
GSM4138112_HNSCC_2_PBMC_GCATGCGAGTTTGCGT	256.32379592068224	0.0	0.0	0.0	0.0	0.0	253.9674097104454	0.0	0.0	0.0	10.038047922042505	0.0	0.0	169.54260872879954	38.137247981613726	0.0	0.0	0.3554645243189227	0.0	0.0	0.0	0.0	0.0
GSM4138112_HNSCC_2_PBMC_GCATGCGTCCTTGCCA	0.0	0.0	0.0	168.6948502069407	0.0	0.0	0.0	223.36587216849264	0.0	0.0	0.0	0.0	0.0	0.0	121.5227343640262	0.0	0.0	0.0	0.0	0.0	0.0	0.0	0.0
GSM4138112_HNSCC_2_PBMC_GCGGGTTTCCAGGGCT	185.8411993478928	310.7568730713198	165.0175482351354	0.0	12.246051800661796	0.0	0.0	0.0	0.0	0.0	0.0	0.0	0.0	0.0	0.0	0.0	0.0	0.0	0.0	0.0	0.0	0.0	0.0
GSM4138112_HNSCC_2_PBMC_GCTGCGATCAGCGATT	180.16683928438152	0.0	0.0	17.269262291488378	142.1270589256098	10.987895988214822	20.076699700075633	0.0	0.0	233.78626050008788	0.0	0.0	0.0	0.0	0.0	0.0	0.0	0.0	0.0	0.0	0.0	0.0	0.0
GSM4138112_HNSCC_2_PBMC_GCTGCGATCTGCTGCT	0.0	282.68147899745617	0.0	191.07943629063675	278.1590977177651	0.0	0.0	0.0	0.0	0.0	0.0	0.0	0.0	0.0	0.0	0.0	0.0	0.0	0.0	0.0	0.0	0.0	0.0
GSM4138112_HNSCC_2_PBMC_GCTTCCATCTCGAGTA	24.5119447218443	162.7297703260016	39.31598212144591	114.30260443674732	0.0	0.0	0.0	0.0	0.0	0.0	0.0	64.01040229206852	0.0	0.0	114.24496835111015	0.0	0.0	0.0	0.0	0.0	0.0	0.0	0.0
GSM4138112_HNSCC_2_PBMC_GGACATTCAAGCTGTT	63.20741013179377	0.0	0.0	5.167424092063515	38.030096197474435	0.0	0.0	0.0	146.455278455522	0.0	0.0	0.0	0.0	40.71563180247607	0.0	0.0	0.0	0.0	0.0	0.0	0.0	0.0	0.0
GSM4138112_HNSCC_2_PBMC_GGAGCAAGTCTGCCAG	0.0	0.0	0.0	129.61905692585054	0.0	30.644080933320655	0.0	0.0	0.0	175.56692370320468	0.0	0.0	0.0	0.0	165.61158556881838	0.0	0.0	0.0	0.0	0.0	0.0	0.0	0.0
GSM4138112_HNSCC_2_PBMC_GGATGTTGTGACGCCT	173.91576178413732	0.0	2.0507375031545587	0.0	146.81235025266346	0.0	0.0	0.0	0.0	0.0	0.0	197.66212622492023	0.0	0.0	0.0	0.0	0.0	0.0	0.0	0.0	0.0	0.0	0.0
GSM4138112_HNSCC_2_PBMC_GGATTACGTCGACTGC	27.115705252814198	0.0	82.44279508394627	48.249803120344005	18.720186245138212	95.25985731486435	0.0	0.0	0.0	0.0	0.0	0.0	78.6898053785771	0.0	0.0	0.0	0.0	0.0	0.0	0.0	0.0	0.0	0.0
GSM4138112_HNSCC_2_PBMC_GGCCGATAGACGACGT	139.37010283698882	277.345972798037	43.67817802756236	2.1569483076290608	97.43137819759116	0.0	0.0	0.0	0.0	0.0	0.0	0.0	0.0	0.0	0.0	0.0	0.0	0.0	0.0	0.0	0.0	0.0	0.0
GSM4138112_HNSCC_2_PBMC_GTAACTGTCTACGAGT	118.85468271890863	60.441540483870504	131.5417248739704	0.0	0.0	0.0	0.0	0.0	0.0	0.0	0.0	125.36010971860365	0.0	0.0	0.0	0.0	0.0	0.0	0.0	0.0	0.0	0.0	0.0
GSM4138112_HNSCC_2_PBMC_GTACGTAGTTCCTCCA	0.0	0.0	0.0	138.18163585938638	142.26351217183586	0.0	297.0257047749435	0.0	0.0	0.0	0.0	0.0	0.0	0.0	0.0	0.0	0.0	0.0	0.0	0.0	0.0	0.0	0.0
GSM4138112_HNSCC_2_PBMC_GTCAAGTTCGGCGGTT	139.89930625721243	183.5257855648568	0.0	0.0	107.69058140740597	0.0	0.0	0.0	0.0	0.0	0.0	0.0	0.0	0.0	0.0	0.0	0.0	0.0	0.0	0.0	0.0	0.0	0.0
GSM4138112_HNSCC_2_PBMC_GTCACAATCGGTGTCG	23.380216058115703	221.75779004927873	41.123165062688535	118.45914182850237	116.82824066592373	0.0	0.0	0.0	0.0	0.0	0.0	0.0	0.0	0.0	0.0	0.0	0.0	0.0	0.0	0.0	0.0	0.0	0.0
GSM4138112_HNSCC_2_PBMC_GTCACGGAGGCTAGCA	108.16387069389846	95.11718485537811	0.0	65.44421018414985	0.0	0.0	20.98329930587647	113.67854241355906	0.0	0.0	223.02391686781414	0.0	0.0	0.0	0.0	0.0	0.0	0.0	0.0	0.0	0.0	0.0	0.0
GSM4138112_HNSCC_2_PBMC_GTGCATAAGTTAACGA	158.71959127214575	245.0693900797633	0.0	0.0	0.0	0.0	0.0	0.0	0.0	0.0	0.0	0.0	0.0	175.19876620097403	0.0	0.0	0.0	0.0	0.0	0.0	0.0	0.0	0.0
GSM4138112_HNSCC_2_PBMC_GTTTCTAAGGCATTGG	0.0	0.0	0.0	98.92505049294002	82.61890693681153	0.0	4.287541133661172	0.0	110.6005656574005	0.0	0.0	0.0	0.0	0.0	0.0	0.0	0.0	0.0	0.0	0.0	0.0	0.0	0.0
GSM4138112_HNSCC_2_PBMC_GTTTCTATCTCTAAGG	326.68094316442426	632.236560075334	181.71987758971707	9.426136541501823	150.80391648027577	0.0	0.0	0.0	0.0	0.0	0.0	0.0	0.0	0.0	0.0	0.0	0.0	0.0	0.0	0.0	0.0	0.0	0.0
GSM4138112_HNSCC_2_PBMC_TAAGCGTTCGGCGCAT	110.08838573175548	0.0	0.0	2.700083882998552	0.0	0.0	0.0	0.0	0.0	0.0	0.0	100.59248301375689	0.0	64.53194984004078	0.0	0.0	0.0	0.0	0.0	50.487974910794335	0.0	0.0	0.0
GSM4138112_HNSCC_2_PBMC_TAAGTGCCATCAGTCA	34.09772442623437	107.87881427003767	0.0	122.32224285229218	0.0	0.0	26.77795467305062	113.25825931640513	0.0	0.0	163.94081309275046	0.0	0.0	0.0	0.0	0.0	0.0	0.0	0.0	0.0	0.0	0.0	0.0
GSM4138112_HNSCC_2_PBMC_TACACGAAGGAGTACC	90.46053234338947	0.0	116.69289054267766	79.90864898265225	27.338187187035874	262.27674967250806	0.0	0.0	0.0	0.0	0.0	0.0	0.0	0.0	0.0	0.0	0.0	0.0	0.0	0.0	0.0	0.0	0.0
GSM4138112_HNSCC_2_PBMC_TACTTGTGTCGAAAGC	0.0	0.0	73.03100397698168	155.8459002923258	79.78493423718649	0.0	0.0	0.0	214.82009171315633	0.0	0.0	0.0	0.0	0.0	0.0	41.8458438561896	0.0	0.0	0.0	0.0	0.0	0.0	0.0
GSM4138112_HNSCC_2_PBMC_TCACAAGAGTCCGGTC	0.0	90.10311579953908	84.68372496444493	173.25415012564676	0.0	0.0	0.0	0.0	0.0	0.0	0.0	111.8645321176011	0.0	0.0	66.0231911184648	0.0	0.0	0.0	0.0	0.0	0.0	0.0	0.0
GSM4138112_HNSCC_2_PBMC_TCAGCTCGTGTATGGG	137.68683857665397	0.0	125.95091199009379	0.0	0.0	0.0	55.205565066893435	172.35810872711778	24.0906897408182	0.0	0.0	0.0	0.0	0.0	0.0	0.0	0.0	0.0	0.0	0.0	0.0	0.0	0.0
GSM4138112_HNSCC_2_PBMC_TCGCGAGCACCGAAAG	0.0	0.0	179.08930139836687	154.76308230451164	0.0	0.0	0.0	0.0	184.6863940048882	0.0	0.0	0.0	0.0	0.0	0.0	0.0	0.0	0.0	0.0	0.0	0.0	0.0	0.0
GSM4138112_HNSCC_2_PBMC_TCGCGTTCAAGTACCT	183.24710977590283	0.0	23.589267788139118	0.0	137.20202764039425	0.0	143.35133321341522	127.71105746724386	0.0	0.0	0.0	0.0	0.0	0.0	0.0	0.0	0.0	0.0	0.0	0.0	0.0	0.0	0.0
GSM4138112_HNSCC_2_PBMC_TGGACGCTCTTTAGGG	0.0	0.2740969460233609	0.0	148.8681856115421	179.02521931305822	0.0	163.09801111357518	37.3463627051943	0.0	0.0	0.0	0.0	0.0	0.0	0.0	0.0	0.0	0.0	0.0	0.0	0.0	0.0	0.0
GSM4138112_HNSCC_2_PBMC_TGGGAAGTCACATGCA	173.36004601160872	0.0	51.02047048360622	0.0	78.13670296933758	271.32642969397415	0.0	0.0	0.0	0.0	0.0	0.0	51.28337370977725	0.0	0.0	0.0	0.0	0.0	0.0	0.0	0.0	0.0	0.0
GSM4138112_HNSCC_2_PBMC_TGGTTAGTCCAACCAA	0.0	204.1568696845011	197.5492457305101	166.58479329781252	0.0	0.4814842454773889	41.2383672402674	0.0	0.0	0.0	23.738589978236703	0.0	0.0	0.0	0.0	3.9763368725109784	0.0	0.0	0.0	0.0	0.0	0.0	0.0
GSM4138112_HNSCC_2_PBMC_TTCTCAAAGTGAAGTT	71.47930752426319	41.18963209134437	9.993722479139802	7.980235469765117	0.0	0.0	15.260412450746252	102.72826550504132	0.0	0.0	0.0	0.0	0.0	37.43023832771981	52.38426717749538	0.0	0.0	0.0	0.0	0.0	0.0	0.0	0.0
GSM4138112_HNSCC_2_PBMC_TTCTCAACAATAGAGT	226.12159135079654	250.35487837522615	72.33107368545815	0.0	121.23807023553043	0.0	0.0	0.0	0.0	0.0	53.66646583234948	0.0	0.0	0.0	0.0	0.0	0.0	0.0	0.0	0.0	0.0	0.0	0.0
GSM4138112_HNSCC_2_PBMC_TTTATGCCATTTGCTT	155.45057594049004	0.0	0.0	26.075222906443784	50.94757672797159	0.0	0.0	0.0	0.0	210.71099085626187	0.0	0.0	0.0	0.0	56.18775234231885	0.0	0.0	0.0	0.0	0.0	0.0	0.0	0.0
GSM4138112_HNSCC_2_PBMC_GGACATTAGCAATATG	0.0	75.68065440469663	0.0	77.15452723773105	1.2521837149031092	0.0	0.0	0.0	0.0	0.0	0.0	0.0	0.0	57.28349619750154	0.0	33.735100728304666	0.0	0.0	0.0	0.0	0.0	0.0	0.0
GSM4138112_HNSCC_2_PBMC_CGTCAGGTCGCCTGTT	107.28449104271296	0.0	107.90887238747922	0.0	0.0	65.35807736166578	0.0	0.0	78.72657932531165	0.0	0.0	0.0	0.0	0.0	0.0	0.0	0.0	22.490380704183888	0.0	0.0	0.0	0.0	0.0
GSM4138112_HNSCC_2_PBMC_GCTCCTAGTAAGCACG	0.0	105.43633854900608	56.750472643079284	122.21365918799707	3.192066321566	0.0	0.0	0.0	0.0	0.0	0.0	0.0	0.0	0.0	30.67907224876482	0.0	0.0	0.0	0.0	0.0	0.0	0.0	0.0
GSM4138112_HNSCC_2_PBMC_TTAGGCATCATGCATG	96.22801990406714	3.4491038704225976	80.08007732940347	0.0	0.0	0.0	17.00627715481675	0.0	0.0	0.0	0.0	80.7187432175041	0.0	0.0	0.0	0.0	0.0	0.0	0.0	0.0	0.0	0.0	0.0
GSM4138112_HNSCC_2_PBMC_AAACCTGTCTTTCCTC	10.919912537014838	0.0	49.87869973254449	62.4345578112106	43.445479908644145	118.96957059713178	0.0	0.0	0.0	0.0	0.0	0.0	0.0	0.0	0.0	0.0	0.0	0.0	0.0	0.0	0.0	0.0	0.0
GSM4138112_HNSCC_2_PBMC_AATCGGTTCTGCAGTA	69.52995103606024	69.15508022616376	117.92721478596644	0.0	0.0	44.456550481920985	0.14540729229032182	0.0	0.0	0.0	0.0	0.0	0.0	0.0	0.0	0.0	0.0	0.0	0.0	0.0	0.0	0.0	0.0
GSM4138112_HNSCC_2_PBMC_ACACTGAAGCCGCCTA	86.42447366809618	44.96258133251225	136.42008198003145	41.24110675212148	0.0	127.28573361473426	0.0	0.0	0.0	0.0	0.0	0.0	0.0	0.0	0.0	0.0	0.0	0.0	0.0	0.0	0.0	0.0	0.0
GSM4138112_HNSCC_2_PBMC_ACTTTCACAGCCTTTC	0.0	162.69159907877832	0.0	139.8491769606549	75.6570447503002	0.0	0.0	0.0	0.0	0.0	0.0	0.0	0.0	0.0	0.0	0.0	0.0	0.0	0.0	6.816590831199875	0.0	0.0	0.0
GSM4138112_HNSCC_2_PBMC_AGACGTTAGCCGTCGT	116.19800039112397	0.0	0.0	51.76490699022075	0.0	0.0	0.0	0.0	0.0	0.0	0.0	0.0	111.4393470197729	0.0	0.0	0.0	0.0	36.222780281938284	0.0	0.0	0.0	16.727349183358896	0.0
GSM4138112_HNSCC_2_PBMC_AGATCTGTCCCTCTTT	67.51953761476062	0.0	0.0	0.0	84.40441334466303	81.09552762497903	0.0	0.0	0.0	0.0	0.0	0.0	0.0	0.0	0.0	0.0	0.0	0.0	0.0	0.0	0.0	0.0	0.0
GSM4138112_HNSCC_2_PBMC_ATCGAGTAGGGATCTG	93.44486633580347	0.0	0.0	0.0	0.0	0.0	82.74892552903613	105.8239518808714	0.0	0.0	115.19721470125647	0.0	0.0	0.0	0.0	0.0	0.0	0.0	0.0	0.0	0.0	0.0	0.0
GSM4138112_HNSCC_2_PBMC_ATGCGATGTCAAAGCG	40.986296913710035	40.89830164319743	0.0	10.236324836494646	0.0	0.0	0.0	0.0	0.0	0.0	119.32073490512761	0.0	0.0	0.0	0.0	0.0	0.0	0.0	0.0	27.288163857449707	0.0	0.0	0.0
GSM4138112_HNSCC_2_PBMC_CAAGTTGCACCAGATT	64.46015303543624	194.45684585012435	93.90098354657118	51.68760806228925	54.22612705324667	0.0	0.0	21.781369795941053	0.0	0.0	0.0	0.0	0.0	0.0	0.0	0.0	0.0	0.0	0.0	0.0	0.0	0.0	0.0
GSM4138112_HNSCC_2_PBMC_CACATTTTCGCCCTTA	92.492478242138	136.27391147502348	0.0	22.455913368486176	0.0	0.0	0.0	0.0	0.0	0.0	0.0	0.0	0.0	35.958099157245016	86.60528225166064	0.0	0.0	0.0	0.0	0.0	0.0	0.0	0.0
GSM4138112_HNSCC_2_PBMC_CAGCGACAGAATCTCC	232.09221007270284	0.0	86.04177082829428	0.0	87.85505349970433	114.40377905887044	0.0	0.0	0.0	159.9124945488224	0.0	0.0	0.0	0.0	0.0	0.0	0.0	0.0	0.0	0.0	0.0	0.0	0.0
GSM4138112_HNSCC_2_PBMC_CAGCTGGGTAAGTGGC	29.158300020232577	0.0	0.0	33.595221079569164	47.28956521203133	0.0	85.61255214352876	0.0	0.0	0.0	0.0	0.0	0.0	0.0	0.0	0.0	0.0	0.0	0.0	0.0	0.0	0.0	0.0
GSM4138112_HNSCC_2_PBMC_CCAATCCTCAGTTGAC	44.3302520497039	92.1344700246746	93.42424033898992	19.128545365425815	0.0	0.0	0.0	0.0	0.0	0.0	0.0	0.0	0.0	0.0	0.0	0.0	0.0	0.0	0.0	0.0	0.0	0.0	0.0
GSM4138112_HNSCC_2_PBMC_CCTCTGACACCTTGTC	221.2078823649269	0.0	214.43369933363195	0.0	0.0	0.0	0.0	0.0	265.75762141912634	0.0	0.0	0.0	0.0	0.0	0.0	0.0	0.0	0.0	0.0	0.0	0.0	0.0	0.0
GSM4138112_HNSCC_2_PBMC_CGATGTAAGTACGACG	111.2902344058601	0.0	63.431829389306806	39.0473101882968	29.622546542545923	0.0	152.933131841313	0.0	0.0	0.0	0.0	10.470737610351524	0.0	0.0	0.0	0.0	0.0	0.0	0.0	0.0	0.0	0.0	0.0
GSM4138112_HNSCC_2_PBMC_CGTGTAAAGACTCGGA	39.31527416988134	156.4429195916677	108.35316609136298	68.68971889517735	0.0	0.0	0.0	0.0	0.0	0.0	0.0	0.0	0.0	0.0	0.0	0.0	0.0	0.0	0.0	0.0	0.0	0.0	0.0
GSM4138112_HNSCC_2_PBMC_CGTGTCTCACTTAACG	59.702180826826336	91.57258510036434	113.64703731353754	0.0	0.0	23.515031560679724	0.0	0.0	0.0	0.0	0.0	0.0	0.0	0.0	0.0	0.0	0.0	0.0	0.0	0.0	0.0	0.0	0.0
GSM4138112_HNSCC_2_PBMC_CTCCTAGTCAAACAAG	80.44307256111054	29.03441234493311	0.0	0.0	0.0	0.0	102.82600072610205	0.0	0.0	0.0	100.31639492008226	0.0	0.0	0.0	0.0	0.0	0.0	0.0	0.0	0.0	0.0	0.0	0.0
GSM4138112_HNSCC_2_PBMC_GATGAGGAGGATGTAT	213.10037630045647	0.0	0.0	0.0	0.0	0.0	0.0	210.80283816981884	0.0	0.0	0.0	0.0	103.72455272892675	0.0	0.0	0.0	76.97734696864742	229.98422987939253	0.0	0.0	0.0	0.0	0.0
GSM4138112_HNSCC_2_PBMC_GTCGTAAAGAACTCGG	0.0	0.0	0.0	65.0196865257589	0.0	12.776134380775911	0.0	0.0	81.86118938531735	0.0	51.46596198964175	0.0	0.0	0.0	0.0	0.0	0.0	2.363040131515108	0.0	0.0	17.27445880249853	0.399353085385587	0.0
GSM4138112_HNSCC_2_PBMC_GTGAAGGGTACAGACG	88.22435425824283	0.0	76.46647873385922	0.0	19.746604694665088	0.0	0.0	34.569727333099486	0.0	129.99488775053828	0.0	0.0	0.0	0.0	0.0	0.0	0.0	0.0	0.0	0.0	0.0	0.0	0.0
GSM4138112_HNSCC_2_PBMC_TAAGTGCGTACCGCTG	103.77477216071267	0.0	90.6319685482157	0.0	26.917413706680442	117.54137832088347	0.0	0.0	10.804429885585874	24.34254489558869	0.0	0.0	0.0	0.0	0.0	0.0	0.0	0.0	0.0	0.0	0.0	0.0	0.0
GSM4138112_HNSCC_2_PBMC_TACTCATCAAAGGTGC	5.873747586890661	35.351236994786	132.19282566333104	164.095275881064	0.0	0.0	0.0	0.0	0.0	0.0	0.0	213.6828984880427	0.0	0.0	0.0	77.93755896397153	0.0	0.0	0.0	0.0	0.0	0.0	0.0
GSM4138112_HNSCC_2_PBMC_TATCTCACAATGGTCT	107.56856527668664	203.04966763550178	0.0	36.03461336483748	0.0	0.0	0.0	0.0	0.0	0.0	0.0	0.0	0.0	188.6353221175203	0.0	0.0	0.0	0.0	0.0	0.0	0.0	0.0	0.0
GSM4138112_HNSCC_2_PBMC_TCAGGATAGTAAGTAC	53.04271278548551	0.0	0.0	0.0	0.0	0.0	0.0	6.473155092906198	0.0	86.83568092096021	0.0	0.0	0.0	0.0	71.47585951217634	0.0	0.0	0.0	0.0	0.0	0.0	0.0	0.0
GSM4138112_HNSCC_2_PBMC_TCATTTGGTGACGGTA	107.52742314001475	59.273691955818585	58.677169064518644	0.0	16.846030455113638	0.0	0.0	150.41918374515637	0.0	0.0	0.0	0.0	0.0	0.0	0.0	23.45364069469903	0.0	0.0	0.0	0.0	0.0	0.0	0.0
GSM4138112_HNSCC_2_PBMC_TGATTTCAGCTAACAA	0.0	227.22344813169002	117.02703555759341	238.28900158636924	90.83902300906053	0.0	56.916332220202065	0.0	0.0	0.0	0.0	0.0	0.0	0.0	0.0	0.0	0.0	0.0	0.0	0.0	0.0	0.0	0.0
GSM4138112_HNSCC_2_PBMC_TGCCCATCATCCAACA	132.6949896489446	0.0	7.14372159892122	0.0	116.15782386279868	0.0	0.0	0.0	0.0	0.0	0.0	0.0	224.52170764087748	0.0	0.0	0.0	0.0	0.0	0.0	0.0	0.0	0.0	0.0
GSM4138112_HNSCC_2_PBMC_TGGGCGTTCGCATGGC	215.24841185531756	0.0	0.0	0.0	183.66587409478657	0.0	0.0	382.2990241074495	0.0	0.0	0.0	0.0	0.0	11.094185683937686	0.0	22.039984237953515	0.0	0.0	0.0	0.0	0.0	0.0	0.0
GSM4138112_HNSCC_2_PBMC_TTTGCGCGTTGGGACA	0.0	51.571012791249615	0.0	53.11689373931155	0.0	0.0	0.0	27.75594929332729	0.0	0.0	0.0	0.0	0.0	0.0	0.0	0.0	0.0	36.2449210550723	0.0	0.0	0.0	0.0	0.0
GSM4138112_HNSCC_2_PBMC_ACACCGGGTATGCTTG	64.46627257495008	0.0	0.0	32.30540969895185	87.02519935447461	0.0	0.0	0.0	0.0	0.0	36.15502763394924	91.68738540738408	0.0	0.0	0.0	0.0	0.0	0.0	0.0	0.0	0.0	0.0	0.0
GSM4138112_HNSCC_2_PBMC_AGCAGCCAGGATGGTC	137.06626848758677	10.014704463953123	0.0	0.0	84.09591877611138	0.0	3.8829943298689917	5.449553939814825	0.0	0.0	0.0	97.90602898576513	0.0	0.0	0.0	0.0	0.0	0.0	0.0	0.0	0.0	0.0	0.0
GSM4138112_HNSCC_2_PBMC_ATAGACCGTTACTGAC	33.45950250449073	26.419703847024998	0.0	10.588756903145836	93.12818182194715	0.0	16.47413495070097	0.9607665729229918	0.0	0.0	0.0	0.0	0.0	0.0	0.0	0.0	0.0	0.0	0.0	0.0	0.0	0.0	0.0
GSM4138112_HNSCC_2_PBMC_CAAGTTGTCCAAACAC	0.0	65.08766857472806	50.890750454986986	31.199590806334324	0.0	0.0	0.0	0.0	0.0	0.0	0.0	0.0	0.0	0.0	0.0	0.0	0.0	0.0	0.0	0.0	0.0	0.0	0.0
GSM4138112_HNSCC_2_PBMC_CATCCACAGTCGTACT	114.27094593076059	0.0	0.0	0.13286865624872496	0.0	114.62553236563565	0.0	0.0	0.0	0.0	128.00634260576248	0.0	16.59094630965276	0.0	0.0	0.0	0.0	0.0	0.0	0.0	0.0	0.0	0.0
GSM4138112_HNSCC_2_PBMC_CCGTGGACATATACCG	105.22184265250996	169.73230407914374	0.0	31.66734942536302	143.07926773998614	0.0	0.0	0.0	0.0	0.0	0.0	0.0	0.0	0.0	0.0	0.0	0.0	0.0	0.0	0.0	0.0	0.0	0.0
GSM4138112_HNSCC_2_PBMC_CCTCTGAGTTCGGGCT	99.21956966873876	67.78757547303739	0.0	0.0	75.12408427627534	0.0	0.0	0.0	0.0	0.0	0.0	0.0	0.0	0.0	0.0	0.0	89.73619202525926	0.0	0.0	0.0	0.0	0.0	0.0
GSM4138112_HNSCC_2_PBMC_CCTTCGATCGGCTTGG	104.47754825390714	0.0	90.80372645037541	0.0	11.17967265547202	0.0	0.0	130.53721146269754	0.0	0.0	0.0	0.0	0.0	0.0	0.0	0.0	0.0	0.0	0.0	0.0	0.0	0.0	0.0
GSM4138112_HNSCC_2_PBMC_CTGATAGCAAGAAAGG	87.09754795780235	0.0	36.697960954833455	0.0	0.0	0.0	0.0	74.09302306848093	0.0	0.0	0.0	0.0	0.0	32.29597660551508	0.0	0.0	0.0	0.0	8.483192443812777	0.0	0.0	0.0	0.0
GSM4138112_HNSCC_2_PBMC_GCCTCTATCATGTGGT	181.11820655388468	303.75152957230335	41.18106358217641	0.0	0.0	0.0	0.0	0.0	0.0	0.0	0.0	0.0	0.0	0.0	84.90657392935793	114.67948708578504	0.0	0.0	0.0	0.0	0.0	0.0	0.0
GSM4138112_HNSCC_2_PBMC_GGGATGACAAGCGATG	84.0514318078524	2.2322999060724045	0.0	56.17646958056683	0.0	0.0	192.96599728231254	0.0	0.0	0.0	106.11177475717156	0.0	0.0	0.0	0.0	0.0	0.0	0.0	0.0	0.0	0.0	0.0	0.0
GSM4138112_HNSCC_2_PBMC_GGGTTGCGTTTGGCGC	0.0	0.0	78.54823661922919	102.56535842555704	18.031720579096472	0.0	0.0	143.87284698393975	0.0	0.0	0.0	0.0	0.0	0.0	0.0	0.0	0.0	0.0	0.0	0.0	0.0	0.0	0.0
GSM4138112_HNSCC_2_PBMC_GTCATTTTCACGCGGT	113.18057094745826	0.0	69.5851663652926	0.0	0.0	122.58838993730474	0.0	0.0	0.0	22.012862041928653	0.0	0.0	0.0	0.0	0.0	0.0	0.0	0.0	0.0	0.0	0.0	0.0	0.0
GSM4138112_HNSCC_2_PBMC_TCCCGATGTGCGATAG	109.24735837176817	95.92165437055182	0.0	0.0	0.0	0.0	0.0	0.0	0.0	0.0	0.0	0.0	0.0	0.0	43.82507231318913	0.0	0.0	0.0	0.0	0.0	0.0	0.0	0.0
GSM4138112_HNSCC_2_PBMC_TCGTACCTCAGCTCGG	0.0	218.21759655959602	0.0	185.17156337097282	0.0	0.0	0.0	0.0	0.0	0.0	0.0	0.0	0.0	0.0	0.0	0.0	0.0	0.0	0.0	0.0	186.9480891495211	0.0	0.0
GSM4138112_HNSCC_2_PBMC_TCTCATATCACAAACC	0.0	0.0	0.0	159.3894681235636	125.04214112605558	0.0	0.0	0.0	0.0	226.15086625930124	0.0	0.0	0.0	0.0	0.0	0.0	0.0	0.0	0.0	0.0	0.0	0.0	0.0
GSM4138112_HNSCC_2_PBMC_AACTGGTCATAACCTG	0.0	248.30099172139592	191.37519396297182	293.6477903432565	35.08391422956211	0.0	0.0	0.0	0.0	0.0	0.0	99.6209345211524	0.0	0.0	0.0	0.0	0.0	0.0	0.0	0.0	0.0	0.0	0.0
GSM4138112_HNSCC_2_PBMC_ACTGAACGTCTTGTCC	241.5865585581259	90.84538354281267	0.0	0.0	302.9819830783831	0.0	223.60723283172877	0.0	0.0	0.0	0.0	78.51671652672383	0.0	0.0	0.0	0.0	0.0	0.0	0.0	0.0	0.0	0.0	0.0
GSM4138112_HNSCC_2_PBMC_CGTCAGGCAGGAACGT	281.6285071783791	367.35481739558196	197.65943157624906	0.0	0.0	0.0	127.05228009825797	0.0	0.0	0.0	0.0	0.0	0.0	0.0	10.953001648741207	0.0	0.0	0.0	0.0	0.0	0.0	0.0	0.0
GSM4138112_HNSCC_2_PBMC_GAGGTGACAGGATCGA	153.20110530661225	225.56428967884554	161.60245037748737	0.0	0.0	0.0	0.0	0.0	0.0	0.0	0.0	0.0	0.0	0.0	0.0	0.0	0.0	0.0	0.0	0.0	0.0	0.0	0.0
GSM4138112_HNSCC_2_PBMC_GATCAGTAGCGATTCT	240.96566259134144	438.338788534044	71.54996463201525	10.795179370384327	0.0	0.0	0.0	0.0	0.0	0.0	246.40703698776716	0.0	0.0	0.0	0.0	0.0	0.0	0.0	0.0	0.0	0.0	0.0	0.0
GSM4138112_HNSCC_2_PBMC_GCAAACTTCGTGGACC	333.5183294609013	0.0	0.0	0.0	0.0	0.0	0.0	0.0	0.0	0.0	336.21396544631625	0.0	499.31285477051324	0.0	0.0	0.0	0.0	0.0	0.0	0.0	0.0	0.0	0.0
GSM4138112_HNSCC_2_PBMC_GCATACAAGGCTACGA	0.0	83.5183015917497	381.5466735030086	245.73697649087146	1.071766090644759	226.4595665030013	0.0	75.91718447964922	0.0	0.0	0.0	0.0	0.0	0.0	0.0	0.0	40.59843108606829	0.0	0.0	0.0	0.0	0.0	0.0
GSM4138112_HNSCC_2_PBMC_GCTTGAAAGGAATGGA	60.718507006521044	227.33778469705186	0.0	120.55519478523621	129.36752175301052	0.0	0.0	0.0	0.0	0.0	0.0	9.46876680924474	0.0	161.3189839535138	0.0	0.0	0.0	0.0	0.0	0.0	0.0	0.0	0.0
GSM4138112_HNSCC_2_PBMC_GTCATTTCAGCTCGAC	223.2484712203841	129.57978537319823	0.0	0.0	286.35402841882905	194.07106526767225	0.0	0.0	0.0	0.0	0.0	0.0	0.0	0.0	0.0	0.0	0.0	0.0	0.0	0.0	0.0	0.0	0.0
GSM4138112_HNSCC_2_PBMC_AATCGGTCAGGCAGTA	0.0	558.4386911779949	351.3444959358365	209.3109528696475	0.0	0.0	0.0	0.0	0.0	0.0	0.0	0.0	0.0	0.0	0.0	0.0	0.0	0.0	0.0	0.0	0.0	0.0	0.0
GSM4138112_HNSCC_2_PBMC_ACACCAAGTTCCCTTG	26.504110601655064	337.33759935087295	266.20794664096525	194.5372226751039	0.0	0.0	0.0	0.0	0.0	0.0	0.0	0.0	0.0	0.0	0.0	0.0	0.0	0.0	0.0	0.0	0.0	0.0	0.0
GSM4138112_HNSCC_2_PBMC_ACGTCAACAATAGCAA	384.6321933666264	0.0	404.70942816379744	0.0	0.0	0.0	0.0	670.7874403088083	0.0	0.0	0.0	4.5106525191264115	0.0	0.0	0.0	0.0	0.0	0.0	0.0	0.0	0.0	0.0	0.0
GSM4138112_HNSCC_2_PBMC_ACTGCTCCACATGGGA	250.53549021177133	0.0	0.0	63.998824246773445	0.0	0.0	0.0	123.74015663266789	0.0	0.0	401.1735486869029	0.0	467.20385760076925	0.0	0.0	0.0	0.0	0.0	0.0	0.0	0.0	0.0	0.0
GSM4138112_HNSCC_2_PBMC_AGGGATGTCTCTTGAT	0.0	0.0	0.0	283.9467403322514	182.81035249183483	0.0	0.0	0.0	310.05955399061844	0.0	0.0	0.0	0.0	0.0	0.0	0.0	0.0	0.0	0.0	0.0	0.0	0.0	0.0
GSM4138112_HNSCC_2_PBMC_ATCTGCCTCGTGGACC	0.0	326.0550438712894	255.79530890336014	221.50752547226762	0.0	0.0	0.0	0.0	0.0	0.0	0.0	0.0	0.0	0.0	0.0	0.0	0.0	0.0	0.0	0.0	0.0	0.0	0.0
GSM4138112_HNSCC_2_PBMC_CCCAGTTTCACGCATA	0.0	0.0	0.0	283.04553488745995	404.00258954088383	0.0	630.3724648125396	0.0	0.0	0.0	0.0	0.0	0.0	0.0	0.0	0.0	0.0	0.0	0.0	0.0	0.0	0.0	0.0
GSM4138112_HNSCC_2_PBMC_CTGAAGTCACGAGAGT	0.0	31.284882115971403	173.3379355657183	294.99002086840943	0.0	0.0	0.0	0.0	0.0	0.0	0.0	437.09472996479775	0.0	0.0	102.40268682963699	18.052535969124772	0.0	0.0	0.0	0.0	0.0	0.0	0.0
GSM4138112_HNSCC_2_PBMC_CTGATAGCACCGCTAG	303.87535045630773	0.0	0.0	0.0	32.39259194821303	14.4787575223281	0.0	0.0	239.99011413063997	0.0	0.0	0.0	0.0	0.0	0.0	0.0	0.0	0.0	0.0	166.87487075776528	0.0	0.0	0.0
GSM4138112_HNSCC_2_PBMC_CTGCTGTGTCCGAACC	130.34168298418035	79.25777123493818	189.74474378556073	0.0	0.0	0.0	10.835643275877167	131.14594022762034	0.0	0.0	0.0	0.0	0.0	0.0	0.0	0.0	0.0	0.0	0.0	0.0	0.0	0.0	0.0
GSM4138112_HNSCC_2_PBMC_GACGGCTAGCGTAATA	0.0	195.8045263491896	210.89986987381656	261.3651575231905	141.3031046770964	0.0	266.7460723964336	0.0	0.0	0.0	0.0	0.0	0.0	0.0	0.0	0.0	0.0	0.0	0.0	0.0	0.0	0.0	0.0
GSM4138112_HNSCC_2_PBMC_GATCGTACAAGACACG	294.16515496483146	67.6164702379229	0.0	0.0	298.9606164870019	135.09078939468424	0.0	0.0	0.0	0.0	0.0	0.0	0.0	0.0	0.0	0.0	0.0	0.0	0.0	0.0	0.0	0.0	0.0
GSM4138112_HNSCC_2_PBMC_TAGACCAAGGCCGAAT	368.506468094661	269.01160435335663	397.27613991315457	0.0	0.0	0.0	0.0	335.38088963241734	0.0	0.0	0.0	0.31723307042610777	0.0	0.0	0.0	0.0	0.0	0.0	0.0	0.0	0.0	0.0	0.0
GSM4138112_HNSCC_2_PBMC_TGCGTGGTCACCTTAT	305.33962032962125	0.0	0.0	0.0	0.0	0.0	0.0	540.7128972579616	0.0	0.0	144.34687020202261	0.0	0.0	0.0	0.0	0.0	0.0	0.0	0.0	0.0	198.2518876963449	30.03332270018463	0.0
GSM4138112_HNSCC_2_PBMC_AAACCTGCATTATCTC	412.4319847932546	0.0	29.113605272479198	0.0	143.22500933083654	0.0	232.80705334026388	0.0	0.0	0.0	0.0	0.0	0.0	0.0	10.746657979875264	0.0	0.0	0.0	0.0	0.0	0.0	0.0	0.0
GSM4138112_HNSCC_2_PBMC_AACGTTGTCATGTCTT	0.0	0.0	0.0	448.00254065712505	186.8106178761011	0.0	0.0	0.0	328.432850340521	0.0	0.0	0.0	0.0	0.0	0.0	0.0	0.0	0.0	0.0	0.0	0.0	0.0	0.0
GSM4138112_HNSCC_2_PBMC_AACTCTTGTATAGGTA	372.63837525798067	240.27350239364438	0.0	56.44532147066571	0.0	0.0	0.0	0.0	0.0	0.0	194.92446485478948	0.0	0.0	0.0	0.0	0.0	0.0	0.0	0.0	5.840196855779212	0.0	0.0	0.0
GSM4138112_HNSCC_2_PBMC_ACGATGTTCTGGTATG	373.52642502748995	242.14653820229606	0.0	6.689474502145822	30.494651181304718	0.0	0.0	0.0	0.0	40.66902903699247	0.0	0.0	0.0	0.0	135.1304960957005	0.0	0.0	0.0	0.0	0.0	0.0	0.0	0.0
GSM4138112_HNSCC_2_PBMC_ACTGAGTAGGAGTACC	178.65824905237636	298.14757789273324	147.1621385958612	229.8154326289107	0.0	0.0	0.0	0.0	0.0	0.0	0.0	0.0	0.0	0.0	0.0	0.0	0.0	0.0	0.0	0.0	0.0	0.0	0.0
GSM4138112_HNSCC_2_PBMC_AGCATACCAAAGGCGT	355.03991375316633	0.0	159.37571198555773	0.0	0.0	0.0	0.0	0.0	0.0	299.22339338624556	0.0	0.0	0.0	0.0	0.0	0.0	0.0	0.0	0.0	0.0	0.0	0.0	0.0
GSM4138112_HNSCC_2_PBMC_ATCATGGGTCAAAGAT	0.0	216.32483122984712	87.59081478197858	381.1957943798723	47.96851719931004	0.0	0.0	0.0	0.0	0.0	0.0	0.0	0.0	0.0	0.0	0.0	0.0	0.0	0.0	0.0	0.0	0.0	0.0
GSM4138112_HNSCC_2_PBMC_ATCCGAACATAACCTG	228.9153032921226	0.0	187.36449830113332	71.94487282581687	0.0	7.734350762512048	0.0	0.0	196.36877235289612	12.13928923141744	0.0	0.0	0.0	0.0	0.0	0.0	0.0	0.0	0.0	0.0	0.0	0.0	0.0
GSM4138112_HNSCC_2_PBMC_ATGAGGGAGACTAGGC	254.5083841354711	177.4423217288504	0.0	0.0	112.05440713011659	0.0	0.0	0.0	0.0	0.0	9.914226917595144	2.737612702878145	0.0	0.0	0.0	0.0	0.0	0.0	0.0	0.0	0.0	0.0	0.0
GSM4138112_HNSCC_2_PBMC_CAGCTGGGTACCATCA	195.1373778265631	0.0	131.36827524038145	21.375091321515754	0.0	0.0	146.31585405680048	0.0	0.0	0.0	0.0	0.0	0.0	0.0	0.0	0.0	0.0	0.0	0.0	0.0	0.0	0.0	0.0
GSM4138112_HNSCC_2_PBMC_CATCCACAGCGTCAAG	6.259615087229925	473.31551425358424	358.6072721876633	351.56999443777875	0.0	0.0	0.0	0.0	0.0	0.0	0.0	0.0	0.0	0.0	0.0	0.0	0.0	0.0	0.0	0.0	0.0	0.0	0.0
GSM4138112_HNSCC_2_PBMC_CCGTTCATCTGTGCAA	221.1794148181881	0.0	81.34577479264212	197.17528708679183	131.55817294598202	278.02701274781646	0.0	0.0	0.0	0.0	0.0	0.0	0.0	0.0	0.0	0.0	0.0	0.0	0.0	0.0	0.0	0.0	0.0
GSM4138112_HNSCC_2_PBMC_CGGTTAAAGCAATCTC	355.4281331208698	0.0	0.0	0.0	0.0	145.34624627235988	0.0	0.0	0.0	0.0	187.41802505837362	0.0	0.0	0.0	0.0	0.0	0.0	0.0	0.0	0.0	0.0	0.0	0.0
GSM4138112_HNSCC_2_PBMC_CTTCTCTCAGAGCCAA	203.5307978240824	109.47523538951305	322.84007662464086	181.9399012817853	0.0	242.00694051176583	6.518480654998374	0.0	0.0	0.0	0.0	154.0498133613793	0.0	0.0	0.0	0.0	0.0	0.0	0.0	0.0	0.0	0.0	0.0
GSM4138112_HNSCC_2_PBMC_GCACATACAATGAAAC	500.79579802130735	0.0	9.166959469504107	0.0	90.91547009375252	0.0	0.0	0.0	0.0	0.0	0.0	0.0	373.4099753093784	0.0	0.0	83.89933704574236	0.0	0.0	0.0	0.0	0.0	0.0	0.0
GSM4138112_HNSCC_2_PBMC_GCTCCTAAGTGAAGTT	395.96601554939775	201.88408151946413	0.0	0.0	207.1294562738396	28.757442872160993	0.0	0.0	0.0	0.0	0.0	0.0	0.0	0.0	0.0	0.0	0.0	0.0	0.0	0.0	0.0	0.0	0.0
GSM4138112_HNSCC_2_PBMC_GCTGGGTGTTTCGCTC	399.5876107141737	46.65986033649673	0.0	0.0	150.73364997860872	0.0	0.0	0.0	0.0	0.0	0.0	203.90134315002877	0.0	0.0	0.0	0.0	0.0	0.0	0.0	0.0	0.0	0.0	0.0
GSM4138112_HNSCC_2_PBMC_GGATGTTGTGTCGCTG	325.5241399913458	297.50209815739976	0.0	32.44723858737296	0.0	0.0	0.0	0.0	0.0	0.0	0.0	0.0	0.0	105.58229658033972	0.0	0.0	0.0	0.0	0.0	0.0	0.0	0.0	0.0
GSM4138112_HNSCC_2_PBMC_GGCGACTTCTTGTTTG	0.0	288.2751480370131	0.0	350.1006605759343	185.61629074265502	0.0	0.0	0.0	0.0	0.0	0.0	0.0	0.0	0.0	0.0	0.0	0.0	0.0	0.0	0.0	0.0	0.0	0.0
GSM4138112_HNSCC_2_PBMC_GGCTCGATCATTGCGA	217.6445774819361	0.0	99.99077703459685	12.27703499398909	0.0	97.95027818399684	0.0	0.0	0.0	0.0	0.0	0.0	0.0	0.0	0.0	0.0	0.0	0.0	0.0	0.0	0.0	0.0	0.0
GSM4138112_HNSCC_2_PBMC_GTGTTAGGTCTCAACA	331.56720666755183	0.0	0.0	0.0	0.0	0.0	0.0	39.645834139937044	0.0	0.0	0.0	7.095157141581324	0.0	0.0	161.2642928206827	0.0	213.85187022483547	0.0	0.0	0.0	0.0	0.0	0.0
GSM4138112_HNSCC_2_PBMC_TCAATCTCAGGTTTCA	0.0	0.0	79.5283563267324	389.95848803723004	5.5196366289066	247.19985804578997	0.0	0.0	0.0	0.0	0.0	0.0	0.0	0.0	0.0	0.0	0.0	0.0	0.0	0.0	0.0	0.0	0.0
GSM4138112_HNSCC_2_PBMC_TCACGAAGTGACGCCT	457.89182858435714	0.0	0.0	0.0	194.08321456961065	133.41854895108185	0.0	85.22045031326759	0.0	77.58284569330081	0.0	0.0	0.0	0.0	0.0	0.0	0.0	0.0	0.0	0.0	0.0	0.0	0.0
GSM4138112_HNSCC_2_PBMC_TGCGCAGTCCAAGTAC	387.92646927092636	0.0	0.0	62.09684560227288	0.0	0.0	0.0	48.56039034174685	0.0	254.47301372939614	0.0	0.0	0.0	235.01065327719283	0.0	0.0	0.0	0.0	0.0	0.0	0.0	0.0	0.0
GSM4138112_HNSCC_2_PBMC_TTCTCCTAGTACGTTC	0.0	0.0	210.9834580850163	464.37522252441045	0.0	229.5331286023012	0.0	0.0	0.0	0.0	0.0	0.0	0.0	0.0	0.0	0.0	0.0	0.0	0.0	0.0	0.0	0.0	0.0
GSM4138112_HNSCC_2_PBMC_TTTACTGAGACTGTAA	3508.7519954743243	0.0	0.0	0.0	0.0	0.0	0.0	0.0	0.0	0.0	0.0	0.0	0.0	0.0	0.0	0.0	0.0	0.0	0.0	0.0	0.0	0.0	0.0
GSM4138112_HNSCC_2_PBMC_AGCAGCCTCCGTAGGC	0.0	0.0	2768.6023891920936	0.0	0.0	0.0	0.0	0.0	0.0	0.0	497.9527625666956	0.0	0.0	201.55355170823256	0.0	0.0	0.0	0.0	0.0	0.0	0.0	0.0	0.0
GSM4138112_HNSCC_2_PBMC_CAGCGACAGACACGAC	0.0	0.0	0.0	0.0	0.0	0.0	0.0	3977.7044372009336	0.0	0.0	0.0	0.0	456.42837068287656	0.0	0.0	0.0	0.0	0.0	69.94542952474538	0.0	0.0	0.0	0.0
