	1	2	3	4	5	6	7
GSM4138112_HNSCC_2_PBMC_AACCGCGAGGGCTCTC	331.5025675101137	196.47619143905808	38.55290622670031	24.56563204776725	0.0	27.053615086161198	18.718502114268027
GSM4138112_HNSCC_2_PBMC_AGCCTAAAGAGGGCTT	395.54315059065345	93.44992051445351	78.97395047292089	32.07313586920586	4.446307431739975	0.5478983194637196	0.0
GSM4138112_HNSCC_2_PBMC_ATAGACCTCTACGAGT	165.52770180454363	152.8955155819424	113.51078510383219	5.349293552358911	153.01738054609436	29.537139457444738	10.208880550133864
GSM4138112_HNSCC_2_PBMC_CAGCGACCAGGGAGAG	310.43187902389695	186.15581142316276	31.693681809568897	0.0	11.039841848033626	19.912615896083363	0.0
GSM4138112_HNSCC_2_PBMC_CCTAGCTAGACACTAA	374.5123574223338	126.52973561871121	106.69290703822433	26.956937550857344	0.0	0.30112358228431796	0.0
GSM4138112_HNSCC_2_PBMC_CGCGTTTCACGGACAA	286.29673720325275	137.7832347056459	78.77665253795365	14.504920032063081	0.0	29.98732107875557	0.0
GSM4138112_HNSCC_2_PBMC_CGTGTCTCATTCCTCG	448.3243186581811	89.72002719707902	32.22906193921108	18.99759700896268	35.38343342947532	0.0	25.676114316978385
GSM4138112_HNSCC_2_PBMC_CTAACTTCATAGACTC	605.0501947722936	118.86611022988751	14.820076101340758	59.4930650718869	1.4972998064319483	0.0	0.0
GSM4138112_HNSCC_2_PBMC_CTAACTTGTAGCGCTC	177.12703482047627	215.70958506908204	66.52610958157531	0.0	30.481053180344034	8.399682041517597	26.097645088629886
GSM4138112_HNSCC_2_PBMC_GAATGAATCTTACCTA	483.71980079732043	260.4118522204348	129.84515390519212	25.748495217174685	158.55227043578444	25.261017760611914	12.479922267345986
GSM4138112_HNSCC_2_PBMC_GATTCAGTCCATGCTC	853.7960401723436	207.5280115316913	80.61405242683374	37.1949273976922	188.55782981801775	62.1304140501347	0.0
GSM4138112_HNSCC_2_PBMC_GCTGCGACACGCCAGT	202.5501537893858	139.41960138823086	58.786517733028305	39.84629502425862	0.0	71.72057286343872	9.28573356527629
GSM4138112_HNSCC_2_PBMC_GGATTACGTCCGAACC	333.120653879597	146.47253939666862	1.1506583154575862	0.0	63.282866783625835	79.73964306362885	0.0
GSM4138112_HNSCC_2_PBMC_GGGAATGAGAAACGAG	561.9373965100872	189.10046764172088	346.7961790279869	41.83486379422279	365.4289644370667	0.0	12.27501410761349
GSM4138112_HNSCC_2_PBMC_GTCGGGTTCACCCTCA	391.18426177748614	96.95232133756011	22.2646706675002	0.0	285.65282807724725	4.059451251060792	0.0
GSM4138112_HNSCC_2_PBMC_GTTCATTAGGGAACGG	436.3266274018333	103.5653638384581	0.0	28.346910097768166	22.84944526097423	16.154283199186835	21.533119533030963
GSM4138112_HNSCC_2_PBMC_GTTCTCGCATCCGCGA	418.35815230854416	63.0128268005421	10.749386626897683	66.99631769728795	12.234833996980338	19.732519637396322	38.178632295923734
GSM4138112_HNSCC_2_PBMC_GTTTCTACATACCATG	412.0318671638988	94.18274675946915	20.464318572964395	7.12874688882145	22.913622525721614	25.031909432859848	10.13899292721153
GSM4138112_HNSCC_2_PBMC_TACCTTAAGACAGAGA	236.626142053749	230.81535342909848	81.25445672275414	29.41679803134201	17.325898913692086	25.91054079944872	0.0
GSM4138112_HNSCC_2_PBMC_TACGGGCCAGACAGGT	304.6485161993436	92.02259325193369	151.4090112882977	0.0	118.52611044227626	0.0	0.0
GSM4138112_HNSCC_2_PBMC_TACTCATTCACAGGCC	348.2450903208457	207.99107681744087	24.965431772662846	10.74002378373521	2.3027992721180817	8.09369142882486	0.0
GSM4138112_HNSCC_2_PBMC_TGAAAGAGTTCCACAA	817.5924448635315	279.0835133312498	0.0	0.0	531.2298450969381	41.410654181122204	21.72578042441021
GSM4138112_HNSCC_2_PBMC_TGCTACCTCAAGAAGT	453.1653614489283	99.66067656032722	49.53913445457268	0.0	0.0	0.0	60.695366685852576
GSM4138112_HNSCC_2_PBMC_TGTGTTTTCCCTTGTG	219.82947048107582	236.94667901697957	90.64342724245904	94.88551467600703	237.20327891239265	0.0	31.687034934011926
GSM4138112_HNSCC_2_PBMC_TTCTTAGAGTATCTCG	193.75206259481993	212.6471278280348	31.799882345646473	0.0	45.298033200535215	94.63746072702362	0.7055307909028556
GSM4138112_HNSCC_2_PBMC_TTGAACGCAATCTGCA	312.28297494135415	155.66824636240904	21.07607029075195	23.35449961033126	1.9673579129989636	58.45757285730656	0.0
GSM4138112_HNSCC_2_PBMC_TTGACTTTCACAGGCC	306.6621771785488	219.9404142583598	0.0	15.916686682663638	0.0	50.72248468178587	0.0
GSM4138112_HNSCC_2_PBMC_TTGACTTTCCTTTACA	465.14759849918875	123.34715555850072	2.765173463652275	11.775651789832994	0.0	0.0	36.491144616112315
GSM4138112_HNSCC_2_PBMC_TTTCCTCTCGTAGATC	341.1609026134985	84.49821893052726	98.33039033456099	40.7551739721161	24.57455152064208	0.0	0.0
GSM4138112_HNSCC_2_PBMC_AAACCTGAGCGAGAAA	590.7503735686917	51.42146386520117	23.326614012636437	40.70293541162191	14.878171698090663	9.481896918365885	12.952577671320919
GSM4138112_HNSCC_2_PBMC_AAAGATGAGCAGACTG	1442.331752362418	0.0	141.87743539011305	12.270514532555579	0.0	39.046522151954605	0.0
GSM4138112_HNSCC_2_PBMC_AACTGGTAGTCGATAA	754.7822945598693	0.0	30.09864591096058	0.0	17.235933135938577	29.75544675516355	0.0
GSM4138112_HNSCC_2_PBMC_AACTTTCTCCCTTGCA	756.4198059848263	51.52205661902379	0.0	11.91848158506982	0.0	0.0	0.0
GSM4138112_HNSCC_2_PBMC_AAGGTTCAGTGTCCAT	701.4875511358849	0.34485328376919133	0.0	0.0	0.0	3.8762476608174294	22.75165605751701
GSM4138112_HNSCC_2_PBMC_AATCCAGTCAGAGGTG	543.346856291219	175.09851291803673	13.297814255417155	0.0	0.0	49.08341907829564	0.0
GSM4138112_HNSCC_2_PBMC_AATCGGTGTCGACTAT	1082.3415712111703	30.269684774150043	353.32748653249007	20.413405914147795	17.286026916462752	31.992731233425996	0.0
GSM4138112_HNSCC_2_PBMC_ACACCAAAGTGGAGAA	757.3196754172753	66.02531294965748	0.0	0.0	0.0	14.895064764598771	22.15754778942946
GSM4138112_HNSCC_2_PBMC_ACAGCCGGTCTGGTCG	865.6282622930736	76.29469782658038	45.573771637300446	0.0	36.99837193148427	0.0	34.50305300267532
GSM4138112_HNSCC_2_PBMC_ACATGGTTCAACGGCC	507.0308886086869	32.9352074140708	0.0	28.12515319155065	0.0	81.77093930166103	0.0
GSM4138112_HNSCC_2_PBMC_ACGAGCCTCCAGTATG	570.033701632263	82.20392839100786	0.0	0.5216838926033073	10.752129592733906	49.386377073708886	43.076973109058294
GSM4138112_HNSCC_2_PBMC_ACGAGGACATGCCTTC	533.6019620911837	167.54873124424068	8.983891663205755	0.0	17.37303137089278	26.922992136609412	0.0
GSM4138112_HNSCC_2_PBMC_ACGCAGCAGCGTCTAT	1126.7068276013865	81.77887697786322	72.26218480363329	0.0	0.0	0.0	26.884399739441733
GSM4138112_HNSCC_2_PBMC_ACGGAGAGTCTACCTC	343.49873748911705	62.85500455352547	38.05765800557145	22.809171558589565	0.0	77.17384041884615	26.641639223362667
GSM4138112_HNSCC_2_PBMC_ACGGGTCCATGGAATA	1217.9760659424533	0.0	0.0	0.0	46.4926269065729	36.49561731435895	0.0
GSM4138112_HNSCC_2_PBMC_ACTGAACAGTACGTAA	958.1791898071531	21.494921011670396	101.16992882719926	0.0	20.85854085448781	52.64904785948788	9.663497824408868
GSM4138112_HNSCC_2_PBMC_ACTGATGGTTACCAGT	336.3618564239216	142.4689183804473	56.58671472972636	13.009741062091669	22.203728021700456	15.981207199142412	4.816231937070655
GSM4138112_HNSCC_2_PBMC_ACTGTCCCACATCTTT	1127.7284341344143	175.74533178966874	0.0	0.0	0.0	61.94324630060228	0.0
GSM4138112_HNSCC_2_PBMC_ACTTACTCATGACATC	797.1732066300287	0.0	0.0	0.0	0.5877838648585011	16.48905483803215	13.761632954584776
GSM4138112_HNSCC_2_PBMC_AGCAGCCCAGTCGATT	1308.9562513862822	0.0	0.0	13.163683966823736	14.533337721707495	25.04423251888937	51.646796725116545
GSM4138112_HNSCC_2_PBMC_AGCGTATGTACGCTGC	532.2925752755906	70.36523167378438	0.0	4.403819475967865	37.74749950351154	0.0	44.68519274622774
GSM4138112_HNSCC_2_PBMC_AGCTCTCCACTGTGTA	1212.7711078526781	0.0	36.700687261134156	0.0	0.0	37.97396057650527	0.0
GSM4138112_HNSCC_2_PBMC_AGCTCTCGTCTAGTGT	998.4613849958915	0.0	0.0	5.231286021996477	0.0	101.83719530777584	5.5988198110371314
GSM4138112_HNSCC_2_PBMC_AGGGTGAAGAGCTATA	454.9231939630312	113.07265789838793	30.1325307949696	0.0	0.0	19.805562780985145	1.4861614560652208
GSM4138112_HNSCC_2_PBMC_AGGGTGACACATTTCT	544.4503788021266	74.50422917008197	0.0	38.02716317518468	49.49306666099141	27.994435950043194	0.0
GSM4138112_HNSCC_2_PBMC_AGTAGTCTCTTCAACT	457.27516542196554	47.79033112144002	54.86860996807783	23.434737600213094	0.0	3.5213947932913454	8.63429317333718
GSM4138112_HNSCC_2_PBMC_AGTGTCAAGATGTCGG	417.5111291740478	45.83415078249712	112.46903259062583	25.226151870731076	0.0	0.0	0.0
GSM4138112_HNSCC_2_PBMC_ATAACGCGTGCCTGGT	1102.2168773876044	200.9245098650317	0.0	0.0	726.570671658975	11.76800320493586	3.991182321167487
GSM4138112_HNSCC_2_PBMC_ATAACGCTCATTTGGG	801.1467702664515	161.6930164074217	77.37694421939398	0.0	0.0	13.264861409979261	0.0
GSM4138112_HNSCC_2_PBMC_ATAAGAGCAGAGCCAA	1007.0433582198958	149.5348109457282	27.09914808739818	0.0	28.120505536726125	0.0	64.10512790617275
GSM4138112_HNSCC_2_PBMC_ATAGACCAGCAAATCA	902.5624356441773	0.0	0.888434695323726	0.0	0.0	0.0	25.831459206785222
GSM4138112_HNSCC_2_PBMC_ATCACGACAGTGGAGT	548.8344414301049	9.702128131926772	0.0	6.279734522591414	0.0	32.37751571947113	37.208493150398056
GSM4138112_HNSCC_2_PBMC_ATCCGAACAAGTAATG	499.3486152572856	11.674378527867946	95.80020029612172	1.102291651670721	0.0	0.0	3.021998384729729
GSM4138112_HNSCC_2_PBMC_ATCGAGTAGAAACGAG	1068.0438562604102	0.0	0.0	26.12672494285713	0.0	15.597634227123791	56.62635450003645
GSM4138112_HNSCC_2_PBMC_ATCTGCCCACCACGTG	863.8603330567289	0.0	34.23819364182712	0.5243152458036004	0.0	0.0	28.43281198656418
GSM4138112_HNSCC_2_PBMC_ATGCGATGTTCCTCCA	605.386260493372	157.61660087266614	33.784965765676375	0.0	11.621759873039956	14.815379884016172	0.4123265456621394
GSM4138112_HNSCC_2_PBMC_ATTATCCAGACAATAC	562.9461488627219	107.38793807520915	0.0	0.0	33.42113450937466	100.1550508775843	0.0
GSM4138112_HNSCC_2_PBMC_ATTTCTGCAGGTTTCA	693.2154860244243	30.97895534230302	74.1955662256765	0.0	0.5163393453574925	0.0	0.0
GSM4138112_HNSCC_2_PBMC_CAACCTCCAACAACCT	365.1459203799762	93.58412164481464	0.0	0.0	18.43700553375389	38.778394416631706	23.05323463041893
GSM4138112_HNSCC_2_PBMC_CAAGAAACAAGTCTAC	628.7247540828807	66.85079752222052	0.0	12.585050562633107	0.0	20.747866283717126	63.55788801667695
GSM4138112_HNSCC_2_PBMC_CAAGGCCGTAGCTCCG	794.0133301750208	0.0	0.0	4.272338182156791	20.15464640115952	46.637703095727765	0.5067742293314106
GSM4138112_HNSCC_2_PBMC_CAAGTTGAGCAGCGTA	368.8217777925352	80.58010590189735	17.38312680247892	0.0	7.569693067464097	0.0	38.44503456767679
GSM4138112_HNSCC_2_PBMC_CACCACTCACAGGTTT	781.5634460989999	89.80892723842088	60.09116317190697	0.0	22.06909675022691	11.352824092433597	37.36347708974059
GSM4138112_HNSCC_2_PBMC_CAGAGAGGTGGCCCTA	512.9908756921842	167.86277604750333	0.0	0.0	0.0	8.80184833385961	9.404774920922957
GSM4138112_HNSCC_2_PBMC_CAGCAGCCAATCACAC	932.7992677329322	17.937960866792032	12.081459098329455	0.0	36.225840722612915	0.0	2.571087966186844
GSM4138112_HNSCC_2_PBMC_CAGCATAAGAAGAAGC	474.69516399549303	11.15413563493526	41.96352235554868	0.0	47.17555254636038	0.0	0.0
GSM4138112_HNSCC_2_PBMC_CAGCTAAAGGACACCA	958.6330946579114	0.0	0.0	0.0	0.0	0.0	11.050572309491312
GSM4138112_HNSCC_2_PBMC_CAGCTGGGTCCAGTTA	1231.3914715236021	8.88776226998143	117.47049622540398	19.573394674741337	19.286796795918846	69.70915607661831	16.263332139789117
GSM4138112_HNSCC_2_PBMC_CATCGAAAGAAGGGTA	687.3241117154919	3.881757279401246	13.08290791377647	0.0	17.957205856036556	0.0	0.0
GSM4138112_HNSCC_2_PBMC_CATGCCTTCTGGTGTA	1456.3941232751658	43.300762417986874	198.5408675661384	0.0	0.0	0.0	0.0
GSM4138112_HNSCC_2_PBMC_CATTATCAGCAGATCG	456.82817627399453	124.93932395109884	42.6097146618011	3.935898836988698	0.0	20.80084047266212	13.165381230075184
GSM4138112_HNSCC_2_PBMC_CCATTCGAGCGATATA	954.4789735950262	42.700349744013124	99.35211131596697	0.0	66.31082421856688	5.901078459603016	62.199404720055774
GSM4138112_HNSCC_2_PBMC_CCATTCGGTGTGAATA	947.3718168426791	0.0	32.87184929102357	0.0	12.065457085492174	18.244742955374413	0.0
GSM4138112_HNSCC_2_PBMC_CCCAATCCACACATGT	1387.9122524471368	0.0	0.0	0.0	14.335444717390022	11.034246047183611	19.02113900181544
GSM4138112_HNSCC_2_PBMC_CCCAATCTCAACACCA	492.0961242254888	101.23241383749405	1.2901540354031693	27.06280872803648	20.77213320459917	24.16394942462155	2.790077640282605
GSM4138112_HNSCC_2_PBMC_CCCTCCTAGACAAGCC	545.8346919323741	27.189252006619224	3.724884568558119	7.951035725762152	27.20090617571386	0.0	0.0
GSM4138112_HNSCC_2_PBMC_CCTCAGTCACCAGATT	563.2104945377921	157.74604628894426	56.317253510916466	0.0	0.0	0.0	0.0
GSM4138112_HNSCC_2_PBMC_CCTCTGACACTCAGGC	642.607224462253	82.47255768234972	36.24863211877849	13.208101518556848	0.0	1.6153691990459904	15.61988224139749
GSM4138112_HNSCC_2_PBMC_CCTTACGGTGTGACCC	989.9548304709596	54.38269938304016	86.20634098317042	0.0	6.32320609912577	28.76359418565976	38.457549504152446
GSM4138112_HNSCC_2_PBMC_CCTTCCCTCCAATGGT	607.590062754775	31.09995533609957	0.0	18.961863560562428	1.225854693005867	51.041147810547855	10.328942101304463
GSM4138112_HNSCC_2_PBMC_CGAGAAGGTGCCTGTG	660.6151951055153	109.87295113784222	0.0	13.757379205916056	37.80185123755208	23.967845444571914	0.0
GSM4138112_HNSCC_2_PBMC_CGAGCCAAGGTCATCT	467.2035161436392	73.91470566498833	9.407983654357283	0.0	37.77710259414432	0.0	13.951428757962468
GSM4138112_HNSCC_2_PBMC_CGATCGGAGTACATGA	664.0723455569923	61.63344777845745	48.99698414322219	13.502116511145521	9.566952448670516	2.746186904285855	0.0
GSM4138112_HNSCC_2_PBMC_CGCCAAGCAATGACCT	789.3193642933393	241.62456732721222	22.017775068345394	0.0	446.8438213687292	0.0	0.0
GSM4138112_HNSCC_2_PBMC_CGCCAAGGTCCGCTGA	1640.3564613260535	0.0	211.5935537736654	0.0	0.0	0.0	0.0
GSM4138112_HNSCC_2_PBMC_CGCTGGAAGTACCGGA	403.41042906073915	84.6059918935404	25.046755166029204	0.20830566747896434	61.65992949159318	30.22078114684653	5.528843208370387
GSM4138112_HNSCC_2_PBMC_CGCTTCATCCGCGGTA	1913.2377449482601	0.0	0.0	0.0	0.0	12.662916057168735	0.0
GSM4138112_HNSCC_2_PBMC_CGGACACGTTCAGTAC	844.5426731051361	83.23599479771659	124.72746543637668	6.891128366511523	11.218009448064796	0.0	0.0
GSM4138112_HNSCC_2_PBMC_CGGACGTTCCAAGTAC	812.8270401517542	114.92343649854695	38.4098295770135	16.757730840594668	29.923874989271066	18.254776006988422	9.171298499918676
GSM4138112_HNSCC_2_PBMC_CGTAGGCGTGTCTGAT	307.36976347273475	105.58034900403035	7.919419924784012	0.0	8.113479360463515	25.62808089745051	18.168890427994587
GSM4138112_HNSCC_2_PBMC_CGTTGGGCAAAGAATC	466.6183156899057	30.0155017245003	72.42249511907157	0.0	65.32285585536607	0.0	0.0
GSM4138112_HNSCC_2_PBMC_CTAAGACAGATGAGAG	678.9219745114602	41.10237839123501	0.0	0.0	27.99206690163694	16.481537698642303	0.0
GSM4138112_HNSCC_2_PBMC_CTACACCAGTGGACGT	961.3889375765223	3.1312897959017776	104.14680774137358	22.828898456279028	0.0	0.0	42.9205994982842
GSM4138112_HNSCC_2_PBMC_CTACGTCGTCTTGCGG	892.1937877016135	86.6109667744273	42.13478799684587	0.0	32.6807849767895	26.540849220442254	0.8962252778478841
GSM4138112_HNSCC_2_PBMC_CTCATTATCATCGGAT	556.5040899494769	126.40516510384485	28.83766244764456	41.240927051143075	1.70686031811103	76.09007561783645	0.0
GSM4138112_HNSCC_2_PBMC_CTCGAGGAGAAGGTGA	834.9847241218988	0.0	11.84544728702527	0.0	0.0	0.0	0.0
GSM4138112_HNSCC_2_PBMC_CTCGGGAGTACTCTCC	1288.3486295041496	75.48937759565001	0.0	0.0	0.0	0.0	27.71722168196178
GSM4138112_HNSCC_2_PBMC_CTGATAGGTTACGCGC	866.1007531020454	22.043204395895764	0.0	0.0	0.0	41.65514046602937	12.15844995851516
GSM4138112_HNSCC_2_PBMC_CTGCCTAAGCCTCGTG	833.4871622299195	68.9464745132478	0.0	0.0	5.063978352515073	45.40458359789727	0.0
GSM4138112_HNSCC_2_PBMC_CTGCGGAGTCATTAGC	591.4903960310178	127.4628984796283	0.0	16.540443028338153	0.0	0.0	4.78613880597458
GSM4138112_HNSCC_2_PBMC_CTTAACTCACGGTTTA	1143.704357107471	0.0	0.0	0.0	0.0	84.68271462230936	35.57745190544245
GSM4138112_HNSCC_2_PBMC_CTTCTCTTCGAGGTAG	931.568745650966	42.470323520458216	30.65762832571566	4.539278277385328	32.87481584252934	21.152165800468307	0.0
GSM4138112_HNSCC_2_PBMC_CTTTGCGCACACTGCG	163.8330214424414	243.08872551942858	68.85665261416214	34.3679900449837	0.0	52.8636696584735	11.358926370326992
GSM4138112_HNSCC_2_PBMC_GAAACTCAGGAATGGA	847.3341034421625	32.99837913997675	0.0	0.0	0.0	0.0	24.830733722601007
GSM4138112_HNSCC_2_PBMC_GAATAAGGTCTCGTTC	893.9997598942002	198.80519816939466	54.20788049120379	5.195615707455951	78.68571992700454	0.0	26.085081817921026
GSM4138112_HNSCC_2_PBMC_GAATGAAGTGTCGCTG	1316.0326664339655	100.50021597004755	111.11937911986179	10.501083384230336	40.31827880692811	0.0	29.561675105975937
GSM4138112_HNSCC_2_PBMC_GACACGCGTGGTTTCA	691.9769893787062	71.57248138259855	0.0	40.9357529471817	0.0	21.977742927604346	4.04175410378489
GSM4138112_HNSCC_2_PBMC_GACAGAGTCTGTTTGT	447.9135415003126	132.9259858450715	50.54728606379947	49.721188936438594	0.0	0.0	18.27833666335473
GSM4138112_HNSCC_2_PBMC_GACCAATAGCCCAGCT	609.029112621544	0.05972177826839153	0.0	0.0	69.43329424295419	32.48864188752639	43.91736913554851
GSM4138112_HNSCC_2_PBMC_GACTACAGTGCAACGA	803.5249869827118	0.0	0.0	0.0	0.0	3.056116388545992	37.50283159881298
GSM4138112_HNSCC_2_PBMC_GACTGCGCATACTCTT	864.0275189999907	30.78015132838726	0.0	0.0	16.00995375972678	23.129391536652406	1.7470105043577315
GSM4138112_HNSCC_2_PBMC_GATCGATCACGTGAGA	817.6063139094097	174.94041246626773	67.70068272464138	22.67826976081157	0.0	0.48274525505892163	2.7326842480919598
GSM4138112_HNSCC_2_PBMC_GATCGCGAGGTGGGTT	648.5884233027978	107.61125468407573	100.40453414885899	0.0	0.0	0.8921222445622577	24.475736924709196
GSM4138112_HNSCC_2_PBMC_GATTCAGGTAGCGCAA	791.5915246573442	229.75980172476756	101.9341048725763	0.20220727543550146	11.20013208392169	10.572125401735212	7.416948225150708
GSM4138112_HNSCC_2_PBMC_GCACATAGTTCACCTC	539.3241030917262	108.59904218537118	12.953566521642463	0.0	0.0	7.662017068622163	5.20533767651989
GSM4138112_HNSCC_2_PBMC_GCAGTTAAGGCTAGAC	1149.4356329150569	112.39254237754815	0.0	0.5057510005494021	0.0	32.94002257654141	0.0
GSM4138112_HNSCC_2_PBMC_GCATACACACGGCGTT	1298.3728267737627	0.0	114.40277842944525	2.9596976491044917	0.4104719266697261	0.0	0.4303012071758435
GSM4138112_HNSCC_2_PBMC_GCATACACAGCAGTTT	574.2251628951848	49.814170270829514	35.990510158481264	11.940992105687176	0.0	0.0	0.0
GSM4138112_HNSCC_2_PBMC_GCATGATCACCGATAT	912.6550938161097	27.790358631638885	0.0	0.0	34.70756460036834	25.760146881127987	15.007975040498506
GSM4138112_HNSCC_2_PBMC_GCATGATCACTGTTAG	524.9986985425236	184.7976257911864	17.31117924803034	30.05367254628223	0.4826490051499537	25.28943758843647	0.0
GSM4138112_HNSCC_2_PBMC_GCATGATCATCACCCT	312.1707500804722	114.92726132293248	168.94418109351946	33.79681819844679	3.628278711989463	0.0	20.068710153726563
GSM4138112_HNSCC_2_PBMC_GCATGCGAGCTGATAA	1026.6793960518035	75.33712988841245	0.0	14.757165739249803	0.0	43.91228090002187	4.067267090744151
GSM4138112_HNSCC_2_PBMC_GCATGCGCAATCGGTT	515.3920469791493	67.98041979855174	0.0	48.47532777754063	0.0	0.0	69.00009383580253
GSM4138112_HNSCC_2_PBMC_GCGACCAGTCATTAGC	1123.8645188485207	103.75297153969197	173.01653394939873	60.10350601861695	0.0	32.233052378518785	27.2958414099254
GSM4138112_HNSCC_2_PBMC_GCGAGAATCGCCTGAG	979.0691308450848	8.36606801709472	0.0	0.0	15.541050966979217	39.14940874365995	16.400771128436915
GSM4138112_HNSCC_2_PBMC_GCTCTGTCACGGTAAG	453.047426283489	127.348978559739	0.0	12.263347343641787	0.0	10.083895789292281	68.01245088541852
GSM4138112_HNSCC_2_PBMC_GCTGCAGAGTGCCATT	466.35297988353165	151.26015837621762	0.0	0.0	33.062049910185195	17.076488735410834	33.83277855414099
GSM4138112_HNSCC_2_PBMC_GGACAAGGTAGATTAG	1414.3806012190066	73.22802502382798	26.17082051162574	0.0	52.16815415196735	64.99988940093255	0.0
GSM4138112_HNSCC_2_PBMC_GGAGCAAAGATGGGTC	1213.6001528768024	48.95413318013543	0.0	9.884684441420145	6.345601549298387	44.79792341475591	20.834921167878004
GSM4138112_HNSCC_2_PBMC_GGCAATTTCATCATTC	996.5976320191822	0.0	0.0	0.0	29.179629493013888	0.0	0.5910737215797671
GSM4138112_HNSCC_2_PBMC_GGGCACTCAATGGACG	1088.3968899372057	31.957965909505884	51.97165659115632	23.618344138142028	25.667651817230027	67.55709277763907	0.0
GSM4138112_HNSCC_2_PBMC_GGGTTGCGTACATCCA	795.2026795264047	0.0	65.73807124322845	0.0	27.719397627312727	17.94705686951654	0.0
GSM4138112_HNSCC_2_PBMC_GTAACGTGTATAATGG	654.3509567424621	32.19791016457535	0.0	0.0	0.0	55.16449778327845	11.490244197583687
GSM4138112_HNSCC_2_PBMC_GTCCTCAAGCTCCCAG	390.7279282012103	98.08193557794394	0.0	49.84285094246721	0.0	7.7381241582167215	105.48821344919966
GSM4138112_HNSCC_2_PBMC_GTCCTCAGTAGCGTAG	513.9646295973142	83.87886690949244	0.0	6.054432437473833	15.596242416023935	0.0	12.22840523537218
GSM4138112_HNSCC_2_PBMC_GTCCTCAGTGCGGTAA	1018.3170716591129	20.013643641022366	0.0	0.0	13.750083266982378	0.7731058328255728	9.73184974752137
GSM4138112_HNSCC_2_PBMC_GTCGGGTGTAAGTGGC	1050.3942695791309	29.437472680255734	21.513245220764507	58.36589287616138	0.0	8.735387443967308	16.69628724623594
GSM4138112_HNSCC_2_PBMC_GTCGTAAAGTACACCT	840.5696440142733	125.99869918155005	0.0	0.0	0.0	20.73622761731353	0.0
GSM4138112_HNSCC_2_PBMC_GTGGGTCTCTTAACCT	1325.4001446954583	50.330498621172794	568.7532033887804	0.0	3.3159062201946887	0.0	19.593166176483933
GSM4138112_HNSCC_2_PBMC_GTGTGCGAGCCGCCTA	817.7678035225763	0.0	147.40613824994864	26.77560771033184	0.0	41.30860514548292	10.05800997696269
GSM4138112_HNSCC_2_PBMC_GTTCTCGAGTAACCCT	778.1604905195097	256.7988073462265	0.0	11.054326029214241	9.96530174829523	0.0	10.698751134902622
GSM4138112_HNSCC_2_PBMC_TAAGCGTCAGACGCCT	682.0541240179139	77.16271388479917	0.0	29.663895493549553	0.0	100.66230565441191	0.0
GSM4138112_HNSCC_2_PBMC_TACGGTATCAGCCTAA	1212.8953384404267	47.374356891797824	0.0	0.0	0.0	3.256188582886824	27.062080886285575
GSM4138112_HNSCC_2_PBMC_TAGCCGGGTTCATGGT	527.005290565123	99.02798188444567	13.042477098058798	15.648150292666791	0.0	0.0	0.0
GSM4138112_HNSCC_2_PBMC_TAGTGGTAGGATGGAA	535.0571078174167	72.24445735368552	21.665581162890142	37.712829999502	8.27972637872801	27.69358261659385	0.0
GSM4138112_HNSCC_2_PBMC_TAGTTGGGTCCATGAT	1270.9363909980634	25.364667845191207	0.0	76.9948551254044	95.86009160292717	83.9400488716219	0.0
GSM4138112_HNSCC_2_PBMC_TATTACCCAGCTGTAT	1810.3253307300797	0.0	264.0320988913131	3.387468174129248	0.0	6.3779115538080955	0.0
GSM4138112_HNSCC_2_PBMC_TCATTTGGTGTGGTTT	905.9453514242034	149.1720871650239	12.928035062610897	53.088495292687014	12.74667748136711	7.514448888719909	57.202754810782245
GSM4138112_HNSCC_2_PBMC_TCATTTGGTTGGAGGT	616.8191952073922	56.72545402654465	5.94233172467814	13.238886217308151	23.011459371011192	23.18846963864336	0.0
GSM4138112_HNSCC_2_PBMC_TCTCATAGTCTGCGGT	1184.4573552131933	0.0	0.0	22.847035413716416	0.0	0.0	10.261979747371482
GSM4138112_HNSCC_2_PBMC_TCTCATAGTTTGTGTG	420.7484019579965	149.29989157689135	0.0	0.0	68.09733452971847	25.57039251746475	41.02739922497505
GSM4138112_HNSCC_2_PBMC_TCTTTCCTCGAGAGCA	652.2969856651451	105.94794913969942	0.0	23.441881414387964	0.0	0.0	21.6236166464108
GSM4138112_HNSCC_2_PBMC_TGAAAGATCACGCGGT	581.3890426172264	12.800606961529493	0.0	0.0	0.0	0.0	17.348367280251612
GSM4138112_HNSCC_2_PBMC_TGACTAGAGAAACCTA	1603.166117213976	0.0	130.30094221623764	0.6747446755209289	0.0	0.0	78.12604155978383
GSM4138112_HNSCC_2_PBMC_TGACTTTAGGATATAC	598.5511246903169	0.0	49.55475181022338	49.864337746862574	17.424625372121657	37.99094021244607	44.811873419106846
GSM4138112_HNSCC_2_PBMC_TGCACCTTCTAGCACA	574.9186267326309	0.0	0.0	5.246790605647568	21.83292964572863	8.390394244681024	23.71985938115676
GSM4138112_HNSCC_2_PBMC_TGCCCTACACTGAAGG	850.8838253943973	221.9995630580988	37.24244175790407	16.90327459493087	0.0	39.44733171947397	0.0
GSM4138112_HNSCC_2_PBMC_TGCCCTAGTAGCCTCG	909.9650827223998	0.0	0.0	3.9264301204947696	5.4837248402948	99.11503556857011	40.36040695676337
GSM4138112_HNSCC_2_PBMC_TGCCCTAGTTTCGCTC	837.4405566478802	0.0	0.0	56.043349848126155	0.0	0.0	17.84472059831696
GSM4138112_HNSCC_2_PBMC_TGCGGGTTCACATACG	821.6492361473091	182.47670131458923	71.12608804059323	0.0	0.0	20.14659396211166	49.51784166924217
GSM4138112_HNSCC_2_PBMC_TGGCGCATCTGCCCTA	415.9704219803638	85.25882092746255	36.45891150278276	31.195717543346678	14.769356610473517	0.0	9.862023066868476
GSM4138112_HNSCC_2_PBMC_TGGGAAGAGAAACGAG	797.8001542236352	88.66149076514489	31.626289523201308	0.0	0.0	0.0	26.599491542959623
GSM4138112_HNSCC_2_PBMC_TGGTTAGAGGCCGAAT	361.10567307428136	91.04750260061499	0.0	0.0	0.0	50.0447495737	68.68207588616524
GSM4138112_HNSCC_2_PBMC_TGGTTAGCATTAACCG	566.4447659797905	129.038559924138	41.377724785974806	0.0	24.099872214660458	0.0	0.0
GSM4138112_HNSCC_2_PBMC_TTAGGACTCTATCCTA	1422.9258275915283	70.5296221815079	0.0	0.0	0.0	38.3147593464624	0.0
GSM4138112_HNSCC_2_PBMC_TTCCCAGCAAGTCATC	859.1809177125233	210.99994167379003	1.0831699382641264	153.64855489177518	68.05642903449936	64.82098946805507	16.999013411485798
GSM4138112_HNSCC_2_PBMC_TTCGAAGAGGCTATCT	554.9151041302371	51.54462896524596	46.43549694691617	0.19638096137581298	1.1728956929401033	27.52918931633982	0.0
GSM4138112_HNSCC_2_PBMC_TTCTACATCCTCATTA	1368.2055621716886	10.166498393839458	0.0	30.707689593958882	0.0	2.8067517184365065	17.43209537211958
GSM4138112_HNSCC_2_PBMC_TTCTCAAAGGCTCAGA	1128.3412930797517	134.6460385493172	0.0	0.0	0.0	25.414117615921132	0.0
GSM4138112_HNSCC_2_PBMC_TTGCCGTGTCAGATAA	543.522617591532	30.504476530092685	4.051400728865546	0.0	0.0	29.35918465073061	29.721328837809217
GSM4138112_HNSCC_2_PBMC_TTGGAACCAGTCTTCC	266.62343494321146	137.92332427545034	78.11134746577127	6.009473833394731	0.8527555655673805	54.11407543431775	0.0
GSM4138112_HNSCC_2_PBMC_TTGGCAAAGATGTGGC	541.6858294442866	48.33625640793693	0.0	8.492474924344386	0.0	21.675293837551465	33.51979455901833
GSM4138112_HNSCC_2_PBMC_TTGGCAAGTTCCCTTG	854.9236142361244	42.591991894491166	0.0	0.0	0.0	36.35307071645571	2.139865395288506
GSM4138112_HNSCC_2_PBMC_TTTATGCGTACCTACA	328.8609534755081	42.364652906109185	27.067250056669664	39.963427662844495	42.00247344179903	13.601795880672551	9.538099345429556
GSM4138112_HNSCC_2_PBMC_TTTGTCATCCGTACAA	918.6123107887857	162.64791039608437	0.0	22.5567351681799	12.212925882057021	0.0	0.0
GSM4138112_HNSCC_2_PBMC_AAATGCCTCCGTTGTC	49.41873633811891	1567.665651228302	0.0	31.80540197299078	62.97218611388695	45.42678570067597	24.57203017902109
GSM4138112_HNSCC_2_PBMC_AACACGTCACACGCTG	0.0	1800.4138484262007	46.589335887119816	6.894238727391644	0.5675399147836858	72.6853356151133	22.274786808388267
GSM4138112_HNSCC_2_PBMC_AACTCTTCATGAACCT	211.49663293996804	1172.0611849899128	0.0	50.554701758923386	18.832978514383264	4.947542634974489	0.6190310076695099
GSM4138112_HNSCC_2_PBMC_AACTCTTTCGCATGGC	28.73147979004857	1747.197512008658	79.29899888106435	26.004009457582445	47.80943934215713	65.4567675207032	0.0
GSM4138112_HNSCC_2_PBMC_AAGACCTCAACTGCGC	0.0	1932.0857356870388	0.0	0.0	0.0	0.0	50.86913260509024
GSM4138112_HNSCC_2_PBMC_AAGCCGCCACGCCAGT	355.5716719216624	977.1016553420959	207.5771534763961	0.0	16.150711875018594	0.0	53.76887876346246
GSM4138112_HNSCC_2_PBMC_AAGCCGCGTGCGGTAA	409.64109279063985	939.5106247822774	121.98847180031544	0.0	0.0	23.008814592230763	0.0
GSM4138112_HNSCC_2_PBMC_AAGGTTCGTGTAAGTA	106.24320189373776	872.0081510759047	0.0	0.0	0.0	0.0	2.3634041907050864
GSM4138112_HNSCC_2_PBMC_ACGAGCCAGAGGTTGC	191.06569831381532	1311.1472606366733	0.0	0.0	75.3865334853571	18.345214515724816	19.573313137868325
GSM4138112_HNSCC_2_PBMC_ACTGCTCGTCTCCCTA	0.0	1513.3583425896502	136.04368751448462	48.65553403233419	0.0	0.0	22.718842872703096
GSM4138112_HNSCC_2_PBMC_ACTGCTCTCTGCCCTA	0.0	1578.7158537546625	81.09130991749926	41.825485584424015	0.0	77.80591353101984	18.825727376426535
GSM4138112_HNSCC_2_PBMC_ACTTACTCAATTGCTG	166.88622912673424	1267.9938289275942	0.0	14.924172553551138	3.661368429165437	6.285834248967044	14.831030045406118
GSM4138112_HNSCC_2_PBMC_AGCAGCCCAAACTGCT	254.73256443358787	1132.120538734911	70.38627792132459	39.39559731909488	0.0	30.786879519491805	0.0
GSM4138112_HNSCC_2_PBMC_AGCGTCGCAAATACAG	0.0	1670.019485139209	0.0	0.0	0.0	40.92186240622515	0.0
GSM4138112_HNSCC_2_PBMC_AGTTGGTGTACTTGAC	138.53973146641914	1034.4406697713011	8.454356042550135	0.0	19.681242008462252	0.0	0.0
GSM4138112_HNSCC_2_PBMC_ATCCGAATCTGCTTGC	0.0	1471.745094741021	25.904974381919796	27.574434997199404	28.17753602208358	58.00794503677876	0.0
GSM4138112_HNSCC_2_PBMC_ATCGAGTTCTGGAGCC	288.56625256278215	1134.860443058876	29.72751217215452	29.502490510643373	0.0	20.607136305339992	34.713461935246755
GSM4138112_HNSCC_2_PBMC_ATGAGGGCATCTATGG	220.1608657487911	1560.9232277061517	77.1176994870999	0.0	34.927495535077675	0.0	65.82834298502179
GSM4138112_HNSCC_2_PBMC_ATTACTCGTTGGTTTG	229.93401286426925	1016.9650078619146	0.0	52.27019865722237	14.463266536633611	1.1504332341161136	70.27522033174631
GSM4138112_HNSCC_2_PBMC_ATTCTACCAGACTCGC	293.65573062743044	1206.6471199178434	108.1533170104842	0.0	23.63732739804017	56.27368859892649	6.121785782322421
GSM4138112_HNSCC_2_PBMC_ATTGGTGCAGTAAGCG	25.825188340779675	1565.165554500643	0.0	0.0	0.0	0.0	21.042560569335347
GSM4138112_HNSCC_2_PBMC_CAACTAGTCTAGCACA	0.0	900.7466589638037	35.4337448089959	0.0	70.42104487157407	21.162108613200882	0.0
GSM4138112_HNSCC_2_PBMC_CACATAGAGTTCGCAT	85.4410533150136	1174.258697735803	138.07468702019762	33.731141617861034	21.762610061830777	0.0	0.0
GSM4138112_HNSCC_2_PBMC_CAGCGACAGCCACGTC	106.77927671439697	1247.568810633166	0.0	7.536347772602225	0.0	40.81608806697755	0.0
GSM4138112_HNSCC_2_PBMC_CAGCTAACAAGGCTCC	25.460186775778634	1937.7750666542706	0.0	0.0	0.0	28.841984556885198	0.0
GSM4138112_HNSCC_2_PBMC_CATATTCTCATAACCG	0.0	1569.2166402748833	401.04891881041056	0.0	65.0084411255116	29.77343985873813	4.980975234121457
GSM4138112_HNSCC_2_PBMC_CATGGCGTCGCACTCT	111.19690327213354	1102.2487187007353	116.22113936585268	0.0	51.58572077324187	0.0	0.0
GSM4138112_HNSCC_2_PBMC_CATTATCCAGTCGATT	196.56458536817743	1280.0153590419677	0.0	30.74319749280805	44.300585921787665	4.943941088390614	0.0
GSM4138112_HNSCC_2_PBMC_CATTATCGTACGAAAT	0.0	1443.0775627792748	0.0	24.63979006618771	8.12109253703088	5.447919928927298	0.0
GSM4138112_HNSCC_2_PBMC_CATTATCTCGTTTGCC	0.0	421.1323743137475	0.0	6.236515648335089	11.23809727540784	44.96881612852369	0.0
GSM4138112_HNSCC_2_PBMC_CCCAATCAGGAGCGAG	0.0	708.5004050829315	7.056026580091187	13.851095298834025	4.2981640619238854	5.620678225811881	0.0
GSM4138112_HNSCC_2_PBMC_CCGGGATTCTCGTTTA	121.72326641003811	370.6695284913472	88.45088626651135	0.5431001605473549	9.797470129693764	7.352329673436546	8.43712776963089
GSM4138112_HNSCC_2_PBMC_CCTAGCTCACAGAGGT	0.0	1692.1697748916608	0.0	19.96475930047897	0.0	0.0	18.957203722467014
GSM4138112_HNSCC_2_PBMC_CCTATTATCTCAACTT	165.09759338475658	1273.7933577632357	0.0	23.532654709639598	44.52930173091799	0.0	30.123253466730205
GSM4138112_HNSCC_2_PBMC_CCTCAGTAGACTGTAA	149.1387215131169	1231.605368430047	76.88689589935653	0.0	0.0	0.0	0.886411237933319
GSM4138112_HNSCC_2_PBMC_CCTTTCTGTCTAAACC	353.2378738866041	1126.272262367062	23.600867744797547	30.032368286282498	47.149661038485874	59.090201043068014	0.0
GSM4138112_HNSCC_2_PBMC_CGACCTTAGGTGCTTT	0.0	1608.2411311770777	93.84266032555993	8.966014193299635	0.0	0.0	0.0
GSM4138112_HNSCC_2_PBMC_CGAGAAGTCGAGCCCA	0.0	1540.690510775877	0.0	0.0	66.91506590642217	86.06942077781487	0.0
GSM4138112_HNSCC_2_PBMC_CGATGTACAACTGCTA	0.0	1553.7597458134896	0.0	0.0	102.98994037531276	0.0	0.0
GSM4138112_HNSCC_2_PBMC_CGGACACCAGAGTGTG	56.79318101306584	1422.095897591125	178.87015766957592	52.841276194875334	6.147123647609575	0.0	0.0
GSM4138112_HNSCC_2_PBMC_CGTTAGAAGATATACG	0.0	1805.3076943777608	75.81055004290546	0.0	0.0	8.780546464898016	8.057584595452973
GSM4138112_HNSCC_2_PBMC_CGTTCTGCATCCTAGA	47.79646756262923	739.4165586191991	0.0	0.0	22.637048532039007	70.79272204977595	0.0
GSM4138112_HNSCC_2_PBMC_CTACACCTCCTGTACC	327.68336825987967	1386.9536189877736	57.52897716990846	0.0	4.27602919514972	48.85819391000351	72.07950019968916
GSM4138112_HNSCC_2_PBMC_CTACGTCCAAATCCGT	36.1854852041711	1093.394806731652	25.936295651114957	0.0	24.315408640132603	0.8267993821425808	25.400298883842748
GSM4138112_HNSCC_2_PBMC_CTCGAAAGTCCATCCT	0.0	858.1136627607116	0.0	0.0	29.09833496024517	0.0	60.13197450178265
GSM4138112_HNSCC_2_PBMC_CTCGGGATCTAACTGG	236.97508114616886	1075.8565612175369	41.52548584258437	0.0	100.24490709813183	0.0	10.015883205663092
GSM4138112_HNSCC_2_PBMC_CTCTGGTAGACAAGCC	0.0	1625.5350934146354	0.0	11.883761442119193	47.6432445871775	23.114641100909505	0.0
GSM4138112_HNSCC_2_PBMC_CTGCTGTAGTGCGTGA	0.0	1437.564296400186	0.0	0.0	0.0	0.0	10.764259454068355
GSM4138112_HNSCC_2_PBMC_CTGGTCTGTTGGGACA	0.0	869.9453218730183	105.9875189679077	46.37159470688868	0.0	0.0	20.864525364757657
GSM4138112_HNSCC_2_PBMC_CTTAGGAGTTCGGGCT	60.766731823065506	805.6632447385796	24.227413812442833	19.95977728091092	0.0	17.590491548397697	13.377353516935223
GSM4138112_HNSCC_2_PBMC_CTTAGGATCACTATTC	97.8236980267256	707.0750002251523	87.18471645853782	0.0	1.7783669437708955	0.0	3.6128183902606805
GSM4138112_HNSCC_2_PBMC_CTTTGCGAGGTAGCCA	258.1670627890465	1011.7602592908221	35.35846281915154	25.336968375276008	19.021747662292064	15.520793362212814	2.7038981923877827
GSM4138112_HNSCC_2_PBMC_GAAATGAGTTATGTGC	301.34407754411285	1371.3215062185668	0.0	0.0	48.285265970693445	2.5778598147263185	15.96351622473363
GSM4138112_HNSCC_2_PBMC_GAACATCTCACCGTAA	0.0	1449.3988576889126	37.85145598025999	19.68264369293725	0.0	29.14077038670089	33.81836928357623
GSM4138112_HNSCC_2_PBMC_GACCAATGTCTGGTCG	311.03900611478446	1303.7254996163663	0.0	0.0	53.36008753293679	40.12752733397364	0.0
GSM4138112_HNSCC_2_PBMC_GACCTGGTCATCACCC	138.88718358801543	1354.612211601319	35.56138353715823	2.7122389144831973	0.0	0.0	41.50148501079221
GSM4138112_HNSCC_2_PBMC_GACTACACAACTGGCC	0.0	1721.1623054888564	0.0	27.688700974604668	0.0	0.0	82.67104031528245
GSM4138112_HNSCC_2_PBMC_GATGCTACAACTGCGC	25.03123158058515	603.0985566628937	9.879607721885337	0.0	32.93435361169246	14.976161853222896	0.0
GSM4138112_HNSCC_2_PBMC_GCACTCTGTGCATCTA	0.0	2373.700547697302	0.0	0.0	5.566971764378534	8.052096347209037	17.287320041239674
GSM4138112_HNSCC_2_PBMC_GCAGCCACATGTAGTC	220.16436605333712	948.8390793812197	0.0	64.20682838527553	0.0	6.307078092433431	0.0
GSM4138112_HNSCC_2_PBMC_GCAGCCAGTTGGACCC	0.0	1490.8306318209177	0.0	32.45927458409198	0.0	0.0	17.565348090723063
GSM4138112_HNSCC_2_PBMC_GCATGCGAGATGTCGG	0.0	1098.0769356961125	246.5688014859095	66.40207635070092	0.0	24.636577930657182	43.65680267998079
GSM4138112_HNSCC_2_PBMC_GCATGCGAGTTTGCGT	0.0	1466.6314778075694	94.69270600619537	0.0	112.81770689253233	6.91506405682312	55.85942967794249
GSM4138112_HNSCC_2_PBMC_GCATGCGTCCTTGCCA	0.0	1043.2565939595609	0.0	0.0	57.783610649523474	66.42088582453579	15.466077530281252
GSM4138112_HNSCC_2_PBMC_GCGGGTTTCCAGGGCT	15.640385464072368	1343.6080670202243	336.3829161835822	0.0	10.88679401878998	31.894408812808425	0.0
GSM4138112_HNSCC_2_PBMC_GCTGCGATCAGCGATT	166.60340292058558	1521.8711189140345	0.0	0.0	29.95140505142106	0.0	0.0
GSM4138112_HNSCC_2_PBMC_GCTGCGATCTGCTGCT	0.0	1411.2380871603657	343.68707031643874	0.0	24.477804050494047	0.0	84.10931847345731
GSM4138112_HNSCC_2_PBMC_GCTTCCATCTCGAGTA	0.0	1431.0493578174805	0.0	0.0	2.7030205327430634	6.200636232677345	4.6151710077000185
GSM4138112_HNSCC_2_PBMC_GGACATTCAAGCTGTT	0.0	675.9743378750142	0.0	0.0	5.458569657003712	43.678093444455534	9.805310555480027
GSM4138112_HNSCC_2_PBMC_GGAGCAAGTCTGCCAG	202.9857648945809	1121.4779836836055	75.15300027049446	0.0	0.0	0.0	16.796875011901633
GSM4138112_HNSCC_2_PBMC_GGATGTTGTGACGCCT	0.0	1321.913323152831	60.40601694280004	0.0	37.79256897204543	0.0	1.1990251633658446
GSM4138112_HNSCC_2_PBMC_GGATTACGTCGACTGC	0.0	902.6719767744914	0.0	6.4614891042387095	0.0	38.532118488396804	5.260345300582719
GSM4138112_HNSCC_2_PBMC_GGCCGATAGACGACGT	68.6329300808523	1514.6758193579883	0.0	48.06324685030758	0.0	17.587194482811533	0.0
GSM4138112_HNSCC_2_PBMC_GTAACTGTCTACGAGT	311.92286557706177	810.1458551676095	77.67541728476938	39.375728709291124	0.0	0.3592622774025177	3.7006474812351633
GSM4138112_HNSCC_2_PBMC_GTACGTAGTTCCTCCA	114.6642437159905	1084.3398114997701	165.02652243899436	17.1981325451343	0.0	76.16838673374967	0.0
GSM4138112_HNSCC_2_PBMC_GTCAAGTTCGGCGGTT	57.86224819964634	1088.1899328527575	34.377035357409675	0.0	27.888267565458875	0.0	0.0
GSM4138112_HNSCC_2_PBMC_GTCACAATCGGTGTCG	0.0	1538.030575040212	0.0	40.336294507016454	0.0	0.0	0.0
GSM4138112_HNSCC_2_PBMC_GTCACGGAGGCTAGCA	0.0	1233.4214474789203	182.7634149151347	0.0	28.235183649679982	4.315887567836126	74.89867043758957
GSM4138112_HNSCC_2_PBMC_GTGCATAAGTTAACGA	0.0	1528.3446023096265	11.428461211800103	0.0	6.002593630964909	9.959405378236575	20.166496341853627
GSM4138112_HNSCC_2_PBMC_GTTTCTAAGGCATTGG	0.0	748.9669968774064	60.31412809632272	0.0	19.06079660943171	0.0	0.0
GSM4138112_HNSCC_2_PBMC_GTTTCTATCTCTAAGG	1232.3523361517202	1937.5688584577401	27.47263393803206	15.052594120141457	0.0	266.3321515755357	0.0
GSM4138112_HNSCC_2_PBMC_TAAGCGTTCGGCGCAT	77.33755477788208	622.4513252976062	0.0	0.0	43.58947719232348	0.0	45.19968652566598
GSM4138112_HNSCC_2_PBMC_TAAGTGCCATCAGTCA	5.958945380575026	1649.4381009347042	0.0	0.0	0.0	0.0	0.0
GSM4138112_HNSCC_2_PBMC_TACACGAAGGAGTACC	145.16322460190338	1251.650845704067	58.50273932666945	8.423607810432623	25.449720300524834	36.40175285899952	0.0
GSM4138112_HNSCC_2_PBMC_TACTTGTGTCGAAAGC	29.246992180840188	1304.30009530701	56.01526295761654	0.0	25.00997679889407	0.0	53.80832371931331
GSM4138112_HNSCC_2_PBMC_TCACAAGAGTCCGGTC	168.18328898453981	997.5408552578616	147.28080269640049	19.612459330025157	34.03694060055507	0.0	11.79462102948175
GSM4138112_HNSCC_2_PBMC_TCAGCTCGTGTATGGG	163.21536039260488	1099.8285311732689	67.4462218703969	0.0	4.727186331475801	46.23905202296364	0.0
GSM4138112_HNSCC_2_PBMC_TCGCGAGCACCGAAAG	19.75633940820344	1262.684882071627	0.0	12.549080893381117	31.669841990554076	0.0	42.528434865434704
GSM4138112_HNSCC_2_PBMC_TCGCGTTCAAGTACCT	0.0	1556.4034833562255	46.71515293007633	0.0	27.142786041597695	18.746494207870157	0.0
GSM4138112_HNSCC_2_PBMC_TGGACGCTCTTTAGGG	12.531474111292464	1435.1141999389858	0.0	0.0	0.0	0.0	24.59922971647057
GSM4138112_HNSCC_2_PBMC_TGGGAAGTCACATGCA	0.0	1631.551096839656	0.0	22.503527124074715	0.0	59.95379477710764	0.0
GSM4138112_HNSCC_2_PBMC_TGGTTAGTCCAACCAA	178.09373524157556	1284.1430765133962	181.5200187372112	47.04783737718494	0.0	0.0	45.50734702612201
GSM4138112_HNSCC_2_PBMC_TTCTCAAAGTGAAGTT	171.32008843436063	702.8724670164381	9.684902850856725	0.0	0.0	29.813083910246597	8.404784247493977
GSM4138112_HNSCC_2_PBMC_TTCTCAACAATAGAGT	0.0	1505.3422502369408	0.0	67.86272812453343	83.56198339450013	8.247708361494865	85.48218564301833
GSM4138112_HNSCC_2_PBMC_TTTATGCCATTTGCTT	0.0	1028.6209378995054	53.25365681421477	0.0	82.34948176855686	39.3557350937929	0.0
GSM4138112_HNSCC_2_PBMC_GGACATTAGCAATATG	494.16926564363115	53.081254074818325	116.23633039333716	31.50005383092767	0.0	0.0	16.977621627859012
GSM4138112_HNSCC_2_PBMC_CGTCAGGTCGCCTGTT	679.3980425893513	152.86061384202583	0.0	0.04475553558634997	35.09283174037612	33.74837031749073	53.77709614565484
GSM4138112_HNSCC_2_PBMC_GCTCCTAGTAAGCACG	741.8113553631964	53.12406698860168	84.31906994196902	32.662739050413165	26.053565330583304	0.0	0.27539295545844295
GSM4138112_HNSCC_2_PBMC_TTAGGCATCATGCATG	649.7058784752595	0.0	0.0	0.0	43.28348493950279	18.796968479288093	21.020578465063167
GSM4138112_HNSCC_2_PBMC_AAACCTGTCTTTCCTC	319.6008831559283	366.5511477766443	114.46188697955635	2.3003149673605296	0.0	0.0	9.893397842269403
GSM4138112_HNSCC_2_PBMC_AATCGGTTCTGCAGTA	209.71226675499258	333.40655456124193	191.74026549099466	0.0	0.0	0.0	35.50823689581971
GSM4138112_HNSCC_2_PBMC_ACACTGAAGCCGCCTA	616.0748292843228	661.2095009877054	0.0	36.61518579756676	0.0	0.0	4.938001703674855
GSM4138112_HNSCC_2_PBMC_ACTTTCACAGCCTTTC	628.2667040591012	203.84455044528846	42.38121487944478	22.39246620953047	47.12476082268631	43.90224398547434	0.0
GSM4138112_HNSCC_2_PBMC_AGACGTTAGCCGTCGT	276.38633895031626	186.09425299570975	0.0	0.0	144.58935187452866	46.37489779221348	7.158763516895064
GSM4138112_HNSCC_2_PBMC_AGATCTGTCCCTCTTT	227.8432575052833	297.9333344903489	48.58171409676348	72.13395453139597	0.0	0.0	17.895521719979467
GSM4138112_HNSCC_2_PBMC_ATCGAGTAGGGATCTG	255.88755001439347	754.9527106546797	33.666437180887485	28.162982710615324	0.0	29.640534862071302	6.39024101752372
GSM4138112_HNSCC_2_PBMC_ATGCGATGTCAAAGCG	341.3104750739936	279.2983943482853	0.0	0.0	0.0	0.0	76.97905342277537
GSM4138112_HNSCC_2_PBMC_CAAGTTGCACCAGATT	322.55212167178547	709.313818642479	222.7692413030521	0.0	0.0	21.056163162354746	13.35742085265242
GSM4138112_HNSCC_2_PBMC_CACATTTTCGCCCTTA	548.8729332476089	252.827721743895	0.0	0.0	41.238885623253786	27.72213701253717	47.26846836892448
GSM4138112_HNSCC_2_PBMC_CAGCGACAGAATCTCC	880.9938003156906	684.9402348875799	77.16748074073172	0.0	73.90466036973815	47.21659671225857	12.91417848493098
GSM4138112_HNSCC_2_PBMC_CAGCTGGGTAAGTGGC	108.32760289847432	288.5684642697066	24.329164202071524	20.24620601969478	19.447523087074657	22.184485414711666	0.0
GSM4138112_HNSCC_2_PBMC_CCAATCCTCAGTTGAC	406.5887226191337	235.94275658596237	0.0	39.21533198229808	0.0	0.0	27.402378782355633
GSM4138112_HNSCC_2_PBMC_CCTCTGACACCTTGTC	751.7785834455204	757.632779780498	121.55651389659458	62.85571678956799	50.347850380038466	20.89557233096055	46.34620007040402
GSM4138112_HNSCC_2_PBMC_CGATGTAAGTACGACG	478.74838516147696	405.76385893343286	119.86055889879495	0.0	58.42279251921235	11.251191789085386	0.0
GSM4138112_HNSCC_2_PBMC_CGTGTAAAGACTCGGA	479.8203497432389	369.02262547470247	167.86003181396822	39.55136446607091	0.0	0.0	0.0
GSM4138112_HNSCC_2_PBMC_CGTGTCTCACTTAACG	267.22371784593474	276.14246465712154	133.64803240310667	49.32473478693712	0.0	2.324486543897104	37.24992590445508
GSM4138112_HNSCC_2_PBMC_CTCCTAGTCAAACAAG	352.94745214959585	422.17478907373305	64.58447154182205	37.29101595858074	0.0	1.9451827150923335	14.049557817460778
GSM4138112_HNSCC_2_PBMC_GATGAGGAGGATGTAT	756.4841393051108	954.4122065334558	229.01581498127453	0.0	9.430407743236247	142.60178780228253	28.786255616438652
GSM4138112_HNSCC_2_PBMC_GTCGTAAAGAACTCGG	142.23193140616857	249.815050471303	78.6913678402067	25.338485525372434	14.887237207784425	21.471300856359363	19.661989203671723
GSM4138112_HNSCC_2_PBMC_GTGAAGGGTACAGACG	281.26173649358253	690.3300658400775	30.50563585771543	0.0	0.0	15.247131784018665	0.0
GSM4138112_HNSCC_2_PBMC_TAAGTGCGTACCGCTG	275.5109940644763	432.878418768238	163.2749736893675	0.0	12.514552840912758	24.560185571926805	24.483107321791987
GSM4138112_HNSCC_2_PBMC_TACTCATCAAAGGTGC	543.651760638486	694.8336072482191	327.0395105022019	0.0	9.616671601062034	6.261515987539677	49.69968878188305
GSM4138112_HNSCC_2_PBMC_TATCTCACAATGGTCT	625.953443839838	589.5467554977809	164.10086938795092	15.356505239685672	0.0	0.0	47.089644538739265
GSM4138112_HNSCC_2_PBMC_TCAGGATAGTAAGTAC	308.1918325159105	315.76868548277423	73.15902665033913	0.0	0.0	0.0	0.0
GSM4138112_HNSCC_2_PBMC_TCATTTGGTGACGGTA	289.1372222014826	764.6758643452728	0.0	28.50516811214439	0.0	52.854592557899124	0.0
GSM4138112_HNSCC_2_PBMC_TGATTTCAGCTAACAA	556.333699023383	1080.6494119593153	214.67852946719586	0.0	50.09341951380608	4.997669330131753	16.64497713645715
GSM4138112_HNSCC_2_PBMC_TGCCCATCATCCAACA	635.6006656228413	488.6665163296904	41.14918505868641	35.63512158699036	4.730564981389786	60.666349986354916	5.857623154059045
GSM4138112_HNSCC_2_PBMC_TGGGCGTTCGCATGGC	626.7013951230565	938.7783548038651	408.69055833973545	43.96261758976032	0.0	95.08074040118727	0.0
GSM4138112_HNSCC_2_PBMC_TTTGCGCGTTGGGACA	70.35009349610566	288.7188276348999	20.27451821375116	23.605026629321348	8.599049812873526	19.106322635177445	0.0
GSM4138112_HNSCC_2_PBMC_ACACCGGGTATGCTTG	282.206524806878	575.7602571323391	0.0	8.088657726846089	0.0	0.0	29.96752432884704
GSM4138112_HNSCC_2_PBMC_AGCAGCCAGGATGGTC	115.47300875702776	751.8406344690002	0.0	0.0	55.415421812730465	0.0	0.0
GSM4138112_HNSCC_2_PBMC_ATAGACCGTTACTGAC	148.62323096822948	286.3186648359221	0.0	0.0	1.482318795057279	0.0	47.66357583686673
GSM4138112_HNSCC_2_PBMC_CAAGTTGTCCAAACAC	71.28859915010844	321.9347894441351	29.5062458894622	0.0	0.0	0.0	6.297380321920328
GSM4138112_HNSCC_2_PBMC_CATCCACAGTCGTACT	342.567049484955	460.193763150128	87.5227533954033	0.0	22.406072083704668	0.4594289553681561	37.42779562296094
GSM4138112_HNSCC_2_PBMC_CCGTGGACATATACCG	465.75693426713406	780.519099604519	64.75354309838873	0.0	0.573848038894441	0.0	4.524545363614647
GSM4138112_HNSCC_2_PBMC_CCTCTGAGTTCGGGCT	121.68917394065416	676.9322447656346	0.0	76.16434813070124	9.190233781821544	23.547678535158514	0.0
GSM4138112_HNSCC_2_PBMC_CCTTCGATCGGCTTGG	241.96347163438213	667.2661228709577	0.0	4.004186441442456	19.696189186961373	0.0	9.548075121176787
GSM4138112_HNSCC_2_PBMC_CTGATAGCAAGAAAGG	171.0934839981311	320.8314048955358	26.832387440005302	0.0	39.389347695015545	6.467277426793742	16.808205972502076
GSM4138112_HNSCC_2_PBMC_GCCTCTATCATGTGGT	517.9074651100916	1144.2601777864018	195.5592475263292	4.046117664978895	0.0	21.15490547095546	51.08484436843216
GSM4138112_HNSCC_2_PBMC_GGGATGACAAGCGATG	412.96631793763015	716.2017835278631	10.070093592500893	0.0	34.565288488640626	29.55599285437598	0.0
GSM4138112_HNSCC_2_PBMC_GGGTTGCGTTTGGCGC	237.07089336546082	655.1439257094676	0.0	0.0	15.662331424790143	14.293437726790023	5.693115128736217
GSM4138112_HNSCC_2_PBMC_GTCATTTTCACGCGGT	317.9030591570717	494.8556021031413	51.88597652840783	6.306804898799698	25.113440915818792	13.656067834655454	0.0
GSM4138112_HNSCC_2_PBMC_TCCCGATGTGCGATAG	108.21155441069217	411.31962113263427	0.0	28.5081267687203	54.64038251990643	14.319735361305444	0.0
GSM4138112_HNSCC_2_PBMC_TCGTACCTCAGCTCGG	956.9955083939275	697.4387686156106	0.0	4.283347208211869	32.36026988989655	0.0	25.21274159414716
GSM4138112_HNSCC_2_PBMC_TCTCATATCACAAACC	577.1062136896975	829.3780624259608	36.3757983657829	0.0	17.49931996459614	13.275111358826917	0.0
GSM4138112_HNSCC_2_PBMC_AACTGGTCATAACCTG	1047.6219807707955	136.19067187247245	978.095805843738	0.0	53.416507495328275	0.0	0.0
GSM4138112_HNSCC_2_PBMC_ACTGAACGTCTTGTCC	1198.772706488002	0.0	1173.2560493785277	0.0	0.0	1.2770761843143204	30.458099844904698
GSM4138112_HNSCC_2_PBMC_CGTCAGGCAGGAACGT	629.6688870806754	354.46253930014177	1084.4555341516536	28.3387364551869	46.49613074283887	121.95132972845057	0.0
GSM4138112_HNSCC_2_PBMC_GAGGTGACAGGATCGA	714.5380889528425	416.7383984235347	237.66630482604566	53.84821408715897	5.552002525637899	13.817499268574288	20.87016072218543
GSM4138112_HNSCC_2_PBMC_GATCAGTAGCGATTCT	1709.4507159666068	51.04327513186553	581.7826668703245	25.130644115541873	0.0	103.47891411933381	107.58158171606469
GSM4138112_HNSCC_2_PBMC_GCAAACTTCGTGGACC	998.4144753117583	361.2373388660144	1431.8821534086817	0.0	35.49916476378765	35.878669677066455	7.3302208688853785
GSM4138112_HNSCC_2_PBMC_GCATACAAGGCTACGA	798.485369927692	562.9157274513872	1117.9047391785175	76.76945392361544	0.0	0.0	136.6602163086149
GSM4138112_HNSCC_2_PBMC_GCTTGAAAGGAATGGA	1198.1676347113212	0.0	381.96379778067507	57.43108388865067	0.0	3.6720306258353443	123.40426809739331
GSM4138112_HNSCC_2_PBMC_GTCATTTCAGCTCGAC	1367.817818218772	41.99429202098144	896.5373948056052	37.188542338606425	0.0	0.0	11.173448532366164
GSM4138112_HNSCC_2_PBMC_AATCGGTCAGGCAGTA	117.87086693200808	143.88908967359026	2041.579001507928	100.63650621735908	0.0	74.4369663575393	17.79163181590517
GSM4138112_HNSCC_2_PBMC_ACACCAAGTTCCCTTG	274.12074734310613	214.41947907914437	897.1560878929679	176.6970692905511	50.987996540607135	64.56853865915451	71.46317046776562
GSM4138112_HNSCC_2_PBMC_ACGTCAACAATAGCAA	0.0	0.0	3171.8939598119437	0.0	34.35700813317116	17.804841320545574	0.0
GSM4138112_HNSCC_2_PBMC_ACTGCTCCACATGGGA	0.0	0.0	2912.050029359961	0.0	0.0	0.0	0.0
GSM4138112_HNSCC_2_PBMC_AGGGATGTCTCTTGAT	310.13737811385283	126.97137051787996	925.6247202222032	93.73461665573943	179.85348114587475	53.07339039172799	2.656747128675509
GSM4138112_HNSCC_2_PBMC_ATCTGCCTCGTGGACC	646.4627153155043	74.88780884837374	1173.2821275275514	24.6109704529854	21.45855397357165	0.0	17.134847126510046
GSM4138112_HNSCC_2_PBMC_CCCAGTTTCACGCATA	0.0	0.0	2946.901903803025	0.0	0.0	17.799691595260242	0.0
GSM4138112_HNSCC_2_PBMC_CTGAAGTCACGAGAGT	898.3303987486896	0.0	1723.3168536247954	0.0	2.3178900744366553	0.0	0.0
GSM4138112_HNSCC_2_PBMC_CTGATAGCACCGCTAG	196.14621531841323	80.9368650794845	870.9476964280053	0.0	188.9787500755883	40.28112717333727	54.061473403817445
GSM4138112_HNSCC_2_PBMC_CTGCTGTGTCCGAACC	142.4335865771407	131.01020641687285	579.6774053793332	94.23902071675506	18.794076329860157	53.84868427245666	76.65231482256078
GSM4138112_HNSCC_2_PBMC_GACGGCTAGCGTAATA	916.5657689292582	0.0	1400.5724472164106	37.469311647820305	0.0	53.06655273307912	72.17106608455468
GSM4138112_HNSCC_2_PBMC_GATCGTACAAGACACG	624.3182978007904	0.0	943.664100324992	0.0	141.6932573729842	0.0	85.9624075280974
GSM4138112_HNSCC_2_PBMC_TAGACCAAGGCCGAAT	0.0	0.0	3105.4022025391096	0.0	0.0	0.0	0.0
GSM4138112_HNSCC_2_PBMC_TGCGTGGTCACCTTAT	13.757458845068905	0.0	2721.920968603841	0.0	0.0	0.0	0.0
GSM4138112_HNSCC_2_PBMC_AAACCTGCATTATCTC	32.083956255234654	0.0	78.51256029423242	1866.6322406570212	0.0	0.0	0.0
GSM4138112_HNSCC_2_PBMC_AACGTTGTCATGTCTT	18.840284364607907	31.79004413004876	0.0	2047.7145852185884	0.8476920691412796	49.91898890644308	0.0
GSM4138112_HNSCC_2_PBMC_AACTCTTGTATAGGTA	0.0	0.0	0.0	1721.723185925884	69.86043485948223	9.459221833041578	40.08081947785667
GSM4138112_HNSCC_2_PBMC_ACGATGTTCTGGTATG	22.168144088414934	87.03490507121423	0.0	1667.4266095820394	13.298920301331517	50.5936071852095	1.7270095072932707
GSM4138112_HNSCC_2_PBMC_ACTGAGTAGGAGTACC	0.0	119.90157309065157	0.0	1852.7838068252022	0.0	25.489487036978772	0.0
GSM4138112_HNSCC_2_PBMC_AGCATACCAAAGGCGT	3.670209663188287	0.0	0.0	1657.4748036480578	0.0	81.68395562495512	16.125180957540472
GSM4138112_HNSCC_2_PBMC_ATCATGGGTCAAAGAT	0.0	0.0	33.04349519127794	1585.6627344693613	38.53217574455978	0.0	0.0
GSM4138112_HNSCC_2_PBMC_ATCCGAACATAACCTG	35.419044571498134	0.0	103.30686743691146	1355.3973003610536	0.0	7.833762242746404	50.83521582753732
GSM4138112_HNSCC_2_PBMC_ATGAGGGAGACTAGGC	0.0	0.0	149.46597073758252	1130.0175842985366	0.0	0.0	0.9735426157024081
GSM4138112_HNSCC_2_PBMC_CAGCTGGGTACCATCA	0.0	33.26207187740457	0.0	897.0313700710974	50.92375745933432	2.653606372618521	94.14936807757192
GSM4138112_HNSCC_2_PBMC_CATCCACAGCGTCAAG	0.0	0.0	977.5902418417678	1080.125561232469	0.0	141.12341803935013	239.39051704968023
GSM4138112_HNSCC_2_PBMC_CCGTTCATCTGTGCAA	0.0	105.57983802162033	11.611945290503982	1897.4393484687816	0.0	7.471572845753094	29.47096526114182
GSM4138112_HNSCC_2_PBMC_CGGTTAAAGCAATCTC	6.28302434422209	0.0	0.0	1523.3627793239582	16.158490699213658	0.0	35.28469300531007
GSM4138112_HNSCC_2_PBMC_CTTCTCTCAGAGCCAA	0.0	53.999808518197774	1803.6001156594443	563.0468642476824	84.53064776118721	78.71504326920378	20.848365374319762
GSM4138112_HNSCC_2_PBMC_GCACATACAATGAAAC	62.50814261161794	0.0	0.0	1887.9120361593755	135.94652100723985	114.54850976686498	0.27692773091282524
GSM4138112_HNSCC_2_PBMC_GCTCCTAAGTGAAGTT	0.0	5.7843972018934275	0.0	1960.4937766253681	0.0	0.0	16.738024771540807
GSM4138112_HNSCC_2_PBMC_GCTGGGTGTTTCGCTC	0.0	0.0	0.0	2033.7184855536366	0.0	0.0	0.0
GSM4138112_HNSCC_2_PBMC_GGATGTTGTGTCGCTG	0.0	0.0	0.0	1693.053020211044	0.0	55.71863666451261	0.0
GSM4138112_HNSCC_2_PBMC_GGCGACTTCTTGTTTG	0.0	0.0	150.05585628089867	1655.245977228821	0.0	37.75764830935142	15.621063292747095
GSM4138112_HNSCC_2_PBMC_GGCTCGATCATTGCGA	0.0	0.0	0.0	1077.72042495843	0.0	0.0	0.0
GSM4138112_HNSCC_2_PBMC_GTGTTAGGTCTCAACA	0.0	20.87818636371918	54.05177520580216	1617.7349624572687	0.0	30.334918740862133	0.7560876561905122
GSM4138112_HNSCC_2_PBMC_TCAATCTCAGGTTTCA	0.0	99.74183899408192	35.53476433544666	1522.2654100029881	29.183518336733343	2.7611459818777866	0.0
GSM4138112_HNSCC_2_PBMC_TCACGAAGTGACGCCT	0.0	21.751018460131167	194.03201084594969	2000.241855838677	3.2595143440641112	0.0	0.0
GSM4138112_HNSCC_2_PBMC_TGCGCAGTCCAAGTAC	0.0	0.0	0.0	2133.805282502289	0.0	17.862526908399424	53.05647972578681
GSM4138112_HNSCC_2_PBMC_TTCTCCTAGTACGTTC	81.71602534521635	45.813485007504774	0.0	1748.631750009198	80.34468589668673	0.0	34.51621836712543
GSM4138112_HNSCC_2_PBMC_TTTACTGAGACTGTAA	0.0	0.0	0.0	0.0	3812.86584659765	0.0	0.0
GSM4138112_HNSCC_2_PBMC_AGCAGCCTCCGTAGGC	0.0	0.0	0.0	0.0	0.0	0.0	3547.1665290688843
GSM4138112_HNSCC_2_PBMC_CAGCGACAGACACGAC	0.0	0.0	0.0	0.0	0.0	4587.53441367387	0.0
