	1	2	3	4	5	6	7	8	9	10	11	12	13	14	15	16	17	18	19	20	21	22	23	24	25	26	27
GSM4138112_HNSCC_2_PBMC_AACCGCGAGGGCTCTC	0.0	0.0	80.90528915978548	21.753170872999476	0.0	0.0	0.0	0.0	92.3808557861982	0.0	20.12645077912564	0.0	0.0	0.0	0.0	0.0	0.0	0.0	0.0	0.0	0.0	0.0	0.0	0.0	0.0	0.0	0.0
GSM4138112_HNSCC_2_PBMC_AGCCTAAAGAGGGCTT	0.0	46.63478031997774	0.0	0.0	0.0	0.0	0.0	100.92513168542422	0.0	0.0	7.418047141843212	0.0	0.0	0.0	0.0	0.0	0.0	0.0	0.0	0.0	0.0	0.0	0.0	0.0	0.0	0.0	0.0
GSM4138112_HNSCC_2_PBMC_ATAGACCTCTACGAGT	0.0	0.0	0.0	0.0	0.0	17.676203522291935	0.0	0.0	125.96567871172891	72.4264972985732	0.0	0.0	0.0	0.0	0.0	0.0	0.0	0.0	0.0	0.0	0.0	0.0	0.0	0.0	0.0	0.0	0.0
GSM4138112_HNSCC_2_PBMC_CAGCGACCAGGGAGAG	94.32656806689256	0.0	0.0	0.0	6.911448063807055	0.0	0.0	0.0	0.0	0.0	11.698132357214543	0.0	0.0	0.0	0.0	53.358381531732846	0.0	0.0	0.0	0.0	0.0	0.0	0.0	0.0	0.0	0.0	0.0
GSM4138112_HNSCC_2_PBMC_CCTAGCTAGACACTAA	102.05314196796353	0.0	19.163291727925063	0.0	0.0	0.3918577067766901	0.0	0.0	0.0	49.12548112613383	0.0	12.1355132365284	0.0	0.0	0.0	0.0	0.0	0.0	0.0	0.0	0.0	0.0	0.0	0.0	0.0	0.0	0.0
GSM4138112_HNSCC_2_PBMC_CGCGTTTCACGGACAA	0.0	0.0	0.0	0.0	47.47434945072523	0.0	0.0	0.0	0.0	0.0	0.0	8.623731286884091	0.0	68.69371495232625	46.93990211162913	0.0	0.0	0.0	0.0	0.0	0.0	0.0	0.0	0.0	0.0	0.0	0.0
GSM4138112_HNSCC_2_PBMC_CGTGTCTCATTCCTCG	33.42428221902	28.809038557424383	63.65309698105907	0.0	49.1250450233741	0.0	0.0	0.0	0.0	0.0	12.002689862872975	0.0	0.0	0.0	0.0	0.0	0.0	0.0	0.0	0.0	0.0	0.0	0.0	0.0	0.0	0.0	0.0
GSM4138112_HNSCC_2_PBMC_CTAACTTCATAGACTC	100.0504596192064	57.94439502606316	0.0	0.0	21.445926283494515	0.0	0.0	0.0	0.0	0.0	37.257444316787236	0.0	0.0	0.0	0.0	0.0	0.0	0.0	0.0	0.0	0.0	0.0	0.0	0.0	0.0	0.0	0.0
GSM4138112_HNSCC_2_PBMC_CTAACTTGTAGCGCTC	43.300204298740546	0.0	0.0	0.0	0.0	20.12547574687152	6.904198605876202	0.0	0.0	0.0	0.0	0.0	36.576100073593864	37.32207931497939	0.0	0.0	39.490788852924474	0.0	0.0	0.0	0.0	0.0	0.0	0.0	0.0	0.0	0.0
GSM4138112_HNSCC_2_PBMC_GAATGAATCTTACCTA	0.0	0.0	124.67080783775606	0.0	0.0	0.0	0.0	141.32980568226307	0.0	0.0	0.0	19.191392767132513	0.0	0.0	0.0	0.0	0.0	51.819963463671165	0.0	0.0	0.0	0.0	0.0	0.0	0.0	0.0	0.0
GSM4138112_HNSCC_2_PBMC_GATTCAGTCCATGCTC	0.0	98.4822883470379	26.560674913399016	0.0	128.90766630601155	31.4797543756369	0.0	0.0	0.0	0.0	0.0	4.461999411335544	0.0	142.85229956298323	0.0	0.0	0.0	0.0	0.0	0.0	0.0	0.0	0.0	0.0	0.0	0.0	0.0
GSM4138112_HNSCC_2_PBMC_GCTGCGACACGCCAGT	0.0	0.0	2.1864836883103456	0.0	0.0	16.50454705048406	0.0	0.0	0.0	0.0	0.0	0.0	0.0	137.52474162935283	54.11744015913861	0.0	0.0	0.0	0.0	0.0	0.0	0.0	0.0	0.0	0.0	0.0	0.0
GSM4138112_HNSCC_2_PBMC_GGATTACGTCCGAACC	0.0	50.09357826261449	0.0	0.0	0.0	8.340529007632815	0.0	70.77809304577784	0.0	0.0	0.0	0.0	0.0	89.49237223767052	0.0	0.0	0.0	0.0	0.0	0.0	0.0	0.0	0.0	0.0	0.0	0.0	0.0
GSM4138112_HNSCC_2_PBMC_GGGAATGAGAAACGAG	250.1042586880907	15.716114496430585	162.47551254497287	0.0	0.0	0.0	0.0	0.0	0.0	0.0	30.036530510610255	0.0	0.0	0.0	0.0	0.0	0.0	0.0	0.0	0.0	0.0	0.0	0.0	0.0	0.0	0.0	0.0
GSM4138112_HNSCC_2_PBMC_GTCGGGTTCACCCTCA	0.0	0.0	77.76338523431146	0.0	0.0	1.2835127830613584	10.43913203115941	108.94621171307064	0.0	0.0	21.52339806385388	0.0	0.0	0.0	0.0	0.0	0.0	5.085736146805353	0.0	0.0	0.0	0.0	0.0	0.0	0.0	0.0	0.0
GSM4138112_HNSCC_2_PBMC_GTTCATTAGGGAACGG	0.0	0.0	0.0	0.0	0.0	0.0	0.0	0.0	0.0	0.0	10.196660735459451	0.0	0.0	0.0	0.0	0.0	81.57884248945864	0.0	0.0	103.21604883182796	0.0	0.0	0.0	0.0	0.0	0.0	0.0
GSM4138112_HNSCC_2_PBMC_GTTCTCGCATCCGCGA	103.30036597886472	29.220139540100575	0.0	0.0	0.0	0.0	0.0	0.0	0.0	64.20205796784502	13.987968058805572	0.0	0.0	0.0	0.0	0.0	0.0	0.0	0.0	0.0	0.0	0.0	0.0	0.0	0.0	0.0	0.0
GSM4138112_HNSCC_2_PBMC_GTTTCTACATACCATG	0.0	0.0	69.89575404924999	0.0	104.03132669298017	0.0	0.0	0.0	0.0	0.0	0.0	5.096505954537513	0.0	0.0	0.0	0.0	0.0	0.0	0.0	0.0	0.0	0.0	0.0	0.0	0.0	0.0	0.0
GSM4138112_HNSCC_2_PBMC_TACCTTAAGACAGAGA	9.62939447610716	0.0	0.0	115.94046380580394	0.0	16.741558217900515	0.0	0.0	0.0	0.0	0.0	0.0	0.0	0.0	0.0	51.03635586995352	0.0	0.0	0.0	0.0	0.0	0.0	0.0	0.0	0.0	0.0	0.0
GSM4138112_HNSCC_2_PBMC_TACGGGCCAGACAGGT	0.0	0.0	0.0	0.0	0.0	17.30186963075817	0.0	110.53046450051822	0.0	65.9672137586662	0.0	0.0	0.0	0.0	0.0	0.0	0.0	0.0	0.0	0.0	0.0	0.0	0.0	0.0	0.0	0.0	0.0
GSM4138112_HNSCC_2_PBMC_TACTCATTCACAGGCC	29.337143926576086	51.460442240622996	0.0	0.0	72.26519581210063	0.0	0.0	0.0	0.0	0.0	0.0	9.57100004118084	0.0	0.0	0.0	0.0	0.0	0.0	0.0	0.0	0.0	0.0	0.0	0.0	0.0	0.0	0.0
GSM4138112_HNSCC_2_PBMC_TGAAAGAGTTCCACAA	282.99432123417176	180.44576217933195	0.0	0.0	0.0	0.0	0.0	0.0	0.0	0.0	33.49386590860394	0.0	0.0	0.0	0.0	0.0	0.0	0.0	0.0	0.0	0.0	0.0	0.0	0.0	0.0	0.0	0.0
GSM4138112_HNSCC_2_PBMC_TGCTACCTCAAGAAGT	0.0	0.0	0.0	0.0	0.0	0.0	0.0	0.0	82.27065171337199	0.0	0.0	6.98643688474106	0.0	0.0	0.0	0.0	0.0	0.0	0.0	0.0	0.0	125.06102933190935	0.0	0.0	0.0	0.0	0.0
GSM4138112_HNSCC_2_PBMC_TGTGTTTTCCCTTGTG	128.68980130687086	0.0	0.0	0.0	0.0	20.78964960967554	0.0	0.0	0.0	120.26637405915285	0.0	0.0	0.0	0.0	0.0	0.0	0.0	0.0	0.0	0.0	0.0	0.0	0.0	0.0	0.0	0.0	0.0
GSM4138112_HNSCC_2_PBMC_TTCTTAGAGTATCTCG	0.0	10.227339047631673	38.60169925576357	69.75951124108717	0.0	14.60702317606126	0.0	0.0	0.0	0.0	0.0	0.0	0.0	0.0	3.9577654311545527	0.0	0.0	96.2272721941685	0.0	0.0	0.0	0.0	0.0	0.0	0.0	0.0	0.0
GSM4138112_HNSCC_2_PBMC_TTGAACGCAATCTGCA	0.0	47.85530724575842	0.0	77.86281734341611	0.0	6.708028282307985	0.0	58.414652701825325	0.0	0.0	0.0	0.0	0.0	0.0	0.0	0.0	0.0	0.0	0.0	0.0	0.0	0.0	0.0	0.0	0.0	0.0	0.0
GSM4138112_HNSCC_2_PBMC_TTGACTTTCACAGGCC	76.0172508357772	27.913216098156635	16.460793213865962	13.423158582701522	0.0	0.0	0.0	0.0	45.64623731609675	0.0	0.0	7.938791925749475	0.0	0.0	0.0	0.0	0.0	0.0	0.0	0.0	0.0	0.0	0.0	0.0	0.0	0.0	0.0
GSM4138112_HNSCC_2_PBMC_TTGACTTTCCTTTACA	0.0	24.217187778167855	0.0	75.9494747789297	0.0	0.0	0.0	0.0	0.0	0.0	22.207514329950726	0.0	0.0	0.0	0.0	0.0	0.0	0.0	72.86158496439339	0.0	0.0	0.0	0.0	0.0	0.0	0.0	0.0
GSM4138112_HNSCC_2_PBMC_TTTCCTCTCGTAGATC	0.0	0.0	0.0	34.825821494584304	0.0	16.5604569829308	0.0	50.17369181248654	0.0	0.0	0.0	0.0	0.0	0.0	0.0	0.0	0.0	0.0	60.13654544656201	0.0	0.0	0.0	0.0	0.0	0.0	0.0	0.0
GSM4138112_HNSCC_2_PBMC_AAACCTGAGCGAGAAA	108.15848878060453	0.0	0.0	0.0	0.0	15.14264704895843	0.0	0.0	0.0	0.0	0.0	0.0	0.0	0.0	0.0	0.0	87.8169613274066	4.024420619404338	0.0	0.0	0.0	0.0	0.0	0.0	0.0	0.0	0.0
GSM4138112_HNSCC_2_PBMC_AAAGATGAGCAGACTG	0.0	0.0	0.0	273.1615278670196	0.0	29.549201803550346	0.0	0.0	0.0	0.0	0.0	4.458222253329132	21.45383868749181	0.0	5.7627232783900295	0.0	121.21153890972424	0.0	1.5285993034738163	0.0	0.0	0.0	0.0	0.0	0.0	0.0	0.0
GSM4138112_HNSCC_2_PBMC_AACTGGTAGTCGATAA	0.0	69.30246702216904	0.0	0.0	147.88349616114442	0.0	0.0	0.0	0.0	0.0	0.0	11.704812327556905	0.0	0.0	0.0	0.0	0.0	0.0	0.0	0.0	0.0	0.0	0.0	0.0	0.0	0.0	0.0
GSM4138112_HNSCC_2_PBMC_AACTTTCTCCCTTGCA	115.95000931217427	0.0	39.96994759227334	0.0	0.0	0.0	0.0	0.0	0.0	35.76581122189219	10.363237072381382	0.0	0.0	0.0	0.0	0.0	0.0	0.0	0.0	0.0	0.0	0.0	0.0	0.0	0.0	0.0	0.0
GSM4138112_HNSCC_2_PBMC_AAGGTTCAGTGTCCAT	0.0	0.0	0.0	0.0	0.0	0.0	6.739839391419721	46.07406724391136	0.0	0.0	0.0	21.767992372439608	0.0	19.236091125166112	0.0	0.0	0.0	0.0	88.50909327218056	0.0	0.0	0.0	0.0	0.0	0.0	0.0	30.34220404126962
GSM4138112_HNSCC_2_PBMC_AATCCAGTCAGAGGTG	0.0	0.0	49.34455246759037	0.0	159.7894662823116	0.6847467696095013	0.0	0.0	0.0	0.0	14.699731052442724	0.0	0.0	0.0	0.0	0.0	0.0	0.0	0.0	0.0	0.0	0.0	0.0	0.0	0.0	0.0	0.0
GSM4138112_HNSCC_2_PBMC_AATCGGTGTCGACTAT	268.1143029767831	27.063514862452678	91.41327510667911	0.0	0.0	81.38877364539717	0.0	0.0	0.0	26.249025061274573	6.812529351913001	0.0	0.0	0.0	0.0	0.0	0.0	0.0	0.0	0.0	0.0	0.0	0.0	0.0	0.0	0.0	0.0
GSM4138112_HNSCC_2_PBMC_ACACCAAAGTGGAGAA	68.11942636927584	105.88393777039477	0.0	0.0	62.10485458125037	23.53464895204321	0.0	0.0	0.0	0.0	0.0	0.0	0.0	0.0	0.0	0.0	0.0	0.0	0.0	0.0	0.0	0.0	0.0	0.0	0.0	0.0	0.0
GSM4138112_HNSCC_2_PBMC_ACAGCCGGTCTGGTCG	92.88944759371577	0.0	0.0	0.0	0.0	0.0	0.0	0.0	0.0	0.0	0.0	24.125309478155682	0.0	0.0	0.0	0.0	147.9210522350514	22.16403517085085	0.0	0.0	0.0	0.0	0.0	0.0	0.0	0.0	0.0
GSM4138112_HNSCC_2_PBMC_ACATGGTTCAACGGCC	47.28353111100347	35.1088580456654	0.0	45.21326714342834	0.0	12.671728990843858	0.0	0.0	0.0	0.0	0.0	0.0	0.0	0.0	0.0	0.0	0.0	74.79315116441725	0.0	0.0	0.0	0.0	0.0	0.0	0.0	0.0	0.0
GSM4138112_HNSCC_2_PBMC_ACGAGCCTCCAGTATG	0.0	0.0	0.0	0.0	0.0	34.741872795131336	0.0	0.0	0.0	0.0	0.0	0.0	0.0	141.64095293521805	0.0	106.00294887992837	0.0	0.0	0.0	0.0	0.0	0.0	0.0	0.0	0.0	0.0	0.0
GSM4138112_HNSCC_2_PBMC_ACGAGGACATGCCTTC	129.4000120784195	0.0	0.0	0.0	0.0	0.0	0.0	0.0	0.0	72.25357005576066	22.67528606489331	0.0	0.0	0.0	0.0	0.0	0.0	0.0	0.0	0.0	0.0	0.0	0.0	0.0	0.0	0.0	0.0
GSM4138112_HNSCC_2_PBMC_ACGCAGCAGCGTCTAT	42.91994893755422	34.80116073160468	129.60679381307398	0.0	123.76032076845097	0.0	0.0	0.0	0.0	0.0	27.938439436419642	0.0	0.0	0.0	0.0	0.0	0.0	0.0	0.0	0.0	0.0	0.0	0.0	0.0	0.0	0.0	0.0
GSM4138112_HNSCC_2_PBMC_ACGGAGAGTCTACCTC	2.4242971427811764	77.34394191058757	0.0	0.0	0.0	7.264312189057534	130.15186593184444	0.0	0.0	0.0	0.0	0.0	0.0	1.3724843978684713	0.0	0.0	0.0	0.0	0.0	0.0	0.0	0.0	0.0	0.0	0.0	0.0	12.887264904989394
GSM4138112_HNSCC_2_PBMC_ACGGGTCCATGGAATA	0.0	60.21119910891763	55.37239604734913	0.0	209.61321148388112	0.0	0.0	0.0	0.0	0.0	0.0	54.011520446117444	0.0	0.0	0.0	0.0	0.0	0.0	0.0	0.0	0.0	0.0	0.0	0.0	0.0	0.0	0.0
GSM4138112_HNSCC_2_PBMC_ACTGAACAGTACGTAA	0.0	77.90109823238473	46.40657885514544	207.12498554085735	0.0	0.0	0.0	0.0	0.0	0.0	0.0	23.999925844007052	0.0	0.0	0.0	0.0	0.0	0.0	0.0	0.0	0.0	0.0	0.0	0.0	0.0	0.0	0.0
GSM4138112_HNSCC_2_PBMC_ACTGATGGTTACCAGT	85.51019657888969	0.0	0.0	0.0	17.472499043431725	0.0	0.0	0.0	0.0	0.0	0.0	14.93386079174635	0.0	0.0	0.0	0.0	36.80290860943374	0.0	0.0	1.2967194926347358	29.37683798964954	0.0	0.0	0.0	0.0	0.0	0.0
GSM4138112_HNSCC_2_PBMC_ACTGTCCCACATCTTT	0.0	105.6381216682774	0.0	0.0	0.0	0.0	253.8656454856801	0.0	0.0	0.0	31.117174454431524	0.0	0.0	0.0	0.0	0.0	0.0	0.0	0.0	0.0	0.0	0.0	0.0	0.0	0.0	0.0	0.0
GSM4138112_HNSCC_2_PBMC_ACTTACTCATGACATC	0.0	67.62379345006292	0.0	0.0	127.01078902064465	0.0	0.0	0.0	0.0	24.26200174091331	19.72506077871336	0.0	0.0	0.0	0.0	0.0	0.0	0.0	0.0	0.0	0.0	0.0	0.0	0.0	0.0	0.0	0.0
GSM4138112_HNSCC_2_PBMC_AGCAGCCCAGTCGATT	210.76185641887415	153.42746092013724	0.0	0.0	0.0	18.230830216464597	0.0	0.0	0.0	0.0	9.740578488298064	0.0	0.0	0.0	28.222707884291083	0.0	0.0	0.0	0.0	0.0	0.0	0.0	0.0	0.0	0.0	0.0	0.0
GSM4138112_HNSCC_2_PBMC_AGCGTATGTACGCTGC	0.0	0.0	0.0	0.0	81.20894646844702	8.959185678377665	0.0	0.0	0.0	0.0	0.0	0.0	112.10584031393293	0.0	0.0	0.0	0.0	0.0	0.0	0.0	0.0	0.0	0.0	0.0	0.0	0.0	0.0
GSM4138112_HNSCC_2_PBMC_AGCTCTCCACTGTGTA	217.7711886900558	49.880232700716675	62.48316612661296	0.0	0.0	17.622293963366957	0.0	0.0	0.0	0.0	0.0	0.0	0.0	0.0	0.0	0.0	0.0	0.0	0.0	0.0	0.0	0.0	0.0	0.0	0.0	0.0	0.0
GSM4138112_HNSCC_2_PBMC_AGCTCTCGTCTAGTGT	0.0	104.86581454566917	0.0	0.0	0.0	0.0	0.0	0.0	0.0	0.0	0.0	24.805799458594006	0.0	0.0	0.0	0.0	0.0	241.15360403410588	0.0	0.0	0.0	0.0	0.0	0.0	0.0	0.0	0.0
GSM4138112_HNSCC_2_PBMC_AGGGTGAAGAGCTATA	103.69973824839906	0.0	63.809672202981275	0.0	0.0	0.0	0.0	0.0	0.0	0.0	6.937591397999119	11.212139294928273	0.0	0.0	0.0	0.0	2.078273936904696	0.0	0.0	0.0	0.0	0.0	0.0	0.0	0.0	0.0	0.0
GSM4138112_HNSCC_2_PBMC_AGGGTGACACATTTCT	0.0	0.0	0.0	0.0	0.0	20.834062736337753	0.0	30.983410137773614	0.0	0.0	0.0	0.0	62.58290124693858	0.0	0.0	0.0	0.0	97.73964795993379	0.0	0.0	0.0	0.0	0.0	0.0	0.0	0.0	0.0
GSM4138112_HNSCC_2_PBMC_AGTAGTCTCTTCAACT	90.18631843574302	69.16679251964597	0.0	0.0	0.0	14.177779819336392	0.0	0.0	0.0	0.0	0.0	0.0	0.0	0.0	0.0	0.0	0.0	0.0	0.0	0.0	0.0	0.0	0.0	0.0	0.0	0.0	0.0
GSM4138112_HNSCC_2_PBMC_AGTGTCAAGATGTCGG	30.052352009623387	0.0	0.0	0.0	59.947221300533826	0.0	0.0	0.0	0.0	13.889734750142795	0.0	16.76442018025343	0.0	0.0	51.697012522874445	0.0	0.0	0.0	0.0	0.0	0.0	0.0	0.0	0.0	0.0	0.0	0.0
GSM4138112_HNSCC_2_PBMC_ATAACGCGTGCCTGGT	312.806889960237	0.0	0.0	0.0	0.0	63.405750891567045	0.0	0.0	0.0	0.0	0.0	0.0	0.0	0.0	202.64192048201824	0.0	0.0	0.0	0.0	0.0	0.0	0.0	0.0	0.0	0.0	0.0	0.0
GSM4138112_HNSCC_2_PBMC_ATAACGCTCATTTGGG	168.94034275404766	43.82507430784428	59.32863502489813	0.0	0.0	11.391106078663572	0.0	0.0	0.0	0.0	0.0	6.679143856928736	0.0	0.0	0.0	0.0	0.0	0.0	0.0	0.0	0.0	0.0	0.0	0.0	0.0	0.0	0.0
GSM4138112_HNSCC_2_PBMC_ATAAGAGCAGAGCCAA	83.99062922738018	0.0	0.0	0.0	75.86559775419934	0.0	0.0	0.0	0.0	0.0	29.556025349165232	0.0	0.0	0.0	187.02807860142167	0.0	0.0	0.0	0.0	0.0	0.0	0.0	0.0	0.0	0.0	0.0	0.0
GSM4138112_HNSCC_2_PBMC_ATAGACCAGCAAATCA	109.77530937138584	119.8473971736021	0.0	0.0	0.0	0.0	0.0	0.0	0.0	0.0	28.93987172570158	0.0	0.0	0.0	0.0	0.0	0.0	0.0	0.0	0.0	0.0	0.0	0.0	0.0	0.0	0.0	0.0
GSM4138112_HNSCC_2_PBMC_ATCACGACAGTGGAGT	0.0	0.0	0.0	0.0	0.0	0.0	111.08510250479164	0.0	0.0	0.0	6.453939586833793	0.0	0.0	0.0	0.0	0.0	0.0	0.0	90.57987238132962	0.0	0.0	0.0	0.0	0.0	0.0	0.0	0.0
GSM4138112_HNSCC_2_PBMC_ATCCGAACAAGTAATG	84.33049801885039	70.15467474233716	0.0	0.0	0.0	14.412334656229929	0.0	0.0	0.0	0.0	0.0	0.0	0.0	0.0	0.0	0.0	0.0	0.0	0.0	0.0	0.0	0.0	0.0	0.0	0.0	0.0	0.0
GSM4138112_HNSCC_2_PBMC_ATCGAGTAGAAACGAG	165.99203925492657	160.59985376128415	0.0	0.0	0.0	0.0	0.0	0.0	0.0	0.0	45.22932012169898	0.0	0.0	0.0	0.0	0.0	0.0	0.0	0.0	0.0	0.0	0.0	0.0	0.0	0.0	0.0	0.0
GSM4138112_HNSCC_2_PBMC_ATCTGCCCACCACGTG	105.64431159836775	40.72507802047524	33.47903788319654	0.0	0.0	0.0	0.0	0.0	0.0	0.0	29.737670613193202	0.0	0.0	0.0	48.07003711718823	0.0	0.0	0.0	0.0	0.0	0.0	0.0	0.0	0.0	0.0	0.0	0.0
GSM4138112_HNSCC_2_PBMC_ATGCGATGTTCCTCCA	116.9751978846784	36.52914270895611	0.0	0.0	16.01268659894783	17.994254562865223	0.0	0.0	0.0	0.0	0.0	0.0	0.0	0.0	46.918655062930995	0.0	0.0	0.0	0.0	0.0	0.0	0.0	0.0	0.0	0.0	0.0	0.0
GSM4138112_HNSCC_2_PBMC_ATTATCCAGACAATAC	200.40958386507026	32.138168809078145	31.53727030832452	0.0	0.0	3.4218766499115842	0.0	0.0	0.0	0.0	0.0	12.668434342729766	0.0	0.0	0.0	0.0	0.0	0.0	0.0	0.0	0.0	0.0	0.0	0.0	0.0	0.0	0.0
GSM4138112_HNSCC_2_PBMC_ATTTCTGCAGGTTTCA	34.02202114509436	5.750106857691243	55.130771171365794	0.0	71.67164739002237	39.675285602532995	0.0	0.0	0.0	0.0	0.0	0.0	0.0	0.0	0.0	0.0	0.0	0.0	0.0	0.0	0.0	0.0	0.0	0.0	0.0	0.0	0.0
GSM4138112_HNSCC_2_PBMC_CAACCTCCAACAACCT	0.0	0.4263612150107774	3.7101482326378163	107.17980913124711	0.0	0.0	0.0	0.0	0.0	0.0	0.0	6.460347437311463	68.23044226103896	0.0	0.0	0.0	0.0	0.0	0.0	0.0	0.0	0.0	0.0	0.0	0.0	0.0	0.0
GSM4138112_HNSCC_2_PBMC_CAAGAAACAAGTCTAC	33.34701225146864	0.0	61.240736939283465	81.8471342795656	0.0	0.0	0.0	0.0	0.0	55.16173836662746	25.22568172552551	0.0	0.0	0.0	18.12860812725817	0.0	0.0	0.0	0.0	0.0	0.0	0.0	0.0	0.0	0.0	0.0	0.0
GSM4138112_HNSCC_2_PBMC_CAAGGCCGTAGCTCCG	0.0	0.0	0.0	0.0	0.0	0.0	20.298827418931648	136.21409535573287	0.0	0.0	0.0	18.169501081265878	0.0	0.0	0.0	20.860255528669565	0.0	0.0	0.0	0.0	63.0919009699471	0.0	0.0	0.0	0.0	0.0	0.0
GSM4138112_HNSCC_2_PBMC_CAAGTTGAGCAGCGTA	0.0	89.12940568878162	0.0	58.339572555805404	0.0	0.0	0.0	0.0	0.0	0.0	13.290950155311469	0.0	0.0	0.0	0.0	0.0	0.0	0.0	0.0	0.0	0.0	0.0	0.0	0.0	0.0	0.0	0.0
GSM4138112_HNSCC_2_PBMC_CACCACTCACAGGTTT	35.183057283991566	77.90869370522702	0.0	12.220119100089228	0.0	5.020123529395837	0.0	103.97578184560119	0.0	0.0	9.551255829226541	0.0	0.0	0.0	0.0	0.0	0.0	0.0	0.0	0.0	0.0	0.0	0.0	0.0	57.149256970608796	0.0	0.0
GSM4138112_HNSCC_2_PBMC_CAGAGAGGTGGCCCTA	0.0	79.04213586760035	0.0	0.0	0.0	0.0	106.09453732396199	0.0	0.0	0.0	0.0	19.812080742773624	0.0	0.0	0.0	0.0	0.0	0.0	0.0	0.0	0.0	0.0	0.0	0.0	0.0	0.0	0.0
GSM4138112_HNSCC_2_PBMC_CAGCAGCCAATCACAC	110.30967237020914	0.0	0.0	0.0	18.974983582562395	17.027993043426374	0.0	0.0	0.0	0.0	6.360932005702238	0.0	106.22270257790068	0.0	0.0	0.0	0.0	0.0	0.0	0.0	0.0	0.0	0.0	0.0	0.0	0.0	0.0
GSM4138112_HNSCC_2_PBMC_CAGCATAAGAAGAAGC	34.7773373263031	0.0	44.92472807811506	0.0	0.0	0.0	0.0	55.129970569802055	0.0	0.0	0.0	8.198570150172147	0.0	0.0	0.0	0.0	0.0	0.0	0.0	0.0	0.0	0.0	0.0	0.0	0.0	0.0	0.0
GSM4138112_HNSCC_2_PBMC_CAGCTAAAGGACACCA	119.48317719583189	64.74951938357887	0.0	0.0	2.2348828041973317	23.49038900527817	0.0	0.0	0.0	0.0	0.0	0.0	0.0	0.0	46.24307267233676	0.0	0.0	0.0	0.0	0.0	0.0	0.0	0.0	0.0	0.0	0.0	0.0
GSM4138112_HNSCC_2_PBMC_CAGCTGGGTCCAGTTA	271.61793173375685	0.0	0.0	0.0	0.0	30.99637475855667	0.0	0.0	0.0	160.43251741150664	0.0	0.0	0.0	0.0	0.0	0.0	0.0	0.0	0.0	0.0	0.0	0.0	0.0	0.0	0.0	0.0	0.0
GSM4138112_HNSCC_2_PBMC_CATCGAAAGAAGGGTA	93.793519448431	0.0	56.0827895685813	0.0	0.0	14.423368360169487	0.0	0.0	0.0	0.0	0.0	10.995630541647275	0.0	0.0	0.0	0.0	0.0	0.0	0.0	0.0	0.0	0.0	0.0	0.0	0.0	0.0	0.0
GSM4138112_HNSCC_2_PBMC_CATGCCTTCTGGTGTA	228.22842683926046	0.0	102.64967003453069	0.0	11.324619254523359	25.251619893818326	0.0	0.0	0.0	0.0	16.338075632519242	0.0	0.0	0.0	79.45085284065664	0.0	0.0	0.0	0.0	0.0	0.0	0.0	0.0	0.0	0.0	0.0	0.0
GSM4138112_HNSCC_2_PBMC_CATTATCAGCAGATCG	0.0	78.37860066219365	0.0	0.0	112.46217984879172	0.0	0.0	0.0	0.0	0.0	12.599000300348022	0.0	0.0	0.0	0.0	0.0	0.0	0.0	0.0	0.0	0.0	0.0	0.0	0.0	0.0	0.0	0.0
GSM4138112_HNSCC_2_PBMC_CCATTCGAGCGATATA	148.00855467199267	182.71242514690385	0.0	0.0	28.785399246721735	0.0	0.0	0.0	0.0	0.0	0.0	23.056226643748367	0.0	0.0	0.0	0.0	0.0	0.0	0.0	0.0	0.0	0.0	0.0	0.0	0.0	0.0	0.0
GSM4138112_HNSCC_2_PBMC_CCATTCGGTGTGAATA	160.56857094296788	23.973869178661314	70.09436313562026	0.0	0.0	28.743041190889198	0.0	0.0	0.0	0.0	0.0	0.0	0.0	0.0	0.0	0.0	0.0	0.0	0.0	0.0	0.0	0.0	0.0	0.0	0.0	0.0	0.0
GSM4138112_HNSCC_2_PBMC_CCCAATCCACACATGT	10.704092500804544	75.54554005272956	0.11874873213358605	0.0	0.0	0.0	0.0	70.99253788489794	0.0	0.0	0.0	44.73887707308271	0.0	0.0	0.0	0.0	83.95513571649192	122.98384885254995	0.0	0.0	0.0	0.0	0.0	0.0	0.0	0.0	0.0
GSM4138112_HNSCC_2_PBMC_CCCAATCTCAACACCA	113.78198674367094	0.0	11.323583640581855	0.0	0.0	0.0	0.0	0.0	0.0	38.39519509087429	22.634731245171782	0.0	0.0	0.0	19.20099139861105	0.0	0.0	0.0	0.0	0.0	0.0	0.0	0.0	0.0	0.0	0.0	0.0
GSM4138112_HNSCC_2_PBMC_CCCTCCTAGACAAGCC	82.34074245823666	0.0	61.363640315661264	0.0	0.0	0.0	0.0	0.0	0.0	0.0	0.0	15.054294747384953	0.0	0.0	0.0	0.0	0.0	0.0	0.0	0.0	0.0	0.0	0.0	0.0	0.0	0.0	0.0
GSM4138112_HNSCC_2_PBMC_CCTCAGTCACCAGATT	0.0	57.94609979878301	20.053006881158026	91.60919338095208	0.0	5.446244539798913	0.0	0.0	0.0	0.0	0.0	23.353106949691654	0.0	0.0	0.0	0.0	0.0	0.0	0.0	0.0	0.0	0.0	0.0	0.0	0.0	0.0	0.0
GSM4138112_HNSCC_2_PBMC_CCTCTGACACTCAGGC	45.354833436760245	45.296939666670966	0.0	0.0	69.79260723124564	0.0	0.0	0.0	0.0	48.49120333008449	18.38047811203122	0.0	0.0	0.0	0.0	0.0	0.0	0.0	0.0	0.0	0.0	0.0	0.0	0.0	0.0	0.0	0.0
GSM4138112_HNSCC_2_PBMC_CCTTACGGTGTGACCC	0.0	0.0	43.52605418553028	84.57840008692483	0.0	9.315376099187244	0.0	37.232036586643694	0.0	111.24981137326284	0.0	19.499243385824172	0.0	0.0	0.0	0.0	0.0	69.47352205800337	0.0	0.0	0.0	0.0	0.0	0.0	0.0	0.0	0.0
GSM4138112_HNSCC_2_PBMC_CCTTCCCTCCAATGGT	0.0	0.0	0.0	0.0	0.0	19.252466223537315	0.0	141.65891571081806	0.0	0.0	0.0	0.0	76.54595185774515	0.0	0.0	0.0	0.0	0.0	0.0	0.0	0.0	0.0	0.0	0.0	0.0	0.0	0.0
GSM4138112_HNSCC_2_PBMC_CGAGAAGGTGCCTGTG	0.0	0.0	83.34445430197572	0.0	0.0	16.004194446886707	0.0	138.8016123807708	0.0	0.0	0.0	4.611117805979261	0.0	0.0	0.0	0.0	0.0	0.0	0.0	0.0	0.0	0.0	0.0	0.0	0.0	0.0	0.0
GSM4138112_HNSCC_2_PBMC_CGAGCCAAGGTCATCT	63.6160924790535	0.0	0.0	0.0	0.0	0.0	0.0	0.0	0.0	80.33383833137881	10.967973740701545	0.0	0.0	0.0	0.0	0.0	0.0	0.0	0.0	0.0	0.0	0.0	0.0	0.0	0.0	0.0	0.0
GSM4138112_HNSCC_2_PBMC_CGATCGGAGTACATGA	120.63276778021674	79.71480436506664	0.0	0.0	0.0	11.760730897536916	0.0	0.0	0.0	0.0	11.698649266440627	0.0	0.0	0.0	0.0	0.0	0.0	0.0	0.0	0.0	0.0	0.0	0.0	0.0	0.0	0.0	0.0
GSM4138112_HNSCC_2_PBMC_CGCCAAGCAATGACCT	183.12444351278597	23.820467201200056	113.10705444171231	0.0	0.0	0.0	0.0	0.0	44.53236279696996	0.0	34.25182068158694	0.0	0.0	0.0	0.0	0.0	0.0	0.0	0.0	0.0	0.0	0.0	0.0	0.0	0.0	0.0	0.0
GSM4138112_HNSCC_2_PBMC_CGCCAAGGTCCGCTGA	279.65897839782536	0.0	181.29932132311578	0.0	0.0	28.83933349710069	0.0	0.0	0.0	0.0	9.721420584621264	0.0	0.0	0.0	0.0	0.0	0.0	0.0	0.0	0.0	0.0	0.0	0.0	0.0	0.0	0.0	0.0
GSM4138112_HNSCC_2_PBMC_CGCTGGAAGTACCGGA	0.0	14.710412278289693	0.8936416603725384	0.0	0.0	0.0	0.0	0.0	112.82415072987563	48.109261831145304	0.0	15.755896398209538	0.0	0.0	0.0	0.0	0.0	0.0	0.0	0.0	0.0	0.0	0.0	0.0	0.0	0.0	0.0
GSM4138112_HNSCC_2_PBMC_CGCTTCATCCGCGGTA	0.0	0.0	0.0	46.407843254067444	0.0	33.55047105800771	173.3411219194767	0.0	0.0	0.0	0.0	0.0	161.92144907579856	0.0	0.0	0.0	0.0	0.0	0.0	0.0	0.0	0.0	73.35803463676558	0.0	0.0	0.0	0.0
GSM4138112_HNSCC_2_PBMC_CGGACACGTTCAGTAC	133.8124490147583	0.0	114.22424119390624	0.0	0.0	0.0	0.0	0.0	0.0	0.0	35.020882785469134	0.0	0.0	0.0	0.0	0.0	0.0	0.0	0.0	0.0	0.0	0.0	0.0	0.0	0.0	0.0	0.0
GSM4138112_HNSCC_2_PBMC_CGGACGTTCCAAGTAC	55.86923020848126	5.35011393859277	106.53331160947096	0.0	82.08693733188694	0.0	0.0	0.0	26.40161301598592	0.0	0.0	27.930403197083873	0.0	0.0	0.0	0.0	0.0	0.0	0.0	0.0	0.0	0.0	0.0	0.0	0.0	0.0	0.0
GSM4138112_HNSCC_2_PBMC_CGTAGGCGTGTCTGAT	48.28712471481617	61.287471763284756	0.0	0.0	0.0	4.280239907866469	0.0	0.0	0.0	0.0	0.0	0.0	0.0	16.049943399872323	0.0	0.0	0.0	0.0	0.0	0.0	0.0	0.0	23.313194426206767	0.0	0.0	0.0	0.0
GSM4138112_HNSCC_2_PBMC_CGTTGGGCAAAGAATC	0.0	26.311612624421834	23.53408632484028	77.41624669179056	0.0	0.0	0.0	0.0	0.0	0.0	18.813964288417353	0.0	0.0	0.0	0.0	0.0	0.0	0.0	0.0	0.0	0.0	0.0	0.0	0.0	0.0	0.0	0.0
GSM4138112_HNSCC_2_PBMC_CTAAGACAGATGAGAG	74.45743230883625	0.0	71.69488964535918	48.8013822803589	0.0	10.666867024007388	0.0	0.0	0.0	0.0	0.0	0.0	0.0	0.0	0.0	0.0	0.0	0.0	0.0	0.0	0.0	0.0	0.0	0.0	0.0	0.0	0.0
GSM4138112_HNSCC_2_PBMC_CTACACCAGTGGACGT	139.84217995226078	0.0	161.53657481593484	0.0	0.0	0.0	0.0	0.0	0.0	0.0	20.549281207169194	0.0	0.0	0.0	0.0	0.0	0.0	0.0	0.0	0.0	0.0	0.0	0.0	0.0	0.0	0.0	0.0
GSM4138112_HNSCC_2_PBMC_CTACGTCGTCTTGCGG	107.55525521519161	107.29627785645339	0.0	68.05119670581725	0.0	0.0	0.0	0.0	0.0	0.0	32.18722527713156	0.0	0.0	0.0	0.0	0.0	0.0	0.0	0.0	0.0	0.0	0.0	0.0	0.0	0.0	0.0	0.0
GSM4138112_HNSCC_2_PBMC_CTCATTATCATCGGAT	0.0	0.0	0.0	86.28160403923258	0.0	20.414050758470587	0.0	0.0	0.0	72.1594752694481	0.0	0.0	0.0	99.28451461415426	0.0	0.0	0.0	0.0	0.0	0.0	0.0	0.0	0.0	0.0	0.0	0.0	0.0
GSM4138112_HNSCC_2_PBMC_CTCGAGGAGAAGGTGA	123.19315088881221	70.18030427607282	0.0	0.0	0.0	16.196147858112138	0.0	0.0	0.0	0.0	1.028318003856099	0.0	0.0	0.0	0.0	0.0	0.0	0.0	0.0	0.0	0.0	0.0	0.0	0.0	0.0	0.0	0.0
GSM4138112_HNSCC_2_PBMC_CTCGGGAGTACTCTCC	171.04572212754968	104.58317880855539	0.0	0.0	12.075769728390584	14.572798976891558	0.0	0.0	0.0	0.0	11.470671596582534	0.0	0.0	0.0	61.07414186920853	0.0	0.0	0.0	0.0	0.0	0.0	0.0	0.0	0.0	0.0	0.0	0.0
GSM4138112_HNSCC_2_PBMC_CTGATAGGTTACGCGC	0.0	102.02549575090217	0.0	0.0	0.0	19.016003434728585	0.0	0.0	163.15749215922796	0.0	0.0	3.4767067024382876	0.0	0.0	0.0	0.0	0.0	0.0	0.0	0.0	0.0	0.0	0.0	0.0	0.0	0.0	0.0
GSM4138112_HNSCC_2_PBMC_CTGCCTAAGCCTCGTG	0.0	0.0	65.6292194669509	0.0	0.0	11.386824608515798	0.0	0.0	0.0	0.0	8.670386372806883	2.918590535780845	0.0	0.0	13.880854086080886	0.0	0.0	173.61932894234334	0.0	0.0	0.0	0.0	0.0	0.0	0.0	0.0	0.0
GSM4138112_HNSCC_2_PBMC_CTGCGGAGTCATTAGC	0.0	66.98750924162036	0.0	64.43724838232585	0.0	0.0	0.0	23.799420038116203	0.0	0.0	21.601795280076065	0.0	0.0	0.0	0.0	0.0	0.0	0.0	0.0	0.0	0.0	0.0	0.0	0.0	16.909614205660468	0.0	0.0
GSM4138112_HNSCC_2_PBMC_CTTAACTCACGGTTTA	244.1394354492525	80.17702218032368	0.0	0.0	0.0	0.0	0.0	0.0	0.0	0.0	0.0	30.260490482368038	0.0	0.0	69.39175017374615	0.0	0.0	0.0	0.0	0.0	0.0	0.0	0.0	0.0	0.0	0.0	0.0
GSM4138112_HNSCC_2_PBMC_CTTCTCTTCGAGGTAG	167.44540006919965	109.91723531973429	0.0	0.0	0.0	0.0	0.0	0.0	0.0	0.0	0.0	19.492007939127568	0.0	0.0	0.0	0.0	0.0	0.0	0.0	0.0	0.0	0.0	0.0	0.0	0.0	0.0	0.0
GSM4138112_HNSCC_2_PBMC_CTTTGCGCACACTGCG	0.0	68.16589876077612	0.0	0.0	0.0	0.0	0.0	0.0	0.0	0.0	0.0	9.930286643594286	0.0	134.2356329207425	0.0	0.0	0.0	0.0	0.0	0.0	0.0	0.0	0.0	0.0	0.0	0.0	0.0
GSM4138112_HNSCC_2_PBMC_GAAACTCAGGAATGGA	104.3319394929538	53.71229176934226	65.0828359049401	0.0	0.0	0.0	0.0	0.0	0.0	0.0	17.9059130919926	0.0	0.0	0.0	0.0	0.0	0.0	0.0	0.0	0.0	0.0	0.0	0.0	0.0	0.0	0.0	0.0
GSM4138112_HNSCC_2_PBMC_GAATAAGGTCTCGTTC	174.13474883754293	0.0	0.0	0.0	0.0	0.0	0.0	0.0	0.0	0.0	45.77512290138062	0.0	0.0	0.0	0.0	151.36665388849988	0.0	0.0	0.0	0.0	0.0	0.0	0.0	0.0	0.0	0.0	0.0
GSM4138112_HNSCC_2_PBMC_GAATGAAGTGTCGCTG	229.42043394293316	150.11405823397092	40.662377461189294	0.0	0.0	0.0	0.0	0.0	0.0	0.0	36.93480587207982	0.0	0.0	0.0	0.0	0.0	0.0	0.0	0.0	0.0	0.0	0.0	0.0	0.0	0.0	0.0	0.0
GSM4138112_HNSCC_2_PBMC_GACACGCGTGGTTTCA	0.0	62.88087338938926	0.0	0.0	0.0	0.0	0.0	133.01985562614053	0.0	23.019722157999297	14.612941743306845	0.0	0.0	0.0	0.0	0.0	0.0	0.0	0.0	0.0	0.0	0.0	0.0	0.0	0.0	0.0	0.0
GSM4138112_HNSCC_2_PBMC_GACAGAGTCTGTTTGT	0.0	0.0	0.0	0.0	0.0	16.221494517248434	0.0	0.0	0.0	0.0	0.0	0.0	0.0	0.0	0.0	0.0	93.81692531255791	87.65968969205147	0.0	0.0	0.0	0.0	0.0	0.0	0.0	0.0	0.0
GSM4138112_HNSCC_2_PBMC_GACCAATAGCCCAGCT	0.0	0.0	0.0	36.70053071976852	0.0	0.0	0.0	0.0	0.0	3.488788356528701	10.684748387605199	0.0	0.0	88.30790275298055	100.96993120286956	3.831812696581353	0.0	0.0	0.0	0.0	0.0	0.0	0.0	0.0	0.0	0.0	0.0
GSM4138112_HNSCC_2_PBMC_GACTACAGTGCAACGA	0.0	0.0	0.0	0.0	116.41385559665542	0.0	0.0	0.0	0.0	117.86504874324078	11.912201936632108	0.0	0.0	0.0	0.0	0.0	0.0	0.0	0.0	0.0	0.0	0.0	0.0	0.0	0.0	0.0	0.0
GSM4138112_HNSCC_2_PBMC_GACTGCGCATACTCTT	0.0	0.0	94.58958190468606	0.0	0.0	8.428884717077755	140.2959377178095	0.0	11.739002730196914	0.0	0.0	0.0	0.0	0.0	0.0	0.0	0.0	0.0	0.0	0.0	0.0	0.0	0.0	0.0	0.0	0.0	0.0
GSM4138112_HNSCC_2_PBMC_GATCGATCACGTGAGA	156.91478989023585	114.63652828300663	0.0	0.0	0.0	0.0	0.0	0.0	0.0	0.0	42.79928623549497	0.0	0.0	0.0	0.0	0.0	0.0	0.0	0.0	0.0	0.0	0.0	0.0	0.0	0.0	0.0	0.0
GSM4138112_HNSCC_2_PBMC_GATCGCGAGGTGGGTT	34.77333647387321	0.0	0.0	0.0	0.0	0.0	0.0	0.0	54.875197123780566	0.0	14.840844432417006	0.0	74.61508231211897	40.224980348341994	0.0	0.0	16.885876328355995	0.0	0.0	0.0	24.088658087596297	0.0	0.0	0.0	0.0	0.0	0.0
GSM4138112_HNSCC_2_PBMC_GATTCAGGTAGCGCAA	181.12511888281452	0.0	77.69926688673632	0.0	0.0	0.0	0.0	0.0	0.0	0.0	0.0	27.818586430853184	0.0	0.0	0.0	50.067075116395635	0.0	0.0	0.0	0.0	0.0	0.0	0.0	0.0	0.0	0.0	0.0
GSM4138112_HNSCC_2_PBMC_GCACATAGTTCACCTC	63.1128527139503	0.0	0.0	0.0	40.10329084205797	0.0	0.0	0.0	0.0	0.0	0.0	11.34715585752587	23.69867151244147	0.0	0.0	0.0	0.0	0.0	0.0	0.0	0.0	0.0	0.0	21.259270358499766	29.524221618531783	0.0	0.0
GSM4138112_HNSCC_2_PBMC_GCAGTTAAGGCTAGAC	0.0	0.0	120.82583240717346	213.52211865871905	0.0	15.578220295064586	0.0	0.0	0.0	0.0	7.432341507721427	7.038026278488434	0.0	0.0	0.0	0.0	0.0	0.0	0.0	0.0	0.0	0.0	0.0	0.0	0.0	0.0	0.0
GSM4138112_HNSCC_2_PBMC_GCATACACACGGCGTT	202.0427991255036	0.0	99.09019504389359	0.0	0.0	0.0	0.0	0.0	0.0	0.0	29.81176089613436	0.0	0.0	0.0	51.32398582638541	0.0	0.0	0.0	0.0	0.0	0.0	0.0	0.0	0.0	0.0	0.0	0.0
GSM4138112_HNSCC_2_PBMC_GCATACACAGCAGTTT	98.62629916972935	0.0	51.926998689720286	0.0	0.0	0.0	0.0	0.0	0.0	0.0	16.295960444226175	0.0	0.0	0.0	0.0	0.0	0.0	0.0	0.0	0.0	0.0	0.0	0.0	0.0	0.0	0.0	0.0
GSM4138112_HNSCC_2_PBMC_GCATGATCACCGATAT	157.4319474268122	36.12208269013675	0.0	0.0	0.0	0.0	0.0	0.0	0.0	0.0	31.985571381679772	0.0	0.0	0.0	0.0	0.0	0.0	0.0	0.0	0.0	0.0	0.0	0.0	0.0	74.30213961001309	0.0	0.0
GSM4138112_HNSCC_2_PBMC_GCATGATCACTGTTAG	0.0	37.402903628444925	33.31424211517108	0.0	0.0	10.631990352744602	24.453776240599744	114.70866275577683	0.0	0.0	0.0	0.0	0.0	0.0	0.0	0.0	0.0	0.0	0.0	0.0	0.0	0.0	0.0	0.0	0.0	0.0	0.0
GSM4138112_HNSCC_2_PBMC_GCATGATCATCACCCT	88.02014358890317	0.0	91.94846099631508	0.0	6.5704697552036	0.0	0.0	0.0	0.0	0.0	20.372184330269555	0.0	0.0	0.0	0.0	0.0	0.0	0.0	0.0	0.0	0.0	0.0	0.0	0.0	0.0	0.0	0.0
GSM4138112_HNSCC_2_PBMC_GCATGCGAGCTGATAA	0.0	25.45922197436711	0.0	45.7037068173857	0.0	12.626417742110434	151.71050940992816	0.0	0.0	0.0	0.0	7.09793986238777	0.0	0.0	0.0	0.0	39.35765313650069	0.0	0.0	0.0	0.0	0.0	0.0	50.410661519732	2.676707497078813	0.0	0.0
GSM4138112_HNSCC_2_PBMC_GCATGCGCAATCGGTT	0.0	0.0	0.0	1.7522711921188616	0.0	0.0	0.0	0.0	0.0	0.0	17.391785074003565	0.0	103.09550693664973	0.0	0.0	0.0	31.595966440486865	61.28597401439188	0.0	0.0	0.0	5.1163711592988825	0.0	0.0	0.0	0.0	0.0
GSM4138112_HNSCC_2_PBMC_GCGACCAGTCATTAGC	0.0	181.7153290348801	0.0	249.88034104385068	0.0	15.013929679443851	0.0	0.0	0.0	0.0	0.0	20.52684068897336	0.0	0.0	0.0	0.0	0.0	0.0	0.0	0.0	0.0	0.0	0.0	0.0	0.0	0.0	0.0
GSM4138112_HNSCC_2_PBMC_GCGAGAATCGCCTGAG	152.3546644968167	115.20365820010355	0.0	0.0	0.0	0.0	0.0	0.0	0.0	0.0	0.0	21.111014584450626	0.0	0.0	0.0	0.0	0.0	0.0	0.0	24.645907532419635	0.0	0.0	0.0	0.0	0.0	0.0	0.0
GSM4138112_HNSCC_2_PBMC_GCTCTGTCACGGTAAG	0.0	0.0	0.0	95.69526947003371	0.0	0.0	0.0	0.0	0.0	0.0	12.706208481617688	0.0	0.0	0.0	0.0	0.0	0.0	0.0	0.0	0.0	0.0	121.82352056856722	0.0	0.0	0.0	0.0	0.0
GSM4138112_HNSCC_2_PBMC_GCTGCAGAGTGCCATT	110.92372909282696	78.80692964598467	0.0	0.0	0.0	10.476783381436036	0.0	0.0	0.0	0.0	0.0	0.0	0.0	0.0	21.149111904586245	0.0	0.0	0.0	0.0	0.0	0.0	0.0	0.0	0.0	0.0	0.0	0.0
GSM4138112_HNSCC_2_PBMC_GGACAAGGTAGATTAG	0.0	0.0	144.80793645590225	0.0	95.72015525361373	16.128018338185992	0.0	0.0	189.4231539547978	0.0	0.0	17.362086050448426	0.0	0.0	0.0	0.0	0.0	0.0	0.0	0.0	0.0	0.0	0.0	0.0	0.0	0.0	0.0
GSM4138112_HNSCC_2_PBMC_GGAGCAAAGATGGGTC	0.0	137.3581227225208	11.529070044454048	219.94869074366795	0.0	0.0	0.0	0.0	0.0	0.0	0.0	31.788017943481243	0.0	0.0	0.0	0.0	0.0	0.0	0.0	0.0	0.0	0.0	0.0	0.0	0.0	0.0	0.0
GSM4138112_HNSCC_2_PBMC_GGCAATTTCATCATTC	0.0	0.0	0.0	121.05220955460418	0.0	0.0	0.0	0.0	0.0	0.5511311466709837	6.702804329884216	8.079144698307822	0.0	0.0	0.0	0.0	80.09056894899972	0.0	0.0	0.0	31.31874225118727	0.0	0.0	0.0	0.0	0.0	0.0
GSM4138112_HNSCC_2_PBMC_GGGCACTCAATGGACG	0.0	38.27673364760348	11.103770176403513	77.85187946603618	0.0	0.0	0.0	0.0	168.6824941697769	56.21154724760595	0.0	32.5350382621218	0.0	0.0	0.0	0.0	0.0	0.0	0.0	0.0	0.0	0.0	0.0	0.0	0.0	0.0	0.0
GSM4138112_HNSCC_2_PBMC_GGGTTGCGTACATCCA	45.26311066772637	86.65391769177147	0.0	0.0	0.0	0.0	72.23936611775132	0.0	0.0	0.0	15.704373450494115	0.0	0.0	0.0	0.0	0.0	0.0	29.501302200126155	0.0	0.0	0.0	0.0	0.0	0.0	0.0	0.0	0.0
GSM4138112_HNSCC_2_PBMC_GTAACGTGTATAATGG	149.03030083616875	0.0	0.0	0.0	0.0	13.832015790275532	0.0	0.0	0.0	50.689687685677846	0.0	0.0	0.0	0.0	0.0	0.0	6.27808600752741	0.0	0.0	0.0	0.0	23.591610666070245	0.0	0.0	0.0	0.0007070056625579513	0.0
GSM4138112_HNSCC_2_PBMC_GTCCTCAAGCTCCCAG	88.15891394173939	123.01696932293937	0.0	0.0	0.0	6.190924716765029	0.0	0.0	0.0	0.0	0.0	0.0	35.32453686237455	0.0	0.0	0.0	0.0	0.0	0.0	0.0	0.0	0.0	0.0	0.0	0.0	0.0	0.0
GSM4138112_HNSCC_2_PBMC_GTCCTCAGTAGCGTAG	19.01194356603352	77.92545698439113	0.0	0.0	53.86130315878972	12.965738285952	0.0	0.0	0.0	0.0	0.0	0.0	0.0	0.0	0.0	0.0	0.0	0.0	0.0	0.0	0.0	0.0	0.0	1.4851052026477018	0.0	0.0	0.0
GSM4138112_HNSCC_2_PBMC_GTCCTCAGTGCGGTAA	107.61039984448273	4.194186128225184	109.84769347096747	0.0	20.60514154519374	0.0	0.0	19.371793622228328	0.0	0.0	21.38187870096291	0.0	0.0	0.0	0.0	0.0	0.0	0.0	0.0	0.0	0.0	0.0	0.0	0.0	0.0	0.0	0.0
GSM4138112_HNSCC_2_PBMC_GTCGGGTGTAAGTGGC	172.41428404263795	24.122413942075482	108.40232717547539	0.0	0.0	0.0	0.0	0.0	0.0	0.0	31.28641009429384	0.0	0.0	0.0	0.0	0.0	0.0	0.0	0.0	0.0	0.0	0.0	0.0	0.0	0.0	0.0	0.0
GSM4138112_HNSCC_2_PBMC_GTCGTAAAGTACACCT	56.31042056346662	0.0	90.45955669230541	0.0	8.863484518183466	0.0	0.0	0.0	91.09947173055119	0.0	0.0	40.21223454949599	0.0	0.0	0.0	0.0	0.0	0.0	0.0	0.0	0.0	0.0	0.0	0.0	0.0	0.0	0.0
GSM4138112_HNSCC_2_PBMC_GTGGGTCTCTTAACCT	289.8485660747033	251.2104875121823	0.0	0.0	0.0	0.0	0.0	0.0	0.0	0.0	13.272699361085088	40.86888952887162	0.0	0.0	0.0	0.0	0.0	0.0	0.0	0.0	0.0	0.0	0.0	0.0	0.0	0.0	0.0
GSM4138112_HNSCC_2_PBMC_GTGTGCGAGCCGCCTA	190.00493629201907	15.948614758820892	63.41690326927013	0.0	0.0	0.0	0.0	0.0	0.0	0.0	29.438916945711487	0.0	0.0	0.0	35.29559610306548	0.0	0.0	0.0	0.0	0.0	0.0	0.0	0.0	0.0	0.0	0.0	0.0
GSM4138112_HNSCC_2_PBMC_GTTCTCGAGTAACCCT	150.05186721930696	83.52690650956418	0.0	0.0	0.0	0.0	0.0	0.0	0.0	0.0	0.0	14.428812495208465	0.0	0.0	0.0	0.0	0.0	0.0	35.65703578798063	0.0	0.0	0.0	0.0	0.0	0.0	0.0	0.0
GSM4138112_HNSCC_2_PBMC_TAAGCGTCAGACGCCT	201.08554386669536	40.40174864918408	27.366793068617813	0.0	0.0	0.0	0.0	0.0	0.0	0.0	0.0	17.63483712855883	0.0	0.0	0.0	0.0	0.0	0.0	0.0	15.098707482923082	0.0	0.0	0.0	0.0	0.0	0.0	0.0
GSM4138112_HNSCC_2_PBMC_TACGGTATCAGCCTAA	111.94456906711257	151.0762011780125	0.0	0.0	68.18676793019064	0.0	0.0	0.0	0.0	0.0	0.0	23.6840387803515	0.0	0.0	0.0	0.0	0.0	0.0	0.0	0.0	0.0	0.0	0.0	0.0	0.0	0.0	0.0
GSM4138112_HNSCC_2_PBMC_TAGCCGGGTTCATGGT	91.39817908008052	56.45558847613625	0.0	0.0	0.0	0.0	0.0	0.0	0.0	0.0	15.84039687045056	0.0	0.0	0.0	0.0	0.0	0.0	0.0	0.0	0.0	0.0	0.0	0.0	0.0	0.0	0.0	0.0
GSM4138112_HNSCC_2_PBMC_TAGTGGTAGGATGGAA	0.0	0.0	0.0	52.79826929700278	0.0	0.0	0.0	0.0	72.4594213648641	0.0	0.0	26.855935043249172	0.0	0.0	0.0	0.0	0.0	0.0	53.04227201848585	0.0	0.0	0.0	0.0	0.0	0.0	0.0	0.0
GSM4138112_HNSCC_2_PBMC_TAGTTGGGTCCATGAT	0.0	101.18261803350723	21.775893393568595	0.0	0.0	0.0	285.97746310617384	0.0	0.0	0.0	46.04076083393164	0.0	0.0	0.0	0.0	0.0	13.344825465792209	0.0	0.0	0.0	0.0	0.0	0.0	0.0	0.0	0.0	7.304378906558168
GSM4138112_HNSCC_2_PBMC_TATTACCCAGCTGTAT	320.8092462662325	0.0	78.17465147778897	0.0	0.0	63.430216564201274	0.0	0.0	0.0	128.00118868468533	0.0	0.0	0.0	0.0	0.0	0.0	0.0	0.0	0.0	0.0	0.0	0.0	0.0	0.0	0.0	0.0	0.0
GSM4138112_HNSCC_2_PBMC_TCATTTGGTGTGGTTT	65.01494067139355	119.80919353916876	0.0	0.0	0.0	8.72810492876136	0.0	50.512276064180895	0.0	0.0	31.673383747281296	0.0	0.0	53.8175775957271	0.0	0.0	0.0	0.0	0.0	0.0	0.0	46.047304514510586	0.0	0.0	0.0	0.0	0.0
GSM4138112_HNSCC_2_PBMC_TCATTTGGTTGGAGGT	91.13137377739592	0.0	0.0	0.0	0.0	14.525088332058218	0.0	0.0	30.772448325432798	0.0	21.29703880941165	0.0	0.0	0.0	0.0	0.0	0.0	0.0	0.0	0.0	0.0	0.0	0.0	71.13024202390149	0.0	0.0	0.0
GSM4138112_HNSCC_2_PBMC_TCTCATAGTCTGCGGT	135.25699201183764	0.0	2.280517135660946	0.0	19.8930816994955	0.0	0.0	0.0	0.0	0.0	0.0	30.299962923536153	0.0	0.0	130.6143030307715	0.0	0.0	0.0	0.0	0.0	0.0	0.0	0.0	0.0	0.0	0.0	0.0
GSM4138112_HNSCC_2_PBMC_TCTCATAGTTTGTGTG	73.19987650617624	40.97054843198306	0.0	0.0	6.399327949764996	24.555477933823816	37.48866272534227	0.0	0.0	0.0	0.0	0.0	0.0	0.0	61.54190960740906	0.0	0.0	0.0	0.0	0.0	0.0	0.0	0.0	0.0	0.0	0.0	0.0
GSM4138112_HNSCC_2_PBMC_TCTTTCCTCGAGAGCA	0.0	0.0	0.0	0.0	0.0	18.746133870673884	0.0	104.86630944941422	0.0	0.0	0.0	0.0	55.82709087452601	0.0	0.0	0.0	45.758619290287974	0.0	0.0	0.0	0.0	0.0	0.0	0.0	0.0	0.0	0.0
GSM4138112_HNSCC_2_PBMC_TGAAAGATCACGCGGT	53.75408213522	0.0	0.0	0.0	0.0	0.0	0.0	0.0	0.0	0.0	4.166658306167547	5.104065432389777	0.0	0.0	0.0	85.15832814870406	0.0	0.0	0.0	0.0	0.0	0.0	0.0	0.0	0.0	0.0	0.0
GSM4138112_HNSCC_2_PBMC_TGACTAGAGAAACCTA	251.6742955581661	0.0	253.75338909413085	0.0	0.0	0.0	0.0	0.0	0.0	0.0	40.00742636456348	0.0	0.0	0.0	0.0	0.0	0.0	0.0	0.0	0.0	0.0	0.0	0.0	0.0	0.0	0.0	0.0
GSM4138112_HNSCC_2_PBMC_TGACTTTAGGATATAC	0.0	0.0	0.0	86.28842782771999	0.0	0.3109466172364613	53.78494182033686	0.0	0.0	0.0	9.454659927629024	0.0	0.0	0.0	0.0	0.0	117.87344297039652	0.0	0.0	0.0	0.0	0.0	0.0	0.0	0.0	0.0	0.0
GSM4138112_HNSCC_2_PBMC_TGCACCTTCTAGCACA	0.0	0.0	0.0	58.264979006246854	0.0	0.0	6.148275123876057	0.0	0.0	82.00827832887053	14.506119589411856	0.0	0.0	0.0	0.0	0.0	0.0	28.844952183798785	0.0	0.0	0.0	0.0	0.0	0.0	0.0	0.0	0.0
GSM4138112_HNSCC_2_PBMC_TGCCCTACACTGAAGG	207.83144306578603	0.0	101.17408653264057	0.0	0.0	32.03360983847139	0.0	0.0	0.0	0.0	0.0	0.0	0.0	0.0	0.0	0.0	0.0	0.0	0.0	0.0	0.0	0.0	0.0	0.0	0.0	0.0	0.0
GSM4138112_HNSCC_2_PBMC_TGCCCTAGTAGCCTCG	0.0	0.0	0.0	0.0	185.86191514350088	17.453835359578783	31.811490492231414	0.0	0.0	41.26760948860568	0.0	0.0	0.0	0.0	0.0	0.0	0.0	0.0	0.0	0.0	0.0	0.0	0.0	0.0	0.0	86.50060769839672	0.0
GSM4138112_HNSCC_2_PBMC_TGCCCTAGTTTCGCTC	112.45124823939138	0.0	111.29652032132724	0.0	0.0	11.666348829009719	0.0	0.0	0.0	0.0	0.0	0.0	0.0	0.0	0.0	0.0	0.0	0.0	0.0	0.0	0.0	0.0	0.0	0.0	0.0	0.0	0.0
GSM4138112_HNSCC_2_PBMC_TGCGGGTTCACATACG	0.0	0.0	0.0	0.0	180.05935834346286	18.01729853697924	0.0	0.0	0.0	0.0	0.0	3.231978128949191	0.0	0.0	128.814837234537	31.26991436017159	0.0	0.0	0.0	0.0	0.0	0.0	0.0	0.0	0.0	0.0	0.0
GSM4138112_HNSCC_2_PBMC_TGGCGCATCTGCCCTA	57.43090684126601	8.632095116096712	0.0	0.0	0.0	0.0	0.0	0.0	0.0	0.0	11.781193019603254	0.0	0.0	0.0	0.0	63.47594984131924	0.0	0.0	0.0	26.37914151705037	0.0	0.0	0.0	0.0	0.0	0.0	0.0
GSM4138112_HNSCC_2_PBMC_TGGGAAGAGAAACGAG	120.74801546385152	93.50882207418822	29.71101032441717	0.0	0.0	26.556809864671013	0.0	0.0	0.0	0.0	0.0	0.0	0.0	0.0	0.0	0.0	0.0	0.0	0.0	0.0	0.0	0.0	0.0	0.0	0.0	0.0	0.0
GSM4138112_HNSCC_2_PBMC_TGGTTAGAGGCCGAAT	0.0	0.0	0.0	0.0	0.0	0.0	112.4785973622784	0.0	0.0	0.0	0.0	7.440345340947584	0.0	0.0	0.0	0.0	39.3207045472527	0.0	75.19088713971216	0.0	0.0	0.0	0.0	0.0	0.0	0.0	0.0
GSM4138112_HNSCC_2_PBMC_TGGTTAGCATTAACCG	103.18138602498037	36.130409975704936	43.500899474972776	0.0	5.269330898540752	0.0	0.0	0.0	0.0	0.0	0.0	14.729608847549908	0.0	0.0	0.0	0.0	0.0	0.0	0.0	0.0	0.0	0.0	0.0	0.0	0.0	0.0	0.0
GSM4138112_HNSCC_2_PBMC_TTAGGACTCTATCCTA	0.0	148.39613924960483	0.0	0.0	0.0	33.191996254471775	0.0	0.0	0.0	0.0	0.0	0.0	0.0	246.4941404425296	0.0	0.0	0.0	0.0	0.0	0.0	0.0	0.0	0.0	0.0	0.0	0.0	0.0
GSM4138112_HNSCC_2_PBMC_TTCCCAGCAAGTCATC	203.3165875142096	0.0	0.0	40.9906539111365	0.0	0.0	0.0	0.0	0.0	0.0	55.95497116402599	0.0	97.83407547702302	0.0	0.0	0.0	48.22300852971642	0.0	0.0	0.0	0.0	0.0	0.0	0.0	0.0	0.0	0.0
GSM4138112_HNSCC_2_PBMC_TTCGAAGAGGCTATCT	128.17813206123208	0.0	45.0188303141995	0.0	0.0	0.0	0.0	0.0	0.0	0.0	13.507654151690458	0.0	0.0	0.0	0.0	0.0	0.0	0.0	0.0	0.0	0.0	0.0	0.0	0.0	0.0	0.0	0.0
GSM4138112_HNSCC_2_PBMC_TTCTACATCCTCATTA	193.46215858318544	0.0	62.38819090858376	0.0	0.0	0.0	0.0	0.0	0.0	0.0	25.808628985117217	0.0	0.0	0.5617901998547098	39.071984870555994	55.70304676919728	0.0	0.0	0.0	6.542011800077843	0.0	0.0	0.0	0.0	0.0	0.0	0.0
GSM4138112_HNSCC_2_PBMC_TTCTCAAAGGCTCAGA	0.0	34.25406584956181	0.0	52.1514642931545	0.0	18.752604899529263	0.0	0.0	151.1497355806664	0.0	0.0	20.282072747626273	0.0	0.0	0.0	51.29364631509643	0.0	0.0	0.0	0.0	0.0	17.92818134722569	3.9958450459379136	0.0	0.0	0.0	0.0
GSM4138112_HNSCC_2_PBMC_TTGCCGTGTCAGATAA	109.31383312274106	89.97313981826399	0.0	0.0	0.0	7.520753917434211	0.0	0.0	0.0	0.0	0.0	0.0	0.0	0.0	0.0	0.0	0.0	0.0	0.0	0.0	0.0	0.0	0.0	0.0	0.0	0.0	0.0
GSM4138112_HNSCC_2_PBMC_TTGGAACCAGTCTTCC	0.0	0.0	0.0	0.0	0.0	0.0	132.38135314898392	0.0	0.20465883406252547	0.0	0.0	13.7762614225914	37.58443917036645	0.0	0.0	0.0	0.0	0.0	0.0	0.0	11.43476328196306	0.0	0.0	0.0	0.0	0.0	0.0
GSM4138112_HNSCC_2_PBMC_TTGGCAAAGATGTGGC	0.0	0.0	90.30222747181874	106.70428303539643	0.0	0.0	0.0	0.0	0.0	0.0	16.51435392211344	0.0	0.0	0.0	0.0	0.0	0.0	0.0	0.0	0.0	0.0	0.0	0.0	0.0	0.0	0.0	0.0
GSM4138112_HNSCC_2_PBMC_TTGGCAAGTTCCCTTG	157.63705471316828	40.06405216040325	55.1084153442848	0.0	0.0	22.931774945487355	0.0	0.0	0.0	0.0	0.0	0.0	0.0	0.0	0.0	0.0	0.0	0.0	0.0	0.0	0.0	0.0	0.0	0.0	0.0	0.0	0.0
GSM4138112_HNSCC_2_PBMC_TTTATGCGTACCTACA	0.0	0.0	24.50821366494041	83.86944741504898	0.0	7.631163436657796	0.0	0.0	0.0	0.0	0.0	0.0	0.0	0.0	0.0	7.950589620416925	27.739542499555373	0.0	0.0	0.0	0.0	0.0	0.0	0.0	0.0	0.0	0.0
GSM4138112_HNSCC_2_PBMC_TTTGTCATCCGTACAA	148.34846710797677	0.0	113.41579734671043	0.0	0.0	40.669545066768386	0.0	0.0	0.0	0.0	0.0	0.0	0.0	0.0	0.0	0.0	0.0	0.0	0.0	0.0	0.0	0.0	0.0	0.0	0.0	0.0	0.0
GSM4138112_HNSCC_2_PBMC_AAATGCCTCCGTTGTC	0.0	0.0	153.02191275257437	0.0	0.0	0.0	326.11094480805906	0.0	0.0	58.37474121024397	47.86871369523286	0.0	0.0	0.0	0.0	0.0	0.0	0.0	0.0	0.0	0.0	0.0	0.0	0.0	0.0	0.0	0.0
GSM4138112_HNSCC_2_PBMC_AACACGTCACACGCTG	382.0630403848373	228.38433073435482	0.0	0.0	0.0	59.529569979141954	0.0	0.0	0.0	0.0	0.0	0.0	0.0	0.0	0.0	0.0	0.0	0.0	0.0	0.0	0.0	0.0	0.0	0.0	0.0	0.0	0.0
GSM4138112_HNSCC_2_PBMC_AACTCTTCATGAACCT	227.43812798563764	0.0	0.0	0.0	0.0	59.55075061120261	0.0	0.0	0.0	0.0	0.0	0.0	0.0	0.0	0.0	0.0	157.45750296464388	0.0	0.0	0.0	0.0	0.0	10.128566977789157	0.0	0.0	0.0	0.0
GSM4138112_HNSCC_2_PBMC_AACTCTTTCGCATGGC	395.6775969604254	120.21092656778207	82.31696105544277	0.0	0.0	2.8796878702151365	0.0	0.0	0.0	0.0	0.0	43.520966513731665	0.0	0.0	0.0	0.0	0.0	0.0	0.0	0.0	0.0	0.0	0.0	0.0	0.0	0.0	0.0
GSM4138112_HNSCC_2_PBMC_AAGACCTCAACTGCGC	224.79113435836027	266.0824270217811	0.0	0.0	80.36626749414133	0.0	0.0	0.0	0.0	0.0	0.0	45.74698507127192	0.0	0.0	0.0	0.0	0.0	0.0	0.0	0.0	0.0	0.0	0.0	0.0	0.0	0.0	0.0
GSM4138112_HNSCC_2_PBMC_AAGCCGCCACGCCAGT	3.5840784658591596	0.0	0.0	0.0	219.9507582592758	0.0	0.0	0.0	0.0	234.01851637779583	0.0	40.28699285209397	0.0	0.0	0.0	0.0	0.0	0.0	0.0	0.0	0.0	0.0	0.0	0.0	0.0	0.0	0.0
GSM4138112_HNSCC_2_PBMC_AAGCCGCGTGCGGTAA	0.0	131.24567026966764	4.826320828540082	34.92911312357783	0.0	0.0	0.0	0.0	233.62687010783517	2.014052683175411	0.0	37.24526887807517	0.0	0.0	0.0	0.0	0.0	0.0	0.0	0.0	0.0	0.0	0.0	0.0	0.0	0.0	0.0
GSM4138112_HNSCC_2_PBMC_AAGGTTCGTGTAAGTA	92.2312452726922	39.400545386149936	0.0	0.0	0.0	0.0	48.99160249196556	0.0	0.0	0.0	37.86122580650309	0.0	0.0	0.0	0.0	0.0	0.0	0.0	0.0	0.0	0.0	0.0	0.0	0.0	71.8521358913592	0.0	0.0
GSM4138112_HNSCC_2_PBMC_ACGAGCCAGAGGTTGC	0.0	0.0	0.0	168.19543489477633	0.0	0.0	105.50504517671975	0.0	0.0	0.0	0.0	38.451572033978415	0.0	0.0	0.0	188.94008282497776	0.0	0.0	0.0	0.0	0.0	0.0	0.0	0.0	0.0	0.0	0.0
GSM4138112_HNSCC_2_PBMC_ACTGCTCGTCTCCCTA	248.82382900821884	109.78398593409429	118.00579335872268	0.0	0.0	42.93406605651335	0.0	0.0	0.0	0.0	0.0	0.0	0.0	0.0	0.0	0.0	0.0	0.0	0.0	0.0	0.0	0.0	0.0	0.0	0.0	0.0	0.0
GSM4138112_HNSCC_2_PBMC_ACTGCTCTCTGCCCTA	0.0	146.76827170073682	59.102644993195995	0.0	0.0	61.47933324298519	323.4555809580433	0.0	0.0	0.0	0.0	0.0	0.0	40.67974352543554	0.0	0.0	0.0	0.0	0.0	0.0	0.0	0.0	0.0	0.0	0.0	0.0	0.0
GSM4138112_HNSCC_2_PBMC_ACTTACTCAATTGCTG	241.76839548258897	122.22110207802014	49.82999922599005	0.0	0.0	0.0	0.0	0.0	0.0	0.0	0.0	35.75925270445247	0.0	0.0	0.0	0.0	0.0	0.0	0.0	0.0	0.0	0.0	0.0	0.0	0.0	0.0	0.0
GSM4138112_HNSCC_2_PBMC_AGCAGCCCAAACTGCT	0.0	129.969654437549	0.0	287.42190249778986	0.0	0.0	0.0	0.0	0.0	0.0	0.0	30.30634168305784	0.0	0.0	0.0	0.0	0.0	0.0	0.0	0.0	0.0	0.0	0.0	0.0	0.0	0.0	0.0
GSM4138112_HNSCC_2_PBMC_AGCGTCGCAAATACAG	41.97918893993276	8.819965389696137	136.5199777032798	0.0	0.0	42.43003847412596	0.0	0.0	0.0	0.0	0.0	0.37772545463378937	0.0	0.0	0.0	0.0	0.0	0.0	0.0	295.63875895771326	0.0	0.0	0.0	0.0	0.0	0.0	0.0
GSM4138112_HNSCC_2_PBMC_AGTTGGTGTACTTGAC	0.0	15.391977054058405	119.45159140534676	0.0	0.0	0.0	156.471659616047	0.0	0.0	0.0	0.0	49.81175673663057	0.0	0.0	0.0	0.0	0.0	0.0	0.0	0.0	0.0	0.0	0.0	0.0	0.0	0.0	0.0
GSM4138112_HNSCC_2_PBMC_ATCCGAATCTGCTTGC	94.08909987198211	168.3497542543334	0.0	0.0	0.0	0.0	0.0	0.0	140.32770173698304	0.0	0.0	34.12113988792923	0.0	0.0	0.0	0.0	0.0	0.0	0.0	89.14817516137073	0.0	0.0	0.0	0.0	0.0	0.0	0.0
GSM4138112_HNSCC_2_PBMC_ATCGAGTTCTGGAGCC	255.7522588312519	140.1132572453558	52.48559091339742	0.0	0.0	0.0	0.0	0.0	0.0	0.0	0.0	54.31167430790266	0.0	0.0	0.0	0.0	0.0	0.0	0.0	6.805532037770853	0.0	0.0	0.0	0.0	0.0	0.0	0.0
GSM4138112_HNSCC_2_PBMC_ATGAGGGCATCTATGG	0.0	0.0	0.0	36.05758460759945	0.0	0.0	0.0	0.0	252.54947897201038	0.0	0.0	56.516604566213275	0.0	0.0	0.0	276.7849508458861	0.0	0.0	0.0	0.0	0.0	0.0	0.0	0.0	0.0	0.0	0.0
GSM4138112_HNSCC_2_PBMC_ATTACTCGTTGGTTTG	182.13813602431793	0.0	209.29108519783833	0.0	31.581612085944993	44.62790942614537	0.0	0.0	0.0	0.0	0.0	0.0	0.0	0.0	0.0	0.0	0.0	0.0	0.0	0.0	0.0	0.0	0.0	0.0	0.0	0.0	0.0
GSM4138112_HNSCC_2_PBMC_ATTCTACCAGACTCGC	262.62792644683174	0.0	186.72943140501292	0.0	0.0	0.0	0.0	0.0	55.01793267539711	0.0	0.0	36.51640120344298	0.0	0.0	0.0	0.0	0.0	0.0	0.0	0.0	0.0	0.0	0.0	0.0	0.0	0.0	0.0
GSM4138112_HNSCC_2_PBMC_ATTGGTGCAGTAAGCG	261.25746767023315	194.76643137408325	0.0	0.0	0.0	4.4751936204578815	0.0	0.0	0.0	0.0	0.0	27.22893951921296	0.0	0.0	0.0	0.0	0.0	0.0	0.0	0.0	0.0	0.0	0.0	0.0	0.0	0.0	0.0
GSM4138112_HNSCC_2_PBMC_CAACTAGTCTAGCACA	78.89031984218539	71.75557339186834	34.167398042386864	6.215815621486182	0.0	0.0	0.0	0.0	106.9063265057418	0.0	0.0	22.55531468269064	0.0	0.0	0.0	0.0	0.0	0.0	0.0	0.0	0.0	0.0	0.0	0.0	0.0	0.0	0.0
GSM4138112_HNSCC_2_PBMC_CACATAGAGTTCGCAT	251.00807236383605	0.0	111.81393597273042	0.0	0.0	0.0	0.0	0.0	0.0	25.502213723922367	0.0	31.45674720217627	0.0	0.0	0.0	0.0	0.0	0.0	0.0	0.0	0.0	0.0	0.0	0.0	0.0	0.0	0.0
GSM4138112_HNSCC_2_PBMC_CAGCGACAGCCACGTC	138.03814156892463	0.0	0.0	127.13331037879087	0.0	57.15981235640693	0.0	0.0	0.0	0.0	0.0	0.0	61.68902327006359	0.0	0.0	0.0	0.0	0.0	0.0	0.0	70.48488969764621	0.0	0.0	0.0	0.0	0.0	0.0
GSM4138112_HNSCC_2_PBMC_CAGCTAACAAGGCTCC	361.4519257767631	0.0	0.0	0.0	0.0	51.43179982242181	0.0	0.0	0.0	0.0	0.0	0.0	0.0	0.0	0.0	0.0	194.17939148425765	0.0	0.0	0.0	0.0	0.0	0.0	0.0	0.0	0.0	0.0
GSM4138112_HNSCC_2_PBMC_CATATTCTCATAACCG	0.0	174.14579531004227	67.74825601009044	0.0	395.348494155145	0.0	0.0	0.0	0.0	0.0	38.27189866141168	0.0	0.0	0.0	0.0	0.0	0.0	0.0	0.0	0.0	0.0	0.0	0.0	0.0	0.0	0.0	0.0
GSM4138112_HNSCC_2_PBMC_CATGGCGTCGCACTCT	199.2731087334614	0.0	57.01345459167059	0.0	0.0	0.0	0.0	0.0	0.0	98.62850117809343	0.0	28.62248155754201	0.0	0.0	0.0	0.0	0.0	0.0	0.0	0.0	0.0	0.0	0.0	0.0	0.0	0.0	0.0
GSM4138112_HNSCC_2_PBMC_CATTATCCAGTCGATT	145.07204253445815	164.31493059312007	0.0	0.0	113.71848643267418	0.0	0.0	0.0	0.0	0.0	33.352347895055786	7.704317171902134	0.0	0.0	0.0	0.0	0.0	0.0	0.0	0.0	0.0	0.0	0.0	0.0	0.0	0.0	0.0
GSM4138112_HNSCC_2_PBMC_CATTATCGTACGAAAT	246.41357587623418	58.88647251848856	11.767175660614257	0.0	0.0	17.10118654637837	0.0	0.0	0.0	0.0	0.0	29.04851618323001	0.0	0.0	0.0	0.0	0.0	0.0	54.56492280358512	16.392367367939304	5.085978976388789	0.0	0.0	0.0	0.0	0.0	0.0
GSM4138112_HNSCC_2_PBMC_CATTATCTCGTTTGCC	0.0	0.0	0.0	0.0	0.0	8.993196376209012	0.0	77.5204066744685	0.0	0.0	0.0	0.0	0.0	0.0	0.0	0.0	20.276540816816574	49.300583050855906	0.0	0.0	0.0	0.0	0.0	0.0	0.0	0.0	0.0
GSM4138112_HNSCC_2_PBMC_CCCAATCAGGAGCGAG	70.37693303753684	0.0	31.21250354829265	0.0	62.10053424102623	0.0	0.0	0.0	0.0	32.89644547590841	14.98973235008793	0.0	0.0	0.0	0.0	0.0	0.0	0.0	0.0	0.0	0.0	0.0	0.0	0.0	0.0	0.0	0.0
GSM4138112_HNSCC_2_PBMC_CCGGGATTCTCGTTTA	69.3285367327826	61.198287439194196	12.56410572691899	0.0	37.95633660271034	0.0	0.0	0.0	0.0	0.0	16.166801581566702	0.0	0.0	0.0	0.0	0.0	0.0	0.0	0.0	0.0	0.0	0.0	0.0	0.0	0.0	0.0	0.0
GSM4138112_HNSCC_2_PBMC_CCTAGCTCACAGAGGT	280.10609693277746	204.71291970871468	0.0	0.0	0.0	35.78758988837436	0.0	0.0	0.0	0.0	10.495398220063228	0.0	0.0	0.0	0.0	0.0	0.0	0.0	0.0	0.0	0.0	0.0	0.0	0.0	0.0	0.0	0.0
GSM4138112_HNSCC_2_PBMC_CCTATTATCTCAACTT	70.30658074744616	0.0	0.0	0.0	0.0	43.30280961299087	143.16842167624225	0.0	0.0	0.0	0.0	0.0	0.0	0.0	0.0	0.0	41.367251555059845	0.0	0.0	0.0	154.44781874160302	0.0	20.16642196320646	0.0	0.0	0.0	0.0
GSM4138112_HNSCC_2_PBMC_CCTCAGTAGACTGTAA	227.88855709438943	148.72597954583046	18.86295448703127	0.0	0.0	0.0	0.0	0.0	0.0	0.0	0.0	33.418699291425256	0.0	0.0	0.0	0.0	0.0	0.0	0.0	0.0	0.0	0.0	0.0	0.0	0.0	0.0	0.0
GSM4138112_HNSCC_2_PBMC_CCTTTCTGTCTAAACC	321.2439812734534	144.9368917188434	0.0	0.0	0.0	0.0	0.0	0.0	0.0	0.0	0.0	40.66747839443144	0.0	0.0	0.0	0.0	0.0	0.0	0.0	0.0	0.0	0.0	0.0	0.0	0.0	0.0	0.0
GSM4138112_HNSCC_2_PBMC_CGACCTTAGGTGCTTT	296.4562250187238	0.0	169.58839616974495	0.0	0.0	0.0	0.0	0.0	0.0	0.0	0.0	32.55206287556193	0.0	0.0	0.0	0.0	0.0	0.0	0.0	0.0	0.0	0.0	0.0	0.0	0.0	0.0	0.0
GSM4138112_HNSCC_2_PBMC_CGAGAAGTCGAGCCCA	0.0	74.07386136985677	87.39494121223535	0.0	0.0	47.05751353456159	352.95485820772365	0.0	0.0	0.0	0.0	0.0	0.0	0.0	0.0	0.0	0.0	0.0	0.0	0.0	0.0	0.0	0.0	0.0	0.0	0.0	0.0
GSM4138112_HNSCC_2_PBMC_CGATGTACAACTGCTA	256.478560653349	93.86206346008518	0.0	0.0	0.0	32.27531246266507	0.0	0.0	0.0	78.99229371624995	0.0	0.0	0.0	0.0	0.0	0.0	9.185293604330052	0.0	0.0	0.0	0.0	0.0	0.0	0.0	0.0	0.0	0.0
GSM4138112_HNSCC_2_PBMC_CGGACACCAGAGTGTG	293.51859895182105	125.64676923236227	62.081339140099715	0.0	0.0	0.0	0.0	0.0	0.0	0.0	16.094586701449913	27.398146289250366	0.0	0.0	0.0	0.0	0.0	0.0	0.0	0.0	0.0	0.0	0.0	0.0	0.0	0.0	0.0
GSM4138112_HNSCC_2_PBMC_CGTTAGAAGATATACG	0.0	35.04422021488107	183.72766320960548	0.0	0.0	1.8421218600088884	328.04853032267266	0.0	0.0	0.0	26.24741650060717	14.395874256222696	0.0	0.0	0.0	0.0	0.0	0.0	0.0	0.0	0.0	0.0	0.0	0.0	0.0	0.0	0.0
GSM4138112_HNSCC_2_PBMC_CGTTCTGCATCCTAGA	205.75308628657112	0.0	65.35646622451962	0.0	4.899354961101312	23.55049193215015	0.0	0.0	0.0	0.0	0.0	0.0	0.0	0.0	0.0	0.0	0.0	0.0	0.0	0.0	0.0	0.0	0.0	0.0	0.0	0.0	0.0
GSM4138112_HNSCC_2_PBMC_CTACACCTCCTGTACC	336.2965517316035	263.2816400043944	0.0	0.0	0.0	0.0	0.0	0.0	0.0	0.0	42.21972263357603	0.0	0.0	0.0	0.0	0.0	0.0	0.0	0.0	0.0	0.0	0.0	0.0	0.0	0.0	0.0	0.0
GSM4138112_HNSCC_2_PBMC_CTACGTCCAAATCCGT	167.2881540255598	0.0	45.317226496943974	0.0	30.54047838610704	0.0	0.0	0.0	0.0	0.0	35.0913877046357	0.0	108.52234296416523	0.0	0.0	0.0	0.0	0.0	0.0	0.0	0.0	0.0	0.0	0.0	0.0	0.0	0.0
GSM4138112_HNSCC_2_PBMC_CTCGAAAGTCCATCCT	0.0	159.72317283042202	0.0	60.43291295164031	0.0	10.326276431787903	0.0	0.0	75.11752299080389	0.0	0.9161377957299454	10.916258766187884	0.0	0.0	0.0	0.0	0.0	0.0	0.0	0.0	0.0	0.0	0.0	0.0	0.0	0.0	0.0
GSM4138112_HNSCC_2_PBMC_CTCGGGATCTAACTGG	236.77348780537753	92.62445148702115	0.0	0.0	0.0	0.0	0.0	0.0	0.0	74.68514555624868	0.0	38.456275111823814	0.0	0.0	0.0	0.0	0.0	0.0	0.0	0.0	0.0	0.0	0.0	0.0	0.0	0.0	0.0
GSM4138112_HNSCC_2_PBMC_CTCTGGTAGACAAGCC	269.32774915363484	72.14791954185732	94.81101470766427	0.0	0.0	3.4842473125019247	0.0	0.0	0.0	0.0	40.246400678501836	0.0	0.0	0.0	0.0	0.0	0.0	36.45844079770692	0.0	0.0	0.0	0.0	0.0	0.0	0.0	0.0	0.0
GSM4138112_HNSCC_2_PBMC_CTGCTGTAGTGCGTGA	211.8990431505063	69.94995195268275	12.122075915326187	15.195906823386817	0.0	34.472202609068425	0.0	0.0	0.0	0.0	0.0	0.0	0.0	0.0	19.615077069146636	70.51412455902835	0.0	0.0	0.0	0.0	0.0	0.0	0.0	0.0	0.0	0.0	0.0
GSM4138112_HNSCC_2_PBMC_CTGGTCTGTTGGGACA	72.6928116628947	142.37082080999903	0.0	79.7320973953315	0.0	0.0	0.0	0.0	0.0	0.0	25.851853750286345	0.0	0.0	0.0	0.0	0.0	0.0	0.0	0.0	0.0	0.0	0.0	0.0	0.0	0.0	0.0	0.0
GSM4138112_HNSCC_2_PBMC_CTTAGGAGTTCGGGCT	132.8576964698308	0.0	0.0	0.0	34.0366965707294	0.0	0.0	0.0	0.0	113.10323335460015	38.29725510265435	0.0	0.0	0.0	0.0	0.0	0.0	0.0	0.0	0.0	0.0	0.0	0.0	0.0	0.0	0.0	0.0
GSM4138112_HNSCC_2_PBMC_CTTAGGATCACTATTC	82.41031436705192	104.51335924963001	0.0	0.0	49.83964791881933	0.0	0.0	0.0	18.44746581411778	0.0	1.744192556546455	17.557358962532806	0.0	0.0	0.0	0.0	0.0	0.0	0.0	0.0	0.0	0.0	0.0	0.0	0.0	0.0	0.0
GSM4138112_HNSCC_2_PBMC_CTTTGCGAGGTAGCCA	236.49443994445045	12.444117500573743	14.779563732451763	0.0	0.0	0.0	0.0	0.0	0.0	121.11572392987294	0.0	39.74978761340585	0.0	0.0	0.0	0.0	0.0	0.0	0.0	0.0	0.0	0.0	0.0	0.0	0.0	0.0	0.0
GSM4138112_HNSCC_2_PBMC_GAAATGAGTTATGTGC	56.8531999101305	128.4705977871992	0.0	0.0	0.0	64.28753226228007	0.0	0.0	221.47122103554622	0.0	0.0	0.0	0.0	0.0	0.0	0.0	0.0	0.0	0.0	0.0	71.43438176580486	0.0	0.0	0.0	0.0	0.0	0.0
GSM4138112_HNSCC_2_PBMC_GAACATCTCACCGTAA	282.6800380010452	199.90579738798635	0.0	0.0	0.0	13.101883603726824	0.0	0.0	0.0	0.0	45.96322713048028	0.0	0.0	0.0	0.0	0.0	0.0	0.0	0.0	0.0	0.0	0.0	0.0	0.0	0.0	0.0	0.0
GSM4138112_HNSCC_2_PBMC_GACCAATGTCTGGTCG	0.0	105.5434843942353	66.8207259462471	274.79312865703605	0.0	0.0	0.0	0.0	0.0	0.0	58.66888272820916	0.0	0.0	34.122711984404965	0.0	0.0	0.0	0.0	0.0	0.0	0.0	0.0	0.0	0.0	0.0	0.0	0.0
GSM4138112_HNSCC_2_PBMC_GACCTGGTCATCACCC	199.57743956524718	0.0	20.867299423176252	0.0	24.89115689352838	0.0	0.0	0.0	0.0	0.0	0.0	24.838316249594488	0.0	0.0	196.20775183949524	0.0	0.0	0.0	0.0	0.0	0.0	0.0	0.0	0.0	0.0	0.0	0.0
GSM4138112_HNSCC_2_PBMC_GACTACACAACTGGCC	268.5646091020225	0.0	0.0	0.0	0.0	37.985982006050165	0.0	0.0	0.0	0.0	0.0	23.834255295496007	0.0	0.0	0.0	0.0	0.0	0.0	281.82376860590307	0.0	0.0	0.0	0.0	0.0	0.0	0.0	0.0
GSM4138112_HNSCC_2_PBMC_GATGCTACAACTGCGC	113.81045362674965	71.04572084803942	0.0	0.0	0.0	18.61770139095414	0.0	0.0	0.0	0.0	0.0	0.0	0.0	0.0	0.0	0.0	0.0	0.0	0.0	13.635191581852897	0.0	0.0	0.0	0.0	0.0	0.0	0.0
GSM4138112_HNSCC_2_PBMC_GCACTCTGTGCATCTA	0.0	0.0	0.0	0.0	408.7604964017343	0.0	0.0	0.0	0.0	0.0	0.0	52.97047134930137	0.0	0.0	275.0820085983765	0.0	0.0	0.0	0.0	0.0	0.0	0.0	0.0	0.0	0.0	0.0	0.0
GSM4138112_HNSCC_2_PBMC_GCAGCCACATGTAGTC	0.0	0.0	131.81873435528178	200.39029589227928	0.0	19.507276888474298	0.0	0.0	0.0	0.0	0.0	21.083311500676576	0.0	0.0	0.0	0.0	0.0	0.0	0.0	0.0	0.0	0.0	0.0	0.0	0.0	0.0	0.0
GSM4138112_HNSCC_2_PBMC_GCAGCCAGTTGGACCC	248.6180853768754	171.81936302917913	0.0	0.0	0.0	34.28544251545261	0.0	0.0	0.0	0.0	0.0	0.0	0.0	0.0	0.0	0.0	0.0	0.0	0.0	0.0	0.0	0.0	0.0	0.0	14.65292237520823	0.0	0.0
GSM4138112_HNSCC_2_PBMC_GCATGCGAGATGTCGG	277.05036129925884	0.0	0.0	0.0	0.0	0.0	0.0	0.0	0.0	205.2099710720055	34.46339247862558	0.0	0.0	0.0	0.0	0.0	0.0	0.0	0.0	0.0	0.0	0.0	0.0	0.0	0.0	0.0	0.0
GSM4138112_HNSCC_2_PBMC_GCATGCGAGTTTGCGT	130.92238065356398	50.8200871905822	0.0	0.0	0.0	18.426568642920238	0.0	0.0	161.51770342205143	0.0	0.0	13.293709594362108	0.0	0.0	0.0	0.0	0.0	0.0	189.64627129794823	0.0	0.0	0.0	0.0	0.0	0.0	0.0	0.0
GSM4138112_HNSCC_2_PBMC_GCATGCGTCCTTGCCA	0.0	136.26277533175104	0.0	180.9209099202498	0.0	0.0	67.56310796454743	0.0	0.0	0.0	0.0	21.984565901406814	0.0	0.0	0.0	0.0	0.0	0.0	0.0	0.0	0.0	0.0	0.0	0.0	0.0	0.0	0.0
GSM4138112_HNSCC_2_PBMC_GCGGGTTTCCAGGGCT	336.6922059271534	0.0	23.90094293061772	0.0	0.0	0.0	0.0	0.0	0.0	169.35398487165412	0.0	27.480444978634736	0.0	0.0	0.0	0.0	0.0	0.0	0.0	0.0	0.0	0.0	0.0	0.0	0.0	0.0	0.0
GSM4138112_HNSCC_2_PBMC_GCTGCGATCAGCGATT	294.57306815057484	0.0	0.0	0.0	0.0	0.0	0.0	0.0	0.0	159.4630369091895	0.0	25.99242319360521	0.0	0.0	0.0	0.0	0.0	0.0	0.0	0.0	0.0	0.0	0.0	0.0	0.0	0.0	0.0
GSM4138112_HNSCC_2_PBMC_GCTGCGATCTGCTGCT	70.24422174176975	0.0	0.0	235.11273014701266	0.0	0.0	0.0	0.0	0.0	0.0	0.0	67.62811112682171	0.0	0.0	0.0	289.9855970431072	0.0	0.0	0.0	0.0	0.0	0.0	0.0	0.0	0.0	0.0	0.0
GSM4138112_HNSCC_2_PBMC_GCTTCCATCTCGAGTA	243.32339502049808	80.61029015874324	82.06675909201037	0.0	0.0	48.54688910786582	0.0	0.0	0.0	0.0	0.0	0.0	0.0	0.0	0.0	0.0	0.0	0.0	0.0	0.0	0.0	0.0	0.0	0.0	0.0	0.0	0.0
GSM4138112_HNSCC_2_PBMC_GGACATTCAAGCTGTT	155.50483544961318	79.8332419357124	0.0	0.0	0.0	0.0	0.0	0.0	0.0	3.828178887833396	19.2279664854058	0.0	0.0	0.0	0.0	0.0	0.0	0.0	0.0	0.0	0.0	0.0	0.0	0.0	0.0	0.0	0.0
GSM4138112_HNSCC_2_PBMC_GGAGCAAGTCTGCCAG	220.95570099556448	171.99707272863867	0.0	0.0	0.0	63.77145308041389	0.0	0.0	0.0	0.0	0.0	0.0	0.0	0.0	0.0	0.0	0.0	0.0	0.0	0.0	0.0	0.0	0.0	0.0	0.0	0.0	0.0
GSM4138112_HNSCC_2_PBMC_GGATGTTGTGACGCCT	222.38036270416828	162.71371344673688	0.0	0.0	0.0	0.0	0.0	0.0	0.0	0.0	0.0	33.932689943565926	0.0	0.0	0.0	0.0	0.0	0.0	0.0	0.0	0.0	0.0	0.0	0.0	0.0	0.0	0.0
GSM4138112_HNSCC_2_PBMC_GGATTACGTCGACTGC	0.0	105.00520888978535	1.1227042275827719	0.0	0.0	24.897715388926308	0.0	183.11575336184612	0.0	0.0	0.0	0.0	0.0	0.0	0.0	0.0	0.0	0.0	0.0	0.0	0.0	0.0	0.0	0.0	0.0	0.0	0.0
GSM4138112_HNSCC_2_PBMC_GGCCGATAGACGACGT	294.44109774089435	149.12731338785474	1.9418978181992486	0.0	0.0	0.0	0.0	0.0	0.0	0.0	0.0	43.229825832811564	0.0	0.0	0.0	0.0	0.0	0.0	0.0	0.0	0.0	0.0	0.0	0.0	0.0	0.0	0.0
GSM4138112_HNSCC_2_PBMC_GTAACTGTCTACGAGT	196.4068732196219	28.55585973158358	107.54412859658333	0.0	0.0	41.56058827508919	0.0	0.0	3.540584050642572	0.0	0.0	2.433046321033876	0.0	0.0	0.0	3.06495702466902	0.0	0.0	0.0	0.0	0.0	0.0	0.0	0.0	0.0	0.0	0.0
GSM4138112_HNSCC_2_PBMC_GTACGTAGTTCCTCCA	37.71313802174362	50.03767027323395	0.0	0.0	276.2284302865261	0.0	0.0	0.0	0.0	102.26429105661202	0.0	37.30288777277128	0.0	0.0	0.0	0.0	0.0	0.0	0.0	0.0	0.0	0.0	0.0	0.0	0.0	0.0	0.0
GSM4138112_HNSCC_2_PBMC_GTCAAGTTCGGCGGTT	203.13279772136983	0.0	118.92055618698308	0.0	0.0	0.0	0.0	0.0	0.0	0.0	0.0	27.09268873804551	0.0	0.0	0.0	0.0	0.0	0.0	0.0	0.0	0.0	0.0	0.0	0.0	0.0	0.0	0.0
GSM4138112_HNSCC_2_PBMC_GTCACAATCGGTGTCG	0.0	163.4566380628763	5.010667603006232	240.3890873142109	0.0	0.0	0.0	0.0	0.0	0.0	0.0	35.39600031973413	0.0	0.0	0.0	0.0	0.0	0.0	0.0	0.0	0.0	0.0	0.0	0.0	0.0	0.0	0.0
GSM4138112_HNSCC_2_PBMC_GTCACGGAGGCTAGCA	254.61062830157238	0.0	0.0	0.0	0.0	0.0	0.0	0.0	0.0	0.0	32.651858381902315	0.0	0.0	0.0	0.0	0.0	0.0	0.0	71.87626838588197	0.0	164.3391759527683	0.0	0.0	0.0	0.0	0.0	0.0
GSM4138112_HNSCC_2_PBMC_GTGCATAAGTTAACGA	254.08650977820093	0.0	0.0	12.22844043254925	0.0	37.534440916147425	0.0	0.0	0.0	0.0	0.0	0.0	0.0	0.0	0.0	187.47809238754698	0.0	0.0	0.0	0.0	0.0	0.0	0.0	0.0	0.0	0.0	0.0
GSM4138112_HNSCC_2_PBMC_GTTTCTAAGGCATTGG	127.64426216487512	0.0	0.0	0.0	0.7535480925753686	26.353688500547914	0.0	0.0	0.0	0.0	0.0	0.0	0.0	0.0	0.0	89.66912695711831	0.0	0.0	0.0	0.0	0.0	0.0	0.0	0.0	0.0	0.0	0.0
GSM4138112_HNSCC_2_PBMC_GTTTCTATCTCTAAGG	675.0439082434168	223.00932013490217	133.44211680067716	0.0	0.0	97.42900797462717	0.0	0.0	0.0	0.0	0.0	0.0	0.0	0.0	0.0	0.0	0.0	0.0	0.0	0.0	0.0	0.0	0.0	0.0	0.0	0.0	0.0
GSM4138112_HNSCC_2_PBMC_TAAGCGTTCGGCGCAT	17.8639472062864	0.0	0.0	0.0	56.63306355993956	0.0	0.0	0.0	43.38834321963224	0.0	7.739494918374323	1.0450670922581575	0.0	0.0	0.0	0.0	0.0	0.0	125.44887823006275	0.0	0.0	0.0	0.0	0.0	0.0	0.0	0.0
GSM4138112_HNSCC_2_PBMC_TAAGTGCCATCAGTCA	251.77652922828193	93.15306662210484	81.75544264567952	13.341087899452459	0.0	0.0	2.3782034010669255	0.0	0.0	0.0	48.82555846247996	0.0	0.0	0.0	0.0	0.0	0.0	0.0	0.0	0.0	0.0	0.0	0.0	0.0	0.0	0.0	0.0
GSM4138112_HNSCC_2_PBMC_TACACGAAGGAGTACC	285.5377745868271	0.0	157.12923833756912	0.0	0.0	0.0	0.0	0.0	0.0	0.0	0.0	39.5838290907871	0.0	0.0	0.0	0.0	0.0	0.0	0.0	0.0	0.0	0.0	0.0	0.0	0.0	0.0	0.0
GSM4138112_HNSCC_2_PBMC_TACTTGTGTCGAAAGC	237.06648392955552	108.24905696574291	0.0	0.0	0.0	0.0	0.0	0.0	0.0	97.88054834909585	0.0	33.787274697518455	0.0	0.0	0.0	0.0	0.0	0.0	0.0	0.0	0.0	0.0	0.0	0.0	0.0	0.0	0.0
GSM4138112_HNSCC_2_PBMC_TCACAAGAGTCCGGTC	144.10502987092406	162.02456858071662	0.0	0.0	0.0	0.0	0.0	0.0	79.48386189010932	0.0	60.71959853263214	0.0	0.0	0.0	0.0	0.0	0.0	0.0	0.0	0.0	0.0	0.0	0.0	0.0	0.0	0.0	0.0
GSM4138112_HNSCC_2_PBMC_TCAGCTCGTGTATGGG	0.0	105.53534354758432	29.649022845688737	0.0	0.0	45.91544410331921	212.24848826449576	0.0	0.0	0.0	0.0	0.0	0.0	0.0	0.0	0.0	0.0	0.0	0.0	0.0	0.0	0.0	56.279075093515196	0.0	0.0	0.0	0.0
GSM4138112_HNSCC_2_PBMC_TCGCGAGCACCGAAAG	205.86508911337316	189.9261889523561	0.0	0.0	0.0	41.42268289747294	0.0	0.0	0.0	0.0	0.0	0.0	0.0	0.0	0.0	0.0	0.0	0.0	0.0	0.0	0.0	0.0	0.0	0.0	0.0	0.0	0.0
GSM4138112_HNSCC_2_PBMC_TCGCGTTCAAGTACCT	297.38608439225175	125.26673194857075	50.129898400249175	0.0	0.0	18.588204410393665	0.0	0.0	0.0	0.0	0.0	16.00891974293237	0.0	0.0	0.0	0.0	0.0	0.0	0.0	0.0	0.0	0.0	0.0	0.0	0.0	0.0	0.0
GSM4138112_HNSCC_2_PBMC_TGGACGCTCTTTAGGG	200.21236721346096	89.64448248327035	98.30414743452046	18.056682056348606	0.0	58.71068112772512	0.0	0.0	0.0	0.0	0.0	0.0	0.0	0.0	0.0	0.0	0.0	0.0	0.0	0.0	0.0	0.0	0.0	0.0	0.0	0.0	0.0
GSM4138112_HNSCC_2_PBMC_TGGGAAGTCACATGCA	237.9231025063941	0.0	43.66882885282002	0.0	0.0	0.0	0.0	0.0	0.0	0.0	54.660115039399074	0.0	0.0	0.0	0.0	97.48143221465492	0.0	106.72168333009276	0.0	0.0	0.0	0.0	0.0	0.0	0.0	0.0	0.0
GSM4138112_HNSCC_2_PBMC_TGGTTAGTCCAACCAA	267.26111838445325	0.0	236.4440922971036	0.0	0.0	0.0	0.0	0.0	0.0	0.0	52.15659234058764	0.0	0.0	0.0	0.0	0.0	0.0	0.0	0.0	0.0	0.0	0.0	0.0	0.0	0.0	0.0	0.0
GSM4138112_HNSCC_2_PBMC_TTCTCAAAGTGAAGTT	0.0	105.88330543575813	0.0	140.54803798415904	0.0	0.0	28.682682631466623	0.0	0.0	0.0	0.0	21.06918847970066	0.0	0.0	0.0	0.0	0.0	0.0	0.0	0.0	0.0	0.0	0.0	0.0	0.0	0.0	0.0
GSM4138112_HNSCC_2_PBMC_TTCTCAACAATAGAGT	282.78380723142214	0.0	132.75302397231667	0.0	0.0	0.0	0.0	0.0	0.0	132.3671660253948	0.0	39.37446177098845	0.0	0.0	0.0	0.0	0.0	0.0	0.0	0.0	0.0	0.0	0.0	0.0	0.0	0.0	0.0
GSM4138112_HNSCC_2_PBMC_TTTATGCCATTTGCTT	0.0	122.53270684705934	0.0	0.0	0.0	27.298848096789545	0.0	0.0	0.0	0.0	0.0	0.0	0.0	0.0	0.0	0.0	0.0	0.0	0.0	237.55041300937268	0.0	0.0	0.0	0.0	0.0	0.0	0.0
GSM4138112_HNSCC_2_PBMC_GGACATTAGCAATATG	85.84023650328677	97.95512229019344	0.0	0.0	0.0	0.0	0.0	0.0	0.0	0.0	0.0	21.29333817431567	0.0	0.0	0.0	0.0	0.0	0.0	0.0	0.0	0.0	0.0	0.0	0.0	0.0	0.0	0.0
GSM4138112_HNSCC_2_PBMC_CGTCAGGTCGCCTGTT	0.0	138.90921310024885	0.0	0.0	159.6206339336023	19.132074562292807	0.0	0.0	0.0	0.0	0.0	0.0	0.0	0.0	0.0	0.0	0.0	0.0	0.0	0.0	0.0	0.0	0.0	0.0	0.0	0.0	0.0
GSM4138112_HNSCC_2_PBMC_GCTCCTAGTAAGCACG	96.5386076206807	100.03651369492307	0.0	25.659506389048516	0.0	0.0	0.0	0.0	0.0	0.0	28.35517620372531	0.0	0.0	0.0	0.0	0.0	0.0	0.0	0.0	0.0	0.0	0.0	0.0	0.0	0.0	0.0	0.0
GSM4138112_HNSCC_2_PBMC_TTAGGCATCATGCATG	115.9108009739915	0.0	81.98272227118666	0.0	0.0	0.0	0.0	0.0	0.0	6.634715759951052	8.757590821139456	0.0	0.0	0.0	0.0	0.0	0.0	0.0	0.0	0.0	0.0	0.0	0.0	0.0	0.0	0.0	0.0
GSM4138112_HNSCC_2_PBMC_AAACCTGTCTTTCCTC	110.3843632528215	53.76765894244097	43.26337951060825	16.26319980665501	0.0	36.449503771517556	0.0	0.0	0.0	0.0	0.0	0.0	0.0	0.0	0.0	0.0	0.0	0.0	0.0	0.0	0.0	0.0	0.0	0.0	0.0	0.0	0.0
GSM4138112_HNSCC_2_PBMC_AATCGGTTCTGCAGTA	67.12124290842833	68.4723539801458	52.52798775533667	0.0	53.852635106640165	0.0	0.0	0.0	0.0	0.0	36.76960100350063	0.0	0.0	0.0	0.0	0.0	0.0	0.0	0.0	0.0	0.0	0.0	0.0	0.0	0.0	0.0	0.0
GSM4138112_HNSCC_2_PBMC_ACACTGAAGCCGCCTA	183.42850027567448	0.0	142.48725860926413	0.0	0.0	69.01616804752504	0.0	0.0	0.0	0.0	0.0	0.0	0.0	0.0	0.0	0.0	0.0	2.064874623791995	0.0	0.0	0.0	0.0	0.0	0.0	0.0	0.0	0.0
GSM4138112_HNSCC_2_PBMC_ACTTTCACAGCCTTTC	0.0	0.0	0.0	0.0	0.0	0.0	180.69223939080345	0.0	0.0	0.0	0.0	24.624980573688813	0.0	0.0	0.0	94.59945869648803	0.0	0.0	0.0	0.0	0.0	0.0	0.0	0.0	0.0	0.0	0.0
GSM4138112_HNSCC_2_PBMC_AGACGTTAGCCGTCGT	0.0	0.0	0.0	0.0	0.0	0.0	0.0	136.75933422273624	0.0	0.0	12.269477448008141	0.0	68.71081645362264	0.0	0.0	0.0	0.0	0.0	0.0	0.0	0.0	0.0	0.0	0.0	0.0	0.0	0.0
GSM4138112_HNSCC_2_PBMC_AGATCTGTCCCTCTTT	1.8674650178903647	0.0	88.86927337233931	0.0	0.0	0.0	0.0	87.92798225318334	0.0	0.0	20.95944661086242	0.0	0.0	0.0	0.0	0.0	0.0	0.0	0.0	0.0	0.0	0.0	0.0	0.0	0.0	0.0	0.0
GSM4138112_HNSCC_2_PBMC_ATCGAGTAGGGATCTG	187.1545309411488	0.0	0.0	12.801162615074935	0.0	0.0	0.0	0.0	0.0	0.0	34.772058329347026	0.0	0.0	0.0	0.0	0.0	14.012030884661707	0.0	0.0	0.0	0.0	0.0	0.0	60.04218199193784	46.670750087639206	0.0	0.0
GSM4138112_HNSCC_2_PBMC_ATGCGATGTCAAAGCG	47.288429892869985	0.0	0.0	0.0	0.0	0.0	0.0	0.0	0.0	0.0	16.071468192671066	0.0	17.562543617955374	0.0	0.0	0.0	132.43372321391632	0.0	0.0	0.0	0.0	0.0	0.0	0.0	0.0	0.0	0.0
GSM4138112_HNSCC_2_PBMC_CAAGTTGCACCAGATT	25.337329409689257	121.98507896354556	33.70151794342769	0.0	182.20160478267942	30.422000822607508	0.0	0.0	22.477026844983193	0.0	0.0	9.685978311050713	0.0	0.0	0.0	0.0	0.0	0.0	0.0	0.0	0.0	0.0	0.0	0.0	0.0	0.0	0.0
GSM4138112_HNSCC_2_PBMC_CACATTTTCGCCCTTA	0.0	123.27507858154287	0.0	0.0	0.0	0.0	153.14918978078674	0.0	0.0	0.0	0.0	10.663053487280262	0.0	0.0	0.0	0.0	0.0	0.0	9.799960181742255	0.0	0.0	0.0	0.0	0.0	0.0	0.0	0.0
GSM4138112_HNSCC_2_PBMC_CAGCGACAGAATCTCC	307.20685084841057	112.84791052434745	79.2308364138015	0.0	0.0	0.0	0.0	0.0	0.0	0.0	0.0	50.579179606719	0.0	0.0	0.0	0.0	0.0	0.0	0.0	0.0	0.0	0.0	0.0	0.0	0.0	0.0	0.0
GSM4138112_HNSCC_2_PBMC_CAGCTGGGTAAGTGGC	95.03117780371161	52.809778400098075	0.0	0.0	0.0	0.0	0.0	0.0	0.0	0.0	6.215096694394942	0.0	0.0	0.0	0.0	0.0	0.0	0.0	0.0	0.0	0.0	0.0	0.0	0.0	0.0	0.0	0.0
GSM4138112_HNSCC_2_PBMC_CCAATCCTCAGTTGAC	100.57241296327123	98.22034225892891	0.0	0.0	0.0	0.0	0.0	0.0	0.0	0.0	0.0	14.370218118068077	0.0	0.0	0.0	0.0	0.0	0.0	0.0	0.0	0.0	0.0	0.0	0.0	0.0	0.0	0.0
GSM4138112_HNSCC_2_PBMC_CCTCTGACACCTTGTC	296.86590663138907	0.0	231.38908453913604	0.0	0.0	50.1063421303074	0.0	0.0	0.0	0.0	0.0	0.0	0.0	0.0	0.0	0.0	0.0	0.0	0.0	0.0	0.0	0.0	0.0	0.0	0.0	0.0	0.0
GSM4138112_HNSCC_2_PBMC_CGATGTAAGTACGACG	0.0	0.0	27.4177141742725	52.54273816575569	0.0	0.0	0.0	0.0	132.21483923112683	78.5209934445098	0.0	23.611957067215886	0.0	0.0	0.0	0.0	0.0	0.0	0.0	0.0	0.0	0.0	0.0	0.0	0.0	0.0	0.0
GSM4138112_HNSCC_2_PBMC_CGTGTAAAGACTCGGA	30.606771670300297	116.13625710046827	0.0	138.57934365351065	0.0	0.0	0.0	0.0	0.0	0.0	0.0	33.66969691634747	0.0	0.0	0.0	0.0	0.0	0.0	0.0	0.0	0.0	0.0	0.0	0.0	0.0	0.0	0.0
GSM4138112_HNSCC_2_PBMC_CGTGTCTCACTTAACG	22.554541052186313	81.12400768466786	20.12582649684277	0.0	0.0	0.0	0.0	100.71115873611922	0.0	0.0	0.0	12.208363820335153	16.482855306982408	0.0	0.0	0.0	0.0	0.0	0.0	0.0	0.0	0.0	0.0	0.0	0.0	0.0	0.0
GSM4138112_HNSCC_2_PBMC_CTCCTAGTCAAACAAG	119.2553788544076	8.826411144443748	0.0	21.760545170725734	0.0	0.0	0.0	0.0	0.0	0.0	32.098110782187916	0.0	0.0	0.0	0.0	0.0	0.0	0.0	0.0	0.0	96.30470458750875	0.0	0.0	0.0	0.0	0.0	0.0
GSM4138112_HNSCC_2_PBMC_GATGAGGAGGATGTAT	218.95115118379238	244.9722642415227	0.0	148.65469617504695	0.0	0.0	0.0	15.3344988576872	0.0	0.0	0.0	56.79454474103832	0.0	37.75288667020023	0.0	0.0	0.0	0.0	0.0	0.0	0.0	0.0	0.0	0.0	0.0	0.0	0.0
GSM4138112_HNSCC_2_PBMC_GTCGTAAAGAACTCGG	103.86588662604072	76.80743700622352	0.0	0.0	0.0	12.633480549305009	0.0	0.0	0.0	0.0	0.0	0.0	0.0	0.0	0.0	0.0	0.0	0.0	0.0	0.0	0.0	0.0	0.0	0.0	0.0	0.0	0.0
GSM4138112_HNSCC_2_PBMC_GTGAAGGGTACAGACG	158.19291923293594	81.41681391346496	21.076952250718634	0.0	2.7528966528833676	24.34112330827708	15.397707008116356	0.0	0.0	0.0	0.0	0.0	0.0	0.0	0.0	0.0	0.0	0.0	0.0	0.0	0.0	0.0	0.0	0.0	0.0	0.0	0.0
GSM4138112_HNSCC_2_PBMC_TAAGTGCGTACCGCTG	168.0072538885707	88.27798586739667	37.59896950319224	0.0	0.0	17.664564953029878	0.0	0.0	0.0	0.0	0.0	0.0	0.0	0.0	0.0	0.0	0.0	0.0	0.0	0.0	0.0	0.0	0.0	0.0	0.0	0.0	0.0
GSM4138112_HNSCC_2_PBMC_TACTCATCAAAGGTGC	164.44764841649905	0.0	224.6014803182453	0.0	0.0	0.0	0.0	0.0	109.29233390368235	0.0	0.0	22.147629765279653	0.0	0.0	0.0	0.0	0.0	0.0	0.0	0.0	0.0	0.0	0.0	0.0	0.0	0.0	0.0
GSM4138112_HNSCC_2_PBMC_TATCTCACAATGGTCT	0.0	199.0047071982156	0.0	131.60832484944203	0.0	0.0	0.0	18.6509322213679	0.0	0.0	30.160684815082966	13.361494874319153	0.0	0.0	0.0	0.0	0.0	70.89718503491706	0.0	0.0	0.0	0.0	0.0	0.0	0.0	0.0	0.0
GSM4138112_HNSCC_2_PBMC_TCAGGATAGTAAGTAC	80.89621390189389	74.16021126045581	0.0	0.0	0.0	0.0	0.0	0.0	18.390806378803525	0.0	0.0	25.66857535895802	0.0	0.0	0.0	0.0	0.0	0.0	0.0	0.0	0.0	0.0	0.0	0.0	0.0	0.0	0.0
GSM4138112_HNSCC_2_PBMC_TCATTTGGTGACGGTA	0.0	17.394844041427454	90.17300647817956	0.0	0.0	0.0	0.0	0.0	224.04230918117634	0.0	0.0	22.734047464680497	0.0	0.0	0.0	0.0	0.0	0.0	0.0	0.0	0.0	0.0	0.0	0.0	0.0	0.0	0.0
GSM4138112_HNSCC_2_PBMC_TGATTTCAGCTAACAA	318.76630936582666	0.0	92.60659442898451	0.0	0.0	0.0	0.0	0.0	0.0	0.0	0.0	38.893990272053486	0.0	0.0	134.87850604793564	0.0	0.0	0.0	0.0	0.0	0.0	0.0	0.0	0.0	0.0	0.0	0.0
GSM4138112_HNSCC_2_PBMC_TGCCCATCATCCAACA	0.0	0.0	133.90798852455154	0.0	0.0	1.7699326484408955	0.0	129.6779111219587	0.0	0.0	25.191278500939806	0.0	0.0	0.0	0.0	0.0	0.0	113.39595616344494	0.0	0.0	0.0	0.0	0.0	0.0	0.0	0.0	0.0
GSM4138112_HNSCC_2_PBMC_TGGGCGTTCGCATGGC	0.0	232.19055661252023	0.0	245.0702647653755	0.0	7.88617911780815	0.0	0.0	0.0	0.0	0.0	55.71746101244418	0.0	165.25670404184723	0.0	0.0	0.0	0.0	0.0	0.0	0.0	0.0	0.0	0.0	0.0	0.0	0.0
GSM4138112_HNSCC_2_PBMC_TTTGCGCGTTGGGACA	40.759595535391874	40.05302658465174	0.0	0.0	45.48997203537561	0.0	0.0	0.0	0.0	0.0	0.0	15.406148535936806	0.0	0.0	0.0	0.0	0.0	0.0	0.0	0.0	0.0	0.0	0.0	0.0	0.0	0.0	0.0
GSM4138112_HNSCC_2_PBMC_ACACCGGGTATGCTTG	0.0	0.0	2.1165796050493215	9.624358425766676	0.0	0.0	0.0	0.0	95.0546966715842	0.0	0.0	26.09976252419119	0.0	0.0	0.0	0.0	74.94801644484693	0.0	0.0	0.0	52.77323833406305	0.0	0.0	0.0	0.0	0.0	0.0
GSM4138112_HNSCC_2_PBMC_AGCAGCCAGGATGGTC	0.0	95.9804912791564	0.0	0.0	0.0	16.381140960262016	0.0	0.0	138.08384741972066	0.0	0.0	0.0	0.0	0.0	0.0	0.0	0.0	0.0	0.0	0.0	0.0	0.0	0.0	0.0	0.0	0.0	0.0
GSM4138112_HNSCC_2_PBMC_ATAGACCGTTACTGAC	49.776801210398105	96.20827343295231	0.0	0.0	0.0	0.0	0.0	0.0	0.0	0.0	0.0	11.368017670435956	0.0	0.0	0.0	0.0	0.0	0.0	0.0	0.0	0.0	0.0	0.0	0.0	0.0	0.0	0.0
GSM4138112_HNSCC_2_PBMC_CAAGTTGTCCAAACAC	0.0	53.50768960551998	0.0	59.470789661785666	0.0	0.0	0.0	0.0	9.233915017950313	0.0	0.0	6.291001115047326	0.0	0.0	0.0	0.0	0.0	0.0	0.0	0.0	0.0	0.0	0.0	0.0	0.0	0.0	0.0
GSM4138112_HNSCC_2_PBMC_CATCCACAGTCGTACT	142.39963028368908	0.0	128.05692745417394	3.915219452154114	0.0	0.0	0.0	0.0	0.0	0.0	0.0	10.742410272407916	0.0	0.0	0.0	0.0	0.0	2.659737156972491	0.0	0.0	10.253875655433848	0.0	0.0	0.0	0.0	0.0	0.0
GSM4138112_HNSCC_2_PBMC_CCGTGGACATATACCG	80.36504513239149	153.5976639918486	0.0	0.0	108.02868784993392	21.03490041922742	0.0	0.0	0.0	0.0	0.0	9.162426637038234	0.0	0.0	0.0	0.0	0.0	0.0	0.0	0.0	0.0	0.0	0.0	0.0	0.0	0.0	0.0
GSM4138112_HNSCC_2_PBMC_CCTCTGAGTTCGGGCT	0.0	0.0	3.3941805628678985	170.17343148330247	0.0	13.54458356124208	0.0	0.0	0.0	57.809710505965604	17.413271671340627	0.0	0.0	0.0	0.0	20.793167362671593	0.0	0.0	0.0	0.0	0.0	0.0	0.0	0.0	0.0	0.0	0.0
GSM4138112_HNSCC_2_PBMC_CCTTCGATCGGCTTGG	112.60951052495108	0.0	107.95417395714418	30.4452298538972	0.0	43.95820396228718	0.0	0.0	0.0	0.0	0.0	0.0	0.0	0.0	0.0	0.0	0.0	0.0	0.0	0.0	0.0	0.0	0.0	0.0	0.0	0.0	0.0
GSM4138112_HNSCC_2_PBMC_CTGATAGCAAGAAAGG	0.0	5.8251067777472905	1.0414882322414785	0.0	0.0	15.530200981172547	13.56892781009847	0.0	0.0	0.0	0.0	0.0	0.0	0.0	0.0	0.0	0.0	50.863016954112055	0.0	16.866049385100908	69.1827929865589	0.0	14.03519532007885	0.0	0.0	0.0	0.0
GSM4138112_HNSCC_2_PBMC_GCCTCTATCATGTGGT	325.5969467689484	253.9487835911944	0.0	0.0	0.0	0.0	0.0	0.0	0.0	0.0	0.0	53.911410968420974	0.0	0.0	0.0	0.0	0.0	0.0	0.0	0.0	0.0	0.0	0.0	0.0	0.0	0.0	0.0
GSM4138112_HNSCC_2_PBMC_GGGATGACAAGCGATG	0.0	0.0	95.79479481011225	19.651681595854196	0.0	0.0	0.0	0.0	194.03212335250063	0.0	31.716337837397926	0.0	21.494647812387562	0.0	0.0	0.0	0.0	0.0	0.0	0.0	0.0	0.0	0.0	0.0	0.0	0.0	0.0
GSM4138112_HNSCC_2_PBMC_GGGTTGCGTTTGGCGC	157.04468387743913	79.66587527531824	23.740745467869267	0.0	0.0	33.654940428802576	0.0	0.0	0.0	0.0	0.0	0.0	0.0	0.0	0.0	0.0	0.0	0.0	0.0	0.0	0.0	0.0	0.0	0.0	0.0	0.0	0.0
GSM4138112_HNSCC_2_PBMC_GTCATTTTCACGCGGT	160.30390174009324	39.20418618820136	38.80152074816856	0.0	0.0	0.0	0.0	0.0	0.0	0.0	28.536499053614264	0.0	0.0	0.0	0.0	0.0	0.0	0.0	0.0	0.0	0.0	0.0	0.0	0.0	0.0	0.0	0.0
GSM4138112_HNSCC_2_PBMC_TCCCGATGTGCGATAG	31.07393886587907	53.770574754231205	0.0	0.0	79.60038087531137	0.0	0.0	1.7655106785941708	0.0	0.0	0.0	11.143293130448923	0.0	0.0	0.0	0.0	0.0	0.0	0.0	0.0	0.0	0.0	0.0	0.0	0.0	0.0	0.0
GSM4138112_HNSCC_2_PBMC_TCGTACCTCAGCTCGG	243.03909868382098	0.0	0.0	0.0	0.0	0.0	0.0	0.0	0.0	0.0	50.92980070408639	0.0	0.0	0.0	0.0	199.7651257480169	0.0	0.0	0.0	0.0	0.0	0.0	0.0	0.0	0.0	0.0	0.0
GSM4138112_HNSCC_2_PBMC_TCTCATATCACAAACC	96.68164954997083	135.8314777170868	0.0	0.0	0.0	52.282483216416075	0.0	0.0	0.0	0.0	0.0	0.0	0.0	149.90984218892066	0.0	0.0	0.0	0.0	0.0	0.0	0.0	0.0	0.0	0.0	0.0	0.0	0.0
GSM4138112_HNSCC_2_PBMC_AACTGGTCATAACCTG	386.50145326958466	43.27032373650866	204.1915588520169	0.0	0.0	0.0	0.0	0.0	0.0	0.0	0.0	86.15733268982106	0.0	0.0	0.0	0.0	0.0	0.0	0.0	0.0	0.0	0.0	0.0	0.0	0.0	0.0	0.0
GSM4138112_HNSCC_2_PBMC_ACTGAACGTCTTGTCC	423.0476043883943	317.0372792705887	0.0	0.0	0.0	0.0	0.0	0.0	0.0	0.0	85.12990833975111	0.0	0.0	0.0	0.0	0.0	0.0	0.0	0.0	0.0	0.0	0.0	0.0	0.0	0.0	0.0	0.0
GSM4138112_HNSCC_2_PBMC_CGTCAGGCAGGAACGT	0.0	0.0	0.0	172.95035200887585	0.0	0.0	0.0	0.0	345.9585894435151	0.0	0.0	42.9037588532435	0.0	0.0	236.36547382355857	0.0	0.0	0.0	0.0	0.0	0.0	0.0	0.0	0.0	0.0	0.0	0.0
GSM4138112_HNSCC_2_PBMC_GAGGTGACAGGATCGA	245.21172848106193	0.0	97.08714397605813	0.0	0.0	0.0	0.0	0.0	0.0	0.0	44.09633935022355	0.0	0.0	0.0	75.24440962507042	0.0	0.0	0.0	0.0	0.0	0.0	0.0	0.0	0.0	0.0	0.0	0.0
GSM4138112_HNSCC_2_PBMC_GATCAGTAGCGATTCT	473.2519033637492	29.99723963122231	308.95631476599885	0.0	0.0	21.972651828985185	0.0	0.0	0.0	0.0	0.0	26.431980913019608	0.0	0.0	0.0	0.0	0.0	0.0	0.0	0.0	0.0	0.0	0.0	0.0	0.0	0.0	0.0
GSM4138112_HNSCC_2_PBMC_GCAAACTTCGTGGACC	0.0	0.0	0.0	0.0	0.0	91.99943281621843	77.37747041887091	381.8200908798652	0.0	0.0	0.0	0.0	359.2360045794257	85.49519651436982	0.0	0.0	0.0	0.0	0.0	0.0	0.0	0.0	0.0	0.0	0.0	0.0	0.0
GSM4138112_HNSCC_2_PBMC_GCATACAAGGCTACGA	225.33029176380933	400.3195074346455	0.0	234.0238702702915	0.0	0.0	0.0	0.0	0.0	0.0	0.0	64.53336637965319	0.0	0.0	0.0	0.0	0.0	0.0	0.0	0.0	0.0	0.0	0.0	0.0	0.0	0.0	0.0
GSM4138112_HNSCC_2_PBMC_GCTTGAAAGGAATGGA	263.24315664077875	0.0	0.0	0.0	0.0	0.0	0.0	0.0	0.0	0.0	0.0	28.957720402977486	0.0	0.0	0.0	0.0	0.0	0.0	0.0	0.0	0.0	0.0	0.0	305.0667523900757	0.0	0.0	0.0
GSM4138112_HNSCC_2_PBMC_GTCATTTCAGCTCGAC	355.3825897768225	113.98987515640911	185.57239960008832	0.0	0.0	0.0	0.0	0.0	0.0	0.0	0.0	53.421077681009585	0.0	0.0	0.0	1.4054892321748838	0.0	0.0	0.0	0.0	0.0	0.0	0.0	0.0	0.0	0.0	0.0
GSM4138112_HNSCC_2_PBMC_AATCGGTCAGGCAGTA	584.1063210582383	212.62451177541848	151.43204015486273	0.0	0.0	0.0	0.0	0.0	0.0	0.0	0.0	74.00593190323389	0.0	0.0	0.0	0.0	0.0	0.0	0.0	0.0	0.0	0.0	0.0	0.0	0.0	0.0	0.0
GSM4138112_HNSCC_2_PBMC_ACACCAAGTTCCCTTG	0.0	250.08558205726132	0.0	0.0	0.0	0.0	364.906755446711	0.0	0.0	0.0	0.0	65.69559861636459	0.0	0.0	0.0	0.0	31.050049322492185	0.0	0.0	0.0	0.0	0.0	0.0	0.0	0.0	0.0	0.0
GSM4138112_HNSCC_2_PBMC_ACGTCAACAATAGCAA	404.41069957403505	431.63946329738855	0.0	0.0	0.0	24.206420028660823	0.0	0.0	321.4516534288472	0.0	0.0	87.24436094340409	0.0	0.0	0.0	0.0	0.0	0.0	0.0	0.0	0.0	0.0	0.0	0.0	0.0	0.0	0.0
GSM4138112_HNSCC_2_PBMC_ACTGCTCCACATGGGA	0.0	0.0	0.0	74.66603686317072	0.0	0.0	52.685192196538964	0.0	0.0	0.0	60.55521113469454	0.0	0.0	0.008791285171278578	0.0	0.0	0.0	508.97216617166885	88.38113243623789	0.0	0.0	337.099282371886	0.0	0.0	0.0	0.0	0.0
GSM4138112_HNSCC_2_PBMC_AGGGATGTCTCTTGAT	0.0	0.0	0.0	0.0	0.0	25.8532720645769	0.0	0.0	0.0	0.0	0.0	31.47299894115088	205.1759050629132	0.0	0.0	0.0	0.0	0.0	0.0	0.0	0.0	0.0	347.28420717145787	0.0	0.0	0.0	0.0
GSM4138112_HNSCC_2_PBMC_ATCTGCCTCGTGGACC	357.7110416300856	0.0	273.8916348020305	0.0	0.0	0.0	0.0	0.0	0.0	0.0	0.0	37.92665787129875	0.0	0.0	0.0	0.0	0.0	0.0	0.0	0.0	0.0	0.0	0.0	0.0	0.0	0.0	0.0
GSM4138112_HNSCC_2_PBMC_CCCAGTTTCACGCATA	0.0	0.0	0.0	0.0	0.0	0.0	0.0	0.0	0.0	0.0	80.0442031502167	0.0	0.0	667.7615769455434	0.0	426.4375227677852	0.0	0.0	0.0	0.0	0.0	0.0	0.0	0.0	0.0	0.0	0.0
GSM4138112_HNSCC_2_PBMC_CTGAAGTCACGAGAGT	0.0	311.0567924675441	7.336898789672501	158.76772818889924	0.0	49.73241658212241	0.0	0.0	0.0	0.0	0.0	0.0	0.0	0.0	0.0	0.0	0.0	0.0	0.0	351.2547876745871	0.0	0.0	0.0	0.0	0.0	0.0	0.0
GSM4138112_HNSCC_2_PBMC_CTGATAGCACCGCTAG	93.8361944002961	0.0	0.0	0.0	0.0	46.26079552470113	0.0	0.0	0.0	0.0	0.0	0.0	211.05530107592364	205.5335328135809	0.0	0.0	13.573335694384332	0.0	0.0	0.0	0.0	0.0	0.0	0.0	0.0	0.0	0.0
GSM4138112_HNSCC_2_PBMC_CTGCTGTGTCCGAACC	106.29441757122311	0.0	0.0	55.350044353373555	0.0	0.0	0.0	0.0	76.81888315700613	199.66467969172714	32.323946144601	0.0	0.0	0.0	0.0	0.0	0.0	0.0	0.0	0.0	0.0	0.0	0.0	0.0	0.0	0.0	0.0
GSM4138112_HNSCC_2_PBMC_GACGGCTAGCGTAATA	0.0	0.0	0.0	0.0	495.41996605450714	0.0	0.0	0.0	0.0	370.7144257603579	0.0	79.23789282561904	0.0	0.0	0.0	0.0	0.0	0.0	0.0	0.0	0.0	0.0	0.0	0.0	0.0	0.0	0.0
GSM4138112_HNSCC_2_PBMC_GATCGTACAAGACACG	245.69060562415268	321.264163118293	0.0	0.0	0.0	0.0	0.0	0.0	0.0	0.0	0.0	54.4400043474737	0.0	0.0	0.0	0.0	0.0	0.0	0.0	0.0	0.0	0.0	0.0	0.0	0.0	0.0	0.0
GSM4138112_HNSCC_2_PBMC_TAGACCAAGGCCGAAT	87.80927527974693	326.01509951517943	59.69549052416436	0.0	0.0	0.0	51.9955965395847	345.76707674349643	0.0	0.0	12.895487596844147	80.08946682114154	0.0	0.0	0.0	38.948368348922905	0.0	168.1524726575751	0.0	0.0	0.0	0.0	0.0	0.0	0.0	0.0	0.0
GSM4138112_HNSCC_2_PBMC_TGCGTGGTCACCTTAT	0.0	0.0	0.0	581.4306119101511	0.0	0.0	0.0	0.0	0.0	0.0	87.84743075451841	0.0	393.6065209190442	0.0	0.0	0.0	0.0	0.0	0.0	0.0	0.0	0.0	0.0	0.0	0.0	0.0	0.0
GSM4138112_HNSCC_2_PBMC_AAACCTGCATTATCTC	20.497486304447754	209.98292633189783	0.0	0.0	253.3289374861729	0.0	0.0	0.0	10.40051544224733	0.0	151.32198712203805	0.0	0.0	0.0	0.0	0.0	0.0	0.0	0.0	0.0	0.0	0.0	0.0	0.0	0.0	0.0	0.0
GSM4138112_HNSCC_2_PBMC_AACGTTGTCATGTCTT	0.0	218.06097163624636	0.0	0.0	0.0	0.0	0.0	0.0	0.0	0.0	149.20913408456298	0.0	0.0	0.0	0.0	0.0	0.0	0.0	0.0	0.0	0.0	0.0	383.75822638617194	0.0	0.0	0.0	0.0
GSM4138112_HNSCC_2_PBMC_AACTCTTGTATAGGTA	0.0	0.0	0.0	90.36982180136	0.0	0.0	0.0	205.00894779504858	0.0	231.52207078064126	135.6165310585719	0.0	0.0	0.0	0.0	0.0	0.0	0.0	0.0	0.0	0.0	0.0	0.0	0.0	0.0	0.0	0.0
GSM4138112_HNSCC_2_PBMC_ACGATGTTCTGGTATG	329.8985833207439	190.33322901531733	0.0	0.0	0.0	140.9985231739654	0.0	0.0	0.0	0.0	0.0	0.0	0.0	0.0	0.0	0.0	0.0	0.0	0.0	0.0	0.0	0.0	0.0	0.0	0.0	0.0	0.0
GSM4138112_HNSCC_2_PBMC_ACTGAGTAGGAGTACC	190.72934537675465	6.188965112783889	167.6040633116791	156.57940055276214	0.0	0.0	0.0	0.0	0.0	0.0	151.96670303639272	0.0	0.0	0.0	0.0	0.0	0.0	0.0	0.0	0.0	0.0	0.0	0.0	0.0	0.0	0.0	0.0
GSM4138112_HNSCC_2_PBMC_AGCATACCAAAGGCGT	0.0	146.02080925956383	8.903352902617952	0.0	0.0	0.0	0.0	0.0	0.0	28.66677059968301	118.28420949093878	0.0	0.0	344.2767961884452	0.0	0.0	0.0	0.0	0.0	0.0	0.0	0.0	0.0	0.0	0.0	0.0	0.0
GSM4138112_HNSCC_2_PBMC_ATCATGGGTCAAAGAT	264.4374228540617	102.59853513522997	43.35992249131033	0.0	0.0	28.894980057093353	0.0	0.0	0.0	15.083612252201245	101.38500710726551	3.6756711922348955	0.0	0.0	0.0	0.0	0.0	0.0	0.0	0.0	0.0	0.0	0.0	0.0	0.0	0.0	0.0
GSM4138112_HNSCC_2_PBMC_ATCCGAACATAACCTG	255.00930138297042	206.6347286099306	0.0	0.0	0.0	66.54425891334357	0.0	0.0	0.0	0.0	40.1420504501776	0.0	0.0	0.0	0.0	0.0	0.0	0.0	0.0	0.0	0.0	0.0	0.0	0.0	0.0	0.0	0.0
GSM4138112_HNSCC_2_PBMC_ATGAGGGAGACTAGGC	85.02197748481952	0.0	36.12316983260764	128.23654895886168	0.0	6.877156189821005	0.0	0.0	0.0	78.21291651243857	71.48849198033669	0.0	0.0	0.0	0.0	0.0	25.552542610442917	0.0	0.0	0.0	0.0	0.0	0.0	0.0	0.0	0.0	0.0
GSM4138112_HNSCC_2_PBMC_CAGCTGGGTACCATCA	0.0	15.597793788489449	46.12277617025648	0.0	0.0	66.5304871008849	121.18734111582961	0.0	2.705330652418797	83.8844627812114	0.09198634138657535	0.0	0.0	50.35193460375499	0.0	0.0	1.0075127343122277	0.0	0.0	0.0	0.0	0.0	0.0	0.0	0.0	0.0	0.0
GSM4138112_HNSCC_2_PBMC_CATCCACAGCGTCAAG	292.9188328296768	224.26387896673984	155.5919136410257	222.257701822243	0.0	0.0	0.0	0.0	0.0	0.0	141.61167152917685	0.0	0.0	0.0	0.0	0.0	0.0	0.0	0.0	0.0	0.0	0.0	0.0	0.0	0.0	0.0	0.0
GSM4138112_HNSCC_2_PBMC_CCGTTCATCTGTGCAA	308.0069040414651	128.22721194703934	0.0	0.0	20.23520248231583	178.8807719623803	0.0	0.0	0.0	54.71228388578786	0.0	0.0	0.0	0.0	54.094775444618854	0.0	0.0	0.0	0.0	0.0	0.0	0.0	0.0	0.0	0.0	0.0	0.0
GSM4138112_HNSCC_2_PBMC_CGGTTAAAGCAATCTC	182.3411102653764	0.0	0.0	0.0	2.9021623025829664	44.02834614737749	0.0	0.0	0.0	0.0	135.14145180340904	0.0	53.36522887937979	0.0	0.0	0.0	0.0	0.0	0.0	0.0	0.0	0.0	0.0	151.85092243722895	0.0	0.0	0.0
GSM4138112_HNSCC_2_PBMC_CTTCTCTCAGAGCCAA	564.1699191369024	350.5893507415098	0.0	0.0	0.0	56.480674026006305	0.0	0.0	0.0	0.0	0.0	45.95253513083624	0.0	0.0	0.0	0.0	0.0	0.0	0.0	0.0	0.0	0.0	0.0	0.0	0.0	0.0	0.0
GSM4138112_HNSCC_2_PBMC_GCACATACAATGAAAC	0.0	173.312356660187	50.04434572471795	0.0	0.0	121.8738235608649	0.0	441.1286440898202	0.0	0.0	0.0	0.0	0.0	0.0	0.0	0.0	0.0	0.0	0.0	0.0	0.0	0.0	0.0	0.0	0.0	0.0	0.0
GSM4138112_HNSCC_2_PBMC_GCTCCTAAGTGAAGTT	109.53891423170134	0.0	0.0	0.0	168.01298484892354	161.6443722295511	0.0	0.0	0.0	0.0	10.29676593873745	0.0	227.9857924382386	0.0	0.0	0.0	0.0	0.0	0.0	0.0	0.0	0.0	0.0	0.0	0.0	0.0	0.0
GSM4138112_HNSCC_2_PBMC_GCTGGGTGTTTCGCTC	304.1487652507638	0.0	101.52843511359622	0.0	0.0	0.0	0.0	0.0	0.0	41.74967916599506	115.09342066132481	0.0	0.0	0.0	0.0	0.0	0.0	0.0	0.0	0.0	0.0	0.0	0.0	0.0	0.0	36.34423169967927	0.0
GSM4138112_HNSCC_2_PBMC_GGATGTTGTGTCGCTG	0.0	96.28764690290788	0.0	0.0	0.0	141.10110262088367	0.0	0.0	0.0	0.0	0.9331092530895909	0.0	0.0	0.0	0.0	0.0	0.0	0.0	0.0	340.1432263226081	0.0	0.0	0.0	0.0	31.962061976590373	0.0	0.0
GSM4138112_HNSCC_2_PBMC_GGCGACTTCTTGTTTG	0.0	0.0	0.0	327.4987676976166	0.0	0.0	0.0	0.0	0.0	0.0	149.25985950656874	0.0	0.0	0.0	206.3493802340439	0.0	0.0	0.0	0.0	0.0	0.0	0.0	0.0	0.0	0.0	0.0	0.0
GSM4138112_HNSCC_2_PBMC_GGCTCGATCATTGCGA	0.0	0.0	0.0	0.0	0.0	1388.456265591786	0.0	0.0	0.0	0.0	38.643668468005785	32.84502331527324	0.0	0.0	0.0	0.0	0.0	0.0	0.0	0.0	0.0	0.0	0.0	0.0	0.0	0.0	0.0
GSM4138112_HNSCC_2_PBMC_GTGTTAGGTCTCAACA	0.0	146.25903951440867	0.0	0.0	0.0	0.0	0.0	0.0	301.08771583594006	0.0	134.0858921026761	0.0	0.0	0.0	35.23358037762661	0.0	0.0	0.0	0.0	0.0	0.0	0.0	0.0	0.0	0.0	0.0	0.0
GSM4138112_HNSCC_2_PBMC_TCAATCTCAGGTTTCA	259.9943792909228	0.0	41.86567878010116	0.0	21.91343010066633	273.58725385461497	0.0	0.0	0.0	56.249611585964004	0.0	0.0	0.0	0.0	0.0	0.0	0.0	0.0	0.0	0.0	0.0	0.0	0.0	0.0	0.0	0.0	0.0
GSM4138112_HNSCC_2_PBMC_TCACGAAGTGACGCCT	344.1231367806101	0.0	225.7451078512541	0.0	0.0	11.794158021559705	0.0	0.0	0.0	0.0	0.0	132.42386087858307	0.0	0.0	0.0	0.0	0.0	0.0	0.0	12.977141201436627	0.0	0.0	0.0	0.0	0.0	0.0	0.0
GSM4138112_HNSCC_2_PBMC_TGCGCAGTCCAAGTAC	213.56899574366284	0.0	0.0	0.0	0.0	0.0	0.0	0.0	0.0	0.0	163.9254948090092	0.0	0.0	0.0	0.0	0.0	0.0	0.0	0.0	146.82803119921667	0.0	263.3568305793814	0.0	0.0	0.0	0.0	0.0
GSM4138112_HNSCC_2_PBMC_TTCTCCTAGTACGTTC	275.9904623571268	243.7467917943014	0.0	0.0	17.101347715019937	131.62463464263135	0.0	0.0	0.0	0.0	0.0	0.0	0.0	0.0	0.0	0.0	0.0	0.0	0.0	0.0	0.0	0.0	0.0	0.0	0.0	0.0	0.0
GSM4138112_HNSCC_2_PBMC_TTTACTGAGACTGTAA	321.74118438085065	245.93550132707324	77.12655414290666	158.92867678159936	0.0	113.10421889247543	0.0	72.78035449408938	0.0	0.0	72.28727929644818	0.0	0.0	0.0	0.0	0.0	0.0	0.0	0.0	0.0	0.0	0.0	0.0	0.0	0.0	0.0	0.0
GSM4138112_HNSCC_2_PBMC_AGCAGCCTCCGTAGGC	0.0	28.54354989252495	0.0	0.0	0.0	0.0	0.0	0.0	0.0	0.0	0.0	0.0	3246.1145234908117	0.0	0.009929161855598997	0.0	0.0	0.0	0.0	0.0	0.0	0.0	0.0	176.8589574627733	0.0	0.0	0.0
GSM4138112_HNSCC_2_PBMC_CAGCGACAGACACGAC	3934.261048464035	0.0	0.0	0.0	0.0	0.0	82.04021904609306	452.7477418985421	0.0	0.0	0.0	0.0	0.0	0.0	0.0	0.0	0.0	0.0	0.0	0.0	0.0	0.0	25.438719675272942	0.0	0.0	0.0	0.0
